0 1 451.79257605171307
0 2 449.8305136150391
0 3 397.0853542376109
0 4 386.55820823932163
0 5 386.55820823932163
0 6 386.55820823932163
0 7 386.55820823932163
0 8 386.55820823932163
0 9 386.55820823932163
0 10 383.1473318509775
0 11 383.1473318509775
0 12 383.1473318509775
0 13 383.1473318509775
0 14 383.1473318509775
0 15 383.1473318509775
0 16 383.1473318509775
0 17 383.1473318509775
0 18 383.1473318509775
0 19 383.1473318509775
0 20 383.1473318509775
0 21 383.1473318509775
0 22 383.1473318509775
0 23 373.6889036046478
0 24 373.6889036046478
0 25 373.6889036046478
0 26 373.6889036046478
0 27 373.6889036046478
0 28 373.6889036046478
0 29 373.6889036046478
0 30 353.38305943181695
0 31 353.38305943181695
0 32 330.929181291335
0 33 330.929181291335
0 34 330.929181291335
0 35 330.929181291335
0 36 330.929181291335
0 37 330.929181291335
0 38 330.929181291335
0 39 330.929181291335
0 40 330.929181291335
0 41 330.929181291335
0 42 330.929181291335
0 43 330.929181291335
0 44 330.929181291335
1 45 330.929181291335
1 46 330.929181291335
1 47 330.929181291335
1 48 330.929181291335
1 49 330.929181291335
1 50 330.929181291335
1 51 330.929181291335
1 52 330.929181291335
1 53 330.929181291335
1 54 330.929181291335
1 55 330.929181291335
1 56 330.929181291335
1 57 330.929181291335
1 58 330.929181291335
1 59 330.929181291335
1 60 330.929181291335
1 61 330.929181291335
1 62 330.929181291335
1 63 330.929181291335
1 64 330.929181291335
1 65 330.929181291335
1 66 330.929181291335
1 67 330.929181291335
1 68 330.929181291335
1 69 330.929181291335
1 70 330.929181291335
1 71 330.929181291335
1 72 330.929181291335
1 73 330.929181291335
1 74 330.929181291335
1 75 330.929181291335
1 76 330.929181291335
1 77 330.929181291335
1 78 330.929181291335
1 79 330.929181291335
1 80 330.929181291335
1 81 330.929181291335
1 82 330.929181291335
1 83 330.929181291335
1 84 330.929181291335
1 85 330.929181291335
1 86 330.929181291335
1 87 330.929181291335
1 88 330.929181291335
1 89 330.929181291335
1 90 330.929181291335
1 91 330.929181291335
1 92 330.929181291335
1 93 330.929181291335
1 94 330.929181291335
1 95 330.929181291335
1 96 330.929181291335
1 97 330.929181291335
1 98 330.929181291335
1 99 330.929181291335
1 100 330.929181291335
1 101 330.929181291335
1 102 330.929181291335
1 103 330.929181291335
1 104 330.929181291335
1 105 330.929181291335
1 106 330.929181291335
1 107 330.929181291335
1 108 330.929181291335
1 109 330.929181291335
1 110 330.929181291335
1 111 330.929181291335
1 112 330.929181291335
1 113 330.929181291335
1 114 330.929181291335
1 115 330.929181291335
1 116 330.929181291335
1 117 330.929181291335
1 118 330.929181291335
1 119 330.929181291335
1 120 330.929181291335
1 121 330.929181291335
1 122 330.929181291335
1 123 330.929181291335
1 124 330.929181291335
1 125 330.929181291335
1 126 330.929181291335
1 127 330.929181291335
1 128 330.929181291335
1 129 330.929181291335
1 130 330.929181291335
1 131 330.929181291335
1 132 330.929181291335
1 133 313.90663195236283
1 134 313.90663195236283
1 135 313.90663195236283
1 136 313.90663195236283
1 137 313.90663195236283
1 138 313.90663195236283
1 139 313.90663195236283
1 140 313.90663195236283
1 141 313.90663195236283
1 142 313.90663195236283
1 143 313.90663195236283
1 144 313.90663195236283
1 145 313.90663195236283
1 146 313.90663195236283
1 147 313.90663195236283
1 148 313.90663195236283
1 149 313.90663195236283
1 150 313.90663195236283
1 151 313.90663195236283
1 152 313.90663195236283
1 153 313.90663195236283
1 154 313.90663195236283
1 155 313.90663195236283
1 156 313.90663195236283
1 157 313.90663195236283
1 158 313.90663195236283
1 159 313.90663195236283
1 160 313.90663195236283
1 161 313.90663195236283
1 162 313.90663195236283
1 163 313.90663195236283
1 164 313.90663195236283
1 165 313.90663195236283
1 166 313.90663195236283
2 167 313.90663195236283
2 168 313.90663195236283
2 169 313.90663195236283
2 170 313.90663195236283
2 171 313.90663195236283
2 172 313.90663195236283
2 173 313.90663195236283
2 174 313.90663195236283
2 175 313.90663195236283
2 176 313.90663195236283
2 177 313.90663195236283
2 178 313.90663195236283
2 179 313.90663195236283
2 180 313.90663195236283
2 181 313.90663195236283
2 182 313.90663195236283
2 183 313.90663195236283
2 184 313.90663195236283
2 185 313.90663195236283
2 186 313.90663195236283
2 187 313.90663195236283
2 188 313.90663195236283
2 189 313.90663195236283
2 190 313.90663195236283
2 191 313.90663195236283
2 192 313.90663195236283
2 193 313.90663195236283
2 194 313.90663195236283
2 195 313.90663195236283
2 196 313.90663195236283
2 197 313.90663195236283
2 198 313.90663195236283
2 199 313.90663195236283
2 200 313.90663195236283
2 201 313.90663195236283
2 202 313.90663195236283
2 203 313.90663195236283
2 204 313.90663195236283
2 205 313.90663195236283
2 206 313.90663195236283
2 207 313.90663195236283
2 208 313.90663195236283
2 209 313.90663195236283
2 210 313.90663195236283
2 211 313.90663195236283
2 212 313.90663195236283
2 213 313.90663195236283
2 214 313.90663195236283
2 215 313.90663195236283
2 216 313.90663195236283
2 217 313.90663195236283
2 218 313.90663195236283
2 219 313.90663195236283
2 220 313.90663195236283
2 221 313.90663195236283
2 222 313.90663195236283
2 223 313.90663195236283
2 224 313.90663195236283
2 225 313.90663195236283
2 226 313.90663195236283
2 227 313.90663195236283
2 228 313.90663195236283
2 229 313.90663195236283
2 230 313.90663195236283
2 231 313.90663195236283
2 232 313.90663195236283
2 233 313.90663195236283
2 234 313.90663195236283
2 235 313.90663195236283
2 236 313.90663195236283
2 237 313.90663195236283
2 238 313.90663195236283
2 239 313.90663195236283
2 240 313.90663195236283
2 241 313.90663195236283
2 242 313.90663195236283
2 243 313.90663195236283
2 244 313.90663195236283
2 245 313.90663195236283
2 246 313.90663195236283
2 247 313.90663195236283
2 248 313.90663195236283
2 249 313.90663195236283
2 250 313.90663195236283
2 251 313.90663195236283
2 252 313.90663195236283
2 253 313.90663195236283
2 254 313.90663195236283
2 255 313.90663195236283
2 256 313.90663195236283
2 257 313.90663195236283
2 258 313.90663195236283
2 259 313.90663195236283
2 260 313.90663195236283
2 261 313.90663195236283
2 262 313.90663195236283
2 263 313.90663195236283
2 264 313.90663195236283
2 265 313.90663195236283
2 266 313.90663195236283
2 267 313.90663195236283
2 268 313.90663195236283
2 269 313.90663195236283
2 270 313.90663195236283
2 271 313.90663195236283
2 272 313.90663195236283
2 273 313.90663195236283
2 274 313.90663195236283
2 275 313.90663195236283
2 276 313.90663195236283
2 277 313.90663195236283
2 278 313.90663195236283
2 279 313.90663195236283
2 280 313.90663195236283
2 281 313.90663195236283
2 282 313.90663195236283
2 283 313.90663195236283
2 284 313.90663195236283
2 285 313.90663195236283
2 286 313.90663195236283
2 287 313.90663195236283
2 288 313.90663195236283
2 289 313.90663195236283
2 290 313.90663195236283
2 291 313.90663195236283
3 292 313.90663195236283
3 293 313.90663195236283
3 294 313.90663195236283
3 295 313.90663195236283
3 296 313.90663195236283
3 297 313.90663195236283
3 298 313.90663195236283
3 299 313.90663195236283
3 300 313.90663195236283
3 301 313.90663195236283
3 302 313.90663195236283
3 303 313.90663195236283
3 304 313.90663195236283
3 305 313.90663195236283
3 306 313.90663195236283
3 307 313.90663195236283
3 308 313.90663195236283
3 309 313.90663195236283
3 310 313.90663195236283
3 311 313.90663195236283
3 312 313.90663195236283
3 313 313.90663195236283
3 314 313.90663195236283
3 315 313.90663195236283
3 316 313.90663195236283
3 317 313.90663195236283
3 318 313.90663195236283
3 319 313.90663195236283
3 320 313.90663195236283
3 321 313.90663195236283
3 322 313.90663195236283
3 323 313.90663195236283
3 324 313.90663195236283
3 325 313.90663195236283
3 326 313.90663195236283
3 327 313.90663195236283
3 328 313.90663195236283
3 329 313.90663195236283
3 330 313.90663195236283
3 331 313.90663195236283
3 332 313.90663195236283
3 333 313.90663195236283
3 334 313.90663195236283
3 335 313.90663195236283
3 336 313.90663195236283
3 337 313.90663195236283
3 338 313.90663195236283
3 339 313.90663195236283
3 340 313.90663195236283
3 341 313.90663195236283
3 342 313.90663195236283
3 343 313.90663195236283
3 344 313.90663195236283
3 345 313.90663195236283
3 346 313.90663195236283
3 347 313.90663195236283
3 348 313.90663195236283
3 349 313.90663195236283
3 350 313.90663195236283
3 351 313.90663195236283
3 352 313.90663195236283
3 353 313.90663195236283
3 354 313.90663195236283
3 355 313.90663195236283
3 356 313.90663195236283
3 357 313.90663195236283
3 358 313.90663195236283
3 359 313.90663195236283
3 360 313.90663195236283
3 361 313.90663195236283
3 362 313.90663195236283
3 363 313.90663195236283
3 364 313.90663195236283
3 365 313.90663195236283
3 366 313.90663195236283
3 367 313.90663195236283
3 368 313.90663195236283
3 369 313.90663195236283
3 370 313.90663195236283
3 371 313.90663195236283
3 372 313.90663195236283
3 373 313.90663195236283
3 374 313.90663195236283
3 375 313.90663195236283
3 376 313.90663195236283
3 377 313.90663195236283
3 378 313.90663195236283
3 379 313.90663195236283
3 380 313.90663195236283
3 381 313.90663195236283
3 382 313.90663195236283
3 383 313.90663195236283
3 384 313.90663195236283
3 385 313.90663195236283
3 386 313.90663195236283
3 387 313.90663195236283
3 388 313.90663195236283
3 389 313.90663195236283
3 390 313.90663195236283
3 391 313.90663195236283
3 392 313.90663195236283
3 393 313.90663195236283
3 394 313.90663195236283
3 395 313.90663195236283
3 396 313.90663195236283
3 397 313.90663195236283
3 398 313.90663195236283
3 399 313.90663195236283
3 400 313.90663195236283
3 401 313.90663195236283
3 402 313.90663195236283
3 403 313.90663195236283
3 404 313.90663195236283
3 405 313.90663195236283
3 406 313.90663195236283
3 407 313.90663195236283
3 408 313.90663195236283
3 409 313.90663195236283
3 410 313.90663195236283
3 411 313.90663195236283
3 412 313.90663195236283
3 413 313.90663195236283
3 414 313.90663195236283
3 415 313.90663195236283
3 416 313.90663195236283
3 417 313.90663195236283
4 418 313.90663195236283
4 419 313.90663195236283
4 420 313.90663195236283
4 421 313.90663195236283
4 422 313.90663195236283
4 423 313.90663195236283
4 424 313.90663195236283
4 425 313.90663195236283
4 426 313.90663195236283
4 427 313.90663195236283
4 428 313.90663195236283
4 429 313.90663195236283
4 430 313.90663195236283
4 431 313.90663195236283
4 432 313.90663195236283
4 433 313.90663195236283
4 434 313.90663195236283
4 435 313.90663195236283
4 436 313.90663195236283
4 437 313.90663195236283
4 438 313.90663195236283
4 439 313.90663195236283
4 440 313.90663195236283
4 441 313.90663195236283
4 442 313.90663195236283
4 443 313.90663195236283
4 444 313.90663195236283
4 445 313.90663195236283
4 446 313.90663195236283
4 447 313.90663195236283
4 448 313.90663195236283
4 449 313.90663195236283
4 450 313.90663195236283
4 451 313.90663195236283
4 452 313.90663195236283
4 453 313.90663195236283
4 454 313.90663195236283
4 455 313.90663195236283
4 456 313.90663195236283
4 457 313.90663195236283
4 458 313.90663195236283
4 459 313.90663195236283
4 460 313.90663195236283
4 461 313.90663195236283
4 462 313.90663195236283
4 463 313.90663195236283
4 464 313.90663195236283
4 465 313.90663195236283
4 466 313.90663195236283
4 467 313.90663195236283
4 468 313.90663195236283
4 469 313.90663195236283
4 470 313.90663195236283
4 471 313.90663195236283
4 472 313.90663195236283
4 473 313.90663195236283
4 474 313.90663195236283
4 475 313.90663195236283
4 476 313.90663195236283
4 477 313.90663195236283
4 478 313.90663195236283
4 479 313.90663195236283
4 480 313.90663195236283
4 481 313.90663195236283
4 482 313.90663195236283
4 483 313.90663195236283
4 484 313.90663195236283
4 485 313.90663195236283
4 486 313.90663195236283
4 487 313.90663195236283
4 488 313.90663195236283
4 489 313.90663195236283
4 490 313.90663195236283
4 491 313.90663195236283
4 492 313.90663195236283
4 493 313.90663195236283
4 494 313.90663195236283
4 495 313.90663195236283
4 496 313.90663195236283
4 497 313.90663195236283
4 498 313.90663195236283
4 499 313.90663195236283
4 500 313.90663195236283
4 501 313.90663195236283
4 502 313.90663195236283
4 503 313.90663195236283
4 504 313.90663195236283
4 505 313.90663195236283
4 506 313.90663195236283
4 507 313.90663195236283
4 508 313.90663195236283
4 509 313.90663195236283
4 510 313.90663195236283
4 511 313.90663195236283
4 512 313.90663195236283
4 513 313.90663195236283
4 514 313.90663195236283
4 515 313.90663195236283
4 516 313.90663195236283
4 517 313.90663195236283
4 518 313.90663195236283
4 519 313.90663195236283
4 520 313.90663195236283
4 521 313.90663195236283
4 522 313.90663195236283
4 523 313.90663195236283
4 524 313.90663195236283
4 525 313.90663195236283
4 526 313.90663195236283
4 527 313.90663195236283
4 528 313.90663195236283
4 529 313.90663195236283
4 530 313.90663195236283
4 531 313.90663195236283
4 532 313.90663195236283
4 533 313.90663195236283
4 534 313.90663195236283
4 535 313.90663195236283
4 536 313.90663195236283
4 537 313.90663195236283
4 538 313.90663195236283
4 539 313.90663195236283
4 540 313.90663195236283
4 541 313.90663195236283
4 542 313.90663195236283
4 543 313.90663195236283
4 544 313.90663195236283
4 545 313.90663195236283
4 546 313.90663195236283
4 547 313.90663195236283
4 548 313.90663195236283
4 549 313.90663195236283
4 550 313.90663195236283
4 551 313.90663195236283
5 552 313.90663195236283
5 553 313.90663195236283
5 554 313.90663195236283
5 555 313.90663195236283
5 556 313.90663195236283
5 557 313.90663195236283
5 558 313.90663195236283
5 559 313.90663195236283
5 560 313.90663195236283
5 561 313.90663195236283
5 562 313.90663195236283
5 563 313.90663195236283
5 564 313.90663195236283
5 565 262.7122648709244
5 566 262.7122648709244
5 567 262.7122648709244
5 568 262.7122648709244
5 569 262.7122648709244
5 570 262.7122648709244
5 571 262.7122648709244
5 572 262.7122648709244
5 573 262.7122648709244
5 574 262.7122648709244
5 575 262.7122648709244
5 576 262.7122648709244
5 577 262.7122648709244
5 578 262.7122648709244
5 579 262.7122648709244
5 580 262.7122648709244
5 581 262.7122648709244
5 582 262.7122648709244
5 583 262.7122648709244
5 584 262.7122648709244
5 585 262.7122648709244
5 586 262.7122648709244
5 587 262.7122648709244
5 588 262.7122648709244
5 589 262.7122648709244
5 590 262.7122648709244
5 591 262.7122648709244
5 592 262.7122648709244
5 593 262.7122648709244
5 594 262.7122648709244
5 595 262.7122648709244
5 596 262.7122648709244
5 597 262.7122648709244
5 598 262.7122648709244
5 599 262.7122648709244
5 600 262.7122648709244
5 601 262.7122648709244
5 602 262.7122648709244
5 603 262.7122648709244
5 604 262.7122648709244
5 605 262.7122648709244
5 606 262.7122648709244
5 607 262.7122648709244
5 608 262.7122648709244
5 609 262.7122648709244
5 610 262.7122648709244
5 611 262.7122648709244
5 612 262.7122648709244
5 613 262.7122648709244
5 614 262.7122648709244
5 615 262.7122648709244
5 616 262.7122648709244
5 617 262.7122648709244
5 618 262.7122648709244
5 619 262.7122648709244
5 620 262.7122648709244
5 621 262.7122648709244
5 622 262.7122648709244
5 623 262.7122648709244
5 624 262.7122648709244
5 625 262.7122648709244
5 626 262.7122648709244
5 627 262.7122648709244
5 628 262.7122648709244
5 629 262.7122648709244
5 630 262.7122648709244
5 631 262.7122648709244
5 632 262.7122648709244
5 633 262.7122648709244
5 634 262.7122648709244
5 635 262.7122648709244
5 636 262.7122648709244
5 637 262.7122648709244
5 638 262.7122648709244
5 639 262.7122648709244
5 640 262.7122648709244
5 641 262.7122648709244
5 642 262.7122648709244
5 643 262.7122648709244
5 644 262.7122648709244
5 645 262.7122648709244
5 646 262.7122648709244
5 647 262.7122648709244
5 648 262.7122648709244
5 649 262.7122648709244
5 650 262.7122648709244
5 651 262.7122648709244
5 652 262.7122648709244
5 653 262.7122648709244
5 654 262.7122648709244
5 655 262.7122648709244
5 656 262.7122648709244
5 657 262.7122648709244
5 658 262.7122648709244
5 659 262.7122648709244
5 660 262.7122648709244
5 661 262.7122648709244
5 662 262.7122648709244
5 663 262.7122648709244
5 664 262.7122648709244
5 665 262.7122648709244
5 666 262.7122648709244
5 667 262.7122648709244
5 668 262.7122648709244
5 669 262.7122648709244
5 670 262.7122648709244
5 671 262.7122648709244
5 672 262.7122648709244
5 673 262.7122648709244
5 674 262.7122648709244
5 675 262.7122648709244
5 676 262.7122648709244
5 677 262.7122648709244
5 678 262.7122648709244
5 679 262.7122648709244
5 680 262.7122648709244
5 681 262.7122648709244
5 682 262.7122648709244
6 683 262.7122648709244
6 684 262.7122648709244
6 685 262.7122648709244
6 686 262.7122648709244
6 687 262.7122648709244
6 688 262.7122648709244
6 689 262.7122648709244
6 690 262.7122648709244
6 691 262.7122648709244
6 692 262.7122648709244
6 693 262.7122648709244
6 694 262.7122648709244
6 695 262.7122648709244
6 696 262.7122648709244
6 697 262.7122648709244
6 698 262.7122648709244
6 699 262.7122648709244
6 700 262.7122648709244
6 701 262.7122648709244
6 702 262.7122648709244
6 703 262.7122648709244
6 704 262.7122648709244
6 705 262.7122648709244
6 706 262.7122648709244
6 707 262.7122648709244
6 708 262.7122648709244
6 709 262.7122648709244
6 710 262.7122648709244
6 711 262.7122648709244
6 712 262.7122648709244
6 713 262.7122648709244
6 714 262.7122648709244
6 715 262.7122648709244
6 716 262.7122648709244
6 717 262.7122648709244
6 718 262.7122648709244
6 719 262.7122648709244
6 720 262.7122648709244
6 721 262.7122648709244
6 722 262.7122648709244
6 723 262.7122648709244
6 724 262.7122648709244
6 725 262.7122648709244
6 726 262.7122648709244
6 727 262.7122648709244
6 728 262.7122648709244
6 729 262.7122648709244
6 730 262.7122648709244
6 731 262.7122648709244
6 732 262.7122648709244
6 733 262.7122648709244
6 734 262.7122648709244
6 735 262.7122648709244
6 736 262.7122648709244
6 737 262.7122648709244
6 738 262.7122648709244
6 739 262.7122648709244
6 740 262.7122648709244
6 741 262.7122648709244
6 742 262.7122648709244
6 743 262.7122648709244
6 744 262.7122648709244
6 745 262.7122648709244
6 746 262.7122648709244
6 747 262.7122648709244
6 748 262.7122648709244
6 749 262.7122648709244
6 750 262.7122648709244
6 751 262.7122648709244
6 752 262.7122648709244
6 753 262.7122648709244
6 754 262.7122648709244
6 755 262.7122648709244
6 756 262.7122648709244
6 757 262.7122648709244
6 758 262.7122648709244
6 759 262.7122648709244
6 760 262.7122648709244
6 761 262.7122648709244
6 762 262.7122648709244
6 763 262.7122648709244
6 764 262.7122648709244
6 765 262.7122648709244
6 766 262.7122648709244
6 767 262.7122648709244
6 768 262.7122648709244
6 769 262.7122648709244
6 770 262.7122648709244
6 771 262.7122648709244
6 772 262.7122648709244
6 773 262.7122648709244
6 774 262.7122648709244
6 775 262.7122648709244
6 776 262.7122648709244
6 777 262.7122648709244
6 778 262.7122648709244
6 779 262.7122648709244
6 780 262.7122648709244
6 781 262.7122648709244
6 782 262.7122648709244
6 783 262.7122648709244
6 784 262.7122648709244
6 785 262.7122648709244
6 786 262.7122648709244
6 787 262.7122648709244
6 788 262.7122648709244
6 789 262.7122648709244
6 790 262.7122648709244
6 791 262.7122648709244
6 792 262.7122648709244
6 793 262.7122648709244
6 794 262.7122648709244
6 795 262.7122648709244
6 796 262.7122648709244
6 797 262.7122648709244
6 798 262.7122648709244
6 799 262.7122648709244
6 800 262.7122648709244
6 801 262.7122648709244
6 802 262.7122648709244
6 803 262.7122648709244
6 804 262.7122648709244
6 805 262.7122648709244
6 806 262.7122648709244
6 807 262.7122648709244
6 808 262.7122648709244
6 809 262.7122648709244
6 810 262.7122648709244
7 811 262.7122648709244
7 812 262.7122648709244
7 813 262.7122648709244
7 814 262.7122648709244
7 815 262.7122648709244
7 816 262.7122648709244
7 817 262.7122648709244
7 818 262.7122648709244
7 819 262.7122648709244
7 820 262.7122648709244
7 821 262.7122648709244
7 822 262.7122648709244
7 823 262.7122648709244
7 824 262.7122648709244
7 825 262.7122648709244
7 826 262.7122648709244
7 827 262.7122648709244
7 828 262.7122648709244
7 829 262.7122648709244
7 830 262.7122648709244
7 831 262.7122648709244
7 832 262.7122648709244
7 833 262.7122648709244
7 834 262.7122648709244
7 835 262.7122648709244
7 836 262.7122648709244
7 837 262.7122648709244
7 838 262.7122648709244
7 839 262.7122648709244
7 840 262.7122648709244
7 841 262.7122648709244
7 842 262.7122648709244
7 843 262.7122648709244
7 844 262.7122648709244
7 845 262.7122648709244
7 846 262.7122648709244
7 847 262.7122648709244
7 848 262.7122648709244
7 849 262.7122648709244
7 850 262.7122648709244
7 851 262.7122648709244
7 852 262.7122648709244
7 853 262.7122648709244
7 854 262.7122648709244
7 855 262.7122648709244
7 856 262.7122648709244
7 857 262.7122648709244
7 858 262.7122648709244
7 859 262.7122648709244
7 860 262.7122648709244
7 861 262.7122648709244
7 862 262.7122648709244
7 863 262.7122648709244
7 864 262.7122648709244
7 865 262.7122648709244
7 866 262.7122648709244
7 867 262.7122648709244
7 868 262.7122648709244
7 869 262.7122648709244
7 870 262.7122648709244
7 871 262.7122648709244
7 872 262.7122648709244
7 873 262.7122648709244
7 874 262.7122648709244
7 875 262.7122648709244
7 876 262.7122648709244
7 877 262.7122648709244
7 878 262.7122648709244
7 879 262.7122648709244
7 880 262.7122648709244
7 881 262.7122648709244
7 882 262.7122648709244
7 883 262.7122648709244
7 884 262.7122648709244
7 885 262.7122648709244
7 886 262.7122648709244
7 887 262.7122648709244
7 888 262.7122648709244
7 889 262.7122648709244
7 890 262.7122648709244
7 891 262.7122648709244
7 892 262.7122648709244
7 893 262.7122648709244
7 894 262.7122648709244
7 895 262.7122648709244
7 896 262.7122648709244
7 897 262.7122648709244
7 898 262.7122648709244
7 899 262.7122648709244
7 900 262.7122648709244
7 901 262.7122648709244
7 902 262.7122648709244
7 903 262.7122648709244
7 904 262.7122648709244
7 905 262.7122648709244
7 906 262.7122648709244
7 907 262.7122648709244
7 908 262.7122648709244
7 909 262.7122648709244
7 910 262.7122648709244
7 911 262.7122648709244
7 912 262.7122648709244
7 913 262.7122648709244
7 914 262.7122648709244
7 915 262.7122648709244
7 916 262.7122648709244
7 917 262.7122648709244
7 918 262.7122648709244
7 919 262.7122648709244
7 920 262.7122648709244
7 921 262.7122648709244
7 922 262.7122648709244
7 923 262.7122648709244
7 924 262.7122648709244
7 925 262.7122648709244
7 926 262.7122648709244
7 927 262.7122648709244
7 928 262.7122648709244
7 929 262.7122648709244
7 930 262.7122648709244
7 931 262.7122648709244
7 932 262.7122648709244
7 933 262.7122648709244
7 934 262.7122648709244
7 935 262.7122648709244
7 936 262.7122648709244
8 937 262.7122648709244
8 938 262.7122648709244
8 939 262.7122648709244
8 940 262.7122648709244
8 941 262.7122648709244
8 942 262.7122648709244
8 943 262.7122648709244
8 944 262.7122648709244
8 945 262.7122648709244
8 946 262.7122648709244
8 947 262.7122648709244
8 948 262.7122648709244
8 949 262.7122648709244
8 950 262.7122648709244
8 951 262.7122648709244
8 952 262.7122648709244
8 953 262.7122648709244
8 954 262.7122648709244
8 955 262.7122648709244
8 956 262.7122648709244
8 957 262.7122648709244
8 958 262.7122648709244
8 959 262.7122648709244
8 960 262.7122648709244
8 961 262.7122648709244
8 962 262.7122648709244
8 963 262.7122648709244
8 964 262.7122648709244
8 965 262.7122648709244
8 966 262.7122648709244
8 967 262.7122648709244
8 968 262.7122648709244
8 969 262.7122648709244
8 970 262.7122648709244
8 971 262.7122648709244
8 972 262.7122648709244
8 973 262.7122648709244
8 974 262.7122648709244
8 975 262.7122648709244
8 976 262.7122648709244
8 977 262.7122648709244
8 978 262.7122648709244
8 979 262.7122648709244
8 980 262.7122648709244
8 981 262.7122648709244
8 982 262.7122648709244
8 983 262.7122648709244
8 984 262.7122648709244
8 985 262.7122648709244
8 986 262.7122648709244
8 987 262.7122648709244
8 988 262.7122648709244
8 989 262.7122648709244
8 990 262.7122648709244
8 991 262.7122648709244
8 992 262.7122648709244
8 993 262.7122648709244
8 994 262.7122648709244
8 995 262.7122648709244
8 996 262.7122648709244
8 997 262.7122648709244
8 998 262.7122648709244
8 999 262.7122648709244
8 1000 262.7122648709244
8 1001 262.7122648709244
8 1002 262.7122648709244
8 1003 262.7122648709244
8 1004 262.7122648709244
8 1005 262.7122648709244
8 1006 262.7122648709244
8 1007 262.7122648709244
8 1008 262.7122648709244
8 1009 262.7122648709244
8 1010 262.7122648709244
8 1011 262.7122648709244
8 1012 262.7122648709244
8 1013 262.7122648709244
8 1014 262.7122648709244
8 1015 262.7122648709244
8 1016 262.7122648709244
8 1017 262.7122648709244
8 1018 262.7122648709244
8 1019 262.7122648709244
8 1020 262.7122648709244
8 1021 262.7122648709244
8 1022 262.7122648709244
8 1023 262.7122648709244
8 1024 262.7122648709244
8 1025 262.7122648709244
8 1026 262.7122648709244
8 1027 262.7122648709244
8 1028 262.7122648709244
8 1029 262.7122648709244
8 1030 262.7122648709244
8 1031 262.7122648709244
8 1032 262.7122648709244
8 1033 262.7122648709244
8 1034 262.7122648709244
8 1035 262.7122648709244
8 1036 262.7122648709244
8 1037 262.7122648709244
8 1038 262.7122648709244
8 1039 262.7122648709244
8 1040 262.7122648709244
8 1041 262.7122648709244
8 1042 262.7122648709244
8 1043 262.7122648709244
8 1044 262.7122648709244
8 1045 262.7122648709244
8 1046 262.7122648709244
8 1047 262.7122648709244
8 1048 262.7122648709244
8 1049 262.7122648709244
8 1050 262.7122648709244
8 1051 262.7122648709244
8 1052 262.7122648709244
8 1053 262.7122648709244
8 1054 262.7122648709244
8 1055 262.7122648709244
8 1056 262.7122648709244
8 1057 262.7122648709244
8 1058 262.7122648709244
8 1059 262.7122648709244
8 1060 262.7122648709244
8 1061 262.7122648709244
8 1062 262.7122648709244
8 1063 262.7122648709244
8 1064 262.7122648709244
9 1065 262.7122648709244
9 1066 262.7122648709244
9 1067 262.7122648709244
9 1068 262.7122648709244
9 1069 262.7122648709244
9 1070 262.7122648709244
9 1071 262.7122648709244
9 1072 262.7122648709244
9 1073 262.7122648709244
9 1074 262.7122648709244
9 1075 262.7122648709244
9 1076 262.7122648709244
9 1077 262.7122648709244
9 1078 262.7122648709244
9 1079 262.7122648709244
9 1080 262.7122648709244
9 1081 262.7122648709244
9 1082 262.7122648709244
9 1083 262.7122648709244
9 1084 262.7122648709244
9 1085 262.7122648709244
9 1086 262.7122648709244
9 1087 262.7122648709244
9 1088 262.7122648709244
9 1089 262.7122648709244
9 1090 262.7122648709244
9 1091 262.7122648709244
9 1092 262.7122648709244
9 1093 262.7122648709244
9 1094 262.7122648709244
9 1095 262.7122648709244
9 1096 262.7122648709244
9 1097 262.7122648709244
9 1098 262.7122648709244
9 1099 262.7122648709244
9 1100 262.7122648709244
9 1101 262.7122648709244
9 1102 262.7122648709244
9 1103 262.7122648709244
9 1104 262.7122648709244
9 1105 262.7122648709244
9 1106 262.7122648709244
9 1107 262.7122648709244
9 1108 262.7122648709244
9 1109 262.7122648709244
9 1110 262.7122648709244
9 1111 262.7122648709244
9 1112 262.7122648709244
9 1113 262.7122648709244
9 1114 262.7122648709244
9 1115 262.7122648709244
9 1116 262.7122648709244
9 1117 262.7122648709244
9 1118 262.7122648709244
9 1119 262.7122648709244
9 1120 262.7122648709244
9 1121 262.7122648709244
9 1122 262.7122648709244
9 1123 262.7122648709244
9 1124 262.7122648709244
9 1125 262.7122648709244
9 1126 262.7122648709244
9 1127 262.7122648709244
9 1128 262.7122648709244
9 1129 262.7122648709244
9 1130 262.7122648709244
9 1131 262.7122648709244
9 1132 262.7122648709244
9 1133 262.7122648709244
9 1134 262.7122648709244
9 1135 262.7122648709244
9 1136 262.7122648709244
9 1137 262.7122648709244
9 1138 262.7122648709244
9 1139 262.7122648709244
9 1140 262.7122648709244
9 1141 262.7122648709244
9 1142 262.7122648709244
9 1143 262.7122648709244
9 1144 262.7122648709244
9 1145 262.7122648709244
9 1146 262.7122648709244
9 1147 262.7122648709244
9 1148 262.7122648709244
9 1149 262.7122648709244
9 1150 262.7122648709244
9 1151 262.7122648709244
9 1152 262.7122648709244
9 1153 262.7122648709244
9 1154 262.7122648709244
9 1155 262.7122648709244
9 1156 262.7122648709244
9 1157 262.7122648709244
9 1158 262.7122648709244
9 1159 262.7122648709244
9 1160 262.7122648709244
9 1161 262.7122648709244
9 1162 262.7122648709244
9 1163 262.7122648709244
9 1164 262.7122648709244
9 1165 262.7122648709244
9 1166 262.7122648709244
9 1167 262.7122648709244
9 1168 262.7122648709244
9 1169 262.7122648709244
9 1170 262.7122648709244
9 1171 262.7122648709244
9 1172 262.7122648709244
9 1173 262.7122648709244
9 1174 262.7122648709244
9 1175 262.7122648709244
9 1176 262.7122648709244
9 1177 262.7122648709244
9 1178 262.7122648709244
9 1179 262.7122648709244
9 1180 262.7122648709244
9 1181 262.7122648709244
9 1182 262.7122648709244
9 1183 262.7122648709244
9 1184 262.7122648709244
9 1185 262.7122648709244
9 1186 262.7122648709244
9 1187 262.7122648709244
9 1188 262.7122648709244
9 1189 262.7122648709244
9 1190 262.7122648709244
9 1191 262.7122648709244
10 1192 262.7122648709244
10 1193 262.7122648709244
10 1194 262.7122648709244
10 1195 262.7122648709244
10 1196 262.7122648709244
10 1197 262.7122648709244
10 1198 262.7122648709244
10 1199 262.7122648709244
10 1200 262.7122648709244
10 1201 262.7122648709244
10 1202 262.7122648709244
10 1203 262.7122648709244
10 1204 262.7122648709244
10 1205 262.7122648709244
10 1206 262.7122648709244
10 1207 262.7122648709244
10 1208 262.7122648709244
10 1209 262.7122648709244
10 1210 262.7122648709244
10 1211 262.7122648709244
10 1212 262.7122648709244
10 1213 262.7122648709244
10 1214 262.7122648709244
10 1215 262.7122648709244
10 1216 262.7122648709244
10 1217 262.7122648709244
10 1218 262.7122648709244
10 1219 262.7122648709244
10 1220 262.7122648709244
10 1221 262.7122648709244
10 1222 262.7122648709244
10 1223 262.7122648709244
10 1224 262.7122648709244
10 1225 262.7122648709244
10 1226 262.7122648709244
10 1227 262.7122648709244
10 1228 262.7122648709244
10 1229 262.7122648709244
10 1230 262.7122648709244
10 1231 262.7122648709244
10 1232 262.7122648709244
10 1233 262.7122648709244
10 1234 262.7122648709244
10 1235 262.7122648709244
10 1236 262.7122648709244
10 1237 262.7122648709244
10 1238 262.7122648709244
10 1239 262.7122648709244
10 1240 262.7122648709244
10 1241 262.7122648709244
10 1242 262.7122648709244
10 1243 262.7122648709244
10 1244 262.7122648709244
10 1245 262.7122648709244
10 1246 262.7122648709244
10 1247 262.7122648709244
10 1248 262.7122648709244
10 1249 262.7122648709244
10 1250 262.7122648709244
10 1251 262.7122648709244
10 1252 262.7122648709244
10 1253 262.7122648709244
10 1254 262.7122648709244
10 1255 262.7122648709244
10 1256 262.7122648709244
10 1257 262.7122648709244
10 1258 262.7122648709244
10 1259 262.7122648709244
10 1260 262.7122648709244
10 1261 262.7122648709244
10 1262 262.7122648709244
10 1263 262.7122648709244
10 1264 262.7122648709244
10 1265 262.7122648709244
10 1266 262.7122648709244
10 1267 262.7122648709244
10 1268 262.7122648709244
10 1269 262.7122648709244
10 1270 262.7122648709244
10 1271 262.7122648709244
10 1272 262.7122648709244
10 1273 262.7122648709244
10 1274 262.7122648709244
10 1275 262.7122648709244
10 1276 262.7122648709244
10 1277 262.7122648709244
10 1278 262.7122648709244
10 1279 262.7122648709244
10 1280 262.7122648709244
10 1281 262.7122648709244
10 1282 262.7122648709244
10 1283 262.7122648709244
10 1284 262.7122648709244
10 1285 262.7122648709244
10 1286 262.7122648709244
10 1287 262.7122648709244
10 1288 262.7122648709244
10 1289 262.7122648709244
10 1290 262.7122648709244
10 1291 262.7122648709244
10 1292 262.7122648709244
10 1293 262.7122648709244
10 1294 262.7122648709244
10 1295 262.7122648709244
10 1296 262.7122648709244
10 1297 262.7122648709244
10 1298 262.7122648709244
10 1299 262.7122648709244
10 1300 262.7122648709244
10 1301 262.7122648709244
10 1302 262.7122648709244
10 1303 262.7122648709244
10 1304 262.7122648709244
10 1305 262.7122648709244
10 1306 262.7122648709244
10 1307 262.7122648709244
10 1308 262.7122648709244
10 1309 262.7122648709244
10 1310 262.7122648709244
10 1311 262.7122648709244
10 1312 262.7122648709244
10 1313 262.7122648709244
10 1314 262.7122648709244
10 1315 262.7122648709244
10 1316 262.7122648709244
10 1317 262.7122648709244
10 1318 262.7122648709244
10 1319 262.7122648709244
10 1320 262.7122648709244
10 1321 262.7122648709244
11 1322 262.7122648709244
11 1323 262.7122648709244
11 1324 262.7122648709244
11 1325 262.7122648709244
11 1326 262.7122648709244
11 1327 262.7122648709244
11 1328 262.7122648709244
11 1329 262.7122648709244
11 1330 262.7122648709244
11 1331 262.7122648709244
11 1332 262.7122648709244
11 1333 262.7122648709244
11 1334 262.7122648709244
11 1335 262.7122648709244
11 1336 262.7122648709244
11 1337 262.7122648709244
11 1338 262.7122648709244
11 1339 262.7122648709244
11 1340 262.7122648709244
11 1341 262.7122648709244
11 1342 262.7122648709244
11 1343 262.7122648709244
11 1344 262.7122648709244
11 1345 262.7122648709244
11 1346 262.7122648709244
11 1347 262.7122648709244
11 1348 262.7122648709244
11 1349 262.7122648709244
11 1350 262.7122648709244
11 1351 262.7122648709244
11 1352 262.7122648709244
11 1353 262.7122648709244
11 1354 262.7122648709244
11 1355 262.7122648709244
11 1356 262.7122648709244
11 1357 262.7122648709244
11 1358 262.7122648709244
11 1359 262.7122648709244
11 1360 262.7122648709244
11 1361 262.7122648709244
11 1362 262.7122648709244
11 1363 262.7122648709244
11 1364 262.7122648709244
11 1365 262.7122648709244
11 1366 262.7122648709244
11 1367 262.7122648709244
11 1368 262.7122648709244
11 1369 262.7122648709244
11 1370 262.7122648709244
11 1371 262.7122648709244
11 1372 262.7122648709244
11 1373 262.7122648709244
11 1374 262.7122648709244
11 1375 262.7122648709244
11 1376 262.7122648709244
11 1377 262.7122648709244
11 1378 262.7122648709244
11 1379 262.7122648709244
11 1380 262.7122648709244
11 1381 262.7122648709244
11 1382 262.7122648709244
11 1383 262.7122648709244
11 1384 262.7122648709244
11 1385 262.7122648709244
11 1386 262.7122648709244
11 1387 262.7122648709244
11 1388 262.7122648709244
11 1389 262.7122648709244
11 1390 262.7122648709244
11 1391 262.7122648709244
11 1392 262.7122648709244
11 1393 262.7122648709244
11 1394 262.7122648709244
11 1395 262.7122648709244
11 1396 262.7122648709244
11 1397 262.7122648709244
11 1398 262.7122648709244
11 1399 262.7122648709244
11 1400 262.7122648709244
11 1401 262.7122648709244
11 1402 262.7122648709244
11 1403 262.7122648709244
11 1404 262.7122648709244
11 1405 262.7122648709244
11 1406 262.7122648709244
11 1407 262.7122648709244
11 1408 262.7122648709244
11 1409 262.7122648709244
11 1410 262.7122648709244
11 1411 262.7122648709244
11 1412 262.7122648709244
11 1413 262.7122648709244
11 1414 262.7122648709244
11 1415 262.7122648709244
11 1416 262.7122648709244
11 1417 262.7122648709244
11 1418 262.7122648709244
11 1419 262.7122648709244
11 1420 262.7122648709244
11 1421 262.7122648709244
11 1422 262.7122648709244
11 1423 262.7122648709244
11 1424 262.7122648709244
11 1425 262.7122648709244
11 1426 262.7122648709244
11 1427 262.7122648709244
11 1428 262.7122648709244
11 1429 262.7122648709244
11 1430 262.7122648709244
11 1431 262.7122648709244
11 1432 262.7122648709244
11 1433 262.7122648709244
11 1434 262.7122648709244
11 1435 262.7122648709244
11 1436 262.7122648709244
11 1437 262.7122648709244
11 1438 262.7122648709244
11 1439 262.7122648709244
11 1440 262.7122648709244
11 1441 262.7122648709244
11 1442 262.7122648709244
11 1443 262.7122648709244
11 1444 262.7122648709244
11 1445 262.7122648709244
11 1446 262.7122648709244
11 1447 262.7122648709244
11 1448 262.7122648709244
11 1449 262.7122648709244
12 1450 262.7122648709244
12 1451 262.7122648709244
12 1452 262.7122648709244
12 1453 262.7122648709244
12 1454 262.7122648709244
12 1455 262.7122648709244
12 1456 262.7122648709244
12 1457 262.7122648709244
12 1458 262.7122648709244
12 1459 262.7122648709244
12 1460 262.7122648709244
12 1461 262.7122648709244
12 1462 262.7122648709244
12 1463 262.7122648709244
12 1464 262.7122648709244
12 1465 262.7122648709244
12 1466 262.7122648709244
12 1467 262.7122648709244
12 1468 262.7122648709244
12 1469 262.7122648709244
12 1470 262.7122648709244
12 1471 262.7122648709244
12 1472 262.7122648709244
12 1473 262.7122648709244
12 1474 262.7122648709244
12 1475 262.7122648709244
12 1476 262.7122648709244
12 1477 262.7122648709244
12 1478 262.7122648709244
12 1479 262.7122648709244
12 1480 262.7122648709244
12 1481 262.7122648709244
12 1482 262.7122648709244
12 1483 262.7122648709244
12 1484 262.7122648709244
12 1485 262.7122648709244
12 1486 262.7122648709244
12 1487 262.7122648709244
12 1488 262.7122648709244
12 1489 262.7122648709244
12 1490 262.7122648709244
12 1491 262.7122648709244
12 1492 262.7122648709244
12 1493 262.7122648709244
12 1494 262.7122648709244
12 1495 262.7122648709244
12 1496 262.7122648709244
12 1497 262.7122648709244
12 1498 262.7122648709244
12 1499 262.7122648709244
12 1500 262.7122648709244
12 1501 262.7122648709244
12 1502 262.7122648709244
12 1503 262.7122648709244
12 1504 262.7122648709244
12 1505 262.7122648709244
12 1506 262.7122648709244
12 1507 262.7122648709244
12 1508 262.7122648709244
12 1509 262.7122648709244
12 1510 262.7122648709244
12 1511 262.7122648709244
12 1512 262.7122648709244
12 1513 262.7122648709244
12 1514 262.7122648709244
12 1515 262.7122648709244
12 1516 262.7122648709244
12 1517 262.7122648709244
12 1518 262.7122648709244
12 1519 262.7122648709244
12 1520 262.7122648709244
12 1521 262.7122648709244
12 1522 262.7122648709244
12 1523 262.7122648709244
12 1524 262.7122648709244
12 1525 262.7122648709244
12 1526 262.7122648709244
12 1527 262.7122648709244
12 1528 262.7122648709244
12 1529 262.7122648709244
12 1530 262.7122648709244
12 1531 262.7122648709244
12 1532 262.7122648709244
12 1533 262.7122648709244
12 1534 262.7122648709244
12 1535 262.7122648709244
12 1536 262.7122648709244
12 1537 262.7122648709244
12 1538 262.7122648709244
12 1539 262.7122648709244
12 1540 262.7122648709244
12 1541 262.7122648709244
12 1542 262.7122648709244
12 1543 262.7122648709244
12 1544 262.7122648709244
12 1545 262.7122648709244
12 1546 262.7122648709244
12 1547 262.7122648709244
12 1548 262.7122648709244
12 1549 262.7122648709244
12 1550 262.7122648709244
12 1551 262.7122648709244
12 1552 262.7122648709244
12 1553 262.7122648709244
12 1554 262.7122648709244
12 1555 262.7122648709244
12 1556 262.7122648709244
12 1557 262.7122648709244
12 1558 262.7122648709244
12 1559 262.7122648709244
12 1560 262.7122648709244
12 1561 262.7122648709244
12 1562 262.7122648709244
12 1563 262.7122648709244
12 1564 262.7122648709244
12 1565 262.7122648709244
12 1566 262.7122648709244
12 1567 262.7122648709244
13 1568 262.7122648709244
13 1569 262.7122648709244
13 1570 262.7122648709244
13 1571 262.7122648709244
13 1572 262.7122648709244
13 1573 262.7122648709244
13 1574 262.7122648709244
13 1575 262.7122648709244
13 1576 262.7122648709244
13 1577 262.7122648709244
13 1578 262.7122648709244
13 1579 262.7122648709244
13 1580 262.7122648709244
13 1581 262.7122648709244
13 1582 262.7122648709244
13 1583 262.7122648709244
13 1584 262.7122648709244
13 1585 262.7122648709244
13 1586 262.7122648709244
13 1587 262.7122648709244
13 1588 262.7122648709244
13 1589 262.7122648709244
13 1590 262.7122648709244
13 1591 262.7122648709244
13 1592 262.7122648709244
13 1593 262.7122648709244
13 1594 262.7122648709244
13 1595 262.7122648709244
13 1596 262.7122648709244
13 1597 262.7122648709244
13 1598 262.7122648709244
13 1599 262.7122648709244
13 1600 262.7122648709244
13 1601 262.7122648709244
13 1602 262.7122648709244
13 1603 262.7122648709244
13 1604 262.7122648709244
13 1605 262.7122648709244
13 1606 262.7122648709244
13 1607 262.7122648709244
13 1608 262.7122648709244
13 1609 262.7122648709244
13 1610 262.7122648709244
13 1611 262.7122648709244
13 1612 262.7122648709244
13 1613 262.7122648709244
13 1614 262.7122648709244
13 1615 262.7122648709244
13 1616 262.7122648709244
13 1617 262.7122648709244
13 1618 262.7122648709244
13 1619 262.7122648709244
13 1620 262.7122648709244
13 1621 262.7122648709244
13 1622 262.7122648709244
13 1623 262.7122648709244
13 1624 262.7122648709244
13 1625 262.7122648709244
13 1626 262.7122648709244
13 1627 262.7122648709244
13 1628 262.7122648709244
13 1629 262.7122648709244
13 1630 262.7122648709244
13 1631 262.7122648709244
13 1632 262.7122648709244
13 1633 262.7122648709244
13 1634 262.7122648709244
13 1635 262.7122648709244
13 1636 262.7122648709244
13 1637 262.7122648709244
13 1638 262.7122648709244
13 1639 262.7122648709244
13 1640 262.7122648709244
13 1641 262.7122648709244
13 1642 262.7122648709244
13 1643 262.7122648709244
13 1644 262.7122648709244
13 1645 262.7122648709244
13 1646 262.7122648709244
13 1647 262.7122648709244
13 1648 262.7122648709244
13 1649 262.7122648709244
13 1650 262.7122648709244
13 1651 262.7122648709244
13 1652 262.7122648709244
13 1653 262.7122648709244
13 1654 262.7122648709244
13 1655 262.7122648709244
13 1656 262.7122648709244
13 1657 262.7122648709244
13 1658 262.7122648709244
13 1659 262.7122648709244
13 1660 262.7122648709244
13 1661 262.7122648709244
13 1662 262.7122648709244
13 1663 262.7122648709244
13 1664 262.7122648709244
13 1665 262.7122648709244
13 1666 262.7122648709244
13 1667 262.7122648709244
13 1668 262.7122648709244
13 1669 262.7122648709244
13 1670 262.7122648709244
13 1671 262.7122648709244
13 1672 262.7122648709244
13 1673 262.7122648709244
13 1674 262.7122648709244
13 1675 262.7122648709244
13 1676 262.7122648709244
13 1677 262.7122648709244
13 1678 262.7122648709244
13 1679 262.7122648709244
13 1680 262.7122648709244
13 1681 262.7122648709244
13 1682 262.7122648709244
13 1683 262.7122648709244
13 1684 262.7122648709244
13 1685 262.7122648709244
13 1686 262.7122648709244
13 1687 262.7122648709244
13 1688 262.7122648709244
13 1689 262.7122648709244
13 1690 262.7122648709244
13 1691 262.7122648709244
13 1692 262.7122648709244
13 1693 262.7122648709244
14 1694 262.7122648709244
14 1695 262.7122648709244
14 1696 262.7122648709244
14 1697 262.7122648709244
14 1698 262.7122648709244
14 1699 262.7122648709244
14 1700 262.7122648709244
14 1701 262.7122648709244
14 1702 262.7122648709244
14 1703 262.7122648709244
14 1704 262.7122648709244
14 1705 262.7122648709244
14 1706 262.7122648709244
14 1707 262.7122648709244
14 1708 262.7122648709244
14 1709 262.7122648709244
14 1710 262.7122648709244
14 1711 262.7122648709244
14 1712 262.7122648709244
14 1713 262.7122648709244
14 1714 262.7122648709244
14 1715 262.7122648709244
14 1716 262.7122648709244
14 1717 262.7122648709244
14 1718 262.7122648709244
14 1719 262.7122648709244
14 1720 262.7122648709244
14 1721 262.7122648709244
14 1722 262.7122648709244
14 1723 262.7122648709244
14 1724 262.7122648709244
14 1725 262.7122648709244
14 1726 262.7122648709244
14 1727 262.7122648709244
14 1728 262.7122648709244
14 1729 262.7122648709244
14 1730 262.7122648709244
14 1731 262.7122648709244
14 1732 262.7122648709244
14 1733 262.7122648709244
14 1734 262.7122648709244
14 1735 262.7122648709244
14 1736 262.7122648709244
14 1737 262.7122648709244
14 1738 262.7122648709244
14 1739 262.7122648709244
14 1740 262.7122648709244
14 1741 262.7122648709244
14 1742 262.7122648709244
14 1743 262.7122648709244
14 1744 262.7122648709244
14 1745 262.7122648709244
14 1746 262.7122648709244
14 1747 262.7122648709244
14 1748 262.7122648709244
14 1749 262.7122648709244
14 1750 262.7122648709244
14 1751 262.7122648709244
14 1752 262.7122648709244
14 1753 262.7122648709244
14 1754 262.7122648709244
14 1755 262.7122648709244
14 1756 262.7122648709244
14 1757 262.7122648709244
14 1758 262.7122648709244
14 1759 262.7122648709244
14 1760 262.7122648709244
14 1761 262.7122648709244
14 1762 262.7122648709244
14 1763 262.7122648709244
14 1764 262.7122648709244
14 1765 262.7122648709244
14 1766 262.7122648709244
14 1767 262.7122648709244
14 1768 262.7122648709244
14 1769 262.7122648709244
14 1770 262.7122648709244
14 1771 262.7122648709244
14 1772 262.7122648709244
14 1773 262.7122648709244
14 1774 262.7122648709244
14 1775 262.7122648709244
14 1776 262.7122648709244
14 1777 262.7122648709244
14 1778 262.7122648709244
14 1779 262.7122648709244
14 1780 262.7122648709244
14 1781 262.7122648709244
14 1782 262.7122648709244
14 1783 262.7122648709244
14 1784 262.7122648709244
14 1785 262.7122648709244
14 1786 262.7122648709244
14 1787 262.7122648709244
14 1788 262.7122648709244
14 1789 262.7122648709244
14 1790 262.7122648709244
14 1791 262.7122648709244
14 1792 262.7122648709244
14 1793 262.7122648709244
14 1794 262.7122648709244
14 1795 262.7122648709244
14 1796 262.7122648709244
14 1797 262.7122648709244
14 1798 262.7122648709244
14 1799 262.7122648709244
14 1800 262.7122648709244
14 1801 262.7122648709244
14 1802 262.7122648709244
14 1803 262.7122648709244
14 1804 262.7122648709244
14 1805 262.7122648709244
14 1806 262.7122648709244
14 1807 262.7122648709244
14 1808 262.7122648709244
14 1809 262.7122648709244
14 1810 262.7122648709244
14 1811 262.7122648709244
14 1812 262.7122648709244
14 1813 262.7122648709244
14 1814 262.7122648709244
14 1815 262.7122648709244
14 1816 262.7122648709244
14 1817 262.7122648709244
14 1818 262.7122648709244
14 1819 262.7122648709244
14 1820 262.7122648709244
14 1821 262.7122648709244
15 1822 262.7122648709244
15 1823 262.7122648709244
15 1824 262.7122648709244
15 1825 262.7122648709244
15 1826 262.7122648709244
15 1827 262.7122648709244
15 1828 262.7122648709244
15 1829 262.7122648709244
15 1830 262.7122648709244
15 1831 262.7122648709244
15 1832 262.7122648709244
15 1833 262.7122648709244
15 1834 262.7122648709244
15 1835 262.7122648709244
15 1836 262.7122648709244
15 1837 262.7122648709244
15 1838 262.7122648709244
15 1839 262.7122648709244
15 1840 262.7122648709244
15 1841 262.7122648709244
15 1842 262.7122648709244
15 1843 262.7122648709244
15 1844 262.7122648709244
15 1845 262.7122648709244
15 1846 262.7122648709244
15 1847 262.7122648709244
15 1848 262.7122648709244
15 1849 262.7122648709244
15 1850 262.7122648709244
15 1851 262.7122648709244
15 1852 262.7122648709244
15 1853 262.7122648709244
15 1854 262.7122648709244
15 1855 262.7122648709244
15 1856 262.7122648709244
15 1857 262.7122648709244
15 1858 262.7122648709244
15 1859 262.7122648709244
15 1860 262.7122648709244
15 1861 262.7122648709244
15 1862 262.7122648709244
15 1863 262.7122648709244
15 1864 262.7122648709244
15 1865 262.7122648709244
15 1866 262.7122648709244
15 1867 262.7122648709244
15 1868 262.7122648709244
15 1869 262.7122648709244
15 1870 262.7122648709244
15 1871 262.7122648709244
15 1872 262.7122648709244
15 1873 262.7122648709244
15 1874 262.7122648709244
15 1875 262.7122648709244
15 1876 262.7122648709244
15 1877 262.7122648709244
15 1878 262.7122648709244
15 1879 262.7122648709244
15 1880 262.7122648709244
15 1881 262.7122648709244
15 1882 262.7122648709244
15 1883 262.7122648709244
15 1884 262.7122648709244
15 1885 262.7122648709244
15 1886 262.7122648709244
15 1887 262.7122648709244
15 1888 262.7122648709244
15 1889 262.7122648709244
15 1890 262.7122648709244
15 1891 262.7122648709244
15 1892 262.7122648709244
15 1893 262.7122648709244
15 1894 262.7122648709244
15 1895 262.7122648709244
15 1896 262.7122648709244
15 1897 262.7122648709244
15 1898 262.7122648709244
15 1899 262.7122648709244
15 1900 262.7122648709244
15 1901 262.7122648709244
15 1902 262.7122648709244
15 1903 262.7122648709244
15 1904 262.7122648709244
15 1905 262.7122648709244
15 1906 262.7122648709244
15 1907 262.7122648709244
15 1908 262.7122648709244
15 1909 262.7122648709244
15 1910 262.7122648709244
15 1911 262.7122648709244
15 1912 262.7122648709244
15 1913 262.7122648709244
15 1914 262.7122648709244
15 1915 262.7122648709244
15 1916 262.7122648709244
15 1917 262.7122648709244
15 1918 262.7122648709244
15 1919 262.7122648709244
15 1920 262.7122648709244
15 1921 262.7122648709244
15 1922 262.7122648709244
15 1923 262.7122648709244
15 1924 262.7122648709244
15 1925 262.7122648709244
15 1926 262.7122648709244
15 1927 262.7122648709244
15 1928 262.7122648709244
15 1929 262.7122648709244
15 1930 262.7122648709244
15 1931 262.7122648709244
15 1932 262.7122648709244
15 1933 262.7122648709244
15 1934 262.7122648709244
15 1935 262.7122648709244
15 1936 262.7122648709244
15 1937 262.7122648709244
15 1938 262.7122648709244
15 1939 262.7122648709244
15 1940 262.7122648709244
15 1941 262.7122648709244
15 1942 262.7122648709244
15 1943 262.7122648709244
15 1944 262.7122648709244
15 1945 262.7122648709244
15 1946 262.7122648709244
15 1947 262.7122648709244
15 1948 262.7122648709244
15 1949 262.7122648709244
16 1950 262.7122648709244
16 1951 262.7122648709244
16 1952 262.7122648709244
16 1953 262.7122648709244
16 1954 262.7122648709244
16 1955 262.7122648709244
16 1956 262.7122648709244
16 1957 262.7122648709244
16 1958 262.7122648709244
16 1959 262.7122648709244
16 1960 262.7122648709244
16 1961 262.7122648709244
16 1962 262.7122648709244
16 1963 262.7122648709244
16 1964 262.7122648709244
16 1965 262.7122648709244
16 1966 262.7122648709244
16 1967 262.7122648709244
16 1968 262.7122648709244
16 1969 262.7122648709244
16 1970 262.7122648709244
16 1971 262.7122648709244
16 1972 262.7122648709244
16 1973 262.7122648709244
16 1974 262.7122648709244
16 1975 262.7122648709244
16 1976 262.7122648709244
16 1977 262.7122648709244
16 1978 262.7122648709244
16 1979 262.7122648709244
16 1980 262.7122648709244
16 1981 262.7122648709244
16 1982 262.7122648709244
16 1983 262.7122648709244
16 1984 262.7122648709244
16 1985 262.7122648709244
16 1986 262.7122648709244
16 1987 262.7122648709244
16 1988 262.7122648709244
16 1989 262.7122648709244
16 1990 262.7122648709244
16 1991 262.7122648709244
16 1992 262.7122648709244
16 1993 262.7122648709244
16 1994 262.7122648709244
16 1995 262.7122648709244
16 1996 262.7122648709244
16 1997 262.7122648709244
16 1998 262.7122648709244
16 1999 262.7122648709244
16 2000 262.7122648709244
16 2001 262.7122648709244
16 2002 262.7122648709244
16 2003 262.7122648709244
16 2004 262.7122648709244
16 2005 262.7122648709244
16 2006 262.7122648709244
16 2007 262.7122648709244
16 2008 262.7122648709244
16 2009 262.7122648709244
16 2010 262.7122648709244
16 2011 262.7122648709244
16 2012 262.7122648709244
16 2013 262.7122648709244
16 2014 262.7122648709244
16 2015 262.7122648709244
16 2016 262.7122648709244
16 2017 262.7122648709244
16 2018 262.7122648709244
16 2019 262.7122648709244
16 2020 262.7122648709244
16 2021 262.7122648709244
16 2022 262.7122648709244
16 2023 262.7122648709244
16 2024 262.7122648709244
16 2025 262.7122648709244
16 2026 262.7122648709244
16 2027 262.7122648709244
16 2028 262.7122648709244
16 2029 262.7122648709244
16 2030 262.7122648709244
16 2031 262.7122648709244
16 2032 262.7122648709244
16 2033 262.7122648709244
16 2034 262.7122648709244
16 2035 262.7122648709244
16 2036 262.7122648709244
16 2037 262.7122648709244
16 2038 262.7122648709244
16 2039 262.7122648709244
16 2040 262.7122648709244
16 2041 262.7122648709244
16 2042 262.7122648709244
16 2043 262.7122648709244
16 2044 262.7122648709244
16 2045 262.7122648709244
16 2046 262.7122648709244
16 2047 262.7122648709244
16 2048 262.7122648709244
16 2049 262.7122648709244
16 2050 262.7122648709244
16 2051 262.7122648709244
16 2052 262.7122648709244
16 2053 262.7122648709244
16 2054 262.7122648709244
16 2055 262.7122648709244
16 2056 262.7122648709244
16 2057 262.7122648709244
16 2058 262.7122648709244
16 2059 262.7122648709244
16 2060 262.7122648709244
16 2061 262.7122648709244
16 2062 262.7122648709244
16 2063 262.7122648709244
16 2064 262.7122648709244
16 2065 262.7122648709244
16 2066 262.7122648709244
16 2067 262.7122648709244
16 2068 262.7122648709244
16 2069 262.7122648709244
16 2070 262.7122648709244
16 2071 262.7122648709244
16 2072 262.7122648709244
16 2073 262.7122648709244
16 2074 262.7122648709244
16 2075 262.7122648709244
16 2076 262.7122648709244
16 2077 262.7122648709244
16 2078 262.7122648709244
16 2079 262.7122648709244
16 2080 262.7122648709244
17 2081 262.7122648709244
17 2082 262.7122648709244
17 2083 262.7122648709244
17 2084 262.7122648709244
17 2085 262.7122648709244
17 2086 262.7122648709244
17 2087 262.7122648709244
17 2088 262.7122648709244
17 2089 262.7122648709244
17 2090 262.7122648709244
17 2091 262.7122648709244
17 2092 262.7122648709244
17 2093 262.7122648709244
17 2094 262.7122648709244
17 2095 262.7122648709244
17 2096 262.7122648709244
17 2097 262.7122648709244
17 2098 262.7122648709244
17 2099 262.7122648709244
17 2100 262.7122648709244
17 2101 262.7122648709244
17 2102 262.7122648709244
17 2103 262.7122648709244
17 2104 262.7122648709244
17 2105 262.7122648709244
17 2106 262.7122648709244
17 2107 262.7122648709244
17 2108 262.7122648709244
17 2109 262.7122648709244
17 2110 262.7122648709244
17 2111 262.7122648709244
17 2112 262.7122648709244
17 2113 262.7122648709244
17 2114 262.7122648709244
17 2115 262.7122648709244
17 2116 262.7122648709244
17 2117 262.7122648709244
17 2118 262.7122648709244
17 2119 262.7122648709244
17 2120 262.7122648709244
17 2121 262.7122648709244
17 2122 262.7122648709244
17 2123 262.7122648709244
17 2124 262.7122648709244
17 2125 262.7122648709244
17 2126 262.7122648709244
17 2127 262.7122648709244
17 2128 262.7122648709244
17 2129 262.7122648709244
17 2130 262.7122648709244
17 2131 262.7122648709244
17 2132 262.7122648709244
17 2133 262.7122648709244
17 2134 262.7122648709244
17 2135 262.7122648709244
17 2136 262.7122648709244
17 2137 262.7122648709244
17 2138 262.7122648709244
17 2139 262.7122648709244
17 2140 262.7122648709244
17 2141 262.7122648709244
17 2142 262.7122648709244
17 2143 262.7122648709244
17 2144 262.7122648709244
17 2145 262.7122648709244
17 2146 262.7122648709244
17 2147 262.7122648709244
17 2148 262.7122648709244
17 2149 262.7122648709244
17 2150 262.7122648709244
17 2151 262.7122648709244
17 2152 262.7122648709244
17 2153 262.7122648709244
17 2154 262.7122648709244
17 2155 262.7122648709244
17 2156 262.7122648709244
17 2157 262.7122648709244
17 2158 262.7122648709244
17 2159 262.7122648709244
17 2160 262.7122648709244
17 2161 262.7122648709244
17 2162 262.7122648709244
17 2163 262.7122648709244
17 2164 262.7122648709244
17 2165 262.7122648709244
17 2166 262.7122648709244
17 2167 262.7122648709244
17 2168 262.7122648709244
17 2169 262.7122648709244
17 2170 262.7122648709244
17 2171 262.7122648709244
17 2172 262.7122648709244
17 2173 262.7122648709244
17 2174 262.7122648709244
17 2175 262.7122648709244
17 2176 262.7122648709244
17 2177 262.7122648709244
17 2178 262.7122648709244
17 2179 262.7122648709244
17 2180 262.7122648709244
17 2181 262.7122648709244
17 2182 262.7122648709244
17 2183 262.7122648709244
17 2184 262.7122648709244
17 2185 262.7122648709244
17 2186 262.7122648709244
17 2187 262.7122648709244
17 2188 262.7122648709244
17 2189 262.7122648709244
17 2190 262.7122648709244
17 2191 262.7122648709244
17 2192 262.7122648709244
17 2193 262.7122648709244
17 2194 262.7122648709244
17 2195 262.7122648709244
17 2196 262.7122648709244
17 2197 262.7122648709244
17 2198 262.7122648709244
17 2199 262.7122648709244
17 2200 262.7122648709244
17 2201 262.7122648709244
17 2202 262.7122648709244
17 2203 262.7122648709244
17 2204 262.7122648709244
17 2205 262.7122648709244
17 2206 262.7122648709244
17 2207 262.7122648709244
17 2208 262.7122648709244
17 2209 262.7122648709244
17 2210 262.7122648709244
18 2211 262.7122648709244
18 2212 262.7122648709244
18 2213 262.7122648709244
18 2214 262.7122648709244
18 2215 262.7122648709244
18 2216 262.7122648709244
18 2217 262.7122648709244
18 2218 262.7122648709244
18 2219 262.7122648709244
18 2220 262.7122648709244
18 2221 262.7122648709244
18 2222 262.7122648709244
18 2223 262.7122648709244
18 2224 262.7122648709244
18 2225 262.7122648709244
18 2226 262.7122648709244
18 2227 262.7122648709244
18 2228 262.7122648709244
18 2229 262.7122648709244
18 2230 262.7122648709244
18 2231 262.7122648709244
18 2232 262.7122648709244
18 2233 262.7122648709244
18 2234 262.7122648709244
18 2235 262.7122648709244
18 2236 262.7122648709244
18 2237 262.7122648709244
18 2238 262.7122648709244
18 2239 262.7122648709244
18 2240 262.7122648709244
18 2241 262.7122648709244
18 2242 262.7122648709244
18 2243 262.7122648709244
18 2244 262.7122648709244
18 2245 262.7122648709244
18 2246 262.7122648709244
18 2247 262.7122648709244
18 2248 262.7122648709244
18 2249 262.7122648709244
18 2250 262.7122648709244
18 2251 262.7122648709244
18 2252 262.7122648709244
18 2253 262.7122648709244
18 2254 262.7122648709244
18 2255 262.7122648709244
18 2256 262.7122648709244
18 2257 262.7122648709244
18 2258 262.7122648709244
18 2259 262.7122648709244
18 2260 262.7122648709244
18 2261 262.7122648709244
18 2262 262.7122648709244
18 2263 262.7122648709244
18 2264 262.7122648709244
18 2265 262.7122648709244
18 2266 262.7122648709244
18 2267 262.7122648709244
18 2268 262.7122648709244
18 2269 262.7122648709244
18 2270 262.7122648709244
18 2271 262.7122648709244
18 2272 262.7122648709244
18 2273 262.7122648709244
18 2274 262.7122648709244
18 2275 262.7122648709244
18 2276 262.7122648709244
18 2277 262.7122648709244
18 2278 262.7122648709244
18 2279 262.7122648709244
18 2280 262.7122648709244
18 2281 262.7122648709244
18 2282 262.7122648709244
18 2283 262.7122648709244
18 2284 262.7122648709244
18 2285 262.7122648709244
18 2286 262.7122648709244
18 2287 262.7122648709244
18 2288 262.7122648709244
18 2289 262.7122648709244
18 2290 262.7122648709244
18 2291 262.7122648709244
18 2292 262.7122648709244
18 2293 262.7122648709244
18 2294 262.7122648709244
18 2295 262.7122648709244
18 2296 262.7122648709244
18 2297 262.7122648709244
18 2298 262.7122648709244
18 2299 262.7122648709244
18 2300 262.7122648709244
18 2301 262.7122648709244
18 2302 262.7122648709244
18 2303 262.7122648709244
18 2304 262.7122648709244
18 2305 262.7122648709244
18 2306 262.7122648709244
18 2307 262.7122648709244
18 2308 262.7122648709244
18 2309 262.7122648709244
18 2310 262.7122648709244
18 2311 262.7122648709244
18 2312 262.7122648709244
18 2313 262.7122648709244
18 2314 262.7122648709244
18 2315 262.7122648709244
18 2316 262.7122648709244
18 2317 262.7122648709244
18 2318 262.7122648709244
18 2319 262.7122648709244
18 2320 262.7122648709244
18 2321 262.7122648709244
18 2322 262.7122648709244
18 2323 262.7122648709244
18 2324 262.7122648709244
18 2325 262.7122648709244
18 2326 262.7122648709244
18 2327 262.7122648709244
18 2328 262.7122648709244
18 2329 262.7122648709244
18 2330 262.7122648709244
18 2331 262.7122648709244
18 2332 262.7122648709244
18 2333 262.7122648709244
18 2334 262.7122648709244
18 2335 262.7122648709244
18 2336 262.7122648709244
18 2337 262.7122648709244
18 2338 262.7122648709244
18 2339 262.7122648709244
18 2340 262.7122648709244
18 2341 262.7122648709244
18 2342 262.7122648709244
19 2343 262.7122648709244
19 2344 262.7122648709244
19 2345 262.7122648709244
