0 1 31777.369999999995
0 2 31777.369999999995
0 3 25144.239999999998
1 4 24970.159999999996
1 5 24506.1
1 6 24506.1
1 7 23066.100000000002
1 8 21153.839999999997
1 9 21153.839999999997
1 10 18980.4
1 11 17933.36
1 12 17019.44
1 13 17019.44
1 14 16657.68
1 15 16553.36
1 16 16553.36
1 17 16544.239999999998
1 18 16340.07
1 19 16279.279999999999
1 20 16279.279999999999
1 21 15821.039999999999
1 22 15660.63
1 23 15262.55
1 24 15257.99
1 25 15257.99
1 26 15053.269999999999
1 27 15053.269999999999
1 28 14723.3
1 29 14723.3
1 30 13228.26
1 31 13228.26
1 32 13225.33
1 33 13222.94
1 34 12591.1
1 35 12417.02
1 36 12417.02
1 37 12166.81
1 38 12031.740000000002
1 39 11985.85
1 40 11825.660000000002
1 41 11672.73
1 42 11271.050000000001
1 43 11271.050000000001
1 44 11154.370000000003
1 45 11074.370000000003
1 46 11066.370000000003
1 47 11059.410000000002
1 48 10657.490000000002
1 49 10568.770000000002
1 50 10566.200000000003
1 51 9914.77
1 52 9914.77
1 53 9599.250000000002
1 54 9599.250000000002
1 55 9497.490000000002
1 56 9352.58
1 57 9352.58
1 58 9189.970000000001
1 59 9103.17
1 60 9086.93
2 61 8495.61
2 62 8495.61
2 63 8495.61
2 64 8224.25
2 65 8224.25
2 66 8214.93
2 67 8145.5
2 68 8145.5
2 69 8081.18
2 70 8048.58
2 71 8048.58
2 72 8048.58
2 73 8008.58
2 74 7954.5
2 75 7908.74
2 76 7851.46
2 77 7787.14
2 78 7196.1
2 79 7196.1
2 80 7173.700000000001
2 81 7100.1
2 82 7100.1
2 83 6888.900000000001
2 84 6888.900000000001
2 85 6798.46
2 86 6702.46
2 87 6702.46
2 88 6699.7300000000005
2 89 6621.46
2 90 6603.7300000000005
2 91 6464.21
2 92 6464.21
2 93 6446.540000000001
2 94 6446.540000000001
2 95 6439.21
2 96 6439.21
2 97 6439.21
2 98 6295.21
2 99 6295.21
2 100 6295.21
2 101 6278.21
2 102 6278.21
2 103 6278.21
2 104 6178.37
2 105 5951.81
2 106 5951.81
2 107 5950.81
2 108 5834.050000000001
2 109 5834.050000000001
2 110 5684.570000000001
3 111 5684.570000000001
3 112 5638.49
3 113 5617.370000000001
3 114 5411.93
3 115 5411.93
3 116 5359.93
3 117 5183.290000000001
3 118 5183.290000000001
3 119 5183.290000000001
3 120 5161.85
3 121 5136.6
3 122 5136.6
3 123 5084.85
3 124 5008.6
3 125 4876.210000000001
3 126 4876.210000000001
3 127 4876.210000000001
3 128 4724.32
3 129 4724.32
3 130 4724.32
3 131 4724.32
3 132 4692.32
3 133 4692.32
3 134 4692.32
3 135 4689.43
3 136 4527.32
3 137 4484.64
3 138 4399.32
3 139 4364.710000000001
3 140 4355.4800000000005
3 141 4339.4800000000005
3 142 4339.4800000000005
3 143 4339.4800000000005
3 144 4339.4800000000005
3 145 4333.8
3 146 4326.64
3 147 4218.52
3 148 4212.84
3 149 4053.1100000000006
3 150 4053.1100000000006
3 151 4033.1100000000006
3 152 3988.6300000000006
3 153 3988.6300000000006
3 154 3982.7900000000004
3 155 3945.1100000000006
3 156 3938.95
3 157 3938.95
3 158 3926.1099999999997
3 159 3926.1099999999997
3 160 3902.1099999999997
3 161 3883.55
3 162 3883.55
3 163 3720.9399999999996
3 164 3716.9399999999996
3 165 3704.9399999999996
3 166 3704.9399999999996
3 167 3661.1000000000004
3 168 3661.1000000000004
4 169 3652.46
4 170 3652.46
4 171 3489.7700000000004
4 172 3489.7700000000004
4 173 3480.7700000000004
4 174 3467.5299999999997
4 175 3316.9300000000003
4 176 3316.9300000000003
4 177 3314.04
4 178 3314.04
4 179 3294.6899999999996
4 180 3294.6899999999996
4 181 3294.6899999999996
4 182 3294.6899999999996
4 183 3292.08
4 184 3258.5299999999997
4 185 3258.5299999999997
4 186 3258.5299999999997
4 187 3258.5299999999997
4 188 3256.4400000000005
4 189 3212.6000000000004
4 190 3051.640000000001
4 191 3051.640000000001
4 192 3048.9500000000003
4 193 3041.0000000000005
4 194 2393.59
4 195 2393.59
4 196 2329.59
4 197 1743.43
4 198 1743.43
4 199 1580.82
4 200 1580.82
4 201 1580.82
4 202 1580.82
4 203 1516.82
4 204 1516.82
4 205 1506.26
4 206 1500.82
4 207 1500.82
4 208 1499.82
4 209 1492.82
4 210 1491.82
4 211 1487.6200000000001
4 212 1447.9799999999998
4 213 1447.9799999999998
4 214 1447.9799999999998
4 215 1383.98
4 216 1383.98
4 217 1362.0600000000002
4 218 1362.0600000000002
4 219 1356.7400000000002
4 220 1289.8500000000001
4 221 1218.5
4 222 1146.29
4 223 1146.29
4 224 1146.29
4 225 980.8800000000001
4 226 980.8800000000001
4 227 980.8800000000001
4 228 976.8800000000001
4 229 817.0400000000001
4 230 817.0400000000001
4 231 813.0400000000001
4 232 813.0400000000001
4 233 813.0400000000001
4 234 813.0400000000001
5 235 793.04
5 236 777.04
5 237 701.0400000000001
5 238 701.0400000000001
5 239 665.04
5 240 665.04
5 241 501.2
5 242 501.2
5 243 501.2
5 244 501.2
5 245 501.2
5 246 497.2
5 247 497.2
5 248 497.2
5 249 497.2
5 250 497.2
5 251 497.2
5 252 497.2
5 253 497.2
5 254 496.2
5 255 489.2
5 256 488.2
5 257 484.2
5 258 484.2
5 259 483.2
5 260 483.2
5 261 483.2
5 262 483.2
5 263 483.2
5 264 483.2
5 265 483.2
5 266 483.2
5 267 482.2
5 268 482.2
5 269 482.2
5 270 482.2
5 271 478.2
5 272 478.2
5 273 474.2
5 274 474.2
5 275 474.2
5 276 474.2
5 277 473.2
5 278 473.2
5 279 473.2
5 280 473.2
5 281 473.2
5 282 473.2
5 283 473.2
5 284 473.2
5 285 473.2
5 286 473.2
5 287 469.2
5 288 469.2
5 289 469.2
5 290 469.2
6 291 469.2
6 292 468.2
6 293 468.2
6 294 468.2
6 295 468.2
6 296 468.2
6 297 468.2
6 298 468.2
6 299 468.2
6 300 468.2
6 301 468.2
6 302 468.2
6 303 468.2
6 304 468.2
6 305 468.2
6 306 468.2
6 307 468.2
6 308 468.2
6 309 468.2
6 310 468.2
6 311 468.2
6 312 468.2
6 313 468.2
6 314 468.2
6 315 468.2
6 316 468.2
6 317 468.2
6 318 468.2
6 319 468.2
6 320 467.2
6 321 467.2
6 322 467.2
6 323 467.2
6 324 467.2
6 325 467.2
6 326 467.2
6 327 467.2
6 328 467.2
6 329 467.2
6 330 467.2
6 331 467.2
6 332 467.2
6 333 467.2
6 334 467.2
6 335 467.2
6 336 467.2
6 337 467.2
6 338 467.2
6 339 467.2
6 340 467.2
6 341 467.2
6 342 467.2
6 343 467.2
6 344 467.2
6 345 467.2
6 346 467.2
7 347 467.2
7 348 467.2
7 349 467.2
7 350 467.2
7 351 467.2
7 352 467.2
7 353 467.2
7 354 467.2
7 355 467.2
7 356 467.2
7 357 467.2
7 358 467.2
7 359 467.2
7 360 467.2
7 361 467.2
7 362 467.2
7 363 467.2
7 364 467.2
7 365 467.2
7 366 467.2
7 367 467.2
7 368 467.2
7 369 467.2
7 370 467.2
7 371 467.2
7 372 467.2
7 373 467.2
7 374 467.2
7 375 467.2
7 376 467.2
7 377 467.2
7 378 467.2
7 379 467.2
7 380 467.2
7 381 467.2
7 382 467.2
7 383 467.2
7 384 467.2
7 385 467.2
7 386 467.2
7 387 467.2
7 388 467.2
7 389 467.2
7 390 467.2
7 391 467.2
7 392 467.2
7 393 467.2
7 394 467.2
7 395 467.2
7 396 467.2
7 397 467.2
7 398 467.2
7 399 467.2
7 400 467.2
7 401 467.2
8 402 467.2
8 403 467.2
8 404 467.2
8 405 467.2
8 406 467.2
8 407 467.2
8 408 467.2
8 409 467.2
8 410 467.2
8 411 467.2
8 412 467.2
8 413 467.2
8 414 467.2
8 415 467.2
8 416 467.2
8 417 467.2
8 418 467.2
8 419 467.2
8 420 467.2
8 421 467.2
8 422 467.2
8 423 467.2
8 424 467.2
8 425 467.2
8 426 467.2
8 427 467.2
8 428 467.2
8 429 467.2
8 430 467.2
8 431 467.2
8 432 467.2
8 433 467.2
8 434 467.2
8 435 467.2
8 436 467.2
8 437 467.2
8 438 467.2
8 439 467.2
8 440 467.2
8 441 467.2
8 442 467.2
8 443 467.2
8 444 467.2
8 445 467.2
8 446 467.2
8 447 467.2
8 448 467.2
8 449 467.2
8 450 467.2
8 451 467.2
8 452 467.2
8 453 467.2
8 454 467.2
8 455 467.2
9 456 467.2
9 457 467.2
9 458 467.2
9 459 467.2
9 460 467.2
9 461 467.2
9 462 467.2
9 463 467.2
9 464 467.2
9 465 467.2
9 466 467.2
9 467 467.2
9 468 467.2
9 469 467.2
9 470 467.2
9 471 467.2
9 472 467.2
9 473 467.2
9 474 467.2
9 475 467.2
9 476 467.2
9 477 467.2
9 478 467.2
9 479 467.2
9 480 467.2
9 481 467.2
9 482 467.2
9 483 467.2
9 484 467.2
9 485 467.2
9 486 467.2
9 487 467.2
9 488 467.2
9 489 467.2
9 490 467.2
9 491 467.2
9 492 467.2
9 493 467.2
9 494 467.2
9 495 467.2
9 496 467.2
9 497 467.2
9 498 467.2
9 499 467.2
9 500 467.2
9 501 467.2
9 502 467.2
9 503 467.2
9 504 467.2
9 505 467.2
9 506 467.2
9 507 467.2
9 508 467.2
9 509 467.2
9 510 467.2
9 511 467.2
9 512 467.2
9 513 467.2
9 514 467.2
9 515 467.2
10 516 467.2
10 517 467.2
10 518 467.2
10 519 467.2
10 520 467.2
10 521 467.2
10 522 467.2
10 523 467.2
10 524 467.2
10 525 467.2
10 526 467.2
10 527 467.2
10 528 467.2
10 529 467.2
10 530 467.2
10 531 467.2
10 532 467.2
10 533 467.2
10 534 467.2
10 535 467.2
10 536 467.2
10 537 467.2
10 538 467.2
10 539 467.2
10 540 467.2
10 541 467.2
10 542 467.2
10 543 467.2
10 544 467.2
10 545 467.2
10 546 467.2
10 547 467.2
10 548 467.2
10 549 467.2
10 550 467.2
10 551 467.2
10 552 467.2
10 553 467.2
10 554 467.2
10 555 467.2
10 556 467.2
10 557 467.2
10 558 467.2
10 559 467.2
10 560 467.2
10 561 467.2
10 562 467.2
10 563 467.2
10 564 467.2
10 565 467.2
10 566 467.2
10 567 467.2
10 568 467.2
10 569 467.2
10 570 467.2
11 571 467.2
11 572 467.2
11 573 467.2
11 574 467.2
11 575 467.2
11 576 467.2
11 577 467.2
11 578 467.2
11 579 467.2
11 580 467.2
11 581 467.2
11 582 467.2
11 583 467.2
11 584 467.2
11 585 467.2
11 586 467.2
11 587 467.2
11 588 467.2
11 589 467.2
11 590 467.2
11 591 467.2
11 592 467.2
11 593 467.2
11 594 467.2
11 595 467.2
11 596 467.2
11 597 467.2
11 598 467.2
11 599 467.2
11 600 467.2
11 601 467.2
11 602 467.2
11 603 467.2
11 604 467.2
11 605 467.2
11 606 467.2
11 607 467.2
11 608 467.2
11 609 467.2
11 610 467.2
11 611 467.2
11 612 467.2
11 613 467.2
11 614 467.2
11 615 467.2
11 616 467.2
11 617 467.2
11 618 467.2
11 619 467.2
11 620 467.2
11 621 467.2
11 622 467.2
11 623 467.2
11 624 467.2
11 625 467.2
11 626 467.2
12 627 467.2
12 628 467.2
12 629 467.2
12 630 467.2
12 631 467.2
12 632 467.2
12 633 467.2
12 634 467.2
12 635 467.2
12 636 467.2
12 637 467.2
12 638 467.2
12 639 467.2
12 640 467.2
12 641 467.2
12 642 467.2
12 643 467.2
12 644 467.2
12 645 467.2
12 646 467.2
12 647 467.2
12 648 467.2
12 649 467.2
12 650 467.2
12 651 467.2
12 652 467.2
12 653 467.2
12 654 467.2
12 655 467.2
12 656 467.2
12 657 467.2
12 658 467.2
12 659 467.2
12 660 467.2
12 661 467.2
12 662 467.2
12 663 467.2
12 664 467.2
12 665 467.2
12 666 467.2
12 667 467.2
12 668 467.2
12 669 467.2
12 670 467.2
12 671 467.2
12 672 467.2
12 673 467.2
12 674 467.2
12 675 467.2
12 676 467.2
12 677 467.2
12 678 467.2
12 679 467.2
12 680 467.2
12 681 467.2
13 682 467.2
13 683 467.2
13 684 467.2
13 685 467.2
13 686 467.2
13 687 467.2
13 688 467.2
13 689 467.2
13 690 467.2
13 691 467.2
13 692 467.2
13 693 467.2
13 694 467.2
13 695 467.2
13 696 467.2
13 697 467.2
13 698 467.2
13 699 467.2
13 700 467.2
13 701 467.2
13 702 467.2
13 703 467.2
13 704 467.2
13 705 467.2
13 706 467.2
13 707 467.2
13 708 467.2
13 709 467.2
13 710 467.2
13 711 467.2
13 712 467.2
13 713 467.2
13 714 467.2
13 715 467.2
13 716 467.2
13 717 467.2
13 718 467.2
13 719 467.2
13 720 467.2
13 721 467.2
13 722 467.2
13 723 467.2
13 724 467.2
13 725 467.2
13 726 467.2
13 727 467.2
13 728 467.2
13 729 467.2
13 730 467.2
13 731 467.2
13 732 467.2
14 733 467.2
14 734 467.2
14 735 467.2
14 736 467.2
14 737 467.2
14 738 467.2
14 739 467.2
14 740 467.2
14 741 467.2
14 742 467.2
14 743 467.2
14 744 467.2
14 745 467.2
14 746 467.2
14 747 467.2
14 748 467.2
14 749 467.2
14 750 467.2
14 751 467.2
14 752 467.2
14 753 467.2
14 754 467.2
14 755 467.2
14 756 467.2
14 757 467.2
14 758 467.2
14 759 467.2
14 760 467.2
14 761 467.2
14 762 467.2
14 763 467.2
14 764 467.2
14 765 467.2
14 766 467.2
14 767 467.2
14 768 467.2
14 769 467.2
14 770 467.2
14 771 467.2
14 772 467.2
14 773 467.2
14 774 467.2
14 775 467.2
14 776 467.2
14 777 467.2
14 778 467.2
14 779 467.2
14 780 467.2
15 781 467.2
15 782 467.2
15 783 467.2
15 784 467.2
15 785 467.2
15 786 467.2
15 787 467.2
15 788 467.2
15 789 467.2
15 790 467.2
15 791 467.2
15 792 467.2
15 793 467.2
15 794 467.2
15 795 467.2
15 796 467.2
15 797 467.2
15 798 467.2
15 799 467.2
15 800 467.2
15 801 467.2
15 802 467.2
15 803 467.2
15 804 467.2
15 805 467.2
15 806 467.2
15 807 467.2
15 808 467.2
15 809 467.2
15 810 467.2
15 811 467.2
15 812 467.2
15 813 467.2
15 814 467.2
15 815 467.2
15 816 467.2
15 817 467.2
15 818 467.2
15 819 467.2
15 820 467.2
15 821 467.2
15 822 467.2
15 823 467.2
15 824 467.2
15 825 467.2
15 826 467.2
15 827 467.2
15 828 467.2
15 829 467.2
15 830 467.2
15 831 467.2
15 832 467.2
16 833 467.2
16 834 467.2
16 835 467.2
16 836 467.2
16 837 467.2
16 838 467.2
16 839 467.2
16 840 467.2
16 841 467.2
16 842 467.2
16 843 467.2
16 844 467.2
16 845 467.2
16 846 467.2
16 847 467.2
16 848 467.2
16 849 467.2
16 850 467.2
16 851 467.2
16 852 467.2
16 853 467.2
16 854 467.2
16 855 467.2
16 856 467.2
16 857 467.2
16 858 467.2
16 859 467.2
16 860 467.2
16 861 467.2
16 862 467.2
16 863 467.2
16 864 467.2
16 865 467.2
16 866 467.2
16 867 467.2
16 868 467.2
16 869 467.2
16 870 467.2
16 871 467.2
16 872 467.2
16 873 467.2
16 874 467.2
16 875 467.2
16 876 467.2
16 877 467.2
16 878 467.2
16 879 467.2
16 880 467.2
16 881 467.2
16 882 467.2
16 883 467.2
16 884 467.2
17 885 467.2
17 886 467.2
17 887 467.2
17 888 467.2
17 889 467.2
17 890 467.2
17 891 467.2
17 892 467.2
17 893 467.2
17 894 467.2
17 895 467.2
17 896 467.2
17 897 467.2
17 898 467.2
17 899 467.2
17 900 467.2
17 901 467.2
17 902 467.2
17 903 467.2
17 904 467.2
17 905 467.2
17 906 467.2
17 907 467.2
17 908 467.2
17 909 467.2
17 910 467.2
17 911 467.2
17 912 467.2
17 913 467.2
17 914 467.2
17 915 467.2
17 916 467.2
17 917 467.2
17 918 467.2
17 919 467.2
17 920 467.2
17 921 467.2
17 922 467.2
17 923 467.2
17 924 467.2
17 925 467.2
17 926 467.2
17 927 467.2
17 928 467.2
17 929 467.2
17 930 467.2
17 931 467.2
17 932 467.2
17 933 467.2
17 934 467.2
17 935 467.2
17 936 467.2
17 937 467.2
17 938 467.2
17 939 467.2
17 940 467.2
17 941 467.2
17 942 467.2
18 943 467.2
18 944 467.2
18 945 467.2
18 946 467.2
18 947 467.2
18 948 467.2
18 949 467.2
18 950 467.2
18 951 467.2
18 952 467.2
18 953 467.2
18 954 467.2
18 955 467.2
18 956 467.2
18 957 467.2
18 958 467.2
18 959 467.2
18 960 467.2
18 961 467.2
18 962 467.2
18 963 467.2
18 964 467.2
18 965 467.2
18 966 467.2
18 967 467.2
18 968 467.2
18 969 467.2
18 970 467.2
18 971 467.2
18 972 467.2
18 973 467.2
18 974 467.2
18 975 467.2
18 976 467.2
18 977 467.2
18 978 467.2
18 979 467.2
18 980 467.2
18 981 467.2
18 982 467.2
18 983 467.2
18 984 467.2
18 985 467.2
18 986 467.2
18 987 467.2
18 988 467.2
18 989 467.2
18 990 467.2
18 991 467.2
18 992 467.2
18 993 467.2
18 994 467.2
18 995 467.2
18 996 467.2
18 997 467.2
19 998 467.2
19 999 467.2
19 1000 467.2
19 1001 467.2
19 1002 467.2
19 1003 467.2
19 1004 467.2
19 1005 467.2
19 1006 467.2
19 1007 467.2
19 1008 467.2
19 1009 467.2
19 1010 467.2
19 1011 467.2
19 1012 467.2
19 1013 467.2
19 1014 467.2
19 1015 467.2
19 1016 467.2
19 1017 467.2
19 1018 467.2
19 1019 467.2
19 1020 467.2
19 1021 467.2
19 1022 467.2
19 1023 467.2
19 1024 467.2
19 1025 467.2
19 1026 467.2
19 1027 467.2
19 1028 467.2
19 1029 467.2
19 1030 467.2
19 1031 467.2
19 1032 467.2
19 1033 467.2
19 1034 467.2
19 1035 467.2
19 1036 467.2
19 1037 467.2
19 1038 467.2
19 1039 467.2
19 1040 467.2
19 1041 467.2
19 1042 467.2
19 1043 467.2
19 1044 467.2
19 1045 467.2
19 1046 467.2
19 1047 467.2
19 1048 467.2
19 1049 467.2
19 1050 467.2
19 1051 467.2
19 1052 467.2
19 1053 467.2
20 1054 467.2
20 1055 467.2
20 1056 467.2
20 1057 467.2
20 1058 467.2
20 1059 467.2
20 1060 467.2
20 1061 467.2
20 1062 467.2
20 1063 467.2
20 1064 467.2
20 1065 467.2
20 1066 467.2
20 1067 467.2
20 1068 467.2
20 1069 467.2
20 1070 467.2
20 1071 467.2
20 1072 467.2
20 1073 467.2
20 1074 467.2
20 1075 467.2
20 1076 467.2
20 1077 467.2
20 1078 467.2
20 1079 467.2
20 1080 467.2
20 1081 467.2
20 1082 467.2
20 1083 467.2
20 1084 467.2
20 1085 467.2
20 1086 467.2
20 1087 467.2
20 1088 467.2
20 1089 467.2
20 1090 467.2
20 1091 467.2
20 1092 467.2
20 1093 467.2
20 1094 467.2
20 1095 467.2
20 1096 467.2
20 1097 467.2
20 1098 467.2
20 1099 467.2
20 1100 467.2
20 1101 467.2
20 1102 467.2
20 1103 467.2
20 1104 467.2
20 1105 467.2
20 1106 467.2
21 1107 467.2
21 1108 467.2
21 1109 467.2
21 1110 467.2
21 1111 467.2
21 1112 467.2
21 1113 467.2
21 1114 467.2
21 1115 467.2
21 1116 467.2
21 1117 467.2
21 1118 467.2
21 1119 467.2
21 1120 467.2
21 1121 467.2
21 1122 467.2
21 1123 467.2
21 1124 467.2
21 1125 467.2
21 1126 467.2
21 1127 467.2
21 1128 467.2
21 1129 467.2
21 1130 467.2
21 1131 467.2
21 1132 467.2
21 1133 467.2
21 1134 467.2
21 1135 467.2
21 1136 467.2
21 1137 467.2
21 1138 467.2
21 1139 467.2
21 1140 467.2
21 1141 467.2
21 1142 467.2
21 1143 467.2
21 1144 467.2
21 1145 467.2
21 1146 467.2
21 1147 467.2
21 1148 467.2
21 1149 467.2
21 1150 467.2
21 1151 467.2
21 1152 467.2
21 1153 467.2
21 1154 467.2
21 1155 467.2
21 1156 467.2
21 1157 467.2
21 1158 467.2
21 1159 467.2
21 1160 467.2
21 1161 467.2
21 1162 467.2
22 1163 467.2
22 1164 467.2
22 1165 467.2
22 1166 467.2
22 1167 467.2
22 1168 467.2
22 1169 467.2
22 1170 467.2
22 1171 467.2
22 1172 467.2
22 1173 467.2
22 1174 467.2
22 1175 467.2
22 1176 467.2
22 1177 467.2
22 1178 467.2
22 1179 467.2
22 1180 467.2
22 1181 467.2
22 1182 467.2
22 1183 467.2
22 1184 467.2
22 1185 467.2
22 1186 467.2
22 1187 467.2
22 1188 467.2
22 1189 467.2
22 1190 467.2
22 1191 467.2
22 1192 467.2
22 1193 467.2
22 1194 467.2
22 1195 467.2
22 1196 467.2
22 1197 467.2
22 1198 467.2
22 1199 467.2
22 1200 467.2
22 1201 467.2
22 1202 467.2
22 1203 467.2
22 1204 467.2
22 1205 467.2
22 1206 467.2
22 1207 467.2
22 1208 467.2
22 1209 467.2
22 1210 467.2
22 1211 467.2
22 1212 467.2
22 1213 467.2
22 1214 467.2
22 1215 467.2
23 1216 467.2
23 1217 467.2
23 1218 467.2
23 1219 467.2
23 1220 467.2
23 1221 467.2
23 1222 467.2
23 1223 467.2
23 1224 467.2
23 1225 467.2
23 1226 467.2
23 1227 467.2
23 1228 467.2
23 1229 467.2
23 1230 467.2
23 1231 467.2
23 1232 467.2
23 1233 467.2
23 1234 467.2
23 1235 467.2
23 1236 467.2
23 1237 467.2
23 1238 467.2
23 1239 467.2
23 1240 467.2
23 1241 467.2
23 1242 467.2
23 1243 467.2
23 1244 467.2
23 1245 467.2
23 1246 467.2
23 1247 467.2
23 1248 467.2
23 1249 467.2
23 1250 467.2
23 1251 467.2
23 1252 467.2
23 1253 467.2
23 1254 467.2
23 1255 467.2
23 1256 467.2
23 1257 467.2
23 1258 467.2
23 1259 467.2
23 1260 467.2
23 1261 467.2
24 1262 467.2
24 1263 467.2
24 1264 467.2
24 1265 467.2
24 1266 467.2
24 1267 467.2
24 1268 467.2
24 1269 467.2
24 1270 467.2
24 1271 467.2
24 1272 467.2
24 1273 467.2
24 1274 467.2
24 1275 467.2
24 1276 467.2
24 1277 467.2
24 1278 467.2
24 1279 467.2
24 1280 467.2
24 1281 467.2
24 1282 467.2
24 1283 467.2
24 1284 467.2
24 1285 467.2
24 1286 467.2
24 1287 467.2
24 1288 467.2
24 1289 467.2
24 1290 467.2
24 1291 467.2
24 1292 467.2
24 1293 467.2
24 1294 467.2
24 1295 467.2
24 1296 467.2
24 1297 467.2
24 1298 467.2
24 1299 467.2
24 1300 467.2
24 1301 467.2
24 1302 467.2
24 1303 467.2
25 1304 467.2
25 1305 467.2
25 1306 467.2
25 1307 467.2
25 1308 467.2
25 1309 467.2
25 1310 467.2
25 1311 467.2
25 1312 467.2
25 1313 467.2
25 1314 467.2
25 1315 467.2
25 1316 467.2
25 1317 467.2
25 1318 467.2
25 1319 467.2
25 1320 467.2
25 1321 467.2
25 1322 467.2
25 1323 467.2
25 1324 467.2
25 1325 467.2
25 1326 467.2
25 1327 467.2
25 1328 467.2
25 1329 467.2
25 1330 467.2
25 1331 467.2
25 1332 467.2
25 1333 467.2
25 1334 467.2
25 1335 467.2
25 1336 467.2
25 1337 467.2
25 1338 467.2
25 1339 467.2
25 1340 467.2
25 1341 467.2
25 1342 467.2
25 1343 467.2
25 1344 467.2
26 1345 467.2
26 1346 467.2
26 1347 467.2
26 1348 467.2
26 1349 467.2
26 1350 467.2
26 1351 467.2
26 1352 467.2
26 1353 467.2
26 1354 467.2
26 1355 467.2
26 1356 467.2
26 1357 467.2
26 1358 467.2
26 1359 467.2
26 1360 467.2
26 1361 467.2
26 1362 467.2
26 1363 467.2
26 1364 467.2
26 1365 467.2
26 1366 467.2
26 1367 467.2
26 1368 467.2
26 1369 467.2
26 1370 467.2
26 1371 467.2
26 1372 467.2
26 1373 467.2
26 1374 467.2
26 1375 467.2
26 1376 467.2
26 1377 467.2
26 1378 467.2
26 1379 467.2
26 1380 467.2
26 1381 467.2
26 1382 467.2
26 1383 467.2
26 1384 467.2
27 1385 467.2
27 1386 467.2
27 1387 467.2
27 1388 467.2
27 1389 467.2
27 1390 467.2
27 1391 467.2
27 1392 467.2
27 1393 467.2
27 1394 467.2
27 1395 467.2
27 1396 467.2
27 1397 467.2
27 1398 467.2
27 1399 467.2
27 1400 467.2
27 1401 467.2
27 1402 467.2
27 1403 467.2
27 1404 467.2
27 1405 467.2
27 1406 467.2
27 1407 467.2
27 1408 467.2
27 1409 467.2
27 1410 467.2
27 1411 467.2
27 1412 467.2
27 1413 467.2
27 1414 467.2
27 1415 467.2
27 1416 467.2
27 1417 467.2
27 1418 467.2
27 1419 467.2
27 1420 467.2
27 1421 467.2
27 1422 467.2
27 1423 467.2
27 1424 467.2
27 1425 467.2
27 1426 467.2
27 1427 467.2
27 1428 467.2
27 1429 467.2
27 1430 467.2
27 1431 467.2
27 1432 467.2
27 1433 467.2
27 1434 467.2
28 1435 467.2
28 1436 467.2
28 1437 467.2
28 1438 467.2
28 1439 467.2
28 1440 467.2
28 1441 467.2
28 1442 467.2
28 1443 467.2
28 1444 467.2
28 1445 467.2
28 1446 467.2
28 1447 467.2
28 1448 467.2
28 1449 467.2
28 1450 467.2
28 1451 467.2
28 1452 467.2
28 1453 467.2
28 1454 467.2
28 1455 467.2
28 1456 467.2
28 1457 467.2
28 1458 467.2
28 1459 467.2
28 1460 467.2
28 1461 467.2
28 1462 467.2
28 1463 467.2
28 1464 467.2
28 1465 467.2
28 1466 467.2
28 1467 467.2
28 1468 467.2
28 1469 467.2
28 1470 467.2
28 1471 467.2
28 1472 467.2
28 1473 467.2
28 1474 467.2
28 1475 467.2
28 1476 467.2
28 1477 467.2
28 1478 467.2
28 1479 467.2
28 1480 467.2
28 1481 467.2
28 1482 467.2
28 1483 467.2
28 1484 467.2
29 1485 467.2
29 1486 467.2
29 1487 467.2
29 1488 467.2
29 1489 467.2
29 1490 467.2
29 1491 467.2
29 1492 467.2
29 1493 467.2
29 1494 467.2
29 1495 467.2
29 1496 467.2
29 1497 467.2
29 1498 467.2
29 1499 467.2
29 1500 467.2
29 1501 467.2
29 1502 467.2
29 1503 467.2
29 1504 467.2
29 1505 467.2
29 1506 467.2
29 1507 467.2
29 1508 467.2
29 1509 467.2
29 1510 467.2
29 1511 467.2
29 1512 467.2
29 1513 467.2
29 1514 467.2
29 1515 467.2
29 1516 467.2
29 1517 467.2
29 1518 467.2
29 1519 467.2
29 1520 467.2
29 1521 467.2
29 1522 467.2
29 1523 467.2
29 1524 467.2
29 1525 467.2
29 1526 467.2
29 1527 467.2
29 1528 467.2
29 1529 467.2
29 1530 467.2
29 1531 467.2
29 1532 467.2
29 1533 467.2
29 1534 467.2
29 1535 467.2
29 1536 467.2
29 1537 467.2
29 1538 467.2
29 1539 467.2
29 1540 467.2
30 1541 467.2
30 1542 467.2
30 1543 467.2
30 1544 467.2
30 1545 467.2
30 1546 467.2
30 1547 467.2
30 1548 467.2
30 1549 467.2
30 1550 467.2
30 1551 467.2
30 1552 467.2
30 1553 467.2
30 1554 467.2
30 1555 467.2
30 1556 467.2
30 1557 467.2
30 1558 467.2
30 1559 467.2
30 1560 467.2
30 1561 467.2
30 1562 467.2
30 1563 467.2
30 1564 467.2
30 1565 467.2
30 1566 467.2
30 1567 467.2
30 1568 467.2
30 1569 467.2
30 1570 467.2
30 1571 467.2
30 1572 467.2
30 1573 467.2
30 1574 467.2
30 1575 467.2
30 1576 467.2
30 1577 467.2
30 1578 467.2
30 1579 467.2
30 1580 467.2
30 1581 467.2
30 1582 467.2
30 1583 467.2
30 1584 467.2
30 1585 467.2
30 1586 467.2
30 1587 467.2
30 1588 467.2
30 1589 467.2
30 1590 467.2
30 1591 467.2
31 1592 467.2
31 1593 467.2
31 1594 467.2
31 1595 467.2
31 1596 467.2
31 1597 467.2
31 1598 467.2
31 1599 467.2
31 1600 467.2
31 1601 467.2
31 1602 467.2
31 1603 467.2
31 1604 467.2
31 1605 467.2
31 1606 467.2
31 1607 467.2
31 1608 467.2
31 1609 467.2
31 1610 467.2
31 1611 467.2
31 1612 467.2
31 1613 467.2
31 1614 467.2
31 1615 467.2
31 1616 467.2
31 1617 467.2
31 1618 467.2
31 1619 467.2
31 1620 467.2
31 1621 467.2
31 1622 467.2
31 1623 467.2
31 1624 467.2
31 1625 467.2
31 1626 467.2
31 1627 467.2
31 1628 467.2
31 1629 467.2
31 1630 467.2
31 1631 467.2
31 1632 467.2
31 1633 467.2
31 1634 467.2
31 1635 467.2
31 1636 467.2
31 1637 467.2
31 1638 467.2
31 1639 467.2
31 1640 467.2
31 1641 467.2
32 1642 467.2
32 1643 467.2
32 1644 467.2
32 1645 467.2
32 1646 467.2
32 1647 467.2
32 1648 467.2
32 1649 467.2
32 1650 467.2
32 1651 467.2
32 1652 467.2
32 1653 467.2
32 1654 467.2
32 1655 467.2
32 1656 467.2
32 1657 467.2
32 1658 467.2
32 1659 467.2
32 1660 467.2
32 1661 467.2
32 1662 467.2
32 1663 467.2
32 1664 467.2
32 1665 467.2
32 1666 467.2
32 1667 467.2
32 1668 467.2
32 1669 467.2
32 1670 467.2
32 1671 467.2
32 1672 467.2
32 1673 467.2
32 1674 467.2
32 1675 467.2
32 1676 467.2
32 1677 467.2
32 1678 467.2
32 1679 467.2
32 1680 467.2
32 1681 467.2
32 1682 467.2
32 1683 467.2
32 1684 467.2
32 1685 467.2
32 1686 467.2
32 1687 467.2
32 1688 467.2
32 1689 467.2
32 1690 467.2
32 1691 467.2
32 1692 467.2
33 1693 467.2
33 1694 467.2
33 1695 467.2
33 1696 467.2
33 1697 467.2
33 1698 467.2
33 1699 467.2
33 1700 467.2
33 1701 467.2
33 1702 467.2
33 1703 467.2
33 1704 467.2
33 1705 467.2
33 1706 467.2
33 1707 467.2
33 1708 467.2
33 1709 467.2
33 1710 467.2
33 1711 467.2
33 1712 467.2
33 1713 467.2
33 1714 467.2
33 1715 467.2
33 1716 467.2
33 1717 467.2
33 1718 467.2
33 1719 467.2
33 1720 467.2
33 1721 467.2
33 1722 467.2
33 1723 467.2
33 1724 467.2
33 1725 467.2
33 1726 467.2
33 1727 467.2
33 1728 467.2
33 1729 467.2
33 1730 467.2
33 1731 467.2
33 1732 467.2
33 1733 467.2
33 1734 467.2
33 1735 467.2
33 1736 467.2
33 1737 467.2
33 1738 467.2
33 1739 467.2
33 1740 467.2
33 1741 467.2
33 1742 467.2
33 1743 467.2
33 1744 467.2
33 1745 467.2
34 1746 467.2
34 1747 467.2
34 1748 467.2
34 1749 467.2
34 1750 467.2
34 1751 467.2
34 1752 467.2
34 1753 467.2
34 1754 467.2
34 1755 467.2
34 1756 467.2
34 1757 467.2
34 1758 467.2
34 1759 467.2
34 1760 467.2
34 1761 467.2
34 1762 467.2
34 1763 467.2
34 1764 467.2
34 1765 467.2
34 1766 467.2
34 1767 467.2
34 1768 467.2
34 1769 467.2
34 1770 467.2
34 1771 467.2
34 1772 467.2
34 1773 467.2
34 1774 467.2
34 1775 467.2
34 1776 467.2
34 1777 467.2
34 1778 467.2
34 1779 467.2
34 1780 467.2
34 1781 467.2
34 1782 467.2
34 1783 467.2
34 1784 467.2
34 1785 467.2
34 1786 467.2
34 1787 467.2
34 1788 467.2
34 1789 467.2
34 1790 467.2
34 1791 467.2
34 1792 467.2
34 1793 467.2
34 1794 467.2
34 1795 467.2
34 1796 467.2
34 1797 467.2
34 1798 467.2
34 1799 467.2
34 1800 467.2
35 1801 467.2
35 1802 467.2
35 1803 467.2
35 1804 467.2
35 1805 467.2
35 1806 467.2
35 1807 467.2
35 1808 467.2
35 1809 467.2
35 1810 467.2
35 1811 467.2
35 1812 467.2
35 1813 467.2
35 1814 467.2
35 1815 467.2
35 1816 467.2
35 1817 467.2
35 1818 467.2
35 1819 467.2
35 1820 467.2
35 1821 467.2
35 1822 467.2
35 1823 467.2
35 1824 467.2
35 1825 467.2
35 1826 467.2
35 1827 467.2
35 1828 467.2
35 1829 467.2
35 1830 467.2
35 1831 467.2
35 1832 467.2
35 1833 467.2
35 1834 467.2
35 1835 467.2
35 1836 467.2
35 1837 467.2
35 1838 467.2
35 1839 467.2
35 1840 467.2
35 1841 467.2
35 1842 467.2
35 1843 467.2
35 1844 467.2
35 1845 467.2
35 1846 467.2
35 1847 467.2
35 1848 467.2
35 1849 467.2
35 1850 467.2
35 1851 467.2
35 1852 467.2
35 1853 467.2
35 1854 467.2
35 1855 467.2
35 1856 467.2
35 1857 467.2
35 1858 467.2
36 1859 467.2
36 1860 467.2
36 1861 467.2
36 1862 467.2
36 1863 467.2
36 1864 467.2
36 1865 467.2
36 1866 467.2
36 1867 467.2
36 1868 467.2
36 1869 467.2
36 1870 467.2
36 1871 467.2
36 1872 467.2
36 1873 467.2
36 1874 467.2
36 1875 467.2
36 1876 467.2
36 1877 467.2
36 1878 467.2
36 1879 467.2
36 1880 467.2
36 1881 467.2
36 1882 467.2
36 1883 467.2
36 1884 467.2
36 1885 467.2
36 1886 467.2
36 1887 467.2
36 1888 467.2
36 1889 467.2
36 1890 467.2
36 1891 467.2
36 1892 467.2
36 1893 467.2
36 1894 467.2
36 1895 467.2
36 1896 467.2
36 1897 467.2
36 1898 467.2
36 1899 467.2
36 1900 467.2
36 1901 467.2
36 1902 467.2
36 1903 467.2
36 1904 467.2
36 1905 467.2
36 1906 467.2
36 1907 467.2
36 1908 467.2
36 1909 467.2
36 1910 467.2
36 1911 467.2
36 1912 467.2
36 1913 467.2
36 1914 467.2
36 1915 467.2
36 1916 467.2
37 1917 467.2
37 1918 467.2
37 1919 467.2
37 1920 467.2
37 1921 467.2
37 1922 467.2
37 1923 467.2
37 1924 467.2
37 1925 467.2
37 1926 467.2
37 1927 467.2
37 1928 467.2
37 1929 467.2
37 1930 467.2
37 1931 467.2
37 1932 467.2
37 1933 467.2
37 1934 467.2
37 1935 467.2
37 1936 467.2
37 1937 467.2
37 1938 467.2
37 1939 467.2
37 1940 467.2
37 1941 467.2
37 1942 467.2
37 1943 467.2
37 1944 467.2
37 1945 467.2
37 1946 467.2
37 1947 467.2
37 1948 467.2
37 1949 467.2
37 1950 467.2
37 1951 467.2
37 1952 467.2
37 1953 467.2
37 1954 467.2
37 1955 467.2
37 1956 467.2
37 1957 467.2
37 1958 467.2
37 1959 467.2
37 1960 467.2
37 1961 467.2
37 1962 467.2
37 1963 467.2
37 1964 467.2
37 1965 467.2
37 1966 467.2
37 1967 467.2
37 1968 467.2
37 1969 467.2
38 1970 467.2
38 1971 467.2
38 1972 467.2
38 1973 467.2
38 1974 467.2
38 1975 467.2
38 1976 467.2
38 1977 467.2
38 1978 467.2
38 1979 467.2
38 1980 467.2
38 1981 467.2
38 1982 467.2
38 1983 467.2
38 1984 467.2
38 1985 467.2
38 1986 467.2
38 1987 467.2
38 1988 467.2
38 1989 467.2
38 1990 467.2
38 1991 467.2
38 1992 467.2
38 1993 467.2
38 1994 467.2
38 1995 467.2
38 1996 467.2
38 1997 467.2
38 1998 467.2
38 1999 467.2
38 2000 467.2
38 2001 467.2
38 2002 467.2
38 2003 467.2
38 2004 467.2
38 2005 467.2
38 2006 467.2
38 2007 467.2
38 2008 467.2
38 2009 467.2
38 2010 467.2
38 2011 467.2
38 2012 467.2
38 2013 467.2
38 2014 467.2
38 2015 467.2
38 2016 467.2
38 2017 467.2
38 2018 467.2
38 2019 467.2
38 2020 467.2
38 2021 467.2
38 2022 467.2
38 2023 467.2
38 2024 467.2
39 2025 467.2
39 2026 467.2
39 2027 467.2
39 2028 467.2
39 2029 467.2
39 2030 467.2
39 2031 467.2
39 2032 467.2
39 2033 467.2
39 2034 467.2
39 2035 467.2
39 2036 467.2
39 2037 467.2
39 2038 467.2
39 2039 467.2
39 2040 467.2
39 2041 467.2
39 2042 467.2
39 2043 467.2
39 2044 467.2
39 2045 467.2
39 2046 467.2
39 2047 467.2
39 2048 467.2
39 2049 467.2
39 2050 467.2
39 2051 467.2
39 2052 467.2
39 2053 467.2
39 2054 467.2
39 2055 467.2
39 2056 467.2
39 2057 467.2
39 2058 467.2
39 2059 467.2
39 2060 467.2
39 2061 467.2
39 2062 467.2
39 2063 467.2
39 2064 467.2
39 2065 467.2
39 2066 467.2
39 2067 467.2
39 2068 467.2
39 2069 467.2
39 2070 467.2
39 2071 467.2
39 2072 467.2
39 2073 467.2
39 2074 467.2
39 2075 467.2
39 2076 467.2
39 2077 467.2
39 2078 467.2
39 2079 467.2
40 2080 467.2
40 2081 467.2
40 2082 467.2
40 2083 467.2
40 2084 467.2
40 2085 467.2
40 2086 467.2
40 2087 467.2
40 2088 467.2
40 2089 467.2
40 2090 467.2
40 2091 467.2
40 2092 467.2
40 2093 467.2
40 2094 467.2
40 2095 467.2
40 2096 467.2
40 2097 467.2
40 2098 467.2
40 2099 467.2
40 2100 467.2
40 2101 467.2
40 2102 467.2
40 2103 467.2
40 2104 467.2
40 2105 467.2
40 2106 467.2
40 2107 467.2
40 2108 467.2
40 2109 467.2
40 2110 467.2
40 2111 467.2
40 2112 467.2
40 2113 467.2
40 2114 467.2
40 2115 467.2
40 2116 467.2
40 2117 467.2
40 2118 467.2
40 2119 467.2
40 2120 467.2
40 2121 467.2
40 2122 467.2
40 2123 467.2
40 2124 467.2
40 2125 467.2
40 2126 467.2
40 2127 467.2
40 2128 467.2
40 2129 467.2
40 2130 467.2
40 2131 467.2
40 2132 467.2
40 2133 467.2
40 2134 467.2
41 2135 467.2
41 2136 467.2
41 2137 467.2
41 2138 467.2
41 2139 467.2
41 2140 467.2
41 2141 467.2
41 2142 467.2
41 2143 467.2
41 2144 467.2
41 2145 467.2
41 2146 467.2
41 2147 467.2
41 2148 467.2
41 2149 467.2
41 2150 467.2
41 2151 467.2
41 2152 467.2
41 2153 467.2
41 2154 467.2
41 2155 467.2
41 2156 467.2
41 2157 467.2
41 2158 467.2
41 2159 467.2
41 2160 467.2
41 2161 467.2
41 2162 467.2
41 2163 467.2
41 2164 467.2
41 2165 467.2
41 2166 467.2
41 2167 467.2
41 2168 467.2
41 2169 467.2
41 2170 467.2
41 2171 467.2
41 2172 467.2
41 2173 467.2
41 2174 467.2
41 2175 467.2
41 2176 467.2
41 2177 467.2
41 2178 467.2
41 2179 467.2
41 2180 467.2
41 2181 467.2
41 2182 467.2
41 2183 467.2
41 2184 467.2
41 2185 467.2
41 2186 467.2
41 2187 467.2
42 2188 467.2
42 2189 467.2
42 2190 467.2
42 2191 467.2
42 2192 467.2
42 2193 467.2
42 2194 467.2
42 2195 467.2
42 2196 467.2
42 2197 467.2
42 2198 467.2
42 2199 467.2
42 2200 467.2
42 2201 467.2
42 2202 467.2
42 2203 467.2
42 2204 467.2
42 2205 467.2
42 2206 467.2
42 2207 467.2
42 2208 467.2
42 2209 467.2
42 2210 467.2
42 2211 467.2
42 2212 467.2
42 2213 467.2
42 2214 467.2
42 2215 467.2
42 2216 467.2
42 2217 467.2
42 2218 467.2
42 2219 467.2
42 2220 467.2
42 2221 467.2
42 2222 467.2
42 2223 467.2
42 2224 467.2
42 2225 467.2
42 2226 467.2
42 2227 467.2
42 2228 467.2
42 2229 467.2
42 2230 467.2
42 2231 467.2
42 2232 467.2
42 2233 467.2
42 2234 467.2
42 2235 467.2
42 2236 467.2
42 2237 467.2
42 2238 467.2
43 2239 467.2
43 2240 467.2
43 2241 467.2
43 2242 467.2
43 2243 467.2
43 2244 467.2
43 2245 467.2
43 2246 467.2
43 2247 467.2
43 2248 467.2
43 2249 467.2
43 2250 467.2
43 2251 467.2
43 2252 467.2
43 2253 467.2
43 2254 467.2
43 2255 467.2
43 2256 467.2
43 2257 467.2
43 2258 467.2
43 2259 467.2
43 2260 467.2
43 2261 467.2
43 2262 467.2
43 2263 467.2
43 2264 467.2
43 2265 467.2
43 2266 467.2
43 2267 467.2
43 2268 467.2
43 2269 467.2
43 2270 467.2
43 2271 467.2
43 2272 467.2
43 2273 467.2
43 2274 467.2
43 2275 467.2
43 2276 467.2
43 2277 467.2
43 2278 467.2
43 2279 467.2
43 2280 467.2
43 2281 467.2
43 2282 467.2
43 2283 467.2
43 2284 467.2
43 2285 467.2
43 2286 467.2
43 2287 467.2
43 2288 467.2
43 2289 467.2
43 2290 467.2
44 2291 467.2
44 2292 467.2
44 2293 467.2
44 2294 467.2
44 2295 467.2
44 2296 467.2
44 2297 467.2
44 2298 467.2
44 2299 467.2
44 2300 467.2
44 2301 467.2
44 2302 467.2
44 2303 467.2
44 2304 467.2
44 2305 467.2
44 2306 467.2
44 2307 467.2
44 2308 467.2
44 2309 467.2
44 2310 467.2
44 2311 467.2
44 2312 467.2
44 2313 467.2
44 2314 467.2
44 2315 467.2
44 2316 467.2
44 2317 467.2
44 2318 467.2
44 2319 467.2
44 2320 467.2
44 2321 467.2
44 2322 467.2
44 2323 467.2
44 2324 467.2
44 2325 467.2
44 2326 467.2
44 2327 467.2
44 2328 467.2
44 2329 467.2
44 2330 467.2
44 2331 467.2
44 2332 467.2
44 2333 467.2
44 2334 467.2
44 2335 467.2
44 2336 467.2
44 2337 467.2
44 2338 467.2
45 2339 467.2
45 2340 467.2
45 2341 467.2
45 2342 467.2
45 2343 467.2
45 2344 467.2
45 2345 467.2
45 2346 467.2
45 2347 467.2
45 2348 467.2
45 2349 467.2
45 2350 467.2
45 2351 467.2
45 2352 467.2
45 2353 467.2
45 2354 467.2
45 2355 467.2
45 2356 467.2
45 2357 467.2
45 2358 467.2
45 2359 467.2
45 2360 467.2
45 2361 467.2
45 2362 467.2
45 2363 467.2
45 2364 467.2
45 2365 467.2
45 2366 467.2
45 2367 467.2
45 2368 467.2
45 2369 467.2
45 2370 467.2
45 2371 467.2
45 2372 467.2
45 2373 467.2
45 2374 467.2
45 2375 467.2
45 2376 467.2
45 2377 467.2
45 2378 467.2
45 2379 467.2
45 2380 467.2
45 2381 467.2
45 2382 467.2
45 2383 467.2
45 2384 467.2
45 2385 467.2
45 2386 467.2
45 2387 467.2
45 2388 467.2
46 2389 467.2
46 2390 467.2
46 2391 467.2
46 2392 467.2
46 2393 467.2
46 2394 467.2
46 2395 467.2
46 2396 467.2
46 2397 467.2
46 2398 467.2
46 2399 467.2
46 2400 467.2
46 2401 467.2
46 2402 467.2
46 2403 467.2
46 2404 467.2
46 2405 467.2
46 2406 467.2
46 2407 467.2
46 2408 467.2
46 2409 467.2
46 2410 467.2
46 2411 467.2
46 2412 467.2
46 2413 467.2
46 2414 467.2
46 2415 467.2
46 2416 467.2
46 2417 467.2
46 2418 467.2
46 2419 467.2
46 2420 467.2
46 2421 467.2
46 2422 467.2
46 2423 467.2
46 2424 467.2
46 2425 467.2
46 2426 467.2
46 2427 467.2
46 2428 467.2
46 2429 467.2
46 2430 467.2
46 2431 467.2
46 2432 467.2
46 2433 467.2
46 2434 467.2
46 2435 467.2
47 2436 467.2
47 2437 467.2
47 2438 467.2
47 2439 467.2
47 2440 467.2
47 2441 467.2
47 2442 467.2
47 2443 467.2
47 2444 467.2
47 2445 467.2
47 2446 467.2
47 2447 467.2
47 2448 467.2
47 2449 467.2
47 2450 467.2
47 2451 467.2
47 2452 467.2
47 2453 467.2
47 2454 467.2
47 2455 467.2
47 2456 467.2
47 2457 467.2
47 2458 467.2
47 2459 467.2
47 2460 467.2
47 2461 467.2
47 2462 467.2
47 2463 467.2
47 2464 467.2
47 2465 467.2
47 2466 467.2
47 2467 467.2
47 2468 467.2
47 2469 467.2
47 2470 467.2
47 2471 467.2
47 2472 467.2
47 2473 467.2
47 2474 467.2
47 2475 467.2
47 2476 467.2
47 2477 467.2
47 2478 467.2
47 2479 467.2
47 2480 467.2
47 2481 467.2
47 2482 467.2
47 2483 467.2
47 2484 467.2
48 2485 467.2
48 2486 467.2
48 2487 467.2
48 2488 467.2
48 2489 467.2
48 2490 467.2
48 2491 467.2
48 2492 467.2
48 2493 467.2
48 2494 467.2
48 2495 467.2
48 2496 467.2
48 2497 467.2
48 2498 467.2
48 2499 467.2
48 2500 467.2
48 2501 467.2
48 2502 467.2
48 2503 467.2
48 2504 467.2
48 2505 467.2
48 2506 467.2
48 2507 467.2
48 2508 467.2
48 2509 467.2
48 2510 467.2
48 2511 467.2
48 2512 467.2
48 2513 467.2
48 2514 467.2
48 2515 467.2
48 2516 467.2
48 2517 467.2
48 2518 467.2
48 2519 467.2
48 2520 467.2
48 2521 467.2
48 2522 467.2
48 2523 467.2
48 2524 467.2
48 2525 467.2
48 2526 467.2
48 2527 467.2
48 2528 467.2
48 2529 467.2
48 2530 467.2
48 2531 467.2
48 2532 467.2
48 2533 467.2
48 2534 467.2
48 2535 467.2
48 2536 467.2
49 2537 467.2
49 2538 467.2
49 2539 467.2
49 2540 467.2
49 2541 467.2
49 2542 467.2
49 2543 467.2
49 2544 467.2
49 2545 467.2
49 2546 467.2
49 2547 467.2
49 2548 467.2
49 2549 467.2
49 2550 467.2
49 2551 467.2
49 2552 467.2
49 2553 467.2
49 2554 467.2
49 2555 467.2
49 2556 467.2
49 2557 467.2
49 2558 467.2
49 2559 467.2
49 2560 467.2
49 2561 467.2
49 2562 467.2
49 2563 467.2
49 2564 467.2
49 2565 467.2
49 2566 467.2
49 2567 467.2
49 2568 467.2
49 2569 467.2
49 2570 467.2
49 2571 467.2
49 2572 467.2
49 2573 467.2
49 2574 467.2
49 2575 467.2
49 2576 467.2
49 2577 467.2
49 2578 467.2
49 2579 467.2
49 2580 467.2
49 2581 467.2
49 2582 467.2
49 2583 467.2
49 2584 467.2
49 2585 467.2
49 2586 467.2
49 2587 467.2
49 2588 467.2
50 2589 467.2
50 2590 467.2
50 2591 467.2
50 2592 467.2
50 2593 467.2
50 2594 467.2
50 2595 467.2
50 2596 467.2
50 2597 467.2
50 2598 467.2
50 2599 467.2
50 2600 467.2
50 2601 467.2
50 2602 467.2
50 2603 467.2
50 2604 467.2
50 2605 467.2
50 2606 467.2
50 2607 467.2
50 2608 467.2
50 2609 467.2
50 2610 467.2
50 2611 467.2
50 2612 467.2
50 2613 467.2
50 2614 467.2
50 2615 467.2
50 2616 467.2
50 2617 467.2
50 2618 467.2
50 2619 467.2
50 2620 467.2
50 2621 467.2
50 2622 467.2
50 2623 467.2
50 2624 467.2
50 2625 467.2
50 2626 467.2
50 2627 467.2
50 2628 467.2
50 2629 467.2
50 2630 467.2
50 2631 467.2
50 2632 467.2
50 2633 467.2
50 2634 467.2
50 2635 467.2
50 2636 467.2
50 2637 467.2
50 2638 467.2
50 2639 467.2
50 2640 467.2
50 2641 467.2
51 2642 467.2
51 2643 467.2
51 2644 467.2
51 2645 467.2
51 2646 467.2
51 2647 467.2
51 2648 467.2
51 2649 467.2
51 2650 467.2
51 2651 467.2
51 2652 467.2
51 2653 467.2
51 2654 467.2
51 2655 467.2
51 2656 467.2
51 2657 467.2
51 2658 467.2
51 2659 467.2
51 2660 467.2
51 2661 467.2
51 2662 467.2
51 2663 467.2
51 2664 467.2
51 2665 467.2
51 2666 467.2
51 2667 467.2
51 2668 467.2
51 2669 467.2
51 2670 467.2
51 2671 467.2
51 2672 467.2
51 2673 467.2
51 2674 467.2
51 2675 467.2
51 2676 467.2
51 2677 467.2
51 2678 467.2
51 2679 467.2
51 2680 467.2
51 2681 467.2
51 2682 467.2
51 2683 467.2
51 2684 467.2
51 2685 467.2
51 2686 467.2
51 2687 467.2
51 2688 467.2
51 2689 467.2
51 2690 467.2
51 2691 467.2
51 2692 467.2
51 2693 467.2
51 2694 467.2
51 2695 467.2
51 2696 467.2
52 2697 467.2
52 2698 467.2
52 2699 467.2
52 2700 467.2
52 2701 467.2
52 2702 467.2
52 2703 467.2
52 2704 467.2
52 2705 467.2
52 2706 467.2
52 2707 467.2
52 2708 467.2
52 2709 467.2
52 2710 467.2
52 2711 467.2
52 2712 467.2
52 2713 467.2
52 2714 467.2
52 2715 467.2
52 2716 467.2
52 2717 467.2
52 2718 467.2
52 2719 467.2
52 2720 467.2
52 2721 467.2
52 2722 467.2
52 2723 467.2
52 2724 467.2
52 2725 467.2
52 2726 467.2
52 2727 467.2
52 2728 467.2
52 2729 467.2
52 2730 467.2
52 2731 467.2
52 2732 467.2
52 2733 467.2
52 2734 467.2
52 2735 467.2
52 2736 467.2
52 2737 467.2
52 2738 467.2
52 2739 467.2
52 2740 467.2
52 2741 467.2
52 2742 467.2
52 2743 467.2
52 2744 467.2
52 2745 467.2
52 2746 467.2
52 2747 467.2
52 2748 467.2
52 2749 467.2
53 2750 467.2
53 2751 467.2
53 2752 467.2
53 2753 467.2
53 2754 467.2
53 2755 467.2
53 2756 467.2
53 2757 467.2
53 2758 467.2
53 2759 467.2
53 2760 467.2
53 2761 467.2
53 2762 467.2
53 2763 467.2
53 2764 467.2
53 2765 467.2
53 2766 467.2
53 2767 467.2
53 2768 467.2
53 2769 467.2
53 2770 467.2
53 2771 467.2
53 2772 467.2
53 2773 467.2
53 2774 467.2
53 2775 467.2
53 2776 467.2
53 2777 467.2
53 2778 467.2
53 2779 467.2
53 2780 467.2
53 2781 467.2
53 2782 467.2
53 2783 467.2
53 2784 467.2
53 2785 467.2
53 2786 467.2
53 2787 467.2
53 2788 467.2
53 2789 467.2
53 2790 467.2
53 2791 467.2
53 2792 467.2
53 2793 467.2
53 2794 467.2
53 2795 467.2
53 2796 467.2
53 2797 467.2
53 2798 467.2
53 2799 467.2
53 2800 467.2
53 2801 467.2
53 2802 467.2
54 2803 467.2
54 2804 467.2
54 2805 467.2
54 2806 467.2
54 2807 467.2
54 2808 467.2
54 2809 467.2
54 2810 467.2
54 2811 467.2
54 2812 467.2
54 2813 467.2
54 2814 467.2
54 2815 467.2
54 2816 467.2
54 2817 467.2
54 2818 467.2
54 2819 467.2
54 2820 467.2
54 2821 467.2
54 2822 467.2
54 2823 467.2
54 2824 467.2
54 2825 467.2
54 2826 467.2
54 2827 467.2
54 2828 467.2
54 2829 467.2
54 2830 467.2
54 2831 467.2
54 2832 467.2
54 2833 467.2
54 2834 467.2
54 2835 467.2
54 2836 467.2
54 2837 467.2
54 2838 467.2
54 2839 467.2
54 2840 467.2
54 2841 467.2
54 2842 467.2
54 2843 467.2
54 2844 467.2
54 2845 467.2
54 2846 467.2
54 2847 467.2
54 2848 467.2
54 2849 467.2
54 2850 467.2
54 2851 467.2
54 2852 467.2
54 2853 467.2
54 2854 467.2
54 2855 467.2
54 2856 467.2
55 2857 467.2
55 2858 467.2
55 2859 467.2
55 2860 467.2
55 2861 467.2
55 2862 467.2
55 2863 467.2
55 2864 467.2
55 2865 467.2
55 2866 467.2
55 2867 467.2
55 2868 467.2
55 2869 467.2
55 2870 467.2
55 2871 467.2
55 2872 467.2
55 2873 467.2
55 2874 467.2
55 2875 467.2
55 2876 467.2
55 2877 467.2
55 2878 467.2
55 2879 467.2
55 2880 467.2
55 2881 467.2
55 2882 467.2
55 2883 467.2
55 2884 467.2
55 2885 467.2
55 2886 467.2
55 2887 467.2
55 2888 467.2
55 2889 467.2
55 2890 467.2
55 2891 467.2
55 2892 467.2
55 2893 467.2
55 2894 467.2
55 2895 467.2
55 2896 467.2
55 2897 467.2
55 2898 467.2
55 2899 467.2
55 2900 467.2
55 2901 467.2
55 2902 467.2
55 2903 467.2
55 2904 467.2
55 2905 467.2
55 2906 467.2
55 2907 467.2
55 2908 467.2
55 2909 467.2
55 2910 467.2
55 2911 467.2
55 2912 467.2
55 2913 467.2
56 2914 467.2
56 2915 467.2
56 2916 467.2
56 2917 467.2
56 2918 467.2
56 2919 467.2
56 2920 467.2
56 2921 467.2
56 2922 467.2
56 2923 467.2
56 2924 467.2
56 2925 467.2
56 2926 467.2
56 2927 467.2
56 2928 467.2
56 2929 467.2
56 2930 467.2
56 2931 467.2
56 2932 467.2
56 2933 467.2
56 2934 467.2
56 2935 467.2
56 2936 467.2
56 2937 467.2
56 2938 467.2
56 2939 467.2
56 2940 467.2
56 2941 467.2
56 2942 467.2
56 2943 467.2
56 2944 467.2
56 2945 467.2
56 2946 467.2
56 2947 467.2
56 2948 467.2
56 2949 467.2
56 2950 467.2
56 2951 467.2
56 2952 467.2
56 2953 467.2
56 2954 467.2
56 2955 467.2
56 2956 467.2
56 2957 467.2
56 2958 467.2
56 2959 467.2
56 2960 467.2
56 2961 467.2
56 2962 467.2
56 2963 467.2
56 2964 467.2
56 2965 467.2
56 2966 467.2
57 2967 467.2
57 2968 467.2
57 2969 467.2
57 2970 467.2
57 2971 467.2
57 2972 467.2
57 2973 467.2
57 2974 467.2
57 2975 467.2
57 2976 467.2
57 2977 467.2
57 2978 467.2
57 2979 467.2
57 2980 467.2
57 2981 467.2
57 2982 467.2
57 2983 467.2
57 2984 467.2
57 2985 467.2
57 2986 467.2
57 2987 467.2
57 2988 467.2
57 2989 467.2
57 2990 467.2
57 2991 467.2
57 2992 467.2
57 2993 467.2
57 2994 467.2
57 2995 467.2
57 2996 467.2
57 2997 467.2
57 2998 467.2
57 2999 467.2
57 3000 467.2
57 3001 467.2
57 3002 467.2
57 3003 467.2
57 3004 467.2
57 3005 467.2
57 3006 467.2
57 3007 467.2
57 3008 467.2
57 3009 467.2
57 3010 467.2
57 3011 467.2
57 3012 467.2
57 3013 467.2
57 3014 467.2
57 3015 467.2
57 3016 467.2
57 3017 467.2
57 3018 467.2
57 3019 467.2
58 3020 467.2
58 3021 467.2
58 3022 467.2
58 3023 467.2
58 3024 467.2
58 3025 467.2
58 3026 467.2
58 3027 467.2
58 3028 467.2
58 3029 467.2
58 3030 467.2
58 3031 467.2
58 3032 467.2
58 3033 467.2
58 3034 467.2
58 3035 467.2
58 3036 467.2
58 3037 467.2
58 3038 467.2
58 3039 467.2
58 3040 467.2
58 3041 467.2
58 3042 467.2
58 3043 467.2
58 3044 467.2
58 3045 467.2
58 3046 467.2
58 3047 467.2
58 3048 467.2
58 3049 467.2
58 3050 467.2
58 3051 467.2
58 3052 467.2
58 3053 467.2
58 3054 467.2
58 3055 467.2
58 3056 467.2
58 3057 467.2
58 3058 467.2
58 3059 467.2
58 3060 467.2
58 3061 467.2
58 3062 467.2
58 3063 467.2
58 3064 467.2
58 3065 467.2
58 3066 467.2
58 3067 467.2
58 3068 467.2
58 3069 467.2
58 3070 467.2
58 3071 467.2
58 3072 467.2
58 3073 467.2
58 3074 467.2
58 3075 467.2
59 3076 467.2
59 3077 467.2
59 3078 467.2
59 3079 467.2
59 3080 467.2
59 3081 467.2
59 3082 467.2
59 3083 467.2
59 3084 467.2
59 3085 467.2
59 3086 467.2
59 3087 467.2
59 3088 467.2
59 3089 467.2
59 3090 467.2
59 3091 467.2
59 3092 467.2
59 3093 467.2
59 3094 467.2
59 3095 467.2
59 3096 467.2
59 3097 467.2
59 3098 467.2
59 3099 467.2
59 3100 467.2
59 3101 467.2
59 3102 467.2
59 3103 467.2
59 3104 467.2
59 3105 467.2
59 3106 467.2
59 3107 467.2
59 3108 467.2
59 3109 467.2
59 3110 467.2
59 3111 467.2
59 3112 467.2
59 3113 467.2
59 3114 467.2
59 3115 467.2
59 3116 467.2
59 3117 467.2
59 3118 467.2
59 3119 467.2
59 3120 467.2
59 3121 467.2
59 3122 467.2
59 3123 467.2
59 3124 467.2
59 3125 467.2
59 3126 467.2
60 3127 467.2
60 3128 467.2
60 3129 467.2
60 3130 467.2
60 3131 467.2
60 3132 467.2
60 3133 467.2
60 3134 467.2
60 3135 467.2
60 3136 467.2
60 3137 467.2
60 3138 467.2
60 3139 467.2
60 3140 467.2
60 3141 467.2
60 3142 467.2
60 3143 467.2
60 3144 467.2
60 3145 467.2
60 3146 467.2
60 3147 467.2
60 3148 467.2
60 3149 467.2
60 3150 467.2
60 3151 467.2
60 3152 467.2
60 3153 467.2
60 3154 467.2
60 3155 467.2
60 3156 467.2
60 3157 467.2
60 3158 467.2
60 3159 467.2
60 3160 467.2
60 3161 467.2
60 3162 467.2
60 3163 467.2
60 3164 467.2
60 3165 467.2
60 3166 467.2
60 3167 467.2
60 3168 467.2
60 3169 467.2
60 3170 467.2
60 3171 467.2
60 3172 467.2
60 3173 467.2
60 3174 467.2
60 3175 467.2
60 3176 467.2
61 3177 467.2
61 3178 467.2
61 3179 467.2
61 3180 467.2
61 3181 467.2
61 3182 467.2
61 3183 467.2
61 3184 467.2
61 3185 467.2
61 3186 467.2
61 3187 467.2
61 3188 467.2
61 3189 467.2
61 3190 467.2
61 3191 467.2
61 3192 467.2
61 3193 467.2
61 3194 467.2
61 3195 467.2
61 3196 467.2
61 3197 467.2
61 3198 467.2
61 3199 467.2
61 3200 467.2
61 3201 467.2
61 3202 467.2
61 3203 467.2
61 3204 467.2
61 3205 467.2
61 3206 467.2
61 3207 467.2
61 3208 467.2
61 3209 467.2
61 3210 467.2
61 3211 467.2
61 3212 467.2
61 3213 467.2
61 3214 467.2
61 3215 467.2
61 3216 467.2
61 3217 467.2
61 3218 467.2
61 3219 467.2
61 3220 467.2
61 3221 467.2
61 3222 467.2
61 3223 467.2
61 3224 467.2
61 3225 467.2
61 3226 467.2
61 3227 467.2
61 3228 467.2
61 3229 467.2
61 3230 467.2
61 3231 467.2
61 3232 467.2
62 3233 467.2
62 3234 467.2
62 3235 467.2
62 3236 467.2
62 3237 467.2
62 3238 467.2
62 3239 467.2
62 3240 467.2
62 3241 467.2
62 3242 467.2
62 3243 467.2
62 3244 467.2
62 3245 467.2
62 3246 467.2
62 3247 467.2
62 3248 467.2
62 3249 467.2
62 3250 467.2
62 3251 467.2
62 3252 467.2
62 3253 467.2
62 3254 467.2
62 3255 467.2
62 3256 467.2
62 3257 467.2
62 3258 467.2
62 3259 467.2
62 3260 467.2
62 3261 467.2
62 3262 467.2
62 3263 467.2
62 3264 467.2
62 3265 467.2
62 3266 467.2
62 3267 467.2
62 3268 467.2
62 3269 467.2
62 3270 467.2
62 3271 467.2
62 3272 467.2
62 3273 467.2
62 3274 467.2
62 3275 467.2
62 3276 467.2
62 3277 467.2
62 3278 467.2
62 3279 467.2
62 3280 467.2
62 3281 467.2
62 3282 467.2
62 3283 467.2
62 3284 467.2
62 3285 467.2
63 3286 467.2
63 3287 467.2
63 3288 467.2
63 3289 467.2
63 3290 467.2
63 3291 467.2
63 3292 467.2
63 3293 467.2
63 3294 467.2
63 3295 467.2
63 3296 467.2
63 3297 467.2
63 3298 467.2
63 3299 467.2
63 3300 467.2
63 3301 467.2
63 3302 467.2
63 3303 467.2
63 3304 467.2
63 3305 467.2
63 3306 467.2
63 3307 467.2
63 3308 467.2
63 3309 467.2
63 3310 467.2
63 3311 467.2
63 3312 467.2
63 3313 467.2
63 3314 467.2
63 3315 467.2
63 3316 467.2
63 3317 467.2
63 3318 467.2
63 3319 467.2
63 3320 467.2
63 3321 467.2
63 3322 467.2
63 3323 467.2
63 3324 467.2
63 3325 467.2
63 3326 467.2
63 3327 467.2
63 3328 467.2
63 3329 467.2
63 3330 467.2
63 3331 467.2
63 3332 467.2
63 3333 467.2
63 3334 467.2
63 3335 467.2
63 3336 467.2
63 3337 467.2
63 3338 467.2
64 3339 467.2
64 3340 467.2
64 3341 467.2
64 3342 467.2
64 3343 467.2
64 3344 467.2
64 3345 467.2
64 3346 467.2
64 3347 467.2
64 3348 467.2
64 3349 467.2
64 3350 467.2
64 3351 467.2
64 3352 467.2
64 3353 467.2
64 3354 467.2
64 3355 467.2
64 3356 467.2
64 3357 467.2
64 3358 467.2
64 3359 467.2
64 3360 467.2
64 3361 467.2
64 3362 467.2
64 3363 467.2
64 3364 467.2
64 3365 467.2
64 3366 467.2
64 3367 467.2
64 3368 467.2
64 3369 467.2
64 3370 467.2
64 3371 467.2
64 3372 467.2
64 3373 467.2
64 3374 467.2
64 3375 467.2
64 3376 467.2
64 3377 467.2
64 3378 467.2
64 3379 467.2
64 3380 467.2
64 3381 467.2
64 3382 467.2
64 3383 467.2
64 3384 467.2
64 3385 467.2
64 3386 467.2
64 3387 467.2
65 3388 467.2
65 3389 467.2
65 3390 467.2
65 3391 467.2
65 3392 467.2
65 3393 467.2
65 3394 467.2
65 3395 467.2
65 3396 467.2
65 3397 467.2
65 3398 467.2
65 3399 467.2
65 3400 467.2
65 3401 467.2
65 3402 467.2
65 3403 467.2
65 3404 467.2
65 3405 467.2
65 3406 467.2
65 3407 467.2
65 3408 467.2
65 3409 467.2
65 3410 467.2
65 3411 467.2
65 3412 467.2
65 3413 467.2
65 3414 467.2
65 3415 467.2
65 3416 467.2
65 3417 467.2
65 3418 467.2
65 3419 467.2
65 3420 467.2
65 3421 467.2
65 3422 467.2
65 3423 467.2
65 3424 467.2
65 3425 467.2
65 3426 467.2
65 3427 467.2
65 3428 467.2
65 3429 467.2
65 3430 467.2
65 3431 467.2
65 3432 467.2
65 3433 467.2
65 3434 467.2
65 3435 467.2
65 3436 467.2
65 3437 467.2
65 3438 467.2
66 3439 467.2
66 3440 467.2
66 3441 467.2
66 3442 467.2
66 3443 467.2
66 3444 467.2
66 3445 467.2
66 3446 467.2
66 3447 467.2
66 3448 467.2
66 3449 467.2
66 3450 467.2
66 3451 467.2
66 3452 467.2
66 3453 467.2
66 3454 467.2
66 3455 467.2
66 3456 467.2
66 3457 467.2
66 3458 467.2
66 3459 467.2
66 3460 467.2
66 3461 467.2
66 3462 467.2
66 3463 467.2
66 3464 467.2
66 3465 467.2
66 3466 467.2
66 3467 467.2
66 3468 467.2
66 3469 467.2
66 3470 467.2
66 3471 467.2
66 3472 467.2
66 3473 467.2
66 3474 467.2
66 3475 467.2
66 3476 467.2
66 3477 467.2
66 3478 467.2
66 3479 467.2
66 3480 467.2
66 3481 467.2
66 3482 467.2
66 3483 467.2
66 3484 467.2
66 3485 467.2
66 3486 467.2
66 3487 467.2
66 3488 467.2
66 3489 467.2
66 3490 467.2
66 3491 467.2
67 3492 467.2
67 3493 467.2
67 3494 467.2
67 3495 467.2
67 3496 467.2
67 3497 467.2
67 3498 467.2
67 3499 467.2
67 3500 467.2
67 3501 467.2
67 3502 467.2
67 3503 467.2
67 3504 467.2
67 3505 467.2
67 3506 467.2
67 3507 467.2
67 3508 467.2
67 3509 467.2
67 3510 467.2
67 3511 467.2
67 3512 467.2
67 3513 467.2
67 3514 467.2
67 3515 467.2
67 3516 467.2
67 3517 467.2
67 3518 467.2
67 3519 467.2
67 3520 467.2
67 3521 467.2
67 3522 467.2
67 3523 467.2
67 3524 467.2
67 3525 467.2
67 3526 467.2
67 3527 467.2
67 3528 467.2
67 3529 467.2
67 3530 467.2
67 3531 467.2
67 3532 467.2
67 3533 467.2
67 3534 467.2
67 3535 467.2
67 3536 467.2
67 3537 467.2
67 3538 467.2
67 3539 467.2
67 3540 467.2
67 3541 467.2
67 3542 467.2
67 3543 467.2
67 3544 467.2
68 3545 467.2
68 3546 467.2
68 3547 467.2
68 3548 467.2
68 3549 467.2
68 3550 467.2
68 3551 467.2
68 3552 467.2
68 3553 467.2
68 3554 467.2
68 3555 467.2
68 3556 467.2
68 3557 467.2
68 3558 467.2
68 3559 467.2
68 3560 467.2
68 3561 467.2
68 3562 467.2
68 3563 467.2
68 3564 467.2
68 3565 467.2
68 3566 467.2
68 3567 467.2
68 3568 467.2
68 3569 467.2
68 3570 467.2
68 3571 467.2
68 3572 467.2
68 3573 467.2
68 3574 467.2
68 3575 467.2
68 3576 467.2
68 3577 467.2
68 3578 467.2
68 3579 467.2
68 3580 467.2
68 3581 467.2
68 3582 467.2
68 3583 467.2
68 3584 467.2
68 3585 467.2
68 3586 467.2
68 3587 467.2
68 3588 467.2
68 3589 467.2
68 3590 467.2
68 3591 467.2
68 3592 467.2
68 3593 467.2
68 3594 467.2
68 3595 467.2
69 3596 467.2
69 3597 467.2
69 3598 467.2
69 3599 467.2
69 3600 467.2
69 3601 467.2
69 3602 467.2
69 3603 467.2
69 3604 467.2
69 3605 467.2
69 3606 467.2
69 3607 467.2
69 3608 467.2
69 3609 467.2
69 3610 467.2
69 3611 467.2
69 3612 467.2
69 3613 467.2
69 3614 467.2
69 3615 467.2
69 3616 467.2
69 3617 467.2
69 3618 467.2
69 3619 467.2
69 3620 467.2
69 3621 467.2
69 3622 467.2
69 3623 467.2
69 3624 467.2
69 3625 467.2
69 3626 467.2
69 3627 467.2
69 3628 467.2
69 3629 467.2
69 3630 467.2
69 3631 467.2
69 3632 467.2
69 3633 467.2
69 3634 467.2
69 3635 467.2
69 3636 467.2
69 3637 467.2
69 3638 467.2
69 3639 467.2
70 3640 467.2
70 3641 467.2
70 3642 467.2
70 3643 467.2
70 3644 467.2
70 3645 467.2
70 3646 467.2
70 3647 467.2
70 3648 467.2
70 3649 467.2
70 3650 467.2
70 3651 467.2
70 3652 467.2
70 3653 467.2
70 3654 467.2
70 3655 467.2
70 3656 467.2
70 3657 467.2
70 3658 467.2
70 3659 467.2
70 3660 467.2
70 3661 467.2
70 3662 467.2
70 3663 467.2
70 3664 467.2
70 3665 467.2
70 3666 467.2
70 3667 467.2
70 3668 467.2
70 3669 467.2
70 3670 467.2
70 3671 467.2
70 3672 467.2
70 3673 467.2
70 3674 467.2
70 3675 467.2
70 3676 467.2
70 3677 467.2
70 3678 467.2
70 3679 467.2
70 3680 467.2
71 3681 467.2
71 3682 467.2
71 3683 467.2
71 3684 467.2
71 3685 467.2
71 3686 467.2
71 3687 467.2
71 3688 467.2
71 3689 467.2
71 3690 467.2
71 3691 467.2
71 3692 467.2
71 3693 467.2
71 3694 467.2
71 3695 467.2
71 3696 467.2
71 3697 467.2
71 3698 467.2
71 3699 467.2
71 3700 467.2
71 3701 467.2
71 3702 467.2
71 3703 467.2
71 3704 467.2
71 3705 467.2
71 3706 467.2
71 3707 467.2
71 3708 467.2
71 3709 467.2
71 3710 467.2
71 3711 467.2
71 3712 467.2
71 3713 467.2
71 3714 467.2
71 3715 467.2
71 3716 467.2
71 3717 467.2
71 3718 467.2
71 3719 467.2
71 3720 467.2
71 3721 467.2
71 3722 467.2
71 3723 467.2
72 3724 467.2
72 3725 467.2
72 3726 467.2
72 3727 467.2
72 3728 467.2
72 3729 467.2
72 3730 467.2
72 3731 467.2
72 3732 467.2
72 3733 467.2
72 3734 467.2
72 3735 467.2
72 3736 467.2
72 3737 467.2
72 3738 467.2
72 3739 467.2
72 3740 467.2
72 3741 467.2
72 3742 467.2
72 3743 467.2
72 3744 467.2
72 3745 467.2
72 3746 467.2
72 3747 467.2
72 3748 467.2
72 3749 467.2
72 3750 467.2
72 3751 467.2
72 3752 467.2
72 3753 467.2
72 3754 467.2
72 3755 467.2
72 3756 467.2
72 3757 467.2
72 3758 467.2
72 3759 467.2
72 3760 467.2
72 3761 467.2
72 3762 467.2
72 3763 467.2
72 3764 467.2
72 3765 467.2
72 3766 467.2
72 3767 467.2
73 3768 467.2
73 3769 467.2
73 3770 467.2
73 3771 467.2
73 3772 467.2
73 3773 467.2
73 3774 467.2
73 3775 467.2
73 3776 467.2
73 3777 467.2
73 3778 467.2
73 3779 467.2
73 3780 467.2
73 3781 467.2
73 3782 467.2
73 3783 467.2
73 3784 467.2
73 3785 467.2
73 3786 467.2
73 3787 467.2
73 3788 467.2
73 3789 467.2
73 3790 467.2
73 3791 467.2
73 3792 467.2
73 3793 467.2
73 3794 467.2
73 3795 467.2
73 3796 467.2
73 3797 467.2
73 3798 467.2
73 3799 467.2
73 3800 467.2
73 3801 467.2
73 3802 467.2
73 3803 467.2
73 3804 467.2
73 3805 467.2
73 3806 467.2
73 3807 467.2
73 3808 467.2
73 3809 467.2
73 3810 467.2
73 3811 467.2
73 3812 467.2
73 3813 467.2
74 3814 467.2
74 3815 467.2
74 3816 467.2
74 3817 467.2
74 3818 467.2
74 3819 467.2
74 3820 467.2
74 3821 467.2
74 3822 467.2
74 3823 467.2
74 3824 467.2
74 3825 467.2
74 3826 467.2
74 3827 467.2
74 3828 467.2
74 3829 467.2
74 3830 467.2
74 3831 467.2
74 3832 467.2
74 3833 467.2
74 3834 467.2
74 3835 467.2
74 3836 467.2
74 3837 467.2
74 3838 467.2
74 3839 467.2
74 3840 467.2
74 3841 467.2
74 3842 467.2
74 3843 467.2
74 3844 467.2
74 3845 467.2
74 3846 467.2
74 3847 467.2
74 3848 467.2
74 3849 467.2
74 3850 467.2
74 3851 467.2
74 3852 467.2
74 3853 467.2
74 3854 467.2
74 3855 467.2
74 3856 467.2
74 3857 467.2
74 3858 467.2
74 3859 467.2
74 3860 467.2
74 3861 467.2
74 3862 467.2
75 3863 467.2
75 3864 467.2
75 3865 467.2
75 3866 467.2
75 3867 467.2
75 3868 467.2
75 3869 467.2
75 3870 467.2
75 3871 467.2
75 3872 467.2
75 3873 467.2
75 3874 467.2
75 3875 467.2
75 3876 467.2
75 3877 467.2
75 3878 467.2
75 3879 467.2
75 3880 467.2
75 3881 467.2
75 3882 467.2
75 3883 467.2
75 3884 467.2
75 3885 467.2
75 3886 467.2
75 3887 467.2
75 3888 467.2
75 3889 467.2
75 3890 467.2
75 3891 467.2
75 3892 467.2
75 3893 467.2
75 3894 467.2
75 3895 467.2
75 3896 467.2
75 3897 467.2
75 3898 467.2
75 3899 467.2
75 3900 467.2
75 3901 467.2
75 3902 467.2
75 3903 467.2
75 3904 467.2
75 3905 467.2
75 3906 467.2
75 3907 467.2
75 3908 467.2
75 3909 467.2
75 3910 467.2
75 3911 467.2
75 3912 467.2
76 3913 467.2
76 3914 467.2
76 3915 467.2
76 3916 467.2
76 3917 467.2
76 3918 467.2
76 3919 467.2
76 3920 467.2
76 3921 467.2
76 3922 467.2
76 3923 467.2
76 3924 467.2
76 3925 467.2
76 3926 467.2
76 3927 467.2
76 3928 467.2
76 3929 467.2
76 3930 467.2
76 3931 467.2
76 3932 467.2
76 3933 467.2
76 3934 467.2
76 3935 467.2
76 3936 467.2
76 3937 467.2
76 3938 467.2
76 3939 467.2
76 3940 467.2
76 3941 467.2
76 3942 467.2
76 3943 467.2
76 3944 467.2
76 3945 467.2
76 3946 467.2
76 3947 467.2
76 3948 467.2
76 3949 467.2
76 3950 467.2
76 3951 467.2
76 3952 467.2
76 3953 467.2
76 3954 467.2
76 3955 467.2
76 3956 467.2
76 3957 467.2
76 3958 467.2
76 3959 467.2
77 3960 467.2
77 3961 467.2
77 3962 467.2
77 3963 467.2
77 3964 467.2
77 3965 467.2
77 3966 467.2
77 3967 467.2
77 3968 467.2
77 3969 467.2
77 3970 467.2
77 3971 467.2
77 3972 467.2
77 3973 467.2
77 3974 467.2
77 3975 467.2
77 3976 467.2
77 3977 467.2
77 3978 467.2
77 3979 467.2
77 3980 467.2
77 3981 467.2
77 3982 467.2
77 3983 467.2
77 3984 467.2
77 3985 467.2
77 3986 467.2
77 3987 467.2
77 3988 467.2
77 3989 467.2
77 3990 467.2
77 3991 467.2
77 3992 467.2
77 3993 467.2
77 3994 467.2
77 3995 467.2
77 3996 467.2
77 3997 467.2
77 3998 467.2
77 3999 467.2
77 4000 467.2
77 4001 467.2
77 4002 467.2
77 4003 467.2
77 4004 467.2
77 4005 467.2
77 4006 467.2
78 4007 467.2
78 4008 467.2
78 4009 467.2
78 4010 467.2
78 4011 467.2
78 4012 467.2
78 4013 467.2
78 4014 467.2
78 4015 467.2
78 4016 467.2
78 4017 467.2
78 4018 467.2
78 4019 467.2
78 4020 467.2
78 4021 467.2
78 4022 467.2
78 4023 467.2
78 4024 467.2
78 4025 467.2
78 4026 467.2
78 4027 467.2
78 4028 467.2
78 4029 467.2
78 4030 467.2
78 4031 467.2
78 4032 467.2
78 4033 467.2
78 4034 467.2
78 4035 467.2
78 4036 467.2
78 4037 467.2
78 4038 467.2
78 4039 467.2
78 4040 467.2
78 4041 467.2
78 4042 467.2
78 4043 467.2
78 4044 467.2
78 4045 467.2
78 4046 467.2
78 4047 467.2
78 4048 467.2
78 4049 467.2
78 4050 467.2
78 4051 467.2
78 4052 467.2
78 4053 467.2
79 4054 467.2
79 4055 467.2
79 4056 467.2
79 4057 467.2
79 4058 467.2
79 4059 467.2
79 4060 467.2
79 4061 467.2
79 4062 467.2
79 4063 467.2
79 4064 467.2
79 4065 467.2
79 4066 467.2
79 4067 467.2
79 4068 467.2
79 4069 467.2
79 4070 467.2
79 4071 467.2
79 4072 467.2
79 4073 467.2
79 4074 467.2
79 4075 467.2
79 4076 467.2
79 4077 467.2
79 4078 467.2
79 4079 467.2
79 4080 467.2
79 4081 467.2
79 4082 467.2
79 4083 467.2
79 4084 467.2
79 4085 467.2
79 4086 467.2
79 4087 467.2
79 4088 467.2
79 4089 467.2
79 4090 467.2
79 4091 467.2
79 4092 467.2
79 4093 467.2
79 4094 467.2
79 4095 467.2
79 4096 467.2
79 4097 467.2
79 4098 467.2
79 4099 467.2
79 4100 467.2
79 4101 467.2
79 4102 467.2
80 4103 467.2
80 4104 467.2
80 4105 467.2
80 4106 467.2
80 4107 467.2
80 4108 467.2
80 4109 467.2
80 4110 467.2
80 4111 467.2
80 4112 467.2
80 4113 467.2
80 4114 467.2
80 4115 467.2
80 4116 467.2
80 4117 467.2
80 4118 467.2
80 4119 467.2
80 4120 467.2
80 4121 467.2
80 4122 467.2
80 4123 467.2
80 4124 467.2
80 4125 467.2
80 4126 467.2
80 4127 467.2
80 4128 467.2
80 4129 467.2
80 4130 467.2
80 4131 467.2
80 4132 467.2
80 4133 467.2
80 4134 467.2
80 4135 467.2
80 4136 467.2
80 4137 467.2
80 4138 467.2
80 4139 467.2
80 4140 467.2
80 4141 467.2
80 4142 467.2
80 4143 467.2
80 4144 467.2
80 4145 467.2
80 4146 467.2
80 4147 467.2
80 4148 467.2
80 4149 467.2
80 4150 467.2
80 4151 467.2
80 4152 467.2
80 4153 467.2
81 4154 467.2
81 4155 467.2
81 4156 467.2
81 4157 467.2
81 4158 467.2
81 4159 467.2
81 4160 467.2
81 4161 467.2
81 4162 467.2
81 4163 467.2
81 4164 467.2
81 4165 467.2
81 4166 467.2
81 4167 467.2
81 4168 467.2
81 4169 467.2
81 4170 467.2
81 4171 467.2
81 4172 467.2
81 4173 467.2
81 4174 467.2
81 4175 467.2
81 4176 467.2
81 4177 467.2
81 4178 467.2
81 4179 467.2
81 4180 467.2
81 4181 467.2
81 4182 467.2
81 4183 467.2
81 4184 467.2
81 4185 467.2
81 4186 467.2
81 4187 467.2
81 4188 467.2
81 4189 467.2
81 4190 467.2
81 4191 467.2
81 4192 467.2
81 4193 467.2
81 4194 467.2
81 4195 467.2
81 4196 467.2
81 4197 467.2
81 4198 467.2
81 4199 467.2
81 4200 467.2
81 4201 467.2
81 4202 467.2
81 4203 467.2
81 4204 467.2
82 4205 467.2
82 4206 467.2
82 4207 467.2
82 4208 467.2
82 4209 467.2
82 4210 467.2
82 4211 467.2
82 4212 467.2
82 4213 467.2
82 4214 467.2
82 4215 467.2
82 4216 467.2
82 4217 467.2
82 4218 467.2
82 4219 467.2
82 4220 467.2
82 4221 467.2
82 4222 467.2
82 4223 467.2
82 4224 467.2
82 4225 467.2
82 4226 467.2
82 4227 467.2
82 4228 467.2
82 4229 467.2
82 4230 467.2
82 4231 467.2
82 4232 467.2
82 4233 467.2
82 4234 467.2
82 4235 467.2
82 4236 467.2
82 4237 467.2
82 4238 467.2
82 4239 467.2
82 4240 467.2
82 4241 467.2
82 4242 467.2
82 4243 467.2
82 4244 467.2
82 4245 467.2
82 4246 467.2
82 4247 467.2
82 4248 467.2
82 4249 467.2
82 4250 467.2
82 4251 467.2
82 4252 467.2
82 4253 467.2
82 4254 467.2
82 4255 467.2
82 4256 467.2
83 4257 467.2
83 4258 467.2
83 4259 467.2
83 4260 467.2
83 4261 467.2
83 4262 467.2
83 4263 467.2
83 4264 467.2
83 4265 467.2
83 4266 467.2
83 4267 467.2
83 4268 467.2
83 4269 467.2
83 4270 467.2
83 4271 467.2
83 4272 467.2
83 4273 467.2
83 4274 467.2
83 4275 467.2
83 4276 467.2
83 4277 467.2
83 4278 467.2
83 4279 467.2
83 4280 467.2
83 4281 467.2
83 4282 467.2
83 4283 467.2
83 4284 467.2
83 4285 467.2
83 4286 467.2
83 4287 467.2
83 4288 467.2
83 4289 467.2
83 4290 467.2
83 4291 467.2
83 4292 467.2
83 4293 467.2
83 4294 467.2
83 4295 467.2
83 4296 467.2
83 4297 467.2
83 4298 467.2
83 4299 467.2
83 4300 467.2
83 4301 467.2
83 4302 467.2
84 4303 467.2
84 4304 467.2
84 4305 467.2
84 4306 467.2
84 4307 467.2
84 4308 467.2
84 4309 467.2
84 4310 467.2
84 4311 467.2
84 4312 467.2
84 4313 467.2
84 4314 467.2
84 4315 467.2
84 4316 467.2
84 4317 467.2
84 4318 467.2
84 4319 467.2
84 4320 467.2
84 4321 467.2
84 4322 467.2
84 4323 467.2
84 4324 467.2
84 4325 467.2
84 4326 467.2
84 4327 467.2
84 4328 467.2
84 4329 467.2
84 4330 467.2
84 4331 467.2
84 4332 467.2
84 4333 467.2
84 4334 467.2
84 4335 467.2
84 4336 467.2
84 4337 467.2
84 4338 467.2
84 4339 467.2
84 4340 467.2
84 4341 467.2
84 4342 467.2
84 4343 467.2
84 4344 467.2
84 4345 467.2
84 4346 467.2
84 4347 467.2
84 4348 467.2
84 4349 467.2
85 4350 467.2
85 4351 467.2
85 4352 467.2
85 4353 467.2
85 4354 467.2
85 4355 467.2
85 4356 467.2
85 4357 467.2
85 4358 467.2
85 4359 467.2
85 4360 467.2
85 4361 467.2
85 4362 467.2
85 4363 467.2
85 4364 467.2
85 4365 467.2
85 4366 467.2
85 4367 467.2
85 4368 467.2
85 4369 467.2
85 4370 467.2
85 4371 467.2
85 4372 467.2
85 4373 467.2
85 4374 467.2
85 4375 467.2
85 4376 467.2
85 4377 467.2
85 4378 467.2
85 4379 467.2
85 4380 467.2
85 4381 467.2
85 4382 467.2
85 4383 467.2
85 4384 467.2
85 4385 467.2
85 4386 467.2
85 4387 467.2
85 4388 467.2
85 4389 467.2
85 4390 467.2
85 4391 467.2
85 4392 467.2
85 4393 467.2
85 4394 467.2
85 4395 467.2
85 4396 467.2
85 4397 467.2
86 4398 467.2
86 4399 467.2
86 4400 467.2
86 4401 467.2
86 4402 467.2
86 4403 467.2
86 4404 467.2
86 4405 467.2
86 4406 467.2
86 4407 467.2
86 4408 467.2
86 4409 467.2
86 4410 467.2
86 4411 467.2
86 4412 467.2
86 4413 467.2
86 4414 467.2
86 4415 467.2
86 4416 467.2
86 4417 467.2
86 4418 467.2
86 4419 467.2
86 4420 467.2
86 4421 467.2
86 4422 467.2
86 4423 467.2
86 4424 467.2
86 4425 467.2
86 4426 467.2
86 4427 467.2
86 4428 467.2
86 4429 467.2
86 4430 467.2
86 4431 467.2
86 4432 467.2
86 4433 467.2
86 4434 467.2
86 4435 467.2
86 4436 467.2
86 4437 467.2
86 4438 467.2
86 4439 467.2
86 4440 467.2
86 4441 467.2
86 4442 467.2
86 4443 467.2
86 4444 467.2
86 4445 467.2
86 4446 467.2
87 4447 467.2
87 4448 467.2
87 4449 467.2
87 4450 467.2
87 4451 467.2
87 4452 467.2
87 4453 467.2
87 4454 467.2
87 4455 467.2
87 4456 467.2
87 4457 467.2
87 4458 467.2
87 4459 467.2
87 4460 467.2
87 4461 467.2
87 4462 467.2
87 4463 467.2
87 4464 467.2
87 4465 467.2
87 4466 467.2
87 4467 467.2
87 4468 467.2
87 4469 467.2
87 4470 467.2
87 4471 467.2
87 4472 467.2
87 4473 467.2
87 4474 467.2
87 4475 467.2
87 4476 467.2
87 4477 467.2
87 4478 467.2
87 4479 467.2
87 4480 467.2
87 4481 467.2
87 4482 467.2
87 4483 467.2
87 4484 467.2
87 4485 467.2
87 4486 467.2
87 4487 467.2
87 4488 467.2
87 4489 467.2
87 4490 467.2
87 4491 467.2
87 4492 467.2
87 4493 467.2
87 4494 467.2
88 4495 467.2
88 4496 467.2
88 4497 467.2
88 4498 467.2
88 4499 467.2
88 4500 467.2
88 4501 467.2
88 4502 467.2
88 4503 467.2
88 4504 467.2
88 4505 467.2
88 4506 467.2
88 4507 467.2
88 4508 467.2
88 4509 467.2
88 4510 467.2
88 4511 467.2
88 4512 467.2
88 4513 467.2
88 4514 467.2
88 4515 467.2
88 4516 467.2
88 4517 467.2
88 4518 467.2
88 4519 467.2
88 4520 467.2
88 4521 467.2
88 4522 467.2
88 4523 467.2
88 4524 467.2
88 4525 467.2
88 4526 467.2
88 4527 467.2
88 4528 467.2
88 4529 467.2
88 4530 467.2
88 4531 467.2
88 4532 467.2
88 4533 467.2
88 4534 467.2
88 4535 467.2
88 4536 467.2
88 4537 467.2
88 4538 467.2
88 4539 467.2
88 4540 467.2
89 4541 467.2
89 4542 467.2
89 4543 467.2
89 4544 467.2
89 4545 467.2
89 4546 467.2
89 4547 467.2
89 4548 467.2
89 4549 467.2
89 4550 467.2
89 4551 467.2
89 4552 467.2
89 4553 467.2
89 4554 467.2
89 4555 467.2
89 4556 467.2
89 4557 467.2
89 4558 467.2
89 4559 467.2
89 4560 467.2
89 4561 467.2
89 4562 467.2
89 4563 467.2
89 4564 467.2
89 4565 467.2
89 4566 467.2
89 4567 467.2
89 4568 467.2
89 4569 467.2
89 4570 467.2
89 4571 467.2
89 4572 467.2
89 4573 467.2
89 4574 467.2
89 4575 467.2
89 4576 467.2
89 4577 467.2
89 4578 467.2
89 4579 467.2
89 4580 467.2
89 4581 467.2
89 4582 467.2
89 4583 467.2
89 4584 467.2
89 4585 467.2
89 4586 467.2
89 4587 467.2
89 4588 467.2
89 4589 467.2
90 4590 467.2
90 4591 467.2
90 4592 467.2
90 4593 449.92
90 4594 449.92
90 4595 449.92
90 4596 449.92
90 4597 449.92
90 4598 449.92
90 4599 449.92
90 4600 449.92
90 4601 449.92
90 4602 449.92
90 4603 449.92
90 4604 449.92
90 4605 449.92
90 4606 449.92
90 4607 449.92
90 4608 449.92
90 4609 449.92
90 4610 449.92
90 4611 449.92
90 4612 449.92
90 4613 449.92
90 4614 449.92
90 4615 449.92
90 4616 449.92
90 4617 449.92
90 4618 449.92
90 4619 449.92
90 4620 449.92
90 4621 449.92
90 4622 449.92
90 4623 449.92
90 4624 449.92
90 4625 449.92
90 4626 449.92
90 4627 449.92
90 4628 449.92
90 4629 449.92
90 4630 449.92
90 4631 449.92
90 4632 449.92
90 4633 449.92
90 4634 449.92
90 4635 449.92
90 4636 449.92
91 4637 449.92
91 4638 449.92
91 4639 449.92
91 4640 449.92
91 4641 449.92
91 4642 449.92
91 4643 449.92
91 4644 449.92
91 4645 449.92
91 4646 449.92
91 4647 449.92
91 4648 449.92
91 4649 449.92
91 4650 449.92
91 4651 449.92
91 4652 449.92
91 4653 449.92
91 4654 449.92
91 4655 449.92
91 4656 449.92
91 4657 449.92
91 4658 449.92
91 4659 449.92
91 4660 449.92
91 4661 449.92
91 4662 449.92
91 4663 449.92
91 4664 449.92
91 4665 449.92
91 4666 449.92
91 4667 449.92
91 4668 449.92
91 4669 449.92
91 4670 449.92
91 4671 449.92
91 4672 449.92
91 4673 449.92
91 4674 449.92
91 4675 449.92
91 4676 449.92
91 4677 449.92
91 4678 449.92
91 4679 449.92
91 4680 449.92
91 4681 449.92
91 4682 449.92
91 4683 449.92
91 4684 449.92
91 4685 449.92
92 4686 449.92
92 4687 449.92
92 4688 449.92
92 4689 449.92
92 4690 449.92
92 4691 449.92
92 4692 449.92
92 4693 449.92
92 4694 449.92
92 4695 449.92
92 4696 449.92
92 4697 449.92
92 4698 449.92
92 4699 449.92
92 4700 449.92
92 4701 449.92
92 4702 449.92
92 4703 449.92
92 4704 449.92
92 4705 449.92
92 4706 449.92
92 4707 449.92
92 4708 449.92
92 4709 449.92
92 4710 449.92
92 4711 449.92
92 4712 449.92
92 4713 449.92
92 4714 449.92
92 4715 449.92
92 4716 449.92
92 4717 449.92
92 4718 449.92
92 4719 449.92
92 4720 449.92
92 4721 449.92
92 4722 449.92
92 4723 449.92
92 4724 449.92
92 4725 449.92
92 4726 449.92
92 4727 449.92
92 4728 449.92
92 4729 449.92
92 4730 449.92
92 4731 449.92
92 4732 449.92
92 4733 449.92
93 4734 449.92
93 4735 449.92
93 4736 449.92
93 4737 449.92
93 4738 449.92
93 4739 449.92
93 4740 449.92
93 4741 449.92
93 4742 449.92
93 4743 449.92
93 4744 449.92
93 4745 449.92
93 4746 449.92
93 4747 449.92
93 4748 449.92
93 4749 449.92
93 4750 449.92
93 4751 449.92
93 4752 449.92
93 4753 449.92
93 4754 449.92
93 4755 449.92
93 4756 449.92
93 4757 449.92
93 4758 449.92
93 4759 449.92
93 4760 449.92
93 4761 449.92
93 4762 449.92
93 4763 449.92
93 4764 449.92
93 4765 449.92
93 4766 449.92
93 4767 449.92
93 4768 449.92
93 4769 449.92
93 4770 449.92
93 4771 449.92
93 4772 449.92
93 4773 449.92
93 4774 449.92
93 4775 449.92
93 4776 449.92
93 4777 449.92
93 4778 449.92
93 4779 449.92
93 4780 449.92
93 4781 449.92
93 4782 449.92
93 4783 449.92
93 4784 449.92
93 4785 449.92
94 4786 449.92
94 4787 449.92
94 4788 449.92
94 4789 449.92
94 4790 449.92
94 4791 449.92
94 4792 449.92
94 4793 449.92
94 4794 449.92
94 4795 449.92
94 4796 449.92
94 4797 449.92
94 4798 449.92
94 4799 449.92
94 4800 449.92
94 4801 449.92
94 4802 449.92
94 4803 449.92
94 4804 449.92
94 4805 449.92
94 4806 449.92
94 4807 449.92
94 4808 449.92
94 4809 449.92
94 4810 449.92
94 4811 449.92
94 4812 449.92
94 4813 449.92
94 4814 449.92
94 4815 449.92
94 4816 449.92
94 4817 449.92
94 4818 449.92
94 4819 449.92
94 4820 449.92
94 4821 449.92
94 4822 449.92
94 4823 449.92
94 4824 449.92
94 4825 449.92
94 4826 449.92
94 4827 449.92
94 4828 449.92
94 4829 449.92
94 4830 449.92
94 4831 449.92
94 4832 449.92
94 4833 449.92
95 4834 449.92
95 4835 449.92
95 4836 449.92
95 4837 449.92
95 4838 449.92
95 4839 449.92
95 4840 449.92
95 4841 449.92
95 4842 449.92
95 4843 449.92
95 4844 449.92
95 4845 449.92
95 4846 449.92
95 4847 449.92
95 4848 449.92
95 4849 449.92
95 4850 449.92
95 4851 449.92
95 4852 449.92
95 4853 449.92
95 4854 449.92
95 4855 449.92
95 4856 449.92
95 4857 449.92
95 4858 449.92
95 4859 449.92
95 4860 449.92
95 4861 449.92
95 4862 449.92
95 4863 449.92
95 4864 449.92
95 4865 449.92
95 4866 449.92
95 4867 449.92
95 4868 449.92
95 4869 449.92
95 4870 449.92
95 4871 449.92
95 4872 449.92
95 4873 449.92
95 4874 449.92
95 4875 449.92
95 4876 449.92
95 4877 449.92
95 4878 449.92
95 4879 449.92
96 4880 449.92
96 4881 449.92
96 4882 449.92
96 4883 449.92
96 4884 449.92
96 4885 449.92
96 4886 449.92
96 4887 449.92
96 4888 449.92
96 4889 449.92
96 4890 449.92
96 4891 449.92
96 4892 449.92
96 4893 449.92
96 4894 449.92
96 4895 449.92
96 4896 449.92
96 4897 449.92
96 4898 449.92
96 4899 449.92
96 4900 449.92
96 4901 449.92
96 4902 449.92
96 4903 449.92
96 4904 449.92
96 4905 449.92
96 4906 449.92
96 4907 449.92
96 4908 449.92
96 4909 449.92
96 4910 449.92
96 4911 449.92
96 4912 449.92
96 4913 449.92
96 4914 449.92
96 4915 449.92
96 4916 449.92
96 4917 449.92
96 4918 449.92
96 4919 449.92
96 4920 449.92
96 4921 449.92
96 4922 449.92
96 4923 449.92
96 4924 449.92
96 4925 449.92
96 4926 449.92
96 4927 449.92
97 4928 449.92
97 4929 449.92
97 4930 449.92
97 4931 449.92
97 4932 449.92
97 4933 449.92
97 4934 449.92
97 4935 449.92
97 4936 449.92
97 4937 449.92
97 4938 449.92
97 4939 449.92
97 4940 449.92
97 4941 449.92
97 4942 449.92
97 4943 449.92
97 4944 449.92
97 4945 449.92
97 4946 449.92
97 4947 449.92
97 4948 449.92
97 4949 449.92
97 4950 449.92
97 4951 449.92
97 4952 449.92
97 4953 449.92
97 4954 449.92
97 4955 449.92
97 4956 449.92
97 4957 449.92
97 4958 449.92
97 4959 449.92
97 4960 449.92
97 4961 449.92
97 4962 449.92
97 4963 449.92
97 4964 449.92
97 4965 449.92
97 4966 449.92
97 4967 449.92
97 4968 449.92
97 4969 449.92
97 4970 449.92
97 4971 449.92
97 4972 449.92
97 4973 449.92
97 4974 449.92
97 4975 449.92
97 4976 449.92
98 4977 449.92
98 4978 449.92
98 4979 449.92
98 4980 449.92
98 4981 449.92
98 4982 449.92
98 4983 449.92
98 4984 449.92
98 4985 449.92
98 4986 449.92
98 4987 449.92
98 4988 449.92
98 4989 449.92
98 4990 449.92
98 4991 449.92
98 4992 449.92
98 4993 449.92
98 4994 449.92
98 4995 449.92
98 4996 449.92
98 4997 449.92
98 4998 449.92
98 4999 449.92
98 5000 449.92
98 5001 449.92
98 5002 449.92
98 5003 449.92
98 5004 449.92
98 5005 449.92
98 5006 449.92
98 5007 449.92
98 5008 449.92
98 5009 449.92
98 5010 449.92
98 5011 449.92
98 5012 449.92
98 5013 449.92
98 5014 449.92
98 5015 449.92
98 5016 449.92
98 5017 449.92
98 5018 449.92
98 5019 449.92
98 5020 449.92
98 5021 449.92
98 5022 449.92
98 5023 449.92
98 5024 449.92
99 5025 449.92
99 5026 449.92
99 5027 449.92
99 5028 449.92
99 5029 449.92
99 5030 449.92
99 5031 449.92
99 5032 449.92
99 5033 449.92
99 5034 449.92
99 5035 449.92
99 5036 449.92
99 5037 449.92
99 5038 449.92
99 5039 449.92
99 5040 449.92
99 5041 449.92
99 5042 449.92
99 5043 449.92
99 5044 449.92
99 5045 449.92
99 5046 449.92
99 5047 449.92
99 5048 449.92
99 5049 449.92
99 5050 449.92
99 5051 449.92
99 5052 449.92
99 5053 449.92
99 5054 449.92
99 5055 449.92
99 5056 449.92
99 5057 449.92
99 5058 449.92
99 5059 449.92
99 5060 449.92
99 5061 449.92
99 5062 449.92
99 5063 449.92
99 5064 449.92
99 5065 449.92
99 5066 449.92
99 5067 449.92
99 5068 449.92
99 5069 449.92
99 5070 449.92
99 5071 449.92
99 5072 449.92
100 5073 449.92
100 5074 449.92
100 5075 449.92
100 5076 449.92
100 5077 449.92
100 5078 449.92
100 5079 449.92
100 5080 449.92
100 5081 449.92
100 5082 449.92
100 5083 449.92
100 5084 449.92
100 5085 449.92
100 5086 449.92
100 5087 449.92
100 5088 449.92
100 5089 449.92
100 5090 449.92
100 5091 449.92
100 5092 449.92
100 5093 449.92
100 5094 449.92
100 5095 449.92
100 5096 449.92
100 5097 449.92
100 5098 449.92
100 5099 449.92
100 5100 449.92
100 5101 449.92
100 5102 449.92
100 5103 449.92
100 5104 449.92
100 5105 449.92
100 5106 449.92
100 5107 449.92
100 5108 449.92
100 5109 449.92
100 5110 449.92
100 5111 449.92
100 5112 449.92
100 5113 449.92
100 5114 449.92
100 5115 449.92
100 5116 449.92
100 5117 449.92
100 5118 449.92
100 5119 449.92
100 5120 449.92
100 5121 449.92
101 5122 449.92
101 5123 449.92
101 5124 449.92
101 5125 449.92
101 5126 449.92
101 5127 449.92
101 5128 449.92
101 5129 449.92
101 5130 449.92
101 5131 449.92
101 5132 449.92
101 5133 449.92
101 5134 449.92
101 5135 449.92
101 5136 449.92
101 5137 449.92
101 5138 449.92
101 5139 449.92
101 5140 449.92
101 5141 449.92
101 5142 449.92
101 5143 449.92
101 5144 449.92
101 5145 449.92
101 5146 449.92
101 5147 449.92
101 5148 449.92
101 5149 449.92
101 5150 449.92
101 5151 449.92
101 5152 449.92
101 5153 449.92
101 5154 449.92
101 5155 449.92
101 5156 449.92
101 5157 449.92
101 5158 449.92
101 5159 449.92
101 5160 449.92
101 5161 449.92
101 5162 449.92
101 5163 449.92
101 5164 449.92
101 5165 449.92
101 5166 449.92
101 5167 449.92
101 5168 449.92
101 5169 449.92
101 5170 449.92
101 5171 449.92
102 5172 449.92
102 5173 449.92
102 5174 449.92
102 5175 449.92
102 5176 449.92
102 5177 449.92
102 5178 449.92
102 5179 449.92
102 5180 449.92
102 5181 449.92
102 5182 449.92
102 5183 449.92
102 5184 449.92
102 5185 449.92
102 5186 449.92
102 5187 449.92
102 5188 449.92
102 5189 449.92
102 5190 449.92
102 5191 449.92
102 5192 449.92
102 5193 449.92
102 5194 449.92
102 5195 449.92
102 5196 449.92
102 5197 449.92
102 5198 449.92
102 5199 449.92
102 5200 449.92
102 5201 449.92
102 5202 449.92
102 5203 449.92
102 5204 449.92
102 5205 449.92
102 5206 449.92
102 5207 449.92
102 5208 449.92
102 5209 449.92
102 5210 449.92
102 5211 449.92
102 5212 449.92
102 5213 449.92
102 5214 449.92
102 5215 449.92
102 5216 449.92
102 5217 449.92
102 5218 449.92
102 5219 449.92
102 5220 449.92
103 5221 449.92
103 5222 449.92
103 5223 449.92
103 5224 449.92
103 5225 449.92
103 5226 449.92
103 5227 449.92
103 5228 449.92
103 5229 449.92
103 5230 449.92
103 5231 449.92
103 5232 449.92
103 5233 449.92
103 5234 449.92
103 5235 449.92
103 5236 449.92
103 5237 449.92
103 5238 449.92
103 5239 449.92
103 5240 449.92
103 5241 449.92
103 5242 449.92
103 5243 449.92
103 5244 449.92
103 5245 449.92
103 5246 449.92
103 5247 449.92
103 5248 449.92
103 5249 449.92
103 5250 449.92
103 5251 449.92
103 5252 449.92
103 5253 449.92
103 5254 449.92
103 5255 449.92
103 5256 449.92
103 5257 449.92
103 5258 449.92
103 5259 449.92
103 5260 449.92
103 5261 449.92
103 5262 449.92
103 5263 449.92
103 5264 449.92
103 5265 449.92
103 5266 449.92
104 5267 449.92
104 5268 449.92
104 5269 449.92
104 5270 449.92
104 5271 449.92
104 5272 449.92
104 5273 449.92
104 5274 449.92
104 5275 449.92
104 5276 449.92
104 5277 449.92
104 5278 449.92
104 5279 449.92
104 5280 449.92
104 5281 449.92
104 5282 449.92
104 5283 449.92
104 5284 449.92
104 5285 449.92
104 5286 449.92
104 5287 449.92
104 5288 449.92
104 5289 449.92
104 5290 449.92
104 5291 449.92
104 5292 449.92
104 5293 449.92
104 5294 449.92
104 5295 449.92
104 5296 449.92
104 5297 449.92
104 5298 449.92
104 5299 449.92
104 5300 449.92
104 5301 449.92
104 5302 449.92
104 5303 449.92
104 5304 449.92
104 5305 449.92
104 5306 449.92
104 5307 449.92
104 5308 449.92
104 5309 449.92
104 5310 449.92
104 5311 449.92
104 5312 449.92
104 5313 449.92
105 5314 449.92
105 5315 449.92
105 5316 449.92
105 5317 449.92
105 5318 449.92
105 5319 449.92
105 5320 449.92
105 5321 449.92
105 5322 449.92
105 5323 449.92
105 5324 449.92
105 5325 449.92
105 5326 449.92
105 5327 449.92
105 5328 449.92
105 5329 449.92
105 5330 449.92
105 5331 449.92
105 5332 449.92
105 5333 449.92
105 5334 449.92
105 5335 449.92
105 5336 449.92
105 5337 449.92
105 5338 449.92
105 5339 449.92
105 5340 449.92
105 5341 449.92
105 5342 449.92
105 5343 449.92
105 5344 449.92
105 5345 449.92
105 5346 449.92
105 5347 449.92
105 5348 449.92
105 5349 449.92
105 5350 449.92
105 5351 449.92
105 5352 449.92
105 5353 449.92
105 5354 449.92
105 5355 449.92
105 5356 449.92
105 5357 449.92
105 5358 449.92
105 5359 449.92
105 5360 449.92
106 5361 449.92
106 5362 449.92
106 5363 449.92
106 5364 449.92
106 5365 449.92
106 5366 449.92
106 5367 449.92
106 5368 449.92
106 5369 449.92
106 5370 449.92
106 5371 449.92
106 5372 449.92
106 5373 449.92
106 5374 449.92
106 5375 449.92
106 5376 449.92
106 5377 449.92
106 5378 449.92
106 5379 449.92
106 5380 449.92
106 5381 449.92
106 5382 449.92
106 5383 449.92
106 5384 449.92
106 5385 449.92
106 5386 449.92
106 5387 449.92
106 5388 449.92
106 5389 449.92
106 5390 449.92
106 5391 449.92
106 5392 449.92
106 5393 449.92
106 5394 449.92
106 5395 449.92
106 5396 449.92
106 5397 449.92
106 5398 449.92
106 5399 449.92
106 5400 449.92
106 5401 449.92
106 5402 449.92
106 5403 449.92
106 5404 449.92
106 5405 449.92
107 5406 449.92
107 5407 449.92
107 5408 449.92
107 5409 449.92
107 5410 449.92
107 5411 449.92
107 5412 449.92
107 5413 449.92
107 5414 449.92
107 5415 449.92
107 5416 449.92
107 5417 449.92
107 5418 449.92
107 5419 449.92
107 5420 449.92
107 5421 449.92
107 5422 449.92
107 5423 449.92
107 5424 449.92
107 5425 449.92
107 5426 449.92
107 5427 449.92
107 5428 449.92
107 5429 449.92
107 5430 449.92
107 5431 449.92
107 5432 449.92
107 5433 449.92
107 5434 449.92
107 5435 449.92
107 5436 449.92
107 5437 449.92
107 5438 449.92
107 5439 449.92
107 5440 449.92
107 5441 449.92
107 5442 449.92
107 5443 449.92
107 5444 449.92
107 5445 449.92
107 5446 449.92
107 5447 449.92
107 5448 449.92
107 5449 449.92
107 5450 405.76000000000005
107 5451 405.76000000000005
107 5452 405.76000000000005
107 5453 405.76000000000005
107 5454 405.76000000000005
107 5455 405.76000000000005
108 5456 405.76000000000005
108 5457 405.76000000000005
108 5458 405.76000000000005
108 5459 405.76000000000005
108 5460 405.76000000000005
108 5461 361.76
108 5462 361.76
108 5463 361.76
108 5464 361.76
108 5465 361.76
108 5466 361.76
108 5467 361.76
108 5468 361.76
108 5469 361.76
108 5470 361.76
108 5471 361.76
108 5472 361.76
108 5473 361.76
108 5474 361.76
108 5475 361.76
108 5476 357.76
108 5477 357.76
108 5478 357.76
108 5479 357.76
108 5480 357.76
108 5481 357.76
108 5482 357.76
108 5483 357.76
108 5484 357.76
108 5485 357.76
108 5486 357.76
108 5487 357.76
108 5488 357.76
108 5489 341.76
108 5490 341.76
108 5491 341.76
108 5492 341.76
108 5493 341.76
108 5494 341.76
108 5495 341.76
108 5496 341.76
108 5497 341.76
108 5498 341.76
108 5499 341.76
108 5500 341.76
108 5501 341.76
108 5502 341.76
108 5503 341.76
108 5504 341.76
109 5505 341.76
109 5506 341.76
109 5507 341.76
109 5508 341.76
109 5509 341.76
109 5510 341.76
109 5511 341.76
109 5512 341.76
109 5513 341.76
109 5514 341.76
109 5515 341.76
109 5516 341.76
109 5517 341.76
109 5518 341.76
109 5519 341.76
109 5520 341.76
109 5521 341.76
109 5522 341.76
109 5523 341.76
109 5524 341.76
109 5525 341.76
109 5526 341.76
109 5527 341.76
109 5528 341.76
109 5529 341.76
109 5530 341.76
109 5531 341.76
109 5532 341.76
109 5533 341.76
109 5534 341.76
109 5535 341.76
109 5536 341.76
109 5537 341.76
109 5538 341.76
109 5539 341.76
109 5540 341.76
109 5541 341.76
109 5542 341.76
109 5543 341.76
109 5544 341.76
109 5545 341.76
109 5546 341.76
109 5547 341.76
109 5548 341.76
109 5549 341.76
109 5550 341.76
109 5551 341.76
109 5552 341.76
110 5553 341.76
110 5554 341.76
110 5555 341.76
110 5556 341.76
110 5557 341.76
110 5558 341.76
110 5559 341.76
110 5560 341.76
110 5561 341.76
110 5562 341.76
110 5563 341.76
110 5564 341.76
110 5565 341.76
110 5566 341.76
110 5567 341.76
110 5568 341.76
110 5569 341.76
110 5570 341.76
110 5571 341.76
110 5572 341.76
110 5573 341.76
110 5574 341.76
110 5575 341.76
110 5576 341.76
110 5577 341.76
110 5578 341.76
110 5579 341.76
110 5580 341.76
110 5581 341.76
110 5582 341.76
110 5583 341.76
110 5584 341.76
110 5585 341.76
110 5586 341.76
110 5587 341.76
110 5588 341.76
110 5589 341.76
110 5590 341.76
110 5591 341.76
110 5592 341.76
110 5593 341.76
110 5594 341.76
110 5595 341.76
110 5596 341.76
110 5597 341.76
110 5598 341.76
110 5599 341.76
111 5600 341.76
111 5601 341.76
111 5602 341.76
111 5603 341.76
111 5604 341.76
111 5605 341.76
111 5606 341.76
111 5607 341.76
111 5608 341.76
111 5609 341.76
111 5610 341.76
111 5611 341.76
111 5612 341.76
111 5613 341.76
111 5614 341.76
111 5615 341.76
111 5616 341.76
111 5617 341.76
111 5618 341.76
111 5619 341.76
111 5620 341.76
111 5621 341.76
111 5622 341.76
111 5623 341.76
111 5624 341.76
111 5625 341.76
111 5626 341.76
111 5627 341.76
111 5628 341.76
111 5629 341.76
111 5630 341.76
111 5631 341.76
111 5632 341.76
111 5633 341.76
111 5634 341.76
111 5635 341.76
111 5636 341.76
111 5637 341.76
111 5638 341.76
111 5639 341.76
111 5640 341.76
111 5641 341.76
111 5642 341.76
111 5643 341.76
111 5644 341.76
111 5645 341.76
111 5646 341.76
112 5647 341.76
112 5648 341.76
112 5649 341.76
112 5650 341.76
112 5651 341.76
112 5652 341.76
112 5653 341.76
112 5654 341.76
112 5655 341.76
112 5656 341.76
112 5657 341.76
112 5658 341.76
112 5659 341.76
112 5660 341.76
112 5661 341.76
112 5662 341.76
112 5663 341.76
112 5664 341.76
112 5665 341.76
112 5666 341.76
112 5667 341.76
112 5668 341.76
112 5669 341.76
112 5670 341.76
112 5671 341.76
112 5672 341.76
112 5673 341.76
112 5674 341.76
112 5675 341.76
112 5676 341.76
112 5677 341.76
112 5678 341.76
112 5679 341.76
112 5680 341.76
112 5681 341.76
112 5682 341.76
112 5683 341.76
112 5684 341.76
112 5685 341.76
112 5686 341.76
112 5687 341.76
112 5688 341.76
112 5689 341.76
112 5690 341.76
112 5691 341.76
112 5692 341.76
112 5693 341.76
112 5694 341.76
113 5695 341.76
113 5696 341.76
113 5697 341.76
113 5698 341.76
113 5699 341.76
113 5700 341.76
113 5701 341.76
113 5702 341.76
113 5703 341.76
113 5704 341.76
113 5705 341.76
113 5706 341.76
113 5707 341.76
113 5708 341.76
113 5709 341.76
113 5710 341.76
113 5711 341.76
113 5712 341.76
113 5713 341.76
113 5714 341.76
113 5715 341.76
113 5716 341.76
113 5717 341.76
113 5718 341.76
113 5719 341.76
113 5720 341.76
113 5721 341.76
113 5722 341.76
113 5723 341.76
113 5724 341.76
113 5725 341.76
113 5726 341.76
113 5727 341.76
113 5728 341.76
113 5729 341.76
113 5730 341.76
113 5731 341.76
113 5732 341.76
113 5733 341.76
113 5734 341.76
113 5735 341.76
113 5736 341.76
113 5737 341.76
113 5738 341.76
113 5739 341.76
113 5740 341.76
113 5741 341.76
114 5742 341.76
114 5743 341.76
114 5744 341.76
114 5745 341.76
114 5746 341.76
114 5747 341.76
114 5748 341.76
114 5749 341.76
114 5750 341.76
114 5751 341.76
114 5752 341.76
114 5753 341.76
114 5754 341.76
114 5755 341.76
114 5756 341.76
114 5757 341.76
114 5758 341.76
114 5759 341.76
114 5760 341.76
114 5761 341.76
114 5762 341.76
114 5763 341.76
114 5764 341.76
114 5765 341.76
114 5766 341.76
114 5767 341.76
114 5768 341.76
114 5769 341.76
114 5770 341.76
114 5771 341.76
114 5772 341.76
114 5773 341.76
114 5774 341.76
114 5775 341.76
114 5776 341.76
114 5777 341.76
114 5778 341.76
114 5779 341.76
114 5780 341.76
114 5781 341.76
114 5782 341.76
114 5783 341.76
114 5784 341.76
114 5785 341.76
114 5786 341.76
115 5787 341.76
115 5788 341.76
115 5789 341.76
115 5790 341.76
115 5791 341.76
115 5792 341.76
115 5793 341.76
115 5794 341.76
115 5795 341.76
115 5796 341.76
115 5797 341.76
115 5798 341.76
115 5799 341.76
115 5800 341.76
115 5801 341.76
115 5802 341.76
115 5803 341.76
115 5804 341.76
115 5805 341.76
115 5806 341.76
115 5807 341.76
115 5808 341.76
115 5809 341.76
115 5810 341.76
115 5811 341.76
115 5812 341.76
115 5813 341.76
115 5814 341.76
115 5815 341.76
115 5816 341.76
115 5817 341.76
115 5818 341.76
115 5819 341.76
115 5820 341.76
115 5821 341.76
115 5822 341.76
115 5823 341.76
115 5824 341.76
115 5825 341.76
115 5826 341.76
115 5827 341.76
115 5828 341.76
115 5829 341.76
115 5830 341.76
115 5831 341.76
115 5832 341.76
115 5833 341.76
116 5834 341.76
116 5835 341.76
116 5836 341.76
116 5837 341.76
116 5838 341.76
116 5839 341.76
116 5840 341.76
116 5841 341.76
116 5842 341.76
116 5843 341.76
116 5844 341.76
116 5845 341.76
116 5846 341.76
116 5847 341.76
116 5848 341.76
116 5849 341.76
116 5850 341.76
116 5851 341.76
116 5852 341.76
116 5853 341.76
116 5854 341.76
116 5855 341.76
116 5856 341.76
116 5857 341.76
116 5858 341.76
116 5859 341.76
116 5860 341.76
116 5861 341.76
116 5862 341.76
116 5863 341.76
116 5864 341.76
116 5865 341.76
116 5866 341.76
116 5867 341.76
116 5868 341.76
116 5869 341.76
116 5870 341.76
116 5871 341.76
116 5872 341.76
116 5873 341.76
117 5874 341.76
117 5875 341.76
117 5876 341.76
117 5877 341.76
117 5878 341.76
117 5879 341.76
117 5880 341.76
117 5881 341.76
117 5882 341.76
117 5883 341.76
117 5884 341.76
117 5885 341.76
117 5886 341.76
117 5887 341.76
117 5888 341.76
117 5889 341.76
117 5890 341.76
117 5891 341.76
117 5892 341.76
117 5893 341.76
117 5894 341.76
117 5895 341.76
117 5896 341.76
117 5897 341.76
117 5898 341.76
117 5899 341.76
117 5900 341.76
117 5901 341.76
117 5902 341.76
117 5903 341.76
117 5904 341.76
117 5905 341.76
117 5906 341.76
117 5907 341.76
117 5908 341.76
117 5909 341.76
117 5910 341.76
117 5911 341.76
117 5912 341.76
117 5913 341.76
117 5914 341.76
117 5915 341.76
117 5916 341.76
117 5917 341.76
117 5918 341.76
117 5919 341.76
117 5920 341.76
117 5921 341.76
117 5922 341.76
118 5923 341.76
118 5924 341.76
118 5925 341.76
118 5926 341.76
118 5927 341.76
118 5928 341.76
118 5929 341.76
118 5930 341.76
118 5931 341.76
118 5932 341.76
118 5933 341.76
118 5934 341.76
118 5935 341.76
118 5936 341.76
118 5937 341.76
118 5938 341.76
118 5939 341.76
118 5940 341.76
118 5941 341.76
118 5942 341.76
118 5943 341.76
118 5944 341.76
118 5945 341.76
118 5946 341.76
118 5947 341.76
118 5948 341.76
118 5949 341.76
118 5950 341.76
118 5951 341.76
118 5952 341.76
118 5953 341.76
118 5954 341.76
118 5955 341.76
118 5956 341.76
118 5957 341.76
118 5958 341.76
118 5959 341.76
118 5960 341.76
118 5961 341.76
118 5962 341.76
118 5963 341.76
118 5964 341.76
118 5965 341.76
118 5966 341.76
119 5967 341.76
119 5968 341.76
119 5969 341.76
119 5970 341.76
119 5971 341.76
119 5972 341.76
119 5973 341.76
119 5974 341.76
119 5975 341.76
119 5976 341.76
119 5977 341.76
119 5978 341.76
119 5979 341.76
119 5980 341.76
119 5981 341.76
119 5982 341.76
119 5983 341.76
119 5984 341.76
119 5985 341.76
119 5986 341.76
119 5987 341.76
119 5988 341.76
119 5989 341.76
119 5990 341.76
119 5991 341.76
119 5992 341.76
119 5993 341.76
119 5994 341.76
119 5995 341.76
119 5996 341.76
119 5997 341.76
119 5998 341.76
119 5999 341.76
119 6000 341.76
119 6001 341.76
119 6002 341.76
119 6003 341.76
119 6004 341.76
119 6005 341.76
119 6006 341.76
119 6007 341.76
119 6008 341.76
119 6009 341.76
119 6010 341.76
119 6011 341.76
119 6012 341.76
119 6013 341.76
119 6014 341.76
119 6015 341.76
120 6016 341.76
120 6017 341.76
120 6018 341.76
120 6019 341.76
120 6020 341.76
120 6021 341.76
120 6022 341.76
120 6023 341.76
120 6024 341.76
120 6025 341.76
120 6026 341.76
120 6027 341.76
120 6028 341.76
120 6029 341.76
120 6030 341.76
120 6031 341.76
120 6032 341.76
120 6033 341.76
120 6034 341.76
120 6035 341.76
120 6036 341.76
120 6037 341.76
120 6038 341.76
120 6039 341.76
120 6040 341.76
120 6041 341.76
120 6042 341.76
120 6043 341.76
120 6044 341.76
120 6045 341.76
120 6046 341.76
120 6047 341.76
120 6048 341.76
120 6049 341.76
120 6050 341.76
120 6051 341.76
120 6052 341.76
120 6053 341.76
120 6054 341.76
120 6055 341.76
120 6056 341.76
120 6057 341.76
120 6058 341.76
120 6059 341.76
120 6060 341.76
121 6061 341.76
