0 1 31777.369999999995
0 2 22217.280000000002
0 3 22191.920000000002
0 4 22007.36
1 5 20337.73
1 6 18458.69
1 7 18458.69
1 8 18094.159999999996
1 9 18039.119999999995
1 10 18039.119999999995
1 11 18014.799999999996
1 12 17925.479999999996
1 13 17827.399999999998
1 14 17827.399999999998
1 15 17631.12
1 16 17605.96
1 17 17514.0
1 18 16341.32
1 19 16341.32
1 20 16157.0
1 21 15156.04
1 22 15071.560000000001
1 23 15022.0
1 24 14848.36
1 25 14833.480000000001
1 26 14667.400000000001
1 27 14448.200000000003
1 28 14442.030000000002
1 29 13887.750000000002
1 30 12941.870000000003
1 31 12834.350000000002
1 32 12822.950000000003
1 33 12598.830000000002
1 34 12598.830000000002
1 35 12596.460000000001
1 36 12503.470000000001
1 37 12500.590000000002
1 38 12410.150000000001
1 39 12410.100000000002
1 40 12290.470000000001
1 41 12245.350000000002
1 42 11906.470000000001
1 43 11810.470000000001
1 44 11796.870000000003
1 45 11609.990000000002
1 46 11609.990000000002
1 47 11383.110000000002
1 48 11383.110000000002
1 49 10727.750000000002
1 50 10727.750000000002
1 51 10173.140000000001
1 52 10173.140000000001
1 53 10021.250000000002
1 54 9946.000000000002
1 55 9681.04
1 56 9681.04
1 57 9668.480000000001
1 58 9653.680000000002
1 59 9498.480000000001
1 60 9498.480000000001
1 61 9232.199999999999
2 62 9232.199999999999
2 63 9154.89
2 64 9104.199999999999
2 65 9098.039999999999
2 66 9035.65
2 67 8917.32
2 68 8848.77
2 69 8848.77
2 70 8801.73
2 71 8272.77
2 72 8178.05
2 73 8178.05
2 74 8066.6900000000005
2 75 8066.6900000000005
2 76 7704.93
2 77 7704.93
2 78 7704.93
2 79 7651.21
2 80 7278.17
2 81 7278.17
2 82 7267.530000000001
2 83 7061.849999999999
2 84 6934.01
2 85 6934.01
2 86 6717.69
2 87 6717.69
2 88 6615.929999999999
2 89 6444.21
2 90 6444.21
2 91 6444.21
2 92 6424.21
2 93 6337.52
2 94 6337.52
2 95 6127.6
2 96 5929.84
2 97 5556.84
2 98 5398.599999999999
2 99 5398.599999999999
2 100 5296.84
2 101 5296.84
2 102 5296.84
2 103 5186.0
2 104 5186.0
2 105 5186.0
2 106 4802.0
2 107 4802.0
2 108 4159.3099999999995
2 109 4159.3099999999995
2 110 4159.3099999999995
2 111 4150.3099999999995
2 112 4106.3099999999995
2 113 4039.31
2 114 4039.31
2 115 4039.31
2 116 4039.31
2 117 4039.31
2 118 4019.31
2 119 3972.11
2 120 3972.11
2 121 3972.11
2 122 3960.5099999999998
3 123 3926.03
3 124 3916.9900000000002
3 125 3762.19
3 126 3762.19
3 127 3698.19
3 128 3698.19
3 129 3577.23
3 130 3561.23
3 131 3553.23
3 132 3553.23
3 133 3452.7500000000005
3 134 3452.7500000000005
3 135 3452.7500000000005
3 136 3428.7500000000005
3 137 3358.03
3 138 3345.5499999999997
3 139 3345.5499999999997
3 140 3345.5499999999997
3 141 3321.8700000000003
3 142 3321.8700000000003
3 143 3317.3100000000004
3 144 3317.3100000000004
3 145 3278.35
3 146 3267.07
3 147 3102.35
3 148 3102.35
3 149 3102.35
3 150 3102.35
3 151 3090.6699999999996
3 152 3090.6699999999996
3 153 3090.6699999999996
3 154 3074.6699999999996
3 155 3074.6699999999996
3 156 3066.67
3 157 3050.6699999999996
3 158 3050.6699999999996
3 159 3050.6699999999996
3 160 3011.15
3 161 2997.1899999999996
3 162 2966.67
3 163 2953.67
3 164 2304.86
3 165 2142.25
3 166 2142.25
3 167 2126.25
3 168 2126.25
3 169 2110.25
3 170 2110.25
3 171 2110.25
3 172 2088.9700000000003
3 173 1977.0000000000002
3 174 1977.0000000000002
3 175 1937.0000000000002
3 176 1937.0000000000002
3 177 1928.0000000000002
3 178 1892.8400000000001
3 179 1881.5600000000002
3 180 1881.5600000000002
3 181 1877.5600000000002
3 182 1877.5600000000002
3 183 1873.5600000000002
3 184 1873.5600000000002
3 185 1873.5600000000002
3 186 1865.5600000000002
3 187 1865.5600000000002
4 188 1809.5600000000002
4 189 1707.3200000000002
4 190 1707.3200000000002
4 191 1702.3200000000002
4 192 1685.72
4 193 1685.72
4 194 1673.1600000000003
4 195 1673.1600000000003
4 196 1651.88
4 197 1651.88
4 198 1487.7200000000003
4 199 1487.7200000000003
4 200 1325.1100000000001
4 201 1325.1100000000001
4 202 1325.1100000000001
4 203 1325.1100000000001
4 204 1325.1100000000001
4 205 1218.42
4 206 1218.42
4 207 1154.42
4 208 1154.42
4 209 1149.42
4 210 1149.42
4 211 1125.42
4 212 1125.42
4 213 1125.42
4 214 1125.42
4 215 1125.42
4 216 1121.42
4 217 1121.42
4 218 1121.42
4 219 1121.42
4 220 1121.42
4 221 957.58
4 222 957.58
4 223 941.8100000000001
4 224 941.8100000000001
4 225 777.97
4 226 777.97
4 227 777.97
4 228 777.97
4 229 776.97
4 230 776.97
4 231 772.97
4 232 761.97
4 233 760.97
4 234 760.97
4 235 760.97
4 236 756.4100000000001
4 237 756.4100000000001
4 238 756.4100000000001
4 239 756.4100000000001
4 240 747.2900000000002
4 241 692.4100000000001
4 242 692.4100000000001
4 243 691.4100000000001
4 244 691.4100000000001
4 245 691.4100000000001
4 246 691.4100000000001
4 247 691.4100000000001
4 248 691.4100000000001
4 249 683.4100000000001
4 250 683.4100000000001
4 251 527.57
4 252 527.57
4 253 519.57
5 254 519.57
5 255 518.57
5 256 518.57
5 257 518.57
5 258 518.57
5 259 518.57
5 260 518.57
5 261 518.57
5 262 518.57
5 263 518.57
5 264 518.57
5 265 514.57
5 266 514.57
5 267 513.57
5 268 513.57
5 269 504.45000000000005
5 270 504.45000000000005
5 271 504.45000000000005
5 272 504.45000000000005
5 273 504.45000000000005
5 274 503.45000000000005
5 275 502.20000000000005
5 276 498.20000000000005
5 277 498.20000000000005
5 278 498.20000000000005
5 279 498.20000000000005
5 280 498.20000000000005
5 281 498.20000000000005
5 282 498.20000000000005
5 283 498.20000000000005
5 284 498.20000000000005
5 285 498.20000000000005
5 286 498.20000000000005
5 287 498.20000000000005
5 288 498.20000000000005
5 289 498.20000000000005
5 290 498.20000000000005
5 291 498.20000000000005
5 292 482.2
5 293 482.2
5 294 482.2
5 295 482.2
5 296 482.2
5 297 481.2
5 298 481.2
5 299 481.2
5 300 481.2
5 301 481.2
5 302 481.2
5 303 481.2
5 304 481.2
5 305 481.2
5 306 481.2
5 307 481.2
5 308 481.2
5 309 481.2
5 310 481.2
6 311 481.2
6 312 481.2
6 313 477.2
6 314 477.2
6 315 473.2
6 316 473.2
6 317 473.2
6 318 473.2
6 319 473.2
6 320 473.2
6 321 473.2
6 322 473.2
6 323 473.2
6 324 473.2
6 325 473.2
6 326 473.2
6 327 473.2
6 328 473.2
6 329 473.2
6 330 473.2
6 331 473.2
6 332 473.2
6 333 473.2
6 334 473.2
6 335 472.2
6 336 472.2
6 337 472.2
6 338 472.2
6 339 472.2
6 340 472.2
6 341 472.2
6 342 472.2
6 343 471.2
6 344 471.2
6 345 471.2
6 346 467.2
6 347 467.2
6 348 467.2
6 349 467.2
6 350 467.2
6 351 467.2
6 352 467.2
6 353 467.2
6 354 467.2
6 355 467.2
6 356 467.2
6 357 467.2
6 358 467.2
6 359 467.2
6 360 467.2
6 361 467.2
6 362 467.2
6 363 467.2
6 364 467.2
6 365 467.2
6 366 467.2
6 367 467.2
6 368 467.2
6 369 467.2
6 370 467.2
6 371 467.2
7 372 467.2
7 373 467.2
7 374 467.2
7 375 467.2
7 376 467.2
7 377 467.2
7 378 467.2
7 379 467.2
7 380 467.2
7 381 467.2
7 382 467.2
7 383 467.2
7 384 467.2
7 385 467.2
7 386 467.2
7 387 467.2
7 388 467.2
7 389 467.2
7 390 467.2
7 391 467.2
7 392 467.2
7 393 467.2
7 394 467.2
7 395 467.2
7 396 467.2
7 397 467.2
7 398 467.2
7 399 467.2
7 400 467.2
7 401 467.2
7 402 467.2
7 403 467.2
7 404 467.2
7 405 467.2
7 406 467.2
7 407 467.2
7 408 467.2
7 409 467.2
7 410 467.2
7 411 467.2
7 412 467.2
7 413 467.2
7 414 467.2
7 415 467.2
7 416 467.2
7 417 467.2
7 418 467.2
7 419 467.2
7 420 467.2
7 421 467.2
7 422 467.2
7 423 467.2
7 424 467.2
7 425 467.2
7 426 467.2
7 427 467.2
7 428 467.2
8 429 467.2
8 430 467.2
8 431 467.2
8 432 467.2
8 433 467.2
8 434 467.2
8 435 467.2
8 436 467.2
8 437 467.2
8 438 467.2
8 439 467.2
8 440 467.2
8 441 467.2
8 442 467.2
8 443 467.2
8 444 467.2
8 445 467.2
8 446 467.2
8 447 467.2
8 448 467.2
8 449 467.2
8 450 467.2
8 451 467.2
8 452 467.2
8 453 467.2
8 454 467.2
8 455 467.2
8 456 467.2
8 457 467.2
8 458 467.2
8 459 467.2
8 460 467.2
8 461 467.2
8 462 467.2
8 463 467.2
8 464 467.2
8 465 467.2
8 466 467.2
8 467 467.2
8 468 467.2
8 469 467.2
8 470 467.2
8 471 467.2
8 472 467.2
8 473 467.2
8 474 467.2
8 475 467.2
8 476 467.2
8 477 467.2
8 478 467.2
8 479 467.2
9 480 467.2
9 481 467.2
9 482 467.2
9 483 467.2
9 484 467.2
9 485 467.2
9 486 467.2
9 487 467.2
9 488 467.2
9 489 467.2
9 490 467.2
9 491 467.2
9 492 467.2
9 493 467.2
9 494 467.2
9 495 467.2
9 496 467.2
9 497 467.2
9 498 467.2
9 499 467.2
9 500 467.2
9 501 467.2
9 502 467.2
9 503 467.2
9 504 467.2
9 505 467.2
9 506 467.2
9 507 467.2
9 508 467.2
9 509 467.2
9 510 467.2
9 511 467.2
9 512 467.2
9 513 467.2
9 514 467.2
9 515 467.2
9 516 467.2
9 517 467.2
9 518 467.2
9 519 467.2
9 520 467.2
9 521 467.2
9 522 467.2
9 523 467.2
9 524 467.2
9 525 467.2
9 526 467.2
9 527 467.2
9 528 467.2
9 529 467.2
9 530 467.2
9 531 467.2
9 532 467.2
9 533 467.2
9 534 467.2
9 535 467.2
9 536 467.2
10 537 467.2
10 538 467.2
10 539 467.2
10 540 467.2
10 541 467.2
10 542 467.2
10 543 467.2
10 544 467.2
10 545 467.2
10 546 467.2
10 547 467.2
10 548 467.2
10 549 467.2
10 550 467.2
10 551 467.2
10 552 467.2
10 553 467.2
10 554 467.2
10 555 467.2
10 556 467.2
10 557 467.2
10 558 467.2
10 559 467.2
10 560 467.2
10 561 467.2
10 562 467.2
10 563 467.2
10 564 467.2
10 565 467.2
10 566 467.2
10 567 467.2
10 568 467.2
10 569 467.2
10 570 467.2
10 571 467.2
10 572 467.2
10 573 467.2
10 574 467.2
10 575 467.2
10 576 467.2
10 577 467.2
10 578 467.2
10 579 467.2
10 580 467.2
10 581 467.2
10 582 467.2
10 583 467.2
10 584 467.2
10 585 467.2
11 586 467.2
11 587 467.2
11 588 467.2
11 589 467.2
11 590 467.2
11 591 467.2
11 592 467.2
11 593 467.2
11 594 467.2
11 595 467.2
11 596 467.2
11 597 467.2
11 598 467.2
11 599 467.2
11 600 467.2
11 601 467.2
11 602 467.2
11 603 467.2
11 604 467.2
11 605 467.2
11 606 467.2
11 607 467.2
11 608 467.2
11 609 467.2
11 610 467.2
11 611 467.2
11 612 467.2
11 613 467.2
11 614 467.2
11 615 467.2
11 616 467.2
11 617 467.2
11 618 467.2
11 619 467.2
11 620 467.2
11 621 467.2
11 622 467.2
11 623 467.2
11 624 467.2
11 625 467.2
11 626 467.2
11 627 467.2
11 628 467.2
11 629 467.2
11 630 467.2
11 631 467.2
11 632 467.2
11 633 467.2
11 634 467.2
11 635 467.2
11 636 467.2
11 637 467.2
11 638 467.2
11 639 467.2
12 640 467.2
12 641 467.2
12 642 467.2
12 643 467.2
12 644 467.2
12 645 467.2
12 646 467.2
12 647 467.2
12 648 467.2
12 649 467.2
12 650 467.2
12 651 467.2
12 652 467.2
12 653 467.2
12 654 467.2
12 655 467.2
12 656 467.2
12 657 467.2
12 658 467.2
12 659 467.2
12 660 467.2
12 661 467.2
12 662 467.2
12 663 467.2
12 664 467.2
12 665 467.2
12 666 467.2
12 667 467.2
12 668 467.2
12 669 467.2
12 670 467.2
12 671 467.2
12 672 467.2
12 673 467.2
12 674 467.2
12 675 467.2
12 676 467.2
12 677 467.2
12 678 467.2
12 679 467.2
12 680 467.2
12 681 467.2
12 682 467.2
12 683 467.2
12 684 467.2
12 685 467.2
12 686 467.2
12 687 467.2
12 688 467.2
12 689 467.2
12 690 467.2
12 691 467.2
12 692 467.2
12 693 467.2
12 694 467.2
13 695 467.2
13 696 467.2
13 697 467.2
13 698 467.2
13 699 467.2
13 700 467.2
13 701 467.2
13 702 467.2
13 703 467.2
13 704 467.2
13 705 467.2
13 706 467.2
13 707 467.2
13 708 467.2
13 709 467.2
13 710 467.2
13 711 467.2
13 712 467.2
13 713 467.2
13 714 467.2
13 715 467.2
13 716 467.2
13 717 467.2
13 718 467.2
13 719 467.2
13 720 467.2
13 721 467.2
13 722 467.2
13 723 467.2
13 724 467.2
13 725 467.2
13 726 467.2
13 727 467.2
13 728 467.2
13 729 467.2
13 730 467.2
13 731 467.2
13 732 467.2
13 733 467.2
13 734 467.2
13 735 467.2
13 736 467.2
13 737 467.2
13 738 467.2
13 739 467.2
13 740 467.2
13 741 467.2
13 742 467.2
13 743 467.2
13 744 467.2
13 745 467.2
13 746 467.2
13 747 467.2
13 748 467.2
13 749 467.2
13 750 467.2
13 751 467.2
14 752 467.2
14 753 467.2
14 754 467.2
14 755 467.2
14 756 467.2
14 757 467.2
14 758 467.2
14 759 467.2
14 760 467.2
14 761 467.2
14 762 467.2
14 763 467.2
14 764 467.2
14 765 467.2
14 766 467.2
14 767 467.2
14 768 467.2
14 769 467.2
14 770 467.2
14 771 467.2
14 772 467.2
14 773 467.2
14 774 467.2
14 775 467.2
14 776 467.2
14 777 467.2
14 778 467.2
14 779 467.2
14 780 467.2
14 781 467.2
14 782 467.2
14 783 467.2
14 784 467.2
14 785 467.2
14 786 467.2
14 787 467.2
14 788 467.2
14 789 467.2
14 790 467.2
14 791 467.2
14 792 467.2
14 793 467.2
14 794 467.2
14 795 467.2
14 796 467.2
14 797 467.2
14 798 467.2
14 799 467.2
14 800 467.2
14 801 467.2
14 802 467.2
14 803 467.2
14 804 467.2
14 805 467.2
14 806 467.2
14 807 467.2
14 808 467.2
14 809 467.2
15 810 467.2
15 811 467.2
15 812 467.2
15 813 467.2
15 814 467.2
15 815 467.2
15 816 467.2
15 817 467.2
15 818 467.2
15 819 467.2
15 820 467.2
15 821 467.2
15 822 467.2
15 823 467.2
15 824 467.2
15 825 467.2
15 826 467.2
15 827 467.2
15 828 467.2
15 829 467.2
15 830 467.2
15 831 467.2
15 832 467.2
15 833 467.2
15 834 467.2
15 835 467.2
15 836 467.2
15 837 467.2
15 838 467.2
15 839 467.2
15 840 467.2
15 841 467.2
15 842 467.2
15 843 467.2
15 844 467.2
15 845 467.2
15 846 467.2
15 847 467.2
15 848 467.2
15 849 467.2
15 850 467.2
15 851 467.2
15 852 467.2
15 853 467.2
15 854 467.2
15 855 467.2
15 856 467.2
15 857 467.2
15 858 467.2
15 859 467.2
15 860 467.2
15 861 467.2
15 862 467.2
15 863 467.2
15 864 467.2
15 865 467.2
15 866 467.2
15 867 467.2
16 868 467.2
16 869 467.2
16 870 467.2
16 871 467.2
16 872 467.2
16 873 467.2
16 874 467.2
16 875 467.2
16 876 467.2
16 877 467.2
16 878 467.2
16 879 467.2
16 880 467.2
16 881 467.2
16 882 467.2
16 883 467.2
16 884 467.2
16 885 467.2
16 886 467.2
16 887 467.2
16 888 467.2
16 889 467.2
16 890 467.2
16 891 467.2
16 892 467.2
16 893 467.2
16 894 467.2
16 895 467.2
16 896 467.2
16 897 467.2
16 898 467.2
16 899 467.2
16 900 467.2
16 901 467.2
16 902 467.2
16 903 467.2
16 904 467.2
16 905 467.2
16 906 467.2
16 907 467.2
16 908 467.2
16 909 467.2
16 910 467.2
16 911 467.2
16 912 467.2
16 913 467.2
16 914 467.2
16 915 467.2
16 916 467.2
16 917 467.2
16 918 467.2
16 919 467.2
16 920 467.2
16 921 467.2
16 922 467.2
16 923 467.2
16 924 467.2
16 925 467.2
16 926 467.2
16 927 467.2
17 928 467.2
17 929 467.2
17 930 467.2
17 931 467.2
17 932 467.2
17 933 467.2
17 934 467.2
17 935 467.2
17 936 467.2
17 937 467.2
17 938 467.2
17 939 467.2
17 940 467.2
17 941 467.2
17 942 467.2
17 943 467.2
17 944 467.2
17 945 467.2
17 946 467.2
17 947 467.2
17 948 467.2
17 949 467.2
17 950 467.2
17 951 467.2
17 952 467.2
17 953 467.2
17 954 467.2
17 955 467.2
17 956 467.2
17 957 467.2
17 958 467.2
17 959 467.2
17 960 467.2
17 961 467.2
17 962 467.2
17 963 467.2
17 964 467.2
17 965 467.2
17 966 467.2
17 967 467.2
17 968 467.2
17 969 467.2
17 970 467.2
17 971 467.2
17 972 467.2
17 973 467.2
17 974 467.2
17 975 467.2
17 976 467.2
17 977 467.2
17 978 467.2
17 979 467.2
17 980 467.2
17 981 467.2
17 982 467.2
17 983 467.2
17 984 467.2
18 985 467.2
18 986 467.2
18 987 467.2
18 988 467.2
18 989 467.2
18 990 467.2
18 991 467.2
18 992 467.2
18 993 467.2
18 994 467.2
18 995 467.2
18 996 467.2
18 997 467.2
18 998 467.2
18 999 467.2
18 1000 467.2
18 1001 467.2
18 1002 467.2
18 1003 467.2
18 1004 467.2
18 1005 467.2
18 1006 467.2
18 1007 467.2
18 1008 467.2
18 1009 467.2
18 1010 467.2
18 1011 467.2
18 1012 467.2
18 1013 467.2
18 1014 467.2
18 1015 467.2
18 1016 467.2
18 1017 467.2
18 1018 467.2
18 1019 467.2
18 1020 467.2
18 1021 467.2
18 1022 467.2
18 1023 467.2
18 1024 467.2
18 1025 467.2
18 1026 467.2
18 1027 467.2
18 1028 467.2
18 1029 467.2
18 1030 467.2
18 1031 467.2
18 1032 467.2
18 1033 467.2
18 1034 467.2
18 1035 467.2
18 1036 467.2
18 1037 467.2
18 1038 467.2
18 1039 467.2
18 1040 467.2
18 1041 467.2
18 1042 467.2
18 1043 467.2
18 1044 467.2
18 1045 467.2
19 1046 467.2
19 1047 467.2
19 1048 467.2
19 1049 467.2
19 1050 467.2
19 1051 467.2
19 1052 467.2
19 1053 467.2
19 1054 467.2
19 1055 467.2
19 1056 467.2
19 1057 467.2
19 1058 467.2
19 1059 467.2
19 1060 467.2
19 1061 467.2
19 1062 467.2
19 1063 467.2
19 1064 467.2
19 1065 467.2
19 1066 467.2
19 1067 467.2
19 1068 467.2
19 1069 467.2
19 1070 467.2
19 1071 467.2
19 1072 467.2
19 1073 467.2
19 1074 467.2
19 1075 467.2
19 1076 467.2
19 1077 467.2
19 1078 467.2
19 1079 467.2
19 1080 467.2
19 1081 467.2
19 1082 467.2
19 1083 467.2
19 1084 467.2
19 1085 467.2
19 1086 467.2
19 1087 467.2
19 1088 467.2
19 1089 467.2
19 1090 467.2
19 1091 467.2
19 1092 467.2
19 1093 467.2
19 1094 467.2
19 1095 467.2
19 1096 467.2
19 1097 467.2
19 1098 467.2
19 1099 467.2
19 1100 467.2
19 1101 467.2
19 1102 467.2
19 1103 467.2
19 1104 467.2
20 1105 467.2
20 1106 467.2
20 1107 467.2
20 1108 467.2
20 1109 467.2
20 1110 467.2
20 1111 467.2
20 1112 467.2
20 1113 467.2
20 1114 467.2
20 1115 467.2
20 1116 467.2
20 1117 467.2
20 1118 467.2
20 1119 467.2
20 1120 467.2
20 1121 467.2
20 1122 467.2
20 1123 467.2
20 1124 467.2
20 1125 467.2
20 1126 467.2
20 1127 467.2
20 1128 467.2
20 1129 467.2
20 1130 467.2
20 1131 467.2
20 1132 467.2
20 1133 467.2
20 1134 467.2
20 1135 467.2
20 1136 467.2
20 1137 467.2
20 1138 467.2
20 1139 467.2
20 1140 467.2
20 1141 467.2
20 1142 467.2
20 1143 467.2
20 1144 467.2
20 1145 467.2
20 1146 467.2
20 1147 467.2
20 1148 467.2
20 1149 467.2
20 1150 467.2
20 1151 467.2
20 1152 467.2
20 1153 467.2
20 1154 467.2
20 1155 467.2
20 1156 467.2
20 1157 467.2
20 1158 467.2
20 1159 467.2
21 1160 467.2
21 1161 467.2
21 1162 467.2
21 1163 467.2
21 1164 467.2
21 1165 467.2
21 1166 467.2
21 1167 467.2
21 1168 467.2
21 1169 467.2
21 1170 467.2
21 1171 467.2
21 1172 467.2
21 1173 467.2
21 1174 467.2
21 1175 467.2
21 1176 467.2
21 1177 467.2
21 1178 467.2
21 1179 467.2
21 1180 467.2
21 1181 467.2
21 1182 467.2
21 1183 467.2
21 1184 467.2
21 1185 467.2
21 1186 467.2
21 1187 467.2
21 1188 467.2
21 1189 467.2
21 1190 467.2
21 1191 467.2
21 1192 467.2
21 1193 467.2
21 1194 467.2
21 1195 467.2
21 1196 467.2
21 1197 467.2
21 1198 467.2
21 1199 467.2
21 1200 467.2
21 1201 467.2
21 1202 467.2
21 1203 467.2
21 1204 467.2
21 1205 467.2
21 1206 467.2
21 1207 467.2
21 1208 467.2
21 1209 467.2
21 1210 467.2
21 1211 467.2
21 1212 467.2
21 1213 467.2
21 1214 467.2
21 1215 467.2
21 1216 467.2
21 1217 467.2
21 1218 467.2
21 1219 467.2
22 1220 467.2
22 1221 467.2
22 1222 467.2
22 1223 467.2
22 1224 467.2
22 1225 467.2
22 1226 467.2
22 1227 467.2
22 1228 467.2
22 1229 467.2
22 1230 467.2
22 1231 467.2
22 1232 467.2
22 1233 467.2
22 1234 467.2
22 1235 467.2
22 1236 467.2
22 1237 467.2
22 1238 467.2
22 1239 467.2
22 1240 467.2
22 1241 467.2
22 1242 467.2
22 1243 467.2
22 1244 467.2
22 1245 467.2
22 1246 467.2
22 1247 467.2
22 1248 467.2
22 1249 467.2
22 1250 467.2
22 1251 467.2
22 1252 467.2
22 1253 467.2
22 1254 467.2
22 1255 467.2
22 1256 467.2
22 1257 467.2
22 1258 467.2
22 1259 467.2
22 1260 467.2
22 1261 467.2
22 1262 467.2
22 1263 467.2
22 1264 467.2
22 1265 467.2
22 1266 467.2
22 1267 467.2
22 1268 467.2
22 1269 467.2
22 1270 467.2
22 1271 467.2
22 1272 467.2
22 1273 467.2
22 1274 467.2
22 1275 467.2
22 1276 467.2
22 1277 467.2
22 1278 467.2
23 1279 467.2
23 1280 467.2
23 1281 467.2
23 1282 467.2
23 1283 467.2
23 1284 467.2
23 1285 467.2
23 1286 467.2
23 1287 467.2
23 1288 467.2
23 1289 467.2
23 1290 467.2
23 1291 467.2
23 1292 467.2
23 1293 467.2
23 1294 467.2
23 1295 467.2
23 1296 467.2
23 1297 467.2
23 1298 467.2
23 1299 467.2
23 1300 467.2
23 1301 467.2
23 1302 467.2
23 1303 467.2
23 1304 467.2
23 1305 467.2
23 1306 467.2
23 1307 467.2
23 1308 467.2
23 1309 467.2
23 1310 467.2
23 1311 467.2
23 1312 467.2
23 1313 467.2
23 1314 467.2
23 1315 467.2
23 1316 467.2
23 1317 467.2
23 1318 467.2
23 1319 467.2
23 1320 467.2
23 1321 467.2
23 1322 467.2
23 1323 467.2
23 1324 467.2
23 1325 467.2
23 1326 467.2
23 1327 467.2
23 1328 467.2
23 1329 467.2
23 1330 467.2
23 1331 467.2
23 1332 467.2
23 1333 467.2
23 1334 467.2
23 1335 467.2
24 1336 467.2
24 1337 467.2
24 1338 467.2
24 1339 467.2
24 1340 467.2
24 1341 467.2
24 1342 467.2
24 1343 467.2
24 1344 467.2
24 1345 467.2
24 1346 467.2
24 1347 467.2
24 1348 467.2
24 1349 467.2
24 1350 467.2
24 1351 467.2
24 1352 467.2
24 1353 467.2
24 1354 467.2
24 1355 467.2
24 1356 467.2
24 1357 467.2
24 1358 467.2
24 1359 467.2
24 1360 467.2
24 1361 467.2
24 1362 467.2
24 1363 467.2
24 1364 467.2
24 1365 467.2
24 1366 467.2
24 1367 467.2
24 1368 467.2
24 1369 467.2
24 1370 467.2
24 1371 467.2
24 1372 467.2
24 1373 467.2
24 1374 467.2
24 1375 467.2
24 1376 467.2
24 1377 467.2
24 1378 467.2
24 1379 467.2
24 1380 467.2
24 1381 467.2
24 1382 467.2
24 1383 467.2
24 1384 467.2
24 1385 467.2
24 1386 467.2
24 1387 467.2
24 1388 467.2
24 1389 467.2
24 1390 467.2
24 1391 467.2
24 1392 467.2
24 1393 467.2
24 1394 467.2
24 1395 467.2
24 1396 467.2
24 1397 467.2
25 1398 467.2
25 1399 467.2
25 1400 467.2
25 1401 467.2
25 1402 467.2
25 1403 467.2
25 1404 467.2
25 1405 467.2
25 1406 467.2
25 1407 467.2
25 1408 467.2
25 1409 467.2
25 1410 467.2
25 1411 467.2
25 1412 467.2
25 1413 467.2
25 1414 467.2
25 1415 467.2
25 1416 467.2
25 1417 467.2
25 1418 467.2
25 1419 467.2
25 1420 467.2
25 1421 467.2
25 1422 467.2
25 1423 467.2
25 1424 467.2
25 1425 467.2
25 1426 467.2
25 1427 467.2
25 1428 467.2
25 1429 467.2
25 1430 467.2
25 1431 467.2
25 1432 467.2
25 1433 467.2
25 1434 467.2
25 1435 467.2
25 1436 467.2
25 1437 467.2
25 1438 467.2
25 1439 467.2
25 1440 467.2
25 1441 467.2
25 1442 467.2
25 1443 467.2
25 1444 467.2
25 1445 467.2
25 1446 467.2
25 1447 467.2
25 1448 467.2
25 1449 467.2
25 1450 467.2
25 1451 467.2
25 1452 467.2
25 1453 467.2
25 1454 467.2
26 1455 467.2
26 1456 467.2
26 1457 467.2
26 1458 467.2
26 1459 467.2
26 1460 467.2
26 1461 467.2
26 1462 467.2
26 1463 467.2
26 1464 467.2
26 1465 467.2
26 1466 467.2
26 1467 467.2
26 1468 467.2
26 1469 467.2
26 1470 467.2
26 1471 467.2
26 1472 467.2
26 1473 467.2
26 1474 467.2
26 1475 467.2
26 1476 467.2
26 1477 467.2
26 1478 467.2
26 1479 467.2
26 1480 467.2
26 1481 467.2
26 1482 467.2
26 1483 467.2
26 1484 467.2
26 1485 467.2
26 1486 467.2
26 1487 467.2
26 1488 467.2
26 1489 467.2
26 1490 467.2
26 1491 467.2
26 1492 467.2
26 1493 467.2
26 1494 467.2
26 1495 467.2
26 1496 467.2
26 1497 467.2
26 1498 467.2
26 1499 467.2
26 1500 467.2
26 1501 467.2
26 1502 467.2
26 1503 467.2
26 1504 467.2
26 1505 467.2
26 1506 467.2
26 1507 467.2
26 1508 467.2
26 1509 467.2
26 1510 467.2
27 1511 467.2
27 1512 467.2
27 1513 467.2
27 1514 467.2
27 1515 467.2
27 1516 467.2
27 1517 467.2
27 1518 467.2
27 1519 467.2
27 1520 467.2
27 1521 467.2
27 1522 467.2
27 1523 467.2
27 1524 467.2
27 1525 467.2
27 1526 467.2
27 1527 467.2
27 1528 467.2
27 1529 467.2
27 1530 467.2
27 1531 467.2
27 1532 467.2
27 1533 467.2
27 1534 467.2
27 1535 467.2
27 1536 467.2
27 1537 467.2
27 1538 467.2
27 1539 467.2
27 1540 467.2
27 1541 467.2
27 1542 467.2
27 1543 467.2
27 1544 467.2
27 1545 467.2
27 1546 467.2
27 1547 467.2
27 1548 467.2
27 1549 467.2
27 1550 467.2
27 1551 467.2
27 1552 467.2
27 1553 467.2
27 1554 467.2
27 1555 467.2
27 1556 467.2
27 1557 467.2
27 1558 467.2
27 1559 467.2
27 1560 467.2
27 1561 467.2
27 1562 467.2
27 1563 467.2
27 1564 467.2
27 1565 467.2
27 1566 467.2
27 1567 467.2
27 1568 467.2
28 1569 467.2
28 1570 467.2
28 1571 467.2
28 1572 467.2
28 1573 467.2
28 1574 467.2
28 1575 467.2
28 1576 467.2
28 1577 467.2
28 1578 467.2
28 1579 467.2
28 1580 467.2
28 1581 467.2
28 1582 467.2
28 1583 467.2
28 1584 467.2
28 1585 467.2
28 1586 467.2
28 1587 467.2
28 1588 467.2
28 1589 467.2
28 1590 467.2
28 1591 467.2
28 1592 467.2
28 1593 467.2
28 1594 467.2
28 1595 467.2
28 1596 467.2
28 1597 467.2
28 1598 467.2
28 1599 467.2
28 1600 467.2
28 1601 467.2
28 1602 467.2
28 1603 467.2
28 1604 467.2
28 1605 467.2
28 1606 467.2
28 1607 467.2
28 1608 467.2
28 1609 467.2
28 1610 467.2
28 1611 467.2
28 1612 467.2
28 1613 467.2
28 1614 467.2
28 1615 467.2
28 1616 467.2
28 1617 467.2
28 1618 467.2
28 1619 467.2
28 1620 467.2
28 1621 467.2
28 1622 467.2
28 1623 467.2
28 1624 467.2
28 1625 467.2
29 1626 467.2
29 1627 467.2
29 1628 467.2
29 1629 467.2
29 1630 467.2
29 1631 467.2
29 1632 467.2
29 1633 467.2
29 1634 467.2
29 1635 467.2
29 1636 467.2
29 1637 467.2
29 1638 467.2
29 1639 467.2
29 1640 467.2
29 1641 467.2
29 1642 467.2
29 1643 467.2
29 1644 467.2
29 1645 467.2
29 1646 467.2
29 1647 467.2
29 1648 467.2
29 1649 467.2
29 1650 467.2
29 1651 467.2
29 1652 467.2
29 1653 467.2
29 1654 467.2
29 1655 467.2
29 1656 467.2
29 1657 467.2
29 1658 467.2
29 1659 467.2
29 1660 467.2
29 1661 467.2
29 1662 467.2
29 1663 467.2
29 1664 467.2
29 1665 467.2
29 1666 467.2
29 1667 467.2
29 1668 467.2
29 1669 467.2
29 1670 467.2
29 1671 467.2
29 1672 467.2
29 1673 467.2
29 1674 467.2
29 1675 467.2
29 1676 467.2
29 1677 467.2
29 1678 467.2
29 1679 467.2
29 1680 467.2
29 1681 467.2
29 1682 467.2
29 1683 467.2
29 1684 467.2
30 1685 467.2
30 1686 467.2
30 1687 467.2
30 1688 467.2
30 1689 467.2
30 1690 467.2
30 1691 467.2
30 1692 467.2
30 1693 467.2
30 1694 467.2
30 1695 467.2
30 1696 467.2
30 1697 467.2
30 1698 467.2
30 1699 467.2
30 1700 467.2
30 1701 467.2
30 1702 467.2
30 1703 467.2
30 1704 467.2
30 1705 467.2
30 1706 467.2
30 1707 467.2
30 1708 467.2
30 1709 467.2
30 1710 467.2
30 1711 467.2
30 1712 467.2
30 1713 467.2
30 1714 467.2
30 1715 467.2
30 1716 467.2
30 1717 467.2
30 1718 467.2
30 1719 467.2
30 1720 467.2
30 1721 467.2
30 1722 467.2
30 1723 467.2
30 1724 467.2
30 1725 467.2
30 1726 467.2
30 1727 467.2
30 1728 467.2
30 1729 467.2
30 1730 467.2
30 1731 467.2
30 1732 467.2
30 1733 467.2
30 1734 467.2
30 1735 467.2
30 1736 467.2
30 1737 467.2
30 1738 467.2
30 1739 467.2
30 1740 467.2
30 1741 467.2
30 1742 467.2
30 1743 467.2
30 1744 467.2
31 1745 467.2
31 1746 467.2
31 1747 467.2
31 1748 467.2
31 1749 467.2
31 1750 467.2
31 1751 467.2
31 1752 467.2
31 1753 467.2
31 1754 467.2
31 1755 467.2
31 1756 467.2
31 1757 467.2
31 1758 467.2
31 1759 467.2
31 1760 467.2
31 1761 467.2
31 1762 467.2
31 1763 467.2
31 1764 467.2
31 1765 467.2
31 1766 467.2
31 1767 467.2
31 1768 467.2
31 1769 467.2
31 1770 467.2
31 1771 467.2
31 1772 467.2
31 1773 467.2
31 1774 467.2
31 1775 467.2
31 1776 467.2
31 1777 467.2
31 1778 467.2
31 1779 467.2
31 1780 467.2
31 1781 467.2
31 1782 467.2
31 1783 467.2
31 1784 467.2
31 1785 467.2
31 1786 467.2
31 1787 467.2
31 1788 467.2
31 1789 467.2
31 1790 467.2
31 1791 467.2
31 1792 467.2
31 1793 467.2
31 1794 467.2
31 1795 467.2
31 1796 467.2
31 1797 467.2
31 1798 467.2
31 1799 467.2
31 1800 467.2
32 1801 467.2
32 1802 467.2
32 1803 467.2
32 1804 467.2
32 1805 467.2
32 1806 467.2
32 1807 467.2
32 1808 467.2
32 1809 467.2
32 1810 467.2
32 1811 467.2
32 1812 467.2
32 1813 467.2
32 1814 467.2
32 1815 467.2
32 1816 467.2
32 1817 467.2
32 1818 467.2
32 1819 467.2
32 1820 467.2
32 1821 467.2
32 1822 467.2
32 1823 467.2
32 1824 467.2
32 1825 467.2
32 1826 467.2
32 1827 467.2
32 1828 467.2
32 1829 467.2
32 1830 467.2
32 1831 467.2
32 1832 467.2
32 1833 467.2
32 1834 467.2
32 1835 467.2
32 1836 467.2
32 1837 467.2
32 1838 467.2
32 1839 467.2
32 1840 467.2
32 1841 467.2
32 1842 467.2
32 1843 467.2
32 1844 467.2
32 1845 467.2
32 1846 467.2
32 1847 467.2
32 1848 467.2
32 1849 467.2
32 1850 467.2
32 1851 467.2
32 1852 467.2
32 1853 467.2
32 1854 467.2
32 1855 467.2
32 1856 467.2
32 1857 467.2
32 1858 467.2
32 1859 467.2
33 1860 467.2
33 1861 467.2
33 1862 467.2
33 1863 467.2
33 1864 467.2
33 1865 467.2
33 1866 467.2
33 1867 467.2
33 1868 467.2
33 1869 467.2
33 1870 467.2
33 1871 467.2
33 1872 467.2
33 1873 467.2
33 1874 467.2
33 1875 467.2
33 1876 467.2
33 1877 467.2
33 1878 467.2
33 1879 467.2
33 1880 467.2
33 1881 467.2
33 1882 467.2
33 1883 467.2
33 1884 467.2
33 1885 467.2
33 1886 467.2
33 1887 467.2
33 1888 467.2
33 1889 467.2
33 1890 467.2
33 1891 467.2
33 1892 467.2
33 1893 467.2
33 1894 467.2
33 1895 467.2
33 1896 467.2
33 1897 467.2
33 1898 467.2
33 1899 467.2
33 1900 467.2
33 1901 467.2
33 1902 467.2
33 1903 467.2
33 1904 467.2
33 1905 467.2
33 1906 467.2
33 1907 467.2
33 1908 467.2
33 1909 467.2
33 1910 467.2
33 1911 467.2
33 1912 467.2
33 1913 467.2
33 1914 467.2
33 1915 467.2
34 1916 467.2
34 1917 467.2
34 1918 467.2
34 1919 467.2
34 1920 467.2
34 1921 467.2
34 1922 467.2
34 1923 467.2
34 1924 467.2
34 1925 467.2
34 1926 467.2
34 1927 467.2
34 1928 467.2
34 1929 467.2
34 1930 467.2
34 1931 467.2
34 1932 467.2
34 1933 467.2
34 1934 467.2
34 1935 467.2
34 1936 467.2
34 1937 467.2
34 1938 467.2
34 1939 467.2
34 1940 467.2
34 1941 467.2
34 1942 467.2
34 1943 467.2
34 1944 467.2
34 1945 467.2
34 1946 467.2
34 1947 467.2
34 1948 467.2
34 1949 467.2
34 1950 467.2
34 1951 467.2
34 1952 467.2
34 1953 467.2
34 1954 467.2
34 1955 467.2
34 1956 467.2
34 1957 467.2
34 1958 467.2
34 1959 467.2
34 1960 467.2
34 1961 467.2
34 1962 467.2
34 1963 467.2
34 1964 467.2
34 1965 467.2
34 1966 467.2
34 1967 467.2
34 1968 467.2
34 1969 467.2
34 1970 467.2
34 1971 467.2
34 1972 467.2
35 1973 467.2
35 1974 467.2
35 1975 467.2
35 1976 467.2
35 1977 467.2
35 1978 467.2
35 1979 467.2
35 1980 467.2
35 1981 467.2
35 1982 467.2
35 1983 467.2
35 1984 467.2
35 1985 467.2
35 1986 467.2
35 1987 467.2
35 1988 467.2
35 1989 467.2
35 1990 467.2
35 1991 467.2
35 1992 467.2
35 1993 467.2
35 1994 467.2
35 1995 467.2
35 1996 467.2
35 1997 467.2
35 1998 467.2
35 1999 467.2
35 2000 467.2
35 2001 467.2
35 2002 467.2
35 2003 467.2
35 2004 467.2
35 2005 467.2
35 2006 467.2
35 2007 467.2
35 2008 467.2
35 2009 467.2
35 2010 467.2
35 2011 467.2
35 2012 467.2
35 2013 467.2
35 2014 467.2
35 2015 467.2
35 2016 467.2
35 2017 467.2
35 2018 467.2
35 2019 467.2
35 2020 467.2
35 2021 467.2
35 2022 467.2
35 2023 467.2
35 2024 467.2
35 2025 467.2
35 2026 467.2
35 2027 467.2
35 2028 467.2
35 2029 467.2
35 2030 467.2
35 2031 467.2
35 2032 467.2
35 2033 467.2
35 2034 467.2
35 2035 467.2
36 2036 467.2
36 2037 467.2
36 2038 467.2
36 2039 467.2
36 2040 467.2
36 2041 467.2
36 2042 467.2
36 2043 467.2
36 2044 467.2
36 2045 467.2
36 2046 467.2
36 2047 467.2
36 2048 467.2
36 2049 467.2
36 2050 467.2
36 2051 467.2
36 2052 467.2
36 2053 467.2
36 2054 467.2
36 2055 467.2
36 2056 467.2
36 2057 467.2
36 2058 467.2
36 2059 467.2
36 2060 467.2
36 2061 467.2
36 2062 467.2
36 2063 467.2
36 2064 467.2
36 2065 467.2
36 2066 467.2
36 2067 467.2
36 2068 467.2
36 2069 467.2
36 2070 467.2
36 2071 467.2
36 2072 467.2
36 2073 467.2
36 2074 467.2
36 2075 467.2
36 2076 467.2
36 2077 467.2
36 2078 467.2
36 2079 467.2
36 2080 467.2
36 2081 467.2
36 2082 467.2
36 2083 467.2
36 2084 467.2
36 2085 467.2
36 2086 467.2
36 2087 467.2
36 2088 467.2
36 2089 467.2
36 2090 467.2
36 2091 467.2
36 2092 467.2
37 2093 467.2
37 2094 467.2
37 2095 467.2
37 2096 467.2
37 2097 467.2
37 2098 467.2
37 2099 467.2
37 2100 467.2
37 2101 467.2
37 2102 467.2
37 2103 467.2
37 2104 467.2
37 2105 467.2
37 2106 467.2
37 2107 467.2
37 2108 467.2
37 2109 467.2
37 2110 467.2
37 2111 467.2
37 2112 467.2
37 2113 467.2
37 2114 467.2
37 2115 467.2
37 2116 467.2
37 2117 467.2
37 2118 467.2
37 2119 467.2
37 2120 467.2
37 2121 467.2
37 2122 467.2
37 2123 467.2
37 2124 467.2
37 2125 467.2
37 2126 467.2
37 2127 467.2
37 2128 467.2
37 2129 467.2
37 2130 467.2
37 2131 467.2
37 2132 467.2
37 2133 467.2
37 2134 467.2
37 2135 467.2
37 2136 467.2
37 2137 467.2
37 2138 467.2
37 2139 467.2
37 2140 467.2
37 2141 467.2
37 2142 467.2
37 2143 467.2
37 2144 467.2
37 2145 467.2
37 2146 467.2
37 2147 467.2
37 2148 467.2
37 2149 467.2
37 2150 467.2
37 2151 467.2
38 2152 467.2
38 2153 467.2
38 2154 467.2
38 2155 467.2
38 2156 467.2
38 2157 467.2
38 2158 467.2
38 2159 467.2
38 2160 467.2
38 2161 467.2
38 2162 467.2
38 2163 467.2
38 2164 467.2
38 2165 467.2
38 2166 467.2
38 2167 467.2
38 2168 467.2
38 2169 467.2
38 2170 467.2
38 2171 467.2
38 2172 467.2
38 2173 467.2
38 2174 467.2
38 2175 467.2
38 2176 467.2
38 2177 467.2
38 2178 467.2
38 2179 467.2
38 2180 467.2
38 2181 467.2
38 2182 467.2
38 2183 467.2
38 2184 467.2
38 2185 467.2
38 2186 467.2
38 2187 467.2
38 2188 467.2
38 2189 467.2
38 2190 467.2
38 2191 467.2
38 2192 467.2
38 2193 467.2
38 2194 467.2
38 2195 467.2
38 2196 467.2
38 2197 467.2
38 2198 467.2
38 2199 467.2
38 2200 467.2
38 2201 467.2
38 2202 467.2
38 2203 467.2
38 2204 467.2
38 2205 467.2
38 2206 467.2
38 2207 467.2
38 2208 467.2
38 2209 467.2
38 2210 467.2
38 2211 467.2
38 2212 467.2
38 2213 467.2
39 2214 467.2
39 2215 467.2
39 2216 467.2
39 2217 467.2
39 2218 467.2
39 2219 467.2
39 2220 467.2
39 2221 467.2
39 2222 467.2
39 2223 467.2
39 2224 467.2
39 2225 467.2
39 2226 467.2
39 2227 467.2
39 2228 467.2
39 2229 467.2
39 2230 467.2
39 2231 467.2
39 2232 467.2
39 2233 467.2
39 2234 467.2
39 2235 467.2
39 2236 467.2
39 2237 467.2
39 2238 467.2
39 2239 467.2
39 2240 467.2
39 2241 467.2
39 2242 467.2
39 2243 467.2
39 2244 467.2
39 2245 467.2
39 2246 467.2
39 2247 467.2
39 2248 467.2
39 2249 467.2
39 2250 467.2
39 2251 467.2
39 2252 467.2
39 2253 467.2
39 2254 467.2
39 2255 467.2
39 2256 467.2
39 2257 467.2
39 2258 467.2
39 2259 467.2
39 2260 467.2
39 2261 467.2
39 2262 467.2
39 2263 467.2
39 2264 467.2
39 2265 467.2
39 2266 467.2
39 2267 467.2
39 2268 467.2
39 2269 467.2
39 2270 467.2
39 2271 467.2
40 2272 467.2
40 2273 467.2
40 2274 467.2
40 2275 467.2
40 2276 467.2
40 2277 467.2
40 2278 467.2
40 2279 467.2
40 2280 467.2
40 2281 467.2
40 2282 467.2
40 2283 467.2
40 2284 467.2
40 2285 467.2
40 2286 467.2
40 2287 467.2
40 2288 467.2
40 2289 467.2
40 2290 467.2
40 2291 467.2
40 2292 467.2
40 2293 467.2
40 2294 467.2
40 2295 467.2
40 2296 467.2
40 2297 467.2
40 2298 467.2
40 2299 467.2
40 2300 467.2
40 2301 467.2
40 2302 467.2
40 2303 467.2
40 2304 467.2
40 2305 467.2
40 2306 467.2
40 2307 467.2
40 2308 467.2
40 2309 467.2
40 2310 467.2
40 2311 467.2
40 2312 467.2
40 2313 467.2
40 2314 467.2
40 2315 467.2
40 2316 467.2
40 2317 467.2
40 2318 467.2
40 2319 467.2
40 2320 467.2
40 2321 467.2
40 2322 467.2
40 2323 467.2
40 2324 467.2
40 2325 467.2
40 2326 467.2
40 2327 467.2
40 2328 467.2
40 2329 467.2
40 2330 467.2
41 2331 467.2
41 2332 467.2
41 2333 467.2
41 2334 467.2
41 2335 467.2
41 2336 467.2
41 2337 467.2
41 2338 467.2
41 2339 467.2
41 2340 467.2
41 2341 467.2
41 2342 467.2
41 2343 467.2
41 2344 467.2
41 2345 467.2
41 2346 467.2
41 2347 467.2
41 2348 467.2
41 2349 467.2
41 2350 467.2
41 2351 467.2
41 2352 467.2
41 2353 467.2
41 2354 467.2
41 2355 467.2
41 2356 467.2
41 2357 467.2
41 2358 467.2
41 2359 467.2
41 2360 467.2
41 2361 467.2
41 2362 467.2
41 2363 467.2
41 2364 467.2
41 2365 467.2
41 2366 467.2
41 2367 467.2
41 2368 467.2
41 2369 467.2
41 2370 467.2
41 2371 467.2
41 2372 467.2
41 2373 467.2
41 2374 467.2
41 2375 467.2
41 2376 467.2
41 2377 467.2
41 2378 467.2
41 2379 467.2
41 2380 467.2
41 2381 467.2
41 2382 467.2
41 2383 467.2
41 2384 467.2
41 2385 467.2
41 2386 467.2
41 2387 467.2
41 2388 467.2
42 2389 467.2
42 2390 467.2
42 2391 467.2
42 2392 467.2
42 2393 467.2
42 2394 467.2
42 2395 467.2
42 2396 467.2
42 2397 467.2
42 2398 467.2
42 2399 467.2
42 2400 467.2
42 2401 467.2
42 2402 467.2
42 2403 467.2
42 2404 467.2
42 2405 467.2
42 2406 467.2
42 2407 467.2
42 2408 467.2
42 2409 467.2
42 2410 467.2
42 2411 467.2
42 2412 467.2
42 2413 467.2
42 2414 467.2
42 2415 467.2
42 2416 467.2
42 2417 467.2
42 2418 467.2
42 2419 467.2
42 2420 467.2
42 2421 467.2
42 2422 467.2
42 2423 467.2
42 2424 467.2
42 2425 467.2
42 2426 467.2
42 2427 467.2
42 2428 467.2
42 2429 467.2
42 2430 467.2
42 2431 467.2
42 2432 467.2
42 2433 467.2
42 2434 467.2
42 2435 467.2
42 2436 467.2
42 2437 467.2
42 2438 467.2
42 2439 467.2
42 2440 467.2
42 2441 467.2
42 2442 467.2
42 2443 467.2
43 2444 467.2
43 2445 467.2
43 2446 467.2
43 2447 467.2
43 2448 467.2
43 2449 467.2
43 2450 467.2
43 2451 467.2
43 2452 467.2
43 2453 467.2
43 2454 467.2
43 2455 467.2
43 2456 467.2
43 2457 467.2
43 2458 467.2
43 2459 467.2
43 2460 467.2
43 2461 467.2
43 2462 467.2
43 2463 467.2
43 2464 467.2
43 2465 467.2
43 2466 467.2
43 2467 467.2
43 2468 467.2
43 2469 467.2
43 2470 467.2
43 2471 467.2
43 2472 467.2
43 2473 467.2
43 2474 467.2
43 2475 467.2
43 2476 467.2
43 2477 467.2
43 2478 467.2
43 2479 467.2
43 2480 467.2
43 2481 467.2
43 2482 467.2
43 2483 467.2
43 2484 467.2
43 2485 467.2
43 2486 467.2
43 2487 467.2
43 2488 467.2
43 2489 467.2
43 2490 467.2
43 2491 467.2
43 2492 467.2
43 2493 467.2
43 2494 467.2
43 2495 467.2
43 2496 467.2
43 2497 467.2
43 2498 467.2
43 2499 467.2
43 2500 467.2
43 2501 467.2
44 2502 467.2
44 2503 467.2
44 2504 467.2
44 2505 467.2
44 2506 467.2
44 2507 467.2
44 2508 467.2
44 2509 467.2
44 2510 467.2
44 2511 467.2
44 2512 467.2
44 2513 467.2
44 2514 467.2
44 2515 467.2
44 2516 467.2
44 2517 467.2
44 2518 467.2
44 2519 467.2
44 2520 467.2
44 2521 467.2
44 2522 467.2
44 2523 467.2
44 2524 467.2
44 2525 467.2
44 2526 467.2
44 2527 467.2
44 2528 467.2
44 2529 467.2
44 2530 467.2
44 2531 467.2
44 2532 467.2
44 2533 467.2
44 2534 467.2
44 2535 467.2
44 2536 467.2
44 2537 467.2
44 2538 467.2
44 2539 467.2
44 2540 467.2
44 2541 467.2
44 2542 467.2
44 2543 467.2
44 2544 467.2
44 2545 467.2
44 2546 467.2
44 2547 467.2
44 2548 467.2
44 2549 467.2
44 2550 467.2
44 2551 467.2
44 2552 467.2
44 2553 467.2
44 2554 467.2
44 2555 467.2
44 2556 467.2
44 2557 467.2
44 2558 467.2
44 2559 467.2
45 2560 467.2
45 2561 467.2
45 2562 467.2
45 2563 467.2
45 2564 467.2
45 2565 467.2
45 2566 467.2
45 2567 467.2
45 2568 467.2
45 2569 467.2
45 2570 467.2
45 2571 467.2
45 2572 467.2
45 2573 467.2
45 2574 467.2
45 2575 467.2
45 2576 467.2
45 2577 467.2
45 2578 467.2
45 2579 467.2
45 2580 467.2
45 2581 467.2
45 2582 467.2
45 2583 467.2
45 2584 467.2
45 2585 467.2
45 2586 467.2
45 2587 467.2
45 2588 467.2
45 2589 467.2
45 2590 467.2
45 2591 467.2
45 2592 467.2
45 2593 467.2
45 2594 467.2
45 2595 467.2
45 2596 467.2
45 2597 467.2
45 2598 467.2
45 2599 467.2
45 2600 467.2
45 2601 467.2
45 2602 467.2
45 2603 467.2
45 2604 467.2
45 2605 467.2
45 2606 467.2
45 2607 467.2
45 2608 467.2
45 2609 467.2
45 2610 467.2
45 2611 467.2
45 2612 467.2
45 2613 467.2
46 2614 467.2
46 2615 467.2
46 2616 467.2
46 2617 467.2
46 2618 467.2
46 2619 467.2
46 2620 467.2
46 2621 467.2
46 2622 467.2
46 2623 467.2
46 2624 467.2
46 2625 467.2
46 2626 467.2
46 2627 467.2
46 2628 467.2
46 2629 467.2
46 2630 467.2
46 2631 467.2
46 2632 467.2
46 2633 467.2
46 2634 467.2
46 2635 467.2
46 2636 467.2
46 2637 467.2
46 2638 467.2
46 2639 467.2
46 2640 467.2
46 2641 467.2
46 2642 467.2
46 2643 467.2
46 2644 467.2
46 2645 467.2
46 2646 467.2
46 2647 467.2
46 2648 467.2
46 2649 467.2
46 2650 467.2
46 2651 467.2
46 2652 467.2
46 2653 467.2
46 2654 467.2
46 2655 467.2
46 2656 467.2
46 2657 467.2
46 2658 467.2
46 2659 467.2
46 2660 467.2
46 2661 467.2
46 2662 467.2
46 2663 467.2
46 2664 467.2
46 2665 467.2
46 2666 467.2
46 2667 467.2
46 2668 467.2
46 2669 467.2
46 2670 467.2
46 2671 467.2
47 2672 467.2
47 2673 467.2
47 2674 467.2
47 2675 467.2
47 2676 467.2
47 2677 467.2
47 2678 467.2
47 2679 467.2
47 2680 467.2
47 2681 467.2
47 2682 467.2
47 2683 467.2
47 2684 467.2
47 2685 467.2
47 2686 467.2
47 2687 467.2
47 2688 467.2
47 2689 467.2
47 2690 467.2
47 2691 467.2
47 2692 467.2
47 2693 467.2
47 2694 467.2
47 2695 467.2
47 2696 467.2
47 2697 467.2
47 2698 467.2
47 2699 467.2
47 2700 467.2
47 2701 467.2
47 2702 467.2
47 2703 467.2
47 2704 467.2
47 2705 467.2
47 2706 467.2
47 2707 467.2
47 2708 467.2
47 2709 467.2
47 2710 467.2
47 2711 467.2
47 2712 467.2
47 2713 467.2
47 2714 467.2
47 2715 467.2
47 2716 467.2
47 2717 467.2
47 2718 467.2
47 2719 467.2
47 2720 467.2
47 2721 467.2
47 2722 467.2
47 2723 467.2
47 2724 467.2
47 2725 467.2
47 2726 467.2
47 2727 467.2
48 2728 467.2
48 2729 467.2
48 2730 467.2
48 2731 467.2
48 2732 467.2
48 2733 467.2
48 2734 467.2
48 2735 467.2
48 2736 467.2
48 2737 467.2
48 2738 467.2
48 2739 467.2
48 2740 467.2
48 2741 467.2
48 2742 467.2
48 2743 467.2
48 2744 467.2
48 2745 467.2
48 2746 467.2
48 2747 467.2
48 2748 467.2
48 2749 467.2
48 2750 467.2
48 2751 467.2
48 2752 467.2
48 2753 467.2
48 2754 467.2
48 2755 467.2
48 2756 467.2
48 2757 467.2
48 2758 467.2
48 2759 467.2
48 2760 467.2
48 2761 467.2
48 2762 467.2
48 2763 467.2
48 2764 467.2
48 2765 467.2
48 2766 467.2
48 2767 467.2
48 2768 467.2
48 2769 467.2
48 2770 467.2
48 2771 467.2
48 2772 467.2
48 2773 467.2
48 2774 467.2
48 2775 467.2
48 2776 467.2
48 2777 467.2
48 2778 467.2
48 2779 467.2
48 2780 467.2
48 2781 467.2
48 2782 467.2
48 2783 467.2
48 2784 467.2
48 2785 467.2
48 2786 467.2
49 2787 467.2
49 2788 467.2
49 2789 467.2
49 2790 467.2
49 2791 467.2
49 2792 467.2
49 2793 467.2
49 2794 467.2
49 2795 467.2
49 2796 467.2
49 2797 467.2
49 2798 467.2
49 2799 467.2
49 2800 467.2
49 2801 467.2
49 2802 467.2
49 2803 467.2
49 2804 467.2
49 2805 467.2
49 2806 467.2
49 2807 467.2
49 2808 467.2
49 2809 467.2
49 2810 467.2
49 2811 467.2
49 2812 467.2
49 2813 467.2
49 2814 467.2
49 2815 467.2
49 2816 467.2
49 2817 467.2
49 2818 467.2
49 2819 467.2
49 2820 467.2
49 2821 467.2
49 2822 467.2
49 2823 467.2
49 2824 467.2
49 2825 467.2
49 2826 467.2
49 2827 467.2
49 2828 467.2
49 2829 467.2
49 2830 467.2
49 2831 467.2
49 2832 467.2
49 2833 467.2
49 2834 467.2
49 2835 467.2
49 2836 467.2
49 2837 467.2
49 2838 467.2
49 2839 467.2
49 2840 467.2
49 2841 467.2
49 2842 467.2
49 2843 467.2
49 2844 467.2
50 2845 467.2
50 2846 467.2
50 2847 467.2
50 2848 467.2
50 2849 467.2
50 2850 467.2
50 2851 467.2
50 2852 467.2
50 2853 467.2
50 2854 467.2
50 2855 467.2
50 2856 467.2
50 2857 467.2
50 2858 467.2
50 2859 467.2
50 2860 467.2
50 2861 467.2
50 2862 467.2
50 2863 467.2
50 2864 467.2
50 2865 467.2
50 2866 467.2
50 2867 467.2
50 2868 467.2
50 2869 467.2
50 2870 467.2
50 2871 467.2
50 2872 467.2
50 2873 467.2
50 2874 467.2
50 2875 467.2
50 2876 467.2
50 2877 467.2
50 2878 467.2
50 2879 467.2
50 2880 467.2
50 2881 467.2
50 2882 467.2
50 2883 467.2
50 2884 467.2
50 2885 467.2
50 2886 467.2
50 2887 467.2
50 2888 467.2
50 2889 467.2
50 2890 467.2
50 2891 467.2
50 2892 467.2
50 2893 467.2
50 2894 467.2
50 2895 467.2
50 2896 467.2
50 2897 467.2
50 2898 467.2
50 2899 467.2
50 2900 467.2
50 2901 467.2
50 2902 467.2
50 2903 467.2
51 2904 467.2
51 2905 467.2
51 2906 467.2
51 2907 467.2
51 2908 467.2
51 2909 467.2
51 2910 467.2
51 2911 467.2
51 2912 467.2
51 2913 467.2
51 2914 467.2
51 2915 467.2
51 2916 467.2
51 2917 467.2
51 2918 467.2
51 2919 467.2
51 2920 467.2
51 2921 467.2
51 2922 467.2
51 2923 467.2
51 2924 467.2
51 2925 467.2
51 2926 467.2
51 2927 467.2
51 2928 467.2
51 2929 467.2
51 2930 467.2
51 2931 467.2
51 2932 467.2
51 2933 467.2
51 2934 467.2
51 2935 467.2
51 2936 467.2
51 2937 467.2
51 2938 467.2
51 2939 467.2
51 2940 467.2
51 2941 467.2
51 2942 467.2
51 2943 467.2
51 2944 467.2
51 2945 467.2
51 2946 467.2
51 2947 467.2
51 2948 467.2
51 2949 467.2
51 2950 467.2
51 2951 467.2
51 2952 467.2
51 2953 467.2
51 2954 467.2
51 2955 467.2
51 2956 467.2
51 2957 467.2
51 2958 467.2
51 2959 467.2
51 2960 467.2
51 2961 467.2
51 2962 467.2
52 2963 467.2
52 2964 467.2
52 2965 467.2
52 2966 467.2
52 2967 467.2
52 2968 467.2
52 2969 467.2
52 2970 467.2
52 2971 467.2
52 2972 467.2
52 2973 467.2
52 2974 467.2
52 2975 467.2
52 2976 467.2
52 2977 467.2
52 2978 467.2
52 2979 467.2
52 2980 467.2
52 2981 467.2
52 2982 467.2
52 2983 467.2
52 2984 467.2
52 2985 467.2
52 2986 467.2
52 2987 467.2
52 2988 467.2
52 2989 467.2
52 2990 467.2
52 2991 467.2
52 2992 467.2
52 2993 467.2
52 2994 467.2
52 2995 467.2
52 2996 467.2
52 2997 467.2
52 2998 467.2
52 2999 467.2
52 3000 467.2
52 3001 467.2
52 3002 467.2
52 3003 467.2
52 3004 467.2
52 3005 467.2
52 3006 467.2
52 3007 467.2
52 3008 467.2
52 3009 467.2
52 3010 467.2
52 3011 467.2
52 3012 467.2
52 3013 467.2
52 3014 467.2
52 3015 467.2
52 3016 467.2
52 3017 467.2
53 3018 467.2
53 3019 467.2
53 3020 467.2
53 3021 467.2
53 3022 467.2
53 3023 467.2
53 3024 467.2
53 3025 467.2
53 3026 467.2
53 3027 467.2
53 3028 467.2
53 3029 467.2
53 3030 467.2
53 3031 467.2
53 3032 467.2
53 3033 467.2
53 3034 467.2
53 3035 467.2
53 3036 467.2
53 3037 467.2
53 3038 467.2
53 3039 467.2
53 3040 467.2
53 3041 467.2
53 3042 467.2
53 3043 467.2
53 3044 467.2
53 3045 467.2
53 3046 467.2
53 3047 467.2
53 3048 467.2
53 3049 467.2
53 3050 467.2
53 3051 467.2
53 3052 467.2
53 3053 467.2
53 3054 467.2
53 3055 467.2
53 3056 467.2
53 3057 467.2
53 3058 467.2
53 3059 467.2
53 3060 467.2
53 3061 467.2
53 3062 467.2
53 3063 467.2
53 3064 467.2
53 3065 467.2
53 3066 467.2
53 3067 467.2
53 3068 467.2
53 3069 467.2
53 3070 467.2
53 3071 467.2
53 3072 467.2
53 3073 467.2
53 3074 467.2
53 3075 467.2
53 3076 467.2
53 3077 467.2
54 3078 467.2
54 3079 467.2
54 3080 467.2
54 3081 467.2
54 3082 467.2
54 3083 467.2
54 3084 467.2
54 3085 467.2
54 3086 467.2
54 3087 467.2
54 3088 467.2
54 3089 467.2
54 3090 467.2
54 3091 467.2
54 3092 467.2
54 3093 467.2
54 3094 467.2
54 3095 467.2
54 3096 467.2
54 3097 467.2
54 3098 467.2
54 3099 467.2
54 3100 467.2
54 3101 467.2
54 3102 467.2
54 3103 467.2
54 3104 467.2
54 3105 467.2
54 3106 467.2
54 3107 467.2
54 3108 467.2
54 3109 467.2
54 3110 467.2
54 3111 467.2
54 3112 467.2
54 3113 467.2
54 3114 467.2
54 3115 467.2
54 3116 467.2
54 3117 467.2
54 3118 467.2
54 3119 467.2
54 3120 467.2
54 3121 467.2
54 3122 467.2
54 3123 467.2
54 3124 467.2
54 3125 467.2
54 3126 467.2
54 3127 467.2
54 3128 467.2
54 3129 467.2
54 3130 467.2
54 3131 467.2
54 3132 467.2
54 3133 467.2
54 3134 467.2
54 3135 467.2
55 3136 467.2
55 3137 467.2
55 3138 467.2
55 3139 467.2
55 3140 467.2
55 3141 467.2
55 3142 467.2
55 3143 467.2
55 3144 467.2
55 3145 467.2
55 3146 467.2
55 3147 467.2
55 3148 467.2
55 3149 467.2
55 3150 467.2
55 3151 467.2
55 3152 467.2
55 3153 467.2
55 3154 467.2
55 3155 467.2
55 3156 467.2
55 3157 467.2
55 3158 467.2
55 3159 467.2
55 3160 467.2
55 3161 467.2
55 3162 467.2
55 3163 467.2
55 3164 467.2
55 3165 467.2
55 3166 467.2
55 3167 467.2
55 3168 467.2
55 3169 467.2
55 3170 467.2
55 3171 467.2
55 3172 467.2
55 3173 467.2
55 3174 467.2
55 3175 467.2
55 3176 467.2
55 3177 467.2
55 3178 467.2
55 3179 467.2
55 3180 467.2
55 3181 467.2
55 3182 467.2
55 3183 467.2
55 3184 467.2
55 3185 467.2
55 3186 467.2
55 3187 467.2
55 3188 467.2
55 3189 467.2
55 3190 467.2
55 3191 467.2
55 3192 467.2
55 3193 467.2
55 3194 467.2
55 3195 467.2
56 3196 467.2
56 3197 467.2
56 3198 467.2
56 3199 467.2
56 3200 467.2
56 3201 467.2
56 3202 467.2
56 3203 467.2
56 3204 467.2
56 3205 467.2
56 3206 467.2
56 3207 467.2
56 3208 467.2
56 3209 467.2
56 3210 467.2
56 3211 467.2
56 3212 467.2
56 3213 467.2
56 3214 467.2
56 3215 467.2
56 3216 467.2
56 3217 467.2
56 3218 467.2
56 3219 467.2
56 3220 467.2
56 3221 467.2
56 3222 467.2
56 3223 467.2
56 3224 467.2
56 3225 467.2
56 3226 467.2
56 3227 467.2
56 3228 467.2
56 3229 467.2
56 3230 467.2
56 3231 467.2
56 3232 467.2
56 3233 467.2
56 3234 467.2
56 3235 467.2
56 3236 467.2
56 3237 467.2
56 3238 467.2
56 3239 467.2
56 3240 467.2
56 3241 467.2
56 3242 467.2
56 3243 467.2
56 3244 467.2
56 3245 467.2
56 3246 467.2
56 3247 467.2
56 3248 467.2
56 3249 467.2
56 3250 467.2
56 3251 467.2
56 3252 467.2
56 3253 467.2
56 3254 467.2
57 3255 467.2
57 3256 467.2
57 3257 467.2
57 3258 467.2
57 3259 467.2
57 3260 467.2
57 3261 467.2
57 3262 467.2
57 3263 467.2
57 3264 467.2
57 3265 467.2
57 3266 467.2
57 3267 467.2
57 3268 467.2
57 3269 467.2
57 3270 467.2
57 3271 467.2
57 3272 467.2
57 3273 467.2
57 3274 467.2
57 3275 467.2
57 3276 467.2
57 3277 467.2
57 3278 467.2
57 3279 467.2
57 3280 467.2
57 3281 467.2
57 3282 467.2
57 3283 467.2
57 3284 467.2
57 3285 467.2
57 3286 467.2
57 3287 467.2
57 3288 467.2
57 3289 467.2
57 3290 467.2
57 3291 467.2
57 3292 467.2
57 3293 467.2
57 3294 467.2
57 3295 467.2
57 3296 467.2
57 3297 467.2
57 3298 467.2
57 3299 467.2
57 3300 467.2
57 3301 467.2
57 3302 467.2
57 3303 467.2
57 3304 467.2
57 3305 467.2
57 3306 467.2
57 3307 467.2
57 3308 467.2
57 3309 467.2
57 3310 467.2
57 3311 467.2
57 3312 467.2
57 3313 467.2
57 3314 467.2
58 3315 467.2
58 3316 467.2
58 3317 467.2
58 3318 467.2
58 3319 467.2
58 3320 467.2
58 3321 467.2
58 3322 467.2
58 3323 467.2
58 3324 467.2
58 3325 467.2
58 3326 467.2
58 3327 467.2
58 3328 467.2
58 3329 467.2
58 3330 467.2
58 3331 467.2
58 3332 467.2
58 3333 467.2
58 3334 467.2
58 3335 467.2
58 3336 467.2
58 3337 467.2
58 3338 467.2
58 3339 467.2
58 3340 467.2
58 3341 467.2
58 3342 467.2
58 3343 467.2
58 3344 467.2
58 3345 467.2
58 3346 467.2
58 3347 467.2
58 3348 467.2
58 3349 467.2
58 3350 467.2
58 3351 467.2
58 3352 467.2
58 3353 467.2
58 3354 467.2
58 3355 467.2
58 3356 467.2
58 3357 467.2
58 3358 467.2
58 3359 467.2
58 3360 467.2
58 3361 467.2
58 3362 467.2
58 3363 467.2
58 3364 467.2
58 3365 467.2
58 3366 467.2
58 3367 467.2
58 3368 467.2
58 3369 467.2
58 3370 467.2
58 3371 467.2
58 3372 467.2
59 3373 467.2
59 3374 467.2
59 3375 467.2
59 3376 467.2
59 3377 467.2
59 3378 467.2
59 3379 467.2
59 3380 467.2
59 3381 467.2
59 3382 467.2
59 3383 467.2
59 3384 467.2
59 3385 467.2
59 3386 467.2
59 3387 467.2
59 3388 467.2
59 3389 467.2
59 3390 467.2
59 3391 467.2
59 3392 467.2
59 3393 467.2
59 3394 467.2
59 3395 467.2
59 3396 467.2
59 3397 467.2
59 3398 467.2
59 3399 467.2
59 3400 467.2
59 3401 467.2
59 3402 467.2
59 3403 467.2
59 3404 467.2
59 3405 467.2
59 3406 467.2
59 3407 467.2
59 3408 467.2
59 3409 467.2
59 3410 467.2
59 3411 467.2
59 3412 467.2
59 3413 467.2
59 3414 467.2
59 3415 467.2
59 3416 467.2
59 3417 467.2
59 3418 467.2
59 3419 467.2
59 3420 467.2
59 3421 467.2
59 3422 467.2
59 3423 467.2
59 3424 467.2
59 3425 467.2
59 3426 467.2
59 3427 467.2
59 3428 467.2
60 3429 467.2
60 3430 467.2
60 3431 467.2
60 3432 467.2
60 3433 467.2
60 3434 467.2
60 3435 467.2
60 3436 467.2
60 3437 467.2
60 3438 467.2
60 3439 467.2
60 3440 467.2
60 3441 467.2
60 3442 467.2
60 3443 467.2
60 3444 467.2
60 3445 467.2
60 3446 467.2
60 3447 467.2
60 3448 467.2
60 3449 467.2
60 3450 467.2
60 3451 467.2
60 3452 467.2
60 3453 467.2
60 3454 467.2
60 3455 467.2
60 3456 467.2
60 3457 467.2
60 3458 467.2
60 3459 467.2
60 3460 467.2
60 3461 467.2
60 3462 467.2
60 3463 467.2
60 3464 467.2
60 3465 467.2
60 3466 467.2
60 3467 467.2
60 3468 467.2
60 3469 467.2
60 3470 467.2
60 3471 467.2
60 3472 467.2
60 3473 467.2
60 3474 467.2
60 3475 467.2
60 3476 467.2
60 3477 467.2
60 3478 467.2
60 3479 467.2
60 3480 467.2
60 3481 467.2
60 3482 467.2
60 3483 467.2
60 3484 467.2
60 3485 467.2
60 3486 467.2
60 3487 467.2
60 3488 467.2
60 3489 467.2
60 3490 467.2
61 3491 467.2
61 3492 467.2
61 3493 467.2
61 3494 467.2
61 3495 467.2
61 3496 467.2
61 3497 467.2
61 3498 467.2
61 3499 467.2
61 3500 467.2
61 3501 467.2
61 3502 467.2
61 3503 467.2
61 3504 467.2
61 3505 467.2
61 3506 467.2
61 3507 467.2
61 3508 467.2
61 3509 467.2
61 3510 467.2
61 3511 467.2
61 3512 467.2
61 3513 467.2
61 3514 467.2
61 3515 467.2
61 3516 467.2
61 3517 467.2
61 3518 467.2
61 3519 467.2
61 3520 467.2
61 3521 467.2
61 3522 467.2
61 3523 467.2
61 3524 467.2
61 3525 467.2
61 3526 467.2
61 3527 467.2
61 3528 467.2
61 3529 467.2
61 3530 467.2
61 3531 467.2
61 3532 467.2
61 3533 467.2
61 3534 467.2
61 3535 467.2
61 3536 467.2
61 3537 467.2
61 3538 467.2
61 3539 467.2
61 3540 467.2
61 3541 467.2
61 3542 467.2
61 3543 467.2
61 3544 467.2
61 3545 467.2
61 3546 467.2
61 3547 467.2
62 3548 467.2
62 3549 467.2
62 3550 467.2
62 3551 467.2
62 3552 467.2
62 3553 467.2
62 3554 467.2
62 3555 467.2
62 3556 467.2
62 3557 467.2
62 3558 467.2
62 3559 467.2
62 3560 467.2
62 3561 467.2
62 3562 467.2
62 3563 467.2
62 3564 467.2
62 3565 467.2
62 3566 467.2
62 3567 467.2
62 3568 467.2
62 3569 467.2
62 3570 467.2
62 3571 467.2
62 3572 467.2
62 3573 467.2
62 3574 467.2
62 3575 467.2
62 3576 467.2
62 3577 467.2
62 3578 467.2
62 3579 467.2
62 3580 467.2
62 3581 467.2
62 3582 467.2
62 3583 467.2
62 3584 467.2
62 3585 467.2
62 3586 467.2
62 3587 467.2
62 3588 467.2
62 3589 467.2
62 3590 467.2
62 3591 467.2
62 3592 467.2
62 3593 467.2
62 3594 467.2
62 3595 467.2
62 3596 467.2
62 3597 467.2
62 3598 467.2
62 3599 467.2
62 3600 467.2
62 3601 467.2
62 3602 467.2
62 3603 467.2
62 3604 467.2
62 3605 467.2
63 3606 467.2
63 3607 467.2
63 3608 467.2
63 3609 467.2
63 3610 467.2
63 3611 467.2
63 3612 467.2
63 3613 467.2
63 3614 467.2
63 3615 467.2
63 3616 467.2
63 3617 467.2
63 3618 467.2
63 3619 467.2
63 3620 467.2
63 3621 467.2
63 3622 467.2
63 3623 467.2
63 3624 467.2
63 3625 467.2
63 3626 467.2
63 3627 467.2
63 3628 467.2
63 3629 467.2
63 3630 467.2
63 3631 467.2
63 3632 467.2
63 3633 467.2
63 3634 467.2
63 3635 467.2
63 3636 467.2
63 3637 467.2
63 3638 467.2
63 3639 467.2
63 3640 467.2
63 3641 467.2
63 3642 467.2
63 3643 467.2
63 3644 467.2
63 3645 467.2
63 3646 467.2
63 3647 467.2
63 3648 467.2
63 3649 467.2
63 3650 467.2
63 3651 467.2
63 3652 467.2
63 3653 467.2
63 3654 467.2
63 3655 467.2
63 3656 467.2
63 3657 467.2
63 3658 467.2
63 3659 467.2
63 3660 467.2
63 3661 467.2
63 3662 467.2
63 3663 467.2
63 3664 467.2
64 3665 467.2
64 3666 467.2
64 3667 467.2
64 3668 467.2
64 3669 467.2
64 3670 467.2
64 3671 467.2
64 3672 467.2
64 3673 467.2
64 3674 467.2
64 3675 467.2
64 3676 467.2
64 3677 467.2
64 3678 467.2
64 3679 467.2
64 3680 467.2
64 3681 467.2
64 3682 467.2
64 3683 467.2
64 3684 467.2
64 3685 467.2
64 3686 467.2
64 3687 467.2
64 3688 467.2
64 3689 467.2
64 3690 467.2
64 3691 467.2
64 3692 467.2
64 3693 467.2
64 3694 467.2
64 3695 467.2
64 3696 467.2
64 3697 467.2
64 3698 467.2
64 3699 467.2
64 3700 467.2
64 3701 467.2
64 3702 467.2
64 3703 467.2
64 3704 467.2
64 3705 467.2
64 3706 467.2
64 3707 467.2
64 3708 467.2
64 3709 467.2
64 3710 467.2
64 3711 467.2
64 3712 467.2
64 3713 467.2
64 3714 467.2
64 3715 467.2
64 3716 467.2
64 3717 467.2
64 3718 467.2
64 3719 467.2
65 3720 467.2
65 3721 467.2
65 3722 467.2
65 3723 467.2
65 3724 467.2
65 3725 467.2
65 3726 467.2
65 3727 467.2
65 3728 467.2
65 3729 467.2
65 3730 467.2
65 3731 467.2
65 3732 467.2
65 3733 467.2
65 3734 467.2
65 3735 467.2
65 3736 467.2
65 3737 467.2
65 3738 467.2
65 3739 467.2
65 3740 467.2
65 3741 467.2
65 3742 467.2
65 3743 467.2
65 3744 467.2
65 3745 467.2
65 3746 467.2
65 3747 467.2
65 3748 467.2
65 3749 467.2
65 3750 467.2
65 3751 467.2
65 3752 467.2
65 3753 467.2
65 3754 467.2
65 3755 467.2
65 3756 467.2
65 3757 467.2
65 3758 467.2
65 3759 467.2
65 3760 467.2
65 3761 467.2
65 3762 467.2
65 3763 467.2
65 3764 467.2
65 3765 467.2
65 3766 467.2
65 3767 467.2
65 3768 467.2
65 3769 467.2
65 3770 467.2
65 3771 467.2
65 3772 467.2
65 3773 467.2
65 3774 467.2
65 3775 467.2
65 3776 467.2
65 3777 467.2
65 3778 467.2
66 3779 467.2
66 3780 467.2
66 3781 467.2
66 3782 467.2
66 3783 467.2
66 3784 467.2
66 3785 467.2
66 3786 467.2
66 3787 467.2
66 3788 467.2
66 3789 467.2
66 3790 467.2
66 3791 467.2
66 3792 467.2
66 3793 467.2
66 3794 467.2
66 3795 467.2
66 3796 467.2
66 3797 467.2
66 3798 467.2
66 3799 467.2
66 3800 467.2
66 3801 467.2
66 3802 467.2
66 3803 467.2
66 3804 467.2
66 3805 467.2
66 3806 467.2
66 3807 467.2
66 3808 467.2
66 3809 467.2
66 3810 467.2
66 3811 467.2
66 3812 467.2
66 3813 467.2
66 3814 467.2
66 3815 467.2
66 3816 467.2
66 3817 467.2
66 3818 467.2
66 3819 467.2
66 3820 467.2
66 3821 467.2
66 3822 467.2
66 3823 467.2
66 3824 467.2
66 3825 467.2
66 3826 467.2
66 3827 467.2
66 3828 467.2
66 3829 467.2
66 3830 467.2
66 3831 467.2
66 3832 467.2
66 3833 467.2
66 3834 467.2
66 3835 467.2
66 3836 467.2
66 3837 467.2
67 3838 467.2
67 3839 467.2
67 3840 467.2
67 3841 467.2
67 3842 467.2
67 3843 467.2
67 3844 467.2
67 3845 467.2
67 3846 467.2
67 3847 467.2
67 3848 467.2
67 3849 467.2
67 3850 467.2
67 3851 467.2
67 3852 467.2
67 3853 467.2
67 3854 467.2
67 3855 467.2
67 3856 467.2
67 3857 467.2
67 3858 467.2
67 3859 467.2
67 3860 467.2
67 3861 467.2
67 3862 467.2
67 3863 467.2
67 3864 467.2
67 3865 467.2
67 3866 467.2
67 3867 467.2
67 3868 467.2
67 3869 467.2
67 3870 467.2
67 3871 467.2
67 3872 467.2
67 3873 467.2
67 3874 467.2
67 3875 467.2
67 3876 467.2
67 3877 467.2
67 3878 467.2
67 3879 467.2
67 3880 467.2
67 3881 467.2
67 3882 467.2
67 3883 467.2
67 3884 467.2
67 3885 467.2
67 3886 467.2
67 3887 467.2
67 3888 467.2
67 3889 467.2
67 3890 467.2
67 3891 467.2
67 3892 467.2
67 3893 467.2
67 3894 467.2
67 3895 467.2
67 3896 467.2
67 3897 467.2
68 3898 467.2
68 3899 467.2
68 3900 467.2
68 3901 467.2
68 3902 467.2
68 3903 467.2
68 3904 467.2
68 3905 467.2
68 3906 467.2
68 3907 467.2
68 3908 467.2
68 3909 467.2
68 3910 467.2
68 3911 467.2
68 3912 467.2
68 3913 467.2
68 3914 467.2
68 3915 467.2
68 3916 467.2
68 3917 467.2
68 3918 467.2
68 3919 467.2
68 3920 467.2
68 3921 467.2
68 3922 467.2
68 3923 467.2
68 3924 467.2
68 3925 467.2
68 3926 467.2
68 3927 467.2
68 3928 467.2
68 3929 467.2
68 3930 467.2
68 3931 467.2
68 3932 467.2
68 3933 467.2
68 3934 467.2
68 3935 467.2
68 3936 467.2
68 3937 467.2
68 3938 467.2
68 3939 467.2
68 3940 467.2
68 3941 467.2
68 3942 467.2
68 3943 467.2
68 3944 467.2
68 3945 467.2
68 3946 467.2
68 3947 467.2
68 3948 467.2
68 3949 467.2
68 3950 467.2
68 3951 467.2
68 3952 467.2
68 3953 467.2
68 3954 467.2
69 3955 467.2
69 3956 467.2
69 3957 467.2
69 3958 467.2
69 3959 467.2
69 3960 467.2
69 3961 467.2
69 3962 467.2
69 3963 467.2
69 3964 467.2
69 3965 467.2
69 3966 467.2
69 3967 467.2
69 3968 467.2
69 3969 467.2
69 3970 467.2
69 3971 467.2
69 3972 467.2
69 3973 467.2
69 3974 467.2
69 3975 467.2
69 3976 467.2
69 3977 467.2
69 3978 467.2
69 3979 467.2
69 3980 467.2
69 3981 467.2
69 3982 467.2
69 3983 467.2
69 3984 467.2
69 3985 467.2
69 3986 467.2
69 3987 467.2
69 3988 467.2
69 3989 467.2
69 3990 467.2
69 3991 467.2
69 3992 467.2
69 3993 467.2
69 3994 467.2
69 3995 467.2
69 3996 467.2
69 3997 467.2
69 3998 467.2
69 3999 467.2
69 4000 467.2
69 4001 467.2
69 4002 467.2
69 4003 467.2
69 4004 467.2
69 4005 467.2
69 4006 467.2
69 4007 467.2
69 4008 467.2
69 4009 467.2
70 4010 467.2
70 4011 467.2
70 4012 467.2
70 4013 467.2
70 4014 467.2
70 4015 467.2
70 4016 467.2
70 4017 467.2
70 4018 467.2
70 4019 467.2
70 4020 467.2
70 4021 467.2
70 4022 467.2
70 4023 467.2
70 4024 467.2
70 4025 467.2
70 4026 467.2
70 4027 467.2
70 4028 467.2
70 4029 467.2
70 4030 467.2
70 4031 467.2
70 4032 467.2
70 4033 467.2
70 4034 467.2
70 4035 467.2
70 4036 467.2
70 4037 467.2
70 4038 467.2
70 4039 467.2
70 4040 467.2
70 4041 467.2
70 4042 467.2
70 4043 467.2
70 4044 467.2
70 4045 467.2
70 4046 467.2
70 4047 467.2
70 4048 467.2
70 4049 467.2
70 4050 467.2
70 4051 467.2
70 4052 467.2
70 4053 467.2
70 4054 467.2
70 4055 467.2
70 4056 467.2
70 4057 467.2
70 4058 467.2
70 4059 467.2
70 4060 467.2
70 4061 467.2
70 4062 467.2
70 4063 467.2
70 4064 467.2
70 4065 467.2
70 4066 467.2
70 4067 467.2
70 4068 467.2
71 4069 467.2
71 4070 467.2
71 4071 467.2
71 4072 467.2
71 4073 467.2
71 4074 467.2
71 4075 467.2
71 4076 467.2
71 4077 467.2
71 4078 467.2
71 4079 467.2
71 4080 467.2
71 4081 467.2
71 4082 467.2
71 4083 467.2
71 4084 467.2
71 4085 467.2
71 4086 467.2
71 4087 467.2
71 4088 467.2
71 4089 467.2
71 4090 467.2
71 4091 467.2
71 4092 467.2
71 4093 467.2
71 4094 467.2
71 4095 467.2
71 4096 467.2
71 4097 467.2
71 4098 467.2
71 4099 467.2
71 4100 467.2
71 4101 467.2
71 4102 467.2
71 4103 467.2
71 4104 467.2
71 4105 467.2
71 4106 467.2
71 4107 467.2
71 4108 467.2
71 4109 467.2
71 4110 467.2
71 4111 467.2
71 4112 467.2
71 4113 467.2
71 4114 467.2
71 4115 467.2
71 4116 467.2
71 4117 467.2
71 4118 467.2
71 4119 467.2
71 4120 467.2
71 4121 467.2
71 4122 467.2
71 4123 467.2
71 4124 467.2
71 4125 467.2
72 4126 467.2
72 4127 467.2
72 4128 467.2
72 4129 467.2
72 4130 467.2
72 4131 467.2
72 4132 467.2
72 4133 467.2
72 4134 467.2
72 4135 467.2
72 4136 467.2
72 4137 467.2
72 4138 467.2
72 4139 467.2
72 4140 467.2
72 4141 467.2
72 4142 467.2
72 4143 467.2
72 4144 467.2
72 4145 467.2
72 4146 467.2
72 4147 467.2
72 4148 467.2
72 4149 467.2
72 4150 467.2
72 4151 467.2
72 4152 467.2
72 4153 467.2
72 4154 467.2
72 4155 467.2
72 4156 467.2
72 4157 467.2
72 4158 467.2
72 4159 467.2
72 4160 467.2
72 4161 467.2
72 4162 467.2
72 4163 467.2
72 4164 467.2
72 4165 467.2
72 4166 467.2
72 4167 467.2
72 4168 467.2
72 4169 467.2
72 4170 467.2
72 4171 467.2
72 4172 467.2
72 4173 467.2
72 4174 467.2
72 4175 467.2
72 4176 467.2
72 4177 467.2
72 4178 467.2
72 4179 467.2
72 4180 467.2
73 4181 467.2
73 4182 467.2
73 4183 467.2
73 4184 467.2
73 4185 467.2
73 4186 467.2
73 4187 467.2
73 4188 467.2
73 4189 467.2
73 4190 467.2
73 4191 467.2
73 4192 467.2
73 4193 467.2
73 4194 467.2
73 4195 467.2
73 4196 467.2
73 4197 467.2
73 4198 467.2
73 4199 467.2
73 4200 467.2
73 4201 467.2
73 4202 467.2
73 4203 467.2
73 4204 467.2
73 4205 467.2
73 4206 467.2
73 4207 467.2
73 4208 467.2
73 4209 467.2
73 4210 467.2
73 4211 467.2
73 4212 467.2
73 4213 467.2
73 4214 467.2
73 4215 467.2
73 4216 467.2
73 4217 467.2
73 4218 467.2
73 4219 467.2
73 4220 467.2
73 4221 467.2
73 4222 467.2
73 4223 467.2
73 4224 467.2
73 4225 467.2
73 4226 467.2
73 4227 467.2
73 4228 467.2
73 4229 467.2
73 4230 467.2
73 4231 467.2
73 4232 467.2
73 4233 467.2
73 4234 467.2
73 4235 467.2
73 4236 467.2
73 4237 467.2
73 4238 467.2
73 4239 467.2
74 4240 467.2
74 4241 467.2
74 4242 467.2
74 4243 467.2
74 4244 467.2
74 4245 467.2
74 4246 467.2
74 4247 467.2
74 4248 467.2
74 4249 467.2
74 4250 467.2
74 4251 467.2
74 4252 467.2
74 4253 467.2
74 4254 467.2
74 4255 467.2
74 4256 467.2
74 4257 467.2
74 4258 467.2
74 4259 467.2
74 4260 467.2
74 4261 467.2
74 4262 467.2
74 4263 467.2
74 4264 467.2
74 4265 467.2
74 4266 467.2
74 4267 467.2
74 4268 467.2
74 4269 467.2
74 4270 467.2
74 4271 467.2
74 4272 467.2
74 4273 467.2
74 4274 467.2
74 4275 467.2
74 4276 467.2
74 4277 467.2
74 4278 467.2
74 4279 467.2
74 4280 467.2
74 4281 467.2
74 4282 467.2
74 4283 467.2
74 4284 467.2
74 4285 467.2
74 4286 467.2
74 4287 467.2
74 4288 467.2
74 4289 467.2
74 4290 467.2
74 4291 467.2
74 4292 467.2
74 4293 467.2
74 4294 467.2
75 4295 467.2
75 4296 467.2
75 4297 467.2
75 4298 467.2
75 4299 467.2
75 4300 467.2
75 4301 467.2
75 4302 467.2
75 4303 467.2
75 4304 467.2
75 4305 467.2
75 4306 467.2
75 4307 467.2
75 4308 467.2
75 4309 467.2
75 4310 467.2
75 4311 467.2
75 4312 467.2
75 4313 467.2
75 4314 467.2
75 4315 467.2
75 4316 467.2
75 4317 467.2
75 4318 467.2
75 4319 467.2
75 4320 467.2
75 4321 467.2
75 4322 467.2
75 4323 467.2
75 4324 467.2
75 4325 467.2
75 4326 467.2
75 4327 467.2
75 4328 467.2
75 4329 467.2
75 4330 467.2
75 4331 467.2
75 4332 467.2
75 4333 467.2
75 4334 467.2
75 4335 467.2
75 4336 467.2
75 4337 467.2
75 4338 467.2
75 4339 467.2
75 4340 467.2
75 4341 467.2
75 4342 467.2
75 4343 467.2
75 4344 467.2
75 4345 467.2
75 4346 467.2
75 4347 467.2
75 4348 467.2
75 4349 467.2
76 4350 467.2
76 4351 467.2
76 4352 467.2
76 4353 467.2
76 4354 467.2
76 4355 467.2
76 4356 467.2
76 4357 467.2
76 4358 467.2
76 4359 467.2
76 4360 467.2
76 4361 467.2
76 4362 467.2
76 4363 467.2
76 4364 467.2
76 4365 467.2
76 4366 467.2
76 4367 467.2
76 4368 467.2
76 4369 467.2
76 4370 467.2
76 4371 467.2
76 4372 467.2
76 4373 467.2
76 4374 467.2
76 4375 467.2
76 4376 467.2
76 4377 467.2
76 4378 467.2
76 4379 467.2
76 4380 467.2
76 4381 467.2
76 4382 467.2
76 4383 467.2
76 4384 467.2
76 4385 467.2
76 4386 467.2
76 4387 467.2
76 4388 467.2
76 4389 467.2
76 4390 467.2
76 4391 467.2
76 4392 467.2
76 4393 467.2
76 4394 467.2
76 4395 467.2
76 4396 467.2
76 4397 467.2
76 4398 467.2
76 4399 467.2
76 4400 467.2
76 4401 467.2
76 4402 467.2
76 4403 467.2
76 4404 467.2
76 4405 467.2
76 4406 467.2
76 4407 467.2
77 4408 467.2
77 4409 467.2
77 4410 467.2
77 4411 467.2
77 4412 467.2
77 4413 467.2
77 4414 467.2
77 4415 467.2
77 4416 467.2
77 4417 467.2
77 4418 467.2
77 4419 467.2
77 4420 467.2
77 4421 467.2
77 4422 467.2
77 4423 467.2
77 4424 467.2
77 4425 467.2
77 4426 467.2
77 4427 467.2
77 4428 467.2
77 4429 467.2
77 4430 467.2
77 4431 467.2
77 4432 467.2
77 4433 467.2
77 4434 467.2
77 4435 467.2
77 4436 467.2
77 4437 467.2
77 4438 467.2
77 4439 467.2
77 4440 467.2
77 4441 467.2
77 4442 467.2
77 4443 467.2
77 4444 467.2
77 4445 467.2
77 4446 467.2
77 4447 467.2
77 4448 467.2
77 4449 467.2
77 4450 467.2
77 4451 467.2
77 4452 467.2
77 4453 467.2
77 4454 467.2
77 4455 467.2
77 4456 467.2
77 4457 467.2
77 4458 467.2
77 4459 467.2
77 4460 467.2
77 4461 467.2
77 4462 467.2
77 4463 467.2
77 4464 467.2
77 4465 467.2
77 4466 467.2
78 4467 467.2
78 4468 467.2
78 4469 467.2
78 4470 467.2
78 4471 467.2
78 4472 467.2
78 4473 467.2
78 4474 467.2
78 4475 467.2
78 4476 467.2
78 4477 467.2
78 4478 467.2
78 4479 467.2
78 4480 467.2
78 4481 467.2
78 4482 467.2
78 4483 467.2
78 4484 467.2
78 4485 467.2
78 4486 467.2
78 4487 467.2
78 4488 467.2
78 4489 467.2
78 4490 467.2
78 4491 467.2
78 4492 467.2
78 4493 467.2
78 4494 467.2
78 4495 467.2
78 4496 467.2
78 4497 467.2
78 4498 467.2
78 4499 467.2
78 4500 467.2
78 4501 467.2
78 4502 467.2
78 4503 467.2
78 4504 467.2
78 4505 467.2
78 4506 467.2
78 4507 467.2
78 4508 467.2
78 4509 467.2
78 4510 467.2
78 4511 467.2
78 4512 467.2
78 4513 467.2
78 4514 467.2
78 4515 467.2
78 4516 467.2
78 4517 467.2
78 4518 467.2
78 4519 467.2
78 4520 467.2
78 4521 467.2
78 4522 467.2
79 4523 467.2
79 4524 467.2
79 4525 467.2
79 4526 467.2
79 4527 467.2
79 4528 467.2
79 4529 467.2
79 4530 467.2
79 4531 467.2
79 4532 467.2
79 4533 467.2
79 4534 467.2
79 4535 467.2
79 4536 467.2
79 4537 467.2
79 4538 467.2
79 4539 467.2
79 4540 467.2
79 4541 467.2
79 4542 467.2
79 4543 467.2
79 4544 467.2
79 4545 467.2
79 4546 467.2
79 4547 467.2
79 4548 467.2
79 4549 467.2
79 4550 467.2
79 4551 467.2
79 4552 467.2
79 4553 467.2
79 4554 467.2
79 4555 467.2
79 4556 467.2
79 4557 467.2
79 4558 467.2
79 4559 467.2
79 4560 467.2
79 4561 467.2
79 4562 467.2
79 4563 467.2
79 4564 467.2
79 4565 467.2
79 4566 467.2
79 4567 467.2
79 4568 467.2
79 4569 467.2
79 4570 467.2
79 4571 467.2
79 4572 467.2
79 4573 467.2
79 4574 467.2
79 4575 467.2
79 4576 467.2
79 4577 467.2
79 4578 467.2
79 4579 467.2
79 4580 467.2
80 4581 467.2
80 4582 467.2
80 4583 467.2
80 4584 467.2
80 4585 467.2
80 4586 467.2
80 4587 467.2
80 4588 467.2
80 4589 467.2
80 4590 467.2
80 4591 467.2
80 4592 467.2
80 4593 467.2
80 4594 467.2
80 4595 467.2
80 4596 467.2
80 4597 467.2
80 4598 467.2
80 4599 467.2
80 4600 467.2
80 4601 467.2
80 4602 467.2
80 4603 467.2
80 4604 467.2
80 4605 467.2
80 4606 467.2
80 4607 467.2
80 4608 467.2
80 4609 467.2
80 4610 467.2
80 4611 467.2
80 4612 467.2
80 4613 467.2
80 4614 467.2
80 4615 467.2
80 4616 467.2
80 4617 467.2
80 4618 467.2
80 4619 467.2
80 4620 467.2
80 4621 467.2
80 4622 467.2
80 4623 467.2
80 4624 467.2
80 4625 467.2
80 4626 467.2
80 4627 467.2
80 4628 467.2
80 4629 467.2
80 4630 467.2
80 4631 467.2
80 4632 467.2
80 4633 467.2
80 4634 467.2
80 4635 467.2
80 4636 467.2
80 4637 467.2
80 4638 467.2
80 4639 467.2
80 4640 467.2
81 4641 467.2
81 4642 467.2
81 4643 467.2
81 4644 467.2
81 4645 467.2
81 4646 467.2
81 4647 467.2
81 4648 467.2
81 4649 467.2
81 4650 467.2
81 4651 467.2
81 4652 467.2
81 4653 467.2
81 4654 467.2
81 4655 467.2
81 4656 467.2
81 4657 467.2
81 4658 467.2
81 4659 467.2
81 4660 467.2
81 4661 467.2
81 4662 467.2
81 4663 467.2
81 4664 467.2
81 4665 467.2
81 4666 467.2
81 4667 467.2
81 4668 467.2
81 4669 467.2
81 4670 467.2
81 4671 467.2
81 4672 467.2
81 4673 467.2
81 4674 467.2
81 4675 467.2
81 4676 467.2
81 4677 467.2
81 4678 467.2
81 4679 467.2
81 4680 467.2
81 4681 467.2
81 4682 467.2
81 4683 467.2
81 4684 467.2
81 4685 467.2
81 4686 467.2
81 4687 467.2
81 4688 467.2
81 4689 467.2
81 4690 467.2
81 4691 467.2
81 4692 467.2
81 4693 467.2
81 4694 467.2
81 4695 467.2
81 4696 467.2
81 4697 467.2
81 4698 467.2
81 4699 467.2
81 4700 467.2
82 4701 467.2
82 4702 467.2
82 4703 467.2
82 4704 467.2
82 4705 467.2
82 4706 467.2
82 4707 467.2
82 4708 467.2
82 4709 467.2
82 4710 467.2
82 4711 467.2
82 4712 467.2
82 4713 467.2
82 4714 467.2
82 4715 467.2
82 4716 467.2
82 4717 467.2
82 4718 467.2
82 4719 467.2
82 4720 467.2
82 4721 467.2
82 4722 467.2
82 4723 467.2
82 4724 467.2
82 4725 467.2
82 4726 467.2
82 4727 467.2
82 4728 467.2
82 4729 467.2
82 4730 467.2
82 4731 467.2
82 4732 467.2
82 4733 467.2
82 4734 467.2
82 4735 467.2
82 4736 467.2
82 4737 467.2
82 4738 467.2
82 4739 467.2
82 4740 467.2
82 4741 467.2
82 4742 467.2
82 4743 467.2
82 4744 467.2
82 4745 467.2
82 4746 467.2
82 4747 467.2
82 4748 467.2
82 4749 467.2
82 4750 467.2
82 4751 467.2
82 4752 467.2
82 4753 467.2
82 4754 467.2
82 4755 467.2
82 4756 467.2
82 4757 467.2
82 4758 467.2
82 4759 467.2
83 4760 467.2
83 4761 467.2
83 4762 467.2
83 4763 467.2
83 4764 467.2
83 4765 467.2
83 4766 467.2
83 4767 467.2
83 4768 467.2
83 4769 467.2
83 4770 467.2
83 4771 467.2
83 4772 467.2
83 4773 467.2
83 4774 467.2
83 4775 467.2
83 4776 467.2
83 4777 467.2
83 4778 467.2
83 4779 467.2
83 4780 467.2
83 4781 467.2
83 4782 467.2
83 4783 467.2
83 4784 467.2
83 4785 467.2
83 4786 467.2
83 4787 467.2
83 4788 467.2
83 4789 467.2
83 4790 467.2
83 4791 467.2
83 4792 467.2
83 4793 467.2
83 4794 467.2
83 4795 467.2
83 4796 467.2
83 4797 467.2
83 4798 467.2
83 4799 467.2
83 4800 467.2
83 4801 467.2
83 4802 467.2
83 4803 467.2
83 4804 467.2
83 4805 467.2
83 4806 467.2
83 4807 467.2
83 4808 467.2
83 4809 467.2
83 4810 467.2
83 4811 467.2
83 4812 467.2
83 4813 467.2
83 4814 467.2
83 4815 467.2
83 4816 467.2
83 4817 467.2
83 4818 467.2
84 4819 467.2
84 4820 467.2
84 4821 467.2
84 4822 467.2
84 4823 467.2
84 4824 467.2
84 4825 467.2
84 4826 467.2
84 4827 467.2
84 4828 467.2
84 4829 467.2
84 4830 467.2
84 4831 467.2
84 4832 467.2
84 4833 467.2
84 4834 467.2
84 4835 467.2
84 4836 467.2
84 4837 467.2
84 4838 467.2
84 4839 467.2
84 4840 467.2
84 4841 467.2
84 4842 467.2
84 4843 467.2
84 4844 467.2
84 4845 467.2
84 4846 467.2
84 4847 467.2
84 4848 467.2
84 4849 467.2
84 4850 467.2
84 4851 467.2
84 4852 467.2
84 4853 467.2
84 4854 467.2
84 4855 467.2
84 4856 467.2
84 4857 467.2
84 4858 467.2
84 4859 467.2
84 4860 467.2
84 4861 467.2
84 4862 467.2
84 4863 467.2
84 4864 467.2
84 4865 467.2
84 4866 467.2
84 4867 467.2
84 4868 467.2
84 4869 467.2
84 4870 467.2
84 4871 467.2
84 4872 467.2
84 4873 467.2
84 4874 467.2
84 4875 467.2
84 4876 467.2
84 4877 467.2
84 4878 467.2
84 4879 467.2
84 4880 467.2
85 4881 467.2
85 4882 467.2
85 4883 467.2
85 4884 467.2
85 4885 467.2
85 4886 467.2
85 4887 467.2
85 4888 467.2
85 4889 467.2
85 4890 467.2
85 4891 467.2
85 4892 467.2
85 4893 467.2
85 4894 467.2
85 4895 467.2
85 4896 467.2
85 4897 467.2
85 4898 467.2
85 4899 467.2
85 4900 467.2
85 4901 467.2
85 4902 467.2
85 4903 467.2
85 4904 467.2
85 4905 467.2
85 4906 467.2
85 4907 467.2
85 4908 467.2
85 4909 467.2
85 4910 467.2
85 4911 467.2
85 4912 467.2
85 4913 467.2
85 4914 467.2
85 4915 467.2
85 4916 467.2
85 4917 467.2
85 4918 467.2
85 4919 467.2
85 4920 467.2
85 4921 467.2
85 4922 467.2
85 4923 467.2
85 4924 467.2
85 4925 467.2
85 4926 467.2
85 4927 467.2
85 4928 467.2
85 4929 467.2
85 4930 467.2
85 4931 467.2
85 4932 467.2
85 4933 467.2
85 4934 467.2
85 4935 467.2
85 4936 467.2
86 4937 467.2
86 4938 467.2
86 4939 467.2
86 4940 467.2
86 4941 467.2
86 4942 467.2
86 4943 467.2
86 4944 467.2
86 4945 467.2
86 4946 467.2
86 4947 467.2
86 4948 467.2
86 4949 467.2
86 4950 467.2
86 4951 467.2
86 4952 467.2
86 4953 467.2
86 4954 467.2
86 4955 467.2
86 4956 467.2
86 4957 467.2
86 4958 467.2
86 4959 467.2
86 4960 467.2
86 4961 467.2
86 4962 467.2
86 4963 467.2
86 4964 467.2
86 4965 467.2
86 4966 467.2
86 4967 467.2
86 4968 467.2
86 4969 467.2
86 4970 467.2
86 4971 467.2
86 4972 467.2
86 4973 467.2
86 4974 467.2
86 4975 467.2
86 4976 467.2
86 4977 467.2
86 4978 467.2
86 4979 467.2
86 4980 467.2
86 4981 467.2
86 4982 467.2
86 4983 467.2
86 4984 467.2
86 4985 467.2
86 4986 467.2
86 4987 467.2
86 4988 467.2
86 4989 467.2
86 4990 467.2
86 4991 467.2
86 4992 467.2
86 4993 467.2
86 4994 467.2
87 4995 467.2
87 4996 467.2
87 4997 467.2
87 4998 467.2
87 4999 467.2
87 5000 467.2
87 5001 467.2
87 5002 467.2
87 5003 467.2
87 5004 467.2
87 5005 467.2
87 5006 467.2
87 5007 467.2
87 5008 467.2
87 5009 467.2
87 5010 467.2
87 5011 467.2
87 5012 467.2
87 5013 467.2
87 5014 467.2
87 5015 467.2
87 5016 467.2
87 5017 467.2
87 5018 467.2
87 5019 467.2
87 5020 467.2
87 5021 467.2
87 5022 467.2
87 5023 467.2
87 5024 467.2
87 5025 467.2
87 5026 467.2
87 5027 467.2
87 5028 467.2
87 5029 467.2
87 5030 467.2
87 5031 467.2
87 5032 467.2
87 5033 467.2
87 5034 467.2
87 5035 467.2
87 5036 467.2
87 5037 467.2
87 5038 467.2
87 5039 467.2
87 5040 467.2
87 5041 467.2
87 5042 467.2
87 5043 467.2
87 5044 467.2
87 5045 467.2
87 5046 467.2
87 5047 467.2
87 5048 467.2
87 5049 467.2
87 5050 467.2
87 5051 467.2
87 5052 467.2
88 5053 467.2
88 5054 467.2
88 5055 467.2
88 5056 467.2
88 5057 467.2
88 5058 467.2
88 5059 467.2
88 5060 467.2
88 5061 467.2
88 5062 467.2
88 5063 467.2
88 5064 467.2
88 5065 467.2
88 5066 467.2
88 5067 467.2
88 5068 467.2
88 5069 467.2
88 5070 467.2
88 5071 467.2
88 5072 467.2
88 5073 467.2
88 5074 467.2
88 5075 467.2
88 5076 467.2
88 5077 467.2
88 5078 467.2
88 5079 467.2
88 5080 467.2
88 5081 467.2
88 5082 467.2
88 5083 467.2
88 5084 467.2
88 5085 467.2
88 5086 467.2
88 5087 467.2
88 5088 467.2
88 5089 467.2
88 5090 467.2
88 5091 467.2
88 5092 467.2
88 5093 467.2
88 5094 467.2
88 5095 467.2
88 5096 467.2
88 5097 467.2
88 5098 467.2
88 5099 467.2
88 5100 467.2
88 5101 467.2
88 5102 467.2
88 5103 467.2
88 5104 467.2
88 5105 467.2
88 5106 467.2
88 5107 467.2
88 5108 467.2
88 5109 467.2
89 5110 467.2
89 5111 467.2
89 5112 467.2
89 5113 467.2
89 5114 467.2
89 5115 467.2
89 5116 467.2
89 5117 467.2
89 5118 467.2
89 5119 467.2
89 5120 467.2
89 5121 467.2
89 5122 467.2
89 5123 467.2
89 5124 467.2
89 5125 467.2
89 5126 467.2
89 5127 467.2
89 5128 467.2
89 5129 467.2
89 5130 467.2
89 5131 467.2
89 5132 467.2
89 5133 467.2
89 5134 467.2
89 5135 467.2
89 5136 467.2
89 5137 467.2
89 5138 467.2
89 5139 467.2
89 5140 467.2
89 5141 467.2
89 5142 467.2
89 5143 467.2
89 5144 467.2
89 5145 467.2
89 5146 467.2
89 5147 467.2
89 5148 467.2
89 5149 467.2
89 5150 467.2
89 5151 467.2
89 5152 467.2
89 5153 467.2
89 5154 467.2
89 5155 467.2
89 5156 467.2
89 5157 467.2
89 5158 467.2
89 5159 467.2
89 5160 467.2
89 5161 467.2
89 5162 467.2
89 5163 467.2
89 5164 467.2
89 5165 467.2
89 5166 467.2
90 5167 467.2
90 5168 467.2
90 5169 467.2
90 5170 467.2
90 5171 467.2
90 5172 467.2
90 5173 467.2
90 5174 467.2
90 5175 467.2
90 5176 467.2
90 5177 467.2
90 5178 467.2
90 5179 467.2
90 5180 467.2
90 5181 467.2
90 5182 467.2
90 5183 467.2
90 5184 467.2
90 5185 467.2
90 5186 467.2
90 5187 467.2
90 5188 467.2
90 5189 467.2
90 5190 467.2
90 5191 467.2
90 5192 467.2
90 5193 467.2
90 5194 467.2
90 5195 467.2
90 5196 467.2
90 5197 467.2
90 5198 467.2
90 5199 467.2
90 5200 467.2
90 5201 467.2
90 5202 467.2
90 5203 467.2
90 5204 467.2
90 5205 467.2
90 5206 467.2
90 5207 467.2
90 5208 467.2
90 5209 467.2
90 5210 467.2
90 5211 467.2
90 5212 467.2
90 5213 467.2
90 5214 467.2
90 5215 467.2
90 5216 467.2
90 5217 467.2
90 5218 467.2
90 5219 467.2
90 5220 467.2
90 5221 467.2
90 5222 467.2
90 5223 467.2
90 5224 467.2
90 5225 467.2
90 5226 467.2
91 5227 467.2
91 5228 467.2
91 5229 467.2
91 5230 467.2
91 5231 467.2
91 5232 467.2
91 5233 467.2
91 5234 467.2
91 5235 467.2
91 5236 467.2
91 5237 467.2
91 5238 467.2
91 5239 467.2
91 5240 467.2
91 5241 467.2
91 5242 467.2
91 5243 467.2
91 5244 467.2
91 5245 467.2
91 5246 467.2
91 5247 467.2
91 5248 467.2
91 5249 467.2
91 5250 467.2
91 5251 467.2
91 5252 467.2
91 5253 467.2
91 5254 467.2
91 5255 467.2
91 5256 467.2
91 5257 467.2
91 5258 467.2
91 5259 467.2
91 5260 467.2
91 5261 467.2
91 5262 467.2
91 5263 467.2
91 5264 467.2
91 5265 467.2
91 5266 467.2
91 5267 467.2
91 5268 467.2
91 5269 467.2
91 5270 467.2
91 5271 467.2
91 5272 467.2
91 5273 467.2
91 5274 467.2
91 5275 467.2
91 5276 467.2
91 5277 467.2
91 5278 467.2
91 5279 467.2
91 5280 467.2
91 5281 467.2
91 5282 467.2
92 5283 467.2
92 5284 467.2
92 5285 467.2
92 5286 467.2
92 5287 467.2
92 5288 467.2
92 5289 467.2
92 5290 467.2
92 5291 467.2
92 5292 467.2
92 5293 467.2
92 5294 467.2
92 5295 467.2
92 5296 467.2
92 5297 467.2
92 5298 467.2
92 5299 467.2
92 5300 467.2
92 5301 467.2
92 5302 467.2
92 5303 467.2
92 5304 467.2
92 5305 467.2
92 5306 467.2
92 5307 467.2
92 5308 467.2
92 5309 467.2
92 5310 467.2
92 5311 467.2
92 5312 467.2
92 5313 467.2
92 5314 467.2
92 5315 467.2
92 5316 467.2
92 5317 467.2
92 5318 467.2
92 5319 467.2
92 5320 467.2
92 5321 467.2
92 5322 467.2
92 5323 467.2
92 5324 467.2
92 5325 467.2
92 5326 467.2
92 5327 467.2
92 5328 467.2
92 5329 467.2
92 5330 467.2
92 5331 467.2
92 5332 467.2
92 5333 467.2
92 5334 467.2
92 5335 467.2
92 5336 467.2
92 5337 467.2
92 5338 467.2
92 5339 467.2
92 5340 467.2
92 5341 467.2
93 5342 467.2
93 5343 467.2
93 5344 467.2
93 5345 467.2
93 5346 467.2
93 5347 467.2
93 5348 467.2
93 5349 467.2
93 5350 467.2
93 5351 467.2
93 5352 467.2
93 5353 467.2
93 5354 467.2
93 5355 467.2
93 5356 467.2
93 5357 467.2
93 5358 467.2
93 5359 467.2
93 5360 467.2
93 5361 467.2
93 5362 467.2
93 5363 467.2
93 5364 467.2
93 5365 467.2
93 5366 467.2
93 5367 467.2
93 5368 467.2
93 5369 467.2
93 5370 467.2
93 5371 467.2
93 5372 467.2
93 5373 467.2
93 5374 467.2
93 5375 467.2
93 5376 467.2
93 5377 467.2
93 5378 467.2
93 5379 467.2
93 5380 467.2
93 5381 467.2
93 5382 467.2
93 5383 467.2
93 5384 467.2
93 5385 467.2
93 5386 467.2
93 5387 467.2
93 5388 467.2
93 5389 467.2
93 5390 467.2
93 5391 467.2
93 5392 467.2
93 5393 467.2
93 5394 467.2
93 5395 467.2
93 5396 467.2
94 5397 467.2
94 5398 467.2
94 5399 467.2
94 5400 467.2
94 5401 467.2
94 5402 467.2
94 5403 467.2
94 5404 467.2
94 5405 467.2
94 5406 467.2
94 5407 467.2
94 5408 467.2
94 5409 467.2
94 5410 467.2
94 5411 467.2
94 5412 467.2
94 5413 467.2
94 5414 467.2
94 5415 467.2
94 5416 467.2
94 5417 467.2
94 5418 467.2
94 5419 467.2
94 5420 467.2
94 5421 467.2
94 5422 467.2
94 5423 467.2
94 5424 467.2
94 5425 467.2
94 5426 467.2
94 5427 467.2
94 5428 467.2
94 5429 467.2
94 5430 467.2
94 5431 467.2
94 5432 467.2
94 5433 467.2
94 5434 467.2
94 5435 467.2
94 5436 467.2
94 5437 467.2
94 5438 467.2
94 5439 467.2
94 5440 467.2
94 5441 467.2
94 5442 467.2
94 5443 467.2
94 5444 467.2
94 5445 467.2
94 5446 467.2
94 5447 467.2
94 5448 467.2
94 5449 467.2
94 5450 467.2
94 5451 467.2
94 5452 467.2
94 5453 467.2
94 5454 467.2
94 5455 467.2
95 5456 467.2
95 5457 467.2
95 5458 467.2
95 5459 467.2
95 5460 467.2
95 5461 467.2
95 5462 467.2
95 5463 467.2
95 5464 467.2
95 5465 467.2
95 5466 467.2
95 5467 467.2
95 5468 467.2
95 5469 467.2
95 5470 467.2
95 5471 467.2
95 5472 467.2
95 5473 467.2
95 5474 467.2
95 5475 467.2
95 5476 467.2
95 5477 467.2
95 5478 467.2
95 5479 467.2
95 5480 467.2
95 5481 467.2
95 5482 467.2
95 5483 467.2
95 5484 467.2
95 5485 467.2
95 5486 467.2
95 5487 467.2
95 5488 467.2
95 5489 467.2
95 5490 467.2
95 5491 467.2
95 5492 467.2
95 5493 467.2
95 5494 467.2
95 5495 467.2
95 5496 467.2
95 5497 467.2
95 5498 467.2
95 5499 467.2
95 5500 467.2
95 5501 467.2
95 5502 467.2
95 5503 467.2
95 5504 467.2
95 5505 467.2
95 5506 467.2
95 5507 467.2
95 5508 467.2
95 5509 467.2
95 5510 467.2
95 5511 467.2
96 5512 467.2
96 5513 467.2
96 5514 467.2
96 5515 467.2
96 5516 467.2
96 5517 467.2
96 5518 467.2
96 5519 467.2
96 5520 467.2
96 5521 467.2
96 5522 467.2
96 5523 467.2
96 5524 467.2
96 5525 467.2
96 5526 467.2
96 5527 467.2
96 5528 467.2
96 5529 467.2
96 5530 467.2
96 5531 467.2
96 5532 467.2
96 5533 467.2
96 5534 467.2
96 5535 467.2
96 5536 467.2
96 5537 467.2
96 5538 467.2
96 5539 467.2
96 5540 467.2
96 5541 467.2
96 5542 467.2
96 5543 467.2
96 5544 467.2
96 5545 467.2
96 5546 467.2
96 5547 467.2
96 5548 467.2
96 5549 467.2
96 5550 467.2
96 5551 467.2
96 5552 467.2
96 5553 467.2
96 5554 467.2
96 5555 467.2
96 5556 467.2
96 5557 467.2
96 5558 467.2
96 5559 467.2
96 5560 467.2
96 5561 467.2
96 5562 467.2
96 5563 467.2
96 5564 467.2
96 5565 467.2
96 5566 467.2
97 5567 467.2
97 5568 467.2
97 5569 467.2
97 5570 467.2
97 5571 467.2
97 5572 467.2
97 5573 467.2
97 5574 467.2
97 5575 467.2
97 5576 467.2
97 5577 467.2
97 5578 467.2
97 5579 467.2
97 5580 467.2
97 5581 467.2
97 5582 467.2
97 5583 467.2
97 5584 467.2
97 5585 467.2
97 5586 467.2
97 5587 467.2
97 5588 467.2
97 5589 467.2
97 5590 467.2
97 5591 467.2
97 5592 467.2
97 5593 467.2
97 5594 467.2
97 5595 467.2
97 5596 467.2
97 5597 467.2
97 5598 467.2
97 5599 467.2
97 5600 467.2
97 5601 467.2
97 5602 467.2
97 5603 467.2
97 5604 467.2
97 5605 467.2
97 5606 467.2
97 5607 467.2
97 5608 467.2
97 5609 467.2
97 5610 467.2
97 5611 467.2
97 5612 467.2
97 5613 467.2
97 5614 467.2
97 5615 467.2
97 5616 467.2
97 5617 467.2
97 5618 467.2
97 5619 467.2
97 5620 467.2
97 5621 467.2
97 5622 467.2
97 5623 467.2
97 5624 467.2
98 5625 467.2
98 5626 467.2
98 5627 467.2
98 5628 467.2
98 5629 467.2
98 5630 467.2
98 5631 467.2
98 5632 467.2
98 5633 467.2
98 5634 467.2
98 5635 467.2
98 5636 467.2
98 5637 467.2
98 5638 467.2
98 5639 467.2
98 5640 467.2
98 5641 467.2
98 5642 467.2
98 5643 467.2
98 5644 467.2
98 5645 467.2
98 5646 467.2
98 5647 467.2
98 5648 467.2
98 5649 467.2
98 5650 467.2
98 5651 467.2
98 5652 467.2
98 5653 467.2
98 5654 467.2
98 5655 467.2
98 5656 467.2
98 5657 467.2
98 5658 467.2
98 5659 467.2
98 5660 467.2
98 5661 467.2
98 5662 467.2
98 5663 467.2
98 5664 467.2
98 5665 467.2
98 5666 467.2
98 5667 467.2
98 5668 467.2
98 5669 467.2
98 5670 467.2
98 5671 467.2
98 5672 467.2
98 5673 467.2
98 5674 467.2
98 5675 467.2
98 5676 467.2
98 5677 467.2
98 5678 467.2
98 5679 467.2
98 5680 467.2
99 5681 467.2
99 5682 467.2
99 5683 467.2
99 5684 467.2
99 5685 467.2
99 5686 467.2
99 5687 467.2
99 5688 467.2
99 5689 467.2
99 5690 467.2
99 5691 467.2
99 5692 467.2
99 5693 467.2
99 5694 467.2
99 5695 467.2
99 5696 467.2
99 5697 467.2
99 5698 467.2
99 5699 467.2
99 5700 467.2
99 5701 467.2
99 5702 467.2
99 5703 467.2
99 5704 467.2
99 5705 467.2
99 5706 467.2
99 5707 467.2
99 5708 467.2
99 5709 467.2
99 5710 467.2
99 5711 467.2
99 5712 467.2
99 5713 467.2
99 5714 467.2
99 5715 467.2
99 5716 467.2
99 5717 467.2
99 5718 467.2
99 5719 467.2
99 5720 467.2
99 5721 467.2
99 5722 467.2
99 5723 467.2
99 5724 467.2
99 5725 467.2
99 5726 467.2
99 5727 467.2
99 5728 467.2
99 5729 467.2
99 5730 467.2
99 5731 467.2
99 5732 467.2
99 5733 467.2
99 5734 467.2
99 5735 467.2
99 5736 467.2
100 5737 467.2
100 5738 467.2
100 5739 467.2
100 5740 467.2
100 5741 467.2
100 5742 467.2
100 5743 467.2
100 5744 467.2
100 5745 467.2
100 5746 467.2
100 5747 467.2
100 5748 467.2
100 5749 467.2
100 5750 467.2
100 5751 467.2
100 5752 467.2
100 5753 467.2
100 5754 467.2
100 5755 467.2
100 5756 467.2
100 5757 467.2
100 5758 467.2
100 5759 467.2
100 5760 467.2
100 5761 467.2
100 5762 467.2
100 5763 467.2
100 5764 467.2
100 5765 467.2
100 5766 467.2
100 5767 467.2
100 5768 467.2
100 5769 467.2
100 5770 467.2
100 5771 467.2
100 5772 467.2
100 5773 467.2
100 5774 467.2
100 5775 467.2
100 5776 467.2
100 5777 467.2
100 5778 467.2
100 5779 467.2
100 5780 467.2
100 5781 467.2
100 5782 467.2
100 5783 467.2
100 5784 467.2
100 5785 467.2
100 5786 467.2
100 5787 467.2
100 5788 467.2
100 5789 467.2
100 5790 467.2
100 5791 467.2
100 5792 467.2
100 5793 467.2
100 5794 467.2
101 5795 467.2
101 5796 467.2
101 5797 467.2
101 5798 467.2
101 5799 467.2
101 5800 467.2
101 5801 467.2
101 5802 467.2
101 5803 467.2
101 5804 467.2
101 5805 467.2
101 5806 467.2
101 5807 467.2
101 5808 467.2
101 5809 467.2
101 5810 467.2
101 5811 467.2
101 5812 467.2
101 5813 467.2
101 5814 467.2
101 5815 467.2
101 5816 467.2
101 5817 467.2
101 5818 467.2
101 5819 467.2
101 5820 467.2
101 5821 467.2
101 5822 467.2
101 5823 467.2
101 5824 467.2
101 5825 467.2
101 5826 467.2
101 5827 467.2
101 5828 467.2
101 5829 467.2
101 5830 467.2
101 5831 467.2
101 5832 467.2
101 5833 467.2
101 5834 467.2
101 5835 467.2
101 5836 467.2
101 5837 467.2
101 5838 467.2
101 5839 467.2
101 5840 467.2
101 5841 467.2
101 5842 467.2
101 5843 467.2
101 5844 467.2
101 5845 467.2
101 5846 467.2
101 5847 467.2
101 5848 467.2
101 5849 467.2
102 5850 467.2
102 5851 467.2
102 5852 467.2
102 5853 467.2
102 5854 467.2
102 5855 467.2
102 5856 467.2
102 5857 467.2
102 5858 467.2
102 5859 467.2
102 5860 467.2
102 5861 467.2
102 5862 467.2
102 5863 467.2
102 5864 467.2
102 5865 467.2
102 5866 467.2
102 5867 467.2
102 5868 467.2
102 5869 467.2
102 5870 467.2
102 5871 467.2
102 5872 467.2
102 5873 467.2
102 5874 467.2
102 5875 467.2
102 5876 467.2
102 5877 467.2
102 5878 467.2
102 5879 467.2
102 5880 467.2
102 5881 467.2
102 5882 467.2
102 5883 467.2
102 5884 467.2
102 5885 467.2
102 5886 467.2
102 5887 467.2
102 5888 467.2
102 5889 467.2
102 5890 467.2
102 5891 467.2
102 5892 467.2
102 5893 467.2
102 5894 467.2
102 5895 467.2
102 5896 467.2
102 5897 467.2
102 5898 467.2
102 5899 467.2
102 5900 467.2
102 5901 467.2
102 5902 467.2
102 5903 467.2
102 5904 467.2
102 5905 467.2
102 5906 467.2
103 5907 467.2
103 5908 467.2
103 5909 467.2
103 5910 467.2
103 5911 467.2
103 5912 467.2
103 5913 467.2
103 5914 467.2
103 5915 467.2
103 5916 467.2
103 5917 467.2
103 5918 467.2
103 5919 467.2
103 5920 467.2
103 5921 467.2
103 5922 467.2
103 5923 467.2
103 5924 467.2
103 5925 467.2
103 5926 467.2
103 5927 467.2
103 5928 467.2
103 5929 467.2
103 5930 467.2
103 5931 467.2
103 5932 467.2
103 5933 467.2
103 5934 467.2
103 5935 467.2
103 5936 467.2
103 5937 467.2
103 5938 467.2
103 5939 467.2
103 5940 467.2
103 5941 467.2
103 5942 467.2
103 5943 467.2
103 5944 467.2
103 5945 467.2
103 5946 467.2
103 5947 467.2
103 5948 467.2
103 5949 467.2
103 5950 467.2
103 5951 467.2
103 5952 467.2
103 5953 467.2
103 5954 467.2
103 5955 467.2
103 5956 467.2
103 5957 467.2
103 5958 467.2
103 5959 467.2
103 5960 467.2
103 5961 467.2
103 5962 467.2
103 5963 467.2
103 5964 467.2
103 5965 467.2
104 5966 467.2
104 5967 467.2
104 5968 467.2
104 5969 467.2
104 5970 467.2
104 5971 467.2
104 5972 467.2
104 5973 467.2
104 5974 467.2
104 5975 467.2
104 5976 467.2
104 5977 467.2
104 5978 467.2
104 5979 467.2
104 5980 467.2
104 5981 467.2
104 5982 467.2
104 5983 467.2
104 5984 467.2
104 5985 467.2
104 5986 467.2
104 5987 467.2
104 5988 467.2
104 5989 467.2
104 5990 467.2
104 5991 467.2
104 5992 467.2
104 5993 467.2
104 5994 467.2
104 5995 467.2
104 5996 467.2
104 5997 467.2
104 5998 467.2
104 5999 467.2
104 6000 467.2
104 6001 467.2
104 6002 467.2
104 6003 467.2
104 6004 467.2
104 6005 467.2
104 6006 467.2
104 6007 467.2
104 6008 467.2
104 6009 467.2
104 6010 467.2
104 6011 467.2
104 6012 467.2
104 6013 467.2
104 6014 467.2
104 6015 467.2
104 6016 467.2
104 6017 467.2
104 6018 467.2
104 6019 467.2
104 6020 467.2
104 6021 467.2
104 6022 467.2
105 6023 467.2
105 6024 467.2
105 6025 467.2
105 6026 467.2
105 6027 467.2
105 6028 467.2
105 6029 467.2
105 6030 467.2
105 6031 467.2
105 6032 467.2
105 6033 467.2
105 6034 467.2
105 6035 467.2
105 6036 467.2
105 6037 467.2
105 6038 467.2
105 6039 467.2
105 6040 467.2
105 6041 467.2
105 6042 467.2
105 6043 467.2
105 6044 467.2
105 6045 467.2
105 6046 467.2
105 6047 467.2
105 6048 467.2
105 6049 467.2
105 6050 467.2
105 6051 467.2
105 6052 467.2
105 6053 467.2
105 6054 467.2
105 6055 467.2
105 6056 467.2
105 6057 467.2
105 6058 467.2
105 6059 467.2
105 6060 467.2
105 6061 467.2
105 6062 467.2
105 6063 467.2
105 6064 467.2
105 6065 467.2
105 6066 467.2
105 6067 467.2
105 6068 467.2
105 6069 467.2
105 6070 467.2
105 6071 467.2
105 6072 467.2
105 6073 467.2
105 6074 467.2
105 6075 467.2
105 6076 467.2
105 6077 467.2
106 6078 467.2
106 6079 467.2
106 6080 467.2
106 6081 467.2
106 6082 467.2
106 6083 467.2
106 6084 467.2
106 6085 467.2
106 6086 467.2
106 6087 467.2
106 6088 467.2
106 6089 467.2
106 6090 467.2
106 6091 467.2
106 6092 467.2
106 6093 467.2
106 6094 467.2
106 6095 467.2
106 6096 467.2
106 6097 467.2
106 6098 467.2
106 6099 467.2
106 6100 467.2
106 6101 467.2
106 6102 467.2
106 6103 467.2
106 6104 467.2
106 6105 467.2
106 6106 467.2
106 6107 467.2
106 6108 467.2
106 6109 467.2
106 6110 467.2
106 6111 467.2
106 6112 467.2
106 6113 467.2
106 6114 467.2
106 6115 467.2
106 6116 467.2
106 6117 467.2
106 6118 467.2
106 6119 467.2
106 6120 467.2
106 6121 467.2
106 6122 467.2
106 6123 467.2
106 6124 467.2
106 6125 467.2
106 6126 467.2
106 6127 467.2
106 6128 467.2
106 6129 467.2
106 6130 467.2
106 6131 467.2
106 6132 467.2
106 6133 467.2
106 6134 467.2
106 6135 467.2
106 6136 467.2
107 6137 467.2
107 6138 467.2
107 6139 467.2
107 6140 467.2
107 6141 467.2
107 6142 467.2
107 6143 467.2
107 6144 467.2
107 6145 467.2
107 6146 467.2
107 6147 467.2
107 6148 467.2
107 6149 467.2
107 6150 467.2
107 6151 467.2
107 6152 467.2
107 6153 467.2
107 6154 467.2
107 6155 467.2
107 6156 467.2
107 6157 467.2
107 6158 467.2
107 6159 467.2
107 6160 467.2
107 6161 467.2
107 6162 467.2
107 6163 467.2
107 6164 467.2
107 6165 467.2
107 6166 467.2
107 6167 467.2
107 6168 467.2
107 6169 467.2
107 6170 467.2
107 6171 467.2
107 6172 467.2
107 6173 467.2
107 6174 467.2
107 6175 467.2
107 6176 467.2
107 6177 467.2
107 6178 467.2
107 6179 467.2
107 6180 467.2
107 6181 467.2
107 6182 467.2
107 6183 467.2
107 6184 467.2
107 6185 467.2
107 6186 467.2
107 6187 467.2
107 6188 467.2
107 6189 467.2
107 6190 467.2
107 6191 467.2
107 6192 467.2
107 6193 467.2
107 6194 467.2
108 6195 467.2
108 6196 467.2
108 6197 467.2
108 6198 467.2
108 6199 467.2
108 6200 467.2
108 6201 467.2
108 6202 467.2
108 6203 467.2
108 6204 467.2
108 6205 467.2
108 6206 467.2
108 6207 467.2
108 6208 467.2
108 6209 467.2
108 6210 467.2
108 6211 467.2
108 6212 467.2
108 6213 467.2
108 6214 467.2
108 6215 467.2
108 6216 467.2
108 6217 467.2
108 6218 467.2
108 6219 467.2
108 6220 467.2
108 6221 467.2
108 6222 467.2
108 6223 467.2
108 6224 467.2
108 6225 467.2
108 6226 467.2
108 6227 467.2
108 6228 467.2
108 6229 467.2
108 6230 467.2
108 6231 467.2
108 6232 467.2
108 6233 467.2
108 6234 467.2
108 6235 467.2
108 6236 467.2
108 6237 467.2
108 6238 467.2
108 6239 467.2
108 6240 467.2
108 6241 467.2
108 6242 467.2
108 6243 467.2
108 6244 467.2
108 6245 467.2
108 6246 467.2
108 6247 467.2
108 6248 467.2
109 6249 467.2
109 6250 467.2
109 6251 467.2
109 6252 467.2
109 6253 467.2
109 6254 467.2
109 6255 467.2
109 6256 467.2
109 6257 467.2
109 6258 467.2
109 6259 467.2
109 6260 467.2
109 6261 467.2
109 6262 467.2
109 6263 467.2
109 6264 467.2
109 6265 467.2
109 6266 467.2
109 6267 467.2
109 6268 467.2
109 6269 467.2
109 6270 467.2
109 6271 467.2
109 6272 467.2
109 6273 467.2
109 6274 467.2
109 6275 467.2
109 6276 467.2
109 6277 467.2
109 6278 467.2
109 6279 467.2
109 6280 467.2
109 6281 467.2
109 6282 467.2
109 6283 467.2
109 6284 467.2
109 6285 467.2
109 6286 467.2
109 6287 467.2
109 6288 467.2
109 6289 467.2
109 6290 467.2
109 6291 467.2
109 6292 467.2
109 6293 467.2
109 6294 467.2
109 6295 467.2
109 6296 467.2
109 6297 467.2
109 6298 467.2
109 6299 467.2
109 6300 467.2
109 6301 467.2
109 6302 467.2
109 6303 467.2
109 6304 467.2
109 6305 467.2
109 6306 467.2
109 6307 467.2
109 6308 467.2
109 6309 467.2
110 6310 467.2
110 6311 467.2
110 6312 467.2
110 6313 467.2
110 6314 467.2
110 6315 467.2
110 6316 467.2
110 6317 467.2
110 6318 467.2
110 6319 467.2
110 6320 467.2
110 6321 467.2
110 6322 467.2
110 6323 467.2
110 6324 467.2
110 6325 467.2
110 6326 467.2
110 6327 467.2
110 6328 467.2
110 6329 467.2
110 6330 467.2
110 6331 467.2
110 6332 467.2
110 6333 467.2
110 6334 467.2
110 6335 467.2
110 6336 467.2
110 6337 467.2
110 6338 467.2
110 6339 467.2
110 6340 467.2
110 6341 467.2
110 6342 467.2
110 6343 467.2
110 6344 467.2
110 6345 467.2
110 6346 467.2
110 6347 467.2
110 6348 467.2
110 6349 467.2
110 6350 467.2
110 6351 467.2
110 6352 467.2
110 6353 467.2
110 6354 467.2
110 6355 467.2
110 6356 467.2
110 6357 467.2
110 6358 467.2
110 6359 467.2
110 6360 467.2
110 6361 467.2
110 6362 467.2
110 6363 467.2
111 6364 467.2
111 6365 467.2
111 6366 467.2
111 6367 467.2
111 6368 467.2
111 6369 467.2
111 6370 467.2
111 6371 467.2
111 6372 467.2
111 6373 467.2
111 6374 467.2
111 6375 467.2
111 6376 467.2
111 6377 467.2
111 6378 467.2
111 6379 467.2
111 6380 467.2
111 6381 467.2
111 6382 467.2
111 6383 467.2
111 6384 467.2
111 6385 467.2
111 6386 467.2
111 6387 467.2
111 6388 467.2
111 6389 467.2
111 6390 467.2
111 6391 467.2
111 6392 467.2
111 6393 467.2
111 6394 467.2
111 6395 467.2
111 6396 467.2
111 6397 467.2
111 6398 467.2
111 6399 467.2
111 6400 467.2
111 6401 467.2
111 6402 467.2
111 6403 467.2
111 6404 467.2
111 6405 467.2
111 6406 467.2
111 6407 467.2
111 6408 467.2
111 6409 467.2
111 6410 467.2
111 6411 467.2
111 6412 467.2
111 6413 467.2
111 6414 467.2
111 6415 467.2
111 6416 467.2
111 6417 467.2
111 6418 467.2
111 6419 467.2
111 6420 467.2
112 6421 467.2
112 6422 467.2
112 6423 467.2
112 6424 467.2
112 6425 467.2
112 6426 467.2
112 6427 467.2
112 6428 467.2
112 6429 467.2
112 6430 467.2
112 6431 467.2
112 6432 467.2
112 6433 467.2
112 6434 467.2
112 6435 467.2
112 6436 467.2
112 6437 467.2
112 6438 467.2
112 6439 467.2
112 6440 467.2
112 6441 467.2
112 6442 467.2
112 6443 467.2
112 6444 467.2
112 6445 467.2
112 6446 467.2
112 6447 467.2
112 6448 467.2
112 6449 467.2
112 6450 467.2
112 6451 467.2
112 6452 467.2
112 6453 467.2
112 6454 467.2
112 6455 467.2
112 6456 467.2
112 6457 467.2
112 6458 467.2
112 6459 467.2
112 6460 467.2
112 6461 467.2
112 6462 467.2
112 6463 467.2
112 6464 467.2
112 6465 467.2
112 6466 467.2
112 6467 467.2
112 6468 467.2
112 6469 467.2
112 6470 467.2
112 6471 467.2
112 6472 467.2
112 6473 467.2
112 6474 467.2
112 6475 467.2
112 6476 467.2
112 6477 467.2
112 6478 467.2
112 6479 467.2
112 6480 467.2
112 6481 467.2
113 6482 467.2
113 6483 467.2
113 6484 467.2
113 6485 467.2
113 6486 467.2
113 6487 467.2
113 6488 467.2
113 6489 467.2
113 6490 467.2
113 6491 467.2
113 6492 467.2
113 6493 467.2
113 6494 467.2
113 6495 467.2
113 6496 467.2
113 6497 467.2
113 6498 467.2
113 6499 467.2
113 6500 467.2
113 6501 467.2
113 6502 467.2
113 6503 467.2
113 6504 467.2
113 6505 467.2
113 6506 467.2
113 6507 467.2
113 6508 467.2
113 6509 467.2
113 6510 467.2
113 6511 467.2
113 6512 467.2
113 6513 467.2
113 6514 467.2
113 6515 467.2
113 6516 467.2
113 6517 467.2
113 6518 467.2
113 6519 467.2
113 6520 467.2
113 6521 467.2
113 6522 467.2
113 6523 467.2
113 6524 467.2
113 6525 467.2
113 6526 467.2
113 6527 467.2
113 6528 467.2
113 6529 467.2
113 6530 467.2
113 6531 467.2
113 6532 467.2
113 6533 467.2
113 6534 467.2
113 6535 467.2
113 6536 467.2
113 6537 467.2
113 6538 467.2
113 6539 467.2
114 6540 467.2
114 6541 467.2
114 6542 467.2
114 6543 467.2
114 6544 467.2
114 6545 467.2
114 6546 467.2
114 6547 467.2
114 6548 467.2
114 6549 467.2
114 6550 467.2
114 6551 467.2
114 6552 467.2
114 6553 467.2
114 6554 467.2
114 6555 467.2
114 6556 467.2
114 6557 467.2
114 6558 467.2
114 6559 467.2
114 6560 467.2
114 6561 467.2
114 6562 467.2
114 6563 467.2
114 6564 467.2
114 6565 467.2
114 6566 467.2
114 6567 467.2
114 6568 467.2
114 6569 467.2
114 6570 467.2
114 6571 467.2
114 6572 467.2
114 6573 467.2
114 6574 467.2
114 6575 467.2
114 6576 467.2
114 6577 467.2
114 6578 467.2
114 6579 467.2
114 6580 467.2
114 6581 467.2
114 6582 467.2
114 6583 467.2
114 6584 467.2
114 6585 467.2
114 6586 467.2
114 6587 467.2
114 6588 467.2
114 6589 467.2
114 6590 467.2
114 6591 467.2
114 6592 467.2
114 6593 467.2
114 6594 467.2
114 6595 467.2
114 6596 467.2
114 6597 467.2
114 6598 467.2
114 6599 467.2
115 6600 467.2
115 6601 467.2
115 6602 467.2
115 6603 467.2
115 6604 467.2
115 6605 467.2
115 6606 467.2
115 6607 467.2
115 6608 467.2
115 6609 467.2
115 6610 467.2
115 6611 467.2
115 6612 467.2
115 6613 467.2
115 6614 467.2
115 6615 467.2
115 6616 467.2
115 6617 467.2
115 6618 467.2
115 6619 467.2
115 6620 467.2
115 6621 467.2
115 6622 467.2
115 6623 467.2
115 6624 467.2
115 6625 467.2
115 6626 467.2
115 6627 467.2
115 6628 467.2
115 6629 467.2
115 6630 467.2
115 6631 467.2
115 6632 467.2
115 6633 467.2
115 6634 467.2
115 6635 467.2
115 6636 467.2
115 6637 467.2
115 6638 467.2
115 6639 467.2
115 6640 467.2
115 6641 467.2
115 6642 467.2
115 6643 467.2
115 6644 467.2
115 6645 467.2
115 6646 467.2
115 6647 467.2
115 6648 467.2
115 6649 467.2
115 6650 467.2
115 6651 467.2
115 6652 467.2
115 6653 467.2
115 6654 467.2
115 6655 467.2
115 6656 467.2
116 6657 467.2
116 6658 467.2
116 6659 467.2
116 6660 467.2
116 6661 467.2
116 6662 467.2
116 6663 467.2
116 6664 467.2
116 6665 467.2
116 6666 467.2
116 6667 467.2
116 6668 467.2
116 6669 467.2
116 6670 467.2
116 6671 467.2
116 6672 467.2
116 6673 467.2
116 6674 467.2
116 6675 467.2
116 6676 467.2
116 6677 467.2
116 6678 467.2
116 6679 467.2
116 6680 467.2
116 6681 467.2
116 6682 467.2
116 6683 467.2
116 6684 467.2
116 6685 467.2
116 6686 467.2
116 6687 467.2
116 6688 467.2
116 6689 467.2
116 6690 467.2
116 6691 467.2
116 6692 467.2
116 6693 467.2
116 6694 467.2
116 6695 467.2
116 6696 467.2
116 6697 467.2
116 6698 467.2
116 6699 467.2
116 6700 467.2
116 6701 467.2
116 6702 467.2
116 6703 467.2
116 6704 467.2
116 6705 467.2
116 6706 467.2
116 6707 467.2
116 6708 467.2
116 6709 467.2
116 6710 467.2
116 6711 467.2
116 6712 467.2
117 6713 467.2
117 6714 467.2
117 6715 467.2
117 6716 467.2
117 6717 467.2
117 6718 467.2
117 6719 467.2
117 6720 467.2
117 6721 467.2
117 6722 467.2
117 6723 467.2
117 6724 467.2
117 6725 467.2
117 6726 467.2
117 6727 467.2
117 6728 467.2
117 6729 467.2
117 6730 467.2
117 6731 467.2
117 6732 467.2
117 6733 467.2
117 6734 467.2
117 6735 467.2
117 6736 467.2
117 6737 467.2
117 6738 467.2
117 6739 467.2
117 6740 467.2
117 6741 467.2
117 6742 467.2
117 6743 467.2
117 6744 467.2
117 6745 467.2
117 6746 467.2
117 6747 467.2
117 6748 467.2
117 6749 467.2
117 6750 467.2
117 6751 467.2
117 6752 467.2
117 6753 467.2
117 6754 467.2
117 6755 467.2
117 6756 467.2
117 6757 467.2
117 6758 467.2
117 6759 467.2
117 6760 467.2
117 6761 467.2
117 6762 467.2
117 6763 467.2
117 6764 467.2
117 6765 467.2
117 6766 467.2
117 6767 467.2
117 6768 467.2
117 6769 467.2
117 6770 467.2
117 6771 467.2
118 6772 467.2
118 6773 467.2
118 6774 467.2
118 6775 467.2
118 6776 467.2
118 6777 467.2
118 6778 467.2
118 6779 467.2
118 6780 467.2
118 6781 467.2
118 6782 467.2
118 6783 467.2
118 6784 467.2
118 6785 467.2
118 6786 467.2
118 6787 467.2
118 6788 467.2
118 6789 467.2
118 6790 467.2
118 6791 467.2
118 6792 467.2
118 6793 467.2
118 6794 467.2
118 6795 467.2
118 6796 467.2
118 6797 467.2
118 6798 467.2
118 6799 467.2
118 6800 467.2
118 6801 467.2
118 6802 467.2
118 6803 467.2
118 6804 467.2
118 6805 467.2
118 6806 467.2
118 6807 467.2
118 6808 467.2
118 6809 467.2
118 6810 467.2
118 6811 467.2
118 6812 467.2
118 6813 467.2
118 6814 467.2
118 6815 467.2
118 6816 467.2
118 6817 467.2
118 6818 467.2
118 6819 467.2
118 6820 467.2
118 6821 467.2
118 6822 467.2
118 6823 467.2
118 6824 467.2
118 6825 467.2
118 6826 467.2
118 6827 467.2
118 6828 467.2
119 6829 467.2
119 6830 467.2
119 6831 467.2
119 6832 467.2
119 6833 467.2
119 6834 467.2
119 6835 467.2
119 6836 467.2
119 6837 467.2
119 6838 467.2
119 6839 467.2
119 6840 467.2
119 6841 467.2
119 6842 467.2
119 6843 467.2
119 6844 467.2
119 6845 467.2
119 6846 467.2
119 6847 467.2
119 6848 467.2
119 6849 467.2
119 6850 467.2
119 6851 467.2
119 6852 467.2
119 6853 467.2
119 6854 467.2
119 6855 467.2
119 6856 467.2
119 6857 467.2
119 6858 467.2
119 6859 467.2
119 6860 467.2
119 6861 467.2
119 6862 467.2
119 6863 467.2
119 6864 467.2
119 6865 467.2
119 6866 467.2
119 6867 467.2
119 6868 467.2
119 6869 467.2
119 6870 467.2
119 6871 467.2
119 6872 467.2
119 6873 467.2
119 6874 467.2
119 6875 467.2
119 6876 467.2
119 6877 467.2
119 6878 467.2
119 6879 467.2
119 6880 467.2
119 6881 467.2
119 6882 467.2
119 6883 467.2
119 6884 467.2
119 6885 467.2
120 6886 467.2
120 6887 467.2
120 6888 467.2
120 6889 467.2
120 6890 467.2
120 6891 467.2
120 6892 467.2
120 6893 467.2
120 6894 467.2
120 6895 467.2
120 6896 467.2
120 6897 467.2
120 6898 467.2
120 6899 467.2
120 6900 467.2
120 6901 467.2
120 6902 467.2
120 6903 467.2
120 6904 467.2
120 6905 467.2
120 6906 467.2
120 6907 467.2
120 6908 467.2
120 6909 467.2
120 6910 467.2
120 6911 467.2
120 6912 467.2
120 6913 467.2
120 6914 467.2
120 6915 467.2
120 6916 467.2
120 6917 467.2
120 6918 467.2
120 6919 467.2
120 6920 467.2
120 6921 467.2
120 6922 467.2
120 6923 467.2
120 6924 467.2
120 6925 467.2
120 6926 467.2
120 6927 467.2
120 6928 467.2
120 6929 467.2
120 6930 467.2
120 6931 467.2
120 6932 467.2
120 6933 467.2
120 6934 467.2
120 6935 467.2
120 6936 467.2
120 6937 467.2
120 6938 467.2
120 6939 467.2
120 6940 467.2
120 6941 467.2
120 6942 467.2
121 6943 467.2
