1 1 31777.369999999995
1 2 31777.369999999995
1 3 26096.42
1 4 26096.42
1 5 26033.3
1 6 24228.430000000004
1 7 24194.99
1 8 22694.83
1 9 22694.83
1 10 22694.83
1 11 22478.510000000002
1 12 20815.789999999997
1 13 20815.789999999997
1 14 20605.87
1 15 20500.27
1 16 20203.18
1 17 20203.18
1 18 20203.18
1 19 19803.82
1 20 19302.06
1 21 19302.06
1 22 18758.059999999998
1 23 18358.699999999997
1 24 18358.699999999997
1 25 18171.179999999997
1 26 18171.179999999997
1 27 18149.179999999997
1 28 18075.819999999996
1 29 18058.459999999995
1 30 16513.579999999994
1 31 16297.259999999997
1 32 16089.259999999997
1 33 14835.209999999997
1 34 14675.609999999997
1 35 14675.609999999997
1 36 14599.689999999999
1 37 14599.689999999999
1 38 14491.09
2 39 14389.769999999999
2 40 14285.01
2 41 14252.019999999999
2 42 14252.019999999999
2 43 14063.14
2 44 13862.09
2 45 13756.49
2 46 13756.49
2 47 13756.49
2 48 13711.369999999999
2 49 13612.93
2 50 13612.93
2 51 13210.57
2 52 13210.57
2 53 12943.529999999999
2 54 12825.29
2 55 12812.97
2 56 12683.210000000001
2 57 12587.05
2 58 12580.01
2 59 12580.01
2 60 12025.4
2 61 12013.6
2 62 12000.4
2 63 11803.68
2 64 11787.68
2 65 11775.519999999999
2 66 11762.88
2 67 11401.119999999999
2 68 11401.119999999999
2 69 11359.52
2 70 11215.960000000001
2 71 11184.16
2 72 11040.6
2 73 11028.68
2 74 10989.72
2 75 10834.52
2 76 10334.36
2 77 9949.51
2 78 9608.970000000001
2 79 9608.970000000001
2 80 9509.04
2 81 9402.890000000001
2 82 9402.890000000001
2 83 8951.480000000001
2 84 8951.480000000001
2 85 8884.600000000002
2 86 8741.04
2 87 8719.190000000002
2 88 8719.190000000002
2 89 8079.400000000001
2 90 8079.400000000001
2 91 7984.680000000001
3 92 7921.160000000001
3 93 7851.56
3 94 7736.840000000001
3 95 7736.840000000001
3 96 7649.370000000002
3 97 7649.370000000002
3 98 7505.81
3 99 7485.81
3 100 6824.17
3 101 6637.09
3 102 6637.09
3 103 6605.09
3 104 6605.09
3 105 6589.330000000001
3 106 6550.37
3 107 6434.210000000001
3 108 6350.370000000001
3 109 6350.370000000001
3 110 6263.89
3 111 6263.89
3 112 6251.490000000001
3 113 6232.370000000002
3 114 6024.650000000001
3 115 6024.650000000001
3 116 6024.650000000001
3 117 6021.52
3 118 6021.52
3 119 6018.85
3 120 6018.85
3 121 5973.090000000001
3 122 5973.090000000001
3 123 5973.090000000001
3 124 5925.410000000002
3 125 5925.410000000002
3 126 5880.290000000001
3 127 5270.050000000001
3 128 5270.050000000001
3 129 5264.690000000001
3 130 5107.4400000000005
3 131 4614.6900000000005
3 132 4569.89
3 133 4569.89
4 134 4538.37
4 135 4505.89
4 136 4362.37
4 137 4298.37
4 138 4281.090000000001
4 139 4281.090000000001
4 140 4201.090000000001
4 141 4198.280000000001
4 142 4154.760000000001
4 143 4154.760000000001
4 144 4150.760000000001
4 145 4054.7600000000007
4 146 4054.7600000000007
4 147 3985.350000000001
4 148 3985.350000000001
4 149 3769.03
4 150 3769.03
4 151 3769.03
4 152 3673.03
4 153 3673.03
4 154 3673.03
4 155 3657.03
4 156 3626.3100000000004
4 157 3622.3100000000004
4 158 3610.3100000000004
4 159 3610.3100000000004
4 160 3446.4700000000003
4 161 3446.4700000000003
4 162 3270.4700000000003
4 163 3176.3900000000003
4 164 3176.3900000000003
4 165 3176.3900000000003
4 166 2814.6299999999997
4 167 2814.6299999999997
4 168 2769.5099999999998
4 169 2768.5099999999998
4 170 2746.7499999999995
4 171 2565.79
4 172 2565.79
4 173 2556.67
4 174 2403.18
4 175 2403.18
4 176 2403.18
4 177 2251.29
4 178 2251.29
4 179 2251.29
4 180 2235.29
4 181 2235.29
4 182 2235.29
4 183 2072.68
4 184 2047.6799999999998
4 185 2047.6799999999998
4 186 2047.6799999999998
4 187 2037.04
5 188 1910.3500000000001
5 189 1910.3500000000001
5 190 1865.55
5 191 1865.55
5 192 1865.55
5 193 1855.23
5 194 1855.15
5 195 1851.23
5 196 1844.8300000000002
5 197 1687.39
5 198 1687.39
5 199 1687.39
5 200 1687.39
5 201 1683.3899999999999
5 202 1676.99
5 203 1676.99
5 204 1659.3899999999999
5 205 1659.3899999999999
5 206 1659.3899999999999
5 207 1501.15
5 208 1501.15
5 209 1481.15
5 210 1481.15
5 211 1481.15
5 212 1481.15
5 213 1374.46
5 214 1322.91
5 215 770.97
5 216 770.97
5 217 762.97
5 218 754.97
5 219 754.97
5 220 746.97
5 221 746.97
5 222 737.97
5 223 737.97
5 224 737.97
5 225 736.97
5 226 736.97
5 227 733.97
5 228 733.97
5 229 733.97
5 230 717.97
5 231 717.97
5 232 715.97
5 233 715.97
5 234 715.97
5 235 715.97
5 236 715.97
5 237 714.97
5 238 714.97
5 239 557.73
5 240 557.73
5 241 556.73
6 242 556.73
6 243 556.73
6 244 555.73
6 245 548.73
6 246 548.73
6 247 544.73
6 248 532.73
6 249 532.73
6 250 528.73
6 251 528.73
6 252 528.73
6 253 528.73
6 254 512.73
6 255 512.73
6 256 512.73
6 257 448.73
6 258 448.73
6 259 448.73
6 260 448.73
6 261 448.73
6 262 444.73
6 263 444.73
6 264 444.73
6 265 420.73
6 266 420.73
6 267 420.73
6 268 420.73
6 269 408.81000000000006
6 270 408.81000000000006
6 271 408.81000000000006
6 272 408.81000000000006
6 273 393.81000000000006
6 274 392.81000000000006
6 275 392.81000000000006
6 276 377.81000000000006
6 277 377.81000000000006
6 278 377.81000000000006
6 279 377.81000000000006
6 280 377.81000000000006
6 281 377.81000000000006
6 282 377.81000000000006
6 283 377.81000000000006
6 284 377.81000000000006
6 285 368.69
6 286 368.69
6 287 368.69
6 288 368.69
6 289 368.69
6 290 368.69
6 291 368.61
6 292 368.61
7 293 368.61
7 294 368.61
7 295 359.61
7 296 359.61
7 297 359.61
7 298 359.61
7 299 359.61
7 300 358.61
7 301 358.61
7 302 358.61
7 303 358.61
7 304 358.61
7 305 358.61
7 306 358.61
7 307 358.61
7 308 357.61
7 309 357.61
7 310 357.61
7 311 356.61
7 312 356.61
7 313 340.61
7 314 340.61
7 315 340.61
7 316 340.61
7 317 340.61
7 318 340.61
7 319 340.61
7 320 340.61
7 321 340.61
7 322 340.61
7 323 340.61
7 324 340.61
7 325 340.61
7 326 340.61
7 327 340.61
7 328 340.61
7 329 340.61
7 330 340.61
7 331 340.61
7 332 340.61
7 333 340.61
7 334 340.61
7 335 340.61
7 336 340.61
7 337 340.61
7 338 340.61
8 339 340.61
8 340 340.61
8 341 340.61
8 342 340.61
8 343 340.61
8 344 340.61
8 345 340.61
8 346 340.61
8 347 340.61
8 348 340.61
8 349 340.61
8 350 340.61
8 351 340.61
8 352 340.61
8 353 340.61
8 354 340.61
8 355 340.61
8 356 340.61
8 357 340.61
8 358 340.61
8 359 340.61
8 360 340.61
8 361 340.61
8 362 340.61
8 363 340.61
8 364 340.61
8 365 340.61
8 366 340.61
8 367 340.61
8 368 340.61
8 369 340.61
8 370 340.61
8 371 340.61
8 372 340.61
8 373 340.61
8 374 340.61
8 375 336.61
8 376 336.61
8 377 336.61
8 378 336.61
8 379 336.61
8 380 336.61
8 381 336.61
9 382 336.61
9 383 336.61
9 384 336.61
9 385 336.61
9 386 336.61
9 387 336.61
9 388 336.61
9 389 336.61
9 390 336.61
9 391 336.61
9 392 336.61
9 393 336.61
9 394 336.61
9 395 336.61
9 396 336.61
9 397 336.61
9 398 336.61
9 399 336.61
9 400 336.61
9 401 336.61
9 402 336.61
9 403 336.61
9 404 336.61
9 405 336.61
9 406 336.61
9 407 336.61
9 408 336.61
9 409 336.61
9 410 336.61
9 411 335.61
9 412 335.61
9 413 335.61
9 414 335.61
9 415 335.61
9 416 335.61
9 417 335.61
9 418 335.61
9 419 335.61
9 420 335.61
9 421 335.61
9 422 335.61
9 423 335.61
9 424 335.61
9 425 335.61
10 426 335.61
10 427 335.61
10 428 335.61
10 429 335.61
10 430 335.61
10 431 335.61
10 432 335.61
10 433 335.61
10 434 335.61
10 435 335.61
10 436 335.61
10 437 335.61
10 438 335.61
10 439 335.61
10 440 335.61
10 441 335.61
10 442 335.61
10 443 335.61
10 444 335.61
10 445 335.61
10 446 335.61
10 447 335.61
10 448 335.61
10 449 335.61
10 450 335.61
10 451 335.61
10 452 335.61
10 453 335.61
10 454 335.61
10 455 335.61
10 456 335.61
10 457 335.61
10 458 335.61
10 459 335.61
10 460 335.61
10 461 335.61
10 462 335.61
10 463 335.61
10 464 335.61
10 465 335.61
10 466 335.61
10 467 335.61
10 468 335.61
11 469 335.61
11 470 335.61
11 471 335.61
11 472 335.61
11 473 335.61
11 474 335.61
11 475 335.61
11 476 335.61
11 477 335.61
11 478 335.61
11 479 335.61
11 480 335.61
11 481 335.61
11 482 335.61
11 483 335.61
11 484 335.61
11 485 335.61
11 486 335.61
11 487 335.61
11 488 335.61
11 489 335.61
11 490 335.61
11 491 335.61
11 492 335.61
11 493 335.61
11 494 335.61
11 495 335.61
11 496 335.61
11 497 335.61
11 498 335.61
11 499 335.61
11 500 335.61
11 501 335.61
11 502 335.61
11 503 335.61
11 504 335.61
11 505 335.61
11 506 335.61
11 507 335.61
11 508 335.61
11 509 335.61
11 510 335.61
11 511 335.61
11 512 335.61
11 513 335.61
12 514 335.61
12 515 335.61
12 516 335.61
12 517 335.61
12 518 335.61
12 519 335.61
12 520 335.61
12 521 335.61
12 522 335.61
12 523 335.61
12 524 335.61
12 525 335.61
12 526 335.61
12 527 335.61
12 528 335.61
12 529 335.61
12 530 335.61
12 531 335.61
12 532 335.61
12 533 335.61
12 534 335.61
12 535 335.61
12 536 335.61
12 537 335.61
12 538 335.61
12 539 335.61
12 540 335.61
12 541 335.61
12 542 335.61
12 543 335.61
12 544 335.61
12 545 335.61
12 546 335.61
12 547 335.61
12 548 335.61
12 549 335.61
12 550 335.61
12 551 335.61
12 552 335.61
12 553 335.61
12 554 335.61
12 555 335.61
12 556 335.61
12 557 335.61
12 558 335.61
12 559 335.61
12 560 335.61
12 561 335.61
13 562 335.61
13 563 335.61
13 564 335.61
13 565 335.61
13 566 335.61
13 567 335.61
13 568 335.61
13 569 335.61
13 570 335.61
13 571 335.61
13 572 335.61
13 573 335.61
13 574 335.61
13 575 335.61
13 576 335.61
13 577 335.61
13 578 335.61
13 579 335.61
13 580 335.61
13 581 335.61
13 582 335.61
13 583 335.61
13 584 335.61
13 585 335.61
13 586 335.61
13 587 335.61
13 588 335.61
13 589 335.61
13 590 335.61
13 591 335.61
13 592 335.61
13 593 335.61
13 594 335.61
13 595 335.61
13 596 335.61
13 597 335.61
13 598 335.61
13 599 335.61
13 600 335.61
13 601 335.61
13 602 335.61
13 603 335.61
13 604 335.61
13 605 335.61
13 606 335.61
13 607 335.61
13 608 335.61
14 609 335.61
14 610 335.61
14 611 335.61
14 612 335.61
14 613 335.61
14 614 335.61
14 615 335.61
14 616 335.61
14 617 335.61
14 618 335.61
14 619 335.61
14 620 335.61
14 621 335.61
14 622 335.61
14 623 335.61
14 624 335.61
14 625 335.61
14 626 335.61
14 627 335.61
14 628 335.61
14 629 335.61
14 630 335.61
14 631 335.61
14 632 335.61
14 633 335.61
14 634 335.61
14 635 335.61
14 636 335.61
14 637 335.61
14 638 335.61
14 639 335.61
14 640 335.61
14 641 335.61
14 642 335.61
14 643 335.61
14 644 335.61
14 645 335.61
14 646 335.61
14 647 335.61
14 648 335.61
14 649 335.61
14 650 335.61
14 651 335.61
14 652 335.61
14 653 335.61
14 654 335.61
14 655 335.61
15 656 335.61
15 657 335.61
15 658 335.61
15 659 335.61
15 660 335.61
15 661 335.61
15 662 335.61
15 663 335.61
15 664 335.61
15 665 335.61
15 666 335.61
15 667 335.61
15 668 335.61
15 669 335.61
15 670 335.61
15 671 335.61
15 672 335.61
15 673 335.61
15 674 335.61
15 675 335.61
15 676 335.61
15 677 335.61
15 678 335.61
15 679 335.61
15 680 335.61
15 681 335.61
15 682 335.61
15 683 335.61
15 684 335.61
15 685 335.61
15 686 335.61
15 687 335.61
15 688 335.61
15 689 335.61
15 690 335.61
15 691 335.61
15 692 335.61
15 693 335.61
15 694 335.61
15 695 335.61
15 696 335.61
15 697 335.61
15 698 335.61
15 699 335.61
15 700 335.61
15 701 335.61
15 702 335.61
15 703 335.61
15 704 335.61
16 705 335.61
16 706 335.61
16 707 335.61
16 708 335.61
16 709 335.61
16 710 335.61
16 711 335.61
16 712 335.61
16 713 335.61
16 714 335.61
16 715 335.61
16 716 335.61
16 717 335.61
16 718 335.61
16 719 335.61
16 720 335.61
16 721 335.61
16 722 335.61
16 723 335.61
16 724 335.61
16 725 335.61
16 726 335.61
16 727 335.61
16 728 335.61
16 729 335.61
16 730 335.61
16 731 335.61
16 732 335.61
16 733 335.61
16 734 335.61
16 735 335.61
16 736 335.61
16 737 335.61
16 738 335.61
16 739 335.61
16 740 335.61
16 741 335.61
16 742 335.61
16 743 335.61
16 744 335.61
16 745 335.61
16 746 335.61
16 747 335.61
16 748 335.61
16 749 335.61
16 750 335.61
16 751 335.61
17 752 335.61
17 753 335.61
17 754 335.61
17 755 335.61
17 756 335.61
17 757 335.61
17 758 335.61
17 759 335.61
17 760 335.61
17 761 335.61
17 762 335.61
17 763 335.61
17 764 335.61
17 765 335.61
17 766 335.61
17 767 335.61
17 768 335.61
17 769 335.61
17 770 335.61
17 771 335.61
17 772 335.61
17 773 335.61
17 774 335.61
17 775 335.61
17 776 335.61
17 777 335.61
17 778 335.61
17 779 335.61
17 780 335.61
17 781 335.61
17 782 335.61
17 783 335.61
17 784 335.61
17 785 335.61
17 786 335.61
17 787 335.61
17 788 335.61
17 789 335.61
17 790 335.61
17 791 335.61
17 792 335.61
17 793 335.61
17 794 335.61
17 795 335.61
17 796 335.61
18 797 335.61
18 798 335.61
18 799 335.61
18 800 335.61
18 801 335.61
18 802 335.61
18 803 335.61
18 804 335.61
18 805 335.61
18 806 335.61
18 807 335.61
18 808 335.61
18 809 335.61
18 810 335.61
18 811 335.61
18 812 335.61
18 813 335.61
18 814 335.61
18 815 335.61
18 816 335.61
18 817 335.61
18 818 335.61
18 819 335.61
18 820 335.61
18 821 335.61
18 822 335.61
18 823 335.61
18 824 335.61
18 825 335.61
18 826 335.61
18 827 335.61
18 828 335.61
18 829 335.61
18 830 335.61
18 831 335.61
18 832 335.61
18 833 335.61
18 834 335.61
18 835 335.61
18 836 335.61
18 837 335.61
18 838 335.61
18 839 335.61
18 840 335.61
18 841 335.61
18 842 335.61
18 843 335.61
19 844 335.61
19 845 335.61
19 846 335.61
19 847 335.61
19 848 335.61
19 849 335.61
19 850 335.61
19 851 335.61
19 852 335.61
19 853 335.61
19 854 335.61
19 855 335.61
19 856 335.61
19 857 335.61
19 858 335.61
19 859 335.61
19 860 335.61
19 861 335.61
19 862 335.61
19 863 335.61
19 864 335.61
19 865 335.61
19 866 335.61
19 867 335.61
19 868 335.61
19 869 335.61
19 870 335.61
19 871 335.61
19 872 335.61
19 873 335.61
19 874 335.61
19 875 335.61
19 876 335.61
19 877 335.61
19 878 335.61
19 879 335.61
19 880 335.61
19 881 335.61
19 882 335.61
19 883 335.61
19 884 335.61
19 885 335.61
19 886 335.61
19 887 335.61
19 888 335.61
19 889 335.61
19 890 335.61
19 891 335.61
20 892 335.61
20 893 335.61
20 894 335.61
20 895 335.61
20 896 335.61
20 897 335.61
20 898 335.61
20 899 335.61
20 900 335.61
20 901 335.61
20 902 335.61
20 903 335.61
20 904 335.61
20 905 335.61
20 906 335.61
20 907 335.61
20 908 335.61
20 909 335.61
20 910 335.61
20 911 335.61
20 912 335.61
20 913 335.61
20 914 335.61
20 915 335.61
20 916 335.61
20 917 335.61
20 918 335.61
20 919 335.61
20 920 335.61
20 921 335.61
20 922 335.61
20 923 335.61
20 924 335.61
20 925 335.61
20 926 335.61
20 927 335.61
20 928 335.61
20 929 335.61
20 930 335.61
20 931 335.61
20 932 335.61
20 933 335.61
20 934 335.61
20 935 335.61
20 936 335.61
20 937 335.61
20 938 335.61
20 939 335.61
20 940 335.61
21 941 335.61
21 942 335.61
21 943 335.61
21 944 335.61
21 945 335.61
21 946 335.61
21 947 335.61
21 948 335.61
21 949 335.61
21 950 335.61
21 951 335.61
21 952 335.61
21 953 335.61
21 954 335.61
21 955 335.61
21 956 335.61
21 957 335.61
21 958 335.61
21 959 335.61
21 960 335.61
21 961 335.61
21 962 335.61
21 963 335.61
21 964 335.61
21 965 335.61
21 966 335.61
21 967 335.61
21 968 335.61
21 969 335.61
21 970 335.61
21 971 335.61
21 972 335.61
21 973 335.61
21 974 335.61
21 975 335.61
21 976 335.61
21 977 335.61
21 978 335.61
21 979 335.61
21 980 335.61
21 981 335.61
21 982 335.61
21 983 335.61
21 984 335.61
21 985 335.61
22 986 335.61
22 987 335.61
22 988 335.61
22 989 335.61
22 990 335.61
22 991 335.61
22 992 335.61
22 993 335.61
22 994 335.61
22 995 335.61
22 996 335.61
22 997 335.61
22 998 335.61
22 999 335.61
22 1000 335.61
22 1001 335.61
22 1002 335.61
22 1003 335.61
22 1004 335.61
22 1005 335.61
22 1006 335.61
22 1007 335.61
22 1008 335.61
22 1009 335.61
22 1010 335.61
22 1011 335.61
22 1012 335.61
22 1013 335.61
22 1014 335.61
22 1015 335.61
22 1016 335.61
22 1017 335.61
22 1018 335.61
22 1019 335.61
22 1020 335.61
22 1021 335.61
22 1022 335.61
22 1023 335.61
22 1024 335.61
22 1025 335.61
22 1026 335.61
22 1027 335.61
22 1028 335.61
22 1029 335.61
22 1030 335.61
22 1031 335.61
22 1032 335.61
22 1033 335.61
23 1034 335.61
23 1035 335.61
23 1036 335.61
23 1037 335.61
23 1038 335.61
23 1039 335.61
23 1040 335.61
23 1041 335.61
23 1042 335.61
23 1043 335.61
23 1044 335.61
23 1045 335.61
23 1046 335.61
23 1047 335.61
23 1048 335.61
23 1049 335.61
23 1050 335.61
23 1051 335.61
23 1052 335.61
23 1053 335.61
23 1054 335.61
23 1055 335.61
23 1056 335.61
23 1057 335.61
23 1058 335.61
23 1059 335.61
23 1060 335.61
23 1061 335.61
23 1062 335.61
23 1063 335.61
23 1064 335.61
23 1065 335.61
23 1066 335.61
23 1067 335.61
23 1068 335.61
23 1069 335.61
23 1070 335.61
23 1071 335.61
23 1072 335.61
23 1073 335.61
23 1074 335.61
23 1075 335.61
23 1076 335.61
23 1077 335.61
23 1078 335.61
23 1079 335.61
23 1080 335.61
24 1081 335.61
24 1082 335.61
24 1083 335.61
24 1084 335.61
24 1085 335.61
24 1086 335.61
24 1087 335.61
24 1088 335.61
24 1089 335.61
24 1090 335.61
24 1091 335.61
24 1092 335.61
24 1093 335.61
24 1094 335.61
24 1095 335.61
24 1096 335.61
24 1097 335.61
24 1098 335.61
24 1099 335.61
24 1100 335.61
24 1101 335.61
24 1102 335.61
24 1103 335.61
24 1104 335.61
24 1105 335.61
24 1106 335.61
24 1107 335.61
24 1108 335.61
24 1109 335.61
24 1110 335.61
24 1111 335.61
24 1112 335.61
24 1113 335.61
24 1114 335.61
24 1115 335.61
24 1116 335.61
24 1117 335.61
24 1118 335.61
24 1119 335.61
24 1120 335.61
24 1121 335.61
24 1122 335.61
24 1123 335.61
24 1124 335.61
24 1125 335.61
24 1126 335.61
24 1127 335.61
24 1128 335.61
25 1129 335.61
25 1130 335.61
25 1131 335.61
25 1132 335.61
25 1133 335.61
25 1134 335.61
25 1135 335.61
25 1136 335.61
25 1137 335.61
25 1138 335.61
25 1139 335.61
25 1140 335.61
25 1141 335.61
25 1142 335.61
25 1143 335.61
25 1144 335.61
25 1145 335.61
25 1146 335.61
25 1147 335.61
25 1148 335.61
25 1149 335.61
25 1150 335.61
25 1151 335.61
25 1152 335.61
25 1153 335.61
25 1154 335.61
25 1155 335.61
25 1156 335.61
25 1157 335.61
25 1158 335.61
25 1159 335.61
25 1160 335.61
25 1161 335.61
25 1162 335.61
25 1163 335.61
25 1164 335.61
25 1165 335.61
25 1166 335.61
25 1167 335.61
25 1168 335.61
25 1169 335.61
25 1170 335.61
25 1171 335.61
25 1172 335.61
25 1173 335.61
25 1174 335.61
25 1175 335.61
26 1176 335.61
26 1177 335.61
26 1178 335.61
26 1179 335.61
26 1180 335.61
26 1181 335.61
26 1182 335.61
26 1183 335.61
26 1184 335.61
26 1185 335.61
26 1186 335.61
26 1187 335.61
26 1188 335.61
26 1189 335.61
26 1190 335.61
26 1191 335.61
26 1192 335.61
26 1193 335.61
26 1194 335.61
26 1195 335.61
26 1196 335.61
26 1197 335.61
26 1198 335.61
26 1199 335.61
26 1200 335.61
26 1201 335.61
26 1202 335.61
26 1203 335.61
26 1204 335.61
26 1205 335.61
26 1206 335.61
26 1207 335.61
26 1208 335.61
26 1209 335.61
26 1210 335.61
26 1211 335.61
26 1212 335.61
26 1213 335.61
26 1214 335.61
26 1215 335.61
26 1216 335.61
26 1217 335.61
26 1218 335.61
26 1219 335.61
26 1220 335.61
26 1221 335.61
26 1222 335.61
26 1223 335.61
27 1224 335.61
27 1225 335.61
27 1226 335.61
27 1227 335.61
27 1228 335.61
27 1229 335.61
27 1230 335.61
27 1231 335.61
27 1232 335.61
27 1233 335.61
27 1234 335.61
27 1235 335.61
27 1236 335.61
27 1237 335.61
27 1238 335.61
27 1239 335.61
27 1240 335.61
27 1241 335.61
27 1242 335.61
27 1243 335.61
27 1244 335.61
27 1245 335.61
27 1246 335.61
27 1247 335.61
27 1248 335.61
27 1249 335.61
27 1250 335.61
27 1251 335.61
27 1252 335.61
27 1253 335.61
27 1254 335.61
27 1255 335.61
27 1256 335.61
27 1257 335.61
27 1258 335.61
27 1259 335.61
27 1260 335.61
27 1261 335.61
27 1262 335.61
27 1263 335.61
27 1264 335.61
27 1265 335.61
27 1266 335.61
27 1267 335.61
27 1268 335.61
27 1269 335.61
28 1270 335.61
28 1271 335.61
28 1272 335.61
28 1273 335.61
28 1274 335.61
28 1275 335.61
28 1276 335.61
28 1277 335.61
28 1278 335.61
28 1279 335.61
28 1280 335.61
28 1281 335.61
28 1282 335.61
28 1283 335.61
28 1284 335.61
28 1285 335.61
28 1286 335.61
28 1287 335.61
28 1288 335.61
28 1289 335.61
28 1290 335.61
28 1291 335.61
28 1292 335.61
28 1293 335.61
28 1294 335.61
28 1295 335.61
28 1296 335.61
28 1297 335.61
28 1298 335.61
28 1299 335.61
28 1300 335.61
28 1301 335.61
28 1302 335.61
28 1303 335.61
28 1304 335.61
28 1305 335.61
28 1306 335.61
28 1307 335.61
28 1308 335.61
28 1309 335.61
28 1310 335.61
28 1311 335.61
28 1312 335.61
28 1313 335.61
29 1314 335.61
29 1315 335.61
29 1316 335.61
29 1317 335.61
29 1318 335.61
29 1319 335.61
29 1320 335.61
29 1321 335.61
29 1322 335.61
29 1323 335.61
29 1324 335.61
29 1325 335.61
29 1326 335.61
29 1327 335.61
29 1328 335.61
29 1329 335.61
29 1330 335.61
29 1331 335.61
29 1332 335.61
29 1333 335.61
29 1334 335.61
29 1335 335.61
29 1336 335.61
29 1337 335.61
29 1338 335.61
29 1339 335.61
29 1340 335.61
29 1341 335.61
29 1342 335.61
29 1343 335.61
29 1344 335.61
29 1345 335.61
29 1346 335.61
29 1347 335.61
29 1348 335.61
29 1349 335.61
29 1350 335.61
29 1351 335.61
29 1352 335.61
29 1353 335.61
29 1354 335.61
30 1355 335.61
30 1356 335.61
30 1357 335.61
30 1358 335.61
30 1359 335.61
30 1360 335.61
30 1361 335.61
30 1362 335.61
30 1363 335.61
30 1364 335.61
30 1365 335.61
30 1366 335.61
30 1367 335.61
30 1368 335.61
30 1369 335.61
30 1370 335.61
30 1371 335.61
30 1372 335.61
30 1373 335.61
30 1374 335.61
30 1375 335.61
30 1376 335.61
30 1377 335.61
30 1378 335.61
30 1379 335.61
30 1380 335.61
30 1381 335.61
30 1382 335.61
30 1383 335.61
30 1384 335.61
30 1385 335.61
30 1386 335.61
30 1387 335.61
30 1388 335.61
30 1389 335.61
30 1390 335.61
30 1391 335.61
30 1392 335.61
30 1393 335.61
30 1394 335.61
30 1395 335.61
30 1396 335.61
30 1397 335.61
30 1398 335.61
30 1399 335.61
30 1400 335.61
30 1401 335.61
31 1402 335.61
31 1403 335.61
31 1404 335.61
31 1405 335.61
31 1406 335.61
31 1407 335.61
31 1408 335.61
31 1409 335.61
31 1410 335.61
31 1411 335.61
31 1412 335.61
31 1413 335.61
31 1414 335.61
31 1415 335.61
31 1416 335.61
31 1417 335.61
31 1418 335.61
31 1419 335.61
31 1420 335.61
31 1421 335.61
31 1422 335.61
31 1423 335.61
31 1424 335.61
31 1425 335.61
31 1426 335.61
31 1427 335.61
31 1428 335.61
31 1429 335.61
31 1430 335.61
31 1431 335.61
31 1432 335.61
31 1433 335.61
31 1434 335.61
31 1435 335.61
31 1436 335.61
31 1437 335.61
31 1438 335.61
31 1439 335.61
31 1440 335.61
31 1441 335.61
31 1442 335.61
31 1443 335.61
31 1444 335.61
31 1445 335.61
31 1446 335.61
31 1447 335.61
31 1448 335.61
31 1449 335.61
32 1450 335.61
32 1451 335.61
32 1452 335.61
32 1453 335.61
32 1454 335.61
32 1455 335.61
32 1456 335.61
32 1457 335.61
32 1458 335.61
32 1459 335.61
32 1460 335.61
32 1461 335.61
32 1462 335.61
32 1463 335.61
32 1464 335.61
32 1465 335.61
32 1466 335.61
32 1467 335.61
32 1468 335.61
32 1469 335.61
32 1470 335.61
32 1471 335.61
32 1472 335.61
32 1473 335.61
32 1474 335.61
32 1475 335.61
32 1476 335.61
32 1477 335.61
32 1478 335.61
32 1479 335.61
32 1480 335.61
32 1481 335.61
32 1482 335.61
32 1483 335.61
32 1484 335.61
32 1485 335.61
32 1486 335.61
32 1487 335.61
32 1488 335.61
32 1489 335.61
32 1490 335.61
32 1491 335.61
32 1492 335.61
32 1493 335.61
32 1494 335.61
32 1495 335.61
33 1496 335.61
33 1497 335.61
33 1498 335.61
33 1499 335.61
33 1500 335.61
33 1501 335.61
33 1502 335.61
33 1503 335.61
33 1504 335.61
33 1505 335.61
33 1506 335.61
33 1507 335.61
33 1508 335.61
33 1509 335.61
33 1510 335.61
33 1511 335.61
33 1512 335.61
33 1513 335.61
33 1514 335.61
33 1515 335.61
33 1516 335.61
33 1517 335.61
33 1518 335.61
33 1519 335.61
33 1520 335.61
33 1521 335.61
33 1522 335.61
33 1523 335.61
33 1524 335.61
33 1525 335.61
33 1526 335.61
33 1527 335.61
33 1528 335.61
33 1529 335.61
33 1530 335.61
33 1531 335.61
33 1532 335.61
33 1533 335.61
33 1534 335.61
33 1535 335.61
33 1536 335.61
33 1537 335.61
33 1538 335.61
33 1539 335.61
33 1540 335.61
33 1541 335.61
34 1542 335.61
34 1543 335.61
34 1544 335.61
34 1545 335.61
34 1546 335.61
34 1547 335.61
34 1548 335.61
34 1549 335.61
34 1550 335.61
34 1551 335.61
34 1552 335.61
34 1553 335.61
34 1554 335.61
34 1555 335.61
34 1556 335.61
34 1557 335.61
34 1558 335.61
34 1559 335.61
34 1560 335.61
34 1561 335.61
34 1562 335.61
34 1563 335.61
34 1564 335.61
34 1565 335.61
34 1566 335.61
34 1567 335.61
34 1568 335.61
34 1569 335.61
34 1570 335.61
34 1571 335.61
34 1572 335.61
34 1573 335.61
34 1574 335.61
34 1575 335.61
34 1576 335.61
34 1577 335.61
34 1578 335.61
34 1579 335.61
34 1580 335.61
34 1581 335.61
34 1582 335.61
34 1583 335.61
34 1584 335.61
34 1585 335.61
34 1586 335.61
34 1587 335.61
34 1588 335.61
34 1589 335.61
35 1590 335.61
35 1591 335.61
35 1592 335.61
35 1593 335.61
35 1594 335.61
35 1595 335.61
35 1596 335.61
35 1597 335.61
35 1598 335.61
35 1599 335.61
35 1600 335.61
35 1601 335.61
35 1602 335.61
35 1603 335.61
35 1604 335.61
35 1605 335.61
35 1606 335.61
35 1607 335.61
35 1608 335.61
35 1609 335.61
35 1610 335.61
35 1611 335.61
35 1612 335.61
35 1613 335.61
35 1614 335.61
35 1615 335.61
35 1616 335.61
35 1617 335.61
35 1618 335.61
35 1619 335.61
35 1620 335.61
35 1621 335.61
35 1622 335.61
35 1623 335.61
35 1624 335.61
35 1625 335.61
35 1626 335.61
35 1627 335.61
35 1628 335.61
35 1629 335.61
35 1630 335.61
35 1631 335.61
35 1632 335.61
35 1633 335.61
35 1634 335.61
35 1635 335.61
35 1636 335.61
35 1637 335.61
36 1638 335.61
36 1639 335.61
36 1640 335.61
36 1641 335.61
36 1642 335.61
36 1643 335.61
36 1644 335.61
36 1645 335.61
36 1646 335.61
36 1647 335.61
36 1648 335.61
36 1649 335.61
36 1650 335.61
36 1651 335.61
36 1652 335.61
36 1653 335.61
36 1654 335.61
36 1655 335.61
36 1656 335.61
36 1657 335.61
36 1658 335.61
36 1659 335.61
36 1660 335.61
36 1661 335.61
36 1662 335.61
36 1663 335.61
36 1664 335.61
36 1665 335.61
36 1666 335.61
36 1667 335.61
36 1668 335.61
36 1669 335.61
36 1670 335.61
36 1671 335.61
36 1672 335.61
36 1673 335.61
36 1674 335.61
36 1675 335.61
36 1676 335.61
36 1677 335.61
36 1678 335.61
36 1679 335.61
36 1680 335.61
36 1681 335.61
36 1682 335.61
36 1683 335.61
36 1684 335.61
36 1685 335.61
36 1686 335.61
37 1687 335.61
37 1688 335.61
37 1689 335.61
37 1690 335.61
37 1691 335.61
37 1692 335.61
37 1693 335.61
37 1694 335.61
37 1695 335.61
37 1696 335.61
37 1697 335.61
37 1698 335.61
37 1699 335.61
37 1700 335.61
37 1701 335.61
37 1702 335.61
37 1703 335.61
37 1704 335.61
37 1705 335.61
37 1706 335.61
37 1707 335.61
37 1708 335.61
37 1709 335.61
37 1710 335.61
37 1711 335.61
37 1712 335.61
37 1713 335.61
37 1714 335.61
37 1715 335.61
37 1716 335.61
37 1717 335.61
37 1718 335.61
37 1719 335.61
37 1720 335.61
37 1721 335.61
37 1722 335.61
37 1723 335.61
37 1724 335.61
37 1725 335.61
37 1726 335.61
37 1727 335.61
37 1728 335.61
37 1729 335.61
37 1730 335.61
37 1731 335.61
37 1732 335.61
37 1733 335.61
38 1734 335.61
38 1735 335.61
38 1736 335.61
38 1737 335.61
38 1738 335.61
38 1739 335.61
38 1740 335.61
38 1741 335.61
38 1742 335.61
38 1743 335.61
38 1744 335.61
38 1745 335.61
38 1746 335.61
38 1747 335.61
38 1748 335.61
38 1749 335.61
38 1750 335.61
38 1751 335.61
38 1752 335.61
38 1753 335.61
38 1754 335.61
38 1755 335.61
38 1756 335.61
38 1757 335.61
38 1758 335.61
38 1759 335.61
38 1760 335.61
38 1761 335.61
38 1762 335.61
38 1763 335.61
38 1764 335.61
38 1765 335.61
38 1766 335.61
38 1767 335.61
38 1768 335.61
38 1769 335.61
38 1770 335.61
38 1771 335.61
38 1772 335.61
38 1773 335.61
38 1774 335.61
38 1775 335.61
38 1776 335.61
38 1777 335.61
38 1778 335.61
39 1779 335.61
39 1780 335.61
39 1781 335.61
39 1782 335.61
39 1783 335.61
39 1784 335.61
39 1785 335.61
39 1786 335.61
39 1787 335.61
39 1788 335.61
39 1789 335.61
39 1790 335.61
39 1791 335.61
39 1792 335.61
39 1793 335.61
39 1794 335.61
39 1795 335.61
39 1796 335.61
39 1797 335.61
39 1798 335.61
39 1799 335.61
39 1800 335.61
39 1801 335.61
39 1802 335.61
39 1803 335.61
39 1804 335.61
39 1805 335.61
39 1806 335.61
39 1807 335.61
39 1808 335.61
39 1809 335.61
39 1810 335.61
39 1811 335.61
39 1812 335.61
39 1813 335.61
39 1814 335.61
39 1815 335.61
39 1816 335.61
39 1817 335.61
39 1818 335.61
39 1819 335.61
39 1820 335.61
39 1821 335.61
39 1822 335.61
39 1823 335.61
39 1824 335.61
39 1825 335.61
39 1826 335.61
39 1827 335.61
39 1828 335.61
40 1829 335.61
40 1830 335.61
40 1831 335.61
40 1832 335.61
40 1833 335.61
40 1834 335.61
40 1835 335.61
40 1836 335.61
40 1837 335.61
40 1838 335.61
40 1839 335.61
40 1840 335.61
40 1841 335.61
40 1842 335.61
40 1843 335.61
40 1844 335.61
40 1845 335.61
40 1846 335.61
40 1847 335.61
40 1848 335.61
40 1849 335.61
40 1850 335.61
40 1851 335.61
40 1852 335.61
40 1853 335.61
40 1854 335.61
40 1855 335.61
40 1856 335.61
40 1857 335.61
40 1858 335.61
40 1859 335.61
40 1860 335.61
40 1861 335.61
40 1862 335.61
40 1863 335.61
40 1864 335.61
40 1865 335.61
40 1866 335.61
40 1867 335.61
40 1868 335.61
40 1869 335.61
40 1870 335.61
40 1871 335.61
40 1872 335.61
40 1873 335.61
40 1874 335.61
41 1875 335.61
41 1876 335.61
41 1877 335.61
41 1878 335.61
41 1879 335.61
41 1880 335.61
41 1881 335.61
41 1882 335.61
41 1883 335.61
41 1884 335.61
41 1885 335.61
41 1886 335.61
41 1887 335.61
41 1888 335.61
41 1889 335.61
41 1890 335.61
41 1891 335.61
41 1892 335.61
41 1893 335.61
41 1894 335.61
41 1895 335.61
41 1896 335.61
41 1897 335.61
41 1898 335.61
41 1899 335.61
41 1900 335.61
41 1901 335.61
41 1902 335.61
41 1903 335.61
41 1904 335.61
41 1905 335.61
41 1906 335.61
41 1907 335.61
41 1908 335.61
41 1909 335.61
41 1910 335.61
41 1911 335.61
41 1912 335.61
41 1913 335.61
41 1914 335.61
41 1915 335.61
41 1916 335.61
41 1917 335.61
41 1918 335.61
41 1919 335.61
41 1920 335.61
41 1921 335.61
41 1922 335.61
41 1923 335.61
42 1924 335.61
42 1925 335.61
42 1926 335.61
42 1927 335.61
42 1928 335.61
42 1929 335.61
42 1930 335.61
42 1931 335.61
42 1932 335.61
42 1933 335.61
42 1934 335.61
42 1935 335.61
42 1936 335.61
42 1937 335.61
42 1938 335.61
42 1939 335.61
42 1940 335.61
42 1941 335.61
42 1942 335.61
42 1943 335.61
42 1944 335.61
42 1945 335.61
42 1946 335.61
42 1947 335.61
42 1948 335.61
42 1949 335.61
42 1950 335.61
42 1951 335.61
42 1952 335.61
42 1953 335.61
42 1954 335.61
42 1955 335.61
42 1956 335.61
42 1957 335.61
42 1958 335.61
42 1959 335.61
42 1960 335.61
42 1961 335.61
42 1962 335.61
42 1963 335.61
42 1964 335.61
42 1965 335.61
42 1966 335.61
42 1967 335.61
42 1968 335.61
42 1969 335.61
42 1970 335.61
42 1971 335.61
42 1972 335.61
43 1973 335.61
43 1974 335.61
43 1975 335.61
43 1976 335.61
43 1977 335.61
43 1978 335.61
43 1979 335.61
43 1980 335.61
43 1981 335.61
43 1982 335.61
43 1983 335.61
43 1984 335.61
43 1985 335.61
43 1986 335.61
43 1987 335.61
43 1988 335.61
43 1989 335.61
43 1990 335.61
43 1991 335.61
43 1992 335.61
43 1993 335.61
43 1994 335.61
43 1995 335.61
43 1996 335.61
43 1997 335.61
43 1998 335.61
43 1999 335.61
43 2000 335.61
43 2001 335.61
43 2002 335.61
43 2003 335.61
43 2004 335.61
43 2005 335.61
43 2006 335.61
43 2007 335.61
43 2008 335.61
43 2009 335.61
43 2010 335.61
43 2011 335.61
43 2012 335.61
43 2013 335.61
43 2014 335.61
43 2015 335.61
43 2016 335.61
43 2017 335.61
43 2018 335.61
43 2019 335.61
44 2020 335.61
44 2021 335.61
44 2022 335.61
44 2023 335.61
44 2024 335.61
44 2025 335.61
44 2026 335.61
44 2027 335.61
44 2028 335.61
44 2029 335.61
44 2030 335.61
44 2031 335.61
44 2032 335.61
44 2033 335.61
44 2034 335.61
44 2035 335.61
44 2036 335.61
44 2037 335.61
44 2038 335.61
44 2039 335.61
44 2040 335.61
44 2041 335.61
44 2042 335.61
44 2043 335.61
44 2044 335.61
44 2045 335.61
44 2046 335.61
44 2047 335.61
44 2048 335.61
44 2049 335.61
44 2050 335.61
44 2051 335.61
44 2052 335.61
44 2053 335.61
44 2054 335.61
44 2055 335.61
44 2056 335.61
44 2057 335.61
44 2058 335.61
44 2059 335.61
44 2060 335.61
44 2061 335.61
44 2062 335.61
44 2063 335.61
44 2064 335.61
44 2065 335.61
44 2066 335.61
45 2067 335.61
45 2068 335.61
45 2069 335.61
45 2070 335.61
45 2071 335.61
45 2072 335.61
45 2073 335.61
45 2074 335.61
45 2075 335.61
45 2076 335.61
45 2077 335.61
45 2078 335.61
45 2079 335.61
45 2080 335.61
45 2081 335.61
45 2082 335.61
45 2083 335.61
45 2084 335.61
45 2085 335.61
45 2086 335.61
45 2087 335.61
45 2088 335.61
45 2089 335.61
45 2090 335.61
45 2091 335.61
45 2092 335.61
45 2093 335.61
45 2094 335.61
45 2095 335.61
45 2096 335.61
45 2097 335.61
45 2098 335.61
45 2099 335.61
45 2100 335.61
45 2101 335.61
45 2102 335.61
45 2103 335.61
45 2104 335.61
45 2105 335.61
45 2106 335.61
45 2107 335.61
45 2108 335.61
45 2109 335.61
45 2110 335.61
45 2111 335.61
45 2112 335.61
45 2113 335.61
45 2114 335.61
46 2115 335.61
46 2116 335.61
46 2117 335.61
46 2118 335.61
46 2119 335.61
46 2120 335.61
46 2121 335.61
46 2122 335.61
46 2123 335.61
46 2124 335.61
46 2125 335.61
46 2126 335.61
46 2127 335.61
46 2128 335.61
46 2129 335.61
46 2130 335.61
46 2131 335.61
46 2132 335.61
46 2133 335.61
46 2134 335.61
46 2135 335.61
46 2136 335.61
46 2137 335.61
46 2138 335.61
46 2139 335.61
46 2140 335.61
46 2141 335.61
46 2142 335.61
46 2143 335.61
46 2144 335.61
46 2145 335.61
46 2146 335.61
46 2147 335.61
46 2148 335.61
46 2149 335.61
46 2150 335.61
46 2151 335.61
46 2152 335.61
46 2153 335.61
46 2154 335.61
46 2155 335.61
46 2156 335.61
46 2157 335.61
46 2158 335.61
46 2159 335.61
46 2160 335.61
46 2161 335.61
47 2162 335.61
47 2163 335.61
47 2164 335.61
47 2165 335.61
47 2166 335.61
47 2167 335.61
47 2168 335.61
47 2169 335.61
47 2170 335.61
47 2171 335.61
47 2172 335.61
47 2173 335.61
47 2174 335.61
47 2175 335.61
47 2176 335.61
47 2177 335.61
47 2178 335.61
47 2179 335.61
47 2180 335.61
47 2181 335.61
47 2182 335.61
47 2183 335.61
47 2184 335.61
47 2185 335.61
47 2186 335.61
47 2187 335.61
47 2188 335.61
47 2189 335.61
47 2190 335.61
47 2191 335.61
47 2192 335.61
47 2193 335.61
47 2194 335.61
47 2195 335.61
47 2196 335.61
47 2197 335.61
47 2198 335.61
47 2199 335.61
47 2200 335.61
47 2201 335.61
47 2202 335.61
47 2203 335.61
47 2204 335.61
47 2205 335.61
47 2206 335.61
47 2207 335.61
47 2208 335.61
47 2209 335.61
47 2210 335.61
48 2211 335.61
48 2212 335.61
48 2213 335.61
48 2214 335.61
48 2215 335.61
48 2216 335.61
48 2217 335.61
48 2218 335.61
48 2219 335.61
48 2220 335.61
48 2221 335.61
48 2222 335.61
48 2223 335.61
48 2224 335.61
48 2225 335.61
48 2226 335.61
48 2227 335.61
48 2228 335.61
48 2229 335.61
48 2230 335.61
48 2231 335.61
48 2232 335.61
48 2233 335.61
48 2234 335.61
48 2235 335.61
48 2236 335.61
48 2237 335.61
48 2238 335.61
48 2239 335.61
48 2240 335.61
48 2241 335.61
48 2242 335.61
48 2243 335.61
48 2244 335.61
48 2245 335.61
48 2246 335.61
48 2247 335.61
48 2248 335.61
48 2249 335.61
48 2250 335.61
48 2251 335.61
48 2252 335.61
48 2253 335.61
48 2254 335.61
48 2255 335.61
48 2256 335.61
48 2257 335.61
48 2258 335.61
48 2259 335.61
49 2260 335.61
49 2261 335.61
49 2262 335.61
49 2263 335.61
49 2264 335.61
49 2265 335.61
49 2266 335.61
49 2267 335.61
49 2268 335.61
49 2269 335.61
49 2270 335.61
49 2271 335.61
49 2272 335.61
49 2273 335.61
49 2274 335.61
49 2275 335.61
49 2276 335.61
49 2277 335.61
49 2278 335.61
49 2279 335.61
49 2280 335.61
49 2281 335.61
49 2282 335.61
49 2283 335.61
49 2284 335.61
49 2285 335.61
49 2286 335.61
49 2287 335.61
49 2288 335.61
49 2289 335.61
49 2290 335.61
49 2291 335.61
49 2292 335.61
49 2293 335.61
49 2294 335.61
49 2295 335.61
49 2296 335.61
49 2297 335.61
49 2298 335.61
49 2299 335.61
49 2300 335.61
49 2301 335.61
49 2302 335.61
49 2303 335.61
49 2304 335.61
49 2305 335.61
49 2306 335.61
50 2307 335.61
50 2308 335.61
50 2309 335.61
50 2310 335.61
50 2311 335.61
50 2312 335.61
50 2313 335.61
50 2314 335.61
50 2315 335.61
50 2316 335.61
50 2317 335.61
50 2318 335.61
50 2319 335.61
50 2320 335.61
50 2321 335.61
50 2322 335.61
50 2323 335.61
50 2324 335.61
50 2325 335.61
50 2326 335.61
50 2327 335.61
50 2328 335.61
50 2329 335.61
50 2330 335.61
50 2331 335.61
50 2332 335.61
50 2333 335.61
50 2334 335.61
50 2335 335.61
50 2336 335.61
50 2337 335.61
50 2338 335.61
50 2339 335.61
50 2340 335.61
50 2341 335.61
50 2342 335.61
50 2343 335.61
50 2344 335.61
50 2345 335.61
50 2346 335.61
50 2347 335.61
50 2348 335.61
50 2349 335.61
50 2350 335.61
50 2351 335.61
50 2352 335.61
50 2353 335.61
50 2354 335.61
51 2355 335.61
51 2356 335.61
51 2357 335.61
51 2358 335.61
51 2359 335.61
51 2360 335.61
51 2361 335.61
51 2362 335.61
51 2363 335.61
51 2364 335.61
51 2365 335.61
51 2366 335.61
51 2367 335.61
51 2368 335.61
51 2369 335.61
51 2370 335.61
51 2371 335.61
51 2372 335.61
51 2373 335.61
51 2374 335.61
51 2375 335.61
51 2376 335.61
51 2377 335.61
51 2378 335.61
51 2379 335.61
51 2380 335.61
51 2381 335.61
51 2382 335.61
51 2383 335.61
51 2384 335.61
51 2385 335.61
51 2386 335.61
51 2387 335.61
51 2388 335.61
51 2389 335.61
51 2390 335.61
51 2391 335.61
51 2392 335.61
51 2393 335.61
51 2394 335.61
51 2395 335.61
51 2396 335.61
51 2397 335.61
51 2398 335.61
51 2399 335.61
51 2400 335.61
51 2401 335.61
51 2402 335.61
51 2403 335.61
52 2404 335.61
52 2405 335.61
52 2406 335.61
52 2407 335.61
52 2408 335.61
52 2409 335.61
52 2410 335.61
52 2411 335.61
52 2412 335.61
52 2413 335.61
52 2414 335.61
52 2415 335.61
52 2416 335.61
52 2417 335.61
52 2418 335.61
52 2419 335.61
52 2420 335.61
52 2421 335.61
52 2422 335.61
52 2423 335.61
52 2424 335.61
52 2425 335.61
52 2426 335.61
52 2427 335.61
52 2428 335.61
52 2429 335.61
52 2430 335.61
52 2431 335.61
52 2432 335.61
52 2433 335.61
52 2434 335.61
52 2435 335.61
52 2436 335.61
52 2437 335.61
52 2438 335.61
52 2439 335.61
52 2440 335.61
52 2441 335.61
52 2442 335.61
52 2443 335.61
52 2444 335.61
52 2445 335.61
52 2446 335.61
52 2447 335.61
52 2448 335.61
52 2449 335.61
52 2450 335.61
52 2451 335.61
52 2452 335.61
53 2453 335.61
53 2454 335.61
53 2455 335.61
53 2456 335.61
53 2457 335.61
53 2458 335.61
53 2459 335.61
53 2460 335.61
53 2461 335.61
53 2462 335.61
53 2463 335.61
53 2464 335.61
53 2465 335.61
53 2466 335.61
53 2467 335.61
53 2468 335.61
53 2469 335.61
53 2470 335.61
53 2471 335.61
53 2472 335.61
53 2473 335.61
53 2474 335.61
53 2475 335.61
53 2476 335.61
53 2477 335.61
53 2478 335.61
53 2479 335.61
53 2480 335.61
53 2481 335.61
53 2482 335.61
53 2483 335.61
53 2484 335.61
53 2485 335.61
53 2486 335.61
53 2487 335.61
53 2488 335.61
53 2489 335.61
53 2490 335.61
53 2491 335.61
53 2492 335.61
53 2493 335.61
53 2494 335.61
53 2495 335.61
53 2496 335.61
53 2497 335.61
53 2498 335.61
53 2499 335.61
54 2500 335.61
54 2501 335.61
54 2502 335.61
54 2503 335.61
54 2504 335.61
54 2505 335.61
54 2506 335.61
54 2507 335.61
54 2508 335.61
54 2509 335.61
54 2510 335.61
54 2511 335.61
54 2512 335.61
54 2513 335.61
54 2514 335.61
54 2515 335.61
54 2516 335.61
54 2517 335.61
54 2518 335.61
54 2519 335.61
54 2520 335.61
54 2521 335.61
54 2522 335.61
54 2523 335.61
54 2524 335.61
54 2525 335.61
54 2526 335.61
54 2527 335.61
54 2528 335.61
54 2529 335.61
54 2530 335.61
54 2531 335.61
54 2532 335.61
54 2533 335.61
54 2534 335.61
54 2535 335.61
54 2536 335.61
54 2537 335.61
54 2538 335.61
54 2539 335.61
54 2540 335.61
54 2541 335.61
54 2542 335.61
54 2543 335.61
54 2544 335.61
54 2545 335.61
54 2546 335.61
54 2547 335.61
55 2548 335.61
55 2549 335.61
55 2550 335.61
55 2551 335.61
55 2552 335.61
55 2553 335.61
55 2554 335.61
55 2555 335.61
55 2556 335.61
55 2557 335.61
55 2558 335.61
55 2559 335.61
55 2560 335.61
55 2561 335.61
55 2562 335.61
55 2563 335.61
55 2564 335.61
55 2565 335.61
55 2566 335.61
55 2567 335.61
55 2568 335.61
55 2569 335.61
55 2570 335.61
55 2571 335.61
55 2572 335.61
55 2573 335.61
55 2574 335.61
55 2575 335.61
55 2576 335.61
55 2577 335.61
55 2578 335.61
55 2579 335.61
55 2580 335.61
55 2581 335.61
55 2582 335.61
55 2583 335.61
55 2584 335.61
55 2585 335.61
55 2586 335.61
55 2587 335.61
55 2588 335.61
55 2589 335.61
55 2590 335.61
55 2591 335.61
55 2592 335.61
55 2593 335.61
55 2594 335.61
55 2595 335.61
56 2596 335.61
56 2597 335.61
56 2598 335.61
56 2599 335.61
56 2600 335.61
56 2601 335.61
56 2602 335.61
56 2603 335.61
56 2604 335.61
56 2605 335.61
56 2606 335.61
56 2607 335.61
56 2608 335.61
56 2609 335.61
56 2610 335.61
56 2611 335.61
56 2612 335.61
56 2613 335.61
56 2614 335.61
56 2615 335.61
56 2616 335.61
56 2617 335.61
56 2618 335.61
56 2619 335.61
56 2620 335.61
56 2621 335.61
56 2622 335.61
56 2623 335.61
56 2624 335.61
56 2625 335.61
56 2626 335.61
56 2627 335.61
56 2628 335.61
56 2629 335.61
56 2630 335.61
56 2631 335.61
56 2632 335.61
56 2633 335.61
56 2634 335.61
56 2635 335.61
56 2636 335.61
56 2637 335.61
56 2638 335.61
56 2639 335.61
56 2640 335.61
56 2641 335.61
56 2642 335.61
56 2643 335.61
57 2644 335.61
57 2645 335.61
57 2646 335.61
57 2647 335.61
57 2648 335.61
57 2649 335.61
57 2650 335.61
57 2651 335.61
57 2652 335.61
57 2653 335.61
57 2654 335.61
57 2655 335.61
57 2656 335.61
57 2657 335.61
57 2658 335.61
57 2659 335.61
57 2660 335.61
57 2661 335.61
57 2662 335.61
57 2663 335.61
57 2664 335.61
57 2665 335.61
57 2666 335.61
57 2667 335.61
57 2668 335.61
57 2669 335.61
57 2670 335.61
57 2671 335.61
57 2672 335.61
57 2673 335.61
57 2674 335.61
57 2675 335.61
57 2676 335.61
57 2677 335.61
57 2678 335.61
57 2679 335.61
57 2680 335.61
57 2681 335.61
57 2682 335.61
57 2683 335.61
57 2684 335.61
57 2685 335.61
57 2686 335.61
57 2687 335.61
57 2688 335.61
57 2689 335.61
57 2690 335.61
57 2691 335.61
58 2692 335.61
58 2693 335.61
58 2694 335.61
58 2695 335.61
58 2696 335.61
58 2697 335.61
58 2698 335.61
58 2699 335.61
58 2700 335.61
58 2701 335.61
58 2702 335.61
58 2703 335.61
58 2704 335.61
58 2705 335.61
58 2706 335.61
58 2707 335.61
58 2708 335.61
58 2709 335.61
58 2710 335.61
58 2711 335.61
58 2712 335.61
58 2713 335.61
58 2714 335.61
58 2715 335.61
58 2716 335.61
58 2717 335.61
58 2718 335.61
58 2719 335.61
58 2720 335.61
58 2721 335.61
58 2722 335.61
58 2723 335.61
58 2724 335.61
58 2725 335.61
58 2726 335.61
58 2727 335.61
58 2728 335.61
58 2729 335.61
58 2730 335.61
58 2731 335.61
58 2732 335.61
58 2733 335.61
58 2734 335.61
58 2735 335.61
58 2736 335.61
59 2737 335.61
59 2738 335.61
59 2739 335.61
59 2740 335.61
59 2741 335.61
59 2742 335.61
59 2743 335.61
59 2744 335.61
59 2745 335.61
59 2746 335.61
59 2747 335.61
59 2748 335.61
59 2749 335.61
59 2750 335.61
59 2751 335.61
59 2752 335.61
59 2753 335.61
59 2754 335.61
59 2755 335.61
59 2756 335.61
59 2757 335.61
59 2758 335.61
59 2759 335.61
59 2760 335.61
59 2761 335.61
59 2762 335.61
59 2763 335.61
59 2764 335.61
59 2765 335.61
59 2766 335.61
59 2767 335.61
59 2768 335.61
59 2769 335.61
59 2770 335.61
59 2771 335.61
59 2772 335.61
59 2773 335.61
59 2774 335.61
59 2775 335.61
59 2776 335.61
59 2777 335.61
59 2778 335.61
59 2779 335.61
59 2780 335.61
59 2781 335.61
59 2782 335.61
59 2783 335.61
60 2784 335.61
60 2785 335.61
60 2786 335.61
60 2787 335.61
60 2788 335.61
60 2789 335.61
60 2790 335.61
60 2791 335.61
60 2792 335.61
60 2793 335.61
60 2794 335.61
60 2795 335.61
60 2796 335.61
60 2797 335.61
60 2798 335.61
60 2799 335.61
60 2800 335.61
60 2801 335.61
60 2802 335.61
60 2803 335.61
60 2804 335.61
60 2805 335.61
60 2806 335.61
60 2807 335.61
60 2808 335.61
60 2809 335.61
60 2810 335.61
60 2811 335.61
60 2812 335.61
60 2813 335.61
60 2814 335.61
60 2815 335.61
60 2816 335.61
60 2817 335.61
60 2818 335.61
60 2819 335.61
60 2820 335.61
60 2821 335.61
60 2822 335.61
60 2823 335.61
60 2824 335.61
60 2825 335.61
60 2826 335.61
60 2827 335.61
60 2828 335.61
60 2829 335.61
60 2830 335.61
60 2831 335.61
60 2832 335.61
61 2833 335.61
61 2834 335.61
61 2835 335.61
61 2836 335.61
61 2837 335.61
61 2838 335.61
61 2839 335.61
61 2840 335.61
61 2841 335.61
61 2842 335.61
61 2843 335.61
61 2844 335.61
61 2845 335.61
61 2846 335.61
61 2847 335.61
61 2848 335.61
61 2849 335.61
61 2850 335.61
61 2851 335.61
61 2852 335.61
61 2853 335.61
61 2854 335.61
61 2855 335.61
61 2856 335.61
61 2857 335.61
61 2858 335.61
61 2859 335.61
61 2860 335.61
61 2861 335.61
61 2862 335.61
61 2863 335.61
61 2864 335.61
61 2865 335.61
61 2866 335.61
61 2867 335.61
61 2868 335.61
61 2869 335.61
61 2870 335.61
61 2871 335.61
61 2872 335.61
61 2873 335.61
61 2874 335.61
61 2875 335.61
61 2876 335.61
61 2877 335.61
61 2878 335.61
61 2879 335.61
61 2880 335.61
61 2881 335.61
61 2882 335.61
62 2883 335.61
62 2884 335.61
62 2885 335.61
62 2886 335.61
62 2887 335.61
62 2888 335.61
62 2889 335.61
62 2890 335.61
62 2891 335.61
62 2892 335.61
62 2893 335.61
62 2894 335.61
62 2895 335.61
62 2896 335.61
62 2897 335.61
62 2898 335.61
62 2899 335.61
62 2900 335.61
62 2901 335.61
62 2902 335.61
62 2903 335.61
62 2904 335.61
62 2905 335.61
62 2906 335.61
62 2907 335.61
62 2908 335.61
62 2909 335.61
62 2910 335.61
62 2911 335.61
62 2912 335.61
62 2913 335.61
62 2914 335.61
62 2915 335.61
62 2916 335.61
62 2917 335.61
62 2918 335.61
62 2919 335.61
62 2920 335.61
62 2921 335.61
62 2922 335.61
62 2923 335.61
62 2924 335.61
62 2925 335.61
62 2926 335.61
62 2927 335.61
62 2928 335.61
62 2929 335.61
62 2930 335.61
62 2931 335.61
62 2932 335.61
62 2933 335.61
62 2934 335.61
63 2935 335.61
63 2936 335.61
63 2937 335.61
63 2938 335.61
63 2939 335.61
63 2940 335.61
63 2941 335.61
63 2942 335.61
63 2943 335.61
63 2944 335.61
63 2945 335.61
63 2946 335.61
63 2947 335.61
63 2948 335.61
63 2949 335.61
63 2950 335.61
63 2951 335.61
63 2952 335.61
63 2953 335.61
63 2954 335.61
63 2955 335.61
63 2956 335.61
63 2957 335.61
63 2958 335.61
63 2959 335.61
63 2960 335.61
63 2961 335.61
63 2962 335.61
63 2963 335.61
63 2964 335.61
63 2965 335.61
63 2966 335.61
63 2967 335.61
63 2968 335.61
63 2969 335.61
63 2970 335.61
63 2971 335.61
63 2972 335.61
63 2973 335.61
63 2974 335.61
63 2975 335.61
63 2976 335.61
63 2977 335.61
63 2978 335.61
63 2979 335.61
63 2980 335.61
63 2981 335.61
63 2982 335.61
63 2983 335.61
63 2984 335.61
63 2985 335.61
63 2986 335.61
64 2987 335.61
64 2988 335.61
64 2989 335.61
64 2990 335.61
64 2991 335.61
64 2992 335.61
64 2993 335.61
64 2994 335.61
64 2995 335.61
64 2996 335.61
64 2997 335.61
64 2998 335.61
64 2999 335.61
64 3000 335.61
64 3001 335.61
64 3002 335.61
64 3003 335.61
64 3004 335.61
64 3005 335.61
64 3006 335.61
64 3007 335.61
64 3008 335.61
64 3009 335.61
64 3010 335.61
64 3011 335.61
64 3012 335.61
64 3013 335.61
64 3014 335.61
64 3015 335.61
64 3016 335.61
64 3017 335.61
64 3018 335.61
64 3019 335.61
64 3020 335.61
64 3021 335.61
64 3022 335.61
64 3023 335.61
64 3024 335.61
64 3025 335.61
64 3026 335.61
64 3027 335.61
64 3028 335.61
64 3029 335.61
64 3030 335.61
64 3031 335.61
64 3032 335.61
64 3033 335.61
64 3034 335.61
64 3035 335.61
64 3036 335.61
65 3037 335.61
65 3038 335.61
65 3039 335.61
65 3040 335.61
65 3041 335.61
65 3042 335.61
65 3043 335.61
65 3044 335.61
65 3045 335.61
65 3046 335.61
65 3047 335.61
65 3048 335.61
65 3049 335.61
65 3050 335.61
65 3051 335.61
65 3052 335.61
65 3053 335.61
65 3054 335.61
65 3055 335.61
65 3056 335.61
65 3057 335.61
65 3058 335.61
65 3059 335.61
65 3060 335.61
65 3061 335.61
65 3062 335.61
65 3063 335.61
65 3064 335.61
65 3065 335.61
65 3066 335.61
65 3067 335.61
65 3068 335.61
65 3069 335.61
65 3070 335.61
65 3071 335.61
65 3072 335.61
65 3073 335.61
65 3074 335.61
65 3075 335.61
65 3076 335.61
65 3077 335.61
65 3078 335.61
65 3079 335.61
65 3080 335.61
65 3081 335.61
65 3082 335.61
65 3083 335.61
65 3084 335.61
65 3085 335.61
65 3086 335.61
66 3087 335.61
66 3088 335.61
66 3089 335.61
66 3090 335.61
66 3091 335.61
66 3092 335.61
66 3093 335.61
66 3094 335.61
66 3095 335.61
66 3096 335.61
66 3097 335.61
66 3098 335.61
66 3099 335.61
66 3100 335.61
66 3101 335.61
66 3102 335.61
66 3103 335.61
66 3104 335.61
66 3105 335.61
66 3106 335.61
66 3107 335.61
66 3108 335.61
66 3109 335.61
66 3110 335.61
66 3111 335.61
66 3112 335.61
66 3113 335.61
66 3114 335.61
66 3115 335.61
66 3116 335.61
66 3117 335.61
66 3118 335.61
66 3119 335.61
66 3120 335.61
66 3121 335.61
66 3122 335.61
66 3123 335.61
66 3124 335.61
66 3125 335.61
66 3126 335.61
67 3127 335.61
67 3128 335.61
67 3129 335.61
67 3130 335.61
67 3131 335.61
67 3132 335.61
67 3133 335.61
67 3134 335.61
67 3135 335.61
67 3136 335.61
67 3137 335.61
67 3138 335.61
67 3139 335.61
67 3140 335.61
67 3141 335.61
67 3142 335.61
67 3143 335.61
67 3144 335.61
67 3145 335.61
67 3146 335.61
67 3147 335.61
67 3148 335.61
67 3149 335.61
67 3150 335.61
67 3151 335.61
67 3152 335.61
67 3153 335.61
67 3154 335.61
67 3155 335.61
67 3156 335.61
67 3157 335.61
67 3158 335.61
67 3159 335.61
67 3160 335.61
67 3161 335.61
67 3162 335.61
67 3163 335.61
67 3164 335.61
67 3165 335.61
67 3166 335.61
67 3167 335.61
67 3168 335.61
67 3169 335.61
67 3170 335.61
67 3171 335.61
67 3172 335.61
67 3173 335.61
67 3174 335.61
67 3175 335.61
67 3176 335.61
67 3177 335.61
68 3178 335.61
68 3179 335.61
68 3180 335.61
68 3181 335.61
68 3182 335.61
68 3183 335.61
68 3184 335.61
68 3185 335.61
68 3186 335.61
68 3187 335.61
68 3188 335.61
68 3189 335.61
68 3190 335.61
68 3191 335.61
68 3192 335.61
68 3193 335.61
68 3194 335.61
68 3195 335.61
68 3196 335.61
68 3197 335.61
68 3198 335.61
68 3199 335.61
68 3200 335.61
68 3201 335.61
68 3202 335.61
68 3203 335.61
68 3204 335.61
68 3205 335.61
68 3206 335.61
68 3207 335.61
68 3208 335.61
68 3209 335.61
68 3210 335.61
68 3211 335.61
68 3212 335.61
68 3213 335.61
68 3214 335.61
68 3215 335.61
68 3216 335.61
68 3217 335.61
68 3218 335.61
68 3219 335.61
68 3220 335.61
68 3221 335.61
68 3222 335.61
68 3223 335.61
68 3224 335.61
68 3225 335.61
68 3226 335.61
68 3227 335.61
68 3228 335.61
69 3229 335.61
69 3230 335.61
69 3231 335.61
69 3232 335.61
69 3233 335.61
69 3234 335.61
69 3235 335.61
69 3236 335.61
69 3237 335.61
69 3238 335.61
69 3239 335.61
69 3240 335.61
69 3241 335.61
69 3242 335.61
69 3243 335.61
69 3244 335.61
69 3245 335.61
69 3246 335.61
69 3247 335.61
69 3248 335.61
69 3249 335.61
69 3250 335.61
69 3251 335.61
69 3252 335.61
69 3253 335.61
69 3254 335.61
69 3255 335.61
69 3256 335.61
69 3257 335.61
69 3258 335.61
69 3259 335.61
69 3260 335.61
69 3261 335.61
69 3262 335.61
69 3263 335.61
69 3264 335.61
69 3265 335.61
69 3266 335.61
69 3267 335.61
69 3268 335.61
69 3269 335.61
69 3270 335.61
69 3271 335.61
69 3272 335.61
69 3273 335.61
69 3274 335.61
69 3275 335.61
69 3276 335.61
69 3277 335.61
70 3278 335.61
70 3279 335.61
70 3280 335.61
70 3281 335.61
70 3282 335.61
70 3283 335.61
70 3284 335.61
70 3285 335.61
70 3286 335.61
70 3287 335.61
70 3288 335.61
70 3289 335.61
70 3290 335.61
70 3291 335.61
70 3292 335.61
70 3293 335.61
70 3294 335.61
70 3295 335.61
70 3296 335.61
70 3297 335.61
70 3298 335.61
70 3299 335.61
70 3300 335.61
70 3301 335.61
70 3302 335.61
70 3303 335.61
70 3304 335.61
70 3305 335.61
70 3306 335.61
70 3307 335.61
70 3308 335.61
70 3309 335.61
70 3310 335.61
70 3311 335.61
70 3312 335.61
70 3313 335.61
70 3314 335.61
70 3315 335.61
70 3316 335.61
70 3317 335.61
70 3318 335.61
70 3319 335.61
70 3320 335.61
70 3321 335.61
70 3322 335.61
70 3323 335.61
70 3324 335.61
70 3325 335.61
70 3326 335.61
71 3327 335.61
71 3328 335.61
71 3329 335.61
71 3330 335.61
71 3331 335.61
71 3332 335.61
71 3333 335.61
71 3334 335.61
71 3335 335.61
71 3336 335.61
71 3337 335.61
71 3338 335.61
71 3339 335.61
71 3340 335.61
71 3341 335.61
71 3342 335.61
71 3343 335.61
71 3344 335.61
71 3345 335.61
71 3346 335.61
71 3347 335.61
71 3348 335.61
71 3349 335.61
71 3350 335.61
71 3351 335.61
71 3352 335.61
71 3353 335.61
71 3354 335.61
71 3355 335.61
71 3356 335.61
71 3357 335.61
71 3358 335.61
71 3359 335.61
71 3360 335.61
71 3361 335.61
71 3362 335.61
71 3363 335.61
71 3364 335.61
71 3365 335.61
71 3366 335.61
71 3367 335.61
71 3368 335.61
71 3369 335.61
71 3370 335.61
71 3371 335.61
71 3372 335.61
71 3373 335.61
71 3374 335.61
71 3375 335.61
71 3376 335.61
71 3377 335.61
72 3378 335.61
72 3379 335.61
72 3380 335.61
72 3381 335.61
72 3382 335.61
72 3383 335.61
72 3384 335.61
72 3385 335.61
72 3386 335.61
72 3387 335.61
72 3388 335.61
72 3389 335.61
72 3390 335.61
72 3391 335.61
72 3392 335.61
72 3393 335.61
72 3394 335.61
72 3395 335.61
72 3396 335.61
72 3397 335.61
72 3398 335.61
72 3399 335.61
72 3400 335.61
72 3401 335.61
72 3402 335.61
72 3403 335.61
72 3404 335.61
72 3405 335.61
72 3406 335.61
72 3407 335.61
72 3408 335.61
72 3409 335.61
72 3410 335.61
72 3411 335.61
72 3412 335.61
72 3413 335.61
72 3414 335.61
72 3415 335.61
72 3416 335.61
72 3417 335.61
72 3418 335.61
72 3419 335.61
72 3420 335.61
72 3421 335.61
72 3422 335.61
72 3423 335.61
72 3424 335.61
72 3425 335.61
72 3426 335.61
72 3427 335.61
72 3428 335.61
73 3429 335.61
73 3430 335.61
73 3431 335.61
73 3432 335.61
73 3433 335.61
73 3434 335.61
73 3435 335.61
73 3436 335.61
73 3437 335.61
73 3438 335.61
73 3439 335.61
73 3440 335.61
73 3441 335.61
73 3442 335.61
73 3443 335.61
73 3444 335.61
73 3445 335.61
73 3446 335.61
73 3447 335.61
73 3448 335.61
73 3449 335.61
73 3450 335.61
73 3451 335.61
73 3452 335.61
73 3453 335.61
73 3454 335.61
73 3455 335.61
73 3456 335.61
73 3457 335.61
73 3458 335.61
73 3459 335.61
73 3460 335.61
73 3461 335.61
73 3462 335.61
73 3463 335.61
73 3464 335.61
73 3465 335.61
73 3466 335.61
73 3467 335.61
73 3468 335.61
73 3469 335.61
73 3470 335.61
73 3471 335.61
74 3472 335.61
74 3473 335.61
74 3474 335.61
74 3475 335.61
74 3476 335.61
74 3477 335.61
74 3478 335.61
74 3479 335.61
74 3480 335.61
74 3481 335.61
74 3482 335.61
74 3483 335.61
74 3484 335.61
74 3485 335.61
74 3486 335.61
74 3487 335.61
74 3488 335.61
74 3489 335.61
74 3490 335.61
74 3491 335.61
74 3492 335.61
74 3493 335.61
74 3494 335.61
74 3495 335.61
74 3496 335.61
74 3497 335.61
74 3498 335.61
74 3499 335.61
74 3500 335.61
74 3501 335.61
74 3502 335.61
74 3503 335.61
74 3504 335.61
74 3505 335.61
74 3506 335.61
74 3507 335.61
74 3508 335.61
74 3509 335.61
74 3510 335.61
74 3511 335.61
74 3512 335.61
74 3513 335.61
74 3514 335.61
74 3515 335.61
74 3516 335.61
74 3517 335.61
74 3518 335.61
75 3519 335.61
75 3520 335.61
75 3521 335.61
75 3522 335.61
75 3523 335.61
75 3524 335.61
75 3525 335.61
75 3526 335.61
75 3527 335.61
75 3528 335.61
75 3529 335.61
75 3530 335.61
75 3531 335.61
75 3532 335.61
75 3533 335.61
75 3534 335.61
75 3535 335.61
75 3536 335.61
75 3537 335.61
75 3538 335.61
75 3539 335.61
75 3540 335.61
75 3541 335.61
75 3542 335.61
75 3543 335.61
75 3544 335.61
75 3545 335.61
75 3546 335.61
75 3547 335.61
75 3548 335.61
75 3549 335.61
75 3550 335.61
75 3551 335.61
75 3552 335.61
75 3553 335.61
75 3554 335.61
75 3555 335.61
75 3556 335.61
75 3557 335.61
75 3558 335.61
76 3559 335.61
76 3560 335.61
76 3561 335.61
76 3562 335.61
76 3563 335.61
76 3564 335.61
76 3565 335.61
76 3566 335.61
76 3567 335.61
76 3568 335.61
76 3569 335.61
76 3570 335.61
76 3571 335.61
76 3572 335.61
76 3573 335.61
76 3574 335.61
76 3575 335.61
76 3576 335.61
76 3577 335.61
76 3578 335.61
76 3579 335.61
76 3580 335.61
76 3581 335.61
76 3582 335.61
76 3583 335.61
76 3584 335.61
76 3585 335.61
76 3586 335.61
76 3587 335.61
76 3588 335.61
76 3589 335.61
76 3590 335.61
76 3591 335.61
76 3592 335.61
76 3593 335.61
76 3594 335.61
76 3595 335.61
76 3596 335.61
77 3597 335.61
77 3598 335.61
77 3599 335.61
77 3600 335.61
77 3601 335.61
77 3602 335.61
77 3603 335.61
77 3604 335.61
77 3605 335.61
77 3606 335.61
77 3607 335.61
77 3608 335.61
77 3609 335.61
77 3610 335.61
77 3611 335.61
77 3612 335.61
77 3613 335.61
77 3614 335.61
77 3615 335.61
77 3616 335.61
77 3617 335.61
77 3618 335.61
77 3619 335.61
77 3620 335.61
77 3621 335.61
77 3622 335.61
77 3623 335.61
77 3624 335.61
77 3625 335.61
77 3626 335.61
77 3627 335.61
77 3628 335.61
77 3629 335.61
77 3630 335.61
77 3631 335.61
77 3632 335.61
78 3633 335.61
78 3634 335.61
78 3635 335.61
78 3636 335.61
78 3637 335.61
78 3638 335.61
78 3639 335.61
78 3640 335.61
78 3641 335.61
78 3642 335.61
78 3643 335.61
78 3644 335.61
78 3645 335.61
78 3646 335.61
78 3647 335.61
78 3648 335.61
78 3649 335.61
78 3650 335.61
78 3651 335.61
78 3652 335.61
78 3653 335.61
78 3654 335.61
78 3655 335.61
78 3656 335.61
78 3657 335.61
78 3658 335.61
78 3659 335.61
78 3660 335.61
78 3661 335.61
78 3662 335.61
78 3663 335.61
79 3664 335.61
79 3665 335.61
79 3666 335.61
79 3667 335.61
79 3668 335.61
79 3669 335.61
79 3670 335.61
79 3671 335.61
79 3672 335.61
79 3673 335.61
79 3674 335.61
79 3675 335.61
79 3676 335.61
79 3677 335.61
79 3678 335.61
79 3679 335.61
79 3680 335.61
79 3681 335.61
79 3682 335.61
79 3683 335.61
79 3684 335.61
79 3685 335.61
79 3686 335.61
79 3687 335.61
79 3688 335.61
79 3689 335.61
79 3690 335.61
79 3691 335.61
79 3692 335.61
79 3693 335.61
79 3694 335.61
79 3695 335.61
79 3696 335.61
79 3697 335.61
79 3698 335.61
79 3699 335.61
79 3700 335.61
79 3701 335.61
79 3702 335.61
79 3703 335.61
79 3704 335.61
79 3705 335.61
80 3706 335.61
80 3707 335.61
80 3708 335.61
80 3709 335.61
80 3710 335.61
80 3711 335.61
80 3712 335.61
80 3713 335.61
80 3714 335.61
80 3715 335.61
80 3716 335.61
80 3717 335.61
80 3718 335.61
80 3719 335.61
80 3720 335.61
80 3721 335.61
80 3722 335.61
80 3723 335.61
80 3724 335.61
80 3725 335.61
80 3726 335.61
80 3727 335.61
80 3728 335.61
80 3729 335.61
80 3730 335.61
80 3731 335.61
80 3732 335.61
80 3733 335.61
80 3734 335.61
80 3735 335.61
80 3736 335.61
80 3737 335.61
80 3738 335.61
80 3739 335.61
80 3740 335.61
80 3741 335.61
80 3742 335.61
80 3743 335.61
80 3744 335.61
80 3745 335.61
80 3746 335.61
80 3747 335.61
80 3748 335.61
81 3749 335.61
81 3750 335.61
81 3751 335.61
81 3752 335.61
81 3753 335.61
81 3754 335.61
81 3755 335.61
81 3756 335.61
81 3757 335.61
81 3758 335.61
81 3759 335.61
81 3760 335.61
81 3761 335.61
81 3762 335.61
81 3763 335.61
81 3764 335.61
81 3765 335.61
81 3766 335.61
81 3767 335.61
81 3768 335.61
81 3769 335.61
81 3770 335.61
81 3771 335.61
81 3772 335.61
81 3773 335.61
81 3774 335.61
81 3775 335.61
81 3776 335.61
81 3777 335.61
81 3778 335.61
81 3779 335.61
81 3780 335.61
81 3781 335.61
81 3782 335.61
81 3783 335.61
81 3784 335.61
81 3785 335.61
81 3786 335.61
81 3787 335.61
81 3788 335.61
81 3789 335.61
81 3790 335.61
81 3791 335.61
81 3792 335.61
81 3793 335.61
82 3794 335.61
82 3795 335.61
82 3796 335.61
82 3797 335.61
82 3798 335.61
82 3799 335.61
82 3800 335.61
82 3801 335.61
82 3802 335.61
82 3803 335.61
82 3804 335.61
82 3805 335.61
82 3806 335.61
82 3807 335.61
82 3808 335.61
82 3809 335.61
82 3810 335.61
82 3811 335.61
82 3812 335.61
82 3813 335.61
82 3814 335.61
82 3815 335.61
82 3816 335.61
82 3817 335.61
82 3818 335.61
82 3819 335.61
82 3820 335.61
82 3821 335.61
82 3822 335.61
82 3823 335.61
82 3824 335.61
82 3825 335.61
82 3826 335.61
82 3827 335.61
82 3828 335.61
82 3829 335.61
82 3830 335.61
82 3831 335.61
82 3832 335.61
82 3833 335.61
82 3834 335.61
82 3835 335.61
82 3836 335.61
82 3837 335.61
82 3838 335.61
82 3839 335.61
82 3840 335.61
82 3841 335.61
83 3842 335.61
83 3843 335.61
83 3844 335.61
83 3845 335.61
83 3846 335.61
83 3847 335.61
83 3848 335.61
83 3849 335.61
83 3850 335.61
83 3851 335.61
83 3852 335.61
83 3853 335.61
83 3854 335.61
83 3855 335.61
83 3856 335.61
83 3857 335.61
83 3858 335.61
83 3859 335.61
83 3860 335.61
83 3861 335.61
83 3862 335.61
83 3863 335.61
83 3864 335.61
83 3865 335.61
83 3866 335.61
83 3867 335.61
83 3868 335.61
83 3869 335.61
83 3870 335.61
83 3871 335.61
83 3872 335.61
83 3873 335.61
83 3874 335.61
83 3875 335.61
83 3876 335.61
83 3877 335.61
83 3878 335.61
83 3879 335.61
83 3880 335.61
83 3881 335.61
83 3882 335.61
83 3883 335.61
83 3884 335.61
83 3885 335.61
83 3886 335.61
83 3887 335.61
83 3888 335.61
83 3889 335.61
83 3890 335.61
84 3891 335.61
84 3892 335.61
84 3893 335.61
84 3894 335.61
84 3895 335.61
84 3896 335.61
84 3897 335.61
84 3898 335.61
84 3899 335.61
84 3900 335.61
84 3901 335.61
84 3902 335.61
84 3903 335.61
84 3904 335.61
84 3905 335.61
84 3906 335.61
84 3907 335.61
84 3908 335.61
84 3909 335.61
84 3910 335.61
84 3911 335.61
84 3912 335.61
84 3913 335.61
84 3914 335.61
84 3915 335.61
84 3916 335.61
84 3917 335.61
84 3918 335.61
84 3919 335.61
84 3920 335.61
84 3921 335.61
84 3922 335.61
84 3923 335.61
84 3924 335.61
84 3925 335.61
84 3926 335.61
84 3927 335.61
84 3928 335.61
84 3929 335.61
84 3930 335.61
84 3931 335.61
84 3932 335.61
84 3933 335.61
84 3934 335.61
84 3935 335.61
84 3936 335.61
84 3937 335.61
84 3938 335.61
85 3939 335.61
85 3940 335.61
85 3941 335.61
85 3942 335.61
85 3943 335.61
85 3944 335.61
85 3945 335.61
85 3946 335.61
85 3947 335.61
85 3948 335.61
85 3949 335.61
85 3950 335.61
85 3951 335.61
85 3952 335.61
85 3953 335.61
85 3954 335.61
85 3955 335.61
85 3956 335.61
85 3957 335.61
85 3958 335.61
85 3959 335.61
85 3960 335.61
85 3961 335.61
85 3962 335.61
85 3963 335.61
85 3964 335.61
85 3965 335.61
85 3966 335.61
85 3967 335.61
85 3968 335.61
85 3969 335.61
85 3970 335.61
85 3971 335.61
85 3972 335.61
85 3973 335.61
85 3974 335.61
85 3975 335.61
85 3976 335.61
85 3977 335.61
85 3978 335.61
85 3979 335.61
85 3980 335.61
85 3981 335.61
85 3982 335.61
85 3983 335.61
85 3984 335.61
85 3985 335.61
85 3986 335.61
85 3987 335.61
86 3988 335.61
86 3989 335.61
86 3990 335.61
86 3991 335.61
86 3992 335.61
86 3993 335.61
86 3994 335.61
86 3995 335.61
86 3996 335.61
86 3997 335.61
86 3998 335.61
86 3999 335.61
86 4000 335.61
86 4001 335.61
86 4002 335.61
86 4003 335.61
86 4004 335.61
86 4005 335.61
86 4006 335.61
86 4007 335.61
86 4008 335.61
86 4009 335.61
86 4010 335.61
86 4011 335.61
86 4012 335.61
86 4013 335.61
86 4014 335.61
86 4015 335.61
86 4016 335.61
86 4017 335.61
86 4018 335.61
86 4019 335.61
86 4020 335.61
86 4021 335.61
86 4022 335.61
86 4023 335.61
86 4024 335.61
86 4025 335.61
86 4026 335.61
86 4027 335.61
86 4028 335.61
86 4029 335.61
86 4030 335.61
86 4031 335.61
86 4032 335.61
86 4033 335.61
86 4034 335.61
86 4035 335.61
86 4036 335.61
86 4037 335.61
86 4038 335.61
87 4039 335.61
87 4040 335.61
87 4041 335.61
87 4042 335.61
87 4043 335.61
87 4044 335.61
87 4045 335.61
87 4046 335.61
87 4047 335.61
87 4048 335.61
87 4049 335.61
87 4050 335.61
87 4051 335.61
87 4052 335.61
87 4053 335.61
87 4054 335.61
87 4055 335.61
87 4056 335.61
87 4057 335.61
87 4058 335.61
87 4059 335.61
87 4060 335.61
87 4061 335.61
87 4062 335.61
87 4063 335.61
87 4064 335.61
87 4065 335.61
87 4066 335.61
87 4067 335.61
87 4068 335.61
87 4069 335.61
87 4070 335.61
87 4071 335.61
87 4072 335.61
87 4073 335.61
87 4074 335.61
87 4075 335.61
87 4076 335.61
87 4077 335.61
87 4078 335.61
87 4079 335.61
87 4080 335.61
87 4081 335.61
87 4082 335.61
87 4083 335.61
87 4084 335.61
87 4085 335.61
87 4086 335.61
87 4087 335.61
88 4088 335.61
88 4089 335.61
88 4090 335.61
88 4091 335.61
88 4092 335.61
88 4093 335.61
88 4094 335.61
88 4095 335.61
88 4096 335.61
88 4097 335.61
88 4098 335.61
88 4099 335.61
88 4100 335.61
88 4101 335.61
88 4102 335.61
88 4103 335.61
88 4104 335.61
88 4105 335.61
88 4106 335.61
88 4107 335.61
88 4108 335.61
88 4109 335.61
88 4110 335.61
88 4111 335.61
88 4112 335.61
88 4113 335.61
88 4114 335.61
88 4115 335.61
88 4116 335.61
88 4117 335.61
88 4118 335.61
88 4119 335.61
88 4120 335.61
88 4121 335.61
88 4122 335.61
88 4123 335.61
88 4124 335.61
88 4125 335.61
88 4126 335.61
88 4127 335.61
88 4128 335.61
88 4129 335.61
88 4130 335.61
88 4131 335.61
88 4132 335.61
88 4133 335.61
88 4134 335.61
89 4135 335.61
89 4136 335.61
89 4137 335.61
89 4138 335.61
89 4139 335.61
89 4140 335.61
89 4141 335.61
89 4142 335.61
89 4143 335.61
89 4144 335.61
89 4145 335.61
89 4146 335.61
89 4147 335.61
89 4148 335.61
89 4149 335.61
89 4150 335.61
89 4151 335.61
89 4152 335.61
89 4153 335.61
89 4154 335.61
89 4155 335.61
89 4156 335.61
89 4157 335.61
89 4158 335.61
89 4159 335.61
89 4160 335.61
89 4161 335.61
89 4162 335.61
89 4163 335.61
89 4164 335.61
89 4165 335.61
89 4166 335.61
89 4167 335.61
89 4168 335.61
89 4169 335.61
89 4170 335.61
89 4171 335.61
89 4172 335.61
89 4173 335.61
89 4174 335.61
89 4175 335.61
89 4176 335.61
89 4177 335.61
89 4178 335.61
89 4179 335.61
89 4180 335.61
90 4181 335.61
90 4182 335.61
90 4183 335.61
90 4184 335.61
90 4185 335.61
90 4186 335.61
90 4187 335.61
90 4188 335.61
90 4189 335.61
90 4190 335.61
90 4191 335.61
90 4192 335.61
90 4193 335.61
90 4194 335.61
90 4195 335.61
90 4196 335.61
90 4197 335.61
90 4198 335.61
90 4199 335.61
90 4200 335.61
90 4201 335.61
90 4202 335.61
90 4203 335.61
90 4204 335.61
90 4205 335.61
90 4206 335.61
90 4207 335.61
90 4208 335.61
90 4209 335.61
90 4210 335.61
90 4211 335.61
90 4212 335.61
90 4213 335.61
90 4214 335.61
90 4215 335.61
90 4216 335.61
90 4217 335.61
90 4218 335.61
90 4219 335.61
90 4220 335.61
90 4221 335.61
90 4222 335.61
90 4223 335.61
90 4224 335.61
90 4225 335.61
90 4226 335.61
91 4227 335.61
91 4228 335.61
91 4229 335.61
91 4230 335.61
91 4231 335.61
91 4232 335.61
91 4233 335.61
91 4234 335.61
91 4235 335.61
91 4236 335.61
91 4237 335.61
91 4238 335.61
91 4239 335.61
91 4240 335.61
91 4241 335.61
91 4242 335.61
91 4243 335.61
91 4244 335.61
91 4245 335.61
91 4246 335.61
91 4247 335.61
91 4248 335.61
91 4249 335.61
91 4250 335.61
91 4251 335.61
91 4252 335.61
91 4253 335.61
91 4254 335.61
91 4255 335.61
91 4256 335.61
91 4257 335.61
91 4258 335.61
91 4259 335.61
91 4260 335.61
91 4261 335.61
91 4262 335.61
91 4263 335.61
91 4264 335.61
91 4265 335.61
91 4266 335.61
91 4267 335.61
91 4268 335.61
91 4269 335.61
91 4270 335.61
91 4271 335.61
91 4272 335.61
91 4273 335.61
91 4274 335.61
91 4275 335.61
92 4276 335.61
92 4277 335.61
92 4278 335.61
92 4279 335.61
92 4280 335.61
92 4281 335.61
92 4282 335.61
92 4283 335.61
92 4284 335.61
92 4285 335.61
92 4286 335.61
92 4287 335.61
92 4288 335.61
92 4289 335.61
92 4290 335.61
92 4291 335.61
92 4292 335.61
92 4293 335.61
92 4294 335.61
92 4295 335.61
92 4296 335.61
92 4297 335.61
92 4298 335.61
92 4299 335.61
92 4300 335.61
92 4301 335.61
92 4302 335.61
92 4303 335.61
92 4304 335.61
92 4305 335.61
92 4306 335.61
92 4307 335.61
92 4308 335.61
92 4309 335.61
92 4310 335.61
92 4311 335.61
92 4312 335.61
92 4313 335.61
92 4314 335.61
92 4315 335.61
92 4316 335.61
92 4317 335.61
92 4318 335.61
92 4319 335.61
92 4320 335.61
92 4321 335.61
92 4322 335.61
92 4323 335.61
93 4324 335.61
93 4325 335.61
93 4326 335.61
93 4327 335.61
93 4328 335.61
93 4329 335.61
93 4330 335.61
93 4331 335.61
93 4332 335.61
93 4333 335.61
93 4334 335.61
93 4335 335.61
93 4336 335.61
93 4337 335.61
93 4338 335.61
93 4339 335.61
93 4340 335.61
93 4341 335.61
93 4342 335.61
93 4343 335.61
93 4344 335.61
93 4345 335.61
93 4346 335.61
93 4347 335.61
93 4348 335.61
93 4349 335.61
93 4350 335.61
93 4351 335.61
93 4352 335.61
93 4353 335.61
93 4354 335.61
93 4355 335.61
93 4356 335.61
93 4357 335.61
93 4358 335.61
93 4359 335.61
93 4360 335.61
93 4361 335.61
93 4362 335.61
93 4363 335.61
93 4364 335.61
93 4365 335.61
93 4366 335.61
93 4367 335.61
93 4368 335.61
93 4369 335.61
94 4370 335.61
94 4371 335.61
94 4372 335.61
94 4373 335.61
94 4374 335.61
94 4375 335.61
94 4376 335.61
94 4377 335.61
94 4378 335.61
94 4379 335.61
94 4380 335.61
94 4381 335.61
94 4382 335.61
94 4383 335.61
94 4384 335.61
94 4385 335.61
94 4386 335.61
94 4387 335.61
94 4388 335.61
94 4389 335.61
94 4390 335.61
94 4391 335.61
94 4392 335.61
94 4393 335.61
94 4394 335.61
94 4395 335.61
94 4396 335.61
94 4397 335.61
94 4398 335.61
94 4399 335.61
94 4400 335.61
94 4401 335.61
94 4402 335.61
94 4403 335.61
94 4404 335.61
94 4405 335.61
94 4406 335.61
94 4407 335.61
94 4408 335.61
94 4409 335.61
94 4410 335.61
94 4411 335.61
94 4412 335.61
94 4413 335.61
94 4414 335.61
95 4415 335.61
95 4416 335.61
95 4417 335.61
95 4418 335.61
95 4419 335.61
95 4420 335.61
95 4421 335.61
95 4422 335.61
95 4423 335.61
95 4424 335.61
95 4425 335.61
95 4426 335.61
95 4427 335.61
95 4428 335.61
95 4429 335.61
95 4430 335.61
95 4431 335.61
95 4432 335.61
95 4433 335.61
95 4434 335.61
95 4435 335.61
95 4436 335.61
95 4437 335.61
95 4438 335.61
95 4439 335.61
95 4440 335.61
95 4441 335.61
95 4442 335.61
95 4443 335.61
95 4444 335.61
95 4445 335.61
95 4446 335.61
95 4447 335.61
95 4448 335.61
95 4449 335.61
95 4450 335.61
95 4451 335.61
95 4452 335.61
95 4453 335.61
95 4454 335.61
95 4455 335.61
95 4456 335.61
95 4457 335.61
95 4458 335.61
95 4459 335.61
95 4460 335.61
95 4461 335.61
96 4462 335.61
96 4463 335.61
96 4464 335.61
96 4465 335.61
96 4466 335.61
96 4467 335.61
96 4468 335.61
96 4469 335.61
96 4470 335.61
96 4471 335.61
96 4472 335.61
96 4473 335.61
96 4474 335.61
96 4475 335.61
96 4476 335.61
96 4477 335.61
96 4478 335.61
96 4479 335.61
96 4480 335.61
96 4481 335.61
96 4482 335.61
96 4483 335.61
96 4484 335.61
96 4485 335.61
96 4486 335.61
96 4487 335.61
96 4488 335.61
96 4489 335.61
96 4490 335.61
96 4491 335.61
96 4492 335.61
96 4493 335.61
96 4494 335.61
96 4495 335.61
96 4496 335.61
96 4497 335.61
96 4498 335.61
96 4499 335.61
96 4500 335.61
96 4501 335.61
96 4502 335.61
96 4503 335.61
96 4504 335.61
96 4505 335.61
96 4506 335.61
96 4507 335.61
96 4508 335.61
96 4509 335.61
97 4510 335.61
97 4511 335.61
97 4512 335.61
97 4513 335.61
97 4514 335.61
97 4515 335.61
97 4516 335.61
97 4517 335.61
97 4518 335.61
97 4519 335.61
97 4520 335.61
97 4521 335.61
97 4522 335.61
97 4523 335.61
97 4524 335.61
97 4525 335.61
97 4526 335.61
97 4527 335.61
97 4528 335.61
97 4529 335.61
97 4530 335.61
97 4531 335.61
97 4532 335.61
97 4533 335.61
97 4534 335.61
97 4535 335.61
97 4536 335.61
97 4537 335.61
97 4538 335.61
97 4539 335.61
97 4540 335.61
97 4541 335.61
97 4542 335.61
97 4543 335.61
97 4544 335.61
97 4545 335.61
97 4546 335.61
97 4547 335.61
97 4548 335.61
97 4549 335.61
97 4550 335.61
97 4551 335.61
97 4552 335.61
97 4553 335.61
97 4554 335.61
97 4555 335.61
97 4556 335.61
98 4557 335.61
98 4558 335.61
98 4559 335.61
98 4560 335.61
98 4561 335.61
98 4562 335.61
98 4563 335.61
98 4564 335.61
98 4565 335.61
98 4566 335.61
98 4567 335.61
98 4568 335.61
98 4569 335.61
98 4570 335.61
98 4571 335.61
98 4572 335.61
98 4573 335.61
98 4574 335.61
98 4575 335.61
98 4576 335.61
98 4577 335.61
98 4578 335.61
98 4579 335.61
98 4580 335.61
98 4581 335.61
98 4582 335.61
98 4583 335.61
98 4584 335.61
98 4585 335.61
98 4586 335.61
98 4587 335.61
98 4588 335.61
98 4589 335.61
98 4590 335.61
98 4591 335.61
98 4592 335.61
98 4593 335.61
98 4594 335.61
98 4595 335.61
98 4596 335.61
98 4597 335.61
98 4598 335.61
98 4599 335.61
98 4600 335.61
98 4601 335.61
98 4602 335.61
99 4603 335.61
99 4604 335.61
99 4605 335.61
99 4606 335.61
99 4607 335.61
99 4608 335.61
99 4609 335.61
99 4610 335.61
99 4611 335.61
99 4612 335.61
99 4613 335.61
99 4614 335.61
99 4615 335.61
99 4616 335.61
99 4617 335.61
99 4618 335.61
99 4619 335.61
99 4620 335.61
99 4621 335.61
99 4622 335.61
99 4623 335.61
99 4624 335.61
99 4625 335.61
99 4626 335.61
99 4627 335.61
99 4628 335.61
99 4629 335.61
99 4630 335.61
99 4631 335.61
99 4632 335.61
99 4633 335.61
99 4634 335.61
99 4635 335.61
99 4636 335.61
99 4637 335.61
99 4638 335.61
99 4639 335.61
99 4640 335.61
99 4641 335.61
99 4642 335.61
99 4643 335.61
99 4644 335.61
99 4645 335.61
99 4646 335.61
100 4647 335.61
100 4648 335.61
100 4649 335.61
100 4650 335.61
100 4651 335.61
100 4652 335.61
100 4653 335.61
100 4654 335.61
100 4655 335.61
100 4656 335.61
100 4657 335.61
100 4658 335.61
100 4659 335.61
100 4660 335.61
100 4661 335.61
100 4662 335.61
100 4663 335.61
100 4664 335.61
100 4665 335.61
100 4666 335.61
100 4667 335.61
100 4668 335.61
100 4669 335.61
100 4670 335.61
100 4671 335.61
100 4672 335.61
100 4673 335.61
100 4674 335.61
100 4675 335.61
100 4676 335.61
100 4677 335.61
100 4678 335.61
100 4679 335.61
100 4680 335.61
100 4681 335.61
100 4682 335.61
100 4683 335.61
100 4684 335.61
100 4685 335.61
100 4686 335.61
100 4687 335.61
100 4688 335.61
100 4689 335.61
100 4690 335.61
100 4691 335.61
100 4692 335.61
100 4693 335.61
100 4694 335.61
100 4695 335.61
100 4696 335.61
101 4697 335.61
101 4698 335.61
101 4699 335.61
101 4700 335.61
101 4701 335.61
101 4702 335.61
101 4703 335.61
101 4704 335.61
101 4705 335.61
101 4706 335.61
101 4707 335.61
101 4708 335.61
101 4709 335.61
101 4710 335.61
101 4711 335.61
101 4712 335.61
101 4713 335.61
101 4714 335.61
101 4715 335.61
101 4716 335.61
101 4717 335.61
101 4718 335.61
101 4719 335.61
101 4720 335.61
101 4721 335.61
101 4722 335.61
101 4723 335.61
101 4724 335.61
101 4725 335.61
101 4726 335.61
101 4727 335.61
101 4728 335.61
101 4729 335.61
101 4730 335.61
101 4731 335.61
101 4732 335.61
101 4733 335.61
101 4734 335.61
101 4735 335.61
101 4736 335.61
101 4737 335.61
101 4738 335.61
101 4739 335.61
101 4740 335.61
101 4741 335.61
101 4742 335.61
101 4743 335.61
101 4744 335.61
101 4745 335.61
101 4746 335.61
102 4747 335.61
102 4748 335.61
102 4749 335.61
102 4750 335.61
102 4751 335.61
102 4752 335.61
102 4753 335.61
102 4754 335.61
102 4755 335.61
102 4756 335.61
102 4757 335.61
102 4758 335.61
102 4759 335.61
102 4760 335.61
102 4761 335.61
102 4762 335.61
102 4763 335.61
102 4764 335.61
102 4765 335.61
102 4766 335.61
102 4767 335.61
102 4768 335.61
102 4769 335.61
102 4770 335.61
102 4771 335.61
102 4772 335.61
102 4773 335.61
102 4774 335.61
102 4775 335.61
102 4776 335.61
102 4777 335.61
102 4778 335.61
102 4779 335.61
102 4780 335.61
102 4781 335.61
102 4782 335.61
102 4783 335.61
102 4784 335.61
102 4785 335.61
102 4786 335.61
102 4787 335.61
102 4788 335.61
102 4789 335.61
102 4790 335.61
102 4791 335.61
102 4792 335.61
102 4793 335.61
103 4794 335.61
103 4795 335.61
103 4796 335.61
103 4797 335.61
103 4798 335.61
103 4799 335.61
103 4800 335.61
103 4801 335.61
103 4802 335.61
103 4803 335.61
103 4804 335.61
103 4805 335.61
103 4806 335.61
103 4807 335.61
103 4808 335.61
103 4809 335.61
103 4810 335.61
103 4811 335.61
103 4812 335.61
103 4813 335.61
103 4814 335.61
103 4815 335.61
103 4816 335.61
103 4817 335.61
103 4818 335.61
103 4819 335.61
103 4820 335.61
103 4821 335.61
103 4822 335.61
103 4823 335.61
103 4824 335.61
103 4825 335.61
103 4826 335.61
103 4827 335.61
103 4828 335.61
103 4829 335.61
103 4830 335.61
103 4831 335.61
103 4832 335.61
103 4833 335.61
103 4834 335.61
103 4835 335.61
103 4836 335.61
103 4837 335.61
103 4838 335.61
103 4839 335.61
103 4840 335.61
103 4841 335.61
104 4842 335.61
104 4843 335.61
104 4844 335.61
104 4845 335.61
104 4846 335.61
104 4847 335.61
104 4848 335.61
104 4849 335.61
104 4850 335.61
104 4851 335.61
104 4852 335.61
104 4853 335.61
104 4854 335.61
104 4855 335.61
104 4856 335.61
104 4857 335.61
104 4858 335.61
104 4859 335.61
104 4860 335.61
104 4861 335.61
104 4862 335.61
104 4863 335.61
104 4864 335.61
104 4865 335.61
104 4866 335.61
104 4867 335.61
104 4868 335.61
104 4869 335.61
104 4870 335.61
104 4871 335.61
104 4872 335.61
104 4873 335.61
104 4874 335.61
104 4875 335.61
104 4876 335.61
104 4877 335.61
104 4878 335.61
104 4879 335.61
104 4880 335.61
104 4881 335.61
104 4882 335.61
104 4883 335.61
104 4884 335.61
104 4885 335.61
104 4886 335.61
104 4887 335.61
104 4888 335.61
104 4889 335.61
104 4890 335.61
104 4891 335.61
105 4892 335.61
105 4893 335.61
105 4894 335.61
105 4895 335.61
105 4896 335.61
105 4897 335.61
105 4898 335.61
105 4899 335.61
105 4900 335.61
105 4901 335.61
105 4902 335.61
105 4903 335.61
105 4904 335.61
105 4905 335.61
105 4906 335.61
105 4907 335.61
105 4908 335.61
105 4909 335.61
105 4910 335.61
105 4911 335.61
105 4912 335.61
105 4913 335.61
105 4914 335.61
105 4915 335.61
105 4916 335.61
105 4917 335.61
105 4918 335.61
105 4919 335.61
105 4920 335.61
105 4921 335.61
105 4922 335.61
105 4923 335.61
105 4924 335.61
105 4925 335.61
105 4926 335.61
105 4927 335.61
105 4928 335.61
105 4929 335.61
105 4930 335.61
105 4931 335.61
105 4932 335.61
105 4933 335.61
105 4934 335.61
105 4935 335.61
105 4936 335.61
105 4937 335.61
105 4938 335.61
106 4939 335.61
106 4940 335.61
106 4941 335.61
106 4942 335.61
106 4943 335.61
106 4944 335.61
106 4945 335.61
106 4946 335.61
106 4947 335.61
106 4948 335.61
106 4949 335.61
106 4950 335.61
106 4951 335.61
106 4952 335.61
106 4953 335.61
106 4954 335.61
106 4955 335.61
106 4956 335.61
106 4957 335.61
106 4958 335.61
106 4959 335.61
106 4960 335.61
106 4961 335.61
106 4962 335.61
106 4963 335.61
106 4964 335.61
106 4965 335.61
106 4966 335.61
106 4967 335.61
106 4968 335.61
106 4969 335.61
106 4970 335.61
106 4971 335.61
106 4972 335.61
106 4973 335.61
106 4974 335.61
106 4975 335.61
106 4976 335.61
106 4977 335.61
106 4978 335.61
106 4979 335.61
106 4980 335.61
106 4981 335.61
106 4982 335.61
106 4983 335.61
106 4984 335.61
106 4985 335.61
107 4986 335.61
107 4987 335.61
107 4988 335.61
107 4989 335.61
107 4990 335.61
107 4991 335.61
107 4992 335.61
107 4993 335.61
107 4994 335.61
107 4995 335.61
107 4996 335.61
107 4997 335.61
107 4998 335.61
107 4999 335.61
107 5000 335.61
107 5001 335.61
107 5002 335.61
107 5003 335.61
107 5004 335.61
107 5005 335.61
107 5006 335.61
107 5007 335.61
107 5008 335.61
107 5009 335.61
107 5010 335.61
107 5011 335.61
107 5012 335.61
107 5013 335.61
107 5014 335.61
107 5015 335.61
107 5016 335.61
107 5017 335.61
107 5018 335.61
107 5019 335.61
107 5020 335.61
107 5021 335.61
107 5022 335.61
107 5023 335.61
107 5024 335.61
107 5025 335.61
107 5026 335.61
107 5027 335.61
107 5028 335.61
107 5029 335.61
107 5030 335.61
107 5031 335.61
108 5032 335.61
108 5033 335.61
108 5034 335.61
108 5035 335.61
108 5036 335.61
108 5037 335.61
108 5038 335.61
108 5039 335.61
108 5040 335.61
108 5041 335.61
108 5042 335.61
108 5043 335.61
108 5044 335.61
108 5045 335.61
108 5046 335.61
108 5047 335.61
108 5048 335.61
108 5049 335.61
108 5050 335.61
108 5051 335.61
108 5052 335.61
108 5053 335.61
108 5054 335.61
108 5055 335.61
108 5056 335.61
108 5057 335.61
108 5058 335.61
108 5059 335.61
108 5060 335.61
108 5061 335.61
108 5062 335.61
108 5063 335.61
108 5064 335.61
108 5065 335.61
108 5066 335.61
108 5067 335.61
108 5068 335.61
108 5069 335.61
108 5070 335.61
108 5071 335.61
108 5072 335.61
108 5073 335.61
108 5074 335.61
108 5075 335.61
108 5076 335.61
108 5077 335.61
108 5078 335.61
108 5079 335.61
108 5080 335.61
109 5081 335.61
109 5082 335.61
109 5083 335.61
109 5084 335.61
109 5085 335.61
109 5086 335.61
109 5087 335.61
109 5088 335.61
109 5089 335.61
109 5090 335.61
109 5091 335.61
109 5092 335.61
109 5093 335.61
109 5094 335.61
109 5095 335.61
109 5096 335.61
109 5097 335.61
109 5098 335.61
109 5099 335.61
109 5100 335.61
109 5101 335.61
109 5102 335.61
109 5103 335.61
109 5104 335.61
109 5105 335.61
109 5106 335.61
109 5107 335.61
109 5108 335.61
109 5109 335.61
109 5110 335.61
109 5111 335.61
109 5112 335.61
109 5113 335.61
109 5114 335.61
109 5115 335.61
109 5116 335.61
109 5117 335.61
109 5118 335.61
109 5119 335.61
109 5120 335.61
109 5121 335.61
109 5122 335.61
109 5123 335.61
109 5124 335.61
109 5125 335.61
109 5126 335.61
109 5127 335.61
110 5128 335.61
110 5129 335.61
110 5130 335.61
110 5131 335.61
110 5132 335.61
110 5133 335.61
110 5134 335.61
110 5135 335.61
110 5136 335.61
110 5137 335.61
110 5138 335.61
110 5139 335.61
110 5140 335.61
110 5141 335.61
110 5142 335.61
110 5143 335.61
110 5144 335.61
110 5145 335.61
110 5146 335.61
110 5147 335.61
110 5148 335.61
110 5149 335.61
110 5150 335.61
110 5151 335.61
110 5152 335.61
110 5153 335.61
110 5154 335.61
110 5155 335.61
110 5156 335.61
110 5157 335.61
110 5158 335.61
110 5159 335.61
110 5160 335.61
110 5161 335.61
110 5162 335.61
110 5163 335.61
110 5164 335.61
110 5165 335.61
110 5166 335.61
110 5167 335.61
110 5168 335.61
110 5169 335.61
110 5170 335.61
110 5171 335.61
110 5172 335.61
110 5173 335.61
110 5174 335.61
110 5175 335.61
110 5176 335.61
111 5177 335.61
111 5178 335.61
111 5179 335.61
111 5180 335.61
111 5181 335.61
111 5182 335.61
111 5183 335.61
111 5184 335.61
111 5185 335.61
111 5186 335.61
111 5187 335.61
111 5188 335.61
111 5189 335.61
111 5190 335.61
111 5191 335.61
111 5192 335.61
111 5193 335.61
111 5194 335.61
111 5195 335.61
111 5196 335.61
111 5197 335.61
111 5198 335.61
111 5199 335.61
111 5200 335.61
111 5201 335.61
111 5202 335.61
111 5203 335.61
111 5204 335.61
111 5205 335.61
111 5206 335.61
111 5207 335.61
111 5208 335.61
111 5209 335.61
111 5210 335.61
111 5211 335.61
111 5212 335.61
111 5213 335.61
111 5214 335.61
111 5215 335.61
111 5216 335.61
111 5217 335.61
111 5218 335.61
111 5219 335.61
111 5220 335.61
111 5221 335.61
111 5222 335.61
111 5223 335.61
111 5224 335.61
111 5225 335.61
112 5226 335.61
112 5227 335.61
112 5228 335.61
112 5229 335.61
112 5230 335.61
112 5231 335.61
112 5232 335.61
112 5233 335.61
112 5234 335.61
112 5235 335.61
112 5236 335.61
112 5237 335.61
112 5238 335.61
112 5239 335.61
112 5240 335.61
112 5241 335.61
112 5242 335.61
112 5243 335.61
112 5244 335.61
112 5245 335.61
112 5246 335.61
112 5247 335.61
112 5248 335.61
112 5249 335.61
112 5250 335.61
112 5251 335.61
112 5252 335.61
112 5253 335.61
112 5254 335.61
112 5255 335.61
112 5256 335.61
112 5257 335.61
112 5258 335.61
112 5259 335.61
112 5260 335.61
112 5261 335.61
112 5262 335.61
112 5263 335.61
112 5264 335.61
112 5265 335.61
112 5266 335.61
112 5267 335.61
112 5268 335.61
112 5269 335.61
112 5270 335.61
112 5271 335.61
112 5272 335.61
112 5273 335.61
113 5274 335.61
113 5275 335.61
113 5276 335.61
113 5277 335.61
113 5278 335.61
113 5279 335.61
113 5280 335.61
113 5281 335.61
113 5282 335.61
113 5283 335.61
113 5284 335.61
113 5285 335.61
113 5286 335.61
113 5287 335.61
113 5288 335.61
113 5289 335.61
113 5290 335.61
113 5291 335.61
113 5292 335.61
113 5293 335.61
113 5294 335.61
113 5295 335.61
113 5296 335.61
113 5297 335.61
113 5298 335.61
113 5299 335.61
113 5300 335.61
113 5301 335.61
113 5302 335.61
113 5303 335.61
113 5304 335.61
113 5305 335.61
113 5306 335.61
113 5307 335.61
113 5308 335.61
113 5309 335.61
113 5310 335.61
113 5311 335.61
113 5312 335.61
113 5313 335.61
113 5314 335.61
113 5315 335.61
113 5316 335.61
113 5317 335.61
113 5318 335.61
113 5319 335.61
114 5320 335.61
114 5321 335.61
114 5322 335.61
114 5323 335.61
114 5324 335.61
114 5325 335.61
114 5326 335.61
114 5327 335.61
114 5328 335.61
114 5329 335.61
114 5330 335.61
114 5331 335.61
114 5332 335.61
114 5333 335.61
114 5334 335.61
114 5335 335.61
114 5336 335.61
114 5337 335.61
114 5338 335.61
114 5339 335.61
114 5340 335.61
114 5341 335.61
114 5342 335.61
114 5343 335.61
114 5344 335.61
114 5345 335.61
114 5346 335.61
114 5347 335.61
114 5348 335.61
114 5349 335.61
114 5350 335.61
114 5351 335.61
114 5352 335.61
114 5353 335.61
114 5354 335.61
114 5355 335.61
114 5356 335.61
114 5357 335.61
114 5358 335.61
114 5359 335.61
114 5360 335.61
114 5361 335.61
114 5362 335.61
114 5363 335.61
114 5364 335.61
114 5365 335.61
114 5366 335.61
115 5367 335.61
115 5368 335.61
115 5369 335.61
115 5370 335.61
115 5371 335.61
115 5372 335.61
115 5373 335.61
115 5374 335.61
115 5375 335.61
115 5376 335.61
115 5377 335.61
115 5378 335.61
115 5379 335.61
115 5380 335.61
115 5381 335.61
115 5382 335.61
115 5383 335.61
115 5384 335.61
115 5385 335.61
115 5386 335.61
115 5387 335.61
115 5388 335.61
115 5389 335.61
115 5390 335.61
115 5391 335.61
115 5392 335.61
115 5393 335.61
115 5394 335.61
115 5395 335.61
115 5396 335.61
115 5397 335.61
115 5398 335.61
115 5399 335.61
115 5400 335.61
115 5401 335.61
115 5402 335.61
115 5403 335.61
115 5404 335.61
115 5405 335.61
115 5406 335.61
115 5407 335.61
115 5408 335.61
115 5409 335.61
116 5410 335.61
116 5411 335.61
116 5412 335.61
116 5413 335.61
116 5414 335.61
116 5415 335.61
116 5416 335.61
116 5417 335.61
116 5418 335.61
116 5419 335.61
116 5420 335.61
116 5421 335.61
116 5422 335.61
116 5423 335.61
116 5424 335.61
116 5425 335.61
116 5426 335.61
116 5427 335.61
116 5428 335.61
116 5429 335.61
116 5430 335.61
116 5431 335.61
116 5432 335.61
116 5433 335.61
116 5434 335.61
116 5435 335.61
116 5436 335.61
116 5437 335.61
116 5438 335.61
116 5439 335.61
116 5440 335.61
116 5441 335.61
116 5442 335.61
116 5443 335.61
116 5444 335.61
116 5445 335.61
116 5446 335.61
116 5447 335.61
116 5448 335.61
116 5449 335.61
116 5450 335.61
116 5451 335.61
116 5452 335.61
116 5453 335.61
116 5454 335.61
116 5455 335.61
116 5456 335.61
117 5457 335.61
117 5458 335.61
117 5459 335.61
117 5460 335.61
117 5461 335.61
117 5462 335.61
117 5463 335.61
117 5464 335.61
117 5465 335.61
117 5466 335.61
117 5467 335.61
117 5468 335.61
117 5469 335.61
117 5470 335.61
117 5471 335.61
117 5472 335.61
117 5473 335.61
117 5474 335.61
117 5475 335.61
117 5476 335.61
117 5477 335.61
117 5478 335.61
117 5479 335.61
117 5480 335.61
117 5481 335.61
117 5482 335.61
117 5483 335.61
117 5484 335.61
117 5485 335.61
117 5486 335.61
117 5487 335.61
117 5488 335.61
117 5489 335.61
117 5490 335.61
117 5491 335.61
117 5492 335.61
117 5493 335.61
117 5494 335.61
117 5495 335.61
117 5496 335.61
117 5497 335.61
117 5498 335.61
117 5499 335.61
117 5500 335.61
117 5501 335.61
117 5502 335.61
117 5503 335.61
117 5504 335.61
118 5505 335.61
118 5506 335.61
118 5507 335.61
118 5508 335.61
118 5509 335.61
118 5510 335.61
118 5511 335.61
118 5512 335.61
118 5513 335.61
118 5514 335.61
118 5515 335.61
118 5516 335.61
118 5517 335.61
118 5518 335.61
118 5519 335.61
118 5520 335.61
118 5521 335.61
118 5522 335.61
118 5523 335.61
118 5524 335.61
118 5525 335.61
118 5526 335.61
118 5527 335.61
118 5528 335.61
118 5529 335.61
118 5530 335.61
118 5531 335.61
118 5532 335.61
118 5533 335.61
118 5534 335.61
118 5535 335.61
118 5536 335.61
118 5537 335.61
118 5538 335.61
118 5539 335.61
118 5540 335.61
118 5541 335.61
118 5542 335.61
118 5543 335.61
118 5544 335.61
118 5545 335.61
118 5546 335.61
118 5547 335.61
118 5548 335.61
118 5549 335.61
118 5550 335.61
118 5551 335.61
119 5552 335.61
119 5553 335.61
119 5554 335.61
119 5555 335.61
119 5556 335.61
119 5557 335.61
119 5558 335.61
119 5559 335.61
119 5560 335.61
119 5561 335.61
119 5562 335.61
119 5563 335.61
119 5564 335.61
119 5565 335.61
119 5566 335.61
119 5567 335.61
119 5568 335.61
119 5569 335.61
119 5570 335.61
119 5571 335.61
119 5572 335.61
119 5573 335.61
119 5574 335.61
119 5575 335.61
119 5576 335.61
119 5577 335.61
119 5578 335.61
119 5579 335.61
119 5580 335.61
119 5581 335.61
119 5582 335.61
119 5583 335.61
119 5584 335.61
119 5585 335.61
119 5586 335.61
119 5587 335.61
119 5588 335.61
119 5589 335.61
119 5590 335.61
119 5591 335.61
119 5592 335.61
119 5593 335.61
119 5594 335.61
119 5595 335.61
119 5596 335.61
119 5597 335.61
119 5598 335.61
120 5599 335.61
120 5600 335.61
120 5601 335.61
120 5602 335.61
120 5603 335.61
120 5604 335.61
120 5605 335.61
120 5606 335.61
120 5607 335.61
120 5608 335.61
120 5609 335.61
120 5610 335.61
120 5611 335.61
120 5612 335.61
120 5613 335.61
120 5614 335.61
120 5615 335.61
120 5616 335.61
120 5617 335.61
120 5618 335.61
120 5619 335.61
120 5620 335.61
120 5621 335.61
120 5622 335.61
120 5623 335.61
120 5624 335.61
120 5625 335.61
120 5626 335.61
120 5627 335.61
120 5628 335.61
120 5629 335.61
120 5630 335.61
120 5631 335.61
120 5632 335.61
120 5633 335.61
120 5634 335.61
120 5635 335.61
120 5636 335.61
120 5637 335.61
120 5638 335.61
120 5639 335.61
120 5640 335.61
120 5641 335.61
120 5642 335.61
120 5643 335.61
120 5644 335.61
120 5645 335.61
121 5646 335.61
