0 1 31777.369999999995
0 2 29721.479999999996
0 3 28154.7
0 4 22148.83
0 5 21022.97
0 6 21022.97
0 7 17430.25
0 8 17430.25
0 9 17312.440000000002
1 10 17312.440000000002
1 11 17312.440000000002
1 12 17312.440000000002
1 13 17204.28
1 14 17204.28
1 15 17204.28
1 16 15156.279999999999
1 17 15156.279999999999
1 18 15156.279999999999
1 19 15156.279999999999
1 20 15156.279999999999
1 21 15156.279999999999
1 22 15156.279999999999
1 23 15139.239999999998
1 24 15139.239999999998
1 25 15139.239999999998
1 26 15139.239999999998
1 27 15139.239999999998
1 28 15139.239999999998
1 29 15139.239999999998
1 30 15139.239999999998
1 31 15139.239999999998
1 32 15128.679999999998
1 33 15128.679999999998
1 34 15128.679999999998
1 35 15128.679999999998
1 36 15128.679999999998
1 37 15128.679999999998
1 38 15128.679999999998
1 39 15124.47
1 40 15124.47
1 41 15124.47
1 42 15124.47
1 43 15124.47
1 44 15124.47
1 45 15124.47
1 46 15124.47
1 47 15079.669999999998
1 48 15079.669999999998
1 49 15079.669999999998
1 50 15079.669999999998
1 51 15079.669999999998
1 52 15079.669999999998
1 53 15079.669999999998
1 54 15079.669999999998
1 55 15079.669999999998
1 56 14914.669999999998
1 57 14914.669999999998
1 58 14914.669999999998
1 59 14914.669999999998
1 60 14914.669999999998
1 61 14914.669999999998
1 62 14901.71
1 63 14901.71
1 64 14901.71
1 65 14901.71
1 66 14901.71
1 67 14822.389999999998
1 68 14822.389999999998
1 69 14822.389999999998
1 70 14773.109999999999
1 71 14440.949999999999
1 72 14440.949999999999
1 73 14440.949999999999
1 74 14440.949999999999
1 75 14440.949999999999
1 76 14440.949999999999
1 77 14440.949999999999
1 78 14440.949999999999
1 79 14440.949999999999
2 80 14440.949999999999
2 81 14440.949999999999
2 82 14440.949999999999
2 83 14331.509999999998
2 84 14331.509999999998
2 85 14331.509999999998
2 86 14331.509999999998
2 87 14235.269999999999
2 88 14235.269999999999
2 89 14235.269999999999
2 90 14235.269999999999
2 91 14235.269999999999
2 92 14235.269999999999
2 93 14235.269999999999
2 94 14235.269999999999
2 95 14235.269999999999
2 96 14235.269999999999
2 97 14143.109999999997
2 98 14143.109999999997
2 99 14143.109999999997
2 100 14138.859999999997
2 101 14138.859999999997
2 102 14138.859999999997
2 103 14138.859999999997
2 104 14138.859999999997
2 105 14138.859999999997
2 106 14138.859999999997
2 107 14138.859999999997
2 108 14138.859999999997
2 109 14138.859999999997
2 110 14138.859999999997
2 111 14138.859999999997
2 112 14138.859999999997
2 113 14138.859999999997
2 114 14044.139999999998
2 115 14044.139999999998
2 116 14044.139999999998
2 117 14044.139999999998
2 118 14044.139999999998
2 119 14044.139999999998
2 120 14044.139999999998
2 121 14044.139999999998
2 122 14044.139999999998
2 123 14044.139999999998
2 124 14038.979999999998
2 125 14038.979999999998
2 126 14038.979999999998
2 127 13214.659999999998
2 128 13214.659999999998
2 129 13214.659999999998
2 130 13214.659999999998
2 131 13214.659999999998
2 132 13214.659999999998
2 133 13214.659999999998
2 134 13214.659999999998
2 135 13202.179999999998
2 136 13202.179999999998
2 137 13202.179999999998
2 138 13202.179999999998
2 139 13202.179999999998
2 140 13202.179999999998
2 141 13202.179999999998
2 142 13202.179999999998
2 143 13202.179999999998
2 144 13202.179999999998
2 145 13202.179999999998
2 146 13202.179999999998
2 147 13202.179999999998
3 148 13202.179999999998
3 149 13202.179999999998
3 150 13202.179999999998
3 151 13106.179999999998
3 152 13106.179999999998
3 153 13106.179999999998
3 154 13106.179999999998
3 155 13106.179999999998
3 156 13106.179999999998
3 157 13106.179999999998
3 158 13106.179999999998
3 159 12750.019999999997
3 160 12750.019999999997
3 161 12708.099999999999
3 162 12708.099999999999
3 163 12708.099999999999
3 164 12708.099999999999
3 165 12708.099999999999
3 166 12708.099999999999
3 167 12690.98
3 168 12690.98
3 169 12690.98
3 170 12690.98
3 171 12690.98
3 172 12690.98
3 173 12690.98
3 174 12690.98
3 175 12690.98
3 176 12690.98
3 177 12682.989999999998
3 178 12682.989999999998
3 179 12682.989999999998
3 180 12682.989999999998
3 181 12682.989999999998
3 182 12682.989999999998
3 183 12519.149999999998
3 184 12519.149999999998
3 185 12519.149999999998
3 186 12519.149999999998
3 187 12508.75
3 188 12508.75
3 189 12508.75
3 190 12508.75
3 191 12508.75
3 192 12483.75
3 193 12483.75
3 194 12254.63
3 195 12254.63
3 196 12254.63
3 197 12254.63
3 198 12254.63
3 199 12254.63
3 200 12254.63
3 201 12254.63
3 202 12254.63
3 203 12254.63
3 204 12019.109999999999
3 205 12019.109999999999
3 206 12019.109999999999
3 207 12019.109999999999
3 208 12019.109999999999
3 209 12019.109999999999
3 210 12019.109999999999
3 211 12019.109999999999
3 212 12019.109999999999
3 213 12019.109999999999
3 214 11479.220000000001
3 215 11479.220000000001
3 216 11479.220000000001
3 217 11479.220000000001
3 218 11479.220000000001
3 219 11479.220000000001
3 220 11479.220000000001
3 221 11479.220000000001
3 222 11479.220000000001
3 223 11479.220000000001
3 224 11479.220000000001
4 225 11479.220000000001
4 226 11479.220000000001
4 227 10868.659999999998
4 228 10868.659999999998
4 229 10868.659999999998
4 230 10868.659999999998
4 231 10868.659999999998
4 232 10868.659999999998
4 233 10868.659999999998
4 234 10858.26
4 235 10858.26
4 236 10858.26
4 237 10858.26
4 238 10858.26
4 239 10858.26
4 240 10858.26
4 241 10858.26
4 242 10858.26
4 243 10858.26
4 244 10858.26
4 245 10806.380000000001
4 246 10806.380000000001
4 247 10806.380000000001
4 248 10806.380000000001
4 249 10806.380000000001
4 250 10806.380000000001
4 251 10806.380000000001
4 252 10806.380000000001
4 253 10806.380000000001
4 254 10806.380000000001
4 255 10806.380000000001
4 256 10440.980000000001
4 257 10440.980000000001
4 258 10440.980000000001
4 259 10440.980000000001
4 260 10440.980000000001
4 261 10440.980000000001
4 262 10440.980000000001
4 263 10440.980000000001
4 264 10440.980000000001
4 265 10328.62
4 266 10328.62
4 267 10328.62
4 268 10328.62
4 269 10262.7
4 270 10153.57
4 271 10153.57
4 272 10153.57
4 273 10153.57
4 274 10153.57
4 275 10153.57
4 276 10153.57
4 277 10153.57
4 278 10153.57
4 279 10153.57
4 280 10153.57
4 281 10145.849999999999
4 282 10145.849999999999
4 283 10145.849999999999
4 284 10145.849999999999
4 285 10145.849999999999
4 286 10145.849999999999
4 287 10145.849999999999
4 288 10141.88
4 289 10141.88
4 290 10141.88
4 291 10141.88
4 292 10141.88
4 293 10141.88
4 294 10109.88
4 295 10109.88
4 296 10109.88
4 297 10109.88
4 298 10109.88
4 299 10109.88
4 300 10109.88
4 301 10109.88
4 302 10109.88
4 303 10109.88
4 304 10109.88
4 305 10109.88
4 306 10109.88
4 307 10109.88
4 308 10109.88
4 309 10109.88
5 310 10109.88
5 311 10109.88
5 312 10109.88
5 313 10109.88
5 314 10109.88
5 315 10109.88
5 316 10109.88
5 317 10109.88
5 318 10109.88
5 319 10109.88
5 320 10109.88
5 321 10109.88
5 322 10096.72
5 323 10096.72
5 324 10096.72
5 325 10096.72
5 326 10096.72
5 327 10096.72
5 328 10096.72
5 329 10096.72
5 330 10096.72
5 331 10096.72
5 332 10096.72
5 333 10096.72
5 334 10096.72
5 335 10096.72
5 336 10096.72
5 337 10096.72
5 338 10096.72
5 339 10016.72
5 340 10016.72
5 341 10016.72
5 342 10016.72
5 343 10016.72
5 344 10016.72
5 345 10016.72
5 346 10016.72
5 347 10016.72
5 348 10016.72
5 349 10016.72
5 350 10016.72
5 351 10016.72
5 352 10016.72
5 353 10016.72
5 354 9896.72
5 355 9896.72
5 356 9896.72
5 357 9896.72
5 358 9896.72
5 359 9896.72
5 360 9896.72
5 361 9882.26
5 362 9882.26
5 363 9882.26
5 364 9882.26
5 365 9882.26
5 366 9703.06
5 367 9703.06
5 368 9703.06
5 369 9703.06
5 370 9703.06
5 371 9703.06
5 372 9703.06
5 373 9670.68
5 374 9670.68
5 375 9670.68
5 376 9670.68
5 377 9670.68
5 378 9658.2
5 379 9658.2
5 380 9658.2
5 381 9658.2
5 382 9658.2
5 383 9658.2
5 384 9658.2
5 385 9658.2
6 386 9658.2
6 387 9658.2
6 388 9658.2
6 389 9658.2
6 390 9658.2
6 391 9658.2
6 392 9658.2
6 393 9658.2
6 394 9658.2
6 395 9658.2
6 396 9658.2
6 397 9658.2
6 398 9658.2
6 399 9658.2
6 400 9658.2
6 401 9658.2
6 402 9658.2
6 403 9658.2
6 404 9626.53
6 405 9626.53
6 406 9626.53
6 407 9158.22
6 408 9158.22
6 409 9158.22
6 410 9158.22
6 411 9158.22
6 412 9158.22
6 413 9158.22
6 414 9158.22
6 415 9158.22
6 416 9158.22
6 417 9158.22
6 418 9158.22
6 419 9158.22
6 420 9158.22
6 421 9158.22
6 422 9158.22
6 423 9154.14
6 424 9154.14
6 425 9154.14
6 426 9149.619999999999
6 427 9149.619999999999
6 428 9149.619999999999
6 429 9149.619999999999
6 430 9149.619999999999
6 431 9149.619999999999
6 432 9149.619999999999
6 433 9149.619999999999
6 434 9149.619999999999
6 435 9149.619999999999
6 436 9148.91
6 437 9148.91
6 438 9148.91
6 439 9148.91
6 440 9148.91
6 441 9140.43
6 442 9140.43
6 443 9140.43
6 444 9140.43
6 445 9140.43
6 446 9052.43
6 447 9052.43
6 448 9052.43
6 449 9052.43
6 450 9052.43
6 451 9052.43
6 452 9052.43
6 453 9052.43
6 454 9052.43
6 455 9052.43
6 456 9052.43
6 457 9052.43
6 458 9052.43
6 459 9052.43
6 460 9052.43
6 461 9052.43
7 462 9052.43
7 463 9052.43
7 464 9052.43
7 465 9052.43
7 466 9052.43
7 467 9006.35
7 468 9006.35
7 469 9006.35
7 470 9006.35
7 471 9006.35
7 472 8966.14
7 473 8966.14
7 474 8966.14
7 475 8966.14
7 476 8870.14
7 477 8870.14
7 478 8870.14
7 479 8870.14
7 480 8870.14
7 481 8870.14
7 482 8870.14
7 483 8727.31
7 484 8727.31
7 485 8727.31
7 486 8522.51
7 487 8522.51
7 488 8522.51
7 489 8522.51
7 490 8522.51
7 491 8522.51
7 492 8522.51
7 493 8522.51
7 494 8518.539999999999
7 495 8518.539999999999
7 496 8518.539999999999
7 497 8518.539999999999
7 498 8518.539999999999
7 499 8518.539999999999
7 500 8518.539999999999
7 501 8518.539999999999
7 502 8518.539999999999
7 503 8518.539999999999
7 504 8518.539999999999
7 505 8518.539999999999
7 506 8518.539999999999
7 507 8114.0599999999995
7 508 8114.0599999999995
7 509 8114.0599999999995
7 510 8114.0599999999995
7 511 8114.0599999999995
7 512 8114.0599999999995
7 513 8114.0599999999995
7 514 8114.0599999999995
7 515 8114.0599999999995
7 516 8114.0599999999995
7 517 8114.0599999999995
7 518 8069.259999999999
7 519 8069.259999999999
7 520 8069.259999999999
7 521 8069.259999999999
7 522 8069.259999999999
7 523 8069.259999999999
7 524 8069.259999999999
7 525 8069.259999999999
7 526 8069.259999999999
7 527 8069.259999999999
7 528 8069.259999999999
7 529 8069.259999999999
7 530 8069.259999999999
7 531 8069.259999999999
7 532 8066.049999999999
7 533 8066.049999999999
7 534 8066.049999999999
7 535 8009.089999999999
7 536 8009.089999999999
8 537 8009.089999999999
8 538 8009.089999999999
8 539 8009.089999999999
8 540 8009.089999999999
8 541 8009.089999999999
8 542 8009.089999999999
8 543 8009.089999999999
8 544 8009.089999999999
8 545 8009.089999999999
8 546 8009.089999999999
8 547 8009.089999999999
8 548 8009.089999999999
8 549 8009.089999999999
8 550 8009.089999999999
8 551 8009.089999999999
8 552 8009.089999999999
8 553 8009.089999999999
8 554 8009.089999999999
8 555 8009.089999999999
8 556 8009.089999999999
8 557 8000.089999999999
8 558 8000.089999999999
8 559 8000.089999999999
8 560 8000.089999999999
8 561 8000.089999999999
8 562 8000.089999999999
8 563 8000.089999999999
8 564 8000.089999999999
8 565 8000.089999999999
8 566 8000.089999999999
8 567 8000.089999999999
8 568 8000.089999999999
8 569 8000.089999999999
8 570 8000.089999999999
8 571 8000.089999999999
8 572 8000.089999999999
8 573 8000.089999999999
8 574 8000.089999999999
8 575 8000.089999999999
8 576 8000.089999999999
8 577 8000.089999999999
8 578 7831.029999999999
8 579 7831.029999999999
8 580 7831.029999999999
8 581 7703.029999999999
8 582 7703.029999999999
8 583 7703.029999999999
8 584 7703.029999999999
8 585 7703.029999999999
8 586 7703.029999999999
8 587 7682.389999999999
8 588 7682.389999999999
8 589 7682.389999999999
8 590 7682.389999999999
8 591 7682.389999999999
8 592 7682.389999999999
8 593 7678.539999999999
8 594 7678.539999999999
8 595 7678.539999999999
8 596 7678.539999999999
8 597 7678.539999999999
8 598 7678.539999999999
8 599 7678.539999999999
8 600 7678.539999999999
8 601 7678.539999999999
8 602 7678.539999999999
8 603 7678.539999999999
8 604 7678.539999999999
8 605 7678.539999999999
8 606 7678.539999999999
8 607 7678.539999999999
8 608 7678.539999999999
8 609 7678.539999999999
8 610 7678.539999999999
8 611 7678.539999999999
8 612 7678.539999999999
8 613 7678.539999999999
8 614 7678.539999999999
8 615 7678.539999999999
8 616 7678.539999999999
8 617 7678.539999999999
8 618 7678.539999999999
9 619 7678.539999999999
9 620 7678.539999999999
9 621 7678.539999999999
9 622 7678.539999999999
9 623 7620.289999999999
9 624 7620.289999999999
9 625 7620.289999999999
9 626 7620.289999999999
9 627 7620.289999999999
9 628 7620.289999999999
9 629 7620.289999999999
9 630 7620.289999999999
9 631 7620.289999999999
9 632 7620.289999999999
9 633 7407.169999999999
9 634 7407.169999999999
9 635 7407.169999999999
9 636 7407.169999999999
9 637 7407.169999999999
9 638 7407.169999999999
9 639 7407.169999999999
9 640 7407.169999999999
9 641 7407.169999999999
9 642 7407.169999999999
9 643 7343.169999999999
9 644 7343.169999999999
9 645 7343.169999999999
9 646 7343.169999999999
9 647 7343.169999999999
9 648 7343.169999999999
9 649 7343.169999999999
9 650 7343.169999999999
9 651 7299.329999999999
9 652 7299.329999999999
9 653 7299.329999999999
9 654 7299.329999999999
9 655 7299.329999999999
9 656 7299.329999999999
9 657 7299.329999999999
9 658 7299.329999999999
9 659 7299.329999999999
9 660 7299.329999999999
9 661 7293.479999999999
9 662 7293.479999999999
9 663 7293.479999999999
9 664 7293.479999999999
9 665 7293.479999999999
9 666 7191.299999999999
9 667 7191.299999999999
9 668 7191.299999999999
9 669 7191.299999999999
9 670 7191.299999999999
9 671 7191.299999999999
9 672 7191.299999999999
9 673 7191.299999999999
9 674 7191.299999999999
9 675 7191.299999999999
9 676 7191.299999999999
9 677 7187.969999999999
9 678 7187.969999999999
9 679 7186.779999999999
9 680 7181.370000000001
9 681 7181.370000000001
9 682 7181.370000000001
9 683 7181.370000000001
9 684 7181.370000000001
9 685 7181.370000000001
9 686 7181.370000000001
9 687 7181.370000000001
9 688 7181.370000000001
9 689 7181.370000000001
9 690 7181.370000000001
9 691 7137.530000000001
9 692 7137.530000000001
9 693 7137.530000000001
9 694 7137.530000000001
9 695 7137.530000000001
9 696 7137.530000000001
9 697 7133.530000000001
9 698 7133.530000000001
9 699 7133.530000000001
10 700 7133.530000000001
10 701 7133.530000000001
10 702 7133.530000000001
10 703 7121.69
10 704 7121.69
10 705 7121.69
10 706 7121.69
10 707 7121.69
10 708 7121.69
10 709 7121.69
10 710 7121.69
10 711 7121.69
10 712 7121.69
10 713 7121.69
10 714 7121.69
10 715 6962.539999999999
10 716 6962.539999999999
10 717 6962.539999999999
10 718 6962.539999999999
10 719 6962.539999999999
10 720 6962.539999999999
10 721 6962.539999999999
10 722 6962.539999999999
10 723 6962.539999999999
10 724 6962.539999999999
10 725 6962.539999999999
10 726 6962.539999999999
10 727 6962.539999999999
10 728 6962.539999999999
10 729 6962.539999999999
10 730 6962.539999999999
10 731 6962.539999999999
10 732 6962.539999999999
10 733 6962.539999999999
10 734 6962.539999999999
10 735 6962.539999999999
10 736 6959.849999999999
10 737 6959.849999999999
10 738 6959.849999999999
10 739 6959.849999999999
10 740 6959.849999999999
10 741 6959.849999999999
10 742 6959.849999999999
10 743 6959.849999999999
10 744 6958.849999999999
10 745 6958.849999999999
10 746 6958.849999999999
10 747 6958.849999999999
10 748 6958.849999999999
10 749 6958.849999999999
10 750 6957.599999999999
10 751 6957.599999999999
10 752 6957.599999999999
10 753 6957.599999999999
10 754 6957.599999999999
10 755 6957.599999999999
10 756 6957.599999999999
10 757 6957.599999999999
10 758 6957.599999999999
10 759 6957.599999999999
10 760 6957.599999999999
10 761 6957.599999999999
10 762 6957.599999999999
10 763 6955.029999999999
10 764 6955.029999999999
10 765 6955.029999999999
10 766 6955.029999999999
10 767 6792.189999999999
10 768 6792.189999999999
10 769 6792.189999999999
10 770 6774.26
10 771 6774.26
10 772 6774.26
10 773 6774.26
10 774 6774.26
10 775 6662.71
10 776 6662.71
10 777 6662.71
10 778 6662.71
10 779 6662.71
10 780 6662.71
10 781 6662.71
10 782 6662.71
10 783 6662.71
10 784 6662.71
11 785 6358.69
11 786 6358.69
11 787 6358.69
11 788 6358.69
11 789 6358.69
11 790 6358.69
11 791 6358.69
11 792 6358.69
11 793 6358.69
11 794 6342.69
11 795 6342.69
11 796 6342.69
11 797 6342.69
11 798 6342.69
11 799 6342.69
11 800 6342.69
11 801 6342.69
11 802 6342.69
11 803 6342.69
11 804 6342.69
11 805 6342.69
11 806 6342.69
11 807 6342.69
11 808 6342.69
11 809 6342.69
11 810 6342.69
11 811 6342.69
11 812 5617.49
11 813 5617.49
11 814 5617.49
11 815 5617.49
11 816 5617.49
11 817 5617.49
11 818 5617.49
11 819 5617.49
11 820 5617.49
11 821 5617.49
11 822 5617.49
11 823 5617.49
11 824 5617.49
11 825 5577.49
11 826 5577.49
11 827 5577.49
11 828 5577.49
11 829 5553.49
11 830 5553.49
11 831 5553.49
11 832 5553.49
11 833 5553.49
11 834 5550.6
11 835 5550.6
11 836 5550.6
11 837 5550.6
11 838 5550.6
11 839 5550.6
11 840 5550.6
11 841 5550.6
11 842 5550.6
11 843 5550.6
11 844 5550.6
11 845 5550.6
11 846 5550.6
11 847 5550.6
11 848 5550.6
11 849 5550.6
11 850 5550.6
11 851 5550.6
11 852 5550.6
11 853 5550.6
11 854 5550.6
11 855 5550.6
11 856 5550.6
11 857 5095.78
11 858 5095.78
11 859 5095.78
11 860 5095.78
11 861 5095.78
11 862 5095.78
12 863 5095.78
12 864 5095.78
12 865 5095.78
12 866 5031.78
12 867 4883.78
12 868 4883.78
12 869 4883.78
12 870 4441.58
12 871 4441.58
12 872 4440.58
12 873 4435.78
12 874 4435.78
12 875 4435.78
12 876 4435.78
12 877 4435.78
12 878 4435.78
12 879 4435.78
12 880 4435.78
12 881 4435.78
12 882 4435.78
12 883 4435.78
12 884 4435.78
12 885 4435.78
12 886 4435.78
12 887 4435.78
12 888 4435.78
12 889 4435.78
12 890 4435.78
12 891 4435.78
12 892 4435.78
12 893 4435.78
12 894 4435.78
12 895 4435.78
12 896 4435.78
12 897 4435.78
12 898 4435.78
12 899 4435.78
12 900 4435.78
12 901 4435.78
12 902 4435.78
12 903 4414.5
12 904 4414.5
12 905 4414.5
12 906 4412.41
12 907 4412.41
12 908 4412.41
12 909 4412.41
12 910 4412.41
12 911 4412.41
12 912 4412.41
12 913 4412.41
12 914 4412.41
12 915 4412.41
12 916 4412.41
12 917 4371.41
12 918 4371.41
12 919 4371.41
12 920 4371.41
12 921 4371.41
12 922 4355.41
12 923 4355.41
12 924 4355.41
12 925 4355.41
12 926 4355.41
12 927 4355.41
12 928 4355.41
12 929 4355.41
12 930 4355.41
12 931 4355.41
13 932 4355.41
13 933 4355.41
13 934 4355.41
13 935 4355.41
13 936 4355.41
13 937 4355.41
13 938 4327.8099999999995
13 939 4327.8099999999995
13 940 4327.8099999999995
13 941 4327.8099999999995
13 942 4327.8099999999995
13 943 4327.8099999999995
13 944 4327.8099999999995
13 945 4327.8099999999995
13 946 4327.8099999999995
13 947 4327.8099999999995
13 948 4327.8099999999995
13 949 4327.8099999999995
13 950 4327.8099999999995
13 951 4327.8099999999995
13 952 4327.8099999999995
13 953 4327.8099999999995
13 954 4327.8099999999995
13 955 4327.8099999999995
13 956 4327.8099999999995
13 957 4327.8099999999995
13 958 4327.8099999999995
13 959 4327.8099999999995
13 960 4327.8099999999995
13 961 4327.8099999999995
13 962 4327.8099999999995
13 963 4327.8099999999995
13 964 4327.8099999999995
13 965 4327.8099999999995
13 966 4327.8099999999995
13 967 4327.8099999999995
13 968 4327.8099999999995
13 969 4162.4
13 970 4162.4
13 971 4162.4
13 972 4162.4
13 973 4146.4
13 974 4146.4
13 975 4146.4
13 976 4146.4
13 977 4146.4
13 978 4146.4
13 979 4146.4
13 980 4146.4
13 981 4104.200000000001
13 982 4104.200000000001
13 983 4104.200000000001
13 984 4104.200000000001
13 985 4104.200000000001
13 986 4104.200000000001
13 987 4104.200000000001
13 988 4104.200000000001
13 989 4104.200000000001
13 990 4041.5300000000007
13 991 4041.5300000000007
13 992 4041.5300000000007
13 993 4041.5300000000007
13 994 4041.5300000000007
13 995 4041.5300000000007
13 996 4041.5300000000007
13 997 4041.5300000000007
13 998 4041.5300000000007
13 999 4041.5300000000007
13 1000 4041.5300000000007
13 1001 4041.5300000000007
13 1002 4041.5300000000007
13 1003 4041.5300000000007
13 1004 4041.5300000000007
13 1005 4041.5300000000007
14 1006 4041.5300000000007
14 1007 4041.5300000000007
14 1008 4041.5300000000007
14 1009 4041.5300000000007
14 1010 4041.5300000000007
14 1011 4041.5300000000007
14 1012 4041.5300000000007
14 1013 4041.5300000000007
14 1014 4041.5300000000007
14 1015 4041.5300000000007
14 1016 4041.5300000000007
14 1017 4041.5300000000007
14 1018 4041.5300000000007
14 1019 4041.5300000000007
14 1020 4041.5300000000007
14 1021 3977.5300000000007
14 1022 3977.5300000000007
14 1023 3977.5300000000007
14 1024 3977.5300000000007
14 1025 3977.5300000000007
14 1026 3977.5300000000007
14 1027 3977.5300000000007
14 1028 3977.5300000000007
14 1029 3977.5300000000007
14 1030 3977.5300000000007
14 1031 3977.5300000000007
14 1032 3977.5300000000007
14 1033 3976.5300000000007
14 1034 3976.5300000000007
14 1035 3976.5300000000007
14 1036 3976.5300000000007
14 1037 3976.5300000000007
14 1038 3976.5300000000007
14 1039 3976.5300000000007
14 1040 3976.5300000000007
14 1041 3976.5300000000007
14 1042 3976.5300000000007
14 1043 3976.5300000000007
14 1044 3976.5300000000007
14 1045 3966.1800000000007
14 1046 3966.1800000000007
14 1047 3966.1800000000007
14 1048 3966.1800000000007
14 1049 3966.1800000000007
14 1050 3966.1800000000007
14 1051 3966.1800000000007
14 1052 3966.1800000000007
14 1053 3966.1800000000007
14 1054 3966.1800000000007
14 1055 3966.1800000000007
14 1056 3966.1800000000007
14 1057 3966.1800000000007
14 1058 3966.1800000000007
14 1059 3965.1800000000007
14 1060 3965.1800000000007
14 1061 3965.1800000000007
14 1062 3965.1800000000007
14 1063 3965.1800000000007
14 1064 3965.1800000000007
14 1065 3965.1800000000007
14 1066 3965.1800000000007
14 1067 3965.1800000000007
14 1068 3965.1800000000007
14 1069 3965.1800000000007
14 1070 3965.1800000000007
14 1071 3965.1800000000007
14 1072 3965.1800000000007
14 1073 3965.1800000000007
14 1074 3965.1800000000007
14 1075 3965.1800000000007
14 1076 3965.1800000000007
14 1077 3965.1800000000007
14 1078 3965.1800000000007
14 1079 3965.1800000000007
14 1080 3965.1800000000007
14 1081 3965.1800000000007
14 1082 3965.1800000000007
14 1083 3965.1800000000007
14 1084 3965.1800000000007
14 1085 3965.1800000000007
14 1086 3965.1800000000007
15 1087 3963.2700000000004
15 1088 3963.2700000000004
15 1089 3963.2700000000004
15 1090 3963.2700000000004
15 1091 3963.2700000000004
15 1092 3963.2700000000004
15 1093 3963.2700000000004
15 1094 3963.2700000000004
15 1095 3963.2700000000004
15 1096 3963.2700000000004
15 1097 3963.2700000000004
15 1098 3963.2700000000004
15 1099 3963.2700000000004
15 1100 3963.2700000000004
15 1101 3963.2700000000004
15 1102 3963.2700000000004
15 1103 3963.2700000000004
15 1104 3963.2700000000004
15 1105 3963.2700000000004
15 1106 3963.2700000000004
15 1107 3963.2700000000004
15 1108 3963.2700000000004
15 1109 3963.2700000000004
15 1110 3963.2700000000004
15 1111 3960.5000000000005
15 1112 3960.5000000000005
15 1113 3960.5000000000005
15 1114 3960.5000000000005
15 1115 3960.5000000000005
15 1116 3960.5000000000005
15 1117 3960.5000000000005
15 1118 3960.5000000000005
15 1119 3960.5000000000005
15 1120 3960.5000000000005
15 1121 3960.5000000000005
15 1122 3960.5000000000005
15 1123 3960.5000000000005
15 1124 3960.5000000000005
15 1125 3960.5000000000005
15 1126 3960.5000000000005
15 1127 3960.5000000000005
15 1128 3960.5000000000005
15 1129 3960.5000000000005
15 1130 3960.5000000000005
15 1131 3710.42
15 1132 3710.42
15 1133 3710.42
15 1134 3710.42
15 1135 3710.42
15 1136 3710.42
15 1137 3710.42
15 1138 3339.22
15 1139 3339.22
15 1140 3339.22
15 1141 3339.22
15 1142 3339.22
15 1143 3339.22
15 1144 3339.22
15 1145 3339.22
15 1146 3187.33
15 1147 3187.33
15 1148 3187.33
15 1149 3187.33
15 1150 3187.33
15 1151 3187.33
15 1152 3187.33
15 1153 3187.33
15 1154 3187.33
15 1155 3187.33
16 1156 3187.33
16 1157 3187.33
16 1158 3187.33
16 1159 3187.33
16 1160 3187.33
16 1161 3187.33
16 1162 3187.33
16 1163 3187.33
16 1164 3187.33
16 1165 2931.33
16 1166 2931.33
16 1167 2931.33
16 1168 2931.33
16 1169 2931.33
16 1170 2931.33
16 1171 2931.33
16 1172 2931.33
16 1173 2382.21
16 1174 2382.21
16 1175 2382.21
16 1176 2382.21
16 1177 2382.21
16 1178 2382.21
16 1179 2382.21
16 1180 2382.21
16 1181 2382.21
16 1182 2382.21
16 1183 2382.21
16 1184 2382.21
16 1185 2382.21
16 1186 2382.21
16 1187 2382.21
16 1188 2382.21
16 1189 2382.21
16 1190 2382.21
16 1191 2382.21
16 1192 2382.21
16 1193 2382.21
16 1194 2382.21
16 1195 2382.21
16 1196 2382.21
16 1197 2382.21
16 1198 2382.21
16 1199 2382.21
16 1200 2382.21
16 1201 2382.21
16 1202 2382.21
16 1203 2382.21
16 1204 2382.21
16 1205 2382.21
16 1206 2382.21
16 1207 2382.21
16 1208 2382.21
16 1209 2382.21
16 1210 2374.21
16 1211 2374.21
16 1212 2374.21
16 1213 2374.21
16 1214 2374.21
16 1215 2374.21
16 1216 2374.21
16 1217 2374.21
16 1218 2374.21
16 1219 2374.21
16 1220 2374.21
16 1221 2374.21
16 1222 2374.21
16 1223 2374.21
16 1224 2374.21
16 1225 2374.21
16 1226 2374.21
16 1227 2374.21
16 1228 2374.21
16 1229 2374.21
16 1230 2374.21
16 1231 2374.21
16 1232 2374.21
16 1233 2374.21
16 1234 2374.21
16 1235 2374.21
16 1236 2374.21
16 1237 2374.21
16 1238 2374.21
17 1239 2374.21
17 1240 2374.21
17 1241 2374.21
17 1242 2374.21
17 1243 2374.21
17 1244 2374.21
17 1245 2374.21
17 1246 2374.21
17 1247 2374.21
17 1248 2374.21
17 1249 2374.21
17 1250 2374.21
17 1251 2374.21
17 1252 2374.21
17 1253 2374.21
17 1254 2374.21
17 1255 2374.21
17 1256 2374.21
17 1257 2374.21
17 1258 2374.21
17 1259 2374.21
17 1260 2374.21
17 1261 2369.21
17 1262 2369.21
17 1263 2369.21
17 1264 2369.21
17 1265 2369.21
17 1266 2369.21
17 1267 2369.21
17 1268 2369.21
17 1269 2369.21
17 1270 2369.21
17 1271 2369.21
17 1272 2369.21
17 1273 2369.21
17 1274 2369.21
17 1275 2369.21
17 1276 2369.21
17 1277 2369.21
17 1278 2369.21
17 1279 2369.21
17 1280 2369.21
17 1281 2369.21
17 1282 2369.21
17 1283 2369.21
17 1284 2369.21
17 1285 2369.21
17 1286 2369.21
17 1287 2369.21
17 1288 2369.21
17 1289 2369.21
17 1290 2369.21
17 1291 2369.21
17 1292 2369.21
17 1293 2369.21
17 1294 2360.21
17 1295 2360.21
17 1296 2360.21
17 1297 2360.21
17 1298 2360.21
17 1299 2360.21
17 1300 2360.21
17 1301 2360.21
17 1302 2360.21
17 1303 2360.21
17 1304 2360.21
17 1305 2360.21
17 1306 2356.1
17 1307 2356.1
17 1308 2356.1
17 1309 2352.21
17 1310 2352.21
17 1311 2352.21
17 1312 2352.21
17 1313 2352.21
17 1314 2352.21
17 1315 2352.21
18 1316 2352.21
18 1317 2352.21
18 1318 2144.85
18 1319 2144.85
18 1320 2144.85
18 1321 2144.85
18 1322 2144.85
18 1323 2144.85
18 1324 2144.85
18 1325 2144.85
18 1326 2144.85
18 1327 2144.85
18 1328 2144.85
18 1329 2144.85
18 1330 2144.85
18 1331 2144.85
18 1332 2144.85
18 1333 2144.85
18 1334 2144.85
18 1335 2144.85
18 1336 2144.85
18 1337 2144.85
18 1338 2144.85
18 1339 2144.85
18 1340 2144.85
18 1341 2144.85
18 1342 2144.85
18 1343 2144.85
18 1344 2144.85
18 1345 2144.85
18 1346 2144.85
18 1347 2144.85
18 1348 2144.85
18 1349 2144.85
18 1350 2144.85
18 1351 2144.85
18 1352 2144.85
18 1353 2144.85
18 1354 2144.85
18 1355 2144.85
18 1356 2144.85
18 1357 2144.85
18 1358 2144.85
18 1359 2144.85
18 1360 2144.85
18 1361 2144.85
18 1362 2144.85
18 1363 2144.85
18 1364 2144.85
18 1365 2144.85
18 1366 2144.85
18 1367 2144.85
18 1368 2144.85
18 1369 2144.85
18 1370 2144.85
18 1371 2144.85
18 1372 2144.85
18 1373 2140.85
18 1374 2140.85
18 1375 2059.73
18 1376 2059.73
18 1377 2059.73
18 1378 2059.73
18 1379 2059.73
18 1380 2059.73
18 1381 2059.73
18 1382 2059.73
18 1383 2059.73
18 1384 2059.73
18 1385 2059.73
18 1386 2059.73
18 1387 2059.73
18 1388 2059.73
18 1389 2059.73
19 1390 2059.73
19 1391 2059.73
19 1392 2059.73
19 1393 2059.73
19 1394 2059.73
19 1395 2059.73
19 1396 2059.73
19 1397 2059.73
19 1398 2059.73
19 1399 2059.73
19 1400 2052.0600000000004
19 1401 2052.0600000000004
19 1402 2052.0600000000004
19 1403 2052.0600000000004
19 1404 2052.0600000000004
19 1405 2052.0600000000004
19 1406 2052.0600000000004
19 1407 2052.0600000000004
19 1408 2052.0600000000004
19 1409 2052.0600000000004
19 1410 2052.0600000000004
19 1411 2052.0600000000004
19 1412 2052.0600000000004
19 1413 2052.0600000000004
19 1414 2052.0600000000004
19 1415 2052.0600000000004
19 1416 2052.0600000000004
19 1417 2052.0600000000004
19 1418 2052.0600000000004
19 1419 2052.0600000000004
19 1420 2052.0600000000004
19 1421 2052.0600000000004
19 1422 2052.0600000000004
19 1423 2052.0600000000004
19 1424 2052.0600000000004
19 1425 2052.0600000000004
19 1426 2052.0600000000004
19 1427 2052.0600000000004
19 1428 2052.0600000000004
19 1429 2052.0600000000004
19 1430 2052.0600000000004
19 1431 2051.0600000000004
19 1432 2051.0600000000004
19 1433 2051.0600000000004
19 1434 2051.0600000000004
19 1435 2019.0600000000002
19 1436 2019.0600000000002
19 1437 2019.0600000000002
19 1438 2019.0600000000002
19 1439 2019.0600000000002
19 1440 2019.0600000000002
19 1441 2019.0600000000002
19 1442 2019.0600000000002
19 1443 2019.0600000000002
19 1444 2019.0600000000002
19 1445 2019.0600000000002
19 1446 2019.0600000000002
19 1447 2019.0600000000002
19 1448 2019.0600000000002
19 1449 2019.0600000000002
19 1450 2019.0600000000002
19 1451 2019.0600000000002
19 1452 2019.0600000000002
19 1453 2019.0600000000002
19 1454 2019.0600000000002
19 1455 2019.0600000000002
19 1456 2019.0600000000002
19 1457 2019.0600000000002
19 1458 2019.0600000000002
19 1459 2019.0600000000002
19 1460 2019.0600000000002
19 1461 2019.0600000000002
19 1462 2019.0600000000002
19 1463 2019.0600000000002
19 1464 2019.0600000000002
19 1465 2019.0600000000002
19 1466 2019.0600000000002
19 1467 2019.0600000000002
19 1468 2019.0600000000002
19 1469 2019.0600000000002
19 1470 2019.0600000000002
19 1471 2019.0600000000002
19 1472 2019.0600000000002
20 1473 2019.0600000000002
20 1474 2019.0600000000002
20 1475 2019.0600000000002
20 1476 2019.0600000000002
20 1477 2019.0600000000002
20 1478 2019.0600000000002
20 1479 2019.0600000000002
20 1480 2019.0600000000002
20 1481 2019.0600000000002
20 1482 2019.0600000000002
20 1483 2019.0600000000002
20 1484 2019.0600000000002
20 1485 2019.0600000000002
20 1486 2019.0600000000002
20 1487 2019.0600000000002
20 1488 2019.0600000000002
20 1489 2019.0600000000002
20 1490 2019.0600000000002
20 1491 2019.0600000000002
20 1492 2019.0600000000002
20 1493 2019.0600000000002
20 1494 2019.0600000000002
20 1495 2019.0600000000002
20 1496 1995.3800000000003
20 1497 1995.3800000000003
20 1498 1995.3800000000003
20 1499 1995.3800000000003
20 1500 1995.3800000000003
20 1501 1995.3800000000003
20 1502 1995.3800000000003
20 1503 1995.3800000000003
20 1504 1995.3800000000003
20 1505 1995.3800000000003
20 1506 1995.3800000000003
20 1507 1995.3800000000003
20 1508 1995.3800000000003
20 1509 1995.3800000000003
20 1510 1995.3800000000003
20 1511 1995.3800000000003
20 1512 1995.3800000000003
20 1513 1942.1299999999999
20 1514 1942.1299999999999
20 1515 1942.1299999999999
20 1516 1942.1299999999999
20 1517 1942.1299999999999
20 1518 1942.1299999999999
20 1519 1942.1299999999999
20 1520 1942.1299999999999
20 1521 1942.1299999999999
20 1522 1942.1299999999999
20 1523 1942.1299999999999
20 1524 1942.1299999999999
20 1525 1942.1299999999999
20 1526 1942.1299999999999
20 1527 1942.1299999999999
20 1528 1942.1299999999999
20 1529 1942.1299999999999
20 1530 1942.1299999999999
20 1531 1942.1299999999999
20 1532 1942.1299999999999
20 1533 1942.1299999999999
20 1534 1942.1299999999999
20 1535 1942.1299999999999
20 1536 1942.1299999999999
20 1537 1942.1299999999999
20 1538 1942.1299999999999
20 1539 1942.1299999999999
20 1540 1942.1299999999999
20 1541 1942.1299999999999
20 1542 1942.1299999999999
20 1543 1942.1299999999999
20 1544 1537.2800000000002
20 1545 1537.2800000000002
20 1546 1537.2800000000002
20 1547 1537.2800000000002
20 1548 1537.2800000000002
20 1549 1537.2800000000002
20 1550 1537.2800000000002
21 1551 1537.2800000000002
21 1552 1537.2800000000002
21 1553 1537.2800000000002
21 1554 1537.2800000000002
21 1555 1537.2800000000002
21 1556 1537.2800000000002
21 1557 1537.2800000000002
21 1558 1537.2800000000002
21 1559 1537.2800000000002
21 1560 1537.2800000000002
21 1561 1537.2800000000002
21 1562 1537.2800000000002
21 1563 1537.2800000000002
21 1564 1537.2800000000002
21 1565 1537.2800000000002
21 1566 1537.2800000000002
21 1567 1537.2800000000002
21 1568 1537.2800000000002
21 1569 1537.2800000000002
21 1570 1537.2800000000002
21 1571 1537.2800000000002
21 1572 1537.2800000000002
21 1573 1537.2800000000002
21 1574 1537.2800000000002
21 1575 1537.2800000000002
21 1576 1537.2800000000002
21 1577 1537.2800000000002
21 1578 1537.2800000000002
21 1579 1537.2800000000002
21 1580 1537.2800000000002
21 1581 1537.2800000000002
21 1582 1537.2800000000002
21 1583 1537.2800000000002
21 1584 1537.2800000000002
21 1585 1537.2800000000002
21 1586 1537.2800000000002
21 1587 1537.2800000000002
21 1588 1373.44
21 1589 1373.44
21 1590 1373.44
21 1591 1373.44
21 1592 1357.44
21 1593 1357.44
21 1594 1357.44
21 1595 1357.44
21 1596 1357.44
21 1597 1357.44
21 1598 1357.44
21 1599 1357.44
21 1600 1357.44
21 1601 1357.44
21 1602 1357.44
21 1603 1341.44
21 1604 1341.44
21 1605 1341.44
21 1606 1341.44
21 1607 1341.44
21 1608 1341.44
21 1609 1341.44
21 1610 1341.44
21 1611 1341.44
21 1612 1341.44
21 1613 1341.44
21 1614 1341.44
21 1615 1341.44
21 1616 1341.44
21 1617 1341.44
21 1618 1341.44
21 1619 1341.44
21 1620 1341.44
21 1621 1341.44
21 1622 1341.44
21 1623 1341.44
21 1624 1341.44
21 1625 1341.44
21 1626 1341.44
21 1627 1341.44
21 1628 1341.44
21 1629 1341.44
21 1630 1341.44
21 1631 1341.44
21 1632 1341.44
21 1633 1341.44
21 1634 1341.44
21 1635 1341.44
21 1636 1341.44
21 1637 1341.44
22 1638 1341.44
22 1639 1341.44
22 1640 1341.44
22 1641 1341.44
22 1642 1341.44
22 1643 1341.44
22 1644 1341.44
22 1645 1341.44
22 1646 1341.44
22 1647 1341.44
22 1648 1341.44
22 1649 1341.44
22 1650 1341.44
22 1651 1341.44
22 1652 1341.44
22 1653 1341.44
22 1654 1341.44
22 1655 1341.44
22 1656 1341.44
22 1657 1341.44
22 1658 1220.48
22 1659 1220.48
22 1660 1220.48
22 1661 1220.48
22 1662 1220.48
22 1663 1220.48
22 1664 1220.48
22 1665 1220.48
22 1666 1220.48
22 1667 1220.48
22 1668 1220.48
22 1669 1220.48
22 1670 1220.48
22 1671 1220.48
22 1672 1220.48
22 1673 1220.48
22 1674 1220.48
22 1675 1220.48
22 1676 1220.48
22 1677 1220.48
22 1678 1220.48
22 1679 1220.48
22 1680 1220.48
22 1681 1220.48
22 1682 1220.48
22 1683 1220.48
22 1684 1220.48
22 1685 1220.48
22 1686 1220.48
22 1687 1220.48
22 1688 1220.48
22 1689 1220.48
22 1690 1220.48
22 1691 1216.48
22 1692 1216.48
22 1693 1216.48
22 1694 1216.48
22 1695 1216.48
22 1696 1216.48
22 1697 1216.48
22 1698 1216.48
22 1699 1216.48
22 1700 1216.48
22 1701 1216.48
22 1702 1216.48
22 1703 1216.48
22 1704 1216.48
22 1705 1216.48
22 1706 1216.48
22 1707 1216.48
22 1708 1216.48
22 1709 1208.48
22 1710 1208.48
22 1711 1208.48
22 1712 1208.48
22 1713 1208.48
22 1714 1208.48
22 1715 1208.48
22 1716 1208.48
22 1717 1208.48
22 1718 1208.48
22 1719 1208.48
22 1720 1208.48
22 1721 1208.48
22 1722 1208.48
22 1723 1208.48
23 1724 1208.48
23 1725 1208.48
23 1726 1208.48
23 1727 1208.48
23 1728 1208.48
23 1729 1208.48
23 1730 1208.48
23 1731 1208.48
23 1732 1208.48
23 1733 1208.48
23 1734 1208.48
23 1735 1208.48
23 1736 1208.48
23 1737 1208.48
23 1738 1208.48
23 1739 1208.48
23 1740 1208.48
23 1741 1208.48
23 1742 1186.08
23 1743 1186.08
23 1744 1186.08
23 1745 1186.08
23 1746 1186.08
23 1747 1186.08
23 1748 1186.08
23 1749 1186.08
23 1750 1186.08
23 1751 1186.08
23 1752 1186.08
23 1753 1186.08
23 1754 1186.08
23 1755 1186.08
23 1756 1186.08
23 1757 1186.08
23 1758 1186.08
23 1759 1186.08
23 1760 1186.08
23 1761 1186.08
23 1762 1186.08
23 1763 1186.08
23 1764 1186.08
23 1765 1186.08
23 1766 1186.08
23 1767 1186.08
23 1768 1186.08
23 1769 1162.08
23 1770 1162.08
23 1771 1162.08
23 1772 1162.08
23 1773 1162.08
23 1774 1162.08
23 1775 1162.08
23 1776 1162.08
23 1777 1162.08
23 1778 1162.08
23 1779 1158.08
23 1780 1158.08
23 1781 1158.08
23 1782 1158.08
23 1783 1158.08
23 1784 1158.08
23 1785 1158.08
23 1786 1158.08
23 1787 1158.08
23 1788 1158.08
23 1789 1158.08
23 1790 1158.08
23 1791 1158.08
23 1792 1158.08
23 1793 1158.08
23 1794 1158.08
23 1795 1158.08
23 1796 1158.08
23 1797 1158.08
23 1798 1158.08
24 1799 1158.08
24 1800 1158.08
24 1801 1158.08
24 1802 1158.08
24 1803 1158.08
24 1804 1158.08
24 1805 1158.08
24 1806 1158.08
24 1807 1158.08
24 1808 1158.08
24 1809 1158.08
24 1810 1158.08
24 1811 1158.08
24 1812 1158.08
24 1813 1158.08
24 1814 1158.08
24 1815 1158.08
24 1816 1158.08
24 1817 1158.08
24 1818 1158.08
24 1819 1158.08
24 1820 1158.08
24 1821 1158.08
24 1822 1158.08
24 1823 1158.08
24 1824 1158.08
24 1825 1158.08
24 1826 1158.08
24 1827 1158.08
24 1828 1141.08
24 1829 1141.08
24 1830 1141.08
24 1831 1141.08
24 1832 1125.08
24 1833 1125.08
24 1834 1125.08
24 1835 1125.08
24 1836 1125.08
24 1837 1125.08
24 1838 1125.08
24 1839 1125.08
24 1840 1125.08
24 1841 1125.08
24 1842 1125.08
24 1843 1125.08
24 1844 1125.08
24 1845 1125.08
24 1846 1125.08
24 1847 1125.08
24 1848 1125.08
24 1849 1125.08
24 1850 1125.08
24 1851 1125.08
24 1852 1125.08
24 1853 1125.08
24 1854 1125.08
24 1855 1125.08
24 1856 1125.08
24 1857 1125.08
24 1858 1125.08
24 1859 1125.08
24 1860 1125.08
24 1861 1125.08
24 1862 1125.08
24 1863 1125.08
24 1864 1125.08
24 1865 1125.08
24 1866 1125.08
24 1867 1125.08
24 1868 1125.08
24 1869 1125.08
24 1870 1125.08
24 1871 1125.08
24 1872 1125.08
24 1873 1125.08
24 1874 1125.08
24 1875 1125.08
24 1876 1125.08
24 1877 1125.08
24 1878 1125.08
24 1879 1125.08
24 1880 1125.08
24 1881 1125.08
24 1882 1125.08
24 1883 1125.08
24 1884 1125.08
25 1885 1125.08
25 1886 1125.08
25 1887 1125.08
25 1888 987.3399999999999
25 1889 987.3399999999999
25 1890 987.3399999999999
25 1891 987.3399999999999
25 1892 987.3399999999999
25 1893 987.3399999999999
25 1894 987.3399999999999
25 1895 987.3399999999999
25 1896 987.3399999999999
25 1897 987.3399999999999
25 1898 987.3399999999999
25 1899 987.3399999999999
25 1900 987.3399999999999
25 1901 987.3399999999999
25 1902 987.3399999999999
25 1903 987.3399999999999
25 1904 987.3399999999999
25 1905 987.3399999999999
25 1906 987.3399999999999
25 1907 987.3399999999999
25 1908 987.3399999999999
25 1909 987.3399999999999
25 1910 987.3399999999999
25 1911 987.3399999999999
25 1912 987.3399999999999
25 1913 987.3399999999999
25 1914 987.3399999999999
25 1915 987.3399999999999
25 1916 987.3399999999999
25 1917 987.3399999999999
25 1918 987.3399999999999
25 1919 987.3399999999999
25 1920 987.3399999999999
25 1921 987.3399999999999
25 1922 987.3399999999999
25 1923 971.3399999999999
25 1924 971.3399999999999
25 1925 971.3399999999999
25 1926 971.3399999999999
25 1927 971.3399999999999
25 1928 971.3399999999999
25 1929 971.3399999999999
25 1930 971.3399999999999
25 1931 971.3399999999999
25 1932 971.3399999999999
25 1933 971.3399999999999
25 1934 971.3399999999999
25 1935 971.3399999999999
25 1936 971.3399999999999
25 1937 971.3399999999999
25 1938 971.3399999999999
25 1939 971.3399999999999
25 1940 971.3399999999999
25 1941 971.3399999999999
25 1942 971.3399999999999
25 1943 971.3399999999999
25 1944 971.3399999999999
25 1945 971.3399999999999
25 1946 907.3399999999999
25 1947 907.3399999999999
25 1948 907.3399999999999
25 1949 907.3399999999999
25 1950 907.3399999999999
25 1951 907.3399999999999
25 1952 907.3399999999999
25 1953 907.3399999999999
25 1954 907.3399999999999
25 1955 907.3399999999999
25 1956 907.3399999999999
25 1957 907.3399999999999
25 1958 907.3399999999999
25 1959 907.3399999999999
26 1960 907.3399999999999
26 1961 907.3399999999999
26 1962 907.3399999999999
26 1963 907.3399999999999
26 1964 907.3399999999999
26 1965 907.3399999999999
26 1966 907.3399999999999
26 1967 907.3399999999999
26 1968 907.3399999999999
26 1969 847.9600000000002
26 1970 847.9600000000002
26 1971 847.9600000000002
26 1972 847.9600000000002
26 1973 847.9600000000002
26 1974 847.9600000000002
26 1975 847.9600000000002
26 1976 847.9600000000002
26 1977 847.9600000000002
26 1978 847.9600000000002
26 1979 847.9600000000002
26 1980 847.9600000000002
26 1981 847.9600000000002
26 1982 847.9600000000002
26 1983 847.9600000000002
26 1984 847.9600000000002
26 1985 847.9600000000002
26 1986 847.9600000000002
26 1987 847.9600000000002
26 1988 847.9600000000002
26 1989 847.9600000000002
26 1990 847.9600000000002
26 1991 847.9600000000002
26 1992 847.9600000000002
26 1993 748.1200000000001
26 1994 748.1200000000001
26 1995 748.1200000000001
26 1996 748.1200000000001
26 1997 748.1200000000001
26 1998 748.1200000000001
26 1999 748.1200000000001
26 2000 748.1200000000001
26 2001 748.1200000000001
26 2002 748.1200000000001
26 2003 748.1200000000001
26 2004 748.1200000000001
26 2005 748.1200000000001
26 2006 748.1200000000001
26 2007 748.1200000000001
26 2008 748.1200000000001
26 2009 748.1200000000001
26 2010 748.1200000000001
26 2011 748.1200000000001
26 2012 748.1200000000001
26 2013 748.1200000000001
26 2014 748.1200000000001
26 2015 748.1200000000001
26 2016 748.1200000000001
26 2017 748.1200000000001
26 2018 748.1200000000001
26 2019 748.1200000000001
26 2020 748.1200000000001
26 2021 748.1200000000001
26 2022 748.1200000000001
26 2023 748.1200000000001
26 2024 748.1200000000001
26 2025 748.1200000000001
26 2026 748.1200000000001
26 2027 748.1200000000001
26 2028 748.1200000000001
26 2029 748.1200000000001
26 2030 748.1200000000001
26 2031 748.1200000000001
26 2032 748.1200000000001
26 2033 748.1200000000001
26 2034 748.1200000000001
26 2035 748.1200000000001
26 2036 748.1200000000001
26 2037 748.1200000000001
26 2038 748.1200000000001
26 2039 748.1200000000001
26 2040 748.1200000000001
26 2041 748.1200000000001
26 2042 748.1200000000001
26 2043 748.1200000000001
27 2044 748.1200000000001
27 2045 748.1200000000001
27 2046 748.1200000000001
27 2047 748.1200000000001
27 2048 748.1200000000001
27 2049 748.1200000000001
27 2050 748.1200000000001
27 2051 748.1200000000001
27 2052 748.1200000000001
27 2053 748.1200000000001
27 2054 748.1200000000001
27 2055 748.1200000000001
27 2056 748.1200000000001
27 2057 748.1200000000001
27 2058 748.1200000000001
27 2059 748.1200000000001
27 2060 748.1200000000001
27 2061 748.1200000000001
27 2062 748.1200000000001
27 2063 748.1200000000001
27 2064 748.1200000000001
27 2065 748.1200000000001
27 2066 748.1200000000001
27 2067 748.1200000000001
27 2068 748.1200000000001
27 2069 748.1200000000001
27 2070 748.1200000000001
27 2071 748.1200000000001
27 2072 748.1200000000001
27 2073 748.1200000000001
27 2074 748.1200000000001
27 2075 748.1200000000001
27 2076 748.1200000000001
27 2077 748.1200000000001
27 2078 748.1200000000001
27 2079 748.1200000000001
27 2080 748.1200000000001
27 2081 748.1200000000001
27 2082 748.1200000000001
27 2083 748.1200000000001
27 2084 748.1200000000001
27 2085 748.1200000000001
27 2086 748.1200000000001
27 2087 748.1200000000001
27 2088 688.1200000000001
27 2089 688.1200000000001
27 2090 688.1200000000001
27 2091 688.1200000000001
27 2092 688.1200000000001
27 2093 688.1200000000001
27 2094 688.1200000000001
27 2095 688.1200000000001
27 2096 688.1200000000001
27 2097 688.1200000000001
27 2098 688.1200000000001
27 2099 688.1200000000001
27 2100 688.1200000000001
27 2101 688.1200000000001
27 2102 688.1200000000001
27 2103 688.1200000000001
27 2104 688.1200000000001
27 2105 688.1200000000001
27 2106 688.1200000000001
27 2107 688.1200000000001
27 2108 688.1200000000001
27 2109 688.1200000000001
27 2110 688.1200000000001
27 2111 688.1200000000001
27 2112 688.1200000000001
27 2113 688.1200000000001
27 2114 688.1200000000001
27 2115 688.1200000000001
27 2116 688.1200000000001
27 2117 688.1200000000001
27 2118 688.1200000000001
27 2119 688.1200000000001
27 2120 688.1200000000001
28 2121 688.1200000000001
28 2122 688.1200000000001
28 2123 688.1200000000001
28 2124 688.1200000000001
28 2125 688.1200000000001
28 2126 688.1200000000001
28 2127 688.1200000000001
28 2128 688.1200000000001
28 2129 688.1200000000001
28 2130 688.1200000000001
28 2131 688.1200000000001
28 2132 684.1200000000001
28 2133 684.1200000000001
28 2134 684.1200000000001
28 2135 684.1200000000001
28 2136 684.1200000000001
28 2137 684.1200000000001
28 2138 684.1200000000001
28 2139 684.1200000000001
28 2140 684.1200000000001
28 2141 684.1200000000001
28 2142 684.1200000000001
28 2143 684.1200000000001
28 2144 684.1200000000001
28 2145 684.1200000000001
28 2146 684.1200000000001
28 2147 684.1200000000001
28 2148 684.1200000000001
28 2149 684.1200000000001
28 2150 684.1200000000001
28 2151 684.1200000000001
28 2152 684.1200000000001
28 2153 684.1200000000001
28 2154 684.1200000000001
28 2155 684.1200000000001
28 2156 684.1200000000001
28 2157 684.1200000000001
28 2158 684.1200000000001
28 2159 684.1200000000001
28 2160 684.1200000000001
28 2161 684.1200000000001
28 2162 684.1200000000001
28 2163 684.1200000000001
28 2164 684.1200000000001
28 2165 684.1200000000001
28 2166 684.1200000000001
28 2167 684.1200000000001
28 2168 684.1200000000001
28 2169 684.1200000000001
28 2170 684.1200000000001
28 2171 684.1200000000001
28 2172 684.1200000000001
28 2173 684.1200000000001
28 2174 684.1200000000001
28 2175 684.1200000000001
28 2176 684.1200000000001
28 2177 684.1200000000001
28 2178 684.1200000000001
28 2179 684.1200000000001
28 2180 684.1200000000001
28 2181 684.1200000000001
28 2182 684.1200000000001
28 2183 684.1200000000001
28 2184 684.1200000000001
28 2185 684.1200000000001
28 2186 684.1200000000001
28 2187 684.1200000000001
28 2188 684.1200000000001
28 2189 684.1200000000001
28 2190 684.1200000000001
28 2191 684.1200000000001
28 2192 684.1200000000001
28 2193 684.1200000000001
28 2194 684.1200000000001
28 2195 684.1200000000001
28 2196 684.1200000000001
28 2197 684.1200000000001
28 2198 684.1200000000001
28 2199 684.1200000000001
28 2200 684.1200000000001
28 2201 684.1200000000001
28 2202 684.1200000000001
28 2203 684.1200000000001
28 2204 684.1200000000001
29 2205 683.1200000000001
29 2206 683.1200000000001
29 2207 683.1200000000001
29 2208 683.1200000000001
29 2209 683.1200000000001
29 2210 683.1200000000001
29 2211 683.1200000000001
29 2212 683.1200000000001
29 2213 683.1200000000001
29 2214 683.1200000000001
29 2215 683.1200000000001
29 2216 619.1200000000001
29 2217 619.1200000000001
29 2218 619.1200000000001
29 2219 619.1200000000001
29 2220 619.1200000000001
29 2221 619.1200000000001
29 2222 619.1200000000001
29 2223 619.1200000000001
29 2224 619.1200000000001
29 2225 619.1200000000001
29 2226 619.1200000000001
29 2227 619.1200000000001
29 2228 619.1200000000001
29 2229 619.1200000000001
29 2230 619.1200000000001
29 2231 619.1200000000001
29 2232 619.1200000000001
29 2233 619.1200000000001
29 2234 619.1200000000001
29 2235 619.1200000000001
29 2236 619.1200000000001
29 2237 619.1200000000001
29 2238 619.1200000000001
29 2239 619.1200000000001
29 2240 619.1200000000001
29 2241 619.1200000000001
29 2242 619.1200000000001
29 2243 619.1200000000001
29 2244 619.1200000000001
29 2245 619.1200000000001
29 2246 619.1200000000001
29 2247 619.1200000000001
29 2248 619.1200000000001
29 2249 619.1200000000001
29 2250 619.1200000000001
29 2251 619.1200000000001
29 2252 619.1200000000001
29 2253 619.1200000000001
29 2254 619.1200000000001
29 2255 619.1200000000001
29 2256 619.1200000000001
29 2257 619.1200000000001
29 2258 619.1200000000001
29 2259 619.1200000000001
29 2260 619.1200000000001
29 2261 619.1200000000001
29 2262 619.1200000000001
29 2263 619.1200000000001
29 2264 619.1200000000001
29 2265 619.1200000000001
29 2266 619.1200000000001
29 2267 619.1200000000001
29 2268 619.1200000000001
29 2269 619.1200000000001
29 2270 619.1200000000001
29 2271 619.1200000000001
29 2272 619.1200000000001
29 2273 619.1200000000001
29 2274 619.1200000000001
29 2275 619.1200000000001
29 2276 619.1200000000001
29 2277 619.1200000000001
29 2278 619.1200000000001
29 2279 619.1200000000001
29 2280 619.1200000000001
29 2281 619.1200000000001
29 2282 619.1200000000001
29 2283 619.1200000000001
30 2284 619.1200000000001
30 2285 619.1200000000001
30 2286 618.92
30 2287 618.92
30 2288 618.92
30 2289 618.92
30 2290 618.92
30 2291 618.92
30 2292 618.92
30 2293 618.92
30 2294 618.92
30 2295 618.92
30 2296 618.92
30 2297 618.92
30 2298 618.92
30 2299 618.92
30 2300 618.92
30 2301 618.92
30 2302 618.92
30 2303 618.92
30 2304 618.92
30 2305 618.92
30 2306 618.92
30 2307 618.92
30 2308 618.92
30 2309 618.92
30 2310 618.92
30 2311 618.92
30 2312 618.92
30 2313 618.92
30 2314 618.92
30 2315 618.92
30 2316 618.92
30 2317 618.92
30 2318 618.92
30 2319 618.92
30 2320 618.92
30 2321 618.92
30 2322 618.92
30 2323 618.92
30 2324 618.92
30 2325 618.92
30 2326 618.92
30 2327 608.5200000000001
30 2328 608.5200000000001
30 2329 608.5200000000001
30 2330 608.5200000000001
30 2331 608.5200000000001
30 2332 608.5200000000001
30 2333 608.5200000000001
30 2334 608.5200000000001
30 2335 608.5200000000001
30 2336 608.5200000000001
30 2337 608.5200000000001
30 2338 608.5200000000001
30 2339 608.5200000000001
30 2340 608.5200000000001
30 2341 608.5200000000001
30 2342 608.5200000000001
30 2343 608.5200000000001
30 2344 608.5200000000001
30 2345 608.5200000000001
30 2346 608.5200000000001
30 2347 608.5200000000001
30 2348 608.5200000000001
30 2349 608.5200000000001
30 2350 608.5200000000001
30 2351 495.05
30 2352 495.05
30 2353 495.05
31 2354 495.05
31 2355 495.05
31 2356 495.05
31 2357 495.05
31 2358 495.05
31 2359 495.05
31 2360 495.05
31 2361 495.05
31 2362 495.05
31 2363 495.05
31 2364 479.04999999999995
31 2365 479.04999999999995
31 2366 479.04999999999995
31 2367 479.04999999999995
31 2368 479.04999999999995
31 2369 479.04999999999995
31 2370 479.04999999999995
31 2371 479.04999999999995
31 2372 479.04999999999995
31 2373 479.04999999999995
31 2374 479.04999999999995
31 2375 479.04999999999995
31 2376 479.04999999999995
31 2377 479.04999999999995
31 2378 479.04999999999995
31 2379 479.04999999999995
31 2380 479.04999999999995
31 2381 479.04999999999995
31 2382 479.04999999999995
31 2383 479.04999999999995
31 2384 479.04999999999995
31 2385 479.04999999999995
31 2386 479.04999999999995
31 2387 479.04999999999995
31 2388 479.04999999999995
31 2389 479.04999999999995
31 2390 479.04999999999995
31 2391 479.04999999999995
31 2392 479.04999999999995
31 2393 479.04999999999995
31 2394 479.04999999999995
31 2395 479.04999999999995
31 2396 479.04999999999995
31 2397 479.04999999999995
31 2398 479.04999999999995
31 2399 479.04999999999995
31 2400 479.04999999999995
31 2401 479.04999999999995
31 2402 444.68000000000006
31 2403 444.68000000000006
31 2404 444.68000000000006
31 2405 444.68000000000006
31 2406 444.68000000000006
31 2407 444.68000000000006
31 2408 444.68000000000006
31 2409 444.68000000000006
31 2410 444.68000000000006
31 2411 444.68000000000006
31 2412 444.68000000000006
31 2413 444.68000000000006
31 2414 444.68000000000006
31 2415 444.68000000000006
31 2416 444.68000000000006
31 2417 444.68000000000006
31 2418 444.68000000000006
31 2419 444.68000000000006
31 2420 444.68000000000006
31 2421 444.68000000000006
31 2422 444.68000000000006
31 2423 444.68000000000006
31 2424 444.68000000000006
31 2425 444.68000000000006
31 2426 444.68000000000006
31 2427 444.68000000000006
31 2428 444.68000000000006
31 2429 444.68000000000006
31 2430 444.68000000000006
31 2431 444.68000000000006
31 2432 444.68000000000006
32 2433 444.68000000000006
32 2434 444.68000000000006
32 2435 444.68000000000006
32 2436 444.68000000000006
32 2437 444.68000000000006
32 2438 444.68000000000006
32 2439 444.68000000000006
32 2440 444.68000000000006
32 2441 444.68000000000006
32 2442 444.68000000000006
32 2443 444.68000000000006
32 2444 444.68000000000006
32 2445 444.68000000000006
32 2446 444.68000000000006
32 2447 444.68000000000006
32 2448 444.68000000000006
32 2449 444.68000000000006
32 2450 444.68000000000006
32 2451 444.68000000000006
32 2452 444.68000000000006
32 2453 444.68000000000006
32 2454 444.68000000000006
32 2455 444.68000000000006
32 2456 444.68000000000006
32 2457 444.68000000000006
32 2458 444.68000000000006
32 2459 444.68000000000006
32 2460 444.68000000000006
32 2461 444.68000000000006
32 2462 444.68000000000006
32 2463 444.68000000000006
32 2464 444.68000000000006
32 2465 444.68000000000006
32 2466 444.68000000000006
32 2467 444.68000000000006
32 2468 444.68000000000006
32 2469 444.68000000000006
32 2470 444.68000000000006
32 2471 444.68000000000006
32 2472 444.68000000000006
32 2473 444.68000000000006
32 2474 444.68000000000006
32 2475 444.68000000000006
32 2476 444.68000000000006
32 2477 444.68000000000006
32 2478 444.68000000000006
32 2479 444.68000000000006
32 2480 444.68000000000006
32 2481 444.68000000000006
32 2482 444.68000000000006
32 2483 444.68000000000006
32 2484 444.68000000000006
32 2485 444.68000000000006
32 2486 444.68000000000006
32 2487 444.68000000000006
32 2488 444.68000000000006
32 2489 401.4599999999999
32 2490 401.4599999999999
32 2491 401.4599999999999
32 2492 401.4599999999999
32 2493 401.4599999999999
32 2494 401.4599999999999
33 2495 401.4599999999999
33 2496 401.4599999999999
33 2497 401.4599999999999
33 2498 401.4599999999999
33 2499 401.4599999999999
33 2500 401.4599999999999
33 2501 401.4599999999999
33 2502 401.4599999999999
33 2503 401.4599999999999
33 2504 401.4599999999999
33 2505 401.4599999999999
33 2506 373.28000000000003
33 2507 373.28000000000003
33 2508 373.28000000000003
33 2509 373.28000000000003
33 2510 373.28000000000003
33 2511 373.28000000000003
33 2512 373.28000000000003
33 2513 373.28000000000003
33 2514 373.28000000000003
33 2515 373.28000000000003
33 2516 373.28000000000003
33 2517 373.28000000000003
33 2518 373.28000000000003
33 2519 373.28000000000003
33 2520 373.28000000000003
33 2521 373.28000000000003
33 2522 373.28000000000003
33 2523 373.28000000000003
33 2524 373.28000000000003
33 2525 373.28000000000003
33 2526 373.28000000000003
33 2527 373.28000000000003
33 2528 373.28000000000003
33 2529 373.28000000000003
33 2530 373.28000000000003
33 2531 373.28000000000003
33 2532 373.28000000000003
33 2533 373.28000000000003
33 2534 373.28000000000003
33 2535 373.28000000000003
33 2536 373.28000000000003
33 2537 373.28000000000003
33 2538 373.28000000000003
33 2539 373.28000000000003
33 2540 373.28000000000003
33 2541 373.28000000000003
33 2542 373.28000000000003
33 2543 373.28000000000003
33 2544 373.28000000000003
33 2545 373.28000000000003
33 2546 373.28000000000003
33 2547 373.28000000000003
33 2548 373.28000000000003
33 2549 373.28000000000003
33 2550 373.28000000000003
33 2551 373.28000000000003
33 2552 373.28000000000003
33 2553 373.28000000000003
33 2554 373.28000000000003
33 2555 373.28000000000003
33 2556 373.28000000000003
33 2557 373.28000000000003
33 2558 373.28000000000003
33 2559 373.28000000000003
33 2560 373.28000000000003
33 2561 373.28000000000003
33 2562 373.28000000000003
34 2563 373.28000000000003
34 2564 373.28000000000003
34 2565 373.28000000000003
34 2566 373.28000000000003
34 2567 373.28000000000003
34 2568 373.28000000000003
34 2569 373.28000000000003
34 2570 373.28000000000003
34 2571 373.28000000000003
34 2572 373.28000000000003
34 2573 373.28000000000003
34 2574 373.28000000000003
34 2575 373.28000000000003
34 2576 373.28000000000003
34 2577 373.28000000000003
34 2578 373.28000000000003
34 2579 373.28000000000003
34 2580 373.28000000000003
34 2581 373.28000000000003
34 2582 373.28000000000003
34 2583 373.28000000000003
34 2584 373.28000000000003
34 2585 373.28000000000003
34 2586 373.28000000000003
34 2587 373.28000000000003
34 2588 373.28000000000003
34 2589 373.28000000000003
34 2590 373.28000000000003
34 2591 373.28000000000003
34 2592 373.28000000000003
34 2593 373.28000000000003
34 2594 373.28000000000003
34 2595 373.28000000000003
34 2596 373.28000000000003
34 2597 373.28000000000003
34 2598 373.28000000000003
34 2599 373.28000000000003
34 2600 373.28000000000003
34 2601 373.28000000000003
34 2602 373.28000000000003
34 2603 373.28000000000003
34 2604 373.28000000000003
34 2605 373.28000000000003
34 2606 373.28000000000003
34 2607 373.28000000000003
34 2608 373.28000000000003
34 2609 373.28000000000003
34 2610 373.28000000000003
34 2611 373.28000000000003
34 2612 373.28000000000003
34 2613 373.28000000000003
34 2614 373.28000000000003
34 2615 373.28000000000003
34 2616 373.28000000000003
34 2617 373.28000000000003
34 2618 373.28000000000003
34 2619 373.28000000000003
34 2620 373.28000000000003
34 2621 373.28000000000003
34 2622 373.28000000000003
34 2623 373.28000000000003
34 2624 373.28000000000003
34 2625 373.28000000000003
34 2626 373.28000000000003
34 2627 373.28000000000003
34 2628 373.28000000000003
34 2629 373.28000000000003
34 2630 373.28000000000003
34 2631 373.28000000000003
34 2632 373.28000000000003
34 2633 373.28000000000003
34 2634 373.28000000000003
34 2635 373.28000000000003
34 2636 373.28000000000003
34 2637 373.28000000000003
34 2638 373.28000000000003
34 2639 373.28000000000003
34 2640 373.28000000000003
34 2641 373.28000000000003
35 2642 373.28000000000003
35 2643 373.28000000000003
35 2644 373.28000000000003
35 2645 373.28000000000003
35 2646 373.28000000000003
35 2647 373.28000000000003
35 2648 373.28000000000003
35 2649 373.28000000000003
35 2650 373.28000000000003
35 2651 373.28000000000003
35 2652 373.28000000000003
35 2653 373.28000000000003
35 2654 373.28000000000003
35 2655 373.28000000000003
35 2656 373.28000000000003
35 2657 373.28000000000003
35 2658 373.28000000000003
35 2659 373.28000000000003
35 2660 373.28000000000003
35 2661 373.28000000000003
35 2662 373.28000000000003
35 2663 373.28000000000003
35 2664 373.28000000000003
35 2665 373.28000000000003
35 2666 373.28000000000003
35 2667 373.28000000000003
35 2668 373.28000000000003
35 2669 373.28000000000003
35 2670 373.28000000000003
35 2671 373.28000000000003
35 2672 373.28000000000003
35 2673 373.28000000000003
35 2674 373.28000000000003
35 2675 373.28000000000003
35 2676 373.28000000000003
35 2677 373.28000000000003
35 2678 373.28000000000003
35 2679 373.28000000000003
35 2680 373.28000000000003
35 2681 373.28000000000003
35 2682 373.28000000000003
35 2683 373.28000000000003
35 2684 373.28000000000003
35 2685 373.28000000000003
35 2686 373.28000000000003
35 2687 373.28000000000003
35 2688 373.28000000000003
35 2689 373.28000000000003
35 2690 373.28000000000003
35 2691 373.28000000000003
35 2692 373.28000000000003
35 2693 373.28000000000003
35 2694 373.28000000000003
35 2695 373.28000000000003
35 2696 373.28000000000003
35 2697 373.28000000000003
35 2698 373.28000000000003
35 2699 373.28000000000003
35 2700 373.28000000000003
35 2701 373.28000000000003
35 2702 373.28000000000003
35 2703 373.28000000000003
35 2704 373.28000000000003
35 2705 373.28000000000003
35 2706 373.28000000000003
35 2707 373.28000000000003
35 2708 373.28000000000003
35 2709 373.28000000000003
35 2710 373.28000000000003
35 2711 373.28000000000003
35 2712 373.28000000000003
35 2713 373.28000000000003
35 2714 373.28000000000003
35 2715 373.28000000000003
35 2716 373.28000000000003
36 2717 373.28000000000003
36 2718 373.28000000000003
36 2719 373.28000000000003
36 2720 373.28000000000003
36 2721 373.28000000000003
36 2722 373.28000000000003
36 2723 373.28000000000003
36 2724 373.28000000000003
36 2725 373.28000000000003
36 2726 373.28000000000003
36 2727 373.28000000000003
36 2728 373.28000000000003
36 2729 373.28000000000003
36 2730 373.28000000000003
36 2731 373.28000000000003
36 2732 373.28000000000003
36 2733 373.28000000000003
36 2734 373.28000000000003
36 2735 373.28000000000003
36 2736 373.28000000000003
36 2737 373.28000000000003
36 2738 373.28000000000003
36 2739 373.28000000000003
36 2740 373.28000000000003
36 2741 373.28000000000003
36 2742 373.28000000000003
36 2743 373.28000000000003
36 2744 373.28000000000003
36 2745 373.28000000000003
36 2746 373.28000000000003
36 2747 373.28000000000003
36 2748 373.28000000000003
36 2749 373.28000000000003
36 2750 373.28000000000003
36 2751 373.28000000000003
36 2752 373.28000000000003
36 2753 373.28000000000003
36 2754 373.28000000000003
36 2755 373.28000000000003
36 2756 373.28000000000003
36 2757 373.28000000000003
36 2758 373.28000000000003
36 2759 373.28000000000003
36 2760 373.28000000000003
36 2761 373.28000000000003
36 2762 373.28000000000003
36 2763 373.28000000000003
36 2764 373.28000000000003
36 2765 373.28000000000003
36 2766 373.28000000000003
36 2767 373.28000000000003
36 2768 373.28000000000003
36 2769 373.28000000000003
36 2770 373.28000000000003
36 2771 373.28000000000003
36 2772 373.28000000000003
36 2773 373.28000000000003
36 2774 373.28000000000003
36 2775 373.28000000000003
36 2776 373.28000000000003
36 2777 373.28000000000003
36 2778 373.28000000000003
36 2779 373.28000000000003
36 2780 373.28000000000003
36 2781 373.28000000000003
36 2782 373.28000000000003
36 2783 373.28000000000003
36 2784 373.28000000000003
36 2785 373.28000000000003
36 2786 373.28000000000003
36 2787 373.28000000000003
36 2788 373.28000000000003
36 2789 373.28000000000003
36 2790 373.28000000000003
36 2791 373.28000000000003
36 2792 373.28000000000003
36 2793 373.28000000000003
36 2794 373.28000000000003
36 2795 373.28000000000003
36 2796 373.28000000000003
36 2797 373.28000000000003
36 2798 373.28000000000003
37 2799 373.28000000000003
37 2800 373.28000000000003
37 2801 373.28000000000003
37 2802 373.28000000000003
37 2803 373.28000000000003
37 2804 373.28000000000003
37 2805 373.28000000000003
37 2806 373.28000000000003
37 2807 373.28000000000003
37 2808 373.28000000000003
37 2809 373.28000000000003
37 2810 373.28000000000003
37 2811 373.28000000000003
37 2812 373.28000000000003
37 2813 373.28000000000003
37 2814 373.28000000000003
37 2815 373.28000000000003
37 2816 373.28000000000003
37 2817 373.28000000000003
37 2818 373.28000000000003
37 2819 373.28000000000003
37 2820 373.28000000000003
37 2821 373.28000000000003
37 2822 373.28000000000003
37 2823 373.28000000000003
37 2824 373.28000000000003
37 2825 373.28000000000003
37 2826 373.28000000000003
37 2827 373.28000000000003
37 2828 373.28000000000003
37 2829 373.28000000000003
37 2830 373.28000000000003
37 2831 373.28000000000003
37 2832 373.28000000000003
37 2833 373.28000000000003
37 2834 373.28000000000003
37 2835 373.28000000000003
37 2836 373.28000000000003
37 2837 373.28000000000003
37 2838 373.28000000000003
37 2839 373.28000000000003
37 2840 373.28000000000003
37 2841 373.28000000000003
37 2842 373.28000000000003
37 2843 373.28000000000003
37 2844 373.28000000000003
37 2845 373.28000000000003
37 2846 373.28000000000003
37 2847 373.28000000000003
37 2848 373.28000000000003
37 2849 373.28000000000003
37 2850 373.28000000000003
37 2851 373.28000000000003
37 2852 373.28000000000003
37 2853 373.28000000000003
37 2854 373.28000000000003
37 2855 373.28000000000003
37 2856 373.28000000000003
37 2857 373.28000000000003
37 2858 373.28000000000003
37 2859 373.28000000000003
37 2860 373.28000000000003
37 2861 373.28000000000003
37 2862 373.28000000000003
37 2863 373.28000000000003
37 2864 373.28000000000003
37 2865 373.28000000000003
37 2866 373.28000000000003
37 2867 373.28000000000003
37 2868 373.28000000000003
37 2869 373.28000000000003
37 2870 373.28000000000003
37 2871 373.28000000000003
37 2872 373.28000000000003
37 2873 373.28000000000003
37 2874 373.28000000000003
37 2875 373.28000000000003
37 2876 373.28000000000003
37 2877 373.28000000000003
37 2878 373.28000000000003
38 2879 373.28000000000003
38 2880 373.28000000000003
38 2881 373.28000000000003
38 2882 373.28000000000003
38 2883 373.28000000000003
38 2884 373.28000000000003
38 2885 373.28000000000003
38 2886 373.28000000000003
38 2887 373.28000000000003
38 2888 373.28000000000003
38 2889 272.00000000000006
38 2890 272.00000000000006
38 2891 272.00000000000006
38 2892 272.00000000000006
38 2893 272.00000000000006
38 2894 272.00000000000006
38 2895 272.00000000000006
38 2896 272.00000000000006
38 2897 272.00000000000006
38 2898 272.00000000000006
38 2899 272.00000000000006
38 2900 272.00000000000006
38 2901 272.00000000000006
38 2902 272.00000000000006
38 2903 272.00000000000006
38 2904 272.00000000000006
38 2905 272.00000000000006
38 2906 272.00000000000006
38 2907 272.00000000000006
38 2908 272.00000000000006
38 2909 272.00000000000006
38 2910 272.00000000000006
38 2911 272.00000000000006
38 2912 272.00000000000006
38 2913 272.00000000000006
38 2914 272.00000000000006
38 2915 272.00000000000006
38 2916 272.00000000000006
38 2917 272.00000000000006
38 2918 272.00000000000006
38 2919 272.00000000000006
38 2920 272.00000000000006
38 2921 272.00000000000006
38 2922 272.00000000000006
38 2923 272.00000000000006
38 2924 272.00000000000006
38 2925 272.00000000000006
38 2926 272.00000000000006
38 2927 272.00000000000006
38 2928 272.00000000000006
38 2929 272.00000000000006
38 2930 272.00000000000006
38 2931 272.00000000000006
38 2932 272.00000000000006
38 2933 272.00000000000006
38 2934 272.00000000000006
38 2935 272.00000000000006
38 2936 272.00000000000006
38 2937 272.00000000000006
38 2938 272.00000000000006
38 2939 272.00000000000006
38 2940 272.00000000000006
38 2941 272.00000000000006
38 2942 272.00000000000006
38 2943 272.00000000000006
38 2944 272.00000000000006
38 2945 272.00000000000006
38 2946 272.00000000000006
38 2947 272.00000000000006
38 2948 272.00000000000006
38 2949 272.00000000000006
38 2950 272.00000000000006
39 2951 272.00000000000006
39 2952 272.00000000000006
39 2953 272.00000000000006
39 2954 272.00000000000006
39 2955 272.00000000000006
39 2956 272.00000000000006
39 2957 272.00000000000006
39 2958 272.00000000000006
39 2959 272.00000000000006
39 2960 272.00000000000006
39 2961 272.00000000000006
39 2962 272.00000000000006
39 2963 272.00000000000006
39 2964 272.00000000000006
39 2965 272.00000000000006
39 2966 272.00000000000006
39 2967 272.00000000000006
39 2968 272.00000000000006
39 2969 272.00000000000006
39 2970 272.00000000000006
39 2971 272.00000000000006
39 2972 272.00000000000006
39 2973 272.00000000000006
39 2974 272.00000000000006
39 2975 272.00000000000006
39 2976 272.00000000000006
39 2977 272.00000000000006
39 2978 272.00000000000006
39 2979 272.00000000000006
39 2980 272.00000000000006
39 2981 272.00000000000006
39 2982 272.00000000000006
39 2983 272.00000000000006
39 2984 272.00000000000006
39 2985 272.00000000000006
39 2986 272.00000000000006
39 2987 272.00000000000006
39 2988 272.00000000000006
39 2989 272.00000000000006
39 2990 272.00000000000006
39 2991 272.00000000000006
39 2992 272.00000000000006
39 2993 108.16000000000001
39 2994 108.16000000000001
39 2995 108.16000000000001
39 2996 108.16000000000001
39 2997 108.16000000000001
39 2998 108.16000000000001
39 2999 108.16000000000001
39 3000 108.16000000000001
39 3001 108.16000000000001
39 3002 108.16000000000001
39 3003 108.16000000000001
39 3004 108.16000000000001
39 3005 108.16000000000001
39 3006 108.16000000000001
39 3007 108.16000000000001
39 3008 108.16000000000001
39 3009 108.16000000000001
39 3010 108.16000000000001
39 3011 108.16000000000001
39 3012 108.16000000000001
39 3013 108.16000000000001
39 3014 108.16000000000001
39 3015 108.16000000000001
39 3016 108.16000000000001
39 3017 108.16000000000001
39 3018 108.16000000000001
39 3019 108.16000000000001
39 3020 108.16000000000001
39 3021 108.16000000000001
39 3022 108.16000000000001
39 3023 108.16000000000001
39 3024 108.16000000000001
39 3025 108.16000000000001
39 3026 108.16000000000001
39 3027 108.16000000000001
39 3028 108.16000000000001
39 3029 108.16000000000001
39 3030 108.16000000000001
39 3031 108.16000000000001
39 3032 108.16000000000001
39 3033 108.16000000000001
40 3034 108.16000000000001
40 3035 108.16000000000001
40 3036 108.16000000000001
40 3037 108.16000000000001
40 3038 108.16000000000001
40 3039 108.16000000000001
40 3040 108.16000000000001
40 3041 108.16000000000001
40 3042 108.16000000000001
40 3043 108.16000000000001
40 3044 108.16000000000001
40 3045 108.16000000000001
40 3046 108.16000000000001
40 3047 108.16000000000001
40 3048 108.16000000000001
40 3049 108.16000000000001
40 3050 108.16000000000001
40 3051 108.16000000000001
40 3052 108.16000000000001
40 3053 108.16000000000001
40 3054 108.16000000000001
40 3055 108.16000000000001
40 3056 108.16000000000001
40 3057 108.16000000000001
40 3058 108.16000000000001
40 3059 108.16000000000001
40 3060 108.16000000000001
40 3061 108.16000000000001
40 3062 108.16000000000001
40 3063 108.16000000000001
40 3064 108.16000000000001
40 3065 108.16000000000001
40 3066 108.16000000000001
40 3067 108.16000000000001
40 3068 108.16000000000001
40 3069 108.16000000000001
40 3070 108.16000000000001
40 3071 108.16000000000001
40 3072 108.16000000000001
40 3073 108.16000000000001
40 3074 108.16000000000001
40 3075 108.16000000000001
40 3076 108.16000000000001
40 3077 108.16000000000001
40 3078 108.16000000000001
40 3079 108.16000000000001
40 3080 108.16000000000001
40 3081 108.16000000000001
40 3082 108.16000000000001
40 3083 108.16000000000001
40 3084 108.16000000000001
40 3085 108.16000000000001
40 3086 108.16000000000001
40 3087 108.16000000000001
40 3088 108.16000000000001
40 3089 108.16000000000001
40 3090 108.16000000000001
40 3091 108.16000000000001
40 3092 108.16000000000001
40 3093 108.16000000000001
40 3094 108.16000000000001
40 3095 108.16000000000001
40 3096 108.16000000000001
40 3097 108.16000000000001
40 3098 108.16000000000001
40 3099 108.16000000000001
40 3100 108.16000000000001
40 3101 108.16000000000001
40 3102 108.16000000000001
40 3103 108.16000000000001
40 3104 108.16000000000001
40 3105 108.16000000000001
40 3106 108.16000000000001
40 3107 108.16000000000001
40 3108 108.16000000000001
40 3109 108.16000000000001
40 3110 108.16000000000001
40 3111 108.16000000000001
40 3112 108.16000000000001
40 3113 108.16000000000001
40 3114 108.16000000000001
40 3115 108.16000000000001
41 3116 108.16000000000001
41 3117 108.16000000000001
41 3118 108.16000000000001
41 3119 108.16000000000001
41 3120 108.16000000000001
41 3121 108.16000000000001
41 3122 108.16000000000001
41 3123 108.16000000000001
41 3124 108.16000000000001
41 3125 108.16000000000001
41 3126 108.16000000000001
41 3127 108.16000000000001
41 3128 108.16000000000001
41 3129 108.16000000000001
41 3130 108.16000000000001
41 3131 108.16000000000001
41 3132 108.16000000000001
41 3133 108.16000000000001
41 3134 108.16000000000001
41 3135 108.16000000000001
41 3136 108.16000000000001
41 3137 108.16000000000001
41 3138 108.16000000000001
41 3139 108.16000000000001
41 3140 108.16000000000001
41 3141 108.16000000000001
41 3142 108.16000000000001
41 3143 108.16000000000001
41 3144 108.16000000000001
41 3145 108.16000000000001
41 3146 108.16000000000001
41 3147 108.16000000000001
41 3148 108.16000000000001
41 3149 108.16000000000001
41 3150 108.16000000000001
41 3151 108.16000000000001
41 3152 108.16000000000001
41 3153 108.16000000000001
41 3154 108.16000000000001
41 3155 108.16000000000001
41 3156 108.16000000000001
41 3157 108.16000000000001
41 3158 108.16000000000001
41 3159 108.16000000000001
41 3160 108.16000000000001
41 3161 108.16000000000001
41 3162 108.16000000000001
41 3163 108.16000000000001
41 3164 108.16000000000001
41 3165 108.16000000000001
41 3166 108.16000000000001
41 3167 108.16000000000001
41 3168 108.16000000000001
41 3169 108.16000000000001
41 3170 108.16000000000001
41 3171 108.16000000000001
41 3172 108.16000000000001
41 3173 108.16000000000001
41 3174 108.16000000000001
41 3175 108.16000000000001
41 3176 108.16000000000001
41 3177 108.16000000000001
41 3178 108.16000000000001
41 3179 108.16000000000001
41 3180 108.16000000000001
41 3181 108.16000000000001
41 3182 108.16000000000001
41 3183 108.16000000000001
41 3184 108.16000000000001
41 3185 108.16000000000001
41 3186 108.16000000000001
41 3187 108.16000000000001
41 3188 108.16000000000001
41 3189 108.16000000000001
41 3190 108.16000000000001
41 3191 108.16000000000001
42 3192 108.16000000000001
42 3193 108.16000000000001
42 3194 108.16000000000001
42 3195 108.16000000000001
42 3196 108.16000000000001
42 3197 108.16000000000001
42 3198 108.16000000000001
42 3199 108.16000000000001
42 3200 108.16000000000001
42 3201 108.16000000000001
42 3202 108.16000000000001
42 3203 108.16000000000001
42 3204 108.16000000000001
42 3205 108.16000000000001
42 3206 108.16000000000001
42 3207 108.16000000000001
42 3208 108.16000000000001
42 3209 108.16000000000001
42 3210 108.16000000000001
42 3211 108.16000000000001
42 3212 108.16000000000001
42 3213 108.16000000000001
42 3214 108.16000000000001
42 3215 108.16000000000001
42 3216 108.16000000000001
42 3217 108.16000000000001
42 3218 108.16000000000001
42 3219 108.16000000000001
42 3220 108.16000000000001
42 3221 108.16000000000001
42 3222 108.16000000000001
42 3223 108.16000000000001
42 3224 108.16000000000001
42 3225 108.16000000000001
42 3226 108.16000000000001
42 3227 108.16000000000001
42 3228 108.16000000000001
42 3229 108.16000000000001
42 3230 108.16000000000001
42 3231 108.16000000000001
42 3232 108.16000000000001
42 3233 108.16000000000001
42 3234 108.16000000000001
42 3235 108.16000000000001
42 3236 108.16000000000001
42 3237 108.16000000000001
42 3238 108.16000000000001
42 3239 108.16000000000001
42 3240 108.16000000000001
42 3241 108.16000000000001
42 3242 108.16000000000001
42 3243 108.16000000000001
42 3244 108.16000000000001
42 3245 108.16000000000001
42 3246 108.16000000000001
42 3247 108.16000000000001
42 3248 108.16000000000001
42 3249 108.16000000000001
42 3250 108.16000000000001
42 3251 108.16000000000001
42 3252 108.16000000000001
42 3253 108.16000000000001
42 3254 108.16000000000001
42 3255 108.16000000000001
42 3256 108.16000000000001
42 3257 108.16000000000001
42 3258 108.16000000000001
42 3259 108.16000000000001
42 3260 108.16000000000001
42 3261 108.16000000000001
42 3262 108.16000000000001
42 3263 108.16000000000001
42 3264 108.16000000000001
42 3265 108.16000000000001
42 3266 108.16000000000001
43 3267 108.16000000000001
43 3268 108.16000000000001
43 3269 108.16000000000001
43 3270 108.16000000000001
43 3271 108.16000000000001
43 3272 108.16000000000001
43 3273 108.16000000000001
43 3274 108.16000000000001
43 3275 108.16000000000001
43 3276 108.16000000000001
43 3277 108.16000000000001
43 3278 108.16000000000001
43 3279 108.16000000000001
43 3280 108.16000000000001
43 3281 108.16000000000001
43 3282 108.16000000000001
43 3283 108.16000000000001
43 3284 108.16000000000001
43 3285 108.16000000000001
43 3286 108.16000000000001
43 3287 108.16000000000001
43 3288 108.16000000000001
43 3289 108.16000000000001
43 3290 108.16000000000001
43 3291 108.16000000000001
43 3292 108.16000000000001
43 3293 108.16000000000001
43 3294 108.16000000000001
43 3295 108.16000000000001
43 3296 108.16000000000001
43 3297 108.16000000000001
43 3298 108.16000000000001
43 3299 108.16000000000001
43 3300 108.16000000000001
43 3301 108.16000000000001
43 3302 108.16000000000001
43 3303 108.16000000000001
43 3304 108.16000000000001
43 3305 108.16000000000001
43 3306 108.16000000000001
43 3307 108.16000000000001
43 3308 108.16000000000001
43 3309 108.16000000000001
43 3310 108.16000000000001
43 3311 108.16000000000001
43 3312 108.16000000000001
43 3313 108.16000000000001
43 3314 108.16000000000001
43 3315 108.16000000000001
43 3316 108.16000000000001
43 3317 108.16000000000001
43 3318 108.16000000000001
43 3319 108.16000000000001
43 3320 108.16000000000001
43 3321 108.16000000000001
43 3322 108.16000000000001
43 3323 108.16000000000001
43 3324 108.16000000000001
43 3325 108.16000000000001
43 3326 108.16000000000001
43 3327 108.16000000000001
43 3328 108.16000000000001
43 3329 108.16000000000001
43 3330 108.16000000000001
43 3331 108.16000000000001
43 3332 108.16000000000001
43 3333 108.16000000000001
43 3334 108.16000000000001
43 3335 108.16000000000001
43 3336 108.16000000000001
43 3337 108.16000000000001
43 3338 108.16000000000001
43 3339 108.16000000000001
43 3340 108.16000000000001
43 3341 108.16000000000001
43 3342 108.16000000000001
43 3343 108.16000000000001
44 3344 108.16000000000001
44 3345 108.16000000000001
44 3346 108.16000000000001
44 3347 108.16000000000001
44 3348 108.16000000000001
44 3349 108.16000000000001
44 3350 108.16000000000001
44 3351 108.16000000000001
44 3352 108.16000000000001
44 3353 108.16000000000001
44 3354 108.16000000000001
44 3355 108.16000000000001
44 3356 108.16000000000001
44 3357 108.16000000000001
44 3358 108.16000000000001
44 3359 108.16000000000001
44 3360 108.16000000000001
44 3361 108.16000000000001
44 3362 108.16000000000001
44 3363 108.16000000000001
44 3364 108.16000000000001
44 3365 108.16000000000001
44 3366 108.16000000000001
44 3367 108.16000000000001
44 3368 108.16000000000001
44 3369 108.16000000000001
44 3370 108.16000000000001
44 3371 108.16000000000001
44 3372 108.16000000000001
44 3373 108.16000000000001
44 3374 108.16000000000001
44 3375 108.16000000000001
44 3376 108.16000000000001
44 3377 108.16000000000001
44 3378 108.16000000000001
44 3379 108.16000000000001
44 3380 108.16000000000001
44 3381 108.16000000000001
44 3382 108.16000000000001
44 3383 108.16000000000001
44 3384 108.16000000000001
44 3385 108.16000000000001
44 3386 108.16000000000001
44 3387 108.16000000000001
44 3388 108.16000000000001
44 3389 108.16000000000001
44 3390 108.16000000000001
44 3391 108.16000000000001
44 3392 108.16000000000001
44 3393 108.16000000000001
44 3394 108.16000000000001
44 3395 108.16000000000001
44 3396 108.16000000000001
44 3397 108.16000000000001
44 3398 108.16000000000001
44 3399 108.16000000000001
44 3400 108.16000000000001
44 3401 108.16000000000001
44 3402 108.16000000000001
44 3403 108.16000000000001
44 3404 108.16000000000001
44 3405 108.16000000000001
44 3406 108.16000000000001
44 3407 108.16000000000001
44 3408 108.16000000000001
44 3409 108.16000000000001
44 3410 108.16000000000001
44 3411 108.16000000000001
44 3412 108.16000000000001
44 3413 108.16000000000001
44 3414 108.16000000000001
44 3415 108.16000000000001
44 3416 108.16000000000001
44 3417 108.16000000000001
44 3418 108.16000000000001
44 3419 108.16000000000001
44 3420 108.16000000000001
44 3421 108.16000000000001
44 3422 108.16000000000001
44 3423 108.16000000000001
44 3424 108.16000000000001
44 3425 108.16000000000001
45 3426 108.16000000000001
45 3427 108.16000000000001
45 3428 108.16000000000001
45 3429 108.16000000000001
45 3430 108.16000000000001
45 3431 108.16000000000001
45 3432 108.16000000000001
45 3433 108.16000000000001
45 3434 108.16000000000001
45 3435 108.16000000000001
45 3436 108.16000000000001
45 3437 108.16000000000001
45 3438 108.16000000000001
45 3439 108.16000000000001
45 3440 108.16000000000001
45 3441 108.16000000000001
45 3442 108.16000000000001
45 3443 108.16000000000001
45 3444 108.16000000000001
45 3445 108.16000000000001
45 3446 108.16000000000001
45 3447 108.16000000000001
45 3448 108.16000000000001
45 3449 108.16000000000001
45 3450 108.16000000000001
45 3451 108.16000000000001
45 3452 108.16000000000001
45 3453 108.16000000000001
45 3454 108.16000000000001
45 3455 108.16000000000001
45 3456 108.16000000000001
45 3457 108.16000000000001
45 3458 108.16000000000001
45 3459 108.16000000000001
45 3460 108.16000000000001
45 3461 108.16000000000001
45 3462 108.16000000000001
45 3463 108.16000000000001
45 3464 108.16000000000001
45 3465 108.16000000000001
45 3466 108.16000000000001
45 3467 108.16000000000001
45 3468 108.16000000000001
45 3469 108.16000000000001
45 3470 108.16000000000001
45 3471 108.16000000000001
45 3472 108.16000000000001
45 3473 108.16000000000001
45 3474 108.16000000000001
45 3475 108.16000000000001
45 3476 108.16000000000001
45 3477 108.16000000000001
45 3478 108.16000000000001
45 3479 108.16000000000001
45 3480 108.16000000000001
45 3481 108.16000000000001
45 3482 108.16000000000001
45 3483 108.16000000000001
45 3484 108.16000000000001
45 3485 108.16000000000001
45 3486 108.16000000000001
45 3487 108.16000000000001
45 3488 108.16000000000001
45 3489 108.16000000000001
45 3490 108.16000000000001
45 3491 108.16000000000001
45 3492 108.16000000000001
45 3493 108.16000000000001
45 3494 108.16000000000001
45 3495 108.16000000000001
45 3496 108.16000000000001
45 3497 108.16000000000001
45 3498 108.16000000000001
45 3499 108.16000000000001
45 3500 108.16000000000001
45 3501 108.16000000000001
45 3502 108.16000000000001
45 3503 108.16000000000001
45 3504 108.16000000000001
45 3505 108.16000000000001
46 3506 108.16000000000001
46 3507 108.16000000000001
46 3508 108.16000000000001
46 3509 108.16000000000001
46 3510 108.16000000000001
46 3511 108.16000000000001
46 3512 108.16000000000001
46 3513 108.16000000000001
46 3514 108.16000000000001
46 3515 108.16000000000001
46 3516 108.16000000000001
46 3517 108.16000000000001
46 3518 108.16000000000001
46 3519 108.16000000000001
46 3520 108.16000000000001
46 3521 108.16000000000001
46 3522 108.16000000000001
46 3523 108.16000000000001
46 3524 108.16000000000001
46 3525 108.16000000000001
46 3526 108.16000000000001
46 3527 108.16000000000001
46 3528 108.16000000000001
46 3529 108.16000000000001
46 3530 108.16000000000001
46 3531 108.16000000000001
46 3532 108.16000000000001
46 3533 108.16000000000001
46 3534 108.16000000000001
46 3535 108.16000000000001
46 3536 108.16000000000001
46 3537 108.16000000000001
46 3538 108.16000000000001
46 3539 108.16000000000001
46 3540 108.16000000000001
46 3541 108.16000000000001
46 3542 108.16000000000001
46 3543 108.16000000000001
46 3544 108.16000000000001
46 3545 108.16000000000001
46 3546 108.16000000000001
46 3547 108.16000000000001
46 3548 108.16000000000001
46 3549 108.16000000000001
46 3550 108.16000000000001
46 3551 108.16000000000001
46 3552 108.16000000000001
46 3553 108.16000000000001
46 3554 108.16000000000001
46 3555 108.16000000000001
46 3556 108.16000000000001
46 3557 108.16000000000001
46 3558 108.16000000000001
46 3559 108.16000000000001
46 3560 108.16000000000001
46 3561 108.16000000000001
46 3562 108.16000000000001
46 3563 108.16000000000001
46 3564 108.16000000000001
46 3565 108.16000000000001
46 3566 108.16000000000001
46 3567 108.16000000000001
46 3568 108.16000000000001
46 3569 108.16000000000001
46 3570 108.16000000000001
46 3571 108.16000000000001
46 3572 108.16000000000001
46 3573 108.16000000000001
46 3574 108.16000000000001
46 3575 108.16000000000001
46 3576 108.16000000000001
46 3577 108.16000000000001
46 3578 108.16000000000001
46 3579 108.16000000000001
46 3580 108.16000000000001
46 3581 108.16000000000001
46 3582 108.16000000000001
46 3583 108.16000000000001
46 3584 108.16000000000001
46 3585 108.16000000000001
46 3586 108.16000000000001
46 3587 108.16000000000001
47 3588 108.16000000000001
47 3589 108.16000000000001
47 3590 108.16000000000001
47 3591 108.16000000000001
47 3592 108.16000000000001
47 3593 108.16000000000001
47 3594 108.16000000000001
47 3595 108.16000000000001
47 3596 108.16000000000001
47 3597 108.16000000000001
47 3598 108.16000000000001
47 3599 108.16000000000001
47 3600 108.16000000000001
47 3601 108.16000000000001
47 3602 108.16000000000001
47 3603 108.16000000000001
47 3604 108.16000000000001
47 3605 108.16000000000001
47 3606 108.16000000000001
47 3607 108.16000000000001
47 3608 108.16000000000001
47 3609 108.16000000000001
47 3610 108.16000000000001
47 3611 108.16000000000001
47 3612 108.16000000000001
47 3613 108.16000000000001
47 3614 108.16000000000001
47 3615 108.16000000000001
47 3616 108.16000000000001
47 3617 108.16000000000001
47 3618 108.16000000000001
47 3619 108.16000000000001
47 3620 108.16000000000001
47 3621 108.16000000000001
47 3622 108.16000000000001
47 3623 108.16000000000001
47 3624 108.16000000000001
47 3625 108.16000000000001
47 3626 108.16000000000001
47 3627 108.16000000000001
47 3628 108.16000000000001
47 3629 108.16000000000001
47 3630 108.16000000000001
47 3631 108.16000000000001
47 3632 108.16000000000001
47 3633 108.16000000000001
47 3634 108.16000000000001
47 3635 108.16000000000001
47 3636 108.16000000000001
47 3637 108.16000000000001
47 3638 108.16000000000001
47 3639 108.16000000000001
47 3640 108.16000000000001
47 3641 108.16000000000001
47 3642 108.16000000000001
47 3643 108.16000000000001
47 3644 108.16000000000001
47 3645 108.16000000000001
47 3646 108.16000000000001
47 3647 108.16000000000001
47 3648 108.16000000000001
47 3649 108.16000000000001
47 3650 108.16000000000001
47 3651 108.16000000000001
47 3652 108.16000000000001
47 3653 108.16000000000001
47 3654 108.16000000000001
47 3655 108.16000000000001
47 3656 108.16000000000001
47 3657 108.16000000000001
47 3658 108.16000000000001
47 3659 108.16000000000001
47 3660 108.16000000000001
47 3661 108.16000000000001
47 3662 108.16000000000001
47 3663 108.16000000000001
47 3664 108.16000000000001
47 3665 108.16000000000001
47 3666 108.16000000000001
47 3667 108.16000000000001
47 3668 108.16000000000001
47 3669 108.16000000000001
48 3670 108.16000000000001
48 3671 108.16000000000001
48 3672 108.16000000000001
48 3673 108.16000000000001
48 3674 108.16000000000001
48 3675 108.16000000000001
48 3676 108.16000000000001
48 3677 108.16000000000001
48 3678 108.16000000000001
48 3679 108.16000000000001
48 3680 108.16000000000001
48 3681 108.16000000000001
48 3682 108.16000000000001
48 3683 108.16000000000001
48 3684 108.16000000000001
48 3685 108.16000000000001
48 3686 108.16000000000001
48 3687 108.16000000000001
48 3688 108.16000000000001
48 3689 108.16000000000001
48 3690 108.16000000000001
48 3691 108.16000000000001
48 3692 108.16000000000001
48 3693 108.16000000000001
48 3694 108.16000000000001
48 3695 108.16000000000001
48 3696 108.16000000000001
48 3697 108.16000000000001
48 3698 108.16000000000001
48 3699 108.16000000000001
48 3700 108.16000000000001
48 3701 108.16000000000001
48 3702 108.16000000000001
48 3703 108.16000000000001
48 3704 108.16000000000001
48 3705 108.16000000000001
48 3706 108.16000000000001
48 3707 108.16000000000001
48 3708 108.16000000000001
48 3709 108.16000000000001
48 3710 108.16000000000001
48 3711 108.16000000000001
48 3712 108.16000000000001
48 3713 108.16000000000001
48 3714 108.16000000000001
48 3715 108.16000000000001
48 3716 108.16000000000001
48 3717 108.16000000000001
48 3718 108.16000000000001
48 3719 108.16000000000001
48 3720 108.16000000000001
48 3721 108.16000000000001
48 3722 108.16000000000001
48 3723 108.16000000000001
48 3724 108.16000000000001
48 3725 108.16000000000001
48 3726 108.16000000000001
48 3727 108.16000000000001
48 3728 108.16000000000001
48 3729 108.16000000000001
48 3730 108.16000000000001
48 3731 108.16000000000001
48 3732 108.16000000000001
48 3733 108.16000000000001
48 3734 108.16000000000001
48 3735 108.16000000000001
48 3736 108.16000000000001
48 3737 108.16000000000001
48 3738 108.16000000000001
48 3739 108.16000000000001
48 3740 108.16000000000001
48 3741 108.16000000000001
48 3742 108.16000000000001
48 3743 108.16000000000001
48 3744 108.16000000000001
48 3745 108.16000000000001
48 3746 108.16000000000001
48 3747 108.16000000000001
48 3748 108.16000000000001
48 3749 108.16000000000001
49 3750 108.16000000000001
49 3751 108.16000000000001
49 3752 108.16000000000001
49 3753 108.16000000000001
49 3754 108.16000000000001
49 3755 108.16000000000001
49 3756 108.16000000000001
49 3757 108.16000000000001
49 3758 108.16000000000001
49 3759 108.16000000000001
49 3760 108.16000000000001
49 3761 108.16000000000001
49 3762 108.16000000000001
49 3763 108.16000000000001
49 3764 108.16000000000001
49 3765 108.16000000000001
49 3766 108.16000000000001
49 3767 108.16000000000001
49 3768 108.16000000000001
49 3769 108.16000000000001
49 3770 108.16000000000001
49 3771 108.16000000000001
49 3772 108.16000000000001
49 3773 108.16000000000001
49 3774 108.16000000000001
49 3775 108.16000000000001
49 3776 108.16000000000001
49 3777 108.16000000000001
49 3778 108.16000000000001
49 3779 108.16000000000001
49 3780 108.16000000000001
49 3781 108.16000000000001
49 3782 108.16000000000001
49 3783 108.16000000000001
49 3784 108.16000000000001
49 3785 108.16000000000001
49 3786 108.16000000000001
49 3787 108.16000000000001
49 3788 108.16000000000001
49 3789 108.16000000000001
49 3790 108.16000000000001
49 3791 108.16000000000001
49 3792 108.16000000000001
49 3793 108.16000000000001
49 3794 108.16000000000001
49 3795 108.16000000000001
49 3796 108.16000000000001
49 3797 108.16000000000001
49 3798 108.16000000000001
49 3799 108.16000000000001
49 3800 108.16000000000001
49 3801 108.16000000000001
49 3802 108.16000000000001
49 3803 108.16000000000001
49 3804 108.16000000000001
49 3805 108.16000000000001
49 3806 108.16000000000001
49 3807 108.16000000000001
49 3808 108.16000000000001
49 3809 108.16000000000001
49 3810 108.16000000000001
49 3811 108.16000000000001
49 3812 108.16000000000001
49 3813 108.16000000000001
49 3814 108.16000000000001
49 3815 108.16000000000001
49 3816 108.16000000000001
49 3817 108.16000000000001
49 3818 108.16000000000001
49 3819 108.16000000000001
49 3820 108.16000000000001
49 3821 108.16000000000001
49 3822 108.16000000000001
49 3823 108.16000000000001
49 3824 108.16000000000001
49 3825 108.16000000000001
49 3826 108.16000000000001
49 3827 108.16000000000001
49 3828 108.16000000000001
49 3829 108.16000000000001
50 3830 108.16000000000001
50 3831 108.16000000000001
50 3832 108.16000000000001
50 3833 108.16000000000001
50 3834 108.16000000000001
50 3835 108.16000000000001
50 3836 108.16000000000001
50 3837 108.16000000000001
50 3838 108.16000000000001
50 3839 108.16000000000001
50 3840 108.16000000000001
50 3841 108.16000000000001
50 3842 108.16000000000001
50 3843 108.16000000000001
50 3844 108.16000000000001
50 3845 108.16000000000001
50 3846 108.16000000000001
50 3847 108.16000000000001
50 3848 108.16000000000001
50 3849 108.16000000000001
50 3850 108.16000000000001
50 3851 108.16000000000001
50 3852 108.16000000000001
50 3853 108.16000000000001
50 3854 108.16000000000001
50 3855 108.16000000000001
50 3856 108.16000000000001
50 3857 108.16000000000001
50 3858 1.0
50 3859 1.0
50 3860 1.0
50 3861 1.0
50 3862 1.0
50 3863 1.0
50 3864 1.0
50 3865 1.0
50 3866 1.0
50 3867 1.0
50 3868 1.0
50 3869 1.0
50 3870 0.0
