0 1 31777.369999999995
0 2 27666.260000000002
1 3 27666.260000000002
1 4 27666.260000000002
1 5 24109.05
1 6 19892.39
1 7 19892.39
1 8 19892.39
1 9 19363.75
1 10 19363.75
1 11 19283.030000000002
1 12 19283.030000000002
1 13 19283.030000000002
1 14 19249.670000000002
1 15 19249.670000000002
1 16 19249.670000000002
1 17 19249.670000000002
1 18 19249.670000000002
1 19 19249.670000000002
1 20 19249.670000000002
1 21 19014.149999999998
1 22 19014.149999999998
1 23 19014.149999999998
1 24 18765.829999999998
1 25 18765.829999999998
1 26 18765.829999999998
1 27 18765.829999999998
1 28 18765.829999999998
1 29 18765.829999999998
1 30 18765.829999999998
1 31 18765.829999999998
1 32 18765.829999999998
1 33 18765.829999999998
1 34 18765.829999999998
1 35 18765.829999999998
1 36 18765.829999999998
1 37 18333.19
1 38 18333.19
1 39 18333.19
1 40 18333.19
1 41 17275.27
1 42 17275.27
1 43 17275.27
1 44 17275.27
1 45 17275.27
1 46 17275.27
1 47 17275.27
1 48 17267.59
1 49 17267.59
1 50 17035.59
1 51 17035.59
1 52 17035.59
1 53 17035.59
1 54 17035.59
1 55 17035.59
1 56 17035.59
1 57 17035.59
1 58 17035.59
1 59 17035.59
1 60 17035.59
1 61 17035.59
1 62 17035.59
1 63 17007.03
2 64 17007.03
2 65 17007.03
2 66 17007.03
2 67 17007.03
2 68 17007.03
2 69 17007.03
2 70 17007.03
2 71 17007.03
2 72 16593.59
2 73 16593.59
2 74 16593.59
2 75 16593.59
2 76 16593.59
2 77 16593.59
2 78 16593.59
2 79 16593.59
2 80 16593.59
2 81 16580.39
2 82 16580.39
2 83 16468.15
2 84 16468.15
2 85 16468.15
2 86 16468.15
2 87 16468.15
2 88 16468.15
2 89 16468.15
2 90 16464.82
2 91 16464.82
2 92 16464.82
2 93 16464.82
2 94 16464.82
2 95 16464.82
2 96 16464.82
2 97 16464.82
2 98 16464.82
2 99 16464.82
2 100 16464.82
2 101 16464.82
2 102 16443.06
2 103 16443.06
2 104 16443.06
2 105 16443.06
2 106 16443.06
2 107 16187.06
2 108 16187.06
2 109 16187.06
2 110 16187.06
2 111 16187.06
2 112 16187.06
2 113 14443.899999999998
2 114 14443.899999999998
2 115 14443.899999999998
2 116 14443.899999999998
2 117 14443.899999999998
2 118 14443.899999999998
2 119 14443.899999999998
2 120 14443.899999999998
2 121 14443.899999999998
2 122 14419.899999999998
2 123 14419.899999999998
2 124 14419.899999999998
2 125 14419.899999999998
2 126 14419.899999999998
2 127 14078.46
2 128 14078.46
2 129 14078.46
2 130 14078.46
2 131 14078.46
2 132 14078.46
2 133 14078.46
3 134 14078.46
3 135 14055.739999999998
3 136 14055.739999999998
3 137 14055.739999999998
3 138 14055.739999999998
3 139 14055.739999999998
3 140 14030.779999999999
3 141 14030.779999999999
3 142 14022.899999999998
3 143 14022.899999999998
3 144 14022.899999999998
3 145 14022.899999999998
3 146 14022.899999999998
3 147 14022.899999999998
3 148 14022.899999999998
3 149 14022.899999999998
3 150 14022.899999999998
3 151 14022.899999999998
3 152 14022.899999999998
3 153 14022.899999999998
3 154 14022.899999999998
3 155 14022.899999999998
3 156 14022.899999999998
3 157 14022.899999999998
3 158 14022.899999999998
3 159 14022.899999999998
3 160 14022.899999999998
3 161 13683.12
3 162 13683.12
3 163 13683.12
3 164 13680.87
3 165 13680.87
3 166 13406.64
3 167 13171.22
3 168 13171.22
3 169 13171.22
3 170 13171.22
3 171 13171.22
3 172 13133.939999999999
3 173 13133.939999999999
3 174 13133.939999999999
3 175 13133.939999999999
3 176 13133.939999999999
3 177 13133.939999999999
3 178 13133.939999999999
3 179 13133.939999999999
3 180 13133.939999999999
3 181 13133.939999999999
3 182 13133.939999999999
3 183 13133.939999999999
3 184 13133.939999999999
3 185 13133.939999999999
3 186 13133.939999999999
3 187 13123.3
3 188 13123.3
3 189 13123.3
3 190 13123.3
3 191 13123.3
3 192 13123.3
3 193 13123.3
3 194 13123.3
3 195 13123.3
3 196 13123.3
3 197 13123.3
3 198 12918.5
3 199 12687.31
3 200 12687.31
3 201 12687.31
3 202 12687.31
3 203 12687.31
3 204 12687.31
3 205 12687.31
3 206 12680.03
3 207 12680.03
3 208 11551.230000000001
3 209 11551.230000000001
3 210 11551.230000000001
3 211 11372.03
3 212 11372.03
3 213 11372.03
3 214 11372.03
3 215 11372.03
3 216 11372.03
3 217 11372.03
4 218 11372.03
4 219 11363.03
4 220 11363.03
4 221 11363.03
4 222 11363.03
4 223 11363.03
4 224 11339.590000000002
4 225 11339.590000000002
4 226 11339.590000000002
4 227 11339.590000000002
4 228 11339.590000000002
4 229 11339.590000000002
4 230 11339.590000000002
4 231 11339.590000000002
4 232 11339.590000000002
4 233 11339.590000000002
4 234 11339.590000000002
4 235 11339.590000000002
4 236 11339.590000000002
4 237 11339.590000000002
4 238 11339.590000000002
4 239 11315.590000000002
4 240 11315.590000000002
4 241 11315.590000000002
4 242 11315.590000000002
4 243 11315.590000000002
4 244 11315.590000000002
4 245 11315.590000000002
4 246 11315.590000000002
4 247 11315.590000000002
4 248 11315.590000000002
4 249 11315.590000000002
4 250 11315.590000000002
4 251 11315.590000000002
4 252 11315.590000000002
4 253 11315.590000000002
4 254 11315.590000000002
4 255 11313.510000000002
4 256 11313.510000000002
4 257 11313.510000000002
4 258 11313.510000000002
4 259 11313.510000000002
4 260 11313.510000000002
4 261 11313.510000000002
4 262 11313.510000000002
4 263 11313.510000000002
4 264 11313.510000000002
4 265 11284.390000000003
4 266 11284.390000000003
4 267 11284.390000000003
4 268 11216.940000000002
4 269 11216.940000000002
4 270 11216.940000000002
4 271 11216.940000000002
4 272 11216.940000000002
4 273 11216.940000000002
4 274 11216.940000000002
4 275 11216.940000000002
4 276 11216.940000000002
4 277 11216.940000000002
4 278 11216.940000000002
4 279 11197.250000000002
4 280 11197.250000000002
4 281 11197.250000000002
4 282 11197.250000000002
4 283 11197.250000000002
4 284 11197.250000000002
4 285 11197.250000000002
4 286 11197.250000000002
4 287 11095.810000000001
4 288 11095.810000000001
4 289 11095.810000000001
4 290 11095.810000000001
4 291 11095.810000000001
5 292 11095.810000000001
5 293 11095.810000000001
5 294 11095.810000000001
5 295 11095.810000000001
5 296 11095.810000000001
5 297 11095.810000000001
5 298 11064.45
5 299 11064.45
5 300 11064.45
5 301 11064.45
5 302 11064.45
5 303 11064.45
5 304 11064.45
5 305 11064.45
5 306 10992.73
5 307 10992.73
5 308 10992.73
5 309 10992.73
5 310 10992.73
5 311 10992.73
5 312 10992.73
5 313 10992.73
5 314 10992.73
5 315 10992.73
5 316 10992.73
5 317 10816.73
5 318 10816.73
5 319 10816.73
5 320 10816.73
5 321 10816.73
5 322 10816.73
5 323 10816.73
5 324 10816.73
5 325 10816.73
5 326 10816.73
5 327 10816.73
5 328 10816.73
5 329 10816.73
5 330 10816.73
5 331 10816.73
5 332 10813.999999999998
5 333 10813.999999999998
5 334 10813.999999999998
5 335 10813.999999999998
5 336 10813.999999999998
5 337 10813.999999999998
5 338 10813.999999999998
5 339 10813.999999999998
5 340 10813.999999999998
5 341 10811.669999999998
5 342 10811.669999999998
5 343 10811.669999999998
5 344 10811.669999999998
5 345 10811.669999999998
5 346 10811.669999999998
5 347 10811.669999999998
5 348 10811.669999999998
5 349 10811.669999999998
5 350 10774.07
5 351 10774.07
5 352 10774.07
5 353 10774.07
5 354 10774.07
5 355 10774.07
5 356 10663.99
5 357 10663.99
5 358 10663.99
6 359 10663.99
6 360 10663.99
6 361 10431.029999999999
6 362 10431.029999999999
6 363 10431.029999999999
6 364 10431.029999999999
6 365 10431.029999999999
6 366 10431.029999999999
6 367 10431.029999999999
6 368 10431.029999999999
6 369 9771.539999999999
6 370 9771.539999999999
6 371 9771.539999999999
6 372 9771.539999999999
6 373 9771.539999999999
6 374 9771.539999999999
6 375 9771.539999999999
6 376 9669.14
6 377 9669.14
6 378 9669.14
6 379 9669.14
6 380 9669.14
6 381 9669.14
6 382 9669.14
6 383 9669.14
6 384 9669.14
6 385 9669.14
6 386 9624.38
6 387 9624.38
6 388 9624.38
6 389 9624.38
6 390 9624.38
6 391 9624.38
6 392 9624.38
6 393 9624.38
6 394 9624.38
6 395 9624.38
6 396 9624.38
6 397 9624.38
6 398 9624.38
6 399 9624.38
6 400 9417.910000000002
6 401 9417.910000000002
6 402 9414.460000000001
6 403 9414.460000000001
6 404 9414.460000000001
6 405 9414.460000000001
6 406 9414.460000000001
6 407 9414.460000000001
6 408 9414.460000000001
6 409 9407.35
6 410 9372.859999999999
6 411 9372.859999999999
6 412 9372.859999999999
6 413 9372.859999999999
6 414 9340.859999999999
6 415 9340.859999999999
6 416 9337.66
6 417 9337.66
6 418 9337.66
6 419 9337.66
6 420 8956.76
6 421 8956.76
6 422 8956.76
6 423 8956.76
6 424 8956.76
6 425 8956.76
6 426 8956.76
6 427 8956.76
6 428 8956.76
6 429 8956.76
7 430 8956.76
7 431 8956.76
7 432 8956.76
7 433 8956.76
7 434 8956.76
7 435 8956.76
7 436 8956.76
7 437 8956.76
7 438 8956.76
7 439 8956.76
7 440 8645.019999999999
7 441 8645.019999999999
7 442 8579.16
7 443 8579.16
7 444 8579.16
7 445 8579.16
7 446 8579.16
7 447 8579.16
7 448 8579.16
7 449 8579.16
7 450 8579.16
7 451 8575.95
7 452 8575.95
7 453 8575.95
7 454 8575.95
7 455 8575.95
7 456 8575.95
7 457 8575.95
7 458 8575.95
7 459 8575.95
7 460 8575.95
7 461 8481.179999999998
7 462 8481.179999999998
7 463 8481.179999999998
7 464 8417.710000000001
7 465 8417.710000000001
7 466 8417.710000000001
7 467 8414.94
7 468 8414.94
7 469 8353.710000000001
7 470 8353.710000000001
7 471 8353.710000000001
7 472 8353.710000000001
7 473 8353.710000000001
7 474 8353.710000000001
7 475 8353.710000000001
7 476 8353.710000000001
7 477 8159.790000000001
7 478 8159.790000000001
7 479 8159.790000000001
7 480 8159.790000000001
7 481 8149.1500000000015
7 482 8149.1500000000015
7 483 8149.1500000000015
7 484 8149.1500000000015
7 485 8149.1500000000015
7 486 8149.1500000000015
7 487 8149.1500000000015
7 488 8149.1500000000015
7 489 8149.1500000000015
7 490 8149.1500000000015
7 491 8149.1500000000015
7 492 8149.1500000000015
7 493 8149.1500000000015
7 494 8149.1500000000015
7 495 8149.1500000000015
7 496 8149.1500000000015
7 497 8149.1500000000015
7 498 8149.1500000000015
7 499 8124.670000000002
7 500 8124.670000000002
7 501 8124.670000000002
7 502 8124.670000000002
7 503 8124.670000000002
7 504 8124.670000000002
7 505 8124.670000000002
7 506 8124.670000000002
7 507 8124.670000000002
7 508 8124.670000000002
8 509 8124.670000000002
8 510 8124.670000000002
8 511 8124.670000000002
8 512 8124.670000000002
8 513 7959.260000000002
8 514 7959.260000000002
8 515 7959.260000000002
8 516 7959.260000000002
8 517 7959.260000000002
8 518 7959.260000000002
8 519 7959.260000000002
8 520 7959.260000000002
8 521 7959.260000000002
8 522 7959.260000000002
8 523 7959.260000000002
8 524 7959.260000000002
8 525 7897.420000000001
8 526 7897.420000000001
8 527 7897.420000000001
8 528 7897.420000000001
8 529 7897.420000000001
8 530 7897.420000000001
8 531 7897.420000000001
8 532 7897.420000000001
8 533 7897.420000000001
8 534 7897.420000000001
8 535 7897.420000000001
8 536 7897.420000000001
8 537 7897.420000000001
8 538 7897.420000000001
8 539 7897.420000000001
8 540 7897.420000000001
8 541 7897.420000000001
8 542 7897.420000000001
8 543 7897.420000000001
8 544 7897.420000000001
8 545 7897.420000000001
8 546 7897.420000000001
8 547 7877.420000000001
8 548 7877.420000000001
8 549 7877.420000000001
8 550 7877.420000000001
8 551 7871.780000000001
8 552 7871.780000000001
8 553 7871.780000000001
8 554 7871.780000000001
8 555 7871.780000000001
8 556 7871.780000000001
8 557 7750.300000000001
8 558 7750.300000000001
8 559 7750.300000000001
8 560 7750.300000000001
8 561 7750.300000000001
8 562 7750.300000000001
8 563 7750.300000000001
8 564 7750.300000000001
8 565 7750.300000000001
8 566 7750.300000000001
8 567 7750.300000000001
8 568 7750.300000000001
8 569 7750.300000000001
8 570 7750.300000000001
8 571 7750.300000000001
8 572 7750.300000000001
8 573 7750.300000000001
8 574 7653.620000000001
8 575 7270.910000000001
8 576 7270.910000000001
8 577 7270.910000000001
8 578 7270.910000000001
8 579 7270.910000000001
8 580 7270.910000000001
9 581 7270.910000000001
9 582 7270.910000000001
9 583 7270.910000000001
9 584 7270.910000000001
9 585 7270.910000000001
9 586 7270.910000000001
9 587 7270.910000000001
9 588 7270.910000000001
9 589 7270.910000000001
9 590 7245.700000000001
9 591 7245.700000000001
9 592 7245.700000000001
9 593 7245.700000000001
9 594 7245.700000000001
9 595 7245.700000000001
9 596 7245.700000000001
9 597 7245.700000000001
9 598 7245.700000000001
9 599 7245.700000000001
9 600 7245.700000000001
9 601 7245.700000000001
9 602 7240.540000000001
9 603 7181.700000000001
9 604 7181.700000000001
9 605 7181.700000000001
9 606 7181.700000000001
9 607 7181.700000000001
9 608 7181.700000000001
9 609 7181.700000000001
9 610 7181.700000000001
9 611 7181.700000000001
9 612 7181.700000000001
9 613 7181.700000000001
9 614 7181.700000000001
9 615 7181.700000000001
9 616 7181.700000000001
9 617 7181.700000000001
9 618 7181.700000000001
9 619 7109.490000000001
9 620 7109.490000000001
9 621 7109.490000000001
9 622 7109.490000000001
9 623 7109.490000000001
9 624 7109.490000000001
9 625 7109.490000000001
9 626 7109.490000000001
9 627 7109.490000000001
9 628 7109.490000000001
9 629 7108.21
9 630 7108.21
9 631 7108.21
9 632 7095.3
9 633 7095.3
9 634 7095.3
9 635 7095.3
9 636 7095.3
9 637 7095.3
9 638 7095.3
9 639 7095.3
9 640 7095.3
9 641 7095.3
9 642 7095.3
9 643 7095.3
9 644 7095.3
9 645 7095.3
9 646 7095.3
9 647 7095.3
9 648 7095.3
9 649 7095.3
9 650 7095.3
9 651 7095.3
9 652 7095.3
9 653 7095.3
10 654 7095.3
10 655 7095.3
10 656 7095.3
10 657 7095.3
10 658 7095.3
10 659 7095.3
10 660 7095.3
10 661 7095.3
10 662 7095.3
10 663 7084.21
10 664 7082.3
10 665 7082.3
10 666 7082.3
10 667 6721.5
10 668 6721.5
10 669 6721.5
10 670 6721.5
10 671 6721.5
10 672 6721.5
10 673 6721.5
10 674 6557.659999999998
10 675 6557.659999999998
10 676 6557.659999999998
10 677 6557.659999999998
10 678 6557.659999999998
10 679 6557.659999999998
10 680 6049.970000000001
10 681 6049.970000000001
10 682 6049.970000000001
10 683 6049.970000000001
10 684 6049.970000000001
10 685 6049.970000000001
10 686 6049.970000000001
10 687 6049.970000000001
10 688 6049.970000000001
10 689 6049.970000000001
10 690 6049.970000000001
10 691 6049.970000000001
10 692 6049.970000000001
10 693 6049.970000000001
10 694 6049.970000000001
10 695 6049.970000000001
10 696 6049.970000000001
10 697 6049.970000000001
10 698 6049.970000000001
10 699 6049.970000000001
10 700 6049.970000000001
10 701 6049.970000000001
10 702 6049.970000000001
10 703 6049.970000000001
10 704 6049.970000000001
10 705 6049.970000000001
10 706 6049.970000000001
10 707 6049.970000000001
10 708 6049.970000000001
10 709 6049.970000000001
10 710 6049.970000000001
10 711 6049.970000000001
10 712 6049.970000000001
10 713 6049.970000000001
10 714 6049.970000000001
10 715 6049.970000000001
10 716 6049.970000000001
10 717 6049.970000000001
10 718 6049.970000000001
10 719 6049.970000000001
10 720 6049.970000000001
10 721 6049.970000000001
10 722 6049.970000000001
10 723 6049.970000000001
10 724 6049.970000000001
10 725 6049.970000000001
10 726 6049.970000000001
10 727 6049.970000000001
10 728 6049.970000000001
10 729 6049.970000000001
10 730 6049.970000000001
10 731 6049.970000000001
10 732 6030.77
10 733 6030.77
11 734 6030.77
11 735 6030.77
11 736 6030.77
11 737 6023.09
11 738 6023.09
11 739 6023.09
11 740 6023.09
11 741 6023.09
11 742 6023.09
11 743 6023.09
11 744 6023.09
11 745 6023.09
11 746 6023.09
11 747 6023.09
11 748 6023.09
11 749 6023.09
11 750 6023.09
11 751 6023.09
11 752 6023.09
11 753 6023.09
11 754 6023.09
11 755 6023.09
11 756 6023.09
11 757 5990.450000000001
11 758 5990.450000000001
11 759 5990.450000000001
11 760 5985.570000000001
11 761 5985.570000000001
11 762 5982.600000000001
11 763 5959.090000000001
11 764 5959.090000000001
11 765 5879.56
11 766 5879.56
11 767 5879.56
11 768 5879.56
11 769 5879.56
11 770 5601.17
11 771 5601.17
11 772 5369.17
11 773 5369.17
11 774 5369.17
11 775 5369.17
11 776 5369.17
11 777 5369.17
11 778 5369.17
11 779 5369.17
11 780 5369.17
11 781 5369.17
11 782 5369.17
11 783 5369.17
11 784 5369.17
11 785 5369.17
11 786 5369.17
11 787 5369.17
11 788 5369.17
11 789 5369.17
11 790 5369.17
11 791 5369.17
11 792 5369.17
11 793 5369.17
11 794 5187.33
11 795 5187.33
11 796 5187.33
11 797 5187.33
11 798 5187.33
12 799 5187.33
12 800 5187.33
12 801 5187.33
12 802 5187.33
12 803 5178.21
12 804 5178.21
12 805 5178.21
12 806 5178.21
12 807 5178.21
12 808 5178.21
12 809 5178.21
12 810 5178.21
12 811 5178.21
12 812 5178.21
12 813 5178.21
12 814 5178.21
12 815 5178.21
12 816 5178.21
12 817 5178.21
12 818 5178.21
12 819 5177.21
12 820 5177.21
12 821 5177.21
12 822 5177.21
12 823 5097.21
12 824 5097.21
12 825 5097.21
12 826 5097.21
12 827 5093.13
12 828 5093.13
12 829 5093.13
12 830 5093.13
12 831 5093.13
12 832 5093.13
12 833 5093.13
12 834 5093.13
12 835 5093.13
12 836 5093.13
12 837 5093.13
12 838 5093.13
12 839 5088.13
12 840 5088.13
12 841 5088.13
12 842 5088.13
12 843 5088.13
12 844 5088.13
12 845 5088.13
12 846 5088.13
12 847 5088.13
12 848 5088.13
12 849 5088.13
12 850 4941.22
12 851 4941.22
12 852 4941.22
12 853 4941.22
12 854 4941.22
12 855 4941.22
12 856 4941.22
12 857 4941.22
12 858 4941.22
12 859 4941.22
12 860 4941.22
12 861 4941.22
12 862 4941.22
12 863 4920.81
12 864 4920.81
12 865 4920.81
12 866 4920.81
12 867 4920.81
12 868 4911.610000000001
12 869 4911.610000000001
12 870 4911.610000000001
12 871 4911.610000000001
12 872 4877.860000000001
12 873 4597.7699999999995
12 874 4597.7699999999995
12 875 4432.7699999999995
12 876 4432.7699999999995
12 877 4432.7699999999995
12 878 4432.7699999999995
13 879 4432.7699999999995
13 880 4432.7699999999995
13 881 4432.7699999999995
13 882 4432.7699999999995
13 883 4432.7699999999995
13 884 4432.7699999999995
13 885 4432.7699999999995
13 886 4432.7699999999995
13 887 4432.7699999999995
13 888 4432.7699999999995
13 889 4432.7699999999995
13 890 4432.7699999999995
13 891 4432.7699999999995
13 892 4432.7699999999995
13 893 4432.7699999999995
13 894 4432.7699999999995
13 895 4432.7699999999995
13 896 4432.7699999999995
13 897 4432.7699999999995
13 898 4432.7699999999995
13 899 4432.7699999999995
13 900 4432.7699999999995
13 901 4432.7699999999995
13 902 4432.7699999999995
13 903 4432.7699999999995
13 904 4432.7699999999995
13 905 4432.7699999999995
13 906 4432.7699999999995
13 907 4432.7699999999995
13 908 4432.7699999999995
13 909 4432.7699999999995
13 910 4432.7699999999995
13 911 4432.7699999999995
13 912 4432.7699999999995
13 913 4432.7699999999995
13 914 4432.7699999999995
13 915 4432.7699999999995
13 916 4432.7699999999995
13 917 4432.7699999999995
13 918 4432.7699999999995
13 919 4432.7699999999995
13 920 4432.7699999999995
13 921 4432.7699999999995
13 922 4432.7699999999995
13 923 4432.7699999999995
13 924 4432.7699999999995
13 925 4432.7699999999995
13 926 4432.7699999999995
13 927 4432.7699999999995
13 928 4432.7699999999995
13 929 4432.7699999999995
13 930 4161.860000000001
13 931 4161.860000000001
13 932 4161.860000000001
13 933 4161.860000000001
13 934 4161.860000000001
13 935 4161.860000000001
13 936 4161.860000000001
13 937 4161.860000000001
13 938 4161.860000000001
13 939 4161.860000000001
13 940 4161.860000000001
13 941 4161.860000000001
13 942 4161.860000000001
13 943 4161.860000000001
13 944 4161.860000000001
13 945 4161.860000000001
13 946 4161.860000000001
13 947 4161.860000000001
13 948 4161.860000000001
13 949 4161.860000000001
13 950 4161.860000000001
13 951 4161.860000000001
13 952 4161.860000000001
13 953 4161.860000000001
13 954 4161.860000000001
13 955 4145.860000000001
13 956 4145.860000000001
13 957 4145.860000000001
13 958 4145.860000000001
13 959 4137.38
13 960 4137.38
13 961 4137.38
14 962 4137.38
14 963 4134.650000000001
14 964 4134.650000000001
14 965 4134.650000000001
14 966 4134.650000000001
14 967 4134.650000000001
14 968 4134.650000000001
14 969 4134.650000000001
14 970 4134.650000000001
14 971 4134.650000000001
14 972 4134.650000000001
14 973 4134.650000000001
14 974 4134.650000000001
14 975 4134.650000000001
14 976 4134.650000000001
14 977 4134.650000000001
14 978 4134.650000000001
14 979 4134.650000000001
14 980 4134.650000000001
14 981 4134.650000000001
14 982 4134.650000000001
14 983 4134.650000000001
14 984 4134.650000000001
14 985 4134.650000000001
14 986 4134.650000000001
14 987 4134.650000000001
14 988 4134.650000000001
14 989 4134.650000000001
14 990 4132.900000000001
14 991 4132.900000000001
14 992 4132.900000000001
14 993 4123.780000000001
14 994 4123.780000000001
14 995 3958.3700000000003
14 996 3958.3700000000003
14 997 3958.3700000000003
14 998 3958.3700000000003
14 999 3958.3700000000003
14 1000 3958.3700000000003
14 1001 3958.3700000000003
14 1002 3958.3700000000003
14 1003 3958.3700000000003
14 1004 3958.3700000000003
14 1005 3958.3700000000003
14 1006 3958.3700000000003
14 1007 3958.3700000000003
14 1008 3958.3700000000003
14 1009 3958.3700000000003
14 1010 3958.3700000000003
14 1011 3958.3700000000003
14 1012 3958.3700000000003
14 1013 3958.3700000000003
14 1014 3958.3700000000003
14 1015 3958.3700000000003
14 1016 3958.3700000000003
14 1017 3958.3700000000003
14 1018 3958.3700000000003
14 1019 3958.3700000000003
14 1020 3958.3700000000003
14 1021 3707.570000000001
14 1022 3707.570000000001
14 1023 3707.570000000001
14 1024 3707.570000000001
14 1025 3707.570000000001
14 1026 3707.570000000001
14 1027 3707.570000000001
14 1028 3707.570000000001
14 1029 3707.570000000001
14 1030 3707.570000000001
14 1031 3706.570000000001
14 1032 3706.570000000001
14 1033 3706.570000000001
14 1034 3706.570000000001
14 1035 3706.570000000001
14 1036 3706.570000000001
14 1037 3706.570000000001
14 1038 3706.570000000001
14 1039 3706.570000000001
14 1040 3706.570000000001
14 1041 3706.570000000001
14 1042 3706.570000000001
14 1043 3706.570000000001
14 1044 3706.570000000001
14 1045 3706.570000000001
14 1046 3706.570000000001
14 1047 3706.570000000001
15 1048 3706.570000000001
15 1049 3706.570000000001
15 1050 3706.570000000001
15 1051 3706.570000000001
15 1052 3685.570000000001
15 1053 3685.570000000001
15 1054 3685.570000000001
15 1055 3685.570000000001
15 1056 3685.570000000001
15 1057 3685.570000000001
15 1058 3685.570000000001
15 1059 3685.570000000001
15 1060 3685.570000000001
15 1061 3685.570000000001
15 1062 3685.570000000001
15 1063 3196.2
15 1064 3196.2
15 1065 3196.2
15 1066 3196.2
15 1067 3196.2
15 1068 3196.2
15 1069 3196.2
15 1070 3196.2
15 1071 3196.2
15 1072 3196.2
15 1073 3196.2
15 1074 3196.2
15 1075 3196.2
15 1076 3196.2
15 1077 3196.2
15 1078 3196.2
15 1079 3196.2
15 1080 3196.2
15 1081 3196.2
15 1082 3196.2
15 1083 3196.2
15 1084 3196.2
15 1085 3196.2
15 1086 3196.2
15 1087 3121.6
15 1088 3121.6
15 1089 3121.6
15 1090 3121.6
15 1091 3121.6
15 1092 3121.6
15 1093 3121.6
15 1094 3121.6
15 1095 3121.6
15 1096 2471.16
15 1097 2471.16
15 1098 2471.16
15 1099 2471.16
15 1100 2471.16
15 1101 2471.16
15 1102 2471.16
15 1103 2471.16
15 1104 2471.16
15 1105 2471.16
15 1106 2471.16
15 1107 2471.16
15 1108 2471.16
15 1109 2471.16
15 1110 2471.16
15 1111 2471.16
15 1112 2471.16
15 1113 2471.16
15 1114 2471.16
15 1115 2471.16
15 1116 2471.16
15 1117 2471.16
15 1118 2471.16
15 1119 2471.16
15 1120 2471.16
15 1121 2471.16
15 1122 2471.16
15 1123 2471.16
16 1124 2471.16
16 1125 2449.72
16 1126 2449.72
16 1127 2449.72
16 1128 2449.72
16 1129 2449.72
16 1130 2417.72
16 1131 2417.72
16 1132 2417.72
16 1133 2417.72
16 1134 2417.72
16 1135 2353.72
16 1136 2353.72
16 1137 2353.72
16 1138 2353.72
16 1139 2353.72
16 1140 2353.72
16 1141 2353.72
16 1142 2353.72
16 1143 2353.72
16 1144 2353.72
16 1145 2353.72
16 1146 2353.72
16 1147 2353.72
16 1148 2353.72
16 1149 2353.72
16 1150 2353.72
16 1151 2353.72
16 1152 2353.72
16 1153 2348.52
16 1154 2348.52
16 1155 2348.52
16 1156 2348.52
16 1157 2348.52
16 1158 2348.52
16 1159 2348.52
16 1160 2348.52
16 1161 2348.52
16 1162 2348.52
16 1163 2348.52
16 1164 2348.52
16 1165 2348.52
16 1166 2348.52
16 1167 2348.52
16 1168 2348.52
16 1169 2348.52
16 1170 2348.52
16 1171 2348.52
16 1172 2348.52
16 1173 2348.52
16 1174 2348.52
16 1175 2348.52
16 1176 2348.52
16 1177 2348.52
16 1178 2348.52
16 1179 2348.52
16 1180 2348.52
16 1181 2348.52
16 1182 2348.52
16 1183 2348.52
16 1184 2348.52
16 1185 2348.52
16 1186 2348.52
16 1187 2348.52
16 1188 2348.52
16 1189 2348.52
16 1190 2348.52
16 1191 2348.52
16 1192 2348.52
16 1193 2348.52
16 1194 2348.52
16 1195 2348.52
16 1196 2348.52
16 1197 2348.52
16 1198 2348.52
16 1199 2348.52
16 1200 2348.52
16 1201 2348.52
16 1202 2348.52
16 1203 2348.52
16 1204 2348.52
16 1205 2348.52
16 1206 2348.52
17 1207 2348.52
17 1208 2348.52
17 1209 2348.52
17 1210 2348.52
17 1211 2348.52
17 1212 2348.52
17 1213 2348.52
17 1214 2348.52
17 1215 2348.52
17 1216 2348.52
17 1217 2348.52
17 1218 2348.52
17 1219 2348.52
17 1220 2348.52
17 1221 2348.52
17 1222 2348.52
17 1223 2348.52
17 1224 2348.52
17 1225 2348.52
17 1226 2348.52
17 1227 2348.52
17 1228 2348.52
17 1229 2348.52
17 1230 2348.52
17 1231 2348.52
17 1232 2348.52
17 1233 2348.52
17 1234 2348.52
17 1235 2348.52
17 1236 2348.52
17 1237 1724.2600000000002
17 1238 1724.2600000000002
17 1239 1724.2600000000002
17 1240 1724.2600000000002
17 1241 1724.2600000000002
17 1242 1724.2600000000002
17 1243 1724.2600000000002
17 1244 1724.2600000000002
17 1245 1724.2600000000002
17 1246 1724.2600000000002
17 1247 1724.2600000000002
17 1248 1724.2600000000002
17 1249 1724.2600000000002
17 1250 1724.2600000000002
17 1251 1724.2600000000002
17 1252 1724.2600000000002
17 1253 1724.2600000000002
17 1254 1724.2600000000002
17 1255 1724.2600000000002
17 1256 1724.2600000000002
17 1257 1724.2600000000002
17 1258 1724.2600000000002
17 1259 1724.2600000000002
17 1260 1724.2600000000002
17 1261 1720.2600000000002
17 1262 1720.2600000000002
17 1263 1720.2600000000002
17 1264 1720.2600000000002
17 1265 1720.2600000000002
17 1266 1720.2600000000002
17 1267 1720.2600000000002
17 1268 1720.2600000000002
17 1269 1720.2600000000002
17 1270 1720.2600000000002
17 1271 1720.2600000000002
17 1272 1720.2600000000002
17 1273 1720.2600000000002
17 1274 1720.2600000000002
17 1275 1720.2600000000002
17 1276 1720.2600000000002
17 1277 1720.2600000000002
17 1278 1720.2600000000002
17 1279 1720.2600000000002
17 1280 1720.2600000000002
17 1281 1720.2600000000002
17 1282 1720.2600000000002
17 1283 1720.2600000000002
17 1284 1720.2600000000002
17 1285 1720.2600000000002
17 1286 1720.2600000000002
17 1287 1720.2600000000002
17 1288 1720.2600000000002
18 1289 1720.2600000000002
18 1290 1720.2600000000002
18 1291 1720.2600000000002
18 1292 1720.2600000000002
18 1293 1720.2600000000002
18 1294 1720.2600000000002
18 1295 1720.2600000000002
18 1296 1720.2600000000002
18 1297 1720.2600000000002
18 1298 1720.2600000000002
18 1299 1720.2600000000002
18 1300 1720.2600000000002
18 1301 1720.2600000000002
18 1302 1720.2600000000002
18 1303 1720.2600000000002
18 1304 1708.7400000000002
18 1305 1708.7400000000002
18 1306 1708.7400000000002
18 1307 1708.7400000000002
18 1308 1708.7400000000002
18 1309 1708.7400000000002
18 1310 1708.7400000000002
18 1311 1708.7400000000002
18 1312 1708.7400000000002
18 1313 1708.7400000000002
18 1314 1544.9
18 1315 1544.9
18 1316 1544.9
18 1317 1544.9
18 1318 1544.9
18 1319 1544.9
18 1320 1544.9
18 1321 1544.9
18 1322 1544.9
18 1323 1544.9
18 1324 1544.9
18 1325 1544.9
18 1326 1544.9
18 1327 1544.9
18 1328 1544.9
18 1329 1544.9
18 1330 1544.9
18 1331 1544.9
18 1332 1544.9
18 1333 1544.9
18 1334 1544.9
18 1335 1544.9
18 1336 1544.9
18 1337 1544.9
18 1338 1544.9
18 1339 1544.9
18 1340 1544.9
18 1341 1544.9
18 1342 1544.9
18 1343 1544.9
18 1344 1544.9
18 1345 1544.9
18 1346 1544.9
18 1347 1544.9
18 1348 1544.9
18 1349 1544.9
18 1350 1544.9
18 1351 1544.9
18 1352 1544.9
18 1353 1544.9
18 1354 1544.9
18 1355 1544.9
18 1356 1544.9
18 1357 1544.9
18 1358 1544.9
18 1359 1544.9
18 1360 1544.9
18 1361 1544.9
18 1362 1544.9
18 1363 1544.9
18 1364 1544.9
18 1365 1544.9
18 1366 1544.9
18 1367 1544.9
18 1368 1544.9
18 1369 1544.9
18 1370 1544.9
19 1371 1544.9
19 1372 1544.9
19 1373 1544.9
19 1374 1544.9
19 1375 1544.9
19 1376 1544.9
19 1377 1544.9
19 1378 1544.9
19 1379 1544.9
19 1380 1544.9
19 1381 1544.9
19 1382 1544.9
19 1383 1544.9
19 1384 1544.9
19 1385 1544.9
19 1386 1544.9
19 1387 1544.9
19 1388 1544.9
19 1389 1544.9
19 1390 1544.9
19 1391 1544.9
19 1392 1544.9
19 1393 1544.9
19 1394 1544.9
19 1395 1544.9
19 1396 1544.9
19 1397 1544.9
19 1398 1544.9
19 1399 1544.9
19 1400 1544.9
19 1401 1512.9
19 1402 1512.9
19 1403 1512.9
19 1404 1512.9
19 1405 1512.9
19 1406 1512.9
19 1407 1512.9
19 1408 1512.9
19 1409 1512.9
19 1410 1512.9
19 1411 1512.9
19 1412 1512.9
19 1413 1512.9
19 1414 1512.9
19 1415 1512.9
19 1416 1512.9
19 1417 1512.9
19 1418 1512.9
19 1419 1512.9
19 1420 1512.9
19 1421 1508.9
19 1422 1508.9
19 1423 1508.9
19 1424 1508.9
19 1425 1508.9
19 1426 1499.9
19 1427 1499.9
19 1428 1499.9
19 1429 1499.9
19 1430 1499.9
19 1431 1499.9
19 1432 1499.9
19 1433 1499.9
19 1434 1499.9
19 1435 1499.9
19 1436 1499.9
19 1437 1499.9
19 1438 1499.9
19 1439 1499.9
19 1440 1499.9
19 1441 1499.9
19 1442 1499.9
19 1443 1499.9
19 1444 1499.9
19 1445 1499.9
19 1446 1489.6200000000003
19 1447 1489.6200000000003
19 1448 1489.6200000000003
20 1449 1489.6200000000003
20 1450 1489.6200000000003
20 1451 1489.6200000000003
20 1452 1489.6200000000003
20 1453 1489.6200000000003
20 1454 1489.6200000000003
20 1455 1489.6200000000003
20 1456 1489.6200000000003
20 1457 1489.6200000000003
20 1458 1489.6200000000003
20 1459 1489.6200000000003
20 1460 1489.6200000000003
20 1461 1489.6200000000003
20 1462 1489.6200000000003
20 1463 1489.6200000000003
20 1464 1489.6200000000003
20 1465 1489.6200000000003
20 1466 1489.6200000000003
20 1467 1473.6200000000003
20 1468 1473.6200000000003
20 1469 1473.6200000000003
20 1470 1473.6200000000003
20 1471 1473.6200000000003
20 1472 1473.6200000000003
20 1473 1473.6200000000003
20 1474 1473.6200000000003
20 1475 1473.6200000000003
20 1476 1473.6200000000003
20 1477 1471.5700000000002
20 1478 1471.5700000000002
20 1479 1471.5700000000002
20 1480 1471.5700000000002
20 1481 1471.5700000000002
20 1482 1471.5700000000002
20 1483 1471.5700000000002
20 1484 1471.5700000000002
20 1485 1471.5700000000002
20 1486 1471.5700000000002
20 1487 1471.5700000000002
20 1488 1471.5700000000002
20 1489 1471.5700000000002
20 1490 1471.5700000000002
20 1491 1471.5700000000002
20 1492 1471.5700000000002
20 1493 1471.5700000000002
20 1494 1471.5700000000002
20 1495 1471.5700000000002
20 1496 1471.5700000000002
20 1497 1471.5700000000002
20 1498 1471.5700000000002
20 1499 1471.5700000000002
20 1500 1471.5700000000002
20 1501 1471.5700000000002
20 1502 1471.5700000000002
20 1503 1471.5700000000002
20 1504 1471.5700000000002
20 1505 1471.5700000000002
20 1506 1471.5700000000002
20 1507 1471.5700000000002
20 1508 1371.73
20 1509 1371.73
20 1510 1371.73
20 1511 1307.73
20 1512 1307.73
20 1513 1307.73
20 1514 1307.73
20 1515 1307.73
20 1516 1307.73
20 1517 1307.73
20 1518 1307.73
20 1519 1307.73
20 1520 1307.73
20 1521 1307.73
20 1522 1307.73
20 1523 1307.73
20 1524 1307.73
20 1525 1307.73
20 1526 1307.73
20 1527 1307.73
20 1528 1307.73
20 1529 1307.73
20 1530 1307.73
21 1531 1307.73
21 1532 1307.73
21 1533 1307.73
21 1534 1307.73
21 1535 1307.73
21 1536 1307.73
21 1537 1307.73
21 1538 1307.73
21 1539 1307.73
21 1540 1307.73
21 1541 1307.73
21 1542 1307.73
21 1543 1307.73
21 1544 1307.73
21 1545 1307.73
21 1546 1307.73
21 1547 1307.73
21 1548 1307.73
21 1549 1307.73
21 1550 1307.73
21 1551 1307.73
21 1552 1307.73
21 1553 1307.73
21 1554 1307.73
21 1555 1302.73
21 1556 1302.73
21 1557 1302.73
21 1558 1302.73
21 1559 1302.73
21 1560 1302.73
21 1561 1302.73
21 1562 1302.73
21 1563 1302.73
21 1564 1302.73
21 1565 1302.73
21 1566 1302.73
21 1567 1302.73
21 1568 1302.73
21 1569 1302.73
21 1570 1302.73
21 1571 1302.73
21 1572 1302.73
21 1573 1302.73
21 1574 1302.73
21 1575 1302.73
21 1576 1302.73
21 1577 1302.73
21 1578 1302.73
21 1579 1302.73
21 1580 1302.73
21 1581 1302.73
21 1582 1302.73
21 1583 1302.73
21 1584 1302.73
21 1585 1302.73
21 1586 1302.73
21 1587 1302.73
21 1588 1302.73
21 1589 1302.73
21 1590 1302.73
21 1591 1302.73
21 1592 1302.73
21 1593 1302.73
21 1594 1302.73
21 1595 1302.73
21 1596 1302.73
21 1597 1302.73
21 1598 1302.73
21 1599 1302.73
21 1600 1302.73
21 1601 1302.73
21 1602 1302.73
21 1603 1302.73
21 1604 1302.73
21 1605 1302.73
21 1606 1302.73
21 1607 1302.73
21 1608 1302.73
21 1609 1302.73
21 1610 1302.73
21 1611 1302.73
21 1612 1302.73
21 1613 1302.73
21 1614 1302.73
21 1615 1302.73
21 1616 1302.73
21 1617 1302.73
21 1618 1302.73
21 1619 1302.73
21 1620 1302.73
22 1621 1302.73
22 1622 1302.73
22 1623 1302.73
22 1624 1302.73
22 1625 1302.73
22 1626 1302.73
22 1627 1302.73
22 1628 1302.73
22 1629 1302.73
22 1630 1302.73
22 1631 1302.73
22 1632 1302.73
22 1633 1266.89
22 1634 1266.89
22 1635 1266.89
22 1636 1266.89
22 1637 1266.89
22 1638 1266.89
22 1639 1266.89
22 1640 1266.89
22 1641 1266.89
22 1642 1266.89
22 1643 1266.89
22 1644 1266.89
22 1645 1266.89
22 1646 1266.89
22 1647 1266.89
22 1648 1266.89
22 1649 1266.89
22 1650 1266.89
22 1651 1266.89
22 1652 1266.89
22 1653 1266.89
22 1654 1266.89
22 1655 1266.89
22 1656 1266.89
22 1657 1266.89
22 1658 1266.89
22 1659 1266.89
22 1660 1266.89
22 1661 1266.89
22 1662 1266.89
22 1663 1266.89
22 1664 1266.89
22 1665 1266.89
22 1666 1266.89
22 1667 1266.89
22 1668 1266.89
22 1669 1266.89
22 1670 1266.89
22 1671 1266.89
22 1672 1266.89
22 1673 1266.89
22 1674 1266.89
22 1675 1266.89
22 1676 1266.89
22 1677 1266.89
22 1678 1266.89
22 1679 1266.89
22 1680 1266.89
22 1681 1266.89
22 1682 1266.89
22 1683 1266.89
22 1684 1266.89
22 1685 1266.89
22 1686 1266.89
22 1687 1266.89
22 1688 1266.89
22 1689 1266.89
22 1690 1266.89
22 1691 1266.89
22 1692 1266.89
22 1693 1266.89
22 1694 1266.89
22 1695 1266.89
22 1696 1266.89
23 1697 1266.89
23 1698 1266.89
23 1699 1266.89
23 1700 1266.89
23 1701 1266.89
23 1702 1266.89
23 1703 1266.89
23 1704 1266.89
23 1705 1266.89
23 1706 1266.89
23 1707 1266.89
23 1708 1266.89
23 1709 1266.89
23 1710 1266.89
23 1711 1266.89
23 1712 1266.89
23 1713 1266.89
23 1714 1266.89
23 1715 1266.89
23 1716 1266.89
23 1717 1266.89
23 1718 1266.89
23 1719 1266.89
23 1720 1266.89
23 1721 1266.89
23 1722 1266.89
23 1723 1266.89
23 1724 1266.89
23 1725 1266.89
23 1726 1266.89
23 1727 1266.89
23 1728 1266.89
23 1729 1266.89
23 1730 1266.89
23 1731 1266.89
23 1732 1266.89
23 1733 1266.89
23 1734 1266.89
23 1735 1266.89
23 1736 1266.89
23 1737 1266.89
23 1738 1266.89
23 1739 1266.89
23 1740 1266.89
23 1741 1266.89
23 1742 1266.89
23 1743 1266.89
23 1744 1266.89
23 1745 1266.89
23 1746 1266.89
23 1747 1266.89
23 1748 1266.89
23 1749 1266.89
23 1750 1266.89
23 1751 1266.89
23 1752 1266.89
23 1753 1266.89
23 1754 1266.89
23 1755 1266.89
23 1756 1266.89
23 1757 1266.89
23 1758 1266.89
23 1759 1266.89
23 1760 1266.89
23 1761 1266.89
23 1762 1266.89
23 1763 1266.89
23 1764 1266.89
23 1765 1266.89
23 1766 1266.89
23 1767 1266.89
23 1768 1266.89
23 1769 1266.89
23 1770 1266.89
23 1771 1266.89
24 1772 1266.89
24 1773 1266.89
24 1774 1266.89
24 1775 1266.89
24 1776 1266.89
24 1777 1266.89
24 1778 1266.89
24 1779 1266.89
24 1780 1266.89
24 1781 1266.89
24 1782 1266.89
24 1783 1266.89
24 1784 1266.89
24 1785 1266.89
24 1786 1266.89
24 1787 1266.89
24 1788 1266.89
24 1789 1266.89
24 1790 1266.89
24 1791 1266.89
24 1792 1266.89
24 1793 1266.89
24 1794 1266.89
24 1795 1266.89
24 1796 1266.89
24 1797 1266.89
24 1798 1266.89
24 1799 1266.89
24 1800 1087.2800000000002
24 1801 1087.2800000000002
24 1802 1087.2800000000002
24 1803 1087.2800000000002
24 1804 1087.2800000000002
24 1805 1087.2800000000002
24 1806 1087.2800000000002
24 1807 1087.2800000000002
24 1808 1087.2800000000002
24 1809 1087.2800000000002
24 1810 1087.2800000000002
24 1811 1087.2800000000002
24 1812 1087.2800000000002
24 1813 1087.2800000000002
24 1814 1087.2800000000002
24 1815 1087.2800000000002
24 1816 1087.2800000000002
24 1817 1087.2800000000002
24 1818 1087.2800000000002
24 1819 1087.2800000000002
24 1820 1087.2800000000002
24 1821 1087.2800000000002
24 1822 1087.2800000000002
24 1823 1087.2800000000002
24 1824 1087.2800000000002
24 1825 1087.2800000000002
24 1826 1087.2800000000002
24 1827 1087.2800000000002
24 1828 1087.2800000000002
24 1829 1087.2800000000002
24 1830 770.7800000000001
24 1831 770.7800000000001
24 1832 770.7800000000001
24 1833 770.7800000000001
24 1834 770.7800000000001
24 1835 770.7800000000001
24 1836 606.94
24 1837 606.94
24 1838 606.94
24 1839 606.94
24 1840 606.94
24 1841 606.94
24 1842 606.94
24 1843 606.94
24 1844 606.94
24 1845 606.94
24 1846 606.94
24 1847 606.94
24 1848 606.94
24 1849 606.94
24 1850 606.94
24 1851 606.94
24 1852 606.94
24 1853 606.94
25 1854 606.94
25 1855 606.94
25 1856 606.94
25 1857 606.94
25 1858 606.94
25 1859 606.94
25 1860 606.94
25 1861 606.94
25 1862 606.94
25 1863 606.94
25 1864 606.94
25 1865 606.94
25 1866 606.94
25 1867 606.94
25 1868 606.94
25 1869 606.94
25 1870 606.94
25 1871 606.94
25 1872 606.94
25 1873 606.94
25 1874 606.94
25 1875 606.94
25 1876 606.94
25 1877 606.94
25 1878 606.94
25 1879 606.94
25 1880 606.94
25 1881 606.94
25 1882 606.94
25 1883 606.94
25 1884 606.94
25 1885 606.94
25 1886 606.94
25 1887 606.94
25 1888 606.94
25 1889 606.94
25 1890 606.94
25 1891 606.94
25 1892 606.94
25 1893 606.94
25 1894 606.94
25 1895 606.94
25 1896 606.94
25 1897 606.94
25 1898 606.94
25 1899 606.94
25 1900 606.94
25 1901 606.94
25 1902 606.94
25 1903 606.94
25 1904 606.94
25 1905 606.94
25 1906 606.94
25 1907 606.94
25 1908 606.94
25 1909 606.94
25 1910 606.94
25 1911 606.94
25 1912 606.94
25 1913 606.94
25 1914 606.94
25 1915 606.94
25 1916 606.94
25 1917 606.94
25 1918 606.94
25 1919 606.94
25 1920 606.94
25 1921 606.94
25 1922 606.94
25 1923 606.94
25 1924 606.94
25 1925 606.94
25 1926 606.94
25 1927 606.94
25 1928 606.94
25 1929 606.94
25 1930 606.94
25 1931 606.94
25 1932 606.94
25 1933 606.94
25 1934 606.94
25 1935 606.94
25 1936 606.94
25 1937 606.94
25 1938 606.94
26 1939 606.94
26 1940 606.94
26 1941 606.94
26 1942 486.44
26 1943 486.44
26 1944 486.44
26 1945 486.44
26 1946 486.44
26 1947 486.44
26 1948 486.44
26 1949 486.44
26 1950 486.44
26 1951 486.44
26 1952 486.44
26 1953 486.44
26 1954 486.44
26 1955 486.44
26 1956 486.44
26 1957 486.44
26 1958 486.44
26 1959 486.44
26 1960 486.44
26 1961 486.44
26 1962 486.44
26 1963 486.44
26 1964 486.44
26 1965 486.44
26 1966 486.44
26 1967 486.44
26 1968 486.44
26 1969 485.44
26 1970 485.44
26 1971 485.44
26 1972 485.44
26 1973 485.44
26 1974 485.44
26 1975 485.44
26 1976 485.44
26 1977 485.44
26 1978 485.44
26 1979 485.44
26 1980 485.44
26 1981 485.44
26 1982 485.44
26 1983 485.44
26 1984 485.44
26 1985 485.44
26 1986 485.44
26 1987 485.44
26 1988 485.44
26 1989 485.44
26 1990 485.44
26 1991 485.44
26 1992 485.44
26 1993 485.44
26 1994 485.44
26 1995 485.44
26 1996 485.44
26 1997 485.44
26 1998 485.44
26 1999 485.44
26 2000 485.44
26 2001 485.44
26 2002 485.44
26 2003 485.44
26 2004 485.44
26 2005 485.44
26 2006 485.44
26 2007 485.44
26 2008 485.44
26 2009 485.44
26 2010 485.44
26 2011 485.44
26 2012 485.44
26 2013 485.44
26 2014 485.44
26 2015 485.44
26 2016 485.44
26 2017 485.44
26 2018 485.44
26 2019 485.44
27 2020 485.44
27 2021 485.44
27 2022 485.44
27 2023 485.44
27 2024 485.44
27 2025 485.44
27 2026 485.44
27 2027 485.44
27 2028 485.44
27 2029 485.44
27 2030 485.44
27 2031 485.44
27 2032 485.44
27 2033 485.44
27 2034 485.44
27 2035 485.44
27 2036 485.44
27 2037 485.44
27 2038 485.44
27 2039 485.44
27 2040 485.44
27 2041 485.44
27 2042 485.44
27 2043 485.44
27 2044 485.44
27 2045 485.44
27 2046 485.44
27 2047 485.44
27 2048 485.44
27 2049 485.44
27 2050 485.44
27 2051 189.84000000000003
27 2052 189.84000000000003
27 2053 189.84000000000003
27 2054 189.84000000000003
27 2055 189.84000000000003
27 2056 189.84000000000003
27 2057 189.84000000000003
27 2058 189.84000000000003
27 2059 189.84000000000003
27 2060 189.84000000000003
27 2061 189.84000000000003
27 2062 189.84000000000003
27 2063 189.84000000000003
27 2064 189.84000000000003
27 2065 189.84000000000003
27 2066 189.84000000000003
27 2067 189.84000000000003
27 2068 189.84000000000003
27 2069 189.84000000000003
27 2070 189.84000000000003
27 2071 189.84000000000003
27 2072 189.84000000000003
27 2073 189.84000000000003
27 2074 189.84000000000003
27 2075 189.84000000000003
27 2076 189.84000000000003
27 2077 189.84000000000003
27 2078 189.84000000000003
27 2079 189.84000000000003
27 2080 189.84000000000003
27 2081 189.84000000000003
27 2082 189.84000000000003
27 2083 189.84000000000003
27 2084 189.84000000000003
27 2085 188.84000000000003
27 2086 188.84000000000003
27 2087 188.84000000000003
27 2088 188.84000000000003
27 2089 188.84000000000003
27 2090 188.84000000000003
27 2091 188.84000000000003
27 2092 188.84000000000003
27 2093 188.84000000000003
27 2094 188.84000000000003
27 2095 188.84000000000003
27 2096 188.84000000000003
27 2097 188.84000000000003
28 2098 188.84000000000003
28 2099 188.84000000000003
28 2100 188.84000000000003
28 2101 188.84000000000003
28 2102 188.84000000000003
28 2103 188.84000000000003
28 2104 188.84000000000003
28 2105 188.84000000000003
28 2106 188.84000000000003
28 2107 188.84000000000003
28 2108 188.84000000000003
28 2109 188.84000000000003
28 2110 188.84000000000003
28 2111 188.84000000000003
28 2112 188.84000000000003
28 2113 188.84000000000003
28 2114 188.84000000000003
28 2115 188.84000000000003
28 2116 188.84000000000003
28 2117 188.84000000000003
28 2118 188.84000000000003
28 2119 188.84000000000003
28 2120 188.84000000000003
28 2121 188.84000000000003
28 2122 188.84000000000003
28 2123 188.84000000000003
28 2124 188.84000000000003
28 2125 188.84000000000003
28 2126 188.84000000000003
28 2127 188.84000000000003
28 2128 188.84000000000003
28 2129 188.84000000000003
28 2130 188.84000000000003
28 2131 188.84000000000003
28 2132 188.84000000000003
28 2133 188.84000000000003
28 2134 188.84000000000003
28 2135 188.84000000000003
28 2136 188.84000000000003
28 2137 188.84000000000003
28 2138 188.84000000000003
28 2139 188.84000000000003
28 2140 188.84000000000003
28 2141 188.84000000000003
28 2142 188.84000000000003
28 2143 188.84000000000003
28 2144 188.84000000000003
28 2145 188.84000000000003
28 2146 188.84000000000003
28 2147 188.84000000000003
28 2148 188.84000000000003
28 2149 188.84000000000003
28 2150 188.84000000000003
28 2151 188.84000000000003
28 2152 188.84000000000003
28 2153 188.84000000000003
28 2154 188.84000000000003
28 2155 188.84000000000003
28 2156 188.84000000000003
28 2157 188.84000000000003
28 2158 188.84000000000003
28 2159 188.84000000000003
28 2160 188.84000000000003
28 2161 188.84000000000003
28 2162 188.84000000000003
28 2163 188.84000000000003
28 2164 188.84000000000003
28 2165 188.84000000000003
28 2166 188.84000000000003
28 2167 188.84000000000003
28 2168 188.84000000000003
28 2169 188.84000000000003
28 2170 188.84000000000003
28 2171 188.84000000000003
28 2172 188.84000000000003
28 2173 188.84000000000003
28 2174 188.84000000000003
28 2175 188.84000000000003
28 2176 188.84000000000003
28 2177 188.84000000000003
28 2178 188.84000000000003
28 2179 188.84000000000003
28 2180 188.84000000000003
28 2181 188.84000000000003
28 2182 188.84000000000003
29 2183 188.84000000000003
29 2184 188.84000000000003
29 2185 188.84000000000003
29 2186 188.84000000000003
29 2187 188.84000000000003
29 2188 188.84000000000003
29 2189 188.84000000000003
29 2190 188.84000000000003
29 2191 188.84000000000003
29 2192 188.84000000000003
29 2193 188.84000000000003
29 2194 188.84000000000003
29 2195 188.84000000000003
29 2196 188.84000000000003
29 2197 188.84000000000003
29 2198 188.84000000000003
29 2199 188.84000000000003
29 2200 188.84000000000003
29 2201 188.84000000000003
29 2202 188.84000000000003
29 2203 188.84000000000003
29 2204 188.84000000000003
29 2205 188.84000000000003
29 2206 188.84000000000003
29 2207 188.84000000000003
29 2208 188.84000000000003
29 2209 188.84000000000003
29 2210 188.84000000000003
29 2211 188.84000000000003
29 2212 188.84000000000003
29 2213 188.84000000000003
29 2214 188.84000000000003
29 2215 188.84000000000003
29 2216 188.84000000000003
29 2217 188.84000000000003
29 2218 188.84000000000003
29 2219 188.84000000000003
29 2220 188.84000000000003
29 2221 188.84000000000003
29 2222 188.84000000000003
29 2223 188.84000000000003
29 2224 188.84000000000003
29 2225 188.84000000000003
29 2226 188.84000000000003
29 2227 188.84000000000003
29 2228 188.84000000000003
29 2229 188.84000000000003
29 2230 188.84000000000003
29 2231 188.84000000000003
29 2232 188.84000000000003
29 2233 188.84000000000003
29 2234 188.84000000000003
29 2235 188.84000000000003
29 2236 188.84000000000003
29 2237 188.84000000000003
29 2238 188.84000000000003
29 2239 188.84000000000003
29 2240 188.84000000000003
29 2241 188.84000000000003
29 2242 188.84000000000003
29 2243 188.84000000000003
29 2244 188.84000000000003
29 2245 188.84000000000003
29 2246 188.84000000000003
29 2247 188.84000000000003
29 2248 188.84000000000003
29 2249 188.84000000000003
29 2250 188.84000000000003
29 2251 188.84000000000003
29 2252 188.84000000000003
29 2253 188.84000000000003
29 2254 188.84000000000003
29 2255 188.84000000000003
29 2256 188.84000000000003
29 2257 188.84000000000003
29 2258 188.84000000000003
29 2259 188.84000000000003
29 2260 188.84000000000003
29 2261 188.84000000000003
29 2262 188.84000000000003
29 2263 188.84000000000003
29 2264 188.84000000000003
29 2265 188.84000000000003
29 2266 188.84000000000003
29 2267 188.84000000000003
30 2268 188.84000000000003
30 2269 188.84000000000003
30 2270 188.84000000000003
30 2271 188.84000000000003
30 2272 188.84000000000003
30 2273 188.84000000000003
30 2274 188.84000000000003
30 2275 188.84000000000003
30 2276 188.84000000000003
30 2277 188.84000000000003
30 2278 188.84000000000003
30 2279 188.84000000000003
30 2280 188.84000000000003
30 2281 188.84000000000003
30 2282 188.84000000000003
30 2283 188.84000000000003
30 2284 188.84000000000003
30 2285 188.84000000000003
30 2286 188.84000000000003
30 2287 188.84000000000003
30 2288 188.84000000000003
30 2289 188.84000000000003
30 2290 188.84000000000003
30 2291 184.84000000000003
30 2292 184.84000000000003
30 2293 184.84000000000003
30 2294 184.84000000000003
30 2295 184.84000000000003
30 2296 184.84000000000003
30 2297 184.84000000000003
30 2298 184.84000000000003
30 2299 184.84000000000003
30 2300 184.84000000000003
30 2301 184.84000000000003
30 2302 184.84000000000003
30 2303 184.84000000000003
30 2304 184.84000000000003
30 2305 184.84000000000003
30 2306 184.84000000000003
30 2307 184.84000000000003
30 2308 184.84000000000003
30 2309 184.84000000000003
30 2310 184.84000000000003
30 2311 184.84000000000003
30 2312 184.84000000000003
30 2313 184.84000000000003
30 2314 184.84000000000003
30 2315 184.84000000000003
30 2316 184.84000000000003
30 2317 184.84000000000003
30 2318 184.84000000000003
30 2319 184.84000000000003
30 2320 184.84000000000003
30 2321 184.84000000000003
30 2322 184.84000000000003
30 2323 184.84000000000003
30 2324 184.84000000000003
30 2325 184.84000000000003
30 2326 21.0
30 2327 21.0
30 2328 21.0
30 2329 21.0
30 2330 21.0
30 2331 21.0
30 2332 21.0
30 2333 21.0
30 2334 21.0
30 2335 21.0
30 2336 21.0
30 2337 21.0
30 2338 21.0
30 2339 21.0
30 2340 21.0
30 2341 21.0
30 2342 21.0
30 2343 21.0
30 2344 21.0
30 2345 21.0
30 2346 21.0
30 2347 21.0
30 2348 21.0
30 2349 21.0
30 2350 21.0
30 2351 21.0
30 2352 21.0
31 2353 21.0
31 2354 21.0
31 2355 21.0
31 2356 21.0
31 2357 21.0
31 2358 21.0
31 2359 21.0
31 2360 21.0
31 2361 21.0
31 2362 21.0
31 2363 21.0
31 2364 21.0
31 2365 21.0
31 2366 21.0
31 2367 21.0
31 2368 21.0
31 2369 21.0
31 2370 21.0
31 2371 21.0
31 2372 21.0
31 2373 21.0
31 2374 21.0
31 2375 21.0
31 2376 21.0
31 2377 21.0
31 2378 21.0
31 2379 21.0
31 2380 21.0
31 2381 21.0
31 2382 21.0
31 2383 21.0
31 2384 21.0
31 2385 21.0
31 2386 21.0
31 2387 21.0
31 2388 21.0
31 2389 21.0
31 2390 21.0
31 2391 21.0
31 2392 21.0
31 2393 21.0
31 2394 21.0
31 2395 21.0
31 2396 21.0
31 2397 21.0
31 2398 21.0
31 2399 21.0
31 2400 21.0
31 2401 21.0
31 2402 21.0
31 2403 21.0
31 2404 21.0
31 2405 21.0
31 2406 21.0
31 2407 21.0
31 2408 21.0
31 2409 21.0
31 2410 21.0
31 2411 21.0
31 2412 21.0
31 2413 21.0
31 2414 21.0
31 2415 21.0
31 2416 21.0
31 2417 21.0
31 2418 21.0
31 2419 21.0
31 2420 21.0
31 2421 21.0
31 2422 21.0
31 2423 21.0
31 2424 21.0
31 2425 21.0
31 2426 21.0
31 2427 21.0
31 2428 21.0
31 2429 21.0
31 2430 21.0
31 2431 21.0
31 2432 21.0
31 2433 21.0
31 2434 21.0
31 2435 21.0
31 2436 21.0
31 2437 21.0
31 2438 21.0
31 2439 21.0
31 2440 21.0
32 2441 21.0
32 2442 21.0
32 2443 21.0
32 2444 21.0
32 2445 21.0
32 2446 21.0
32 2447 21.0
32 2448 21.0
32 2449 21.0
32 2450 21.0
32 2451 21.0
32 2452 21.0
32 2453 21.0
32 2454 21.0
32 2455 21.0
32 2456 21.0
32 2457 21.0
32 2458 21.0
32 2459 21.0
32 2460 21.0
32 2461 21.0
32 2462 21.0
32 2463 21.0
32 2464 21.0
32 2465 21.0
32 2466 21.0
32 2467 21.0
32 2468 21.0
32 2469 21.0
32 2470 21.0
32 2471 21.0
32 2472 21.0
32 2473 21.0
32 2474 21.0
32 2475 21.0
32 2476 21.0
32 2477 21.0
32 2478 21.0
32 2479 21.0
32 2480 21.0
32 2481 21.0
32 2482 21.0
32 2483 21.0
32 2484 21.0
32 2485 21.0
32 2486 21.0
32 2487 21.0
32 2488 21.0
32 2489 21.0
32 2490 21.0
32 2491 21.0
32 2492 21.0
32 2493 21.0
32 2494 21.0
32 2495 21.0
32 2496 21.0
32 2497 21.0
32 2498 5.0
32 2499 5.0
32 2500 5.0
32 2501 5.0
32 2502 5.0
32 2503 5.0
32 2504 5.0
32 2505 5.0
32 2506 5.0
32 2507 5.0
32 2508 5.0
32 2509 5.0
32 2510 5.0
32 2511 5.0
32 2512 5.0
32 2513 5.0
32 2514 5.0
32 2515 5.0
32 2516 5.0
32 2517 5.0
32 2518 5.0
32 2519 5.0
32 2520 5.0
32 2521 5.0
32 2522 5.0
33 2523 5.0
33 2524 5.0
33 2525 5.0
33 2526 5.0
33 2527 5.0
33 2528 5.0
33 2529 5.0
33 2530 5.0
33 2531 5.0
33 2532 5.0
33 2533 5.0
33 2534 5.0
33 2535 5.0
33 2536 5.0
33 2537 5.0
33 2538 5.0
33 2539 5.0
33 2540 5.0
33 2541 5.0
33 2542 5.0
33 2543 5.0
33 2544 5.0
33 2545 5.0
33 2546 5.0
33 2547 5.0
33 2548 5.0
33 2549 5.0
33 2550 5.0
33 2551 5.0
33 2552 5.0
33 2553 5.0
33 2554 5.0
33 2555 5.0
33 2556 5.0
33 2557 5.0
33 2558 5.0
33 2559 5.0
33 2560 5.0
33 2561 5.0
33 2562 5.0
33 2563 5.0
33 2564 5.0
33 2565 5.0
33 2566 5.0
33 2567 5.0
33 2568 5.0
33 2569 5.0
33 2570 5.0
33 2571 5.0
33 2572 5.0
33 2573 5.0
33 2574 5.0
33 2575 5.0
33 2576 5.0
33 2577 5.0
33 2578 5.0
33 2579 5.0
33 2580 5.0
33 2581 5.0
33 2582 5.0
33 2583 5.0
33 2584 5.0
33 2585 5.0
33 2586 5.0
33 2587 5.0
33 2588 5.0
33 2589 5.0
33 2590 5.0
33 2591 5.0
33 2592 5.0
33 2593 5.0
33 2594 5.0
33 2595 5.0
33 2596 5.0
33 2597 5.0
33 2598 5.0
33 2599 5.0
33 2600 5.0
33 2601 5.0
33 2602 5.0
33 2603 5.0
33 2604 5.0
33 2605 5.0
33 2606 5.0
33 2607 5.0
33 2608 5.0
33 2609 5.0
33 2610 5.0
34 2611 5.0
34 2612 5.0
34 2613 5.0
34 2614 5.0
34 2615 5.0
34 2616 5.0
34 2617 5.0
34 2618 5.0
34 2619 5.0
34 2620 5.0
34 2621 5.0
34 2622 5.0
34 2623 5.0
34 2624 5.0
34 2625 5.0
34 2626 5.0
34 2627 5.0
34 2628 5.0
34 2629 5.0
34 2630 5.0
34 2631 5.0
34 2632 5.0
34 2633 5.0
34 2634 5.0
34 2635 5.0
34 2636 5.0
34 2637 5.0
34 2638 5.0
34 2639 5.0
34 2640 5.0
34 2641 5.0
34 2642 5.0
34 2643 5.0
34 2644 5.0
34 2645 5.0
34 2646 5.0
34 2647 5.0
34 2648 5.0
34 2649 5.0
34 2650 1.0
34 2651 1.0
34 2652 1.0
34 2653 1.0
34 2654 1.0
34 2655 1.0
34 2656 1.0
34 2657 1.0
34 2658 1.0
34 2659 1.0
34 2660 1.0
34 2661 1.0
34 2662 1.0
34 2663 1.0
34 2664 1.0
34 2665 1.0
34 2666 1.0
34 2667 1.0
34 2668 1.0
34 2669 1.0
34 2670 1.0
34 2671 1.0
34 2672 1.0
34 2673 1.0
34 2674 1.0
34 2675 1.0
34 2676 1.0
35 2677 1.0
35 2678 1.0
35 2679 1.0
35 2680 1.0
35 2681 1.0
35 2682 1.0
35 2683 1.0
35 2684 1.0
35 2685 1.0
35 2686 1.0
35 2687 1.0
35 2688 1.0
35 2689 1.0
35 2690 1.0
35 2691 1.0
35 2692 1.0
35 2693 1.0
35 2694 1.0
35 2695 1.0
35 2696 1.0
35 2697 1.0
35 2698 1.0
35 2699 1.0
35 2700 1.0
35 2701 1.0
35 2702 1.0
35 2703 1.0
35 2704 1.0
35 2705 1.0
35 2706 1.0
35 2707 1.0
35 2708 1.0
35 2709 1.0
35 2710 1.0
35 2711 1.0
35 2712 1.0
35 2713 1.0
35 2714 1.0
35 2715 1.0
35 2716 1.0
35 2717 1.0
35 2718 1.0
35 2719 1.0
35 2720 1.0
35 2721 1.0
35 2722 1.0
35 2723 1.0
35 2724 1.0
35 2725 1.0
35 2726 1.0
35 2727 1.0
35 2728 1.0
35 2729 1.0
35 2730 1.0
35 2731 1.0
35 2732 1.0
35 2733 1.0
35 2734 1.0
35 2735 1.0
35 2736 1.0
35 2737 1.0
35 2738 1.0
35 2739 1.0
35 2740 1.0
35 2741 1.0
35 2742 1.0
35 2743 1.0
35 2744 1.0
35 2745 1.0
35 2746 1.0
35 2747 1.0
35 2748 1.0
35 2749 1.0
35 2750 1.0
35 2751 1.0
35 2752 1.0
35 2753 1.0
36 2754 1.0
36 2755 1.0
36 2756 1.0
36 2757 1.0
36 2758 1.0
36 2759 1.0
36 2760 1.0
36 2761 1.0
36 2762 1.0
36 2763 1.0
36 2764 1.0
36 2765 1.0
36 2766 1.0
36 2767 1.0
36 2768 1.0
36 2769 1.0
36 2770 1.0
36 2771 1.0
36 2772 1.0
36 2773 1.0
36 2774 1.0
36 2775 1.0
36 2776 1.0
36 2777 1.0
36 2778 1.0
36 2779 1.0
36 2780 1.0
36 2781 1.0
36 2782 1.0
36 2783 1.0
36 2784 1.0
36 2785 1.0
36 2786 1.0
36 2787 1.0
36 2788 1.0
36 2789 1.0
36 2790 1.0
36 2791 1.0
36 2792 1.0
36 2793 1.0
36 2794 1.0
36 2795 1.0
36 2796 1.0
36 2797 1.0
36 2798 1.0
36 2799 1.0
36 2800 1.0
36 2801 1.0
36 2802 1.0
36 2803 1.0
36 2804 1.0
36 2805 1.0
36 2806 1.0
36 2807 1.0
36 2808 1.0
36 2809 1.0
36 2810 1.0
36 2811 1.0
36 2812 1.0
36 2813 1.0
36 2814 1.0
36 2815 1.0
36 2816 1.0
36 2817 1.0
36 2818 1.0
36 2819 1.0
36 2820 1.0
36 2821 1.0
36 2822 1.0
36 2823 1.0
36 2824 1.0
36 2825 1.0
36 2826 1.0
36 2827 1.0
36 2828 1.0
36 2829 1.0
36 2830 1.0
37 2831 1.0
37 2832 1.0
37 2833 1.0
37 2834 1.0
37 2835 1.0
37 2836 1.0
37 2837 1.0
37 2838 1.0
37 2839 1.0
37 2840 1.0
37 2841 1.0
37 2842 1.0
37 2843 1.0
37 2844 1.0
37 2845 1.0
37 2846 1.0
37 2847 1.0
37 2848 1.0
37 2849 1.0
37 2850 1.0
37 2851 1.0
37 2852 1.0
37 2853 1.0
37 2854 1.0
37 2855 1.0
37 2856 1.0
37 2857 1.0
37 2858 1.0
37 2859 1.0
37 2860 1.0
37 2861 1.0
37 2862 1.0
37 2863 1.0
37 2864 1.0
37 2865 1.0
37 2866 1.0
37 2867 1.0
37 2868 1.0
37 2869 1.0
37 2870 1.0
37 2871 1.0
37 2872 1.0
37 2873 1.0
37 2874 1.0
37 2875 1.0
37 2876 1.0
37 2877 1.0
37 2878 1.0
37 2879 1.0
37 2880 1.0
37 2881 1.0
37 2882 1.0
37 2883 1.0
37 2884 1.0
37 2885 1.0
37 2886 1.0
37 2887 1.0
37 2888 1.0
37 2889 1.0
37 2890 1.0
37 2891 1.0
37 2892 1.0
37 2893 1.0
37 2894 1.0
37 2895 1.0
37 2896 1.0
37 2897 1.0
37 2898 1.0
37 2899 1.0
37 2900 1.0
38 2901 1.0
38 2902 1.0
38 2903 1.0
38 2904 1.0
38 2905 1.0
38 2906 1.0
38 2907 1.0
38 2908 1.0
38 2909 1.0
38 2910 1.0
38 2911 1.0
38 2912 1.0
38 2913 1.0
38 2914 1.0
38 2915 1.0
38 2916 1.0
38 2917 1.0
38 2918 1.0
38 2919 1.0
38 2920 1.0
38 2921 1.0
38 2922 1.0
38 2923 1.0
38 2924 1.0
38 2925 1.0
38 2926 1.0
38 2927 1.0
38 2928 1.0
38 2929 1.0
38 2930 1.0
38 2931 1.0
38 2932 1.0
38 2933 1.0
38 2934 1.0
38 2935 1.0
38 2936 1.0
38 2937 1.0
38 2938 1.0
38 2939 1.0
38 2940 1.0
38 2941 1.0
38 2942 1.0
38 2943 1.0
38 2944 1.0
38 2945 1.0
38 2946 1.0
38 2947 1.0
38 2948 1.0
38 2949 1.0
38 2950 1.0
38 2951 1.0
38 2952 1.0
38 2953 1.0
38 2954 1.0
38 2955 1.0
38 2956 1.0
38 2957 1.0
38 2958 1.0
38 2959 1.0
38 2960 1.0
38 2961 1.0
38 2962 1.0
38 2963 1.0
38 2964 1.0
38 2965 1.0
38 2966 1.0
38 2967 1.0
38 2968 1.0
38 2969 1.0
38 2970 1.0
38 2971 1.0
38 2972 1.0
38 2973 1.0
38 2974 1.0
38 2975 1.0
38 2976 1.0
38 2977 1.0
38 2978 1.0
38 2979 1.0
38 2980 1.0
38 2981 1.0
38 2982 1.0
38 2983 1.0
38 2984 1.0
38 2985 1.0
38 2986 1.0
38 2987 1.0
39 2988 1.0
39 2989 1.0
39 2990 1.0
39 2991 1.0
39 2992 1.0
39 2993 1.0
39 2994 1.0
39 2995 1.0
39 2996 1.0
39 2997 1.0
39 2998 1.0
39 2999 1.0
39 3000 1.0
39 3001 1.0
39 3002 1.0
39 3003 1.0
39 3004 1.0
39 3005 1.0
39 3006 1.0
39 3007 1.0
39 3008 1.0
39 3009 1.0
39 3010 1.0
39 3011 1.0
39 3012 1.0
39 3013 1.0
39 3014 1.0
39 3015 1.0
39 3016 1.0
39 3017 1.0
39 3018 1.0
39 3019 1.0
39 3020 1.0
39 3021 1.0
39 3022 1.0
39 3023 1.0
39 3024 1.0
39 3025 1.0
39 3026 1.0
39 3027 1.0
39 3028 1.0
39 3029 1.0
39 3030 1.0
39 3031 1.0
39 3032 1.0
39 3033 1.0
39 3034 1.0
39 3035 1.0
39 3036 1.0
39 3037 1.0
39 3038 1.0
39 3039 1.0
39 3040 1.0
39 3041 1.0
39 3042 1.0
39 3043 1.0
39 3044 1.0
39 3045 1.0
39 3046 1.0
39 3047 1.0
39 3048 1.0
39 3049 1.0
39 3050 1.0
39 3051 1.0
39 3052 1.0
39 3053 1.0
39 3054 1.0
39 3055 1.0
39 3056 1.0
39 3057 1.0
39 3058 1.0
39 3059 1.0
39 3060 1.0
39 3061 1.0
39 3062 1.0
39 3063 1.0
39 3064 1.0
39 3065 1.0
39 3066 1.0
39 3067 1.0
39 3068 1.0
40 3069 1.0
40 3070 1.0
40 3071 1.0
40 3072 1.0
40 3073 1.0
40 3074 1.0
40 3075 1.0
40 3076 1.0
40 3077 1.0
40 3078 1.0
40 3079 1.0
40 3080 1.0
40 3081 1.0
40 3082 1.0
40 3083 1.0
40 3084 1.0
40 3085 1.0
40 3086 1.0
40 3087 1.0
40 3088 1.0
40 3089 1.0
40 3090 1.0
40 3091 1.0
40 3092 1.0
40 3093 1.0
40 3094 1.0
40 3095 1.0
40 3096 1.0
40 3097 1.0
40 3098 1.0
40 3099 1.0
40 3100 1.0
40 3101 1.0
40 3102 1.0
40 3103 1.0
40 3104 1.0
40 3105 1.0
40 3106 1.0
40 3107 1.0
40 3108 1.0
40 3109 1.0
40 3110 1.0
40 3111 1.0
40 3112 1.0
40 3113 1.0
40 3114 1.0
40 3115 1.0
40 3116 1.0
40 3117 1.0
40 3118 1.0
40 3119 1.0
40 3120 1.0
40 3121 1.0
40 3122 1.0
40 3123 1.0
40 3124 1.0
40 3125 1.0
40 3126 1.0
40 3127 1.0
40 3128 1.0
40 3129 1.0
40 3130 1.0
40 3131 1.0
40 3132 1.0
40 3133 1.0
40 3134 1.0
40 3135 1.0
40 3136 1.0
40 3137 1.0
40 3138 1.0
40 3139 1.0
40 3140 1.0
40 3141 1.0
40 3142 1.0
40 3143 1.0
40 3144 1.0
40 3145 1.0
40 3146 1.0
40 3147 1.0
40 3148 1.0
40 3149 1.0
40 3150 1.0
40 3151 1.0
41 3152 1.0
41 3153 1.0
41 3154 1.0
41 3155 1.0
41 3156 1.0
41 3157 1.0
41 3158 1.0
41 3159 1.0
41 3160 1.0
41 3161 1.0
41 3162 1.0
41 3163 1.0
41 3164 1.0
41 3165 1.0
41 3166 1.0
41 3167 1.0
41 3168 1.0
41 3169 1.0
41 3170 1.0
41 3171 1.0
41 3172 1.0
41 3173 1.0
41 3174 1.0
41 3175 1.0
41 3176 1.0
41 3177 1.0
41 3178 1.0
41 3179 1.0
41 3180 1.0
41 3181 1.0
41 3182 1.0
41 3183 1.0
41 3184 1.0
41 3185 1.0
41 3186 1.0
41 3187 1.0
41 3188 1.0
41 3189 1.0
41 3190 1.0
41 3191 1.0
41 3192 1.0
41 3193 1.0
41 3194 1.0
41 3195 1.0
41 3196 1.0
41 3197 1.0
41 3198 1.0
41 3199 1.0
41 3200 1.0
41 3201 1.0
41 3202 1.0
41 3203 1.0
41 3204 1.0
41 3205 1.0
41 3206 1.0
41 3207 1.0
41 3208 1.0
41 3209 1.0
41 3210 1.0
41 3211 1.0
41 3212 1.0
41 3213 1.0
41 3214 1.0
41 3215 1.0
41 3216 1.0
41 3217 1.0
41 3218 1.0
41 3219 1.0
41 3220 1.0
41 3221 1.0
41 3222 1.0
41 3223 1.0
41 3224 1.0
41 3225 1.0
41 3226 1.0
41 3227 1.0
41 3228 1.0
41 3229 1.0
41 3230 1.0
41 3231 1.0
41 3232 1.0
41 3233 1.0
41 3234 1.0
41 3235 1.0
42 3236 1.0
42 3237 1.0
42 3238 1.0
42 3239 1.0
42 3240 1.0
42 3241 1.0
42 3242 1.0
42 3243 1.0
42 3244 1.0
42 3245 1.0
42 3246 1.0
42 3247 1.0
42 3248 1.0
42 3249 1.0
42 3250 1.0
42 3251 1.0
42 3252 1.0
42 3253 1.0
42 3254 1.0
42 3255 1.0
42 3256 1.0
42 3257 1.0
42 3258 1.0
42 3259 1.0
42 3260 1.0
42 3261 1.0
42 3262 1.0
42 3263 1.0
42 3264 1.0
42 3265 1.0
42 3266 1.0
42 3267 1.0
42 3268 1.0
42 3269 1.0
42 3270 1.0
42 3271 1.0
42 3272 1.0
42 3273 1.0
42 3274 1.0
42 3275 1.0
42 3276 1.0
42 3277 1.0
42 3278 1.0
42 3279 1.0
42 3280 1.0
42 3281 1.0
42 3282 1.0
42 3283 1.0
42 3284 1.0
42 3285 1.0
42 3286 1.0
42 3287 1.0
42 3288 1.0
42 3289 1.0
42 3290 1.0
42 3291 1.0
42 3292 1.0
42 3293 1.0
42 3294 1.0
42 3295 1.0
42 3296 1.0
42 3297 1.0
42 3298 1.0
42 3299 1.0
42 3300 1.0
42 3301 1.0
42 3302 1.0
42 3303 1.0
42 3304 1.0
42 3305 1.0
42 3306 1.0
42 3307 1.0
42 3308 1.0
42 3309 1.0
42 3310 1.0
42 3311 1.0
42 3312 1.0
42 3313 1.0
42 3314 1.0
42 3315 1.0
42 3316 1.0
42 3317 1.0
42 3318 1.0
42 3319 1.0
42 3320 1.0
42 3321 1.0
42 3322 1.0
42 3323 1.0
42 3324 1.0
43 3325 1.0
43 3326 1.0
43 3327 1.0
43 3328 1.0
43 3329 1.0
43 3330 1.0
43 3331 1.0
43 3332 1.0
43 3333 1.0
43 3334 1.0
43 3335 1.0
43 3336 1.0
43 3337 1.0
43 3338 1.0
43 3339 1.0
43 3340 1.0
43 3341 1.0
43 3342 1.0
43 3343 1.0
43 3344 1.0
43 3345 1.0
43 3346 1.0
43 3347 1.0
43 3348 1.0
43 3349 1.0
43 3350 1.0
43 3351 1.0
43 3352 1.0
43 3353 1.0
43 3354 1.0
43 3355 1.0
43 3356 1.0
43 3357 1.0
43 3358 1.0
43 3359 1.0
43 3360 1.0
43 3361 1.0
43 3362 1.0
43 3363 1.0
43 3364 1.0
43 3365 1.0
43 3366 1.0
43 3367 1.0
43 3368 1.0
43 3369 1.0
43 3370 1.0
43 3371 1.0
43 3372 1.0
43 3373 1.0
43 3374 1.0
43 3375 1.0
43 3376 1.0
43 3377 1.0
43 3378 1.0
43 3379 1.0
43 3380 1.0
43 3381 1.0
43 3382 1.0
43 3383 1.0
43 3384 1.0
43 3385 1.0
43 3386 1.0
43 3387 1.0
43 3388 1.0
43 3389 1.0
43 3390 1.0
43 3391 1.0
43 3392 1.0
43 3393 1.0
43 3394 1.0
43 3395 1.0
43 3396 1.0
43 3397 1.0
43 3398 1.0
43 3399 1.0
43 3400 1.0
43 3401 1.0
43 3402 1.0
43 3403 1.0
44 3404 1.0
44 3405 1.0
44 3406 1.0
44 3407 1.0
44 3408 1.0
44 3409 1.0
44 3410 1.0
44 3411 1.0
44 3412 1.0
44 3413 1.0
44 3414 1.0
44 3415 1.0
44 3416 1.0
44 3417 1.0
44 3418 1.0
44 3419 1.0
44 3420 1.0
44 3421 1.0
44 3422 1.0
44 3423 1.0
44 3424 1.0
44 3425 1.0
44 3426 1.0
44 3427 1.0
44 3428 1.0
44 3429 1.0
44 3430 1.0
44 3431 1.0
44 3432 1.0
44 3433 1.0
44 3434 1.0
44 3435 1.0
44 3436 1.0
44 3437 1.0
44 3438 1.0
44 3439 1.0
44 3440 1.0
44 3441 1.0
44 3442 1.0
44 3443 1.0
44 3444 1.0
44 3445 1.0
44 3446 1.0
44 3447 1.0
44 3448 1.0
44 3449 1.0
44 3450 1.0
44 3451 1.0
44 3452 1.0
44 3453 1.0
44 3454 1.0
44 3455 1.0
44 3456 1.0
44 3457 1.0
44 3458 1.0
44 3459 1.0
44 3460 1.0
44 3461 1.0
44 3462 1.0
44 3463 1.0
44 3464 1.0
44 3465 1.0
44 3466 1.0
44 3467 1.0
44 3468 1.0
44 3469 1.0
44 3470 1.0
44 3471 1.0
44 3472 1.0
44 3473 1.0
44 3474 1.0
44 3475 1.0
44 3476 1.0
44 3477 1.0
44 3478 1.0
44 3479 1.0
44 3480 1.0
45 3481 1.0
45 3482 1.0
45 3483 1.0
45 3484 1.0
45 3485 1.0
45 3486 1.0
45 3487 1.0
45 3488 1.0
45 3489 1.0
45 3490 1.0
45 3491 1.0
45 3492 1.0
45 3493 1.0
45 3494 1.0
45 3495 1.0
45 3496 1.0
45 3497 1.0
45 3498 1.0
45 3499 1.0
45 3500 1.0
45 3501 1.0
45 3502 1.0
45 3503 1.0
45 3504 1.0
45 3505 1.0
45 3506 1.0
45 3507 1.0
45 3508 1.0
45 3509 1.0
45 3510 1.0
45 3511 1.0
45 3512 1.0
45 3513 1.0
45 3514 1.0
45 3515 1.0
45 3516 1.0
45 3517 1.0
45 3518 1.0
45 3519 1.0
45 3520 1.0
45 3521 1.0
45 3522 1.0
45 3523 1.0
45 3524 1.0
45 3525 1.0
45 3526 1.0
45 3527 1.0
45 3528 1.0
45 3529 1.0
45 3530 1.0
45 3531 1.0
45 3532 1.0
45 3533 1.0
45 3534 1.0
45 3535 1.0
45 3536 1.0
45 3537 1.0
45 3538 1.0
45 3539 1.0
45 3540 1.0
45 3541 1.0
45 3542 1.0
45 3543 1.0
45 3544 1.0
45 3545 1.0
45 3546 1.0
45 3547 1.0
45 3548 1.0
45 3549 1.0
45 3550 1.0
46 3551 1.0
46 3552 1.0
46 3553 1.0
46 3554 1.0
46 3555 1.0
46 3556 1.0
46 3557 1.0
46 3558 1.0
46 3559 1.0
46 3560 1.0
46 3561 1.0
46 3562 1.0
46 3563 1.0
46 3564 1.0
46 3565 1.0
46 3566 1.0
46 3567 1.0
46 3568 1.0
46 3569 1.0
46 3570 1.0
46 3571 1.0
46 3572 1.0
46 3573 1.0
46 3574 1.0
46 3575 1.0
46 3576 1.0
46 3577 1.0
46 3578 1.0
46 3579 1.0
46 3580 1.0
46 3581 1.0
46 3582 1.0
46 3583 1.0
46 3584 1.0
46 3585 1.0
46 3586 1.0
46 3587 1.0
46 3588 1.0
46 3589 0.0
