0 1 31777.369999999995
0 2 27332.829999999998
0 3 22991.350000000002
1 4 22991.350000000002
1 5 20314.629999999994
1 6 20314.629999999994
1 7 20314.629999999994
1 8 19895.429999999997
1 9 18685.21
1 10 18685.21
1 11 18685.21
1 12 18685.21
1 13 18612.950000000008
1 14 18612.950000000008
1 15 18460.950000000008
1 16 18460.950000000008
1 17 18460.950000000008
1 18 18460.950000000008
1 19 18460.950000000008
1 20 18460.950000000008
1 21 18252.950000000008
1 22 18247.190000000006
1 23 18247.190000000006
1 24 18247.190000000006
1 25 18247.190000000006
1 26 18247.190000000006
1 27 18247.190000000006
1 28 17155.44
1 29 17155.44
1 30 17155.44
1 31 17155.44
1 32 17155.44
1 33 17155.44
1 34 16598.0
1 35 16598.0
1 36 16598.0
1 37 16598.0
1 38 16543.6
1 39 16543.6
1 40 16543.6
1 41 15483.18
1 42 15483.18
1 43 15483.18
1 44 15483.18
1 45 15483.18
1 46 15480.93
1 47 15479.25
1 48 15479.25
1 49 15479.25
1 50 15479.25
1 51 15479.25
1 52 15428.810000000001
1 53 15428.810000000001
1 54 15428.810000000001
1 55 15428.810000000001
1 56 15428.810000000001
1 57 15428.810000000001
1 58 15411.810000000001
1 59 15411.810000000001
1 60 15411.810000000001
1 61 15411.810000000001
1 62 15411.810000000001
1 63 15367.650000000001
1 64 15367.650000000001
1 65 15367.650000000001
1 66 15367.650000000001
1 67 15367.650000000001
1 68 15367.650000000001
1 69 15367.650000000001
2 70 15367.650000000001
2 71 15367.650000000001
2 72 15367.650000000001
2 73 15367.650000000001
2 74 15367.650000000001
2 75 15367.650000000001
2 76 15367.650000000001
2 77 15367.650000000001
2 78 15367.650000000001
2 79 15367.650000000001
2 80 15192.930000000002
2 81 15192.930000000002
2 82 15192.930000000002
2 83 15192.930000000002
2 84 15192.930000000002
2 85 15192.930000000002
2 86 14197.090000000002
2 87 14197.090000000002
2 88 14197.090000000002
2 89 14197.090000000002
2 90 14197.090000000002
2 91 14197.090000000002
2 92 14197.090000000002
2 93 14197.090000000002
2 94 14197.090000000002
2 95 14163.410000000002
2 96 14163.410000000002
2 97 14163.410000000002
2 98 14163.410000000002
2 99 14163.410000000002
2 100 14163.410000000002
2 101 14163.410000000002
2 102 13431.260000000002
2 103 13431.260000000002
2 104 13431.260000000002
2 105 13431.260000000002
2 106 13431.260000000002
2 107 13431.260000000002
2 108 13431.260000000002
2 109 13431.260000000002
2 110 13431.260000000002
2 111 13431.260000000002
2 112 13431.260000000002
2 113 13431.260000000002
2 114 13431.260000000002
2 115 13431.260000000002
2 116 13431.260000000002
2 117 13431.260000000002
2 118 13431.260000000002
2 119 13428.570000000002
2 120 13428.570000000002
2 121 13428.570000000002
2 122 13428.570000000002
2 123 13428.570000000002
2 124 13428.570000000002
2 125 13428.570000000002
2 126 13428.570000000002
2 127 13428.570000000002
2 128 13428.570000000002
2 129 13428.570000000002
2 130 13428.570000000002
2 131 13428.570000000002
2 132 13428.570000000002
2 133 13428.570000000002
2 134 13428.570000000002
2 135 13428.570000000002
2 136 13428.570000000002
2 137 13428.570000000002
2 138 13428.570000000002
2 139 13428.570000000002
3 140 13428.570000000002
3 141 13428.570000000002
3 142 13428.570000000002
3 143 13428.570000000002
3 144 13428.570000000002
3 145 13428.570000000002
3 146 13428.570000000002
3 147 13428.570000000002
3 148 13428.570000000002
3 149 13428.570000000002
3 150 13428.570000000002
3 151 13428.570000000002
3 152 13428.570000000002
3 153 13428.570000000002
3 154 13428.570000000002
3 155 13359.900000000001
3 156 13359.900000000001
3 157 13359.900000000001
3 158 13359.900000000001
3 159 13335.77
3 160 13335.77
3 161 13335.77
3 162 13335.77
3 163 13335.77
3 164 13335.77
3 165 13300.25
3 166 13300.25
3 167 13015.77
3 168 13015.77
3 169 13015.77
3 170 13010.09
3 171 13010.09
3 172 13010.09
3 173 13010.09
3 174 13010.09
3 175 13010.09
3 176 13010.09
3 177 13010.09
3 178 13010.09
3 179 13010.09
3 180 13010.09
3 181 12518.939999999999
3 182 12518.939999999999
3 183 12518.939999999999
3 184 12518.939999999999
3 185 12518.939999999999
3 186 12518.939999999999
3 187 12498.14
3 188 12498.14
3 189 12469.33
3 190 12469.33
3 191 12440.099999999999
3 192 11699.740000000002
3 193 11699.740000000002
3 194 11699.740000000002
3 195 11699.740000000002
3 196 11699.740000000002
3 197 11678.220000000001
3 198 11678.220000000001
3 199 11678.220000000001
3 200 11678.220000000001
3 201 11270.489999999998
3 202 11270.489999999998
3 203 11270.489999999998
3 204 11270.489999999998
3 205 11224.41
3 206 11224.41
3 207 11224.41
3 208 11224.41
3 209 11224.41
3 210 11121.369999999999
3 211 11121.369999999999
3 212 11121.369999999999
3 213 11121.369999999999
3 214 11121.369999999999
3 215 11121.369999999999
3 216 11121.369999999999
3 217 11121.369999999999
3 218 11121.369999999999
4 219 11121.369999999999
4 220 11121.369999999999
4 221 11121.369999999999
4 222 11121.369999999999
4 223 11097.689999999999
4 224 11097.689999999999
4 225 10488.41
4 226 10488.41
4 227 10488.41
4 228 9833.05
4 229 9833.05
4 230 9833.05
4 231 9833.05
4 232 9824.33
4 233 9824.33
4 234 9824.33
4 235 9824.33
4 236 9824.33
4 237 9778.25
4 238 9778.25
4 239 9778.25
4 240 9778.25
4 241 9778.25
4 242 9778.25
4 243 9778.25
4 244 9608.519999999999
4 245 9608.519999999999
4 246 9608.519999999999
4 247 9608.519999999999
4 248 9608.519999999999
4 249 9608.519999999999
4 250 9608.519999999999
4 251 9608.519999999999
4 252 9608.519999999999
4 253 9608.519999999999
4 254 9608.519999999999
4 255 9608.519999999999
4 256 9608.519999999999
4 257 9608.519999999999
4 258 9608.519999999999
4 259 9608.519999999999
4 260 9608.519999999999
4 261 9608.519999999999
4 262 9608.519999999999
4 263 9608.519999999999
4 264 9608.519999999999
4 265 8987.269999999997
4 266 8987.269999999997
4 267 8987.269999999997
4 268 8987.269999999997
4 269 8984.299999999997
4 270 8949.509999999997
4 271 8949.509999999997
4 272 8949.509999999997
4 273 8773.509999999997
4 274 8773.509999999997
4 275 8773.509999999997
4 276 8773.509999999997
4 277 8773.509999999997
4 278 8773.509999999997
4 279 8773.509999999997
4 280 8773.509999999997
4 281 8543.119999999999
4 282 8543.119999999999
4 283 8543.119999999999
4 284 8543.119999999999
4 285 8539.269999999999
4 286 8539.269999999999
4 287 8539.269999999999
4 288 8539.269999999999
4 289 8539.269999999999
4 290 8539.269999999999
4 291 8539.269999999999
5 292 8539.269999999999
5 293 8517.189999999999
5 294 8517.189999999999
5 295 8517.189999999999
5 296 8517.189999999999
5 297 8517.189999999999
5 298 8517.189999999999
5 299 8517.189999999999
5 300 8517.189999999999
5 301 8517.189999999999
5 302 8517.189999999999
5 303 8517.189999999999
5 304 8517.189999999999
5 305 8517.189999999999
5 306 8517.189999999999
5 307 8517.189999999999
5 308 8517.189999999999
5 309 8517.189999999999
5 310 8517.189999999999
5 311 8517.189999999999
5 312 8517.189999999999
5 313 8517.189999999999
5 314 8517.189999999999
5 315 8373.189999999999
5 316 8373.189999999999
5 317 8373.189999999999
5 318 8373.189999999999
5 319 8373.189999999999
5 320 8373.189999999999
5 321 8373.189999999999
5 322 8373.189999999999
5 323 8373.189999999999
5 324 8373.189999999999
5 325 8373.189999999999
5 326 8373.189999999999
5 327 8373.189999999999
5 328 8373.189999999999
5 329 8373.189999999999
5 330 8373.189999999999
5 331 8373.189999999999
5 332 8373.189999999999
5 333 8373.189999999999
5 334 8373.189999999999
5 335 8373.189999999999
5 336 8329.35
5 337 8329.35
5 338 8329.35
5 339 8329.35
5 340 8329.35
5 341 8329.35
5 342 8329.35
5 343 8329.35
5 344 8329.35
5 345 8329.35
5 346 8329.35
5 347 8329.35
5 348 8282.630000000001
5 349 8282.630000000001
5 350 8245.2
5 351 8245.2
5 352 8245.2
5 353 8245.2
5 354 8245.2
5 355 8245.2
5 356 8245.2
5 357 8245.2
5 358 8245.2
5 359 8245.2
5 360 8245.2
5 361 8245.2
5 362 8245.2
5 363 8245.2
5 364 8245.2
5 365 8219.36
5 366 8219.36
5 367 8111.95
5 368 8111.95
5 369 8111.95
6 370 8111.95
6 371 8111.95
6 372 8111.95
6 373 8111.95
6 374 8111.95
6 375 8111.95
6 376 8111.95
6 377 8111.95
6 378 8111.95
6 379 8111.95
6 380 8111.95
6 381 8111.95
6 382 8098.95
6 383 8098.95
6 384 8098.95
6 385 8098.95
6 386 8098.95
6 387 8098.95
6 388 8098.95
6 389 8098.95
6 390 8098.95
6 391 8098.95
6 392 8098.95
6 393 8098.95
6 394 8098.95
6 395 8098.95
6 396 8098.95
6 397 8098.95
6 398 8098.95
6 399 8098.95
6 400 8090.47
6 401 8090.47
6 402 8090.47
6 403 8090.47
6 404 8090.47
6 405 8047.750000000001
6 406 8047.750000000001
6 407 8047.750000000001
6 408 8047.750000000001
6 409 8047.750000000001
6 410 8034.790000000001
6 411 8034.790000000001
6 412 8034.790000000001
6 413 8034.790000000001
6 414 8034.790000000001
6 415 8026.31
6 416 8026.31
6 417 8026.31
6 418 8026.31
6 419 8024.179999999999
6 420 7651.2699999999995
6 421 7651.2699999999995
6 422 7651.2699999999995
6 423 7630.150000000001
6 424 7630.150000000001
6 425 7630.150000000001
6 426 7630.150000000001
6 427 7630.150000000001
6 428 7630.150000000001
6 429 7630.150000000001
6 430 7630.150000000001
6 431 7630.150000000001
6 432 7630.150000000001
6 433 7630.150000000001
6 434 7630.150000000001
6 435 7523.46
6 436 7523.46
6 437 7523.46
6 438 7523.46
6 439 7523.46
6 440 7523.46
6 441 7336.059999999999
6 442 7336.059999999999
6 443 7336.059999999999
6 444 7336.059999999999
6 445 7336.059999999999
6 446 7336.059999999999
6 447 7336.059999999999
6 448 7336.059999999999
7 449 7336.059999999999
7 450 7336.059999999999
7 451 7336.059999999999
7 452 7336.059999999999
7 453 7336.059999999999
7 454 7336.059999999999
7 455 7336.059999999999
7 456 7336.059999999999
7 457 7336.059999999999
7 458 7336.059999999999
7 459 7336.059999999999
7 460 7336.059999999999
7 461 7336.059999999999
7 462 7336.059999999999
7 463 7336.059999999999
7 464 7336.059999999999
7 465 7336.059999999999
7 466 7336.059999999999
7 467 7336.059999999999
7 468 7336.059999999999
7 469 7336.059999999999
7 470 7336.059999999999
7 471 7336.059999999999
7 472 7170.649999999999
7 473 7170.649999999999
7 474 7170.649999999999
7 475 7170.649999999999
7 476 7170.649999999999
7 477 7170.649999999999
7 478 7170.649999999999
7 479 7170.649999999999
7 480 7170.649999999999
7 481 7170.649999999999
7 482 7170.649999999999
7 483 7170.649999999999
7 484 7170.649999999999
7 485 7170.649999999999
7 486 6991.449999999999
7 487 6991.449999999999
7 488 6991.449999999999
7 489 6991.449999999999
7 490 6991.449999999999
7 491 6991.449999999999
7 492 6991.449999999999
7 493 6991.449999999999
7 494 6991.449999999999
7 495 6991.449999999999
7 496 6991.449999999999
7 497 6991.449999999999
7 498 6991.449999999999
7 499 6991.449999999999
7 500 6991.449999999999
7 501 6991.449999999999
7 502 6991.449999999999
7 503 6991.449999999999
7 504 6991.449999999999
7 505 6991.449999999999
7 506 6956.49
7 507 6956.49
7 508 6956.49
7 509 6956.49
7 510 6956.49
7 511 6956.49
7 512 6956.49
7 513 6956.49
7 514 6956.49
7 515 6956.49
7 516 6956.49
7 517 6956.49
7 518 6956.49
7 519 6956.49
7 520 6956.49
7 521 6956.49
7 522 6956.49
7 523 6956.49
7 524 6956.49
7 525 6956.49
8 526 6956.49
8 527 6956.49
8 528 6294.679999999999
8 529 6294.679999999999
8 530 6294.679999999999
8 531 6294.679999999999
8 532 6294.679999999999
8 533 6294.679999999999
8 534 6294.679999999999
8 535 6294.679999999999
8 536 6294.679999999999
8 537 6294.679999999999
8 538 6294.679999999999
8 539 6294.679999999999
8 540 6294.679999999999
8 541 6294.679999999999
8 542 6294.679999999999
8 543 6294.679999999999
8 544 6294.679999999999
8 545 6294.679999999999
8 546 6097.169999999999
8 547 6097.169999999999
8 548 6097.169999999999
8 549 6097.169999999999
8 550 6097.169999999999
8 551 6097.169999999999
8 552 6097.169999999999
8 553 6097.169999999999
8 554 6097.169999999999
8 555 6097.169999999999
8 556 6097.169999999999
8 557 6097.169999999999
8 558 6097.169999999999
8 559 6097.169999999999
8 560 6097.169999999999
8 561 6097.169999999999
8 562 6097.169999999999
8 563 5854.179999999999
8 564 5854.179999999999
8 565 5854.179999999999
8 566 5854.179999999999
8 567 5854.179999999999
8 568 5854.179999999999
8 569 5854.179999999999
8 570 5854.179999999999
8 571 5854.179999999999
8 572 5854.179999999999
8 573 5854.179999999999
8 574 5854.179999999999
8 575 5854.179999999999
8 576 5854.179999999999
8 577 5854.179999999999
8 578 5854.179999999999
8 579 5854.179999999999
8 580 5854.179999999999
8 581 5854.179999999999
8 582 5854.179999999999
8 583 5854.179999999999
8 584 5713.120000000001
8 585 5713.120000000001
8 586 5713.120000000001
8 587 5713.120000000001
8 588 5713.120000000001
8 589 5713.120000000001
8 590 5713.120000000001
8 591 5713.120000000001
8 592 5703.920000000001
8 593 5703.920000000001
8 594 5703.920000000001
8 595 5703.920000000001
8 596 5692.240000000001
8 597 5692.240000000001
8 598 5689.990000000001
8 599 5689.990000000001
8 600 5689.990000000001
8 601 5689.990000000001
8 602 5689.990000000001
8 603 5689.990000000001
8 604 5689.990000000001
8 605 5689.990000000001
8 606 5689.990000000001
9 607 5689.990000000001
9 608 5689.990000000001
9 609 5672.990000000001
9 610 5672.990000000001
9 611 5672.990000000001
9 612 5672.990000000001
9 613 5608.990000000001
9 614 5608.990000000001
9 615 5608.990000000001
9 616 5608.990000000001
9 617 5608.990000000001
9 618 5608.990000000001
9 619 5608.990000000001
9 620 5608.990000000001
9 621 5608.990000000001
9 622 5608.990000000001
9 623 5608.990000000001
9 624 5608.990000000001
9 625 5608.990000000001
9 626 5608.990000000001
9 627 5608.990000000001
9 628 5608.990000000001
9 629 5608.990000000001
9 630 5608.990000000001
9 631 5608.990000000001
9 632 5608.990000000001
9 633 5608.990000000001
9 634 5608.990000000001
9 635 5608.990000000001
9 636 5608.990000000001
9 637 5564.51
9 638 5564.51
9 639 5564.51
9 640 5564.51
9 641 5564.51
9 642 5564.51
9 643 5564.51
9 644 5564.51
9 645 5564.51
9 646 5564.51
9 647 5561.900000000001
9 648 5560.62
9 649 5560.62
9 650 5560.62
9 651 5560.62
9 652 5560.62
9 653 5539.9800000000005
9 654 5539.9800000000005
9 655 5539.9800000000005
9 656 5539.9800000000005
9 657 5539.9800000000005
9 658 5539.9800000000005
9 659 5539.9800000000005
9 660 5539.9800000000005
9 661 5539.9800000000005
9 662 5539.9800000000005
9 663 5539.9800000000005
9 664 5539.9800000000005
9 665 5539.9800000000005
9 666 5539.9800000000005
9 667 5539.9800000000005
9 668 5539.9800000000005
9 669 5539.9800000000005
9 670 5539.9800000000005
9 671 5539.9800000000005
9 672 5539.9800000000005
9 673 5539.9800000000005
9 674 5381.74
9 675 5381.74
9 676 5381.74
9 677 5381.74
9 678 5381.74
9 679 5381.74
9 680 5381.74
9 681 5219.13
9 682 5219.13
9 683 5219.13
9 684 5219.13
9 685 5219.13
9 686 5219.13
9 687 5219.13
9 688 5219.13
10 689 5219.13
10 690 5219.13
10 691 5219.13
10 692 5219.13
10 693 5219.13
10 694 5219.13
10 695 5219.13
10 696 5219.13
10 697 5219.13
10 698 5219.13
10 699 5219.13
10 700 5219.13
10 701 5219.13
10 702 5219.13
10 703 5219.13
10 704 5219.13
10 705 5219.13
10 706 5219.13
10 707 5219.13
10 708 5219.13
10 709 5219.13
10 710 5219.13
10 711 5219.13
10 712 5219.13
10 713 5219.13
10 714 5219.13
10 715 5219.13
10 716 5219.13
10 717 5219.13
10 718 5219.13
10 719 5219.13
10 720 5219.13
10 721 5219.13
10 722 5219.13
10 723 5219.13
10 724 5219.13
10 725 5219.13
10 726 5219.13
10 727 5219.13
10 728 5219.13
10 729 5219.13
10 730 5219.13
10 731 5219.13
10 732 5219.13
10 733 5219.13
10 734 5219.13
10 735 5219.13
10 736 5208.29
10 737 5208.29
10 738 5208.29
10 739 5208.29
10 740 5208.29
10 741 5208.29
10 742 5208.29
10 743 5208.29
10 744 5208.29
10 745 5208.29
10 746 5208.29
10 747 5208.29
10 748 5208.29
10 749 5208.29
10 750 5208.29
10 751 5208.29
10 752 5208.29
10 753 5208.29
10 754 5208.29
10 755 5208.29
10 756 5208.29
10 757 5200.29
10 758 5200.29
10 759 5200.29
10 760 5200.29
10 761 5156.7699999999995
10 762 5156.7699999999995
10 763 5156.7699999999995
10 764 5156.7699999999995
10 765 5156.7699999999995
10 766 5156.7699999999995
10 767 5156.7699999999995
11 768 5156.7699999999995
11 769 5156.7699999999995
11 770 5156.7699999999995
11 771 5156.7699999999995
11 772 5156.7699999999995
11 773 5156.7699999999995
11 774 5156.7699999999995
11 775 5156.7699999999995
11 776 5156.7699999999995
11 777 5156.7699999999995
11 778 5156.7699999999995
11 779 5156.7699999999995
11 780 5156.7699999999995
11 781 5156.7699999999995
11 782 5156.7699999999995
11 783 5156.7699999999995
11 784 5156.7699999999995
11 785 5156.7699999999995
11 786 5156.7699999999995
11 787 5156.7699999999995
11 788 5156.7699999999995
11 789 5156.7699999999995
11 790 5156.7699999999995
11 791 5156.7699999999995
11 792 5156.7699999999995
11 793 5156.7699999999995
11 794 5156.7699999999995
11 795 5156.7699999999995
11 796 5156.7699999999995
11 797 5156.7699999999995
11 798 5156.7699999999995
11 799 5156.7699999999995
11 800 5156.7699999999995
11 801 5156.7699999999995
11 802 5156.7699999999995
11 803 5156.7699999999995
11 804 5156.7699999999995
11 805 5156.7699999999995
11 806 5156.7699999999995
11 807 5156.7699999999995
11 808 5156.7699999999995
11 809 5152.7699999999995
11 810 5152.7699999999995
11 811 5152.7699999999995
11 812 5152.7699999999995
11 813 5152.7699999999995
11 814 5152.7699999999995
11 815 5152.7699999999995
11 816 5152.7699999999995
11 817 5152.7699999999995
11 818 5152.7699999999995
11 819 5152.7699999999995
11 820 5132.7699999999995
11 821 5132.7699999999995
11 822 5132.7699999999995
11 823 5132.7699999999995
11 824 5132.7699999999995
11 825 5132.7699999999995
11 826 5132.7699999999995
11 827 4557.68
11 828 4557.68
11 829 4557.68
11 830 4557.68
11 831 4557.68
11 832 4557.68
11 833 4557.68
11 834 4557.68
11 835 4557.68
11 836 4553.68
11 837 4553.68
11 838 4553.68
11 839 4553.68
11 840 4552.68
11 841 4552.68
11 842 4532.96
12 843 4532.96
12 844 4532.96
12 845 4532.96
12 846 4532.96
12 847 4532.96
12 848 4532.96
12 849 4532.96
12 850 4532.96
12 851 4532.96
12 852 4532.96
12 853 4532.96
12 854 4532.96
12 855 4532.96
12 856 4532.96
12 857 4532.96
12 858 4532.96
12 859 4532.96
12 860 4532.96
12 861 4532.96
12 862 4532.96
12 863 4508.96
12 864 4508.96
12 865 4508.96
12 866 4508.96
12 867 4508.96
12 868 4508.96
12 869 4508.96
12 870 4507.96
12 871 4507.96
12 872 4507.96
12 873 4507.96
12 874 4507.96
12 875 4507.96
12 876 4507.96
12 877 4507.96
12 878 4507.96
12 879 4507.96
12 880 4507.96
12 881 4507.96
12 882 4507.96
12 883 4507.96
12 884 4505.67
12 885 4505.67
12 886 4505.67
12 887 4505.67
12 888 4505.67
12 889 4505.67
12 890 4505.67
12 891 4505.67
12 892 4505.67
12 893 4497.67
12 894 4497.67
12 895 4497.67
12 896 4497.67
12 897 4497.67
12 898 4497.67
12 899 4497.67
12 900 4341.83
12 901 4341.83
12 902 4341.83
12 903 4341.83
12 904 4341.83
12 905 4341.83
12 906 4222.15
12 907 4222.15
12 908 4222.15
12 909 4222.15
12 910 4222.15
12 911 4222.15
12 912 4222.15
12 913 4222.15
12 914 4222.15
12 915 4222.15
12 916 4222.15
12 917 4222.15
12 918 4222.15
12 919 4222.15
13 920 4222.15
13 921 4222.15
13 922 4063.91
13 923 4063.91
13 924 4063.91
13 925 4063.91
13 926 4063.91
13 927 4063.91
13 928 3959.87
13 929 3959.87
13 930 3959.87
13 931 3959.87
13 932 3915.0699999999997
13 933 3915.0699999999997
13 934 3915.0699999999997
13 935 3915.0699999999997
13 936 3915.0699999999997
13 937 3915.0699999999997
13 938 3915.0699999999997
13 939 3915.0699999999997
13 940 3915.0699999999997
13 941 3915.0699999999997
13 942 3915.0699999999997
13 943 3915.0699999999997
13 944 3915.0699999999997
13 945 3915.0699999999997
13 946 3915.0699999999997
13 947 3915.0699999999997
13 948 3915.0699999999997
13 949 3915.0699999999997
13 950 3915.0699999999997
13 951 3915.0699999999997
13 952 3915.0699999999997
13 953 3915.0699999999997
13 954 3915.0699999999997
13 955 3915.0699999999997
13 956 3915.0699999999997
13 957 3915.0699999999997
13 958 3915.0699999999997
13 959 3915.0699999999997
13 960 3915.0699999999997
13 961 3915.0699999999997
13 962 3864.71
13 963 3864.71
13 964 3864.71
13 965 3864.71
13 966 3864.71
13 967 3864.71
13 968 3864.71
13 969 3864.71
13 970 3864.71
13 971 3864.71
13 972 3864.71
13 973 3864.71
13 974 3864.71
13 975 3864.71
13 976 3864.71
13 977 3864.71
13 978 3864.71
13 979 3864.71
13 980 3864.71
13 981 3864.71
13 982 3848.71
13 983 3848.71
13 984 3848.71
13 985 3848.71
13 986 3848.71
13 987 3848.71
13 988 3848.71
13 989 3848.71
13 990 3848.71
13 991 3848.71
13 992 3848.71
13 993 3848.71
13 994 3753.99
13 995 3753.99
13 996 3753.99
14 997 3753.99
14 998 3753.99
14 999 3753.99
14 1000 3753.99
14 1001 3753.99
14 1002 3753.99
14 1003 3753.99
14 1004 3753.99
14 1005 3753.99
14 1006 3753.99
14 1007 3753.99
14 1008 3753.99
14 1009 3753.99
14 1010 3753.99
14 1011 3753.99
14 1012 3753.99
14 1013 3729.99
14 1014 3729.99
14 1015 3729.99
14 1016 3729.99
14 1017 3729.99
14 1018 3729.99
14 1019 3708.87
14 1020 3708.87
14 1021 3708.87
14 1022 3708.87
14 1023 3708.87
14 1024 3708.87
14 1025 3708.87
14 1026 3708.87
14 1027 3565.0400000000004
14 1028 3560.5200000000004
14 1029 3560.5200000000004
14 1030 3560.5200000000004
14 1031 3560.5200000000004
14 1032 3560.5200000000004
14 1033 3560.5200000000004
14 1034 3560.5200000000004
14 1035 3560.5200000000004
14 1036 3560.5200000000004
14 1037 3560.5200000000004
14 1038 3560.5200000000004
14 1039 3560.5200000000004
14 1040 3560.5200000000004
14 1041 3560.5200000000004
14 1042 3560.5200000000004
14 1043 3560.5200000000004
14 1044 3560.5200000000004
14 1045 3560.5200000000004
14 1046 3560.5200000000004
14 1047 3560.5200000000004
14 1048 3481.1600000000003
14 1049 3481.1600000000003
14 1050 3481.1600000000003
14 1051 3481.1600000000003
14 1052 3481.1600000000003
14 1053 3481.1600000000003
14 1054 3481.1600000000003
14 1055 3481.1600000000003
14 1056 3481.1600000000003
14 1057 3481.1600000000003
14 1058 3481.1600000000003
14 1059 3481.1600000000003
14 1060 3481.1600000000003
14 1061 3481.1600000000003
14 1062 3481.1600000000003
14 1063 3481.1600000000003
14 1064 3481.1600000000003
14 1065 3481.1600000000003
14 1066 3481.1600000000003
14 1067 3481.1600000000003
14 1068 3481.1600000000003
14 1069 3477.1600000000003
14 1070 3477.1600000000003
14 1071 3477.1600000000003
14 1072 3477.1600000000003
14 1073 3477.1600000000003
14 1074 3477.1600000000003
14 1075 3477.1600000000003
14 1076 3477.1600000000003
14 1077 3477.1600000000003
14 1078 3477.1600000000003
14 1079 3477.1600000000003
14 1080 3477.1600000000003
15 1081 3477.1600000000003
15 1082 3477.1600000000003
15 1083 3477.1600000000003
15 1084 3477.1600000000003
15 1085 3477.1600000000003
15 1086 3477.1600000000003
15 1087 3477.1600000000003
15 1088 3477.1600000000003
15 1089 3477.1600000000003
15 1090 3477.1600000000003
15 1091 3477.1600000000003
15 1092 3477.1600000000003
15 1093 3477.1600000000003
15 1094 3477.1600000000003
15 1095 3477.1600000000003
15 1096 3477.1600000000003
15 1097 3477.1600000000003
15 1098 3099.15
15 1099 3099.15
15 1100 3099.15
15 1101 3099.15
15 1102 3099.15
15 1103 3075.15
15 1104 2840.2000000000003
15 1105 2840.2000000000003
15 1106 2840.2000000000003
15 1107 2840.2000000000003
15 1108 2840.2000000000003
15 1109 2840.2000000000003
15 1110 2840.2000000000003
15 1111 2840.2000000000003
15 1112 2840.2000000000003
15 1113 2840.2000000000003
15 1114 2840.2000000000003
15 1115 2806.11
15 1116 2806.11
15 1117 2806.11
15 1118 2806.11
15 1119 2806.11
15 1120 2806.11
15 1121 2806.11
15 1122 2806.11
15 1123 2806.11
15 1124 2806.11
15 1125 2806.11
15 1126 2806.11
15 1127 2806.11
15 1128 2806.11
15 1129 2806.11
15 1130 2806.11
15 1131 2806.11
15 1132 2806.11
15 1133 2806.11
15 1134 2806.11
15 1135 2806.11
15 1136 2806.11
15 1137 2806.11
15 1138 2806.11
15 1139 2806.11
15 1140 2806.11
15 1141 2806.11
15 1142 2803.86
15 1143 2803.86
15 1144 2803.86
15 1145 2803.86
15 1146 2803.86
15 1147 2803.86
15 1148 2803.86
15 1149 2803.86
15 1150 2803.86
15 1151 2803.86
15 1152 2803.86
15 1153 2803.86
15 1154 2803.86
15 1155 2803.86
16 1156 2803.86
16 1157 2803.86
16 1158 2803.86
16 1159 2803.86
16 1160 2803.86
16 1161 2803.86
16 1162 2803.86
16 1163 2803.86
16 1164 2803.86
16 1165 2803.86
16 1166 2803.86
16 1167 2803.86
16 1168 2803.86
16 1169 2803.86
16 1170 2803.86
16 1171 2803.86
16 1172 2803.86
16 1173 2803.86
16 1174 2803.86
16 1175 2803.86
16 1176 2803.86
16 1177 2803.86
16 1178 2803.86
16 1179 2803.86
16 1180 2803.86
16 1181 2803.86
16 1182 2803.86
16 1183 2803.86
16 1184 2803.86
16 1185 2803.86
16 1186 2803.86
16 1187 2803.86
16 1188 2803.86
16 1189 2803.86
16 1190 2803.86
16 1191 2803.86
16 1192 2803.86
16 1193 2803.86
16 1194 2803.86
16 1195 2803.86
16 1196 2803.86
16 1197 2803.86
16 1198 2803.86
16 1199 2803.86
16 1200 2803.86
16 1201 2803.86
16 1202 2803.86
16 1203 2803.86
16 1204 2803.86
16 1205 2803.86
16 1206 2803.86
16 1207 2803.86
16 1208 2803.86
16 1209 2803.86
16 1210 2803.86
16 1211 2803.86
16 1212 2803.86
16 1213 2803.86
16 1214 2803.86
16 1215 2801.77
16 1216 2801.77
16 1217 2801.77
16 1218 2801.77
16 1219 2801.77
16 1220 2801.77
16 1221 2801.77
16 1222 2801.77
16 1223 2801.77
16 1224 2801.77
16 1225 2801.77
16 1226 2801.77
16 1227 2801.77
16 1228 2801.77
17 1229 2801.77
17 1230 2801.77
17 1231 2801.77
17 1232 2801.77
17 1233 2801.77
17 1234 2771.05
17 1235 2771.05
17 1236 2771.05
17 1237 2771.05
17 1238 2771.05
17 1239 2771.05
17 1240 2771.05
17 1241 2771.05
17 1242 2771.05
17 1243 2771.05
17 1244 2771.05
17 1245 2771.05
17 1246 2771.05
17 1247 2771.05
17 1248 2771.05
17 1249 2771.05
17 1250 2771.05
17 1251 2771.05
17 1252 2771.05
17 1253 2771.05
17 1254 2771.05
17 1255 2771.05
17 1256 2771.05
17 1257 2771.05
17 1258 2771.05
17 1259 2771.05
17 1260 2771.05
17 1261 2771.05
17 1262 2771.05
17 1263 2771.05
17 1264 2771.05
17 1265 2771.05
17 1266 2771.05
17 1267 2771.05
17 1268 2619.16
17 1269 2619.16
17 1270 2619.16
17 1271 2619.16
17 1272 2619.16
17 1273 2619.16
17 1274 2619.16
17 1275 2619.16
17 1276 2619.16
17 1277 2619.16
17 1278 2619.16
17 1279 2619.16
17 1280 2619.16
17 1281 2619.16
17 1282 2619.16
17 1283 2619.16
17 1284 2619.16
17 1285 2619.16
17 1286 2619.16
17 1287 2619.16
17 1288 2619.16
17 1289 2619.16
17 1290 2619.16
17 1291 2619.16
17 1292 2619.16
17 1293 2619.16
17 1294 2619.16
17 1295 2619.16
17 1296 2619.16
17 1297 2619.16
17 1298 2619.16
17 1299 2619.16
17 1300 2619.16
17 1301 2619.16
17 1302 2619.16
17 1303 2619.16
17 1304 2619.16
17 1305 2619.16
17 1306 2619.16
17 1307 2619.16
17 1308 2619.16
17 1309 2619.16
17 1310 2619.16
17 1311 2619.16
18 1312 2619.16
18 1313 2619.16
18 1314 2619.16
18 1315 2619.16
18 1316 2619.16
18 1317 2619.16
18 1318 2619.16
18 1319 2619.16
18 1320 2619.16
18 1321 2619.16
18 1322 2619.16
18 1323 2619.16
18 1324 2619.16
18 1325 2619.16
18 1326 2619.16
18 1327 2619.16
18 1328 2619.16
18 1329 2619.16
18 1330 2619.16
18 1331 2619.16
18 1332 2619.16
18 1333 2445.0800000000004
18 1334 2445.0800000000004
18 1335 2445.0800000000004
18 1336 2445.0800000000004
18 1337 2445.0800000000004
18 1338 2445.0800000000004
18 1339 2445.0800000000004
18 1340 2445.0800000000004
18 1341 2445.0800000000004
18 1342 2445.0800000000004
18 1343 2445.0800000000004
18 1344 2445.0800000000004
18 1345 2445.0800000000004
18 1346 2445.0800000000004
18 1347 2445.0800000000004
18 1348 2445.0800000000004
18 1349 2445.0800000000004
18 1350 2445.0800000000004
18 1351 2445.0800000000004
18 1352 2445.0800000000004
18 1353 2445.0800000000004
18 1354 2445.0800000000004
18 1355 2445.0800000000004
18 1356 2445.0800000000004
18 1357 2445.0800000000004
18 1358 2445.0800000000004
18 1359 2445.0800000000004
18 1360 2445.0800000000004
18 1361 2445.0800000000004
18 1362 2445.0800000000004
18 1363 2445.0800000000004
18 1364 2445.0800000000004
18 1365 2445.0800000000004
18 1366 2445.0800000000004
18 1367 2445.0800000000004
18 1368 2445.0800000000004
18 1369 2445.0800000000004
18 1370 2445.0800000000004
18 1371 2445.0800000000004
18 1372 2365.0800000000004
18 1373 2365.0800000000004
18 1374 2365.0800000000004
18 1375 2365.0800000000004
18 1376 2365.0800000000004
18 1377 2365.0800000000004
18 1378 2365.0800000000004
18 1379 2365.0800000000004
18 1380 2365.0800000000004
18 1381 2365.0800000000004
18 1382 2365.0800000000004
18 1383 2365.0800000000004
18 1384 2365.0800000000004
18 1385 2365.0800000000004
18 1386 2365.0800000000004
18 1387 2365.0800000000004
18 1388 2365.0800000000004
19 1389 2365.0800000000004
19 1390 2365.0800000000004
19 1391 2365.0800000000004
19 1392 2365.0800000000004
19 1393 2365.0800000000004
19 1394 2365.0800000000004
19 1395 2365.0800000000004
19 1396 2333.6000000000004
19 1397 2333.6000000000004
19 1398 2333.6000000000004
19 1399 2333.6000000000004
19 1400 2333.6000000000004
19 1401 2333.6000000000004
19 1402 2333.6000000000004
19 1403 2333.6000000000004
19 1404 2333.6000000000004
19 1405 2333.6000000000004
19 1406 2333.6000000000004
19 1407 2333.6000000000004
19 1408 2199.41
19 1409 2199.41
19 1410 2199.41
19 1411 2199.41
19 1412 2199.41
19 1413 2199.41
19 1414 2199.41
19 1415 2199.41
19 1416 2199.41
19 1417 2099.41
19 1418 2099.41
19 1419 2099.41
19 1420 2099.41
19 1421 2099.41
19 1422 2099.41
19 1423 2099.41
19 1424 2099.41
19 1425 2099.41
19 1426 2099.41
19 1427 2099.41
19 1428 2099.41
19 1429 2099.41
19 1430 2099.41
19 1431 2099.41
19 1432 2099.41
19 1433 2099.41
19 1434 2099.41
19 1435 2099.41
19 1436 2099.41
19 1437 2099.41
19 1438 2099.41
19 1439 2099.41
19 1440 2099.41
19 1441 2099.41
19 1442 2099.41
19 1443 2099.41
19 1444 2099.41
19 1445 2099.41
19 1446 2099.41
19 1447 2099.41
19 1448 2099.41
19 1449 2099.41
19 1450 2099.41
19 1451 2099.41
19 1452 2099.41
19 1453 2099.41
19 1454 2099.41
19 1455 2099.41
19 1456 2099.41
19 1457 1444.05
19 1458 1444.05
19 1459 1444.05
19 1460 1444.05
19 1461 1444.05
19 1462 1444.05
19 1463 1444.05
19 1464 1422.93
19 1465 1422.93
19 1466 1422.93
19 1467 1422.93
19 1468 1422.93
19 1469 1422.93
19 1470 1422.93
19 1471 1422.93
19 1472 1422.93
20 1473 1422.93
20 1474 1422.93
20 1475 1422.93
20 1476 1422.93
20 1477 1422.93
20 1478 1422.93
20 1479 1422.93
20 1480 1422.93
20 1481 1422.93
20 1482 1422.93
20 1483 1422.93
20 1484 1422.93
20 1485 1422.93
20 1486 1422.93
20 1487 1422.93
20 1488 1422.93
20 1489 1422.93
20 1490 1422.93
20 1491 1422.93
20 1492 1422.93
20 1493 1422.93
20 1494 1422.93
20 1495 1422.93
20 1496 1422.93
20 1497 1422.93
20 1498 1422.93
20 1499 1422.93
20 1500 1422.93
20 1501 1422.93
20 1502 1422.93
20 1503 1422.93
20 1504 1264.69
20 1505 1264.69
20 1506 1264.69
20 1507 1264.69
20 1508 1264.69
20 1509 1264.69
20 1510 1264.69
20 1511 1264.69
20 1512 1264.69
20 1513 1264.69
20 1514 1264.69
20 1515 1264.69
20 1516 1264.69
20 1517 1264.69
20 1518 1264.69
20 1519 1264.69
20 1520 1264.69
20 1521 1264.69
20 1522 1264.69
20 1523 1264.69
20 1524 1264.69
20 1525 1264.69
20 1526 1264.69
20 1527 1264.69
20 1528 1264.69
20 1529 1248.69
20 1530 1248.69
20 1531 1248.69
20 1532 1248.69
20 1533 1248.69
20 1534 1248.69
20 1535 1248.69
20 1536 1248.69
20 1537 1248.69
20 1538 1248.69
20 1539 1248.69
20 1540 1248.69
20 1541 1248.69
20 1542 1248.69
20 1543 1248.69
20 1544 1248.69
20 1545 1248.69
20 1546 1248.69
20 1547 1248.69
20 1548 1248.69
20 1549 1248.69
20 1550 1248.69
20 1551 1248.69
20 1552 1248.69
21 1553 1248.69
21 1554 1248.69
21 1555 1248.69
21 1556 1248.69
21 1557 1248.69
21 1558 1248.69
21 1559 1248.69
21 1560 1248.69
21 1561 1248.69
21 1562 1248.69
21 1563 1248.69
21 1564 1248.69
21 1565 1168.69
21 1566 1168.69
21 1567 1168.69
21 1568 1168.69
21 1569 1168.69
21 1570 1168.69
21 1571 1168.69
21 1572 1168.69
21 1573 1168.69
21 1574 1168.69
21 1575 1168.69
21 1576 1168.69
21 1577 1168.69
21 1578 1168.69
21 1579 1158.29
21 1580 1158.29
21 1581 1158.29
21 1582 1158.29
21 1583 1158.29
21 1584 1158.29
21 1585 1158.29
21 1586 1158.29
21 1587 1058.45
21 1588 1058.45
21 1589 1058.45
21 1590 1058.45
21 1591 1058.45
21 1592 1058.45
21 1593 1058.45
21 1594 1058.45
21 1595 1058.45
21 1596 1058.45
21 1597 1058.45
21 1598 1058.45
21 1599 1058.45
21 1600 1058.45
21 1601 1058.45
21 1602 1058.45
21 1603 1058.45
21 1604 1058.45
21 1605 1058.45
21 1606 1058.45
21 1607 1058.45
21 1608 1058.45
21 1609 1058.45
21 1610 1058.45
21 1611 1058.45
21 1612 1058.45
21 1613 1058.45
21 1614 1058.45
21 1615 1058.45
21 1616 1058.45
21 1617 1058.45
21 1618 1058.45
21 1619 1058.45
21 1620 1058.45
21 1621 1058.45
21 1622 1058.45
21 1623 1058.45
21 1624 1058.45
21 1625 1058.45
21 1626 1058.45
21 1627 1058.45
21 1628 1058.45
21 1629 1058.45
21 1630 1058.45
21 1631 1058.45
22 1632 1058.45
22 1633 1058.45
22 1634 1058.45
22 1635 1058.45
22 1636 1058.45
22 1637 1058.45
22 1638 1058.45
22 1639 994.45
22 1640 994.45
22 1641 994.45
22 1642 994.45
22 1643 994.45
22 1644 994.45
22 1645 994.45
22 1646 994.45
22 1647 994.45
22 1648 994.45
22 1649 994.45
22 1650 994.45
22 1651 994.45
22 1652 994.45
22 1653 994.45
22 1654 994.45
22 1655 994.45
22 1656 994.45
22 1657 994.45
22 1658 994.45
22 1659 994.45
22 1660 994.45
22 1661 994.45
22 1662 994.45
22 1663 994.45
22 1664 994.45
22 1665 994.45
22 1666 994.45
22 1667 994.45
22 1668 994.45
22 1669 994.45
22 1670 994.45
22 1671 994.45
22 1672 994.45
22 1673 994.45
22 1674 994.45
22 1675 994.45
22 1676 994.45
22 1677 994.45
22 1678 994.45
22 1679 994.45
22 1680 994.45
22 1681 994.45
22 1682 994.45
22 1683 994.45
22 1684 994.45
22 1685 994.45
22 1686 994.45
22 1687 994.45
22 1688 994.45
22 1689 994.45
22 1690 994.45
22 1691 994.45
22 1692 994.45
22 1693 994.45
22 1694 994.45
22 1695 994.45
22 1696 994.45
22 1697 994.45
22 1698 994.45
22 1699 994.45
22 1700 994.45
22 1701 994.45
22 1702 994.45
22 1703 994.45
22 1704 990.45
22 1705 990.45
22 1706 990.45
22 1707 990.45
22 1708 990.45
22 1709 990.45
22 1710 990.45
22 1711 990.45
22 1712 990.45
22 1713 990.45
22 1714 990.45
23 1715 990.45
23 1716 990.45
23 1717 990.45
23 1718 990.45
23 1719 990.45
23 1720 990.45
23 1721 990.45
23 1722 990.45
23 1723 990.45
23 1724 990.45
23 1725 990.45
23 1726 990.45
23 1727 990.45
23 1728 990.45
23 1729 990.45
23 1730 990.45
23 1731 990.45
23 1732 990.45
23 1733 990.45
23 1734 990.45
23 1735 990.45
23 1736 990.45
23 1737 990.45
23 1738 990.45
23 1739 990.45
23 1740 990.45
23 1741 990.45
23 1742 990.45
23 1743 990.45
23 1744 990.45
23 1745 990.45
23 1746 990.45
23 1747 990.45
23 1748 990.45
23 1749 990.45
23 1750 990.45
23 1751 990.45
23 1752 990.45
23 1753 990.45
23 1754 990.45
23 1755 990.45
23 1756 990.45
23 1757 990.45
23 1758 990.45
23 1759 990.45
23 1760 990.45
23 1761 990.45
23 1762 990.45
23 1763 990.45
23 1764 990.45
23 1765 990.45
23 1766 990.45
23 1767 990.45
23 1768 990.45
23 1769 990.45
23 1770 990.45
23 1771 990.45
23 1772 990.45
23 1773 990.45
23 1774 990.45
23 1775 990.45
23 1776 990.45
23 1777 990.45
23 1778 990.45
23 1779 990.45
23 1780 990.45
23 1781 990.45
23 1782 990.45
23 1783 990.45
23 1784 990.45
23 1785 990.45
23 1786 990.45
23 1787 990.45
23 1788 990.45
23 1789 990.45
23 1790 990.45
23 1791 990.45
23 1792 990.45
23 1793 990.45
23 1794 990.45
23 1795 990.45
23 1796 990.45
23 1797 990.45
24 1798 990.45
24 1799 990.45
24 1800 990.45
24 1801 990.45
24 1802 990.45
24 1803 990.45
24 1804 990.45
24 1805 990.45
24 1806 990.45
24 1807 990.45
24 1808 990.45
24 1809 990.45
24 1810 990.45
24 1811 990.45
24 1812 990.45
24 1813 990.45
24 1814 990.45
24 1815 990.45
24 1816 990.45
24 1817 990.45
24 1818 990.45
24 1819 990.45
24 1820 990.45
24 1821 990.45
24 1822 990.45
24 1823 990.45
24 1824 990.45
24 1825 990.45
24 1826 990.45
24 1827 990.45
24 1828 990.45
24 1829 990.45
24 1830 990.45
24 1831 990.45
24 1832 990.45
24 1833 990.45
24 1834 990.45
24 1835 990.45
24 1836 990.45
24 1837 990.45
24 1838 990.45
24 1839 990.45
24 1840 990.45
24 1841 990.45
24 1842 990.45
24 1843 990.45
24 1844 990.45
24 1845 990.45
24 1846 990.45
24 1847 990.45
24 1848 990.45
24 1849 990.45
24 1850 990.45
24 1851 990.45
24 1852 990.45
24 1853 990.45
24 1854 990.45
24 1855 990.45
24 1856 990.45
24 1857 990.45
24 1858 990.45
24 1859 990.45
24 1860 990.45
24 1861 990.45
24 1862 990.45
24 1863 990.45
24 1864 990.45
24 1865 990.45
24 1866 990.45
24 1867 990.45
24 1868 990.45
24 1869 990.45
24 1870 990.45
24 1871 990.45
24 1872 990.45
24 1873 990.45
24 1874 990.45
24 1875 990.45
24 1876 990.45
24 1877 990.45
24 1878 990.45
24 1879 990.45
24 1880 990.45
24 1881 990.45
24 1882 990.45
25 1883 990.45
25 1884 990.45
25 1885 990.45
25 1886 990.45
25 1887 980.61
25 1888 980.61
25 1889 980.61
25 1890 980.61
25 1891 975.45
25 1892 975.45
25 1893 975.45
25 1894 975.45
25 1895 975.45
25 1896 975.45
25 1897 974.45
25 1898 974.45
25 1899 974.45
25 1900 974.45
25 1901 974.45
25 1902 974.45
25 1903 974.45
25 1904 974.45
25 1905 974.45
25 1906 974.45
25 1907 974.45
25 1908 974.45
25 1909 974.45
25 1910 974.45
25 1911 974.45
25 1912 974.45
25 1913 974.45
25 1914 974.45
25 1915 974.45
25 1916 974.45
25 1917 974.45
25 1918 974.45
25 1919 974.45
25 1920 974.45
25 1921 974.45
25 1922 974.45
25 1923 974.45
25 1924 974.45
25 1925 974.45
25 1926 974.45
25 1927 974.45
25 1928 974.45
25 1929 974.45
25 1930 974.45
25 1931 974.45
25 1932 974.45
25 1933 974.45
25 1934 974.45
25 1935 974.45
25 1936 974.45
25 1937 707.5400000000001
25 1938 707.5400000000001
25 1939 707.5400000000001
25 1940 707.5400000000001
25 1941 707.5400000000001
25 1942 707.5400000000001
25 1943 707.5400000000001
25 1944 707.5400000000001
25 1945 707.5400000000001
25 1946 707.5400000000001
25 1947 707.5400000000001
25 1948 707.5400000000001
25 1949 707.5400000000001
25 1950 707.5400000000001
25 1951 707.5400000000001
25 1952 707.5400000000001
25 1953 707.5400000000001
25 1954 707.5400000000001
25 1955 707.5400000000001
25 1956 707.5400000000001
25 1957 707.5400000000001
25 1958 707.5400000000001
25 1959 707.5400000000001
25 1960 707.5400000000001
25 1961 707.5400000000001
25 1962 707.5400000000001
25 1963 707.5400000000001
26 1964 707.5400000000001
26 1965 707.5400000000001
26 1966 707.5400000000001
26 1967 707.5400000000001
26 1968 707.5400000000001
26 1969 707.5400000000001
26 1970 707.5400000000001
26 1971 707.5400000000001
26 1972 707.5400000000001
26 1973 707.5400000000001
26 1974 707.5400000000001
26 1975 707.5400000000001
26 1976 707.5400000000001
26 1977 707.5400000000001
26 1978 707.5400000000001
26 1979 707.5400000000001
26 1980 707.5400000000001
26 1981 707.5400000000001
26 1982 707.5400000000001
26 1983 707.5400000000001
26 1984 707.5400000000001
26 1985 707.5400000000001
26 1986 707.5400000000001
26 1987 707.5400000000001
26 1988 707.5400000000001
26 1989 707.5400000000001
26 1990 707.5400000000001
26 1991 707.5400000000001
26 1992 707.5400000000001
26 1993 707.5400000000001
26 1994 707.5400000000001
26 1995 707.5400000000001
26 1996 707.5400000000001
26 1997 707.5400000000001
26 1998 707.5400000000001
26 1999 707.5400000000001
26 2000 707.5400000000001
26 2001 707.5400000000001
26 2002 707.5400000000001
26 2003 707.5400000000001
26 2004 707.5400000000001
26 2005 707.5400000000001
26 2006 707.5400000000001
26 2007 707.5400000000001
26 2008 707.5400000000001
26 2009 707.5400000000001
26 2010 707.5400000000001
26 2011 707.5400000000001
26 2012 707.5400000000001
26 2013 707.5400000000001
26 2014 707.5400000000001
26 2015 707.5400000000001
26 2016 707.5400000000001
26 2017 707.5400000000001
26 2018 707.5400000000001
26 2019 707.5400000000001
26 2020 707.5400000000001
26 2021 707.5400000000001
26 2022 707.5400000000001
26 2023 707.5400000000001
26 2024 707.5400000000001
26 2025 707.5400000000001
26 2026 707.5400000000001
26 2027 707.5400000000001
26 2028 707.5400000000001
26 2029 707.5400000000001
26 2030 707.5400000000001
26 2031 707.5400000000001
26 2032 707.5400000000001
26 2033 707.5400000000001
26 2034 707.5400000000001
26 2035 707.5400000000001
26 2036 707.5400000000001
26 2037 707.5400000000001
26 2038 707.5400000000001
26 2039 707.5400000000001
26 2040 707.5400000000001
26 2041 707.5400000000001
26 2042 707.5400000000001
26 2043 707.5400000000001
26 2044 707.5400000000001
26 2045 707.5400000000001
26 2046 707.5400000000001
26 2047 707.5400000000001
27 2048 707.5400000000001
27 2049 707.5400000000001
27 2050 707.5400000000001
27 2051 707.5400000000001
27 2052 707.5400000000001
27 2053 707.5400000000001
27 2054 707.5400000000001
27 2055 707.5400000000001
27 2056 707.5400000000001
27 2057 707.5400000000001
27 2058 707.5400000000001
27 2059 707.5400000000001
27 2060 707.5400000000001
27 2061 707.5400000000001
27 2062 707.5400000000001
27 2063 707.5400000000001
27 2064 707.5400000000001
27 2065 707.5400000000001
27 2066 707.5400000000001
27 2067 707.5400000000001
27 2068 707.5400000000001
27 2069 707.5400000000001
27 2070 707.5400000000001
27 2071 707.5400000000001
27 2072 707.5400000000001
27 2073 707.5400000000001
27 2074 707.5400000000001
27 2075 707.5400000000001
27 2076 707.5400000000001
27 2077 707.5400000000001
27 2078 707.5400000000001
27 2079 707.5400000000001
27 2080 707.5400000000001
27 2081 707.5400000000001
27 2082 707.5400000000001
27 2083 707.5400000000001
27 2084 707.5400000000001
27 2085 707.5400000000001
27 2086 707.5400000000001
27 2087 707.5400000000001
27 2088 707.5400000000001
27 2089 707.5400000000001
27 2090 707.5400000000001
27 2091 707.5400000000001
27 2092 707.5400000000001
27 2093 707.5400000000001
27 2094 707.5400000000001
27 2095 707.5400000000001
27 2096 707.5400000000001
27 2097 707.5400000000001
27 2098 707.5400000000001
27 2099 707.5400000000001
27 2100 707.5400000000001
27 2101 707.5400000000001
27 2102 707.5400000000001
27 2103 707.5400000000001
27 2104 707.5400000000001
27 2105 707.5400000000001
27 2106 707.5400000000001
27 2107 707.5400000000001
27 2108 707.5400000000001
27 2109 707.5400000000001
27 2110 707.5400000000001
27 2111 707.5400000000001
27 2112 707.5400000000001
27 2113 707.5400000000001
27 2114 707.5400000000001
27 2115 707.5400000000001
27 2116 543.7
27 2117 543.7
27 2118 543.7
27 2119 543.7
27 2120 543.7
27 2121 543.7
27 2122 543.7
27 2123 543.7
27 2124 543.7
27 2125 543.7
27 2126 543.7
27 2127 543.7
27 2128 543.7
28 2129 543.7
28 2130 543.7
28 2131 543.7
28 2132 543.7
28 2133 543.7
28 2134 543.7
28 2135 543.7
28 2136 543.7
28 2137 543.7
28 2138 543.7
28 2139 543.7
28 2140 543.7
28 2141 543.7
28 2142 543.7
28 2143 543.7
28 2144 422.73999999999995
28 2145 422.73999999999995
28 2146 422.73999999999995
28 2147 422.73999999999995
28 2148 422.73999999999995
28 2149 422.73999999999995
28 2150 422.73999999999995
28 2151 422.73999999999995
28 2152 422.73999999999995
28 2153 422.73999999999995
28 2154 422.73999999999995
28 2155 422.73999999999995
28 2156 422.73999999999995
28 2157 422.73999999999995
28 2158 422.73999999999995
28 2159 422.73999999999995
28 2160 422.73999999999995
28 2161 422.73999999999995
28 2162 422.73999999999995
28 2163 422.73999999999995
28 2164 422.73999999999995
28 2165 422.73999999999995
28 2166 422.73999999999995
28 2167 422.73999999999995
28 2168 422.73999999999995
28 2169 422.73999999999995
28 2170 422.73999999999995
28 2171 422.73999999999995
28 2172 422.73999999999995
28 2173 422.73999999999995
28 2174 422.73999999999995
28 2175 422.73999999999995
28 2176 422.73999999999995
28 2177 388.33000000000004
28 2178 388.33000000000004
28 2179 388.33000000000004
28 2180 388.33000000000004
28 2181 388.33000000000004
28 2182 388.33000000000004
28 2183 388.33000000000004
28 2184 388.33000000000004
28 2185 388.33000000000004
28 2186 388.33000000000004
28 2187 388.33000000000004
28 2188 388.33000000000004
28 2189 388.33000000000004
28 2190 388.33000000000004
28 2191 388.33000000000004
28 2192 388.33000000000004
28 2193 388.33000000000004
28 2194 388.33000000000004
28 2195 388.33000000000004
28 2196 388.33000000000004
28 2197 388.33000000000004
28 2198 388.33000000000004
28 2199 388.33000000000004
28 2200 388.33000000000004
28 2201 388.33000000000004
28 2202 388.33000000000004
28 2203 388.33000000000004
28 2204 388.33000000000004
29 2205 388.33000000000004
29 2206 384.33000000000004
29 2207 384.33000000000004
29 2208 384.33000000000004
29 2209 384.33000000000004
29 2210 384.33000000000004
29 2211 384.33000000000004
29 2212 384.33000000000004
29 2213 384.33000000000004
29 2214 384.33000000000004
29 2215 384.33000000000004
29 2216 384.33000000000004
29 2217 384.33000000000004
29 2218 384.33000000000004
29 2219 384.33000000000004
29 2220 384.33000000000004
29 2221 384.33000000000004
29 2222 384.33000000000004
29 2223 384.33000000000004
29 2224 384.33000000000004
29 2225 384.33000000000004
29 2226 384.33000000000004
29 2227 384.33000000000004
29 2228 384.33000000000004
29 2229 384.33000000000004
29 2230 384.33000000000004
29 2231 384.33000000000004
29 2232 384.33000000000004
29 2233 384.33000000000004
29 2234 384.33000000000004
29 2235 384.33000000000004
29 2236 384.33000000000004
29 2237 384.33000000000004
29 2238 384.33000000000004
29 2239 384.33000000000004
29 2240 384.33000000000004
29 2241 384.33000000000004
29 2242 384.33000000000004
29 2243 384.33000000000004
29 2244 384.33000000000004
29 2245 384.33000000000004
29 2246 384.33000000000004
29 2247 384.33000000000004
29 2248 384.33000000000004
29 2249 384.33000000000004
29 2250 384.33000000000004
29 2251 384.33000000000004
29 2252 384.33000000000004
29 2253 384.33000000000004
29 2254 384.33000000000004
29 2255 384.33000000000004
29 2256 384.33000000000004
29 2257 384.33000000000004
29 2258 384.33000000000004
29 2259 384.33000000000004
29 2260 384.33000000000004
29 2261 384.33000000000004
29 2262 384.33000000000004
29 2263 384.33000000000004
29 2264 384.33000000000004
29 2265 384.33000000000004
29 2266 384.33000000000004
29 2267 384.33000000000004
29 2268 384.33000000000004
29 2269 384.33000000000004
29 2270 384.33000000000004
29 2271 384.33000000000004
29 2272 384.33000000000004
29 2273 384.33000000000004
29 2274 384.33000000000004
29 2275 384.33000000000004
29 2276 384.33000000000004
29 2277 384.33000000000004
29 2278 384.33000000000004
29 2279 384.33000000000004
29 2280 384.33000000000004
29 2281 384.33000000000004
29 2282 384.33000000000004
29 2283 384.33000000000004
30 2284 384.33000000000004
30 2285 384.33000000000004
30 2286 384.33000000000004
30 2287 384.33000000000004
30 2288 384.33000000000004
30 2289 384.33000000000004
30 2290 384.33000000000004
30 2291 384.33000000000004
30 2292 384.33000000000004
30 2293 384.33000000000004
30 2294 384.33000000000004
30 2295 384.33000000000004
30 2296 384.33000000000004
30 2297 384.33000000000004
30 2298 384.33000000000004
30 2299 384.33000000000004
30 2300 384.33000000000004
30 2301 384.33000000000004
30 2302 384.33000000000004
30 2303 384.33000000000004
30 2304 384.33000000000004
30 2305 384.33000000000004
30 2306 384.33000000000004
30 2307 384.33000000000004
30 2308 384.33000000000004
30 2309 384.33000000000004
30 2310 384.33000000000004
30 2311 384.33000000000004
30 2312 384.33000000000004
30 2313 384.33000000000004
30 2314 384.33000000000004
30 2315 384.33000000000004
30 2316 384.33000000000004
30 2317 384.33000000000004
30 2318 384.33000000000004
30 2319 384.33000000000004
30 2320 384.33000000000004
30 2321 384.33000000000004
30 2322 384.33000000000004
30 2323 384.33000000000004
30 2324 384.33000000000004
30 2325 384.33000000000004
30 2326 384.33000000000004
30 2327 384.33000000000004
30 2328 384.33000000000004
30 2329 384.33000000000004
30 2330 384.33000000000004
30 2331 384.33000000000004
30 2332 384.33000000000004
30 2333 384.33000000000004
30 2334 384.33000000000004
30 2335 384.33000000000004
30 2336 384.33000000000004
30 2337 384.33000000000004
30 2338 384.33000000000004
30 2339 384.33000000000004
30 2340 384.33000000000004
30 2341 384.33000000000004
30 2342 384.33000000000004
30 2343 384.33000000000004
30 2344 384.33000000000004
30 2345 384.33000000000004
30 2346 384.33000000000004
30 2347 384.33000000000004
30 2348 384.33000000000004
30 2349 384.33000000000004
30 2350 384.33000000000004
30 2351 384.33000000000004
30 2352 384.33000000000004
30 2353 384.33000000000004
30 2354 384.33000000000004
30 2355 384.33000000000004
30 2356 384.33000000000004
30 2357 384.33000000000004
30 2358 384.33000000000004
30 2359 384.33000000000004
30 2360 384.33000000000004
30 2361 384.33000000000004
30 2362 384.33000000000004
30 2363 384.33000000000004
31 2364 384.33000000000004
31 2365 384.33000000000004
31 2366 384.33000000000004
31 2367 384.33000000000004
31 2368 384.33000000000004
31 2369 384.33000000000004
31 2370 384.33000000000004
31 2371 384.33000000000004
31 2372 384.33000000000004
31 2373 384.33000000000004
31 2374 384.33000000000004
31 2375 384.33000000000004
31 2376 384.33000000000004
31 2377 384.33000000000004
31 2378 384.33000000000004
31 2379 384.33000000000004
31 2380 384.33000000000004
31 2381 384.33000000000004
31 2382 384.33000000000004
31 2383 384.33000000000004
31 2384 384.33000000000004
31 2385 384.33000000000004
31 2386 384.33000000000004
31 2387 384.33000000000004
31 2388 384.33000000000004
31 2389 384.33000000000004
31 2390 384.33000000000004
31 2391 384.33000000000004
31 2392 384.33000000000004
31 2393 384.33000000000004
31 2394 384.33000000000004
31 2395 384.33000000000004
31 2396 384.33000000000004
31 2397 384.33000000000004
31 2398 384.33000000000004
31 2399 384.33000000000004
31 2400 384.33000000000004
31 2401 384.33000000000004
31 2402 384.33000000000004
31 2403 384.33000000000004
31 2404 384.33000000000004
31 2405 384.33000000000004
31 2406 384.33000000000004
31 2407 384.33000000000004
31 2408 384.33000000000004
31 2409 384.33000000000004
31 2410 384.33000000000004
31 2411 384.33000000000004
31 2412 384.33000000000004
31 2413 384.33000000000004
31 2414 384.33000000000004
31 2415 384.33000000000004
31 2416 384.33000000000004
31 2417 384.33000000000004
31 2418 384.33000000000004
31 2419 384.33000000000004
31 2420 384.33000000000004
31 2421 384.33000000000004
31 2422 384.33000000000004
31 2423 384.33000000000004
31 2424 384.33000000000004
31 2425 384.33000000000004
31 2426 384.33000000000004
31 2427 384.33000000000004
31 2428 384.33000000000004
31 2429 384.33000000000004
31 2430 384.33000000000004
31 2431 384.33000000000004
31 2432 384.33000000000004
31 2433 384.33000000000004
31 2434 384.33000000000004
31 2435 384.33000000000004
31 2436 384.33000000000004
31 2437 384.33000000000004
31 2438 384.33000000000004
31 2439 384.33000000000004
31 2440 384.33000000000004
31 2441 384.33000000000004
31 2442 384.33000000000004
31 2443 384.33000000000004
31 2444 384.33000000000004
31 2445 384.33000000000004
31 2446 384.33000000000004
31 2447 384.33000000000004
31 2448 384.33000000000004
32 2449 384.33000000000004
32 2450 384.33000000000004
32 2451 384.33000000000004
32 2452 384.33000000000004
32 2453 384.33000000000004
32 2454 384.33000000000004
32 2455 384.33000000000004
32 2456 384.33000000000004
32 2457 384.33000000000004
32 2458 384.33000000000004
32 2459 384.33000000000004
32 2460 384.33000000000004
32 2461 384.33000000000004
32 2462 384.33000000000004
32 2463 384.33000000000004
32 2464 384.33000000000004
32 2465 384.33000000000004
32 2466 384.33000000000004
32 2467 384.33000000000004
32 2468 384.33000000000004
32 2469 384.33000000000004
32 2470 384.33000000000004
32 2471 384.33000000000004
32 2472 384.33000000000004
32 2473 384.33000000000004
32 2474 384.33000000000004
32 2475 384.33000000000004
32 2476 384.33000000000004
32 2477 384.33000000000004
32 2478 384.33000000000004
32 2479 384.33000000000004
32 2480 384.33000000000004
32 2481 384.33000000000004
32 2482 384.33000000000004
32 2483 384.33000000000004
32 2484 384.33000000000004
32 2485 384.33000000000004
32 2486 384.33000000000004
32 2487 384.33000000000004
32 2488 384.33000000000004
32 2489 384.33000000000004
32 2490 384.33000000000004
32 2491 384.33000000000004
32 2492 384.33000000000004
32 2493 384.33000000000004
32 2494 384.33000000000004
32 2495 384.33000000000004
32 2496 384.33000000000004
32 2497 384.33000000000004
32 2498 384.33000000000004
32 2499 384.33000000000004
32 2500 384.33000000000004
32 2501 384.33000000000004
32 2502 384.33000000000004
32 2503 384.33000000000004
32 2504 384.33000000000004
32 2505 384.33000000000004
32 2506 384.33000000000004
32 2507 384.33000000000004
32 2508 384.33000000000004
32 2509 384.33000000000004
32 2510 384.33000000000004
32 2511 384.33000000000004
32 2512 384.33000000000004
32 2513 384.33000000000004
32 2514 384.33000000000004
32 2515 384.33000000000004
32 2516 384.33000000000004
32 2517 384.33000000000004
32 2518 384.33000000000004
32 2519 384.33000000000004
32 2520 384.33000000000004
32 2521 384.33000000000004
32 2522 384.33000000000004
32 2523 384.33000000000004
32 2524 384.33000000000004
32 2525 384.33000000000004
32 2526 384.33000000000004
32 2527 384.33000000000004
32 2528 384.33000000000004
32 2529 384.33000000000004
32 2530 384.33000000000004
32 2531 384.33000000000004
32 2532 384.33000000000004
32 2533 384.33000000000004
33 2534 384.33000000000004
33 2535 384.33000000000004
33 2536 384.33000000000004
33 2537 384.33000000000004
33 2538 384.33000000000004
33 2539 384.33000000000004
33 2540 384.33000000000004
33 2541 384.33000000000004
33 2542 384.33000000000004
33 2543 384.33000000000004
33 2544 384.33000000000004
33 2545 384.33000000000004
33 2546 384.33000000000004
33 2547 384.33000000000004
33 2548 384.33000000000004
33 2549 384.33000000000004
33 2550 384.33000000000004
33 2551 384.33000000000004
33 2552 384.33000000000004
33 2553 384.33000000000004
33 2554 384.33000000000004
33 2555 384.33000000000004
33 2556 384.33000000000004
33 2557 384.33000000000004
33 2558 384.33000000000004
33 2559 384.33000000000004
33 2560 384.33000000000004
33 2561 384.33000000000004
33 2562 384.33000000000004
33 2563 384.33000000000004
33 2564 384.33000000000004
33 2565 384.33000000000004
33 2566 384.33000000000004
33 2567 384.33000000000004
33 2568 384.33000000000004
33 2569 384.33000000000004
33 2570 384.33000000000004
33 2571 384.33000000000004
33 2572 384.33000000000004
33 2573 384.33000000000004
33 2574 384.33000000000004
33 2575 384.33000000000004
33 2576 384.33000000000004
33 2577 384.33000000000004
33 2578 384.33000000000004
33 2579 384.33000000000004
33 2580 384.33000000000004
33 2581 384.33000000000004
33 2582 384.33000000000004
33 2583 384.33000000000004
33 2584 384.33000000000004
33 2585 384.33000000000004
33 2586 384.33000000000004
33 2587 384.33000000000004
33 2588 384.33000000000004
33 2589 384.33000000000004
33 2590 384.33000000000004
33 2591 384.33000000000004
33 2592 384.33000000000004
33 2593 384.33000000000004
33 2594 384.33000000000004
33 2595 384.33000000000004
33 2596 384.33000000000004
33 2597 384.33000000000004
33 2598 384.33000000000004
33 2599 384.33000000000004
33 2600 384.33000000000004
33 2601 384.33000000000004
33 2602 384.33000000000004
33 2603 384.33000000000004
33 2604 384.33000000000004
33 2605 384.33000000000004
33 2606 384.33000000000004
33 2607 384.33000000000004
33 2608 384.33000000000004
33 2609 384.33000000000004
33 2610 384.33000000000004
33 2611 384.33000000000004
33 2612 384.33000000000004
33 2613 384.33000000000004
34 2614 384.33000000000004
34 2615 384.33000000000004
34 2616 384.33000000000004
34 2617 384.33000000000004
34 2618 384.33000000000004
34 2619 384.33000000000004
34 2620 384.33000000000004
34 2621 384.33000000000004
34 2622 384.33000000000004
34 2623 384.33000000000004
34 2624 384.33000000000004
34 2625 384.33000000000004
34 2626 384.33000000000004
34 2627 384.33000000000004
34 2628 384.33000000000004
34 2629 384.33000000000004
34 2630 384.33000000000004
34 2631 384.33000000000004
34 2632 384.33000000000004
34 2633 384.33000000000004
34 2634 384.33000000000004
34 2635 384.33000000000004
34 2636 384.33000000000004
34 2637 384.33000000000004
34 2638 384.33000000000004
34 2639 384.33000000000004
34 2640 384.33000000000004
34 2641 384.33000000000004
34 2642 384.33000000000004
34 2643 384.33000000000004
34 2644 384.33000000000004
34 2645 384.33000000000004
34 2646 384.33000000000004
34 2647 384.33000000000004
34 2648 384.33000000000004
34 2649 384.33000000000004
34 2650 384.33000000000004
34 2651 384.33000000000004
34 2652 384.33000000000004
34 2653 384.33000000000004
34 2654 384.33000000000004
34 2655 384.33000000000004
34 2656 384.33000000000004
34 2657 384.33000000000004
34 2658 384.33000000000004
34 2659 384.33000000000004
34 2660 384.33000000000004
34 2661 384.33000000000004
34 2662 384.33000000000004
34 2663 384.33000000000004
34 2664 384.33000000000004
34 2665 384.33000000000004
34 2666 384.33000000000004
34 2667 384.33000000000004
34 2668 384.33000000000004
34 2669 384.33000000000004
34 2670 384.33000000000004
34 2671 384.33000000000004
34 2672 384.33000000000004
34 2673 384.33000000000004
34 2674 384.33000000000004
34 2675 384.33000000000004
34 2676 384.33000000000004
34 2677 384.33000000000004
34 2678 384.33000000000004
34 2679 384.33000000000004
34 2680 384.33000000000004
34 2681 384.33000000000004
34 2682 384.33000000000004
34 2683 384.33000000000004
34 2684 384.33000000000004
34 2685 384.33000000000004
34 2686 384.33000000000004
34 2687 384.33000000000004
34 2688 384.33000000000004
34 2689 384.33000000000004
34 2690 384.33000000000004
34 2691 384.33000000000004
34 2692 384.33000000000004
34 2693 384.33000000000004
34 2694 384.33000000000004
34 2695 384.33000000000004
34 2696 384.33000000000004
34 2697 384.33000000000004
34 2698 384.33000000000004
35 2699 384.33000000000004
35 2700 384.33000000000004
35 2701 384.33000000000004
35 2702 384.33000000000004
35 2703 384.33000000000004
35 2704 384.33000000000004
35 2705 384.33000000000004
35 2706 384.33000000000004
35 2707 384.33000000000004
35 2708 384.33000000000004
35 2709 384.33000000000004
35 2710 384.33000000000004
35 2711 384.33000000000004
35 2712 384.33000000000004
35 2713 384.33000000000004
35 2714 384.33000000000004
35 2715 384.33000000000004
35 2716 384.33000000000004
35 2717 384.33000000000004
35 2718 384.33000000000004
35 2719 384.33000000000004
35 2720 384.33000000000004
35 2721 384.33000000000004
35 2722 384.33000000000004
35 2723 384.33000000000004
35 2724 384.33000000000004
35 2725 384.33000000000004
35 2726 384.33000000000004
35 2727 384.33000000000004
35 2728 384.33000000000004
35 2729 383.33000000000004
35 2730 383.33000000000004
35 2731 383.33000000000004
35 2732 383.33000000000004
35 2733 383.33000000000004
35 2734 383.33000000000004
35 2735 383.33000000000004
35 2736 383.33000000000004
35 2737 383.33000000000004
35 2738 383.33000000000004
35 2739 383.33000000000004
35 2740 383.33000000000004
35 2741 383.33000000000004
35 2742 383.33000000000004
35 2743 383.33000000000004
35 2744 383.33000000000004
35 2745 383.33000000000004
35 2746 383.33000000000004
35 2747 383.33000000000004
35 2748 383.33000000000004
35 2749 383.33000000000004
35 2750 383.33000000000004
35 2751 383.33000000000004
35 2752 383.33000000000004
35 2753 383.33000000000004
35 2754 383.33000000000004
35 2755 383.33000000000004
35 2756 383.33000000000004
35 2757 383.33000000000004
35 2758 383.33000000000004
35 2759 383.33000000000004
35 2760 383.33000000000004
35 2761 383.33000000000004
35 2762 383.33000000000004
35 2763 383.33000000000004
35 2764 383.33000000000004
35 2765 383.33000000000004
35 2766 383.33000000000004
35 2767 383.33000000000004
35 2768 383.33000000000004
35 2769 383.33000000000004
35 2770 383.33000000000004
35 2771 383.33000000000004
35 2772 383.33000000000004
35 2773 383.33000000000004
35 2774 383.33000000000004
35 2775 383.33000000000004
36 2776 383.33000000000004
36 2777 383.33000000000004
36 2778 383.33000000000004
36 2779 383.33000000000004
36 2780 383.33000000000004
36 2781 383.33000000000004
36 2782 383.33000000000004
36 2783 383.33000000000004
36 2784 383.33000000000004
36 2785 383.33000000000004
36 2786 381.20000000000005
36 2787 381.20000000000005
36 2788 381.20000000000005
36 2789 381.20000000000005
36 2790 381.20000000000005
36 2791 381.20000000000005
36 2792 381.20000000000005
36 2793 381.20000000000005
36 2794 381.20000000000005
36 2795 381.20000000000005
36 2796 381.20000000000005
36 2797 381.20000000000005
36 2798 381.20000000000005
36 2799 381.20000000000005
36 2800 381.20000000000005
36 2801 381.20000000000005
36 2802 381.20000000000005
36 2803 381.20000000000005
36 2804 381.20000000000005
36 2805 381.20000000000005
36 2806 381.20000000000005
36 2807 381.20000000000005
36 2808 381.20000000000005
36 2809 381.20000000000005
36 2810 381.20000000000005
36 2811 381.20000000000005
36 2812 381.20000000000005
36 2813 381.20000000000005
36 2814 381.20000000000005
36 2815 381.20000000000005
36 2816 381.20000000000005
36 2817 381.20000000000005
36 2818 381.20000000000005
36 2819 381.20000000000005
36 2820 381.20000000000005
36 2821 381.20000000000005
36 2822 381.20000000000005
36 2823 381.20000000000005
36 2824 381.20000000000005
36 2825 381.20000000000005
36 2826 381.20000000000005
36 2827 381.20000000000005
36 2828 381.20000000000005
36 2829 381.20000000000005
36 2830 381.20000000000005
36 2831 381.20000000000005
36 2832 381.20000000000005
36 2833 381.20000000000005
36 2834 381.20000000000005
36 2835 381.20000000000005
36 2836 381.20000000000005
36 2837 381.20000000000005
36 2838 381.20000000000005
36 2839 381.20000000000005
36 2840 381.20000000000005
36 2841 381.20000000000005
36 2842 381.20000000000005
36 2843 381.20000000000005
36 2844 381.20000000000005
36 2845 381.20000000000005
36 2846 381.20000000000005
36 2847 381.20000000000005
36 2848 381.20000000000005
36 2849 381.20000000000005
36 2850 381.20000000000005
36 2851 381.20000000000005
36 2852 381.20000000000005
36 2853 381.20000000000005
36 2854 381.20000000000005
36 2855 381.20000000000005
36 2856 381.20000000000005
36 2857 381.20000000000005
36 2858 381.20000000000005
36 2859 381.20000000000005
36 2860 381.20000000000005
36 2861 381.20000000000005
36 2862 381.20000000000005
37 2863 381.20000000000005
37 2864 381.20000000000005
37 2865 381.20000000000005
37 2866 381.20000000000005
37 2867 381.20000000000005
37 2868 381.20000000000005
37 2869 381.20000000000005
37 2870 381.20000000000005
37 2871 381.20000000000005
37 2872 381.20000000000005
37 2873 381.20000000000005
37 2874 381.20000000000005
37 2875 381.20000000000005
37 2876 381.20000000000005
37 2877 381.20000000000005
37 2878 381.20000000000005
37 2879 381.20000000000005
37 2880 381.20000000000005
37 2881 381.20000000000005
37 2882 381.20000000000005
37 2883 381.20000000000005
37 2884 381.20000000000005
37 2885 381.20000000000005
37 2886 381.20000000000005
37 2887 381.20000000000005
37 2888 381.20000000000005
37 2889 381.20000000000005
37 2890 381.20000000000005
37 2891 381.20000000000005
37 2892 381.20000000000005
37 2893 381.20000000000005
37 2894 381.20000000000005
37 2895 381.20000000000005
37 2896 381.20000000000005
37 2897 381.20000000000005
37 2898 381.20000000000005
37 2899 381.20000000000005
37 2900 381.20000000000005
37 2901 381.20000000000005
37 2902 381.20000000000005
37 2903 381.20000000000005
37 2904 381.20000000000005
37 2905 381.20000000000005
37 2906 381.20000000000005
37 2907 381.20000000000005
37 2908 381.20000000000005
37 2909 381.20000000000005
37 2910 381.20000000000005
37 2911 381.20000000000005
37 2912 381.20000000000005
37 2913 381.20000000000005
37 2914 381.20000000000005
37 2915 381.20000000000005
37 2916 381.20000000000005
37 2917 381.20000000000005
37 2918 381.20000000000005
37 2919 381.20000000000005
37 2920 381.20000000000005
37 2921 381.20000000000005
37 2922 381.20000000000005
37 2923 381.20000000000005
37 2924 381.20000000000005
37 2925 380.20000000000005
37 2926 380.20000000000005
37 2927 380.20000000000005
37 2928 380.20000000000005
37 2929 380.20000000000005
37 2930 380.20000000000005
37 2931 380.20000000000005
38 2932 380.20000000000005
38 2933 380.20000000000005
38 2934 380.20000000000005
38 2935 380.20000000000005
38 2936 380.20000000000005
38 2937 380.20000000000005
38 2938 380.20000000000005
38 2939 380.20000000000005
38 2940 380.20000000000005
38 2941 380.20000000000005
38 2942 380.20000000000005
38 2943 380.20000000000005
38 2944 380.20000000000005
38 2945 380.20000000000005
38 2946 380.20000000000005
38 2947 380.20000000000005
38 2948 380.20000000000005
38 2949 380.20000000000005
38 2950 380.20000000000005
38 2951 380.20000000000005
38 2952 380.20000000000005
38 2953 380.20000000000005
38 2954 380.20000000000005
38 2955 380.20000000000005
38 2956 380.20000000000005
38 2957 380.20000000000005
38 2958 380.20000000000005
38 2959 380.20000000000005
38 2960 380.20000000000005
38 2961 380.20000000000005
38 2962 380.20000000000005
38 2963 380.20000000000005
38 2964 380.20000000000005
38 2965 380.20000000000005
38 2966 380.20000000000005
38 2967 380.20000000000005
38 2968 380.20000000000005
38 2969 380.20000000000005
38 2970 380.20000000000005
38 2971 380.20000000000005
38 2972 380.20000000000005
38 2973 380.20000000000005
38 2974 380.20000000000005
38 2975 380.20000000000005
38 2976 380.20000000000005
38 2977 380.20000000000005
38 2978 380.20000000000005
38 2979 380.20000000000005
38 2980 380.20000000000005
38 2981 380.20000000000005
38 2982 336.68000000000006
38 2983 336.68000000000006
38 2984 336.68000000000006
38 2985 336.68000000000006
38 2986 336.68000000000006
38 2987 336.68000000000006
38 2988 336.68000000000006
38 2989 336.68000000000006
38 2990 336.68000000000006
38 2991 336.68000000000006
38 2992 336.68000000000006
38 2993 336.68000000000006
38 2994 336.68000000000006
38 2995 336.68000000000006
38 2996 336.68000000000006
38 2997 336.68000000000006
38 2998 336.68000000000006
38 2999 336.68000000000006
38 3000 336.68000000000006
38 3001 336.68000000000006
38 3002 336.68000000000006
38 3003 336.68000000000006
38 3004 336.68000000000006
38 3005 336.68000000000006
38 3006 336.68000000000006
38 3007 336.68000000000006
38 3008 336.68000000000006
38 3009 336.68000000000006
38 3010 336.68000000000006
38 3011 336.68000000000006
38 3012 336.68000000000006
38 3013 336.68000000000006
38 3014 336.68000000000006
39 3015 336.68000000000006
39 3016 336.68000000000006
39 3017 336.68000000000006
39 3018 336.68000000000006
39 3019 336.68000000000006
39 3020 336.68000000000006
39 3021 336.68000000000006
39 3022 336.68000000000006
39 3023 336.68000000000006
39 3024 336.68000000000006
39 3025 336.68000000000006
39 3026 336.68000000000006
39 3027 336.68000000000006
39 3028 336.68000000000006
39 3029 336.68000000000006
39 3030 336.68000000000006
39 3031 336.68000000000006
39 3032 336.68000000000006
39 3033 336.68000000000006
39 3034 336.68000000000006
39 3035 336.68000000000006
39 3036 336.68000000000006
39 3037 308.00000000000006
39 3038 308.00000000000006
39 3039 308.00000000000006
39 3040 281.00000000000006
39 3041 277.00000000000006
39 3042 277.00000000000006
39 3043 276.00000000000006
39 3044 276.00000000000006
39 3045 276.00000000000006
39 3046 276.00000000000006
39 3047 276.00000000000006
39 3048 276.00000000000006
39 3049 276.00000000000006
39 3050 276.00000000000006
39 3051 276.00000000000006
39 3052 276.00000000000006
39 3053 276.00000000000006
39 3054 276.00000000000006
39 3055 276.00000000000006
39 3056 276.00000000000006
39 3057 276.00000000000006
39 3058 276.00000000000006
39 3059 276.00000000000006
39 3060 276.00000000000006
39 3061 276.00000000000006
39 3062 276.00000000000006
39 3063 276.00000000000006
39 3064 276.00000000000006
39 3065 276.00000000000006
39 3066 276.00000000000006
39 3067 276.00000000000006
39 3068 276.00000000000006
39 3069 276.00000000000006
39 3070 276.00000000000006
39 3071 112.16000000000001
39 3072 112.16000000000001
39 3073 112.16000000000001
39 3074 112.16000000000001
39 3075 112.16000000000001
39 3076 112.16000000000001
39 3077 112.16000000000001
39 3078 112.16000000000001
39 3079 112.16000000000001
39 3080 112.16000000000001
39 3081 112.16000000000001
39 3082 112.16000000000001
39 3083 112.16000000000001
39 3084 108.16000000000001
39 3085 108.16000000000001
39 3086 108.16000000000001
39 3087 108.16000000000001
39 3088 108.16000000000001
39 3089 108.16000000000001
39 3090 108.16000000000001
39 3091 108.16000000000001
39 3092 108.16000000000001
39 3093 108.16000000000001
39 3094 108.16000000000001
40 3095 108.16000000000001
40 3096 108.16000000000001
40 3097 108.16000000000001
40 3098 108.16000000000001
40 3099 108.16000000000001
40 3100 108.16000000000001
40 3101 108.16000000000001
40 3102 108.16000000000001
40 3103 108.16000000000001
40 3104 108.16000000000001
40 3105 108.16000000000001
40 3106 108.16000000000001
40 3107 108.16000000000001
40 3108 108.16000000000001
40 3109 108.16000000000001
40 3110 108.16000000000001
40 3111 108.16000000000001
40 3112 108.16000000000001
40 3113 108.16000000000001
40 3114 108.16000000000001
40 3115 108.16000000000001
40 3116 108.16000000000001
40 3117 108.16000000000001
40 3118 108.16000000000001
40 3119 108.16000000000001
40 3120 108.16000000000001
40 3121 108.16000000000001
40 3122 108.16000000000001
40 3123 108.16000000000001
40 3124 108.16000000000001
40 3125 108.16000000000001
40 3126 108.16000000000001
40 3127 108.16000000000001
40 3128 108.16000000000001
40 3129 108.16000000000001
40 3130 108.16000000000001
40 3131 108.16000000000001
40 3132 108.16000000000001
40 3133 108.16000000000001
40 3134 108.16000000000001
40 3135 108.16000000000001
40 3136 108.16000000000001
40 3137 108.16000000000001
40 3138 108.16000000000001
40 3139 108.16000000000001
40 3140 108.16000000000001
40 3141 108.16000000000001
40 3142 108.16000000000001
40 3143 108.16000000000001
40 3144 108.16000000000001
40 3145 108.16000000000001
40 3146 108.16000000000001
40 3147 108.16000000000001
40 3148 108.16000000000001
40 3149 108.16000000000001
40 3150 108.16000000000001
40 3151 108.16000000000001
40 3152 108.16000000000001
40 3153 108.16000000000001
40 3154 108.16000000000001
40 3155 108.16000000000001
40 3156 108.16000000000001
40 3157 108.16000000000001
40 3158 108.16000000000001
40 3159 108.16000000000001
40 3160 108.16000000000001
40 3161 108.16000000000001
40 3162 108.16000000000001
40 3163 108.16000000000001
40 3164 108.16000000000001
40 3165 108.16000000000001
40 3166 108.16000000000001
40 3167 108.16000000000001
40 3168 108.16000000000001
40 3169 108.16000000000001
40 3170 108.16000000000001
40 3171 108.16000000000001
40 3172 108.16000000000001
40 3173 108.16000000000001
40 3174 108.16000000000001
40 3175 108.16000000000001
40 3176 108.16000000000001
40 3177 108.16000000000001
41 3178 108.16000000000001
41 3179 108.16000000000001
41 3180 108.16000000000001
41 3181 108.16000000000001
41 3182 108.16000000000001
41 3183 108.16000000000001
41 3184 108.16000000000001
41 3185 108.16000000000001
41 3186 108.16000000000001
41 3187 108.16000000000001
41 3188 108.16000000000001
41 3189 108.16000000000001
41 3190 108.16000000000001
41 3191 108.16000000000001
41 3192 108.16000000000001
41 3193 108.16000000000001
41 3194 108.16000000000001
41 3195 108.16000000000001
41 3196 108.16000000000001
41 3197 108.16000000000001
41 3198 108.16000000000001
41 3199 108.16000000000001
41 3200 108.16000000000001
41 3201 108.16000000000001
41 3202 108.16000000000001
41 3203 108.16000000000001
41 3204 108.16000000000001
41 3205 108.16000000000001
41 3206 108.16000000000001
41 3207 108.16000000000001
41 3208 108.16000000000001
41 3209 108.16000000000001
41 3210 108.16000000000001
41 3211 108.16000000000001
41 3212 108.16000000000001
41 3213 108.16000000000001
41 3214 108.16000000000001
41 3215 108.16000000000001
41 3216 108.16000000000001
41 3217 108.16000000000001
41 3218 108.16000000000001
41 3219 108.16000000000001
41 3220 108.16000000000001
41 3221 108.16000000000001
41 3222 108.16000000000001
41 3223 108.16000000000001
41 3224 108.16000000000001
41 3225 108.16000000000001
41 3226 108.16000000000001
41 3227 108.16000000000001
41 3228 108.16000000000001
41 3229 108.16000000000001
41 3230 108.16000000000001
41 3231 108.16000000000001
41 3232 108.16000000000001
41 3233 108.16000000000001
41 3234 108.16000000000001
41 3235 108.16000000000001
41 3236 108.16000000000001
41 3237 108.16000000000001
41 3238 108.16000000000001
41 3239 108.16000000000001
41 3240 108.16000000000001
41 3241 108.16000000000001
41 3242 108.16000000000001
41 3243 108.16000000000001
41 3244 108.16000000000001
41 3245 108.16000000000001
41 3246 108.16000000000001
41 3247 108.16000000000001
41 3248 108.16000000000001
41 3249 108.16000000000001
41 3250 108.16000000000001
41 3251 108.16000000000001
41 3252 108.16000000000001
41 3253 108.16000000000001
41 3254 108.16000000000001
41 3255 108.16000000000001
41 3256 108.16000000000001
41 3257 108.16000000000001
42 3258 108.16000000000001
42 3259 108.16000000000001
42 3260 108.16000000000001
42 3261 108.16000000000001
42 3262 108.16000000000001
42 3263 108.16000000000001
42 3264 108.16000000000001
42 3265 108.16000000000001
42 3266 108.16000000000001
42 3267 108.16000000000001
42 3268 108.16000000000001
42 3269 108.16000000000001
42 3270 108.16000000000001
42 3271 108.16000000000001
42 3272 108.16000000000001
42 3273 108.16000000000001
42 3274 108.16000000000001
42 3275 108.16000000000001
42 3276 108.16000000000001
42 3277 108.16000000000001
42 3278 108.16000000000001
42 3279 108.16000000000001
42 3280 108.16000000000001
42 3281 108.16000000000001
42 3282 108.16000000000001
42 3283 108.16000000000001
42 3284 108.16000000000001
42 3285 108.16000000000001
42 3286 108.16000000000001
42 3287 108.16000000000001
42 3288 108.16000000000001
42 3289 108.16000000000001
42 3290 108.16000000000001
42 3291 108.16000000000001
42 3292 108.16000000000001
42 3293 108.16000000000001
42 3294 108.16000000000001
42 3295 108.16000000000001
42 3296 108.16000000000001
42 3297 108.16000000000001
42 3298 108.16000000000001
42 3299 108.16000000000001
42 3300 108.16000000000001
42 3301 108.16000000000001
42 3302 108.16000000000001
42 3303 108.16000000000001
42 3304 108.16000000000001
42 3305 108.16000000000001
42 3306 108.16000000000001
42 3307 108.16000000000001
42 3308 108.16000000000001
42 3309 108.16000000000001
42 3310 108.16000000000001
42 3311 108.16000000000001
42 3312 108.16000000000001
42 3313 108.16000000000001
42 3314 108.16000000000001
42 3315 108.16000000000001
42 3316 108.16000000000001
42 3317 108.16000000000001
42 3318 108.16000000000001
42 3319 108.16000000000001
42 3320 108.16000000000001
42 3321 108.16000000000001
42 3322 108.16000000000001
42 3323 108.16000000000001
42 3324 108.16000000000001
42 3325 108.16000000000001
42 3326 108.16000000000001
42 3327 108.16000000000001
42 3328 108.16000000000001
42 3329 108.16000000000001
42 3330 108.16000000000001
42 3331 108.16000000000001
42 3332 108.16000000000001
42 3333 108.16000000000001
42 3334 108.16000000000001
42 3335 108.16000000000001
42 3336 108.16000000000001
42 3337 108.16000000000001
42 3338 108.16000000000001
43 3339 108.16000000000001
43 3340 108.16000000000001
43 3341 108.16000000000001
43 3342 108.16000000000001
43 3343 108.16000000000001
43 3344 108.16000000000001
43 3345 108.16000000000001
43 3346 108.16000000000001
43 3347 108.16000000000001
43 3348 108.16000000000001
43 3349 108.16000000000001
43 3350 108.16000000000001
43 3351 108.16000000000001
43 3352 108.16000000000001
43 3353 108.16000000000001
43 3354 108.16000000000001
43 3355 108.16000000000001
43 3356 108.16000000000001
43 3357 108.16000000000001
43 3358 108.16000000000001
43 3359 108.16000000000001
43 3360 108.16000000000001
43 3361 108.16000000000001
43 3362 108.16000000000001
43 3363 108.16000000000001
43 3364 108.16000000000001
43 3365 108.16000000000001
43 3366 108.16000000000001
43 3367 108.16000000000001
43 3368 108.16000000000001
43 3369 108.16000000000001
43 3370 108.16000000000001
43 3371 108.16000000000001
43 3372 108.16000000000001
43 3373 108.16000000000001
43 3374 108.16000000000001
43 3375 108.16000000000001
43 3376 108.16000000000001
43 3377 108.16000000000001
43 3378 108.16000000000001
43 3379 108.16000000000001
43 3380 108.16000000000001
43 3381 108.16000000000001
43 3382 108.16000000000001
43 3383 108.16000000000001
43 3384 108.16000000000001
43 3385 108.16000000000001
43 3386 108.16000000000001
43 3387 108.16000000000001
43 3388 108.16000000000001
43 3389 108.16000000000001
43 3390 108.16000000000001
43 3391 108.16000000000001
43 3392 108.16000000000001
43 3393 108.16000000000001
43 3394 108.16000000000001
43 3395 108.16000000000001
43 3396 108.16000000000001
43 3397 108.16000000000001
43 3398 108.16000000000001
43 3399 108.16000000000001
43 3400 108.16000000000001
43 3401 108.16000000000001
43 3402 108.16000000000001
43 3403 108.16000000000001
43 3404 108.16000000000001
43 3405 108.16000000000001
43 3406 108.16000000000001
43 3407 108.16000000000001
43 3408 108.16000000000001
43 3409 108.16000000000001
43 3410 108.16000000000001
43 3411 108.16000000000001
43 3412 108.16000000000001
43 3413 108.16000000000001
43 3414 108.16000000000001
43 3415 108.16000000000001
43 3416 108.16000000000001
43 3417 108.16000000000001
43 3418 108.16000000000001
43 3419 108.16000000000001
43 3420 108.16000000000001
43 3421 108.16000000000001
43 3422 108.16000000000001
43 3423 108.16000000000001
43 3424 108.16000000000001
44 3425 108.16000000000001
44 3426 108.16000000000001
44 3427 108.16000000000001
44 3428 108.16000000000001
44 3429 108.16000000000001
44 3430 108.16000000000001
44 3431 108.16000000000001
44 3432 108.16000000000001
44 3433 108.16000000000001
44 3434 108.16000000000001
44 3435 108.16000000000001
44 3436 108.16000000000001
44 3437 108.16000000000001
44 3438 108.16000000000001
44 3439 108.16000000000001
44 3440 108.16000000000001
44 3441 108.16000000000001
44 3442 108.16000000000001
44 3443 108.16000000000001
44 3444 108.16000000000001
44 3445 108.16000000000001
44 3446 108.16000000000001
44 3447 108.16000000000001
44 3448 108.16000000000001
44 3449 108.16000000000001
44 3450 108.16000000000001
44 3451 108.16000000000001
44 3452 108.16000000000001
44 3453 108.16000000000001
44 3454 108.16000000000001
44 3455 108.16000000000001
44 3456 108.16000000000001
44 3457 108.16000000000001
44 3458 108.16000000000001
44 3459 108.16000000000001
44 3460 108.16000000000001
44 3461 108.16000000000001
44 3462 108.16000000000001
44 3463 108.16000000000001
44 3464 108.16000000000001
44 3465 108.16000000000001
44 3466 108.16000000000001
44 3467 108.16000000000001
44 3468 108.16000000000001
44 3469 108.16000000000001
44 3470 108.16000000000001
44 3471 108.16000000000001
44 3472 108.16000000000001
44 3473 108.16000000000001
44 3474 108.16000000000001
44 3475 108.16000000000001
44 3476 108.16000000000001
44 3477 108.16000000000001
44 3478 108.16000000000001
44 3479 108.16000000000001
44 3480 108.16000000000001
44 3481 108.16000000000001
44 3482 108.16000000000001
44 3483 108.16000000000001
44 3484 108.16000000000001
44 3485 108.16000000000001
44 3486 103.00999999999999
44 3487 103.00999999999999
44 3488 103.00999999999999
44 3489 103.00999999999999
44 3490 103.00999999999999
44 3491 103.00999999999999
44 3492 103.00999999999999
44 3493 103.00999999999999
44 3494 103.00999999999999
44 3495 103.00999999999999
44 3496 103.00999999999999
44 3497 103.00999999999999
44 3498 103.00999999999999
44 3499 103.00999999999999
44 3500 103.00999999999999
44 3501 103.00999999999999
44 3502 103.00999999999999
44 3503 103.00999999999999
44 3504 103.00999999999999
45 3505 103.00999999999999
45 3506 103.00999999999999
45 3507 103.00999999999999
45 3508 103.00999999999999
45 3509 103.00999999999999
45 3510 103.00999999999999
45 3511 103.00999999999999
45 3512 103.00999999999999
45 3513 103.00999999999999
45 3514 103.00999999999999
45 3515 103.00999999999999
45 3516 103.00999999999999
45 3517 103.00999999999999
45 3518 103.00999999999999
45 3519 103.00999999999999
45 3520 103.00999999999999
45 3521 103.00999999999999
45 3522 103.00999999999999
45 3523 103.00999999999999
45 3524 103.00999999999999
45 3525 103.00999999999999
45 3526 103.00999999999999
45 3527 103.00999999999999
45 3528 103.00999999999999
45 3529 103.00999999999999
45 3530 103.00999999999999
45 3531 103.00999999999999
45 3532 103.00999999999999
45 3533 103.00999999999999
45 3534 103.00999999999999
45 3535 103.00999999999999
45 3536 103.00999999999999
45 3537 103.00999999999999
45 3538 103.00999999999999
45 3539 103.00999999999999
45 3540 103.00999999999999
45 3541 103.00999999999999
45 3542 103.00999999999999
45 3543 103.00999999999999
45 3544 103.00999999999999
45 3545 103.00999999999999
45 3546 103.00999999999999
45 3547 103.00999999999999
45 3548 103.00999999999999
45 3549 103.00999999999999
45 3550 103.00999999999999
45 3551 103.00999999999999
45 3552 103.00999999999999
45 3553 103.00999999999999
45 3554 103.00999999999999
45 3555 103.00999999999999
45 3556 103.00999999999999
45 3557 103.00999999999999
45 3558 103.00999999999999
45 3559 103.00999999999999
45 3560 103.00999999999999
45 3561 103.00999999999999
45 3562 103.00999999999999
45 3563 103.00999999999999
45 3564 103.00999999999999
45 3565 103.00999999999999
45 3566 103.00999999999999
45 3567 103.00999999999999
45 3568 103.00999999999999
45 3569 103.00999999999999
45 3570 103.00999999999999
45 3571 103.00999999999999
45 3572 103.00999999999999
45 3573 103.00999999999999
45 3574 103.00999999999999
45 3575 103.00999999999999
45 3576 103.00999999999999
45 3577 103.00999999999999
45 3578 103.00999999999999
45 3579 103.00999999999999
45 3580 103.00999999999999
45 3581 103.00999999999999
45 3582 103.00999999999999
45 3583 103.00999999999999
45 3584 103.00999999999999
45 3585 103.00999999999999
45 3586 103.00999999999999
46 3587 103.00999999999999
46 3588 103.00999999999999
46 3589 103.00999999999999
46 3590 103.00999999999999
46 3591 103.00999999999999
46 3592 103.00999999999999
46 3593 103.00999999999999
46 3594 103.00999999999999
46 3595 103.00999999999999
46 3596 103.00999999999999
46 3597 103.00999999999999
46 3598 103.00999999999999
46 3599 103.00999999999999
46 3600 103.00999999999999
46 3601 103.00999999999999
46 3602 103.00999999999999
46 3603 103.00999999999999
46 3604 103.00999999999999
46 3605 103.00999999999999
46 3606 103.00999999999999
46 3607 103.00999999999999
46 3608 103.00999999999999
46 3609 103.00999999999999
46 3610 103.00999999999999
46 3611 103.00999999999999
46 3612 103.00999999999999
46 3613 103.00999999999999
46 3614 103.00999999999999
46 3615 103.00999999999999
46 3616 103.00999999999999
46 3617 103.00999999999999
46 3618 103.00999999999999
46 3619 103.00999999999999
46 3620 103.00999999999999
46 3621 103.00999999999999
46 3622 103.00999999999999
46 3623 103.00999999999999
46 3624 103.00999999999999
46 3625 103.00999999999999
46 3626 103.00999999999999
46 3627 103.00999999999999
46 3628 103.00999999999999
46 3629 103.00999999999999
46 3630 103.00999999999999
46 3631 103.00999999999999
46 3632 103.00999999999999
46 3633 103.00999999999999
46 3634 103.00999999999999
46 3635 103.00999999999999
46 3636 103.00999999999999
46 3637 103.00999999999999
46 3638 103.00999999999999
46 3639 103.00999999999999
46 3640 103.00999999999999
46 3641 103.00999999999999
46 3642 103.00999999999999
46 3643 103.00999999999999
46 3644 103.00999999999999
46 3645 103.00999999999999
46 3646 103.00999999999999
46 3647 103.00999999999999
46 3648 103.00999999999999
46 3649 103.00999999999999
46 3650 103.00999999999999
46 3651 103.00999999999999
46 3652 103.00999999999999
46 3653 103.00999999999999
46 3654 103.00999999999999
46 3655 103.00999999999999
46 3656 103.00999999999999
46 3657 103.00999999999999
46 3658 103.00999999999999
46 3659 103.00999999999999
46 3660 103.00999999999999
46 3661 103.00999999999999
46 3662 103.00999999999999
46 3663 103.00999999999999
46 3664 103.00999999999999
47 3665 103.00999999999999
47 3666 103.00999999999999
47 3667 103.00999999999999
47 3668 103.00999999999999
47 3669 103.00999999999999
47 3670 103.00999999999999
47 3671 103.00999999999999
47 3672 103.00999999999999
47 3673 103.00999999999999
47 3674 103.00999999999999
47 3675 103.00999999999999
47 3676 103.00999999999999
47 3677 103.00999999999999
47 3678 103.00999999999999
47 3679 103.00999999999999
47 3680 103.00999999999999
47 3681 103.00999999999999
47 3682 103.00999999999999
47 3683 103.00999999999999
47 3684 103.00999999999999
47 3685 103.00999999999999
47 3686 103.00999999999999
47 3687 103.00999999999999
47 3688 103.00999999999999
47 3689 103.00999999999999
47 3690 103.00999999999999
47 3691 103.00999999999999
47 3692 103.00999999999999
47 3693 103.00999999999999
47 3694 103.00999999999999
47 3695 103.00999999999999
47 3696 103.00999999999999
47 3697 103.00999999999999
47 3698 103.00999999999999
47 3699 103.00999999999999
47 3700 103.00999999999999
47 3701 103.00999999999999
47 3702 103.00999999999999
47 3703 103.00999999999999
47 3704 103.00999999999999
47 3705 103.00999999999999
47 3706 103.00999999999999
47 3707 103.00999999999999
47 3708 103.00999999999999
47 3709 103.00999999999999
47 3710 103.00999999999999
47 3711 103.00999999999999
47 3712 103.00999999999999
47 3713 103.00999999999999
47 3714 103.00999999999999
47 3715 103.00999999999999
47 3716 103.00999999999999
47 3717 103.00999999999999
47 3718 103.00999999999999
47 3719 103.00999999999999
47 3720 103.00999999999999
47 3721 103.00999999999999
47 3722 103.00999999999999
47 3723 103.00999999999999
47 3724 103.00999999999999
47 3725 103.00999999999999
47 3726 103.00999999999999
47 3727 103.00999999999999
47 3728 103.00999999999999
47 3729 103.00999999999999
47 3730 103.00999999999999
47 3731 103.00999999999999
47 3732 103.00999999999999
47 3733 103.00999999999999
47 3734 103.00999999999999
47 3735 103.00999999999999
47 3736 103.00999999999999
47 3737 103.00999999999999
47 3738 103.00999999999999
47 3739 103.00999999999999
47 3740 103.00999999999999
47 3741 103.00999999999999
47 3742 103.00999999999999
47 3743 103.00999999999999
47 3744 103.00999999999999
47 3745 103.00999999999999
47 3746 103.00999999999999
47 3747 103.00999999999999
47 3748 103.00999999999999
47 3749 103.00999999999999
48 3750 103.00999999999999
48 3751 103.00999999999999
48 3752 103.00999999999999
48 3753 103.00999999999999
48 3754 103.00999999999999
48 3755 103.00999999999999
48 3756 103.00999999999999
48 3757 103.00999999999999
48 3758 103.00999999999999
48 3759 103.00999999999999
48 3760 103.00999999999999
48 3761 103.00999999999999
48 3762 103.00999999999999
48 3763 103.00999999999999
48 3764 103.00999999999999
48 3765 103.00999999999999
48 3766 103.00999999999999
48 3767 103.00999999999999
48 3768 103.00999999999999
48 3769 103.00999999999999
48 3770 103.00999999999999
48 3771 103.00999999999999
48 3772 103.00999999999999
48 3773 103.00999999999999
48 3774 103.00999999999999
48 3775 103.00999999999999
48 3776 103.00999999999999
48 3777 103.00999999999999
48 3778 103.00999999999999
48 3779 103.00999999999999
48 3780 103.00999999999999
48 3781 103.00999999999999
48 3782 103.00999999999999
48 3783 103.00999999999999
48 3784 103.00999999999999
48 3785 103.00999999999999
48 3786 103.00999999999999
48 3787 103.00999999999999
48 3788 103.00999999999999
48 3789 103.00999999999999
48 3790 103.00999999999999
48 3791 103.00999999999999
48 3792 103.00999999999999
48 3793 103.00999999999999
48 3794 103.00999999999999
48 3795 103.00999999999999
48 3796 103.00999999999999
48 3797 103.00999999999999
48 3798 103.00999999999999
48 3799 103.00999999999999
48 3800 103.00999999999999
48 3801 103.00999999999999
48 3802 103.00999999999999
48 3803 103.00999999999999
48 3804 103.00999999999999
48 3805 103.00999999999999
48 3806 103.00999999999999
48 3807 103.00999999999999
48 3808 103.00999999999999
48 3809 103.00999999999999
48 3810 103.00999999999999
48 3811 103.00999999999999
48 3812 103.00999999999999
48 3813 103.00999999999999
48 3814 103.00999999999999
48 3815 103.00999999999999
48 3816 103.00999999999999
48 3817 103.00999999999999
48 3818 103.00999999999999
48 3819 103.00999999999999
48 3820 103.00999999999999
48 3821 103.00999999999999
48 3822 103.00999999999999
48 3823 103.00999999999999
48 3824 103.00999999999999
48 3825 103.00999999999999
48 3826 103.00999999999999
48 3827 103.00999999999999
48 3828 103.00999999999999
48 3829 103.00999999999999
48 3830 103.00999999999999
48 3831 103.00999999999999
48 3832 103.00999999999999
48 3833 103.00999999999999
48 3834 103.00999999999999
48 3835 103.00999999999999
49 3836 103.00999999999999
49 3837 103.00999999999999
49 3838 103.00999999999999
49 3839 103.00999999999999
49 3840 103.00999999999999
49 3841 103.00999999999999
49 3842 103.00999999999999
49 3843 103.00999999999999
49 3844 103.00999999999999
49 3845 103.00999999999999
49 3846 103.00999999999999
49 3847 103.00999999999999
49 3848 103.00999999999999
49 3849 103.00999999999999
49 3850 103.00999999999999
49 3851 103.00999999999999
49 3852 103.00999999999999
49 3853 103.00999999999999
49 3854 103.00999999999999
49 3855 103.00999999999999
49 3856 103.00999999999999
49 3857 103.00999999999999
49 3858 103.00999999999999
49 3859 103.00999999999999
49 3860 103.00999999999999
49 3861 103.00999999999999
49 3862 103.00999999999999
49 3863 103.00999999999999
49 3864 103.00999999999999
49 3865 103.00999999999999
49 3866 103.00999999999999
49 3867 103.00999999999999
49 3868 103.00999999999999
49 3869 103.00999999999999
49 3870 103.00999999999999
49 3871 103.00999999999999
49 3872 103.00999999999999
49 3873 103.00999999999999
49 3874 103.00999999999999
49 3875 103.00999999999999
49 3876 103.00999999999999
49 3877 103.00999999999999
49 3878 103.00999999999999
49 3879 103.00999999999999
49 3880 103.00999999999999
49 3881 103.00999999999999
49 3882 103.00999999999999
49 3883 103.00999999999999
49 3884 103.00999999999999
49 3885 103.00999999999999
49 3886 103.00999999999999
49 3887 103.00999999999999
49 3888 103.00999999999999
49 3889 103.00999999999999
49 3890 103.00999999999999
49 3891 103.00999999999999
49 3892 103.00999999999999
49 3893 103.00999999999999
49 3894 103.00999999999999
49 3895 103.00999999999999
49 3896 103.00999999999999
49 3897 103.00999999999999
49 3898 103.00999999999999
49 3899 103.00999999999999
49 3900 103.00999999999999
49 3901 103.00999999999999
49 3902 103.00999999999999
49 3903 103.00999999999999
49 3904 103.00999999999999
49 3905 103.00999999999999
49 3906 103.00999999999999
49 3907 103.00999999999999
49 3908 103.00999999999999
49 3909 103.00999999999999
49 3910 103.00999999999999
49 3911 103.00999999999999
49 3912 103.00999999999999
49 3913 103.00999999999999
49 3914 103.00999999999999
49 3915 103.00999999999999
49 3916 103.00999999999999
50 3917 103.00999999999999
50 3918 103.00999999999999
50 3919 103.00999999999999
50 3920 103.00999999999999
50 3921 103.00999999999999
50 3922 103.00999999999999
50 3923 103.00999999999999
50 3924 103.00999999999999
50 3925 103.00999999999999
50 3926 103.00999999999999
50 3927 103.00999999999999
50 3928 103.00999999999999
50 3929 103.00999999999999
50 3930 103.00999999999999
50 3931 103.00999999999999
50 3932 103.00999999999999
50 3933 103.00999999999999
50 3934 103.00999999999999
50 3935 103.00999999999999
50 3936 103.00999999999999
50 3937 103.00999999999999
50 3938 103.00999999999999
50 3939 103.00999999999999
50 3940 103.00999999999999
50 3941 103.00999999999999
50 3942 103.00999999999999
50 3943 103.00999999999999
50 3944 103.00999999999999
50 3945 103.00999999999999
50 3946 103.00999999999999
50 3947 103.00999999999999
50 3948 103.00999999999999
50 3949 103.00999999999999
50 3950 103.00999999999999
50 3951 103.00999999999999
50 3952 103.00999999999999
50 3953 103.00999999999999
50 3954 103.00999999999999
50 3955 103.00999999999999
50 3956 103.00999999999999
50 3957 103.00999999999999
50 3958 103.00999999999999
50 3959 103.00999999999999
50 3960 103.00999999999999
50 3961 103.00999999999999
50 3962 4.0
50 3963 4.0
50 3964 4.0
50 3965 4.0
50 3966 4.0
50 3967 4.0
50 3968 4.0
50 3969 4.0
50 3970 4.0
50 3971 4.0
50 3972 4.0
50 3973 4.0
50 3974 4.0
50 3975 4.0
50 3976 4.0
50 3977 4.0
50 3978 4.0
50 3979 4.0
50 3980 4.0
50 3981 4.0
50 3982 4.0
50 3983 4.0
50 3984 4.0
50 3985 4.0
50 3986 4.0
50 3987 4.0
50 3988 4.0
50 3989 4.0
50 3990 4.0
50 3991 4.0
50 3992 4.0
50 3993 4.0
50 3994 4.0
50 3995 4.0
50 3996 4.0
50 3997 4.0
50 3998 4.0
50 3999 4.0
50 4000 4.0
50 4001 4.0
50 4002 4.0
50 4003 4.0
51 4004 4.0
51 4005 4.0
51 4006 4.0
51 4007 4.0
51 4008 4.0
51 4009 4.0
51 4010 4.0
51 4011 4.0
51 4012 4.0
51 4013 4.0
51 4014 4.0
51 4015 4.0
51 4016 4.0
51 4017 4.0
51 4018 4.0
51 4019 4.0
51 4020 4.0
51 4021 4.0
51 4022 4.0
51 4023 4.0
51 4024 4.0
51 4025 4.0
51 4026 4.0
51 4027 4.0
51 4028 4.0
51 4029 4.0
51 4030 4.0
51 4031 4.0
51 4032 4.0
51 4033 4.0
51 4034 4.0
51 4035 4.0
51 4036 4.0
51 4037 4.0
51 4038 4.0
51 4039 4.0
51 4040 4.0
51 4041 4.0
51 4042 4.0
51 4043 4.0
51 4044 4.0
51 4045 4.0
51 4046 4.0
51 4047 4.0
51 4048 4.0
51 4049 4.0
51 4050 4.0
51 4051 4.0
51 4052 4.0
51 4053 4.0
51 4054 4.0
51 4055 4.0
51 4056 4.0
51 4057 4.0
51 4058 4.0
51 4059 4.0
51 4060 4.0
51 4061 4.0
51 4062 4.0
51 4063 4.0
51 4064 4.0
51 4065 4.0
51 4066 4.0
51 4067 4.0
51 4068 4.0
51 4069 4.0
51 4070 4.0
51 4071 4.0
51 4072 4.0
51 4073 4.0
51 4074 4.0
51 4075 4.0
51 4076 4.0
51 4077 4.0
51 4078 4.0
51 4079 4.0
51 4080 4.0
51 4081 4.0
51 4082 4.0
52 4083 4.0
52 4084 4.0
52 4085 4.0
52 4086 4.0
52 4087 4.0
52 4088 4.0
52 4089 4.0
52 4090 4.0
52 4091 4.0
52 4092 4.0
52 4093 4.0
52 4094 4.0
52 4095 4.0
52 4096 4.0
52 4097 4.0
52 4098 4.0
52 4099 4.0
52 4100 4.0
52 4101 4.0
52 4102 4.0
52 4103 4.0
52 4104 4.0
52 4105 4.0
52 4106 4.0
52 4107 4.0
52 4108 4.0
52 4109 4.0
52 4110 4.0
52 4111 4.0
52 4112 4.0
52 4113 4.0
52 4114 4.0
52 4115 4.0
52 4116 4.0
52 4117 4.0
52 4118 4.0
52 4119 4.0
52 4120 4.0
52 4121 4.0
52 4122 4.0
52 4123 4.0
52 4124 4.0
52 4125 4.0
52 4126 4.0
52 4127 4.0
52 4128 4.0
52 4129 4.0
52 4130 4.0
52 4131 4.0
52 4132 4.0
52 4133 4.0
52 4134 4.0
52 4135 4.0
52 4136 4.0
52 4137 4.0
52 4138 4.0
52 4139 4.0
52 4140 4.0
52 4141 4.0
52 4142 4.0
52 4143 4.0
52 4144 4.0
52 4145 4.0
52 4146 4.0
52 4147 4.0
52 4148 4.0
52 4149 4.0
52 4150 4.0
52 4151 4.0
52 4152 4.0
52 4153 4.0
52 4154 4.0
52 4155 4.0
52 4156 4.0
52 4157 4.0
52 4158 4.0
52 4159 4.0
52 4160 4.0
52 4161 4.0
52 4162 4.0
52 4163 4.0
52 4164 4.0
52 4165 4.0
52 4166 4.0
52 4167 4.0
52 4168 4.0
53 4169 4.0
53 4170 4.0
53 4171 4.0
53 4172 4.0
53 4173 4.0
53 4174 4.0
53 4175 4.0
53 4176 4.0
53 4177 4.0
53 4178 4.0
53 4179 4.0
53 4180 4.0
53 4181 4.0
53 4182 4.0
53 4183 4.0
53 4184 4.0
53 4185 4.0
53 4186 4.0
53 4187 4.0
53 4188 4.0
53 4189 4.0
53 4190 4.0
53 4191 4.0
53 4192 4.0
53 4193 4.0
53 4194 4.0
53 4195 4.0
53 4196 4.0
53 4197 4.0
53 4198 4.0
53 4199 4.0
53 4200 4.0
53 4201 4.0
53 4202 4.0
53 4203 4.0
53 4204 4.0
53 4205 4.0
53 4206 4.0
53 4207 4.0
53 4208 4.0
53 4209 4.0
53 4210 4.0
53 4211 4.0
53 4212 4.0
53 4213 4.0
53 4214 4.0
53 4215 4.0
53 4216 4.0
53 4217 4.0
53 4218 4.0
53 4219 4.0
53 4220 4.0
53 4221 4.0
53 4222 4.0
53 4223 4.0
53 4224 4.0
53 4225 4.0
53 4226 4.0
53 4227 4.0
53 4228 4.0
53 4229 4.0
53 4230 4.0
53 4231 4.0
53 4232 4.0
53 4233 4.0
53 4234 4.0
53 4235 4.0
53 4236 4.0
53 4237 4.0
53 4238 4.0
53 4239 4.0
53 4240 4.0
54 4241 4.0
54 4242 4.0
54 4243 4.0
54 4244 4.0
54 4245 4.0
54 4246 4.0
54 4247 4.0
54 4248 4.0
54 4249 4.0
54 4250 4.0
54 4251 4.0
54 4252 4.0
54 4253 4.0
54 4254 4.0
54 4255 4.0
54 4256 4.0
54 4257 4.0
54 4258 4.0
54 4259 4.0
54 4260 4.0
54 4261 4.0
54 4262 4.0
54 4263 4.0
54 4264 4.0
54 4265 4.0
54 4266 4.0
54 4267 4.0
54 4268 4.0
54 4269 4.0
54 4270 4.0
54 4271 4.0
54 4272 4.0
54 4273 4.0
54 4274 4.0
54 4275 4.0
54 4276 4.0
54 4277 4.0
54 4278 4.0
54 4279 4.0
54 4280 4.0
54 4281 4.0
54 4282 4.0
54 4283 4.0
54 4284 4.0
54 4285 4.0
54 4286 4.0
54 4287 4.0
54 4288 4.0
54 4289 4.0
54 4290 4.0
54 4291 4.0
54 4292 4.0
54 4293 4.0
54 4294 4.0
54 4295 4.0
54 4296 4.0
54 4297 4.0
54 4298 4.0
54 4299 4.0
54 4300 4.0
54 4301 4.0
54 4302 4.0
54 4303 4.0
54 4304 4.0
54 4305 4.0
54 4306 4.0
54 4307 4.0
54 4308 4.0
54 4309 4.0
54 4310 4.0
54 4311 4.0
54 4312 4.0
54 4313 4.0
54 4314 4.0
54 4315 4.0
54 4316 4.0
54 4317 4.0
54 4318 4.0
54 4319 4.0
54 4320 4.0
54 4321 4.0
54 4322 4.0
54 4323 4.0
54 4324 4.0
54 4325 4.0
54 4326 4.0
55 4327 4.0
55 4328 4.0
55 4329 4.0
55 4330 4.0
55 4331 4.0
55 4332 4.0
55 4333 4.0
55 4334 4.0
55 4335 4.0
55 4336 4.0
55 4337 4.0
55 4338 4.0
55 4339 4.0
55 4340 4.0
55 4341 4.0
55 4342 4.0
55 4343 4.0
55 4344 4.0
55 4345 4.0
55 4346 4.0
55 4347 4.0
55 4348 4.0
55 4349 4.0
55 4350 4.0
55 4351 4.0
55 4352 4.0
55 4353 4.0
55 4354 4.0
55 4355 4.0
55 4356 4.0
55 4357 4.0
55 4358 4.0
55 4359 4.0
55 4360 4.0
55 4361 4.0
55 4362 4.0
55 4363 4.0
55 4364 4.0
55 4365 4.0
55 4366 4.0
55 4367 4.0
55 4368 4.0
55 4369 4.0
55 4370 4.0
55 4371 4.0
55 4372 4.0
55 4373 4.0
55 4374 4.0
55 4375 4.0
55 4376 4.0
55 4377 4.0
55 4378 4.0
55 4379 4.0
55 4380 4.0
55 4381 4.0
55 4382 4.0
55 4383 4.0
55 4384 4.0
55 4385 4.0
55 4386 4.0
55 4387 4.0
55 4388 4.0
55 4389 4.0
55 4390 4.0
55 4391 4.0
55 4392 4.0
55 4393 4.0
55 4394 4.0
55 4395 4.0
55 4396 4.0
55 4397 4.0
55 4398 4.0
55 4399 4.0
55 4400 4.0
55 4401 4.0
55 4402 4.0
55 4403 4.0
55 4404 4.0
56 4405 4.0
56 4406 4.0
56 4407 4.0
56 4408 4.0
56 4409 4.0
56 4410 4.0
56 4411 4.0
56 4412 4.0
56 4413 4.0
56 4414 4.0
56 4415 4.0
56 4416 4.0
56 4417 4.0
56 4418 4.0
56 4419 4.0
56 4420 4.0
56 4421 4.0
56 4422 4.0
56 4423 4.0
56 4424 4.0
56 4425 4.0
56 4426 4.0
56 4427 4.0
56 4428 4.0
56 4429 4.0
56 4430 4.0
56 4431 4.0
56 4432 4.0
56 4433 4.0
56 4434 4.0
56 4435 4.0
56 4436 4.0
56 4437 4.0
56 4438 4.0
56 4439 4.0
56 4440 4.0
56 4441 4.0
56 4442 4.0
56 4443 4.0
56 4444 4.0
56 4445 4.0
56 4446 4.0
56 4447 4.0
56 4448 4.0
56 4449 4.0
56 4450 4.0
56 4451 4.0
56 4452 4.0
56 4453 4.0
56 4454 4.0
56 4455 4.0
56 4456 4.0
56 4457 4.0
56 4458 4.0
56 4459 4.0
56 4460 4.0
56 4461 4.0
56 4462 4.0
56 4463 4.0
56 4464 4.0
56 4465 4.0
56 4466 4.0
56 4467 4.0
56 4468 4.0
56 4469 4.0
56 4470 4.0
56 4471 4.0
56 4472 4.0
56 4473 4.0
56 4474 4.0
56 4475 4.0
56 4476 4.0
56 4477 4.0
56 4478 4.0
56 4479 4.0
56 4480 4.0
56 4481 4.0
56 4482 4.0
56 4483 4.0
56 4484 4.0
56 4485 4.0
56 4486 4.0
56 4487 4.0
56 4488 4.0
56 4489 4.0
57 4490 4.0
57 4491 4.0
57 4492 4.0
57 4493 4.0
57 4494 4.0
57 4495 4.0
57 4496 4.0
57 4497 4.0
57 4498 4.0
57 4499 4.0
57 4500 4.0
57 4501 4.0
57 4502 4.0
57 4503 4.0
57 4504 4.0
57 4505 4.0
57 4506 4.0
57 4507 4.0
57 4508 4.0
57 4509 4.0
57 4510 4.0
57 4511 4.0
57 4512 4.0
57 4513 4.0
57 4514 4.0
57 4515 4.0
57 4516 4.0
57 4517 4.0
57 4518 4.0
57 4519 4.0
57 4520 4.0
57 4521 4.0
57 4522 4.0
57 4523 4.0
57 4524 4.0
57 4525 4.0
57 4526 4.0
57 4527 4.0
57 4528 4.0
57 4529 4.0
57 4530 4.0
57 4531 4.0
57 4532 4.0
57 4533 4.0
57 4534 4.0
57 4535 4.0
57 4536 4.0
57 4537 4.0
57 4538 4.0
57 4539 4.0
57 4540 4.0
57 4541 4.0
57 4542 4.0
57 4543 4.0
57 4544 4.0
57 4545 4.0
57 4546 4.0
57 4547 4.0
57 4548 4.0
57 4549 4.0
57 4550 4.0
57 4551 4.0
57 4552 4.0
57 4553 4.0
57 4554 4.0
57 4555 4.0
57 4556 4.0
57 4557 4.0
57 4558 4.0
57 4559 4.0
57 4560 4.0
57 4561 4.0
57 4562 4.0
57 4563 4.0
57 4564 4.0
57 4565 4.0
57 4566 4.0
57 4567 4.0
57 4568 4.0
57 4569 4.0
57 4570 4.0
57 4571 4.0
57 4572 4.0
57 4573 4.0
57 4574 4.0
57 4575 4.0
57 4576 4.0
57 4577 4.0
58 4578 4.0
58 4579 4.0
58 4580 4.0
58 4581 4.0
58 4582 4.0
58 4583 4.0
58 4584 4.0
58 4585 4.0
58 4586 4.0
58 4587 4.0
58 4588 4.0
58 4589 4.0
58 4590 4.0
58 4591 4.0
58 4592 4.0
58 4593 4.0
58 4594 4.0
58 4595 4.0
58 4596 4.0
58 4597 4.0
58 4598 4.0
58 4599 4.0
58 4600 4.0
58 4601 4.0
58 4602 4.0
58 4603 4.0
58 4604 4.0
58 4605 4.0
58 4606 4.0
58 4607 4.0
58 4608 4.0
58 4609 4.0
58 4610 4.0
58 4611 4.0
58 4612 4.0
58 4613 4.0
58 4614 4.0
58 4615 4.0
58 4616 4.0
58 4617 4.0
58 4618 4.0
58 4619 4.0
58 4620 4.0
58 4621 4.0
58 4622 4.0
58 4623 4.0
58 4624 4.0
58 4625 4.0
58 4626 4.0
58 4627 4.0
58 4628 4.0
58 4629 4.0
58 4630 4.0
58 4631 4.0
58 4632 4.0
58 4633 4.0
58 4634 4.0
58 4635 4.0
58 4636 4.0
58 4637 4.0
58 4638 4.0
58 4639 4.0
58 4640 4.0
58 4641 4.0
58 4642 4.0
58 4643 4.0
58 4644 4.0
58 4645 4.0
58 4646 4.0
58 4647 4.0
58 4648 4.0
58 4649 4.0
58 4650 4.0
58 4651 4.0
58 4652 0.0
