0 1 31777.369999999995
0 2 29912.12
0 3 29912.12
0 4 29727.11
0 5 28200.26
0 6 28200.26
0 7 25953.08
0 8 25953.08
0 9 25489.090000000004
1 10 25489.090000000004
1 11 25489.090000000004
1 12 25489.090000000004
1 13 25489.090000000004
1 14 25489.090000000004
1 15 25489.090000000004
1 16 25489.090000000004
1 17 25489.090000000004
1 18 25489.090000000004
1 19 24814.25
1 20 24814.25
1 21 24814.25
1 22 24814.25
1 23 24814.25
1 24 24814.25
1 25 24814.25
1 26 24814.25
1 27 24814.25
1 28 24140.850000000002
1 29 24140.850000000002
1 30 24140.850000000002
1 31 24140.850000000002
1 32 24136.93
1 33 24136.93
1 34 24131.57
1 35 24131.57
1 36 24131.57
1 37 24131.57
1 38 24131.57
1 39 24131.57
1 40 24131.57
1 41 24131.57
1 42 24131.57
1 43 22895.649999999998
1 44 22895.649999999998
1 45 22895.649999999998
1 46 22895.649999999998
1 47 20991.57
1 48 20991.57
1 49 20991.57
1 50 20991.57
1 51 20991.57
1 52 20991.57
1 53 20991.57
1 54 20991.57
1 55 20991.57
1 56 20981.09
1 57 20981.09
1 58 20981.09
1 59 20981.09
1 60 20981.09
1 61 20981.09
1 62 20892.77
1 63 20854.29
1 64 20854.29
1 65 20854.29
1 66 20843.81
1 67 20843.81
1 68 20522.77
1 69 20522.77
1 70 20522.77
1 71 20522.77
1 72 20495.57
1 73 20495.57
1 74 20495.57
1 75 20483.97
1 76 20483.97
1 77 20483.97
1 78 20483.97
1 79 20476.85
1 80 20476.85
2 81 19769.780000000002
2 82 19769.780000000002
2 83 19769.780000000002
2 84 19769.780000000002
2 85 19732.84
2 86 19732.84
2 87 19732.84
2 88 19732.84
2 89 19732.84
2 90 19732.84
2 91 19732.84
2 92 19732.84
2 93 19732.84
2 94 19732.84
2 95 19732.84
2 96 19732.84
2 97 19732.84
2 98 19732.84
2 99 19732.84
2 100 19697.800000000003
2 101 18933.760000000002
2 102 18933.760000000002
2 103 18933.760000000002
2 104 18843.320000000003
2 105 18843.320000000003
2 106 18843.320000000003
2 107 18843.320000000003
2 108 18843.320000000003
2 109 18843.320000000003
2 110 18843.320000000003
2 111 18843.320000000003
2 112 18843.320000000003
2 113 18758.930000000004
2 114 18758.930000000004
2 115 18758.930000000004
2 116 18758.930000000004
2 117 17983.160000000003
2 118 17983.160000000003
2 119 17983.160000000003
2 120 17983.160000000003
2 121 17983.160000000003
2 122 17983.160000000003
2 123 17983.160000000003
2 124 17983.160000000003
2 125 17983.160000000003
2 126 17983.160000000003
2 127 17983.160000000003
2 128 17983.160000000003
2 129 17805.55
2 130 17805.55
2 131 17805.55
2 132 17127.09
2 133 17127.09
2 134 17127.09
2 135 17127.09
2 136 17110.610000000004
2 137 16742.77
2 138 16742.77
2 139 16742.77
2 140 16742.77
2 141 16742.77
2 142 16367.73
2 143 16367.73
2 144 16367.73
2 145 16367.73
2 146 16109.81
2 147 16109.81
2 148 16109.81
2 149 16109.81
2 150 16109.81
2 151 16109.81
3 152 16109.81
3 153 16109.81
3 154 16109.81
3 155 16109.81
3 156 16109.81
3 157 16109.81
3 158 16109.81
3 159 16109.81
3 160 14722.289999999999
3 161 14722.289999999999
3 162 14722.289999999999
3 163 14722.289999999999
3 164 14722.289999999999
3 165 14472.689999999999
3 166 14472.689999999999
3 167 14472.689999999999
3 168 14328.05
3 169 14328.05
3 170 14328.05
3 171 14328.05
3 172 14328.05
3 173 14328.05
3 174 14328.05
3 175 14328.05
3 176 14328.05
3 177 14328.05
3 178 14328.05
3 179 14328.05
3 180 14328.05
3 181 14328.05
3 182 14328.05
3 183 14328.05
3 184 14328.05
3 185 14193.01
3 186 14193.01
3 187 14193.01
3 188 14193.01
3 189 14193.01
3 190 14193.01
3 191 14193.01
3 192 14189.119999999999
3 193 14189.119999999999
3 194 14189.119999999999
3 195 14189.119999999999
3 196 14189.119999999999
3 197 14189.119999999999
3 198 14189.119999999999
3 199 14189.119999999999
3 200 14189.119999999999
3 201 14189.119999999999
3 202 14189.119999999999
3 203 14189.119999999999
3 204 14189.119999999999
3 205 11813.119999999999
3 206 11813.119999999999
3 207 11813.119999999999
3 208 11813.119999999999
3 209 11813.119999999999
3 210 11813.119999999999
3 211 11813.119999999999
3 212 11493.119999999999
3 213 11493.119999999999
3 214 11493.119999999999
3 215 11493.119999999999
3 216 11493.119999999999
3 217 11493.119999999999
3 218 11493.119999999999
3 219 11493.119999999999
3 220 11493.119999999999
3 221 11493.119999999999
3 222 11493.119999999999
3 223 11493.119999999999
3 224 11493.119999999999
3 225 11493.119999999999
3 226 11487.16
3 227 11487.16
3 228 11487.16
4 229 11487.16
4 230 11487.16
4 231 11487.16
4 232 11487.16
4 233 11487.16
4 234 11487.16
4 235 11487.16
4 236 11487.16
4 237 11487.16
4 238 11487.16
4 239 11487.16
4 240 11487.16
4 241 11487.16
4 242 11487.16
4 243 11487.16
4 244 11487.16
4 245 11484.19
4 246 11484.19
4 247 11484.19
4 248 11468.08
4 249 11468.08
4 250 11468.08
4 251 11468.08
4 252 11468.08
4 253 11468.08
4 254 11468.08
4 255 11468.08
4 256 11468.08
4 257 11468.08
4 258 11468.08
4 259 11468.08
4 260 11468.08
4 261 11468.08
4 262 11468.08
4 263 11468.08
4 264 11468.08
4 265 11468.08
4 266 11468.08
4 267 11468.08
4 268 11468.08
4 269 11468.08
4 270 11468.08
4 271 11468.08
4 272 11468.08
4 273 11468.08
4 274 11468.08
4 275 11468.08
4 276 11468.08
4 277 11468.08
4 278 11456.4
4 279 11456.4
4 280 11456.4
4 281 10714.109999999999
4 282 10714.109999999999
4 283 10714.109999999999
4 284 10714.109999999999
4 285 10714.109999999999
4 286 10714.109999999999
4 287 10546.109999999999
4 288 10546.109999999999
4 289 10546.109999999999
4 290 10546.109999999999
4 291 10546.109999999999
4 292 10546.109999999999
4 293 10531.119999999999
5 294 10531.119999999999
5 295 10501.31
5 296 10501.31
5 297 10501.31
5 298 10501.31
5 299 10501.31
5 300 10501.31
5 301 10501.31
5 302 10501.31
5 303 10479.07
5 304 10479.07
5 305 10479.07
5 306 10315.23
5 307 10315.23
5 308 10315.23
5 309 10315.23
5 310 10315.23
5 311 10315.23
5 312 10315.23
5 313 10315.23
5 314 10315.23
5 315 10315.23
5 316 10315.23
5 317 10271.39
5 318 10271.39
5 319 10271.39
5 320 10271.39
5 321 10271.39
5 322 9919.39
5 323 9919.39
5 324 9919.39
5 325 9919.39
5 326 9919.39
5 327 9919.39
5 328 9892.67
5 329 9556.710000000001
5 330 9556.710000000001
5 331 9556.710000000001
5 332 9556.710000000001
5 333 9556.710000000001
5 334 9556.710000000001
5 335 9556.710000000001
5 336 9556.710000000001
5 337 8853.720000000001
5 338 8853.720000000001
5 339 8848.52
5 340 8848.52
5 341 8848.52
5 342 8848.52
5 343 8848.52
5 344 8848.52
5 345 8848.52
5 346 8848.52
5 347 8848.52
5 348 8848.52
5 349 8848.52
5 350 8848.52
5 351 8848.52
5 352 8848.52
5 353 8848.52
5 354 8848.52
5 355 8848.52
5 356 8848.52
5 357 8848.52
5 358 8848.52
5 359 8848.52
5 360 8848.52
5 361 8848.52
5 362 8848.52
5 363 8496.52
5 364 8496.52
5 365 8496.52
5 366 8496.52
5 367 8496.52
5 368 8496.52
5 369 8496.52
5 370 8496.52
5 371 8496.52
5 372 8496.52
6 373 8496.52
6 374 8496.52
6 375 8496.52
6 376 8496.52
6 377 8496.52
6 378 8496.52
6 379 8496.52
6 380 8496.52
6 381 8496.52
6 382 8496.52
6 383 8496.52
6 384 8496.52
6 385 8496.52
6 386 8496.52
6 387 8496.52
6 388 8496.52
6 389 8482.230000000001
6 390 8482.230000000001
6 391 8482.230000000001
6 392 8482.230000000001
6 393 8482.230000000001
6 394 8482.230000000001
6 395 8482.230000000001
6 396 8482.230000000001
6 397 8482.230000000001
6 398 8482.230000000001
6 399 8482.230000000001
6 400 8482.230000000001
6 401 8482.230000000001
6 402 8482.230000000001
6 403 8482.230000000001
6 404 8482.230000000001
6 405 8482.230000000001
6 406 8482.230000000001
6 407 8475.910000000002
6 408 8475.910000000002
6 409 8475.910000000002
6 410 8475.910000000002
6 411 8475.910000000002
6 412 8475.910000000002
6 413 8475.910000000002
6 414 8475.910000000002
6 415 8475.910000000002
6 416 8475.910000000002
6 417 8475.910000000002
6 418 8475.910000000002
6 419 8475.910000000002
6 420 8475.910000000002
6 421 8475.910000000002
6 422 8475.910000000002
6 423 8475.910000000002
6 424 8475.910000000002
6 425 8475.910000000002
6 426 8475.910000000002
6 427 8475.910000000002
6 428 8475.910000000002
6 429 8475.910000000002
6 430 8475.910000000002
6 431 8475.910000000002
6 432 8475.910000000002
6 433 8475.910000000002
6 434 8475.910000000002
6 435 8475.910000000002
6 436 8475.910000000002
6 437 8475.910000000002
6 438 8475.910000000002
6 439 8475.910000000002
6 440 8475.910000000002
6 441 8475.910000000002
6 442 8475.910000000002
6 443 8475.910000000002
6 444 8475.910000000002
6 445 8475.910000000002
6 446 8475.910000000002
6 447 8475.910000000002
6 448 8475.910000000002
6 449 8475.910000000002
6 450 8475.910000000002
6 451 8475.910000000002
6 452 8472.78
6 453 8472.78
7 454 8472.78
7 455 8472.78
7 456 8472.78
7 457 8472.78
7 458 8472.78
7 459 8472.78
7 460 8472.78
7 461 8472.78
7 462 8472.78
7 463 8472.78
7 464 8472.78
7 465 8472.78
7 466 8472.78
7 467 8472.78
7 468 8472.78
7 469 8472.78
7 470 8472.78
7 471 8136.010000000001
7 472 8136.010000000001
7 473 8136.010000000001
7 474 8136.010000000001
7 475 8114.890000000001
7 476 8114.890000000001
7 477 8114.890000000001
7 478 8114.890000000001
7 479 8021.450000000002
7 480 8021.450000000002
7 481 8021.450000000002
7 482 8021.450000000002
7 483 8021.450000000002
7 484 8021.450000000002
7 485 8021.450000000002
7 486 8021.450000000002
7 487 8021.450000000002
7 488 8021.450000000002
7 489 8021.450000000002
7 490 8021.450000000002
7 491 7986.5700000000015
7 492 7964.6500000000015
7 493 7964.6500000000015
7 494 7964.6500000000015
7 495 7964.6500000000015
7 496 7964.6500000000015
7 497 7964.6500000000015
7 498 7964.6500000000015
7 499 7964.6500000000015
7 500 7303.010000000001
7 501 7303.010000000001
7 502 7303.010000000001
7 503 7303.010000000001
7 504 7303.010000000001
7 505 7303.010000000001
7 506 7303.010000000001
7 507 7303.010000000001
7 508 7303.010000000001
7 509 7281.890000000001
7 510 7281.890000000001
7 511 7281.890000000001
7 512 7281.890000000001
7 513 7281.890000000001
7 514 7281.890000000001
7 515 7281.890000000001
7 516 7281.890000000001
7 517 7281.890000000001
7 518 7281.890000000001
7 519 7275.560000000001
7 520 7275.560000000001
7 521 7275.560000000001
7 522 7275.560000000001
7 523 7275.560000000001
7 524 7275.560000000001
7 525 7275.560000000001
7 526 7275.560000000001
7 527 7275.560000000001
7 528 7275.560000000001
7 529 7275.560000000001
7 530 7267.080000000001
7 531 7267.080000000001
8 532 7267.080000000001
8 533 7267.080000000001
8 534 7267.080000000001
8 535 7267.080000000001
8 536 7267.080000000001
8 537 7267.080000000001
8 538 7267.080000000001
8 539 7267.080000000001
8 540 7267.080000000001
8 541 7267.080000000001
8 542 7267.080000000001
8 543 6659.52
8 544 6659.52
8 545 6659.52
8 546 6659.52
8 547 6659.52
8 548 6659.52
8 549 6623.52
8 550 6623.52
8 551 6623.52
8 552 6623.52
8 553 6623.52
8 554 6623.52
8 555 6623.52
8 556 6623.52
8 557 6623.52
8 558 6623.52
8 559 6623.52
8 560 6623.52
8 561 6623.52
8 562 6623.52
8 563 6623.52
8 564 6623.52
8 565 6623.52
8 566 6623.52
8 567 6623.52
8 568 6623.52
8 569 6623.52
8 570 6623.52
8 571 6623.52
8 572 6623.52
8 573 6479.960000000001
8 574 6479.960000000001
8 575 6479.960000000001
8 576 6479.960000000001
8 577 6479.960000000001
8 578 6479.960000000001
8 579 6445.72
8 580 6445.72
8 581 6445.72
8 582 6445.72
8 583 6445.72
8 584 6241.88
8 585 6241.88
8 586 6241.88
8 587 6241.88
8 588 6241.88
8 589 6241.88
8 590 6241.88
8 591 6241.88
8 592 6241.88
8 593 6241.88
8 594 6241.88
8 595 6241.88
8 596 6241.88
8 597 6241.88
8 598 6237.88
8 599 6237.88
8 600 6237.88
8 601 6237.88
8 602 6237.88
8 603 6237.88
8 604 6237.88
8 605 6237.88
8 606 6237.88
8 607 6215.8
8 608 6215.8
8 609 6215.8
8 610 6215.8
8 611 6215.8
8 612 6204.120000000001
8 613 6169.080000000001
8 614 6169.080000000001
8 615 6169.080000000001
8 616 6169.080000000001
8 617 6169.080000000001
8 618 6169.080000000001
8 619 6120.160000000001
9 620 6120.160000000001
9 621 6120.160000000001
9 622 6120.160000000001
9 623 6108.56
9 624 6108.56
9 625 6108.56
9 626 6108.56
9 627 6108.56
9 628 6108.56
9 629 6108.56
9 630 6090.4800000000005
9 631 6090.4800000000005
9 632 6090.4800000000005
9 633 6090.4800000000005
9 634 6090.4800000000005
9 635 6090.4800000000005
9 636 6090.4800000000005
9 637 6090.4800000000005
9 638 6090.4800000000005
9 639 6090.4800000000005
9 640 6090.4800000000005
9 641 6090.4800000000005
9 642 6090.4800000000005
9 643 6090.4800000000005
9 644 6090.4800000000005
9 645 6090.4800000000005
9 646 6090.4800000000005
9 647 6078.8
9 648 6078.8
9 649 6078.8
9 650 6078.8
9 651 6078.8
9 652 6078.8
9 653 6073.64
9 654 6073.64
9 655 6073.64
9 656 6073.64
9 657 6073.64
9 658 6073.64
9 659 6073.64
9 660 6073.64
9 661 6073.64
9 662 6073.64
9 663 6069.64
9 664 6069.64
9 665 6069.64
9 666 6069.64
9 667 6069.64
9 668 6069.64
9 669 6069.64
9 670 6069.64
9 671 6069.64
9 672 6069.64
9 673 6069.64
9 674 6069.64
9 675 6045.160000000001
9 676 6045.160000000001
9 677 6045.160000000001
9 678 5989.64
9 679 5989.64
9 680 5989.64
9 681 5989.64
9 682 5989.64
9 683 5989.64
9 684 5989.64
9 685 5989.64
9 686 5989.64
9 687 5989.64
9 688 5989.64
9 689 5989.64
9 690 5989.64
9 691 5989.64
9 692 5989.64
9 693 5989.64
9 694 5989.64
9 695 5989.64
9 696 5989.64
9 697 5989.64
9 698 5989.64
9 699 5989.64
9 700 5989.64
9 701 5989.64
9 702 5989.64
9 703 5989.64
9 704 5989.64
10 705 5989.64
10 706 5989.64
10 707 5989.64
10 708 5989.64
10 709 5989.64
10 710 5989.64
10 711 5989.64
10 712 5989.64
10 713 5989.64
10 714 5989.64
10 715 5989.64
10 716 5989.64
10 717 5989.64
10 718 5989.64
10 719 5989.64
10 720 5989.64
10 721 5989.64
10 722 5989.64
10 723 5989.64
10 724 5979.240000000001
10 725 5979.240000000001
10 726 5963.240000000001
10 727 5963.240000000001
10 728 5867.240000000001
10 729 5867.240000000001
10 730 5867.240000000001
10 731 5867.240000000001
10 732 5867.240000000001
10 733 5823.400000000001
10 734 5823.400000000001
10 735 5823.400000000001
10 736 5823.400000000001
10 737 5520.870000000001
10 738 5520.870000000001
10 739 5520.870000000001
10 740 5520.870000000001
10 741 5520.870000000001
10 742 5520.870000000001
10 743 5520.870000000001
10 744 5520.870000000001
10 745 5520.870000000001
10 746 5520.870000000001
10 747 5520.870000000001
10 748 5520.870000000001
10 749 5520.870000000001
10 750 5520.870000000001
10 751 5520.870000000001
10 752 5520.870000000001
10 753 5520.870000000001
10 754 5520.870000000001
10 755 5520.870000000001
10 756 5520.870000000001
10 757 5520.870000000001
10 758 5520.870000000001
10 759 5520.870000000001
10 760 5435.430000000001
10 761 5435.430000000001
10 762 5435.430000000001
10 763 5435.430000000001
10 764 5435.430000000001
10 765 5435.430000000001
10 766 5435.430000000001
10 767 5435.430000000001
10 768 5435.430000000001
10 769 5435.430000000001
10 770 5435.430000000001
10 771 5435.430000000001
10 772 5435.430000000001
10 773 5435.430000000001
10 774 5435.430000000001
10 775 5435.430000000001
10 776 5435.430000000001
10 777 5435.430000000001
10 778 5435.430000000001
10 779 5435.430000000001
10 780 5435.430000000001
10 781 5435.430000000001
10 782 5435.430000000001
10 783 5435.430000000001
10 784 5435.430000000001
10 785 5435.430000000001
11 786 5435.430000000001
11 787 5435.430000000001
11 788 5435.430000000001
11 789 5435.430000000001
11 790 5435.430000000001
11 791 5435.430000000001
11 792 5435.430000000001
11 793 5435.430000000001
11 794 5435.430000000001
11 795 5435.430000000001
11 796 5435.430000000001
11 797 5435.430000000001
11 798 5418.430000000001
11 799 5418.430000000001
11 800 5418.430000000001
11 801 5418.430000000001
11 802 5418.03
11 803 5418.03
11 804 5415.74
11 805 5406.74
11 806 5406.74
11 807 5406.74
11 808 5406.74
11 809 5293.299999999999
11 810 5293.299999999999
11 811 5293.299999999999
11 812 5293.299999999999
11 813 5293.299999999999
11 814 5293.299999999999
11 815 5285.299999999999
11 816 5285.299999999999
11 817 5285.299999999999
11 818 5285.299999999999
11 819 5285.299999999999
11 820 5285.299999999999
11 821 5285.299999999999
11 822 5285.299999999999
11 823 5285.299999999999
11 824 5252.3
11 825 5252.3
11 826 5252.3
11 827 5252.3
11 828 5252.3
11 829 5214.5
11 830 5214.5
11 831 5214.5
11 832 5214.5
11 833 5214.5
11 834 5214.5
11 835 5214.5
11 836 5214.5
11 837 5214.5
11 838 5214.5
11 839 5214.5
11 840 5214.5
11 841 5214.5
11 842 5214.5
11 843 5214.5
11 844 5214.5
11 845 5172.42
11 846 5172.42
11 847 5172.42
11 848 5172.42
11 849 5172.42
11 850 5172.42
11 851 5172.42
11 852 5172.42
11 853 5172.42
11 854 5172.42
11 855 5172.42
11 856 5172.42
11 857 5172.42
11 858 5111.75
11 859 5111.75
11 860 5111.75
11 861 5111.75
11 862 5111.75
12 863 5111.75
12 864 5111.75
12 865 5111.75
12 866 5111.75
12 867 5111.75
12 868 5111.75
12 869 5111.75
12 870 5011.2699999999995
12 871 5011.2699999999995
12 872 5011.2699999999995
12 873 5011.2699999999995
12 874 5011.2699999999995
12 875 5011.2699999999995
12 876 5011.2699999999995
12 877 5011.2699999999995
12 878 5011.2699999999995
12 879 5011.2699999999995
12 880 5011.2699999999995
12 881 5011.2699999999995
12 882 5011.2699999999995
12 883 5011.2699999999995
12 884 5011.2699999999995
12 885 5011.2699999999995
12 886 5011.2699999999995
12 887 5011.2699999999995
12 888 5011.2699999999995
12 889 5011.2699999999995
12 890 5011.2699999999995
12 891 5011.2699999999995
12 892 5011.2699999999995
12 893 4971.59
12 894 4971.59
12 895 4971.59
12 896 4971.59
12 897 4907.59
12 898 4907.59
12 899 4907.59
12 900 4907.59
12 901 4907.59
12 902 4907.59
12 903 4907.59
12 904 4907.59
12 905 4894.39
12 906 4894.39
12 907 4894.39
12 908 4894.39
12 909 4894.39
12 910 4894.39
12 911 4894.39
12 912 4894.39
12 913 4894.39
12 914 4894.39
12 915 4894.39
12 916 4894.39
12 917 4894.39
12 918 4894.39
12 919 4894.39
12 920 4894.39
12 921 4542.39
12 922 4542.39
12 923 4542.39
12 924 4542.39
12 925 4542.39
12 926 4542.39
12 927 4542.39
12 928 4542.39
12 929 4542.39
12 930 4542.39
12 931 4542.39
12 932 4542.39
12 933 4542.39
12 934 4498.870000000001
12 935 4379.74
13 936 4379.74
13 937 4379.74
13 938 4379.74
13 939 4379.74
13 940 4379.74
13 941 4379.74
13 942 4379.74
13 943 4379.74
13 944 4379.74
13 945 4379.74
13 946 4379.74
13 947 4379.74
13 948 4379.74
13 949 4379.74
13 950 4379.74
13 951 4379.74
13 952 4379.74
13 953 4379.74
13 954 4379.74
13 955 4379.74
13 956 4379.74
13 957 4357.98
13 958 4357.98
13 959 4357.98
13 960 4357.98
13 961 4357.98
13 962 4357.98
13 963 4357.98
13 964 4357.98
13 965 4357.98
13 966 4357.98
13 967 4351.499999999999
13 968 4351.499999999999
13 969 4351.499999999999
13 970 4351.499999999999
13 971 4351.499999999999
13 972 4351.499999999999
13 973 4351.499999999999
13 974 4351.499999999999
13 975 4351.499999999999
13 976 4351.499999999999
13 977 4351.499999999999
13 978 4347.499999999999
13 979 4347.499999999999
13 980 4347.499999999999
13 981 4347.499999999999
13 982 4347.499999999999
13 983 4347.499999999999
13 984 4347.499999999999
13 985 4347.499999999999
13 986 4347.499999999999
13 987 4347.499999999999
13 988 4347.499999999999
13 989 4347.499999999999
13 990 4347.499999999999
13 991 4347.499999999999
13 992 4347.499999999999
13 993 4347.499999999999
13 994 4347.499999999999
13 995 4347.499999999999
13 996 4347.499999999999
13 997 4347.499999999999
13 998 4347.499999999999
13 999 4347.499999999999
14 1000 4347.499999999999
14 1001 4347.499999999999
14 1002 4347.499999999999
14 1003 4347.499999999999
14 1004 4347.499999999999
14 1005 4347.499999999999
14 1006 4347.499999999999
14 1007 4347.499999999999
14 1008 4347.499999999999
14 1009 4347.499999999999
14 1010 4347.499999999999
14 1011 4347.499999999999
14 1012 4347.499999999999
14 1013 4208.49
14 1014 4208.49
14 1015 4208.49
14 1016 4208.49
14 1017 4208.49
14 1018 4208.49
14 1019 4208.49
14 1020 4208.49
14 1021 4208.49
14 1022 4208.49
14 1023 4208.49
14 1024 4208.49
14 1025 4208.49
14 1026 4208.49
14 1027 4208.49
14 1028 4208.49
14 1029 4208.49
14 1030 4208.49
14 1031 4208.49
14 1032 4208.49
14 1033 4192.490000000001
14 1034 4192.490000000001
14 1035 4192.490000000001
14 1036 4192.490000000001
14 1037 4050.45
14 1038 4050.45
14 1039 4050.45
14 1040 4050.45
14 1041 4050.45
14 1042 4050.45
14 1043 4050.45
14 1044 4050.45
14 1045 4050.45
14 1046 4050.45
14 1047 4050.45
14 1048 4050.45
14 1049 4038.6099999999997
14 1050 4038.6099999999997
14 1051 4038.6099999999997
14 1052 4038.6099999999997
14 1053 4038.6099999999997
14 1054 4038.6099999999997
14 1055 4038.6099999999997
14 1056 4038.6099999999997
14 1057 4038.6099999999997
14 1058 4038.6099999999997
14 1059 4038.6099999999997
14 1060 4038.6099999999997
14 1061 4038.6099999999997
14 1062 4038.6099999999997
14 1063 4038.6099999999997
14 1064 4038.6099999999997
14 1065 4038.6099999999997
14 1066 4038.6099999999997
14 1067 4038.6099999999997
14 1068 4038.6099999999997
14 1069 4038.6099999999997
14 1070 4038.6099999999997
14 1071 4038.6099999999997
14 1072 4038.6099999999997
14 1073 4038.6099999999997
15 1074 4038.6099999999997
15 1075 4038.6099999999997
15 1076 4038.6099999999997
15 1077 4038.6099999999997
15 1078 4038.6099999999997
15 1079 4038.6099999999997
15 1080 4038.6099999999997
15 1081 4038.6099999999997
15 1082 3946.45
15 1083 3946.45
15 1084 3946.45
15 1085 3946.45
15 1086 3946.45
15 1087 3946.45
15 1088 3802.45
15 1089 3802.45
15 1090 3802.45
15 1091 3802.45
15 1092 3753.8100000000004
15 1093 3753.8100000000004
15 1094 3753.8100000000004
15 1095 3753.8100000000004
15 1096 3753.8100000000004
15 1097 3753.8100000000004
15 1098 3753.8100000000004
15 1099 3610.7700000000004
15 1100 3610.7700000000004
15 1101 3610.7700000000004
15 1102 3610.7700000000004
15 1103 3610.7700000000004
15 1104 3610.7700000000004
15 1105 3610.7700000000004
15 1106 3610.7700000000004
15 1107 3606.7700000000004
15 1108 3606.7700000000004
15 1109 3606.7700000000004
15 1110 3606.7700000000004
15 1111 3094.32
15 1112 3094.32
15 1113 3094.32
15 1114 3094.32
15 1115 3094.32
15 1116 3094.32
15 1117 3094.32
15 1118 3094.32
15 1119 3094.32
15 1120 3094.32
15 1121 3094.32
15 1122 3094.32
15 1123 3094.32
15 1124 3094.32
15 1125 3094.32
15 1126 3094.32
15 1127 3094.32
15 1128 3094.32
15 1129 3094.32
15 1130 3094.32
15 1131 3094.32
15 1132 3094.32
15 1133 3094.32
15 1134 3094.32
15 1135 3094.32
15 1136 3094.32
15 1137 3094.32
15 1138 3094.32
15 1139 3094.32
15 1140 3094.32
16 1141 3094.32
16 1142 3094.32
16 1143 3094.32
16 1144 3094.32
16 1145 3094.32
16 1146 3094.32
16 1147 3094.32
16 1148 3094.32
16 1149 3094.32
16 1150 3094.32
16 1151 3094.32
16 1152 3094.32
16 1153 3094.32
16 1154 3094.32
16 1155 3094.32
16 1156 3094.32
16 1157 3094.32
16 1158 3094.32
16 1159 3094.32
16 1160 3094.32
16 1161 3094.32
16 1162 3094.32
16 1163 3094.32
16 1164 3094.32
16 1165 3094.32
16 1166 3094.32
16 1167 3094.32
16 1168 3094.32
16 1169 3094.32
16 1170 3094.32
16 1171 3094.32
16 1172 3094.32
16 1173 3094.32
16 1174 3090.32
16 1175 3090.32
16 1176 3090.32
16 1177 3090.32
16 1178 3090.32
16 1179 3090.32
16 1180 3090.32
16 1181 3058.32
16 1182 3058.32
16 1183 3058.32
16 1184 3058.32
16 1185 3058.32
16 1186 3058.32
16 1187 3058.32
16 1188 3058.32
16 1189 3058.32
16 1190 3058.32
16 1191 3058.32
16 1192 3058.32
16 1193 3058.32
16 1194 3058.32
16 1195 3058.32
16 1196 3058.32
16 1197 3058.32
16 1198 3058.32
16 1199 3058.32
16 1200 3058.32
16 1201 3058.32
16 1202 3058.32
16 1203 3058.32
16 1204 3058.32
16 1205 3058.32
16 1206 3058.32
16 1207 3058.32
16 1208 3058.32
17 1209 3058.32
17 1210 3058.32
17 1211 3058.32
17 1212 3058.32
17 1213 3058.32
17 1214 3058.32
17 1215 3058.32
17 1216 3058.32
17 1217 3058.32
17 1218 3058.32
17 1219 3058.32
17 1220 3058.32
17 1221 3058.32
17 1222 3058.32
17 1223 3058.32
17 1224 3058.32
17 1225 3058.32
17 1226 3058.32
17 1227 3058.32
17 1228 3058.32
17 1229 3058.32
17 1230 2953.65
17 1231 2953.65
17 1232 2953.65
17 1233 2953.65
17 1234 2944.37
17 1235 2944.37
17 1236 2944.37
17 1237 2944.37
17 1238 2944.37
17 1239 2944.37
17 1240 2944.37
17 1241 2944.37
17 1242 2944.37
17 1243 2944.37
17 1244 2944.37
17 1245 2944.37
17 1246 2944.37
17 1247 2944.37
17 1248 2944.37
17 1249 2944.37
17 1250 2944.37
17 1251 2944.37
17 1252 2944.37
17 1253 2944.37
17 1254 2944.37
17 1255 2944.37
17 1256 2944.37
17 1257 2944.37
17 1258 2944.37
17 1259 2944.37
17 1260 2944.37
17 1261 2944.37
17 1262 2944.37
17 1263 2944.37
17 1264 2944.37
17 1265 2944.37
17 1266 2944.37
17 1267 2944.37
17 1268 2944.37
17 1269 2944.37
17 1270 2944.37
17 1271 2940.37
17 1272 2940.37
17 1273 2940.37
17 1274 2940.37
17 1275 2940.37
17 1276 2940.37
17 1277 2940.37
17 1278 2940.37
17 1279 2940.37
17 1280 2940.37
17 1281 2940.37
17 1282 2940.37
17 1283 2940.37
17 1284 2940.37
17 1285 2940.37
17 1286 2940.37
17 1287 2940.37
18 1288 2940.37
18 1289 2940.37
18 1290 2940.37
18 1291 2940.37
18 1292 2940.37
18 1293 2936.2400000000002
18 1294 2936.2400000000002
18 1295 2936.2400000000002
18 1296 2936.2400000000002
18 1297 2280.88
18 1298 2280.88
18 1299 2280.88
18 1300 2280.88
18 1301 2280.88
18 1302 2280.88
18 1303 2280.88
18 1304 2280.88
18 1305 2280.88
18 1306 2280.88
18 1307 2280.88
18 1308 2280.88
18 1309 2280.88
18 1310 2280.88
18 1311 2280.88
18 1312 2280.88
18 1313 2280.88
18 1314 2280.88
18 1315 2280.88
18 1316 2280.88
18 1317 2280.88
18 1318 2280.88
18 1319 2280.88
18 1320 2280.88
18 1321 2280.88
18 1322 2280.88
18 1323 2174.4
18 1324 2174.4
18 1325 2174.4
18 1326 2174.4
18 1327 2174.4
18 1328 2174.4
18 1329 2174.4
18 1330 2174.4
18 1331 2174.4
18 1332 2174.4
18 1333 2174.4
18 1334 2174.4
18 1335 2174.4
18 1336 2174.4
18 1337 2174.4
18 1338 2174.4
18 1339 2174.4
18 1340 2174.4
18 1341 2174.4
18 1342 2174.4
18 1343 2174.4
18 1344 2174.4
18 1345 2174.4
18 1346 2174.4
18 1347 2174.4
18 1348 2174.4
18 1349 2174.4
18 1350 2174.4
18 1351 2174.4
18 1352 2174.4
18 1353 2174.4
18 1354 2174.4
18 1355 2174.4
18 1356 2110.4
18 1357 2110.4
18 1358 2094.4
18 1359 2094.4
18 1360 2094.4
18 1361 2094.4
18 1362 2094.4
18 1363 2094.4
18 1364 2094.4
18 1365 2094.4
18 1366 2094.4
18 1367 2094.4
19 1368 2094.4
19 1369 2094.4
19 1370 2094.4
19 1371 2094.4
19 1372 2094.4
19 1373 2094.4
19 1374 2094.4
19 1375 2078.4
19 1376 2078.4
19 1377 2078.4
19 1378 2078.4
19 1379 2078.4
19 1380 2078.4
19 1381 2078.4
19 1382 2078.4
19 1383 2078.4
19 1384 2078.4
19 1385 2078.4
19 1386 2078.4
19 1387 2078.4
19 1388 2078.4
19 1389 2078.4
19 1390 2078.4
19 1391 2078.4
19 1392 2078.4
19 1393 2078.4
19 1394 2078.4
19 1395 2078.4
19 1396 2078.4
19 1397 2078.4
19 1398 2078.4
19 1399 2078.4
19 1400 2078.4
19 1401 2078.4
19 1402 2078.4
19 1403 2078.4
19 1404 2078.4
19 1405 2078.4
19 1406 2074.7799999999997
19 1407 2074.7799999999997
19 1408 2074.7799999999997
19 1409 2074.7799999999997
19 1410 2074.7799999999997
19 1411 2074.7799999999997
19 1412 2074.7799999999997
19 1413 2074.7799999999997
19 1414 2074.7799999999997
19 1415 2072.69
19 1416 2072.69
19 1417 2072.69
19 1418 2072.69
19 1419 2072.69
19 1420 2072.69
19 1421 2072.69
19 1422 2072.69
19 1423 2072.69
19 1424 2072.69
19 1425 2072.69
19 1426 2072.69
19 1427 2072.69
19 1428 2072.69
19 1429 2072.69
19 1430 2072.69
19 1431 2072.69
19 1432 2072.69
19 1433 1907.69
19 1434 1907.69
19 1435 1907.69
19 1436 1907.69
19 1437 1907.69
19 1438 1907.69
19 1439 1907.69
19 1440 1907.69
19 1441 1907.69
19 1442 1907.69
19 1443 1907.69
19 1444 1907.69
19 1445 1907.69
19 1446 1907.69
20 1447 1907.69
20 1448 1907.69
20 1449 1907.69
20 1450 1907.69
20 1451 1907.69
20 1452 1907.69
20 1453 1907.69
20 1454 1907.69
20 1455 1907.69
20 1456 1907.69
20 1457 1907.69
20 1458 1907.69
20 1459 1907.69
20 1460 1907.69
20 1461 1907.69
20 1462 1907.69
20 1463 1907.69
20 1464 1907.69
20 1465 1849.4500000000003
20 1466 1849.4500000000003
20 1467 1849.4500000000003
20 1468 1849.4500000000003
20 1469 1849.4500000000003
20 1470 1849.4500000000003
20 1471 1849.4500000000003
20 1472 1849.4500000000003
20 1473 1849.4500000000003
20 1474 1849.4500000000003
20 1475 1797.4500000000003
20 1476 1797.4500000000003
20 1477 1797.4500000000003
20 1478 1797.4500000000003
20 1479 1797.4500000000003
20 1480 1797.4500000000003
20 1481 1797.4500000000003
20 1482 1797.4500000000003
20 1483 1797.4500000000003
20 1484 1781.4500000000003
20 1485 1781.4500000000003
20 1486 1781.4500000000003
20 1487 1781.4500000000003
20 1488 1781.4500000000003
20 1489 1781.4500000000003
20 1490 1781.4500000000003
20 1491 1781.4500000000003
20 1492 1781.4500000000003
20 1493 1781.4500000000003
20 1494 1781.4500000000003
20 1495 1781.4500000000003
20 1496 1781.4500000000003
20 1497 1781.4500000000003
20 1498 1781.4500000000003
20 1499 1781.4500000000003
20 1500 1781.4500000000003
20 1501 1781.4500000000003
20 1502 1781.4500000000003
20 1503 1781.4500000000003
20 1504 1781.4500000000003
20 1505 1781.4500000000003
20 1506 1781.4500000000003
20 1507 1781.4500000000003
20 1508 1781.4500000000003
20 1509 1781.4500000000003
20 1510 1781.4500000000003
20 1511 1781.4500000000003
20 1512 1781.4500000000003
20 1513 1781.4500000000003
20 1514 1781.4500000000003
20 1515 1781.4500000000003
20 1516 1781.4500000000003
20 1517 1781.4500000000003
20 1518 1781.4500000000003
20 1519 1781.4500000000003
20 1520 1781.4500000000003
20 1521 1781.4500000000003
20 1522 1781.4500000000003
20 1523 1781.4500000000003
20 1524 1781.4500000000003
20 1525 1781.4500000000003
20 1526 1781.4500000000003
20 1527 1781.4500000000003
21 1528 1781.4500000000003
21 1529 1781.4500000000003
21 1530 1781.4500000000003
21 1531 1408.72
21 1532 1408.72
21 1533 1408.72
21 1534 1408.72
21 1535 1408.72
21 1536 1408.72
21 1537 1408.72
21 1538 1408.72
21 1539 1408.72
21 1540 1408.72
21 1541 1408.72
21 1542 1408.72
21 1543 1408.72
21 1544 1408.72
21 1545 1408.72
21 1546 1408.72
21 1547 1408.72
21 1548 1408.72
21 1549 1408.72
21 1550 1408.72
21 1551 1408.72
21 1552 1408.72
21 1553 1408.72
21 1554 1408.72
21 1555 1408.72
21 1556 1408.72
21 1557 1408.72
21 1558 1408.72
21 1559 1408.72
21 1560 1408.72
21 1561 1408.72
21 1562 1408.72
21 1563 1408.72
21 1564 1408.72
21 1565 1408.72
21 1566 1408.72
21 1567 1408.72
21 1568 1408.72
21 1569 1408.72
21 1570 1408.72
21 1571 1408.72
21 1572 1408.72
21 1573 1408.72
21 1574 1408.72
21 1575 1408.72
21 1576 1408.72
21 1577 1408.72
21 1578 1408.72
21 1579 1408.72
21 1580 1408.72
21 1581 1376.72
21 1582 1244.88
21 1583 1244.88
21 1584 1244.88
21 1585 1244.88
21 1586 1244.88
21 1587 1244.88
21 1588 1244.88
21 1589 1244.88
21 1590 1244.88
21 1591 1244.88
21 1592 1244.88
21 1593 1244.88
21 1594 1244.88
21 1595 1244.88
21 1596 1244.88
21 1597 1244.88
21 1598 1244.88
21 1599 1244.88
21 1600 1244.88
21 1601 1244.88
21 1602 1244.88
21 1603 1244.88
21 1604 1244.88
21 1605 1244.88
22 1606 1244.88
22 1607 1244.88
22 1608 1244.88
22 1609 1244.88
22 1610 1244.88
22 1611 1244.88
22 1612 1244.88
22 1613 1244.88
22 1614 1244.88
22 1615 1244.88
22 1616 1244.88
22 1617 1244.88
22 1618 1244.88
22 1619 1244.88
22 1620 1244.88
22 1621 1197.93
22 1622 1197.93
22 1623 1197.93
22 1624 1197.93
22 1625 1197.93
22 1626 1187.53
22 1627 1187.53
22 1628 1187.53
22 1629 1187.53
22 1630 1187.53
22 1631 1187.53
22 1632 1187.53
22 1633 1187.53
22 1634 1187.53
22 1635 1187.53
22 1636 1187.53
22 1637 1187.53
22 1638 1180.88
22 1639 1180.88
22 1640 1180.88
22 1641 1180.88
22 1642 1180.88
22 1643 1180.88
22 1644 1180.88
22 1645 1180.88
22 1646 1180.88
22 1647 1180.88
22 1648 1180.88
22 1649 1180.88
22 1650 1179.88
22 1651 1179.88
22 1652 1179.88
22 1653 1179.88
22 1654 1179.88
22 1655 1179.88
22 1656 1179.88
22 1657 1179.88
22 1658 1179.88
22 1659 1179.88
22 1660 1179.88
22 1661 1179.88
22 1662 1179.88
22 1663 1179.88
22 1664 1179.88
22 1665 1179.88
22 1666 1179.88
22 1667 1179.88
22 1668 1179.88
22 1669 1179.88
22 1670 1179.88
22 1671 1179.88
22 1672 1179.88
22 1673 1179.88
22 1674 1179.88
22 1675 1179.88
22 1676 1179.88
22 1677 1179.88
22 1678 1179.88
22 1679 1179.88
22 1680 1179.88
22 1681 1179.88
22 1682 1179.88
22 1683 1179.88
22 1684 1179.88
23 1685 1179.88
23 1686 1179.88
23 1687 1179.88
23 1688 1087.72
23 1689 1087.72
23 1690 1087.72
23 1691 1087.72
23 1692 1087.72
23 1693 1087.72
23 1694 1087.72
23 1695 1087.72
23 1696 1087.72
23 1697 1087.72
23 1698 1087.72
23 1699 1087.72
23 1700 1087.72
23 1701 1087.72
23 1702 1087.72
23 1703 1087.72
23 1704 1087.72
23 1705 1087.72
23 1706 1087.72
23 1707 1087.72
23 1708 1087.72
23 1709 1087.72
23 1710 1087.72
23 1711 1087.72
23 1712 1087.72
23 1713 1087.72
23 1714 1087.72
23 1715 1087.72
23 1716 1087.72
23 1717 1087.72
23 1718 1087.72
23 1719 1087.72
23 1720 1026.5300000000002
23 1721 1026.5300000000002
23 1722 1026.5300000000002
23 1723 1026.5300000000002
23 1724 1026.5300000000002
23 1725 1026.5300000000002
23 1726 1026.5300000000002
23 1727 1026.5300000000002
23 1728 1026.5300000000002
23 1729 1026.5300000000002
23 1730 1026.5300000000002
23 1731 1026.5300000000002
23 1732 1026.5300000000002
23 1733 1026.5300000000002
23 1734 1026.5300000000002
23 1735 1026.5300000000002
23 1736 1026.5300000000002
23 1737 1026.5300000000002
23 1738 1026.5300000000002
23 1739 1026.5300000000002
23 1740 1026.5300000000002
23 1741 1026.5300000000002
23 1742 1026.5300000000002
23 1743 1026.5300000000002
23 1744 1026.5300000000002
23 1745 1026.5300000000002
23 1746 1026.5300000000002
23 1747 1026.5300000000002
23 1748 1026.5300000000002
23 1749 1026.5300000000002
23 1750 1026.5300000000002
23 1751 1026.5300000000002
23 1752 1026.5300000000002
23 1753 1026.5300000000002
23 1754 1026.5300000000002
23 1755 1026.5300000000002
23 1756 1026.5300000000002
23 1757 1026.5300000000002
23 1758 1026.5300000000002
23 1759 1026.5300000000002
23 1760 1026.5300000000002
23 1761 1026.5300000000002
23 1762 1026.5300000000002
23 1763 1026.5300000000002
23 1764 1026.5300000000002
23 1765 1026.5300000000002
23 1766 1026.5300000000002
24 1767 1026.5300000000002
24 1768 1026.5300000000002
24 1769 1026.5300000000002
24 1770 1026.5300000000002
24 1771 1026.5300000000002
24 1772 1026.5300000000002
24 1773 1026.5300000000002
24 1774 1000.2700000000001
24 1775 1000.2700000000001
24 1776 1000.2700000000001
24 1777 1000.2700000000001
24 1778 1000.2700000000001
24 1779 1000.2700000000001
24 1780 1000.2700000000001
24 1781 1000.2700000000001
24 1782 1000.2700000000001
24 1783 1000.2700000000001
24 1784 1000.2700000000001
24 1785 1000.2700000000001
24 1786 1000.2700000000001
24 1787 1000.2700000000001
24 1788 1000.2700000000001
24 1789 1000.2700000000001
24 1790 1000.2700000000001
24 1791 1000.2700000000001
24 1792 1000.2700000000001
24 1793 1000.2700000000001
24 1794 1000.2700000000001
24 1795 1000.2700000000001
24 1796 1000.2700000000001
24 1797 1000.2700000000001
24 1798 1000.2700000000001
24 1799 1000.2700000000001
24 1800 1000.2700000000001
24 1801 1000.2700000000001
24 1802 1000.2700000000001
24 1803 1000.2700000000001
24 1804 1000.2700000000001
24 1805 1000.2700000000001
24 1806 1000.2700000000001
24 1807 1000.2700000000001
24 1808 1000.2700000000001
24 1809 1000.2700000000001
24 1810 1000.2700000000001
24 1811 1000.2700000000001
24 1812 1000.2700000000001
24 1813 1000.2700000000001
24 1814 1000.2700000000001
24 1815 1000.2700000000001
24 1816 1000.2700000000001
24 1817 1000.2700000000001
24 1818 1000.2700000000001
24 1819 1000.2700000000001
24 1820 1000.2700000000001
24 1821 1000.2700000000001
24 1822 1000.2700000000001
24 1823 1000.2700000000001
24 1824 1000.2700000000001
24 1825 1000.2700000000001
24 1826 1000.2700000000001
24 1827 1000.2700000000001
24 1828 1000.2700000000001
24 1829 1000.2700000000001
24 1830 1000.2700000000001
24 1831 1000.2700000000001
24 1832 1000.2700000000001
24 1833 1000.2700000000001
24 1834 1000.2700000000001
24 1835 1000.2700000000001
24 1836 1000.2700000000001
24 1837 1000.2700000000001
24 1838 1000.2700000000001
24 1839 1000.2700000000001
24 1840 1000.2700000000001
24 1841 1000.2700000000001
24 1842 1000.2700000000001
24 1843 1000.2700000000001
24 1844 1000.2700000000001
24 1845 1000.2700000000001
24 1846 1000.2700000000001
24 1847 996.2700000000001
24 1848 996.2700000000001
24 1849 996.2700000000001
25 1850 996.2700000000001
25 1851 996.2700000000001
25 1852 996.2700000000001
25 1853 996.2700000000001
25 1854 996.2700000000001
25 1855 996.2700000000001
25 1856 996.2700000000001
25 1857 996.2700000000001
25 1858 996.2700000000001
25 1859 996.2700000000001
25 1860 996.2700000000001
25 1861 996.2700000000001
25 1862 996.2700000000001
25 1863 996.2700000000001
25 1864 996.2700000000001
25 1865 996.2700000000001
25 1866 996.2700000000001
25 1867 996.2700000000001
25 1868 996.2700000000001
25 1869 996.2700000000001
25 1870 996.2700000000001
25 1871 996.2700000000001
25 1872 996.2700000000001
25 1873 996.2700000000001
25 1874 996.2700000000001
25 1875 996.2700000000001
25 1876 996.2700000000001
25 1877 996.2700000000001
25 1878 996.2700000000001
25 1879 996.2700000000001
25 1880 996.2700000000001
25 1881 996.2700000000001
25 1882 996.2700000000001
25 1883 996.2700000000001
25 1884 996.2700000000001
25 1885 996.2700000000001
25 1886 996.2700000000001
25 1887 996.2700000000001
25 1888 996.2700000000001
25 1889 996.2700000000001
25 1890 996.2700000000001
25 1891 996.2700000000001
25 1892 996.2700000000001
25 1893 996.2700000000001
25 1894 996.2700000000001
25 1895 996.2700000000001
25 1896 996.2700000000001
25 1897 996.2700000000001
25 1898 996.2700000000001
25 1899 996.2700000000001
25 1900 996.2700000000001
25 1901 996.2700000000001
25 1902 996.2700000000001
25 1903 996.2700000000001
25 1904 996.2700000000001
25 1905 996.2700000000001
25 1906 996.2700000000001
25 1907 996.2700000000001
25 1908 996.2700000000001
25 1909 754.84
25 1910 754.84
25 1911 754.84
25 1912 754.84
25 1913 754.84
25 1914 754.84
25 1915 754.84
25 1916 754.84
25 1917 754.84
25 1918 754.84
25 1919 754.84
25 1920 754.84
25 1921 754.84
25 1922 754.84
25 1923 754.84
25 1924 754.84
25 1925 754.84
25 1926 754.84
26 1927 754.84
26 1928 754.84
26 1929 754.84
26 1930 754.84
26 1931 754.84
26 1932 753.84
26 1933 753.84
26 1934 753.84
26 1935 753.84
26 1936 729.84
26 1937 729.84
26 1938 729.84
26 1939 729.84
26 1940 729.84
26 1941 729.84
26 1942 729.84
26 1943 729.84
26 1944 729.84
26 1945 729.84
26 1946 729.84
26 1947 729.84
26 1948 729.84
26 1949 729.84
26 1950 729.84
26 1951 729.84
26 1952 729.84
26 1953 729.84
26 1954 729.84
26 1955 729.84
26 1956 729.84
26 1957 729.84
26 1958 729.84
26 1959 729.84
26 1960 729.84
26 1961 729.84
26 1962 729.84
26 1963 729.84
26 1964 729.84
26 1965 729.84
26 1966 729.84
26 1967 729.84
26 1968 729.84
26 1969 729.84
26 1970 729.84
26 1971 729.84
26 1972 729.84
26 1973 729.84
26 1974 729.84
26 1975 729.84
26 1976 729.84
26 1977 729.84
26 1978 729.84
26 1979 729.84
26 1980 729.84
26 1981 729.84
26 1982 729.84
26 1983 729.84
26 1984 729.84
26 1985 729.84
26 1986 729.84
26 1987 729.84
26 1988 501.85
26 1989 501.85
26 1990 501.85
26 1991 501.85
26 1992 501.85
26 1993 501.85
26 1994 501.85
26 1995 501.85
26 1996 501.85
26 1997 501.85
26 1998 501.85
26 1999 501.85
26 2000 501.85
26 2001 501.85
26 2002 501.85
26 2003 501.85
26 2004 501.85
26 2005 501.85
26 2006 501.85
26 2007 501.85
26 2008 501.85
26 2009 501.85
26 2010 501.85
26 2011 501.85
26 2012 501.85
26 2013 501.85
27 2014 501.85
27 2015 501.85
27 2016 501.85
27 2017 501.85
27 2018 501.85
27 2019 501.85
27 2020 497.85
27 2021 497.85
27 2022 497.85
27 2023 497.85
27 2024 497.85
27 2025 497.85
27 2026 497.85
27 2027 497.85
27 2028 497.85
27 2029 497.85
27 2030 497.85
27 2031 497.85
27 2032 497.85
27 2033 497.85
27 2034 497.85
27 2035 497.85
27 2036 497.85
27 2037 497.85
27 2038 497.85
27 2039 497.85
27 2040 497.85
27 2041 437.86
27 2042 433.85
27 2043 433.85
27 2044 433.85
27 2045 433.85
27 2046 433.85
27 2047 432.85
27 2048 432.85
27 2049 432.85
27 2050 432.85
27 2051 432.85
27 2052 432.85
27 2053 432.85
27 2054 432.85
27 2055 432.85
27 2056 432.85
27 2057 432.85
27 2058 432.85
27 2059 432.85
27 2060 432.85
27 2061 432.85
27 2062 432.85
27 2063 432.85
27 2064 432.85
27 2065 432.85
27 2066 432.85
27 2067 432.85
27 2068 432.85
27 2069 432.85
27 2070 432.85
27 2071 421.86
27 2072 421.86
27 2073 421.86
27 2074 421.86
27 2075 421.86
27 2076 421.86
27 2077 421.86
27 2078 421.86
27 2079 421.86
27 2080 421.86
27 2081 421.86
27 2082 421.86
27 2083 421.86
27 2084 421.86
27 2085 421.86
27 2086 421.86
27 2087 421.86
28 2088 421.86
28 2089 421.86
28 2090 421.86
28 2091 421.86
28 2092 421.86
28 2093 421.86
28 2094 421.86
28 2095 421.86
28 2096 421.86
28 2097 421.86
28 2098 421.86
28 2099 421.86
28 2100 421.86
28 2101 421.86
28 2102 421.86
28 2103 421.86
28 2104 421.86
28 2105 421.86
28 2106 421.86
28 2107 421.86
28 2108 421.86
28 2109 421.86
28 2110 421.86
28 2111 421.86
28 2112 421.86
28 2113 421.86
28 2114 421.86
28 2115 421.86
28 2116 421.86
28 2117 421.86
28 2118 421.86
28 2119 421.86
28 2120 421.86
28 2121 421.86
28 2122 421.86
28 2123 421.86
28 2124 421.86
28 2125 421.86
28 2126 421.86
28 2127 421.86
28 2128 421.86
28 2129 421.86
28 2130 421.86
28 2131 421.86
28 2132 421.86
28 2133 421.86
28 2134 421.86
28 2135 421.86
28 2136 421.86
28 2137 421.86
28 2138 421.86
28 2139 421.86
28 2140 421.86
28 2141 421.86
28 2142 421.86
28 2143 421.86
28 2144 421.86
28 2145 419.29
28 2146 419.29
28 2147 419.29
28 2148 419.29
28 2149 419.29
28 2150 419.29
28 2151 419.29
28 2152 419.29
28 2153 419.29
28 2154 419.29
28 2155 419.29
28 2156 419.29
28 2157 419.29
28 2158 419.29
28 2159 419.29
28 2160 419.29
28 2161 419.29
28 2162 419.29
28 2163 419.29
28 2164 419.29
28 2165 419.29
28 2166 419.29
28 2167 419.29
29 2168 419.29
29 2169 419.29
29 2170 419.29
29 2171 419.29
29 2172 419.29
29 2173 419.29
29 2174 419.29
29 2175 419.29
29 2176 419.29
29 2177 419.29
29 2178 419.29
29 2179 419.29
29 2180 419.29
29 2181 419.29
29 2182 419.29
29 2183 419.29
29 2184 419.29
29 2185 419.29
29 2186 419.29
29 2187 419.29
29 2188 419.29
29 2189 419.29
29 2190 419.29
29 2191 419.29
29 2192 419.29
29 2193 419.29
29 2194 419.29
29 2195 419.29
29 2196 419.29
29 2197 419.29
29 2198 419.29
29 2199 419.29
29 2200 419.29
29 2201 419.29
29 2202 419.29
29 2203 419.29
29 2204 419.29
29 2205 419.29
29 2206 419.29
29 2207 419.29
29 2208 419.29
29 2209 419.29
29 2210 419.29
29 2211 419.29
29 2212 419.29
29 2213 419.29
29 2214 419.29
29 2215 419.29
29 2216 419.29
29 2217 419.29
29 2218 419.29
29 2219 419.29
29 2220 419.29
29 2221 419.29
29 2222 419.29
29 2223 419.29
29 2224 419.29
29 2225 419.29
29 2226 419.29
29 2227 419.29
29 2228 419.29
29 2229 419.29
29 2230 419.29
29 2231 419.29
29 2232 419.29
29 2233 419.29
29 2234 419.29
29 2235 419.29
29 2236 419.29
29 2237 419.29
29 2238 419.29
29 2239 419.29
29 2240 419.29
29 2241 419.29
29 2242 419.29
29 2243 419.29
29 2244 419.29
29 2245 419.29
29 2246 419.29
29 2247 419.29
29 2248 419.29
30 2249 419.29
30 2250 419.29
30 2251 419.29
30 2252 419.29
30 2253 419.29
30 2254 419.29
30 2255 419.29
30 2256 419.29
30 2257 419.29
30 2258 419.29
30 2259 419.29
30 2260 419.29
30 2261 419.29
30 2262 419.29
30 2263 419.29
30 2264 419.29
30 2265 318.84000000000003
30 2266 318.84000000000003
30 2267 318.84000000000003
30 2268 258.84000000000003
30 2269 258.84000000000003
30 2270 258.84000000000003
30 2271 258.84000000000003
30 2272 258.84000000000003
30 2273 258.84000000000003
30 2274 258.84000000000003
30 2275 258.84000000000003
30 2276 258.84000000000003
30 2277 258.84000000000003
30 2278 258.84000000000003
30 2279 258.84000000000003
30 2280 258.84000000000003
30 2281 258.84000000000003
30 2282 258.84000000000003
30 2283 258.84000000000003
30 2284 258.84000000000003
30 2285 258.84000000000003
30 2286 258.84000000000003
30 2287 258.84000000000003
30 2288 258.84000000000003
30 2289 258.84000000000003
30 2290 258.84000000000003
30 2291 258.84000000000003
30 2292 258.84000000000003
30 2293 258.84000000000003
30 2294 258.84000000000003
30 2295 258.84000000000003
30 2296 258.84000000000003
30 2297 258.84000000000003
30 2298 258.84000000000003
30 2299 258.84000000000003
30 2300 258.84000000000003
30 2301 258.84000000000003
30 2302 258.84000000000003
30 2303 258.84000000000003
30 2304 258.84000000000003
30 2305 258.84000000000003
30 2306 258.84000000000003
30 2307 258.84000000000003
30 2308 258.84000000000003
30 2309 258.84000000000003
30 2310 258.84000000000003
30 2311 258.84000000000003
30 2312 258.84000000000003
30 2313 258.84000000000003
30 2314 258.84000000000003
30 2315 258.84000000000003
30 2316 258.84000000000003
30 2317 258.84000000000003
30 2318 258.84000000000003
30 2319 254.84000000000003
30 2320 254.84000000000003
30 2321 254.84000000000003
30 2322 254.84000000000003
30 2323 254.84000000000003
30 2324 254.84000000000003
30 2325 250.84000000000003
30 2326 250.84000000000003
30 2327 250.84000000000003
30 2328 250.84000000000003
30 2329 250.84000000000003
31 2330 250.84000000000003
31 2331 250.84000000000003
31 2332 250.84000000000003
31 2333 250.84000000000003
31 2334 250.84000000000003
31 2335 250.84000000000003
31 2336 250.84000000000003
31 2337 250.84000000000003
31 2338 250.84000000000003
31 2339 250.84000000000003
31 2340 250.84000000000003
31 2341 250.84000000000003
31 2342 250.84000000000003
31 2343 250.84000000000003
31 2344 250.84000000000003
31 2345 250.84000000000003
31 2346 250.84000000000003
31 2347 250.84000000000003
31 2348 250.84000000000003
31 2349 250.84000000000003
31 2350 250.84000000000003
31 2351 250.84000000000003
31 2352 250.84000000000003
31 2353 250.84000000000003
31 2354 250.84000000000003
31 2355 250.84000000000003
31 2356 250.84000000000003
31 2357 250.84000000000003
31 2358 250.84000000000003
31 2359 250.84000000000003
31 2360 250.84000000000003
31 2361 250.84000000000003
31 2362 250.84000000000003
31 2363 250.84000000000003
31 2364 250.84000000000003
31 2365 250.84000000000003
31 2366 250.84000000000003
31 2367 250.84000000000003
31 2368 250.84000000000003
31 2369 250.84000000000003
31 2370 250.84000000000003
31 2371 250.84000000000003
31 2372 250.84000000000003
31 2373 250.84000000000003
31 2374 250.84000000000003
31 2375 250.84000000000003
31 2376 250.84000000000003
31 2377 250.84000000000003
31 2378 250.84000000000003
31 2379 250.84000000000003
31 2380 250.84000000000003
31 2381 250.84000000000003
31 2382 250.84000000000003
31 2383 250.84000000000003
31 2384 250.84000000000003
31 2385 250.84000000000003
31 2386 250.84000000000003
31 2387 250.84000000000003
31 2388 250.84000000000003
31 2389 250.84000000000003
31 2390 250.84000000000003
31 2391 250.84000000000003
31 2392 250.84000000000003
31 2393 250.84000000000003
31 2394 250.84000000000003
31 2395 250.84000000000003
31 2396 250.84000000000003
31 2397 250.84000000000003
31 2398 250.84000000000003
31 2399 250.84000000000003
31 2400 250.84000000000003
31 2401 250.84000000000003
31 2402 250.84000000000003
31 2403 250.84000000000003
31 2404 250.84000000000003
32 2405 250.84000000000003
32 2406 250.84000000000003
32 2407 250.84000000000003
32 2408 250.84000000000003
32 2409 250.84000000000003
32 2410 250.84000000000003
32 2411 250.84000000000003
32 2412 250.84000000000003
32 2413 250.84000000000003
32 2414 250.84000000000003
32 2415 250.84000000000003
32 2416 250.84000000000003
32 2417 250.84000000000003
32 2418 250.84000000000003
32 2419 250.84000000000003
32 2420 250.84000000000003
32 2421 250.84000000000003
32 2422 250.84000000000003
32 2423 250.84000000000003
32 2424 250.84000000000003
32 2425 250.84000000000003
32 2426 250.84000000000003
32 2427 250.84000000000003
32 2428 250.84000000000003
32 2429 250.84000000000003
32 2430 250.84000000000003
32 2431 250.84000000000003
32 2432 250.84000000000003
32 2433 250.84000000000003
32 2434 250.84000000000003
32 2435 250.84000000000003
32 2436 250.84000000000003
32 2437 250.84000000000003
32 2438 250.84000000000003
32 2439 249.84000000000003
32 2440 249.84000000000003
32 2441 249.84000000000003
32 2442 249.84000000000003
32 2443 249.84000000000003
32 2444 249.84000000000003
32 2445 249.84000000000003
32 2446 249.84000000000003
32 2447 249.84000000000003
32 2448 249.84000000000003
32 2449 249.84000000000003
32 2450 249.84000000000003
32 2451 230.45
32 2452 230.45
32 2453 230.45
32 2454 230.45
32 2455 230.45
32 2456 230.45
32 2457 230.45
32 2458 230.45
32 2459 230.45
32 2460 230.45
32 2461 230.45
32 2462 230.45
32 2463 230.45
32 2464 230.45
32 2465 230.45
32 2466 230.45
32 2467 230.45
32 2468 230.45
32 2469 230.45
32 2470 230.45
32 2471 230.45
32 2472 230.45
32 2473 230.45
32 2474 230.45
32 2475 230.45
32 2476 230.45
32 2477 230.45
32 2478 230.45
32 2479 230.45
32 2480 230.45
32 2481 230.45
32 2482 230.45
32 2483 230.45
33 2484 230.45
33 2485 230.45
33 2486 230.45
33 2487 230.45
33 2488 230.45
33 2489 230.45
33 2490 230.45
33 2491 230.45
33 2492 230.45
33 2493 230.45
33 2494 230.45
33 2495 230.45
33 2496 230.45
33 2497 230.45
33 2498 230.45
33 2499 230.45
33 2500 230.45
33 2501 230.45
33 2502 230.45
33 2503 230.45
33 2504 230.45
33 2505 230.45
33 2506 230.45
33 2507 230.45
33 2508 230.45
33 2509 230.45
33 2510 230.45
33 2511 230.45
33 2512 230.45
33 2513 230.45
33 2514 230.45
33 2515 230.45
33 2516 230.45
33 2517 230.45
33 2518 230.45
33 2519 230.45
33 2520 230.45
33 2521 230.45
33 2522 230.45
33 2523 230.45
33 2524 230.45
33 2525 230.45
33 2526 230.45
33 2527 230.45
33 2528 230.45
33 2529 230.45
33 2530 230.45
33 2531 230.45
33 2532 230.45
33 2533 230.45
33 2534 230.45
33 2535 230.45
33 2536 230.45
33 2537 230.45
33 2538 230.45
33 2539 230.45
33 2540 230.45
33 2541 230.45
33 2542 230.45
33 2543 230.45
33 2544 230.45
33 2545 230.45
33 2546 230.45
33 2547 230.45
33 2548 230.45
33 2549 230.45
33 2550 230.45
33 2551 230.45
33 2552 230.45
33 2553 230.45
33 2554 230.45
33 2555 230.45
33 2556 230.45
33 2557 230.45
33 2558 230.45
33 2559 230.45
33 2560 230.45
33 2561 230.45
33 2562 230.45
33 2563 230.45
33 2564 230.45
33 2565 230.45
34 2566 230.45
34 2567 230.45
34 2568 230.45
34 2569 230.45
34 2570 230.45
34 2571 230.45
34 2572 230.45
34 2573 230.45
34 2574 230.45
34 2575 230.45
34 2576 230.45
34 2577 230.45
34 2578 230.45
34 2579 230.45
34 2580 230.45
34 2581 230.45
34 2582 230.45
34 2583 230.45
34 2584 230.45
34 2585 230.45
34 2586 230.45
34 2587 230.45
34 2588 230.45
34 2589 230.45
34 2590 230.45
34 2591 230.45
34 2592 230.45
34 2593 230.45
34 2594 230.45
34 2595 230.45
34 2596 230.45
34 2597 230.45
34 2598 230.45
34 2599 230.45
34 2600 230.45
34 2601 230.45
34 2602 230.45
34 2603 230.45
34 2604 230.45
34 2605 230.45
34 2606 230.45
34 2607 230.45
34 2608 230.45
34 2609 230.45
34 2610 230.45
34 2611 230.45
34 2612 230.45
34 2613 230.45
34 2614 230.45
34 2615 230.45
34 2616 230.45
34 2617 230.45
34 2618 230.45
34 2619 230.45
34 2620 230.45
34 2621 230.45
34 2622 230.45
34 2623 230.45
34 2624 230.45
34 2625 230.45
34 2626 230.45
34 2627 230.45
34 2628 230.45
34 2629 230.45
34 2630 230.45
34 2631 230.45
34 2632 230.45
34 2633 230.45
34 2634 230.45
34 2635 230.45
34 2636 230.45
34 2637 230.45
34 2638 230.45
34 2639 230.45
34 2640 230.45
34 2641 230.45
34 2642 230.45
34 2643 230.45
34 2644 230.45
34 2645 230.45
34 2646 230.45
34 2647 230.45
34 2648 230.45
35 2649 230.45
35 2650 230.45
35 2651 230.45
35 2652 230.45
35 2653 230.45
35 2654 230.45
35 2655 230.45
35 2656 230.45
35 2657 230.45
35 2658 230.45
35 2659 229.45
35 2660 181.84000000000003
35 2661 181.84000000000003
35 2662 181.84000000000003
35 2663 82.0
35 2664 82.0
35 2665 82.0
35 2666 82.0
35 2667 82.0
35 2668 82.0
35 2669 82.0
35 2670 82.0
35 2671 82.0
35 2672 82.0
35 2673 82.0
35 2674 82.0
35 2675 82.0
35 2676 82.0
35 2677 82.0
35 2678 82.0
35 2679 82.0
35 2680 82.0
35 2681 82.0
35 2682 82.0
35 2683 82.0
35 2684 82.0
35 2685 82.0
35 2686 82.0
35 2687 82.0
35 2688 82.0
35 2689 82.0
35 2690 82.0
35 2691 82.0
35 2692 82.0
35 2693 82.0
35 2694 82.0
35 2695 82.0
35 2696 82.0
35 2697 82.0
35 2698 82.0
35 2699 82.0
35 2700 82.0
35 2701 82.0
35 2702 82.0
35 2703 82.0
35 2704 82.0
35 2705 82.0
35 2706 82.0
35 2707 82.0
35 2708 82.0
35 2709 82.0
35 2710 82.0
35 2711 82.0
35 2712 82.0
35 2713 82.0
35 2714 82.0
35 2715 82.0
35 2716 82.0
35 2717 82.0
35 2718 82.0
36 2719 82.0
36 2720 82.0
36 2721 82.0
36 2722 82.0
36 2723 82.0
36 2724 82.0
36 2725 82.0
36 2726 82.0
36 2727 82.0
36 2728 82.0
36 2729 82.0
36 2730 82.0
36 2731 82.0
36 2732 82.0
36 2733 82.0
36 2734 82.0
36 2735 82.0
36 2736 82.0
36 2737 82.0
36 2738 82.0
36 2739 82.0
36 2740 82.0
36 2741 82.0
36 2742 82.0
36 2743 82.0
36 2744 82.0
36 2745 82.0
36 2746 82.0
36 2747 82.0
36 2748 82.0
36 2749 82.0
36 2750 82.0
36 2751 82.0
36 2752 82.0
36 2753 82.0
36 2754 82.0
36 2755 82.0
36 2756 82.0
36 2757 82.0
36 2758 82.0
36 2759 82.0
36 2760 82.0
36 2761 82.0
36 2762 82.0
36 2763 82.0
36 2764 82.0
36 2765 82.0
36 2766 82.0
36 2767 82.0
36 2768 82.0
36 2769 82.0
36 2770 82.0
36 2771 82.0
36 2772 82.0
36 2773 82.0
36 2774 82.0
36 2775 82.0
36 2776 82.0
36 2777 82.0
36 2778 82.0
36 2779 82.0
36 2780 82.0
36 2781 82.0
36 2782 82.0
36 2783 82.0
36 2784 82.0
36 2785 82.0
36 2786 82.0
36 2787 82.0
36 2788 82.0
36 2789 82.0
36 2790 82.0
36 2791 82.0
36 2792 82.0
36 2793 82.0
36 2794 82.0
37 2795 82.0
37 2796 82.0
37 2797 82.0
37 2798 82.0
37 2799 82.0
37 2800 82.0
37 2801 82.0
37 2802 82.0
37 2803 82.0
37 2804 82.0
37 2805 82.0
37 2806 82.0
37 2807 82.0
37 2808 82.0
37 2809 82.0
37 2810 82.0
37 2811 82.0
37 2812 82.0
37 2813 82.0
37 2814 82.0
37 2815 82.0
37 2816 82.0
37 2817 82.0
37 2818 82.0
37 2819 82.0
37 2820 82.0
37 2821 82.0
37 2822 82.0
37 2823 82.0
37 2824 82.0
37 2825 82.0
37 2826 82.0
37 2827 82.0
37 2828 82.0
37 2829 82.0
37 2830 82.0
37 2831 82.0
37 2832 82.0
37 2833 82.0
37 2834 82.0
37 2835 82.0
37 2836 82.0
37 2837 82.0
37 2838 82.0
37 2839 82.0
37 2840 82.0
37 2841 82.0
37 2842 82.0
37 2843 82.0
37 2844 82.0
37 2845 82.0
37 2846 82.0
37 2847 82.0
37 2848 82.0
37 2849 82.0
37 2850 82.0
37 2851 82.0
37 2852 82.0
37 2853 82.0
37 2854 82.0
37 2855 82.0
37 2856 82.0
37 2857 82.0
37 2858 82.0
37 2859 82.0
37 2860 82.0
37 2861 82.0
37 2862 82.0
37 2863 82.0
37 2864 82.0
37 2865 82.0
37 2866 82.0
37 2867 82.0
37 2868 82.0
37 2869 82.0
37 2870 82.0
37 2871 82.0
37 2872 82.0
38 2873 82.0
38 2874 82.0
38 2875 82.0
38 2876 82.0
38 2877 82.0
38 2878 82.0
38 2879 82.0
38 2880 82.0
38 2881 82.0
38 2882 82.0
38 2883 82.0
38 2884 82.0
38 2885 82.0
38 2886 82.0
38 2887 82.0
38 2888 82.0
38 2889 82.0
38 2890 82.0
38 2891 82.0
38 2892 82.0
38 2893 82.0
38 2894 82.0
38 2895 34.0
38 2896 34.0
38 2897 34.0
38 2898 34.0
38 2899 34.0
38 2900 34.0
38 2901 34.0
38 2902 34.0
38 2903 34.0
38 2904 34.0
38 2905 34.0
38 2906 34.0
38 2907 34.0
38 2908 34.0
38 2909 34.0
38 2910 34.0
38 2911 34.0
38 2912 34.0
38 2913 34.0
38 2914 34.0
38 2915 34.0
38 2916 34.0
38 2917 34.0
38 2918 34.0
38 2919 34.0
38 2920 34.0
38 2921 34.0
38 2922 34.0
38 2923 34.0
38 2924 34.0
38 2925 34.0
38 2926 34.0
38 2927 34.0
38 2928 34.0
38 2929 34.0
38 2930 34.0
38 2931 34.0
38 2932 34.0
38 2933 34.0
38 2934 34.0
38 2935 34.0
38 2936 34.0
38 2937 34.0
38 2938 34.0
38 2939 34.0
38 2940 34.0
38 2941 34.0
38 2942 34.0
38 2943 34.0
38 2944 34.0
38 2945 34.0
38 2946 34.0
38 2947 34.0
38 2948 34.0
38 2949 34.0
38 2950 34.0
38 2951 34.0
38 2952 34.0
38 2953 34.0
38 2954 34.0
38 2955 34.0
38 2956 34.0
38 2957 34.0
39 2958 34.0
39 2959 34.0
39 2960 34.0
39 2961 34.0
39 2962 34.0
39 2963 34.0
39 2964 34.0
39 2965 34.0
39 2966 34.0
39 2967 34.0
39 2968 34.0
39 2969 34.0
39 2970 34.0
39 2971 34.0
39 2972 34.0
39 2973 34.0
39 2974 34.0
39 2975 34.0
39 2976 34.0
39 2977 34.0
39 2978 34.0
39 2979 34.0
39 2980 34.0
39 2981 34.0
39 2982 34.0
39 2983 34.0
39 2984 34.0
39 2985 34.0
39 2986 34.0
39 2987 34.0
39 2988 34.0
39 2989 34.0
39 2990 34.0
39 2991 34.0
39 2992 34.0
39 2993 34.0
39 2994 34.0
39 2995 34.0
39 2996 34.0
39 2997 34.0
39 2998 34.0
39 2999 34.0
39 3000 34.0
39 3001 34.0
39 3002 34.0
39 3003 34.0
39 3004 34.0
39 3005 34.0
39 3006 34.0
39 3007 34.0
39 3008 34.0
39 3009 34.0
39 3010 34.0
39 3011 34.0
39 3012 34.0
39 3013 34.0
39 3014 34.0
39 3015 34.0
39 3016 34.0
39 3017 34.0
39 3018 34.0
39 3019 34.0
39 3020 34.0
39 3021 34.0
39 3022 34.0
39 3023 34.0
39 3024 34.0
39 3025 34.0
39 3026 34.0
39 3027 34.0
39 3028 34.0
39 3029 34.0
39 3030 34.0
39 3031 34.0
39 3032 34.0
39 3033 34.0
39 3034 34.0
39 3035 34.0
39 3036 34.0
39 3037 34.0
39 3038 34.0
40 3039 34.0
40 3040 34.0
40 3041 34.0
40 3042 34.0
40 3043 34.0
40 3044 34.0
40 3045 34.0
40 3046 34.0
40 3047 34.0
40 3048 34.0
40 3049 34.0
40 3050 34.0
40 3051 34.0
40 3052 34.0
40 3053 34.0
40 3054 34.0
40 3055 34.0
40 3056 34.0
40 3057 34.0
40 3058 34.0
40 3059 34.0
40 3060 34.0
40 3061 34.0
40 3062 34.0
40 3063 34.0
40 3064 34.0
40 3065 34.0
40 3066 34.0
40 3067 34.0
40 3068 34.0
40 3069 34.0
40 3070 34.0
40 3071 34.0
40 3072 34.0
40 3073 34.0
40 3074 34.0
40 3075 34.0
40 3076 34.0
40 3077 34.0
40 3078 34.0
40 3079 34.0
40 3080 34.0
40 3081 34.0
40 3082 34.0
40 3083 34.0
40 3084 34.0
40 3085 34.0
40 3086 34.0
40 3087 34.0
40 3088 34.0
40 3089 34.0
40 3090 34.0
40 3091 34.0
40 3092 34.0
40 3093 34.0
40 3094 34.0
40 3095 34.0
40 3096 34.0
40 3097 34.0
40 3098 34.0
40 3099 34.0
40 3100 34.0
40 3101 34.0
40 3102 34.0
40 3103 34.0
40 3104 34.0
40 3105 34.0
40 3106 34.0
40 3107 18.0
40 3108 18.0
40 3109 18.0
40 3110 18.0
40 3111 18.0
40 3112 18.0
40 3113 18.0
40 3114 18.0
40 3115 18.0
40 3116 18.0
40 3117 18.0
40 3118 18.0
41 3119 18.0
41 3120 18.0
41 3121 18.0
41 3122 18.0
41 3123 18.0
41 3124 18.0
41 3125 18.0
41 3126 18.0
41 3127 18.0
41 3128 18.0
41 3129 18.0
41 3130 18.0
41 3131 18.0
41 3132 18.0
41 3133 18.0
41 3134 18.0
41 3135 18.0
41 3136 18.0
41 3137 18.0
41 3138 18.0
41 3139 18.0
41 3140 18.0
41 3141 18.0
41 3142 18.0
41 3143 18.0
41 3144 18.0
41 3145 18.0
41 3146 18.0
41 3147 18.0
41 3148 18.0
41 3149 18.0
41 3150 18.0
41 3151 18.0
41 3152 18.0
41 3153 18.0
41 3154 18.0
41 3155 18.0
41 3156 18.0
41 3157 18.0
41 3158 18.0
41 3159 18.0
41 3160 18.0
41 3161 18.0
41 3162 18.0
41 3163 18.0
41 3164 18.0
41 3165 18.0
41 3166 18.0
41 3167 18.0
41 3168 18.0
41 3169 18.0
41 3170 18.0
41 3171 18.0
41 3172 18.0
41 3173 18.0
41 3174 18.0
41 3175 18.0
41 3176 18.0
41 3177 18.0
41 3178 18.0
41 3179 18.0
41 3180 18.0
41 3181 18.0
41 3182 18.0
41 3183 18.0
41 3184 18.0
41 3185 18.0
41 3186 18.0
41 3187 18.0
41 3188 18.0
41 3189 18.0
41 3190 18.0
41 3191 18.0
41 3192 18.0
41 3193 18.0
41 3194 18.0
41 3195 18.0
41 3196 18.0
41 3197 18.0
41 3198 18.0
41 3199 18.0
41 3200 18.0
42 3201 18.0
42 3202 18.0
42 3203 18.0
42 3204 18.0
42 3205 18.0
42 3206 18.0
42 3207 18.0
42 3208 18.0
42 3209 18.0
42 3210 18.0
42 3211 18.0
42 3212 18.0
42 3213 18.0
42 3214 18.0
42 3215 18.0
42 3216 18.0
42 3217 18.0
42 3218 18.0
42 3219 18.0
42 3220 18.0
42 3221 18.0
42 3222 18.0
42 3223 18.0
42 3224 18.0
42 3225 18.0
42 3226 18.0
42 3227 18.0
42 3228 18.0
42 3229 18.0
42 3230 18.0
42 3231 18.0
42 3232 18.0
42 3233 18.0
42 3234 18.0
42 3235 18.0
42 3236 18.0
42 3237 18.0
42 3238 18.0
42 3239 18.0
42 3240 18.0
42 3241 18.0
42 3242 18.0
42 3243 18.0
42 3244 18.0
42 3245 18.0
42 3246 18.0
42 3247 18.0
42 3248 18.0
42 3249 18.0
42 3250 18.0
42 3251 18.0
42 3252 18.0
42 3253 18.0
42 3254 18.0
42 3255 18.0
42 3256 18.0
42 3257 18.0
42 3258 18.0
42 3259 18.0
42 3260 18.0
42 3261 18.0
42 3262 18.0
42 3263 18.0
42 3264 18.0
42 3265 18.0
42 3266 2.0
42 3267 2.0
42 3268 2.0
42 3269 2.0
42 3270 2.0
42 3271 2.0
42 3272 2.0
42 3273 2.0
43 3274 2.0
43 3275 2.0
43 3276 2.0
43 3277 2.0
43 3278 2.0
43 3279 2.0
43 3280 2.0
43 3281 2.0
43 3282 2.0
43 3283 2.0
43 3284 2.0
43 3285 2.0
43 3286 2.0
43 3287 2.0
43 3288 2.0
43 3289 2.0
43 3290 2.0
43 3291 2.0
43 3292 2.0
43 3293 2.0
43 3294 2.0
43 3295 2.0
43 3296 2.0
43 3297 2.0
43 3298 2.0
43 3299 2.0
43 3300 2.0
43 3301 2.0
43 3302 2.0
43 3303 2.0
43 3304 2.0
43 3305 2.0
43 3306 2.0
43 3307 2.0
43 3308 2.0
43 3309 2.0
43 3310 2.0
43 3311 2.0
43 3312 2.0
43 3313 2.0
43 3314 2.0
43 3315 2.0
43 3316 2.0
43 3317 2.0
43 3318 2.0
43 3319 2.0
43 3320 2.0
43 3321 2.0
43 3322 2.0
43 3323 2.0
43 3324 2.0
43 3325 2.0
43 3326 2.0
43 3327 2.0
43 3328 2.0
43 3329 2.0
43 3330 2.0
43 3331 2.0
43 3332 2.0
43 3333 2.0
43 3334 2.0
43 3335 2.0
43 3336 2.0
43 3337 2.0
43 3338 2.0
43 3339 2.0
43 3340 2.0
43 3341 2.0
43 3342 2.0
43 3343 2.0
43 3344 2.0
43 3345 2.0
43 3346 2.0
43 3347 2.0
44 3348 2.0
44 3349 2.0
44 3350 2.0
44 3351 2.0
44 3352 2.0
44 3353 2.0
44 3354 2.0
44 3355 2.0
44 3356 2.0
44 3357 2.0
44 3358 2.0
44 3359 2.0
44 3360 2.0
44 3361 2.0
44 3362 2.0
44 3363 2.0
44 3364 2.0
44 3365 2.0
44 3366 2.0
44 3367 2.0
44 3368 2.0
44 3369 2.0
44 3370 2.0
44 3371 2.0
44 3372 2.0
44 3373 2.0
44 3374 2.0
44 3375 2.0
44 3376 2.0
44 3377 2.0
44 3378 2.0
44 3379 2.0
44 3380 2.0
44 3381 2.0
44 3382 2.0
44 3383 2.0
44 3384 2.0
44 3385 2.0
44 3386 2.0
44 3387 2.0
44 3388 2.0
44 3389 2.0
44 3390 2.0
44 3391 2.0
44 3392 2.0
44 3393 2.0
44 3394 2.0
44 3395 2.0
44 3396 2.0
44 3397 2.0
44 3398 2.0
44 3399 2.0
44 3400 2.0
44 3401 2.0
44 3402 2.0
44 3403 2.0
44 3404 2.0
44 3405 2.0
44 3406 2.0
44 3407 2.0
44 3408 2.0
44 3409 2.0
44 3410 2.0
44 3411 2.0
44 3412 2.0
44 3413 2.0
44 3414 2.0
44 3415 2.0
44 3416 2.0
44 3417 2.0
44 3418 2.0
44 3419 2.0
44 3420 2.0
44 3421 2.0
44 3422 2.0
44 3423 2.0
44 3424 2.0
44 3425 2.0
44 3426 2.0
44 3427 2.0
44 3428 2.0
44 3429 2.0
45 3430 2.0
45 3431 2.0
45 3432 2.0
45 3433 2.0
45 3434 2.0
45 3435 2.0
45 3436 2.0
45 3437 2.0
45 3438 2.0
45 3439 2.0
45 3440 2.0
45 3441 2.0
45 3442 2.0
45 3443 2.0
45 3444 2.0
45 3445 2.0
45 3446 2.0
45 3447 2.0
45 3448 2.0
45 3449 2.0
45 3450 2.0
45 3451 2.0
45 3452 2.0
45 3453 2.0
45 3454 2.0
45 3455 2.0
45 3456 2.0
45 3457 2.0
45 3458 2.0
45 3459 2.0
45 3460 2.0
45 3461 2.0
45 3462 2.0
45 3463 2.0
45 3464 2.0
45 3465 2.0
45 3466 2.0
45 3467 2.0
45 3468 2.0
45 3469 2.0
45 3470 2.0
45 3471 2.0
45 3472 2.0
45 3473 2.0
45 3474 2.0
45 3475 2.0
45 3476 2.0
45 3477 2.0
45 3478 2.0
45 3479 2.0
45 3480 2.0
45 3481 2.0
45 3482 2.0
45 3483 2.0
45 3484 2.0
45 3485 2.0
45 3486 2.0
45 3487 2.0
45 3488 2.0
45 3489 2.0
45 3490 2.0
45 3491 2.0
45 3492 2.0
45 3493 2.0
45 3494 2.0
45 3495 2.0
45 3496 2.0
45 3497 2.0
45 3498 2.0
45 3499 2.0
45 3500 2.0
45 3501 2.0
45 3502 2.0
45 3503 2.0
45 3504 2.0
45 3505 2.0
45 3506 2.0
45 3507 2.0
45 3508 2.0
45 3509 2.0
45 3510 2.0
45 3511 2.0
46 3512 2.0
46 3513 2.0
46 3514 2.0
46 3515 2.0
46 3516 2.0
46 3517 2.0
46 3518 2.0
46 3519 2.0
46 3520 2.0
46 3521 2.0
46 3522 2.0
46 3523 2.0
46 3524 2.0
46 3525 2.0
46 3526 2.0
46 3527 2.0
46 3528 2.0
46 3529 2.0
46 3530 2.0
46 3531 2.0
46 3532 2.0
46 3533 2.0
46 3534 2.0
46 3535 2.0
46 3536 2.0
46 3537 2.0
46 3538 2.0
46 3539 2.0
46 3540 2.0
46 3541 2.0
46 3542 2.0
46 3543 2.0
46 3544 2.0
46 3545 2.0
46 3546 2.0
46 3547 2.0
46 3548 2.0
46 3549 2.0
46 3550 2.0
46 3551 2.0
46 3552 2.0
46 3553 2.0
46 3554 2.0
46 3555 2.0
46 3556 2.0
46 3557 2.0
46 3558 2.0
46 3559 2.0
46 3560 2.0
46 3561 2.0
46 3562 2.0
46 3563 2.0
46 3564 2.0
46 3565 2.0
46 3566 2.0
46 3567 2.0
46 3568 2.0
46 3569 2.0
46 3570 2.0
46 3571 2.0
46 3572 2.0
46 3573 2.0
46 3574 2.0
46 3575 2.0
46 3576 2.0
46 3577 2.0
46 3578 2.0
46 3579 2.0
46 3580 2.0
46 3581 2.0
46 3582 2.0
46 3583 2.0
46 3584 2.0
46 3585 2.0
46 3586 2.0
46 3587 2.0
46 3588 2.0
46 3589 2.0
46 3590 2.0
46 3591 2.0
46 3592 2.0
46 3593 2.0
47 3594 2.0
47 3595 2.0
47 3596 2.0
47 3597 2.0
47 3598 2.0
47 3599 2.0
47 3600 2.0
47 3601 2.0
47 3602 2.0
47 3603 2.0
47 3604 2.0
47 3605 2.0
47 3606 2.0
47 3607 2.0
47 3608 2.0
47 3609 2.0
47 3610 2.0
47 3611 2.0
47 3612 2.0
47 3613 2.0
47 3614 2.0
47 3615 2.0
47 3616 2.0
47 3617 2.0
47 3618 2.0
47 3619 2.0
47 3620 2.0
47 3621 2.0
47 3622 2.0
47 3623 2.0
47 3624 2.0
47 3625 2.0
47 3626 2.0
47 3627 2.0
47 3628 2.0
47 3629 2.0
47 3630 2.0
47 3631 2.0
47 3632 2.0
47 3633 2.0
47 3634 2.0
47 3635 2.0
47 3636 2.0
47 3637 2.0
47 3638 2.0
47 3639 2.0
47 3640 2.0
47 3641 2.0
47 3642 2.0
47 3643 2.0
47 3644 2.0
47 3645 2.0
47 3646 2.0
47 3647 2.0
47 3648 2.0
47 3649 2.0
47 3650 2.0
47 3651 2.0
47 3652 2.0
47 3653 2.0
47 3654 2.0
47 3655 2.0
47 3656 2.0
47 3657 2.0
47 3658 2.0
47 3659 2.0
47 3660 2.0
47 3661 2.0
47 3662 2.0
47 3663 2.0
47 3664 2.0
47 3665 2.0
47 3666 2.0
47 3667 2.0
47 3668 2.0
47 3669 2.0
47 3670 2.0
47 3671 2.0
47 3672 2.0
47 3673 2.0
47 3674 2.0
47 3675 2.0
47 3676 2.0
47 3677 2.0
47 3678 2.0
48 3679 2.0
48 3680 2.0
48 3681 2.0
48 3682 2.0
48 3683 2.0
48 3684 2.0
48 3685 2.0
48 3686 2.0
48 3687 2.0
48 3688 2.0
48 3689 2.0
48 3690 2.0
48 3691 2.0
48 3692 2.0
48 3693 2.0
48 3694 2.0
48 3695 2.0
48 3696 2.0
48 3697 2.0
48 3698 2.0
48 3699 2.0
48 3700 2.0
48 3701 2.0
48 3702 2.0
48 3703 2.0
48 3704 2.0
48 3705 2.0
48 3706 2.0
48 3707 2.0
48 3708 2.0
48 3709 2.0
48 3710 2.0
48 3711 2.0
48 3712 2.0
48 3713 2.0
48 3714 2.0
48 3715 2.0
48 3716 2.0
48 3717 2.0
48 3718 2.0
48 3719 2.0
48 3720 2.0
48 3721 2.0
48 3722 2.0
48 3723 2.0
48 3724 2.0
48 3725 2.0
48 3726 2.0
48 3727 2.0
48 3728 2.0
48 3729 2.0
48 3730 2.0
48 3731 2.0
48 3732 2.0
48 3733 2.0
48 3734 2.0
48 3735 2.0
48 3736 2.0
48 3737 2.0
48 3738 2.0
48 3739 2.0
48 3740 2.0
48 3741 2.0
48 3742 2.0
48 3743 2.0
48 3744 1.0
48 3745 1.0
48 3746 1.0
48 3747 1.0
48 3748 1.0
48 3749 1.0
48 3750 1.0
48 3751 1.0
48 3752 1.0
48 3753 1.0
48 3754 1.0
49 3755 1.0
49 3756 1.0
49 3757 1.0
49 3758 1.0
49 3759 1.0
49 3760 1.0
49 3761 1.0
49 3762 1.0
49 3763 1.0
49 3764 1.0
49 3765 1.0
49 3766 1.0
49 3767 1.0
49 3768 1.0
49 3769 1.0
49 3770 1.0
49 3771 1.0
49 3772 1.0
49 3773 1.0
49 3774 1.0
49 3775 1.0
49 3776 1.0
49 3777 1.0
49 3778 1.0
49 3779 1.0
49 3780 1.0
49 3781 1.0
49 3782 1.0
49 3783 1.0
49 3784 1.0
49 3785 1.0
49 3786 1.0
49 3787 1.0
49 3788 1.0
49 3789 1.0
49 3790 1.0
49 3791 1.0
49 3792 1.0
49 3793 1.0
49 3794 1.0
49 3795 1.0
49 3796 1.0
49 3797 1.0
49 3798 1.0
49 3799 1.0
49 3800 1.0
49 3801 1.0
49 3802 1.0
49 3803 1.0
49 3804 1.0
49 3805 1.0
49 3806 1.0
49 3807 1.0
49 3808 1.0
49 3809 1.0
49 3810 1.0
49 3811 1.0
49 3812 1.0
49 3813 1.0
49 3814 1.0
49 3815 1.0
49 3816 1.0
49 3817 1.0
49 3818 1.0
49 3819 1.0
49 3820 1.0
49 3821 1.0
49 3822 1.0
49 3823 1.0
49 3824 1.0
49 3825 1.0
49 3826 1.0
49 3827 1.0
49 3828 1.0
49 3829 1.0
49 3830 1.0
49 3831 1.0
49 3832 1.0
49 3833 1.0
49 3834 1.0
49 3835 1.0
50 3836 1.0
50 3837 1.0
50 3838 1.0
50 3839 1.0
50 3840 1.0
50 3841 1.0
50 3842 1.0
50 3843 1.0
50 3844 1.0
50 3845 1.0
50 3846 1.0
50 3847 1.0
50 3848 1.0
50 3849 1.0
50 3850 1.0
50 3851 1.0
50 3852 1.0
50 3853 1.0
50 3854 1.0
50 3855 1.0
50 3856 1.0
50 3857 1.0
50 3858 1.0
50 3859 1.0
50 3860 1.0
50 3861 1.0
50 3862 1.0
50 3863 1.0
50 3864 1.0
50 3865 1.0
50 3866 1.0
50 3867 1.0
50 3868 1.0
50 3869 1.0
50 3870 1.0
50 3871 1.0
50 3872 1.0
50 3873 1.0
50 3874 1.0
50 3875 1.0
50 3876 1.0
50 3877 1.0
50 3878 1.0
50 3879 1.0
50 3880 1.0
50 3881 1.0
50 3882 1.0
50 3883 1.0
50 3884 1.0
50 3885 1.0
50 3886 1.0
50 3887 1.0
50 3888 1.0
50 3889 1.0
50 3890 1.0
50 3891 1.0
50 3892 1.0
50 3893 1.0
50 3894 1.0
50 3895 1.0
50 3896 1.0
50 3897 1.0
50 3898 1.0
50 3899 1.0
50 3900 1.0
50 3901 1.0
50 3902 1.0
50 3903 1.0
50 3904 1.0
50 3905 1.0
50 3906 1.0
50 3907 1.0
50 3908 1.0
50 3909 1.0
50 3910 1.0
50 3911 1.0
50 3912 1.0
50 3913 1.0
50 3914 1.0
51 3915 1.0
51 3916 1.0
51 3917 1.0
51 3918 1.0
51 3919 1.0
51 3920 1.0
51 3921 1.0
51 3922 1.0
51 3923 1.0
51 3924 1.0
51 3925 1.0
51 3926 1.0
51 3927 1.0
51 3928 1.0
51 3929 1.0
51 3930 1.0
51 3931 1.0
51 3932 1.0
51 3933 1.0
51 3934 1.0
51 3935 1.0
51 3936 1.0
51 3937 1.0
51 3938 1.0
51 3939 1.0
51 3940 1.0
51 3941 1.0
51 3942 1.0
51 3943 1.0
51 3944 1.0
51 3945 1.0
51 3946 1.0
51 3947 1.0
51 3948 1.0
51 3949 1.0
51 3950 1.0
51 3951 1.0
51 3952 1.0
51 3953 1.0
51 3954 1.0
51 3955 1.0
51 3956 1.0
51 3957 1.0
51 3958 1.0
51 3959 1.0
51 3960 1.0
51 3961 1.0
51 3962 1.0
51 3963 1.0
51 3964 1.0
51 3965 1.0
51 3966 1.0
51 3967 1.0
51 3968 1.0
51 3969 1.0
51 3970 1.0
51 3971 1.0
51 3972 1.0
51 3973 1.0
51 3974 1.0
51 3975 1.0
51 3976 1.0
51 3977 1.0
51 3978 1.0
51 3979 1.0
51 3980 1.0
51 3981 1.0
51 3982 1.0
51 3983 1.0
51 3984 1.0
51 3985 1.0
51 3986 1.0
51 3987 1.0
51 3988 1.0
51 3989 1.0
51 3990 1.0
51 3991 1.0
51 3992 1.0
51 3993 1.0
51 3994 1.0
51 3995 1.0
51 3996 1.0
51 3997 1.0
51 3998 1.0
52 3999 1.0
52 4000 1.0
52 4001 1.0
52 4002 1.0
52 4003 1.0
52 4004 1.0
52 4005 1.0
52 4006 1.0
52 4007 1.0
52 4008 1.0
52 4009 1.0
52 4010 1.0
52 4011 1.0
52 4012 1.0
52 4013 1.0
52 4014 1.0
52 4015 1.0
52 4016 1.0
52 4017 1.0
52 4018 1.0
52 4019 1.0
52 4020 1.0
52 4021 1.0
52 4022 1.0
52 4023 1.0
52 4024 1.0
52 4025 1.0
52 4026 1.0
52 4027 1.0
52 4028 1.0
52 4029 1.0
52 4030 1.0
52 4031 1.0
52 4032 1.0
52 4033 1.0
52 4034 1.0
52 4035 1.0
52 4036 1.0
52 4037 1.0
52 4038 1.0
52 4039 1.0
52 4040 1.0
52 4041 1.0
52 4042 1.0
52 4043 1.0
52 4044 1.0
52 4045 1.0
52 4046 1.0
52 4047 1.0
52 4048 1.0
52 4049 1.0
52 4050 1.0
52 4051 1.0
52 4052 1.0
52 4053 1.0
52 4054 1.0
52 4055 1.0
52 4056 1.0
52 4057 1.0
52 4058 1.0
52 4059 1.0
52 4060 1.0
52 4061 1.0
52 4062 1.0
52 4063 1.0
52 4064 1.0
52 4065 1.0
52 4066 1.0
52 4067 1.0
52 4068 1.0
52 4069 1.0
52 4070 1.0
52 4071 1.0
52 4072 1.0
52 4073 1.0
52 4074 1.0
53 4075 1.0
53 4076 1.0
53 4077 1.0
53 4078 1.0
53 4079 1.0
53 4080 1.0
53 4081 1.0
53 4082 1.0
53 4083 1.0
53 4084 1.0
53 4085 1.0
53 4086 1.0
53 4087 1.0
53 4088 1.0
53 4089 1.0
53 4090 1.0
53 4091 1.0
53 4092 1.0
53 4093 1.0
53 4094 1.0
53 4095 1.0
53 4096 1.0
53 4097 1.0
53 4098 1.0
53 4099 1.0
53 4100 1.0
53 4101 1.0
53 4102 1.0
53 4103 1.0
53 4104 1.0
53 4105 1.0
53 4106 1.0
53 4107 1.0
53 4108 1.0
53 4109 1.0
53 4110 1.0
53 4111 1.0
53 4112 1.0
53 4113 1.0
53 4114 1.0
53 4115 1.0
53 4116 1.0
53 4117 1.0
53 4118 1.0
53 4119 1.0
53 4120 1.0
53 4121 1.0
53 4122 1.0
53 4123 1.0
53 4124 1.0
53 4125 1.0
53 4126 1.0
53 4127 0.0
