1 1 31777.369999999995
1 2 28671.599999999995
1 3 27587.8
1 4 27587.8
1 5 25279.829999999998
1 6 24963.89
1 7 21436.679999999997
1 8 21436.679999999997
1 9 21436.679999999997
1 10 21436.679999999997
1 11 21436.679999999997
1 12 21166.599999999995
1 13 21166.599999999995
1 14 21166.599999999995
1 15 21166.599999999995
1 16 21166.599999999995
1 17 21166.599999999995
1 18 21166.599999999995
1 19 20933.639999999996
1 20 20610.57
1 21 20610.57
1 22 20610.57
1 23 20165.77
1 24 20165.77
1 25 20165.77
1 26 20165.77
1 27 20165.77
1 28 20165.77
1 29 20165.77
1 30 20165.77
1 31 20165.77
1 32 20165.77
1 33 20092.97
1 34 20092.97
1 35 19643.32
1 36 19643.32
1 37 19643.32
1 38 19643.32
1 39 19643.32
1 40 19643.32
1 41 19643.32
1 42 19643.32
2 43 19643.32
2 44 19643.32
2 45 19643.32
2 46 19643.32
2 47 19643.32
2 48 19643.32
2 49 19643.32
2 50 19643.32
2 51 19643.32
2 52 19606.68
2 53 19606.68
2 54 19606.68
2 55 19606.68
2 56 19606.68
2 57 19606.68
2 58 19606.68
2 59 19606.68
2 60 19606.68
2 61 19606.68
2 62 19606.68
2 63 19606.68
2 64 19606.68
2 65 19606.68
2 66 19606.68
2 67 19336.16
2 68 19336.16
2 69 19336.16
2 70 19286.68
2 71 18887.32
2 72 18887.32
2 73 18887.32
2 74 18887.32
2 75 18887.32
2 76 18887.32
2 77 18887.32
2 78 18887.32
2 79 18887.32
2 80 18887.32
2 81 18887.32
2 82 17309.760000000002
2 83 17309.760000000002
2 84 17309.760000000002
2 85 17309.760000000002
2 86 17309.760000000002
2 87 17309.760000000002
2 88 17309.760000000002
2 89 16075.84
2 90 16075.84
2 91 16075.84
2 92 16075.84
2 93 16075.84
2 94 16075.84
2 95 16075.84
2 96 16075.84
2 97 16075.84
2 98 16075.84
2 99 16075.84
2 100 16075.84
2 101 16075.84
2 102 16075.84
2 103 16075.84
2 104 15714.08
2 105 15714.08
2 106 15714.08
3 107 15714.08
3 108 15714.08
3 109 15714.08
3 110 15714.08
3 111 15391.199999999999
3 112 15391.199999999999
3 113 15391.199999999999
3 114 15391.199999999999
3 115 15391.199999999999
3 116 15391.199999999999
3 117 15391.199999999999
3 118 15391.199999999999
3 119 15391.199999999999
3 120 15386.039999999999
3 121 15172.32
3 122 15172.32
3 123 15172.32
3 124 15172.32
3 125 15172.32
3 126 15172.32
3 127 15172.32
3 128 15172.32
3 129 15016.96
3 130 15016.96
3 131 15016.96
3 132 15000.56
3 133 15000.56
3 134 15000.56
3 135 15000.56
3 136 15000.56
3 137 15000.56
3 138 14944.56
3 139 14944.56
3 140 14944.56
3 141 14944.56
3 142 14944.56
3 143 14944.56
3 144 14944.56
3 145 14944.56
3 146 14944.56
3 147 14944.56
3 148 14944.56
3 149 14931.52
3 150 14931.52
3 151 14931.52
3 152 14931.52
3 153 14931.52
3 154 14931.52
3 155 14931.52
3 156 14931.52
3 157 14931.52
3 158 14931.52
3 159 14931.52
3 160 14912.990000000002
3 161 14912.990000000002
3 162 14912.990000000002
3 163 14912.990000000002
3 164 14912.990000000002
3 165 14912.990000000002
3 166 14912.990000000002
3 167 14832.51
3 168 14832.51
3 169 14832.51
3 170 14832.51
3 171 14832.51
3 172 14828.11
3 173 14828.11
4 174 13728.03
4 175 13728.03
4 176 13728.03
4 177 13728.03
4 178 13660.03
4 179 13660.03
4 180 13615.23
4 181 13615.23
4 182 13615.23
4 183 13615.23
4 184 13387.92
4 185 13387.92
4 186 13387.92
4 187 13387.92
4 188 13387.92
4 189 13387.92
4 190 13387.92
4 191 13387.92
4 192 13387.92
4 193 13387.92
4 194 13387.92
4 195 13387.92
4 196 13363.36
4 197 13363.36
4 198 13363.36
4 199 13363.36
4 200 13278.789999999999
4 201 13278.789999999999
4 202 13278.789999999999
4 203 13062.159999999998
4 204 13062.159999999998
4 205 13062.159999999998
4 206 13062.159999999998
4 207 13050.24
4 208 13050.24
4 209 13050.24
4 210 13006.08
4 211 13006.08
4 212 13006.08
4 213 13006.08
4 214 13006.08
4 215 13006.08
4 216 13006.08
4 217 12435.289999999999
4 218 12435.289999999999
4 219 12435.289999999999
4 220 12435.289999999999
4 221 12435.289999999999
4 222 12435.289999999999
4 223 12435.289999999999
4 224 12435.289999999999
4 225 12435.289999999999
4 226 12435.289999999999
4 227 12435.289999999999
4 228 12435.289999999999
4 229 12435.289999999999
4 230 12435.289999999999
4 231 12435.289999999999
4 232 12424.89
4 233 12424.89
4 234 12424.89
4 235 12424.89
4 236 12424.89
4 237 12424.89
5 238 12424.89
5 239 12424.89
5 240 12424.89
5 241 12424.89
5 242 12424.89
5 243 12424.89
5 244 12424.89
5 245 12424.89
5 246 12424.89
5 247 12424.89
5 248 12424.89
5 249 12424.89
5 250 12424.89
5 251 12424.89
5 252 12424.89
5 253 12424.89
5 254 12424.89
5 255 12424.89
5 256 12424.89
5 257 12424.89
5 258 12424.89
5 259 12424.89
5 260 12424.89
5 261 12424.89
5 262 12424.89
5 263 12424.89
5 264 12424.89
5 265 12424.89
5 266 12424.89
5 267 12424.89
5 268 12424.89
5 269 12424.89
5 270 12424.89
5 271 12424.89
5 272 12424.89
5 273 12378.17
5 274 12378.17
5 275 12378.17
5 276 12378.17
5 277 12378.17
5 278 12378.17
5 279 12378.17
5 280 12378.17
5 281 12378.17
5 282 12378.17
5 283 11565.630000000001
5 284 11565.630000000001
5 285 11565.630000000001
5 286 11565.630000000001
5 287 11565.630000000001
5 288 11565.630000000001
5 289 11565.630000000001
5 290 11544.75
5 291 11544.75
5 292 11341.630000000001
5 293 11341.630000000001
5 294 11341.630000000001
5 295 11341.630000000001
5 296 11341.630000000001
5 297 11341.630000000001
5 298 11209.470000000001
5 299 11209.470000000001
5 300 10787.02
5 301 10787.02
5 302 10787.02
5 303 10787.02
5 304 10787.02
5 305 10787.02
5 306 10777.9
5 307 10777.9
5 308 10777.9
5 309 10777.9
5 310 10777.9
5 311 10777.9
5 312 10777.9
5 313 10777.9
5 314 10777.9
5 315 10777.9
5 316 10777.9
5 317 10777.9
6 318 10777.9
6 319 10777.9
6 320 10777.9
6 321 10777.9
6 322 10777.9
6 323 10777.9
6 324 10339.06
6 325 10339.06
6 326 10097.380000000001
6 327 10097.380000000001
6 328 10097.380000000001
6 329 10097.380000000001
6 330 10097.380000000001
6 331 10092.02
6 332 10092.02
6 333 10092.02
6 334 10092.02
6 335 10092.02
6 336 10092.02
6 337 10092.02
6 338 10092.02
6 339 10092.02
6 340 10092.02
6 341 10092.02
6 342 10092.02
6 343 10092.02
6 344 10092.02
6 345 10092.02
6 346 10083.02
6 347 10083.02
6 348 10006.9
6 349 10006.9
6 350 10006.9
6 351 10006.9
6 352 10006.9
6 353 9982.9
6 354 9982.9
6 355 9982.9
6 356 9982.9
6 357 9982.9
6 358 9982.9
6 359 9982.9
6 360 9870.9
6 361 9870.9
6 362 9870.9
6 363 9870.9
6 364 9870.9
6 365 9870.9
6 366 9869.9
6 367 9869.9
6 368 9869.9
6 369 9869.9
6 370 9869.9
6 371 9869.9
6 372 9718.01
6 373 9718.01
6 374 9718.01
6 375 9718.01
6 376 9718.01
6 377 9718.01
6 378 9718.01
6 379 9718.01
6 380 9718.01
6 381 9718.01
6 382 9718.01
6 383 9718.01
6 384 9718.01
6 385 9718.01
6 386 9718.01
6 387 9718.01
6 388 9718.01
6 389 9718.01
6 390 9718.01
6 391 9718.01
6 392 9718.01
6 393 9718.01
6 394 9718.01
6 395 9718.01
6 396 9718.01
6 397 9695.45
6 398 9695.45
6 399 9695.45
6 400 9695.45
7 401 9695.45
7 402 9695.45
7 403 9695.45
7 404 9695.45
7 405 9695.45
7 406 9695.45
7 407 9695.45
7 408 9695.45
7 409 9695.45
7 410 9695.45
7 411 9695.45
7 412 9695.45
7 413 9695.45
7 414 9695.45
7 415 9695.45
7 416 9695.45
7 417 9684.970000000001
7 418 9684.970000000001
7 419 9684.970000000001
7 420 9684.970000000001
7 421 9684.970000000001
7 422 9684.970000000001
7 423 9684.970000000001
7 424 9684.970000000001
7 425 9667.41
7 426 9667.41
7 427 9667.41
7 428 9667.41
7 429 9667.41
7 430 9464.529999999999
7 431 9464.529999999999
7 432 9464.529999999999
7 433 9464.529999999999
7 434 9464.529999999999
7 435 9362.570000000002
7 436 8904.17
7 437 8904.17
7 438 8904.17
7 439 8904.17
7 440 8904.17
7 441 8891.810000000001
7 442 8891.810000000001
7 443 8891.810000000001
7 444 8891.810000000001
7 445 8891.810000000001
7 446 8891.810000000001
7 447 8891.810000000001
7 448 8891.810000000001
7 449 8891.810000000001
7 450 8891.810000000001
7 451 8891.810000000001
7 452 8891.810000000001
7 453 8891.810000000001
7 454 8891.810000000001
7 455 8891.810000000001
7 456 8891.810000000001
7 457 8891.810000000001
7 458 8874.69
7 459 8874.69
7 460 8874.69
7 461 8874.69
7 462 8874.69
7 463 8874.69
7 464 8874.69
7 465 8874.69
7 466 8874.69
7 467 8874.69
7 468 8864.93
7 469 8864.93
7 470 8774.85
7 471 8774.85
7 472 8774.85
7 473 8774.85
8 474 8774.85
8 475 8774.85
8 476 8731.01
8 477 8731.01
8 478 8645.890000000001
8 479 8645.890000000001
8 480 8645.890000000001
8 481 8645.890000000001
8 482 8645.890000000001
8 483 8645.890000000001
8 484 8645.890000000001
8 485 8645.890000000001
8 486 8645.890000000001
8 487 8621.890000000001
8 488 8621.890000000001
8 489 8621.890000000001
8 490 8621.890000000001
8 491 8621.890000000001
8 492 8621.890000000001
8 493 8621.890000000001
8 494 8621.890000000001
8 495 8621.890000000001
8 496 8445.250000000002
8 497 8445.250000000002
8 498 8445.250000000002
8 499 8445.250000000002
8 500 8421.250000000002
8 501 8421.250000000002
8 502 8421.250000000002
8 503 8391.170000000002
8 504 8391.170000000002
8 505 8391.170000000002
8 506 8385.94
8 507 8385.94
8 508 8385.94
8 509 8385.94
8 510 8385.94
8 511 8385.94
8 512 8385.94
8 513 8385.94
8 514 8385.94
8 515 8385.94
8 516 8298.37
8 517 8298.37
8 518 8298.37
8 519 8298.37
8 520 8298.37
8 521 8298.37
8 522 8298.37
8 523 8298.37
8 524 8298.37
8 525 7625.08
8 526 7625.08
8 527 7625.08
8 528 7625.08
8 529 7625.08
8 530 7625.08
8 531 7625.08
8 532 7625.08
8 533 7625.08
8 534 7625.08
8 535 7625.08
8 536 7625.08
8 537 7625.08
8 538 7625.08
8 539 7625.08
8 540 7625.08
8 541 7625.08
8 542 7604.280000000001
8 543 7604.280000000001
8 544 7604.280000000001
8 545 7604.280000000001
8 546 7604.280000000001
8 547 7604.280000000001
8 548 7601.39
8 549 7601.39
8 550 7601.39
8 551 7601.39
8 552 7601.39
8 553 7601.39
8 554 7601.39
8 555 7601.39
9 556 7601.39
9 557 7420.43
9 558 7420.43
9 559 7420.43
9 560 7420.43
9 561 7420.43
9 562 7420.43
9 563 7420.43
9 564 7420.43
9 565 7420.43
9 566 7420.43
9 567 7420.43
9 568 7420.43
9 569 7419.71
9 570 7419.71
9 571 7419.71
9 572 7419.71
9 573 7417.46
9 574 7417.46
9 575 7417.46
9 576 7417.46
9 577 7411.82
9 578 7406.42
9 579 7406.42
9 580 7406.42
9 581 7406.42
9 582 7406.42
9 583 7406.42
9 584 7406.42
9 585 7406.42
9 586 7406.42
9 587 7396.139999999999
9 588 7396.139999999999
9 589 7396.139999999999
9 590 7391.58
9 591 7391.58
9 592 7364.139999999999
9 593 6930.869999999999
9 594 6930.869999999999
9 595 6930.869999999999
9 596 6930.869999999999
9 597 6930.869999999999
9 598 6930.869999999999
9 599 6913.58
9 600 6913.58
9 601 6913.58
9 602 6913.58
9 603 6913.58
9 604 6913.58
9 605 6913.58
9 606 6913.58
9 607 6913.58
9 608 6913.58
9 609 6657.58
9 610 6657.58
9 611 6657.58
9 612 6653.02
9 613 6653.02
9 614 6653.02
9 615 6653.02
9 616 6644.02
9 617 6644.02
9 618 6644.02
9 619 6644.02
9 620 6644.02
9 621 6644.02
9 622 6644.02
9 623 6644.02
9 624 6620.02
9 625 6620.02
9 626 6620.02
9 627 6620.02
9 628 6620.02
9 629 6598.9
9 630 6598.9
9 631 6598.9
9 632 6598.9
10 633 6598.9
10 634 6598.9
10 635 6598.9
10 636 6598.9
10 637 6598.9
10 638 6598.9
10 639 6598.9
10 640 6379.91
10 641 6379.91
10 642 6379.91
10 643 6379.91
10 644 6379.91
10 645 6379.91
10 646 6379.91
10 647 6379.91
10 648 6379.91
10 649 6379.91
10 650 6379.91
10 651 6379.91
10 652 6379.91
10 653 6379.91
10 654 6379.91
10 655 6379.91
10 656 6379.91
10 657 6379.91
10 658 6379.91
10 659 6379.91
10 660 6379.91
10 661 6335.110000000001
10 662 6335.110000000001
10 663 6335.110000000001
10 664 6335.110000000001
10 665 6335.110000000001
10 666 6335.110000000001
10 667 6139.089999999999
10 668 6139.089999999999
10 669 6139.089999999999
10 670 6118.449999999999
10 671 6118.449999999999
10 672 6118.449999999999
10 673 6118.449999999999
10 674 6118.449999999999
10 675 5516.870000000001
10 676 5516.870000000001
10 677 5516.870000000001
10 678 5516.870000000001
10 679 5516.870000000001
10 680 5516.870000000001
10 681 5516.870000000001
10 682 5516.870000000001
10 683 5514.620000000001
10 684 5514.620000000001
10 685 5514.620000000001
10 686 5514.620000000001
10 687 5514.620000000001
10 688 5514.620000000001
10 689 5471.1
10 690 5471.1
10 691 5471.1
10 692 5471.1
10 693 5471.1
10 694 5471.1
10 695 5471.1
10 696 5471.1
10 697 5471.1
10 698 5456.81
10 699 5456.81
10 700 5456.81
10 701 5456.81
10 702 5456.81
10 703 5456.81
10 704 5456.81
10 705 5456.81
10 706 5456.81
10 707 5456.81
10 708 5456.81
10 709 5443.77
10 710 5443.77
10 711 5443.77
10 712 5443.77
10 713 5443.77
10 714 5419.29
10 715 5419.29
10 716 5419.29
11 717 5419.29
11 718 5395.13
11 719 5395.13
11 720 5395.13
11 721 5395.13
11 722 5395.13
11 723 4815.740000000001
11 724 4815.740000000001
11 725 4815.740000000001
11 726 4815.740000000001
11 727 4815.740000000001
11 728 4815.740000000001
11 729 4815.740000000001
11 730 4815.740000000001
11 731 4815.740000000001
11 732 4815.740000000001
11 733 4815.740000000001
11 734 4815.740000000001
11 735 4815.740000000001
11 736 4815.740000000001
11 737 4815.740000000001
11 738 4815.740000000001
11 739 4815.740000000001
11 740 4815.740000000001
11 741 4815.740000000001
11 742 4607.100000000001
11 743 4607.100000000001
11 744 4607.100000000001
11 745 4607.100000000001
11 746 4607.100000000001
11 747 4607.100000000001
11 748 4607.100000000001
11 749 4607.100000000001
11 750 4607.100000000001
11 751 4441.6900000000005
11 752 4441.6900000000005
11 753 4441.6900000000005
11 754 4441.6900000000005
11 755 4441.6900000000005
11 756 4441.6900000000005
11 757 4441.6900000000005
11 758 4441.6900000000005
11 759 4441.6900000000005
11 760 4441.6900000000005
11 761 4441.6900000000005
11 762 4441.6900000000005
11 763 4441.6900000000005
11 764 4431.93
11 765 4431.93
11 766 4431.93
11 767 4431.93
11 768 4431.93
11 769 4431.93
11 770 4431.93
11 771 4431.93
11 772 4431.93
11 773 4431.93
11 774 4431.93
11 775 4431.93
11 776 4431.93
11 777 4431.93
11 778 4431.93
11 779 4431.93
11 780 4431.93
11 781 4431.93
11 782 4431.93
11 783 4426.93
11 784 4426.93
11 785 4426.93
11 786 4426.93
11 787 4426.93
11 788 4426.93
11 789 4426.93
11 790 4426.93
11 791 4426.93
11 792 4426.93
11 793 4426.93
11 794 4402.450000000001
11 795 4402.450000000001
11 796 4402.450000000001
11 797 4402.450000000001
12 798 4402.450000000001
12 799 4402.450000000001
12 800 4394.450000000001
12 801 4394.450000000001
12 802 4394.450000000001
12 803 4394.450000000001
12 804 4382.450000000001
12 805 4382.450000000001
12 806 4382.450000000001
12 807 4382.450000000001
12 808 4382.450000000001
12 809 4382.450000000001
12 810 4382.450000000001
12 811 4382.450000000001
12 812 4382.450000000001
12 813 4382.450000000001
12 814 4382.450000000001
12 815 4382.450000000001
12 816 4382.450000000001
12 817 4382.450000000001
12 818 4382.450000000001
12 819 4382.450000000001
12 820 4382.450000000001
12 821 4382.450000000001
12 822 4382.450000000001
12 823 4382.450000000001
12 824 4382.450000000001
12 825 4382.450000000001
12 826 4382.450000000001
12 827 4382.450000000001
12 828 4382.450000000001
12 829 4382.450000000001
12 830 4382.450000000001
12 831 4380.450000000001
12 832 4380.450000000001
12 833 4380.450000000001
12 834 4380.450000000001
12 835 4380.450000000001
12 836 4380.450000000001
12 837 4380.450000000001
12 838 4380.450000000001
12 839 4380.450000000001
12 840 4380.450000000001
12 841 4380.450000000001
12 842 4380.450000000001
12 843 4380.450000000001
12 844 4380.450000000001
12 845 4380.450000000001
12 846 4380.450000000001
12 847 4380.450000000001
12 848 4380.450000000001
12 849 4380.450000000001
12 850 4380.450000000001
12 851 4380.450000000001
12 852 4217.84
12 853 4217.84
12 854 4217.84
12 855 4217.84
12 856 4217.84
12 857 4217.84
12 858 4217.84
12 859 4217.84
12 860 4217.84
12 861 4217.84
12 862 4217.84
12 863 4217.84
12 864 4217.84
12 865 4217.84
12 866 4217.84
12 867 4217.84
12 868 4217.84
12 869 4217.84
12 870 4217.84
12 871 4217.84
12 872 4217.84
12 873 4217.84
12 874 4217.84
12 875 4217.84
12 876 4217.84
12 877 4217.84
12 878 4217.84
13 879 4217.84
13 880 4217.84
13 881 4217.84
13 882 4217.84
13 883 4217.84
13 884 4217.84
13 885 4206.160000000001
13 886 4206.160000000001
13 887 4206.160000000001
13 888 4206.160000000001
13 889 4206.160000000001
13 890 4206.160000000001
13 891 4206.160000000001
13 892 4206.160000000001
13 893 4206.160000000001
13 894 4206.160000000001
13 895 4206.160000000001
13 896 4206.160000000001
13 897 4206.160000000001
13 898 4206.160000000001
13 899 4206.160000000001
13 900 4206.160000000001
13 901 4206.160000000001
13 902 4206.160000000001
13 903 4206.160000000001
13 904 4206.160000000001
13 905 4206.160000000001
13 906 4206.160000000001
13 907 4206.160000000001
13 908 4206.160000000001
13 909 4206.160000000001
13 910 4206.160000000001
13 911 4206.160000000001
13 912 4206.160000000001
13 913 4206.160000000001
13 914 4206.160000000001
13 915 4206.160000000001
13 916 4206.160000000001
13 917 4206.160000000001
13 918 4206.160000000001
13 919 4206.160000000001
13 920 4206.160000000001
13 921 4206.160000000001
13 922 4204.88
13 923 4204.88
13 924 4204.88
13 925 4204.88
13 926 4204.88
13 927 4204.88
13 928 4204.88
13 929 3957.3300000000004
13 930 3957.3300000000004
13 931 3957.3300000000004
13 932 3957.3300000000004
13 933 3957.3300000000004
13 934 3957.3300000000004
13 935 3957.3300000000004
13 936 3957.3300000000004
13 937 3957.3300000000004
13 938 3957.3300000000004
13 939 3957.3300000000004
13 940 3957.3300000000004
13 941 3957.3300000000004
13 942 3957.3300000000004
13 943 3957.3300000000004
13 944 3957.3300000000004
13 945 3957.3300000000004
13 946 3957.3300000000004
13 947 3957.3300000000004
13 948 3957.3300000000004
13 949 3957.3300000000004
13 950 3957.3300000000004
13 951 3957.3300000000004
13 952 3957.3300000000004
13 953 3957.3300000000004
13 954 3957.3300000000004
13 955 3957.3300000000004
13 956 3646.9900000000007
13 957 3646.9900000000007
13 958 3646.9900000000007
14 959 3646.9900000000007
14 960 3646.9900000000007
14 961 3646.9900000000007
14 962 3646.9900000000007
14 963 3646.9900000000007
14 964 3646.9900000000007
14 965 3646.9900000000007
14 966 3646.9900000000007
14 967 3646.9900000000007
14 968 3646.9900000000007
14 969 3554.190000000001
14 970 3554.190000000001
14 971 3554.190000000001
14 972 3554.190000000001
14 973 3554.190000000001
14 974 3554.190000000001
14 975 3554.190000000001
14 976 3554.190000000001
14 977 3554.190000000001
14 978 3554.190000000001
14 979 3554.190000000001
14 980 3554.190000000001
14 981 3554.190000000001
14 982 3554.190000000001
14 983 3554.190000000001
14 984 3554.190000000001
14 985 3554.190000000001
14 986 3554.190000000001
14 987 3554.190000000001
14 988 3554.190000000001
14 989 3554.190000000001
14 990 3554.190000000001
14 991 3554.190000000001
14 992 3554.190000000001
14 993 3554.190000000001
14 994 3554.190000000001
14 995 3554.190000000001
14 996 3554.190000000001
14 997 3554.190000000001
14 998 3554.190000000001
14 999 3554.190000000001
14 1000 3554.190000000001
14 1001 3554.190000000001
14 1002 3554.190000000001
14 1003 3554.190000000001
14 1004 3206.5699999999997
14 1005 3206.5699999999997
14 1006 3206.5699999999997
14 1007 3206.5699999999997
14 1008 3206.5699999999997
14 1009 3206.5699999999997
14 1010 3205.5699999999997
14 1011 3205.5699999999997
14 1012 3205.5699999999997
14 1013 3205.5699999999997
14 1014 3205.5699999999997
14 1015 3205.5699999999997
14 1016 3205.5699999999997
14 1017 3205.5699999999997
14 1018 3205.5699999999997
14 1019 3205.5699999999997
14 1020 3205.5699999999997
14 1021 3205.5699999999997
14 1022 3205.5699999999997
14 1023 3162.0499999999997
14 1024 3162.0499999999997
14 1025 3162.0499999999997
14 1026 3162.0499999999997
14 1027 3162.0499999999997
14 1028 3162.0499999999997
14 1029 3162.0499999999997
14 1030 3162.0499999999997
14 1031 3162.0499999999997
14 1032 3162.0499999999997
14 1033 3162.0499999999997
14 1034 3162.0499999999997
14 1035 3162.0499999999997
14 1036 3162.0499999999997
14 1037 3162.0499999999997
14 1038 3162.0499999999997
14 1039 3162.0499999999997
14 1040 3162.0499999999997
14 1041 3162.0499999999997
14 1042 3162.0499999999997
14 1043 3162.0499999999997
15 1044 3162.0499999999997
15 1045 3162.0499999999997
15 1046 3162.0499999999997
15 1047 3162.0499999999997
15 1048 3162.0499999999997
15 1049 3162.0499999999997
15 1050 3162.0499999999997
15 1051 3162.0499999999997
15 1052 3162.0499999999997
15 1053 3162.0499999999997
15 1054 3162.0499999999997
15 1055 3162.0499999999997
15 1056 3162.0499999999997
15 1057 3162.0499999999997
15 1058 3162.0499999999997
15 1059 3162.0499999999997
15 1060 3162.0499999999997
15 1061 3162.0499999999997
15 1062 3157.5299999999997
15 1063 3157.5299999999997
15 1064 3157.5299999999997
15 1065 3157.5299999999997
15 1066 3157.5299999999997
15 1067 3157.5299999999997
15 1068 3110.1699999999996
15 1069 3110.1699999999996
15 1070 3110.1699999999996
15 1071 3110.1699999999996
15 1072 3110.1699999999996
15 1073 3110.1699999999996
15 1074 3110.1699999999996
15 1075 3110.1699999999996
15 1076 3110.1699999999996
15 1077 3110.1699999999996
15 1078 3110.1699999999996
15 1079 3110.1699999999996
15 1080 3110.1699999999996
15 1081 3110.1699999999996
15 1082 3110.1699999999996
15 1083 3110.1699999999996
15 1084 3110.1699999999996
15 1085 3110.1699999999996
15 1086 3110.1699999999996
15 1087 3110.1699999999996
15 1088 3110.1699999999996
15 1089 3110.1699999999996
15 1090 3110.1699999999996
15 1091 3110.1699999999996
15 1092 3110.1699999999996
15 1093 3110.1699999999996
15 1094 3110.1699999999996
15 1095 3110.1699999999996
15 1096 3110.1699999999996
15 1097 3110.1699999999996
15 1098 3110.1699999999996
15 1099 3110.1699999999996
15 1100 3110.1699999999996
15 1101 3110.1699999999996
15 1102 3110.1699999999996
15 1103 3110.1699999999996
15 1104 3110.1699999999996
15 1105 3031.4199999999996
15 1106 3031.4199999999996
15 1107 3031.4199999999996
15 1108 3031.4199999999996
15 1109 3031.4199999999996
15 1110 3031.4199999999996
15 1111 3031.4199999999996
15 1112 3031.4199999999996
15 1113 3031.4199999999996
15 1114 3031.4199999999996
15 1115 3031.4199999999996
15 1116 3031.4199999999996
15 1117 3031.4199999999996
15 1118 3031.4199999999996
16 1119 3031.4199999999996
16 1120 3031.4199999999996
16 1121 3031.4199999999996
16 1122 3031.4199999999996
16 1123 3031.4199999999996
16 1124 3031.4199999999996
16 1125 3031.4199999999996
16 1126 3031.4199999999996
16 1127 3031.4199999999996
16 1128 3031.4199999999996
16 1129 3031.4199999999996
16 1130 3031.4199999999996
16 1131 3031.4199999999996
16 1132 3031.4199999999996
16 1133 3031.4199999999996
16 1134 3031.4199999999996
16 1135 3031.4199999999996
16 1136 3031.4199999999996
16 1137 3031.4199999999996
16 1138 3031.4199999999996
16 1139 3031.4199999999996
16 1140 3031.4199999999996
16 1141 3031.4199999999996
16 1142 3031.4199999999996
16 1143 3031.4199999999996
16 1144 3031.4199999999996
16 1145 3031.4199999999996
16 1146 3031.4199999999996
16 1147 3031.4199999999996
16 1148 3031.4199999999996
16 1149 3031.4199999999996
16 1150 3031.4199999999996
16 1151 3031.4199999999996
16 1152 3031.4199999999996
16 1153 3031.4199999999996
16 1154 3031.4199999999996
16 1155 3031.4199999999996
16 1156 3031.4199999999996
16 1157 3031.4199999999996
16 1158 3031.4199999999996
16 1159 3031.4199999999996
16 1160 3031.4199999999996
16 1161 3030.4199999999996
16 1162 2703.09
16 1163 2703.09
16 1164 2703.09
16 1165 2703.09
16 1166 2703.09
16 1167 2703.09
16 1168 2659.57
16 1169 2659.57
16 1170 2659.57
16 1171 2659.57
16 1172 2659.57
16 1173 2659.57
16 1174 2638.4500000000003
16 1175 2638.4500000000003
16 1176 2638.4500000000003
16 1177 2638.4500000000003
16 1178 2638.4500000000003
16 1179 2638.4500000000003
16 1180 2638.4500000000003
16 1181 2638.4500000000003
16 1182 2638.4500000000003
16 1183 2638.4500000000003
16 1184 2638.4500000000003
16 1185 2628.230000000001
16 1186 2628.230000000001
16 1187 2628.230000000001
16 1188 2628.230000000001
16 1189 2628.230000000001
16 1190 2628.230000000001
16 1191 2628.230000000001
16 1192 2628.230000000001
16 1193 2628.230000000001
16 1194 2628.230000000001
16 1195 2628.230000000001
16 1196 2628.230000000001
16 1197 2628.230000000001
16 1198 2628.230000000001
17 1199 2628.230000000001
17 1200 2628.230000000001
17 1201 2628.230000000001
17 1202 2628.230000000001
17 1203 2628.230000000001
17 1204 2628.230000000001
17 1205 2628.230000000001
17 1206 2628.230000000001
17 1207 2628.230000000001
17 1208 2628.230000000001
17 1209 2628.230000000001
17 1210 2628.230000000001
17 1211 2628.230000000001
17 1212 2628.230000000001
17 1213 2628.230000000001
17 1214 2628.230000000001
17 1215 2628.230000000001
17 1216 2628.230000000001
17 1217 2628.230000000001
17 1218 2628.230000000001
17 1219 2628.230000000001
17 1220 2628.230000000001
17 1221 2625.6600000000008
17 1222 2622.4500000000003
17 1223 2474.61
17 1224 2474.61
17 1225 2474.61
17 1226 2474.61
17 1227 2474.61
17 1228 2474.61
17 1229 2474.61
17 1230 2474.61
17 1231 2474.61
17 1232 2474.61
17 1233 2474.61
17 1234 2474.61
17 1235 2474.61
17 1236 2474.61
17 1237 2474.61
17 1238 2474.61
17 1239 2474.61
17 1240 2474.61
17 1241 2474.61
17 1242 2474.61
17 1243 2474.61
17 1244 2474.61
17 1245 2474.61
17 1246 2474.61
17 1247 2474.61
17 1248 2474.61
17 1249 2474.61
17 1250 2359.4300000000003
17 1251 2359.4300000000003
17 1252 2359.4300000000003
17 1253 2359.4300000000003
17 1254 2354.3000000000006
17 1255 2354.3000000000006
17 1256 2354.3000000000006
17 1257 2354.3000000000006
17 1258 2354.3000000000006
17 1259 2354.3000000000006
17 1260 2354.3000000000006
17 1261 2354.3000000000006
17 1262 2354.3000000000006
17 1263 2354.3000000000006
17 1264 2354.3000000000006
17 1265 2354.3000000000006
17 1266 2354.3000000000006
17 1267 2354.3000000000006
17 1268 2354.3000000000006
17 1269 2354.3000000000006
17 1270 2354.3000000000006
17 1271 2354.3000000000006
17 1272 2354.3000000000006
17 1273 2354.3000000000006
17 1274 2354.3000000000006
17 1275 2354.3000000000006
17 1276 2354.3000000000006
17 1277 2290.3000000000006
17 1278 2290.3000000000006
18 1279 2290.3000000000006
18 1280 2290.3000000000006
18 1281 2290.3000000000006
18 1282 2290.3000000000006
18 1283 2290.3000000000006
18 1284 2290.3000000000006
18 1285 2290.3000000000006
18 1286 2290.3000000000006
18 1287 2290.3000000000006
18 1288 2290.3000000000006
18 1289 2290.3000000000006
18 1290 2290.3000000000006
18 1291 2290.3000000000006
18 1292 2290.3000000000006
18 1293 2290.3000000000006
18 1294 2290.3000000000006
18 1295 2290.3000000000006
18 1296 2290.3000000000006
18 1297 2290.3000000000006
18 1298 2290.3000000000006
18 1299 2290.3000000000006
18 1300 2290.3000000000006
18 1301 2290.3000000000006
18 1302 2290.3000000000006
18 1303 2290.3000000000006
18 1304 2290.3000000000006
18 1305 2290.3000000000006
18 1306 2290.3000000000006
18 1307 2290.3000000000006
18 1308 2290.3000000000006
18 1309 2290.3000000000006
18 1310 2290.3000000000006
18 1311 2290.3000000000006
18 1312 2290.3000000000006
18 1313 2290.3000000000006
18 1314 2290.3000000000006
18 1315 2290.3000000000006
18 1316 2290.3000000000006
18 1317 2290.3000000000006
18 1318 2290.3000000000006
18 1319 2290.3000000000006
18 1320 2277.75
18 1321 2277.75
18 1322 2277.75
18 1323 2277.75
18 1324 2277.75
18 1325 2277.75
18 1326 2277.75
18 1327 2277.75
18 1328 2277.75
18 1329 2273.3000000000006
18 1330 2273.3000000000006
18 1331 2273.3000000000006
18 1332 2273.3000000000006
18 1333 2273.3000000000006
18 1334 2273.3000000000006
18 1335 2094.2400000000002
18 1336 2094.2400000000002
18 1337 2094.2400000000002
18 1338 2094.2400000000002
18 1339 2094.2400000000002
18 1340 2094.2400000000002
18 1341 2094.2400000000002
18 1342 2094.2400000000002
18 1343 2094.2400000000002
18 1344 2094.2400000000002
18 1345 2094.2400000000002
18 1346 2094.2400000000002
18 1347 2094.2400000000002
18 1348 2094.2400000000002
18 1349 2094.2400000000002
18 1350 1574.42
18 1351 1574.42
18 1352 1574.42
18 1353 1574.42
18 1354 1574.42
18 1355 1574.42
18 1356 1574.42
18 1357 1574.42
18 1358 1574.42
18 1359 1574.42
18 1360 1574.42
18 1361 1574.42
18 1362 1574.42
19 1363 1574.42
19 1364 1574.42
19 1365 1574.42
19 1366 1574.42
19 1367 1574.42
19 1368 1574.42
19 1369 1574.42
19 1370 1574.42
19 1371 1574.42
19 1372 1574.42
19 1373 1574.42
19 1374 1574.42
19 1375 1574.42
19 1376 1574.42
19 1377 1574.42
19 1378 1574.42
19 1379 1574.42
19 1380 1574.42
19 1381 1574.42
19 1382 1574.42
19 1383 1574.42
19 1384 1574.42
19 1385 1574.42
19 1386 1574.42
19 1387 1574.42
19 1388 1574.42
19 1389 1574.42
19 1390 1574.42
19 1391 1574.42
19 1392 1574.42
19 1393 1574.42
19 1394 1574.42
19 1395 1574.42
19 1396 1574.42
19 1397 1574.42
19 1398 1574.42
19 1399 1574.42
19 1400 1574.42
19 1401 1574.42
19 1402 1574.42
19 1403 1574.42
19 1404 1570.42
19 1405 1570.42
19 1406 1570.42
19 1407 1570.42
19 1408 1570.42
19 1409 1570.42
19 1410 1570.42
19 1411 1570.42
19 1412 1503.96
19 1413 1503.96
19 1414 1503.96
19 1415 1503.96
19 1416 1503.96
19 1417 1503.96
19 1418 1503.96
19 1419 1503.96
19 1420 1503.96
19 1421 1503.96
19 1422 1503.96
19 1423 1503.96
19 1424 1503.96
19 1425 1503.96
19 1426 1503.96
19 1427 1503.96
19 1428 1503.96
19 1429 1503.96
19 1430 1503.96
19 1431 1503.96
19 1432 1503.96
19 1433 1503.96
19 1434 1503.96
19 1435 1503.96
19 1436 1503.96
19 1437 1503.96
19 1438 1503.96
19 1439 1405.0100000000002
19 1440 1405.0100000000002
19 1441 1405.0100000000002
19 1442 1405.0100000000002
20 1443 1405.0100000000002
20 1444 1405.0100000000002
20 1445 1405.0100000000002
20 1446 1405.0100000000002
20 1447 1405.0100000000002
20 1448 1405.0100000000002
20 1449 1405.0100000000002
20 1450 1405.0100000000002
20 1451 1405.0100000000002
20 1452 1405.0100000000002
20 1453 1405.0100000000002
20 1454 1405.0100000000002
20 1455 1405.0100000000002
20 1456 1405.0100000000002
20 1457 1405.0100000000002
20 1458 1405.0100000000002
20 1459 1405.0100000000002
20 1460 1405.0100000000002
20 1461 1405.0100000000002
20 1462 1405.0100000000002
20 1463 1405.0100000000002
20 1464 1389.0100000000002
20 1465 1389.0100000000002
20 1466 1389.0100000000002
20 1467 1389.0100000000002
20 1468 1389.0100000000002
20 1469 1389.0100000000002
20 1470 1389.0100000000002
20 1471 1389.0100000000002
20 1472 1389.0100000000002
20 1473 1389.0100000000002
20 1474 1389.0100000000002
20 1475 1389.0100000000002
20 1476 1389.0100000000002
20 1477 1389.0100000000002
20 1478 1389.0100000000002
20 1479 1389.0100000000002
20 1480 1389.0100000000002
20 1481 1389.0100000000002
20 1482 1389.0100000000002
20 1483 1389.0100000000002
20 1484 1389.0100000000002
20 1485 1389.0100000000002
20 1486 1389.0100000000002
20 1487 1389.0100000000002
20 1488 1357.0100000000002
20 1489 1357.0100000000002
20 1490 1357.0100000000002
20 1491 1357.0100000000002
20 1492 1357.0100000000002
20 1493 1357.0100000000002
20 1494 1357.0100000000002
20 1495 1357.0100000000002
20 1496 1357.0100000000002
20 1497 1357.0100000000002
20 1498 1357.0100000000002
20 1499 1356.0100000000002
20 1500 1356.0100000000002
20 1501 1356.0100000000002
20 1502 1356.0100000000002
20 1503 1356.0100000000002
20 1504 1356.0100000000002
20 1505 1356.0100000000002
20 1506 1192.17
20 1507 1192.17
20 1508 1192.17
20 1509 1192.17
20 1510 1192.17
20 1511 1192.17
20 1512 1192.17
20 1513 1192.17
20 1514 1192.17
20 1515 1192.17
20 1516 1192.17
20 1517 1192.17
20 1518 1192.17
20 1519 1192.17
20 1520 1192.17
20 1521 1192.17
20 1522 1192.17
21 1523 1192.17
21 1524 1192.17
21 1525 1192.17
21 1526 1192.17
21 1527 1192.17
21 1528 1192.17
21 1529 1192.17
21 1530 1192.17
21 1531 1192.17
21 1532 1192.17
21 1533 1192.17
21 1534 1192.17
21 1535 1192.17
21 1536 1192.17
21 1537 1192.17
21 1538 1192.17
21 1539 1192.17
21 1540 1192.17
21 1541 1192.17
21 1542 1192.17
21 1543 1192.17
21 1544 1192.17
21 1545 1192.17
21 1546 1192.17
21 1547 1192.17
21 1548 1192.17
21 1549 1192.17
21 1550 1192.17
21 1551 1192.17
21 1552 1192.17
21 1553 1028.33
21 1554 1028.33
21 1555 1028.33
21 1556 1028.33
21 1557 1028.33
21 1558 1028.33
21 1559 1028.33
21 1560 1028.33
21 1561 1028.33
21 1562 1028.33
21 1563 1028.33
21 1564 1028.33
21 1565 1028.33
21 1566 1028.33
21 1567 1028.33
21 1568 1028.33
21 1569 1028.33
21 1570 1028.33
21 1571 1028.33
21 1572 1028.33
21 1573 1028.33
21 1574 1028.33
21 1575 1028.33
21 1576 1028.33
21 1577 1024.33
21 1578 1024.33
21 1579 1024.33
21 1580 1024.33
21 1581 1024.33
21 1582 1024.33
21 1583 1024.33
21 1584 1024.33
21 1585 1024.33
21 1586 1024.33
21 1587 1024.33
21 1588 1024.33
21 1589 1024.33
21 1590 1024.33
21 1591 1024.33
21 1592 1024.33
21 1593 1024.33
21 1594 1024.33
21 1595 1024.33
21 1596 1024.33
21 1597 1024.33
21 1598 1024.33
21 1599 1024.33
21 1600 1024.33
21 1601 1024.33
21 1602 1024.33
21 1603 1024.33
21 1604 1024.33
22 1605 1024.33
22 1606 1024.33
22 1607 1024.33
22 1608 1024.33
22 1609 1024.33
22 1610 1024.33
22 1611 1024.33
22 1612 1024.33
22 1613 1024.33
22 1614 1024.33
22 1615 1024.33
22 1616 1024.33
22 1617 1024.33
22 1618 1024.33
22 1619 1024.33
22 1620 1024.33
22 1621 1024.33
22 1622 1024.33
22 1623 1024.33
22 1624 1024.33
22 1625 1024.33
22 1626 1024.33
22 1627 1024.33
22 1628 1024.33
22 1629 1024.33
22 1630 1024.33
22 1631 1024.33
22 1632 1024.33
22 1633 1024.33
22 1634 1024.33
22 1635 1024.33
22 1636 1024.33
22 1637 1024.33
22 1638 1024.33
22 1639 1020.3299999999999
22 1640 1020.3299999999999
22 1641 1020.3299999999999
22 1642 1020.3299999999999
22 1643 1020.3299999999999
22 1644 1020.3299999999999
22 1645 1020.3299999999999
22 1646 1020.3299999999999
22 1647 1020.3299999999999
22 1648 1020.3299999999999
22 1649 1020.3299999999999
22 1650 1020.3299999999999
22 1651 1020.3299999999999
22 1652 1020.3299999999999
22 1653 1020.3299999999999
22 1654 1020.3299999999999
22 1655 1020.3299999999999
22 1656 1020.3299999999999
22 1657 1020.3299999999999
22 1658 1020.3299999999999
22 1659 1020.3299999999999
22 1660 1020.3299999999999
22 1661 1020.3299999999999
22 1662 1020.3299999999999
22 1663 1020.3299999999999
22 1664 1020.3299999999999
22 1665 1020.3299999999999
22 1666 1020.3299999999999
22 1667 1020.3299999999999
22 1668 1020.3299999999999
22 1669 1020.3299999999999
22 1670 1020.3299999999999
22 1671 1020.3299999999999
22 1672 1020.3299999999999
22 1673 1020.3299999999999
22 1674 1020.3299999999999
22 1675 1020.3299999999999
22 1676 1020.3299999999999
22 1677 1020.3299999999999
22 1678 1020.3299999999999
22 1679 1020.3299999999999
22 1680 1020.3299999999999
22 1681 1020.3299999999999
22 1682 1020.3299999999999
22 1683 1020.3299999999999
22 1684 1020.3299999999999
22 1685 1020.3299999999999
22 1686 1020.3299999999999
22 1687 1020.3299999999999
22 1688 1020.3299999999999
22 1689 1020.3299999999999
22 1690 1020.3299999999999
22 1691 1020.3299999999999
22 1692 1020.3299999999999
22 1693 1020.3299999999999
22 1694 1020.3299999999999
22 1695 1020.3299999999999
22 1696 1020.3299999999999
22 1697 1020.3299999999999
23 1698 1020.3299999999999
23 1699 1020.3299999999999
23 1700 1020.3299999999999
23 1701 1020.3299999999999
23 1702 1020.3299999999999
23 1703 1020.3299999999999
23 1704 1020.3299999999999
23 1705 1020.3299999999999
23 1706 1020.3299999999999
23 1707 1020.3299999999999
23 1708 1020.3299999999999
23 1709 1020.3299999999999
23 1710 1020.3299999999999
23 1711 1020.3299999999999
23 1712 1020.3299999999999
23 1713 856.49
23 1714 856.49
23 1715 856.49
23 1716 856.49
23 1717 856.49
23 1718 856.49
23 1719 856.49
23 1720 856.49
23 1721 856.49
23 1722 856.49
23 1723 856.49
23 1724 856.49
23 1725 856.49
23 1726 856.49
23 1727 856.49
23 1728 856.49
23 1729 856.49
23 1730 856.49
23 1731 856.49
23 1732 856.49
23 1733 856.49
23 1734 856.49
23 1735 856.49
23 1736 856.49
23 1737 856.49
23 1738 856.49
23 1739 856.49
23 1740 856.49
23 1741 856.49
23 1742 856.49
23 1743 856.49
23 1744 856.49
23 1745 856.49
23 1746 856.49
23 1747 856.49
23 1748 856.49
23 1749 856.49
23 1750 856.49
23 1751 856.49
23 1752 856.49
23 1753 856.49
23 1754 856.49
23 1755 856.49
23 1756 856.49
23 1757 856.49
23 1758 856.49
23 1759 856.49
23 1760 856.49
23 1761 856.49
23 1762 856.49
23 1763 856.49
23 1764 856.49
23 1765 856.49
23 1766 856.49
23 1767 856.49
23 1768 856.49
23 1769 856.49
23 1770 856.49
23 1771 856.49
23 1772 856.49
23 1773 856.49
23 1774 856.49
23 1775 856.49
23 1776 856.49
23 1777 856.49
23 1778 856.49
23 1779 856.49
23 1780 856.49
23 1781 856.49
24 1782 856.49
24 1783 856.49
24 1784 856.49
24 1785 856.49
24 1786 856.49
24 1787 856.49
24 1788 856.49
24 1789 856.49
24 1790 856.49
24 1791 856.49
24 1792 856.49
24 1793 856.49
24 1794 856.49
24 1795 856.49
24 1796 856.49
24 1797 856.49
24 1798 856.49
24 1799 856.49
24 1800 856.49
24 1801 856.49
24 1802 856.49
24 1803 856.49
24 1804 856.49
24 1805 856.49
24 1806 856.49
24 1807 856.49
24 1808 856.49
24 1809 856.49
24 1810 856.49
24 1811 856.49
24 1812 856.49
24 1813 856.49
24 1814 856.49
24 1815 856.49
24 1816 856.49
24 1817 856.49
24 1818 856.49
24 1819 856.49
24 1820 856.49
24 1821 856.49
24 1822 856.49
24 1823 856.49
24 1824 856.49
24 1825 856.49
24 1826 856.49
24 1827 856.49
24 1828 856.49
24 1829 856.49
24 1830 856.49
24 1831 856.49
24 1832 856.49
24 1833 856.49
24 1834 856.49
24 1835 856.49
24 1836 856.49
24 1837 856.49
24 1838 856.49
24 1839 856.49
24 1840 856.49
24 1841 856.49
24 1842 856.49
24 1843 856.49
24 1844 856.49
24 1845 856.49
24 1846 856.49
24 1847 856.49
24 1848 856.49
24 1849 856.49
24 1850 856.49
24 1851 856.49
24 1852 856.49
24 1853 856.49
24 1854 856.49
24 1855 856.49
24 1856 856.49
24 1857 856.49
24 1858 856.49
24 1859 856.49
24 1860 856.49
24 1861 856.49
24 1862 856.49
24 1863 856.49
24 1864 856.49
25 1865 856.49
25 1866 856.49
25 1867 856.49
25 1868 856.49
25 1869 856.49
25 1870 856.49
25 1871 856.49
25 1872 856.49
25 1873 856.49
25 1874 856.49
25 1875 856.49
25 1876 856.49
25 1877 856.49
25 1878 856.49
25 1879 856.49
25 1880 856.49
25 1881 856.49
25 1882 856.49
25 1883 856.49
25 1884 856.49
25 1885 856.49
25 1886 856.49
25 1887 856.49
25 1888 856.49
25 1889 856.49
25 1890 856.49
25 1891 856.49
25 1892 856.49
25 1893 856.49
25 1894 856.49
25 1895 856.49
25 1896 856.49
25 1897 856.49
25 1898 856.49
25 1899 856.49
25 1900 856.49
25 1901 856.49
25 1902 856.49
25 1903 856.49
25 1904 856.49
25 1905 825.32
25 1906 825.32
25 1907 825.32
25 1908 825.32
25 1909 825.32
25 1910 825.32
25 1911 825.32
25 1912 825.32
25 1913 792.4899999999999
25 1914 792.4899999999999
25 1915 792.4899999999999
25 1916 792.4899999999999
25 1917 792.4899999999999
25 1918 792.4899999999999
25 1919 792.4899999999999
25 1920 792.4899999999999
25 1921 792.4899999999999
25 1922 792.4899999999999
25 1923 792.4899999999999
25 1924 792.4899999999999
25 1925 792.4899999999999
25 1926 792.4899999999999
25 1927 718.0
25 1928 718.0
25 1929 718.0
25 1930 718.0
25 1931 718.0
25 1932 718.0
25 1933 718.0
25 1934 718.0
25 1935 718.0
25 1936 718.0
25 1937 712.2
25 1938 712.2
25 1939 712.2
25 1940 712.2
25 1941 712.2
25 1942 712.2
25 1943 712.2
25 1944 712.2
25 1945 712.2
25 1946 712.2
26 1947 712.2
26 1948 712.2
26 1949 712.2
26 1950 712.2
26 1951 712.2
26 1952 712.2
26 1953 712.2
26 1954 712.2
26 1955 712.2
26 1956 712.2
26 1957 712.2
26 1958 712.2
26 1959 712.2
26 1960 712.2
26 1961 712.2
26 1962 712.2
26 1963 712.2
26 1964 712.2
26 1965 712.2
26 1966 712.2
26 1967 712.2
26 1968 712.2
26 1969 712.2
26 1970 712.2
26 1971 712.2
26 1972 712.2
26 1973 712.2
26 1974 712.2
26 1975 712.2
26 1976 712.2
26 1977 624.65
26 1978 624.65
26 1979 624.65
26 1980 624.65
26 1981 624.65
26 1982 624.65
26 1983 624.65
26 1984 624.65
26 1985 624.65
26 1986 624.65
26 1987 624.65
26 1988 624.65
26 1989 624.65
26 1990 624.65
26 1991 624.65
26 1992 624.65
26 1993 624.65
26 1994 624.65
26 1995 624.65
26 1996 624.65
26 1997 624.65
26 1998 624.65
26 1999 624.65
26 2000 624.65
26 2001 624.65
26 2002 624.65
26 2003 624.65
26 2004 624.65
26 2005 624.65
26 2006 624.65
26 2007 624.65
26 2008 624.65
26 2009 624.65
26 2010 624.65
26 2011 624.65
26 2012 624.65
26 2013 624.65
26 2014 624.65
26 2015 624.65
26 2016 624.65
26 2017 624.65
26 2018 624.65
26 2019 624.65
26 2020 624.65
26 2021 624.65
26 2022 624.65
26 2023 624.65
26 2024 624.65
26 2025 624.65
26 2026 624.65
26 2027 624.65
26 2028 624.65
26 2029 624.65
26 2030 624.65
26 2031 624.65
26 2032 624.65
27 2033 624.65
27 2034 624.65
27 2035 624.65
27 2036 624.65
27 2037 624.65
27 2038 624.65
27 2039 624.65
27 2040 624.65
27 2041 624.65
27 2042 624.65
27 2043 624.65
27 2044 624.65
27 2045 624.65
27 2046 624.65
27 2047 624.65
27 2048 624.65
27 2049 624.65
27 2050 624.65
27 2051 624.65
27 2052 624.65
27 2053 624.65
27 2054 624.65
27 2055 624.65
27 2056 624.65
27 2057 624.65
27 2058 624.65
27 2059 624.65
27 2060 624.65
27 2061 624.65
27 2062 624.65
27 2063 624.65
27 2064 624.65
27 2065 624.65
27 2066 624.65
27 2067 624.65
27 2068 624.65
27 2069 624.65
27 2070 624.65
27 2071 624.65
27 2072 624.65
27 2073 624.65
27 2074 624.65
27 2075 624.65
27 2076 624.65
27 2077 624.65
27 2078 624.65
27 2079 624.65
27 2080 476.84000000000003
27 2081 476.84000000000003
27 2082 476.84000000000003
27 2083 476.84000000000003
27 2084 476.84000000000003
27 2085 476.84000000000003
27 2086 476.84000000000003
27 2087 476.84000000000003
27 2088 476.84000000000003
27 2089 476.84000000000003
27 2090 476.84000000000003
27 2091 476.84000000000003
27 2092 476.84000000000003
27 2093 476.84000000000003
27 2094 476.84000000000003
27 2095 476.84000000000003
27 2096 476.84000000000003
27 2097 476.84000000000003
27 2098 476.84000000000003
27 2099 476.84000000000003
27 2100 476.84000000000003
27 2101 476.84000000000003
27 2102 476.84000000000003
27 2103 476.84000000000003
27 2104 476.84000000000003
27 2105 476.84000000000003
27 2106 476.84000000000003
27 2107 476.84000000000003
27 2108 476.84000000000003
27 2109 476.84000000000003
27 2110 476.84000000000003
27 2111 476.84000000000003
27 2112 476.84000000000003
27 2113 476.84000000000003
27 2114 476.84000000000003
27 2115 476.84000000000003
27 2116 476.84000000000003
27 2117 476.84000000000003
27 2118 476.84000000000003
27 2119 476.84000000000003
27 2120 476.84000000000003
27 2121 476.84000000000003
27 2122 476.84000000000003
27 2123 476.84000000000003
28 2124 476.84000000000003
28 2125 476.84000000000003
28 2126 472.84000000000003
28 2127 472.84000000000003
28 2128 472.84000000000003
28 2129 472.84000000000003
28 2130 472.84000000000003
28 2131 472.84000000000003
28 2132 472.84000000000003
28 2133 472.84000000000003
28 2134 472.84000000000003
28 2135 472.84000000000003
28 2136 472.84000000000003
28 2137 472.84000000000003
28 2138 472.84000000000003
28 2139 472.84000000000003
28 2140 472.84000000000003
28 2141 472.84000000000003
28 2142 472.84000000000003
28 2143 472.84000000000003
28 2144 472.84000000000003
28 2145 472.84000000000003
28 2146 472.84000000000003
28 2147 472.84000000000003
28 2148 472.84000000000003
28 2149 472.84000000000003
28 2150 472.84000000000003
28 2151 472.84000000000003
28 2152 472.84000000000003
28 2153 472.84000000000003
28 2154 472.84000000000003
28 2155 472.84000000000003
28 2156 472.84000000000003
28 2157 472.84000000000003
28 2158 472.84000000000003
28 2159 472.84000000000003
28 2160 472.84000000000003
28 2161 472.84000000000003
28 2162 472.84000000000003
28 2163 472.84000000000003
28 2164 472.84000000000003
28 2165 472.84000000000003
28 2166 472.84000000000003
28 2167 472.84000000000003
28 2168 472.84000000000003
28 2169 472.84000000000003
28 2170 472.84000000000003
28 2171 472.84000000000003
28 2172 472.84000000000003
28 2173 472.84000000000003
28 2174 472.84000000000003
28 2175 472.84000000000003
28 2176 472.84000000000003
28 2177 472.84000000000003
28 2178 472.84000000000003
28 2179 472.84000000000003
28 2180 472.84000000000003
28 2181 472.84000000000003
28 2182 472.84000000000003
28 2183 472.84000000000003
28 2184 472.84000000000003
28 2185 472.84000000000003
28 2186 472.84000000000003
28 2187 472.84000000000003
28 2188 472.84000000000003
28 2189 472.84000000000003
28 2190 472.84000000000003
28 2191 472.84000000000003
28 2192 472.84000000000003
28 2193 472.84000000000003
28 2194 472.84000000000003
28 2195 472.84000000000003
28 2196 472.84000000000003
28 2197 472.84000000000003
28 2198 472.84000000000003
28 2199 472.84000000000003
28 2200 472.84000000000003
28 2201 472.84000000000003
28 2202 472.84000000000003
28 2203 472.84000000000003
28 2204 472.84000000000003
28 2205 472.84000000000003
28 2206 472.84000000000003
28 2207 472.84000000000003
28 2208 472.84000000000003
28 2209 472.84000000000003
29 2210 472.84000000000003
29 2211 472.84000000000003
29 2212 472.84000000000003
29 2213 472.84000000000003
29 2214 472.84000000000003
29 2215 472.84000000000003
29 2216 472.84000000000003
29 2217 472.84000000000003
29 2218 472.84000000000003
29 2219 472.84000000000003
29 2220 472.84000000000003
29 2221 472.84000000000003
29 2222 472.84000000000003
29 2223 472.84000000000003
29 2224 472.84000000000003
29 2225 472.84000000000003
29 2226 472.84000000000003
29 2227 472.84000000000003
29 2228 472.84000000000003
29 2229 472.84000000000003
29 2230 472.84000000000003
29 2231 472.84000000000003
29 2232 472.84000000000003
29 2233 472.84000000000003
29 2234 472.84000000000003
29 2235 472.84000000000003
29 2236 472.84000000000003
29 2237 472.84000000000003
29 2238 472.84000000000003
29 2239 472.84000000000003
29 2240 472.84000000000003
29 2241 471.84000000000003
29 2242 471.84000000000003
29 2243 471.84000000000003
29 2244 471.84000000000003
29 2245 471.84000000000003
29 2246 471.84000000000003
29 2247 471.84000000000003
29 2248 471.84000000000003
29 2249 471.84000000000003
29 2250 471.84000000000003
29 2251 471.84000000000003
29 2252 471.84000000000003
29 2253 471.84000000000003
29 2254 471.84000000000003
29 2255 471.84000000000003
29 2256 471.84000000000003
29 2257 471.84000000000003
29 2258 471.84000000000003
29 2259 471.84000000000003
29 2260 471.84000000000003
29 2261 471.84000000000003
29 2262 471.84000000000003
29 2263 471.84000000000003
29 2264 471.84000000000003
29 2265 471.84000000000003
29 2266 471.84000000000003
29 2267 471.84000000000003
29 2268 471.84000000000003
29 2269 471.84000000000003
29 2270 471.84000000000003
29 2271 471.84000000000003
29 2272 471.84000000000003
29 2273 471.84000000000003
29 2274 471.84000000000003
29 2275 471.84000000000003
29 2276 471.84000000000003
29 2277 471.84000000000003
29 2278 471.84000000000003
29 2279 471.84000000000003
29 2280 471.84000000000003
29 2281 471.84000000000003
29 2282 471.84000000000003
29 2283 471.84000000000003
29 2284 471.84000000000003
29 2285 471.84000000000003
30 2286 471.84000000000003
30 2287 471.84000000000003
30 2288 471.84000000000003
30 2289 471.84000000000003
30 2290 471.84000000000003
30 2291 471.84000000000003
30 2292 471.84000000000003
30 2293 471.84000000000003
30 2294 471.84000000000003
30 2295 471.84000000000003
30 2296 471.84000000000003
30 2297 471.84000000000003
30 2298 471.84000000000003
30 2299 471.84000000000003
30 2300 471.84000000000003
30 2301 471.84000000000003
30 2302 471.84000000000003
30 2303 471.84000000000003
30 2304 471.84000000000003
30 2305 471.84000000000003
30 2306 471.84000000000003
30 2307 471.84000000000003
30 2308 471.84000000000003
30 2309 471.84000000000003
30 2310 471.84000000000003
30 2311 471.84000000000003
30 2312 471.84000000000003
30 2313 471.84000000000003
30 2314 471.84000000000003
30 2315 471.84000000000003
30 2316 471.84000000000003
30 2317 471.84000000000003
30 2318 471.84000000000003
30 2319 471.84000000000003
30 2320 471.84000000000003
30 2321 471.84000000000003
30 2322 471.84000000000003
30 2323 471.84000000000003
30 2324 471.84000000000003
30 2325 471.84000000000003
30 2326 471.84000000000003
30 2327 471.84000000000003
30 2328 471.84000000000003
30 2329 471.84000000000003
30 2330 471.84000000000003
30 2331 471.84000000000003
30 2332 471.84000000000003
30 2333 471.84000000000003
30 2334 471.84000000000003
30 2335 471.84000000000003
30 2336 471.84000000000003
30 2337 471.84000000000003
30 2338 471.84000000000003
30 2339 471.84000000000003
30 2340 471.84000000000003
30 2341 308.0
30 2342 308.0
30 2343 308.0
30 2344 308.0
30 2345 308.0
30 2346 308.0
30 2347 308.0
30 2348 308.0
30 2349 308.0
30 2350 308.0
30 2351 308.0
30 2352 308.0
30 2353 308.0
30 2354 308.0
30 2355 308.0
30 2356 308.0
30 2357 308.0
30 2358 308.0
30 2359 308.0
30 2360 308.0
30 2361 308.0
30 2362 308.0
30 2363 308.0
30 2364 308.0
30 2365 308.0
30 2366 308.0
30 2367 308.0
30 2368 308.0
30 2369 308.0
30 2370 308.0
31 2371 308.0
31 2372 308.0
31 2373 308.0
31 2374 308.0
31 2375 308.0
31 2376 308.0
31 2377 308.0
31 2378 308.0
31 2379 308.0
31 2380 308.0
31 2381 308.0
31 2382 308.0
31 2383 308.0
31 2384 308.0
31 2385 308.0
31 2386 308.0
31 2387 308.0
31 2388 308.0
31 2389 308.0
31 2390 308.0
31 2391 308.0
31 2392 308.0
31 2393 308.0
31 2394 308.0
31 2395 308.0
31 2396 308.0
31 2397 307.0
31 2398 307.0
31 2399 307.0
31 2400 307.0
31 2401 307.0
31 2402 307.0
31 2403 307.0
31 2404 307.0
31 2405 307.0
31 2406 307.0
31 2407 307.0
31 2408 307.0
31 2409 307.0
31 2410 307.0
31 2411 307.0
31 2412 307.0
31 2413 307.0
31 2414 307.0
31 2415 307.0
31 2416 307.0
31 2417 307.0
31 2418 307.0
31 2419 307.0
31 2420 307.0
31 2421 307.0
31 2422 307.0
31 2423 307.0
31 2424 307.0
31 2425 307.0
31 2426 307.0
31 2427 307.0
31 2428 307.0
31 2429 307.0
31 2430 307.0
31 2431 307.0
31 2432 307.0
31 2433 307.0
31 2434 307.0
31 2435 307.0
31 2436 307.0
31 2437 307.0
31 2438 307.0
31 2439 307.0
31 2440 307.0
31 2441 307.0
31 2442 307.0
31 2443 307.0
31 2444 307.0
31 2445 307.0
31 2446 307.0
31 2447 307.0
31 2448 307.0
31 2449 307.0
31 2450 307.0
32 2451 307.0
32 2452 307.0
32 2453 307.0
32 2454 307.0
32 2455 307.0
32 2456 307.0
32 2457 307.0
32 2458 307.0
32 2459 307.0
32 2460 307.0
32 2461 307.0
32 2462 307.0
32 2463 307.0
32 2464 307.0
32 2465 307.0
32 2466 307.0
32 2467 307.0
32 2468 307.0
32 2469 307.0
32 2470 307.0
32 2471 307.0
32 2472 307.0
32 2473 307.0
32 2474 307.0
32 2475 307.0
32 2476 307.0
32 2477 307.0
32 2478 307.0
32 2479 307.0
32 2480 307.0
32 2481 307.0
32 2482 307.0
32 2483 307.0
32 2484 307.0
32 2485 307.0
32 2486 307.0
32 2487 307.0
32 2488 307.0
32 2489 307.0
32 2490 307.0
32 2491 307.0
32 2492 307.0
32 2493 307.0
32 2494 307.0
32 2495 307.0
32 2496 307.0
32 2497 307.0
32 2498 307.0
32 2499 307.0
32 2500 307.0
32 2501 307.0
32 2502 307.0
32 2503 307.0
32 2504 307.0
32 2505 307.0
32 2506 307.0
32 2507 307.0
32 2508 307.0
32 2509 307.0
32 2510 307.0
32 2511 307.0
32 2512 307.0
32 2513 307.0
32 2514 307.0
32 2515 307.0
32 2516 307.0
32 2517 307.0
32 2518 307.0
32 2519 307.0
32 2520 307.0
32 2521 307.0
32 2522 307.0
32 2523 307.0
32 2524 307.0
32 2525 307.0
32 2526 307.0
32 2527 307.0
32 2528 307.0
32 2529 307.0
32 2530 307.0
32 2531 307.0
32 2532 307.0
33 2533 307.0
33 2534 307.0
33 2535 307.0
33 2536 307.0
33 2537 307.0
33 2538 307.0
33 2539 307.0
33 2540 307.0
33 2541 307.0
33 2542 307.0
33 2543 307.0
33 2544 307.0
33 2545 307.0
33 2546 307.0
33 2547 307.0
33 2548 307.0
33 2549 307.0
33 2550 307.0
33 2551 307.0
33 2552 307.0
33 2553 307.0
33 2554 307.0
33 2555 307.0
33 2556 307.0
33 2557 307.0
33 2558 307.0
33 2559 307.0
33 2560 307.0
33 2561 307.0
33 2562 307.0
33 2563 307.0
33 2564 307.0
33 2565 307.0
33 2566 307.0
33 2567 307.0
33 2568 307.0
33 2569 307.0
33 2570 307.0
33 2571 307.0
33 2572 307.0
33 2573 307.0
33 2574 307.0
33 2575 307.0
33 2576 307.0
33 2577 307.0
33 2578 307.0
33 2579 307.0
33 2580 307.0
33 2581 307.0
33 2582 307.0
33 2583 307.0
33 2584 307.0
33 2585 307.0
33 2586 307.0
33 2587 307.0
33 2588 307.0
33 2589 307.0
33 2590 307.0
33 2591 307.0
33 2592 307.0
33 2593 307.0
33 2594 307.0
33 2595 307.0
33 2596 307.0
33 2597 307.0
33 2598 307.0
33 2599 307.0
33 2600 307.0
33 2601 307.0
33 2602 307.0
33 2603 307.0
33 2604 307.0
33 2605 307.0
33 2606 307.0
33 2607 307.0
33 2608 307.0
33 2609 307.0
33 2610 307.0
33 2611 307.0
33 2612 307.0
33 2613 307.0
33 2614 307.0
33 2615 307.0
33 2616 307.0
34 2617 307.0
34 2618 307.0
34 2619 307.0
34 2620 307.0
34 2621 307.0
34 2622 307.0
34 2623 307.0
34 2624 307.0
34 2625 307.0
34 2626 307.0
34 2627 307.0
34 2628 307.0
34 2629 307.0
34 2630 307.0
34 2631 307.0
34 2632 307.0
34 2633 307.0
34 2634 307.0
34 2635 307.0
34 2636 307.0
34 2637 307.0
34 2638 307.0
34 2639 307.0
34 2640 307.0
34 2641 307.0
34 2642 307.0
34 2643 307.0
34 2644 282.48
34 2645 282.48
34 2646 282.48
34 2647 282.48
34 2648 282.48
34 2649 282.48
34 2650 282.48
34 2651 282.48
34 2652 282.48
34 2653 282.48
34 2654 282.48
34 2655 282.48
34 2656 282.48
34 2657 282.48
34 2658 282.48
34 2659 282.48
34 2660 282.48
34 2661 282.48
34 2662 282.48
34 2663 282.48
34 2664 282.48
34 2665 282.48
34 2666 282.48
34 2667 282.48
34 2668 282.48
34 2669 282.48
34 2670 282.48
34 2671 282.48
34 2672 282.48
34 2673 282.48
34 2674 282.48
34 2675 282.48
34 2676 282.48
34 2677 282.48
34 2678 282.48
34 2679 282.48
34 2680 282.48
34 2681 282.48
34 2682 282.48
34 2683 282.48
34 2684 282.48
34 2685 282.48
34 2686 282.48
34 2687 282.48
34 2688 282.48
34 2689 282.48
34 2690 118.64000000000001
34 2691 118.64000000000001
34 2692 118.64000000000001
34 2693 118.64000000000001
34 2694 118.64000000000001
34 2695 118.64000000000001
34 2696 118.64000000000001
34 2697 118.64000000000001
34 2698 118.64000000000001
34 2699 118.64000000000001
34 2700 118.64000000000001
34 2701 118.64000000000001
34 2702 118.64000000000001
34 2703 118.64000000000001
35 2704 118.64000000000001
35 2705 118.64000000000001
35 2706 118.64000000000001
35 2707 118.64000000000001
35 2708 118.64000000000001
35 2709 118.64000000000001
35 2710 118.64000000000001
35 2711 118.64000000000001
35 2712 118.64000000000001
35 2713 118.64000000000001
35 2714 118.64000000000001
35 2715 118.64000000000001
35 2716 118.64000000000001
35 2717 118.64000000000001
35 2718 118.64000000000001
35 2719 118.64000000000001
35 2720 118.64000000000001
35 2721 118.64000000000001
35 2722 118.64000000000001
35 2723 118.64000000000001
35 2724 118.64000000000001
35 2725 118.64000000000001
35 2726 118.64000000000001
35 2727 118.64000000000001
35 2728 118.64000000000001
35 2729 118.64000000000001
35 2730 118.64000000000001
35 2731 118.64000000000001
35 2732 118.64000000000001
35 2733 118.64000000000001
35 2734 118.64000000000001
35 2735 118.64000000000001
35 2736 118.64000000000001
35 2737 118.64000000000001
35 2738 118.64000000000001
35 2739 118.64000000000001
35 2740 118.64000000000001
35 2741 118.64000000000001
35 2742 118.64000000000001
35 2743 118.64000000000001
35 2744 118.64000000000001
35 2745 118.64000000000001
35 2746 118.64000000000001
35 2747 118.64000000000001
35 2748 118.64000000000001
35 2749 118.64000000000001
35 2750 118.64000000000001
35 2751 118.64000000000001
35 2752 118.64000000000001
35 2753 118.64000000000001
35 2754 118.64000000000001
35 2755 118.64000000000001
35 2756 118.64000000000001
35 2757 118.64000000000001
35 2758 118.64000000000001
35 2759 118.64000000000001
35 2760 118.64000000000001
35 2761 118.64000000000001
35 2762 118.64000000000001
35 2763 118.64000000000001
35 2764 118.64000000000001
35 2765 118.64000000000001
35 2766 118.64000000000001
35 2767 118.64000000000001
35 2768 118.64000000000001
35 2769 118.64000000000001
35 2770 118.64000000000001
35 2771 118.64000000000001
35 2772 118.64000000000001
35 2773 118.64000000000001
35 2774 118.64000000000001
35 2775 118.64000000000001
35 2776 118.64000000000001
35 2777 118.64000000000001
35 2778 118.64000000000001
35 2779 118.64000000000001
35 2780 118.64000000000001
35 2781 118.64000000000001
35 2782 118.64000000000001
36 2783 118.64000000000001
36 2784 118.64000000000001
36 2785 118.64000000000001
36 2786 118.64000000000001
36 2787 118.64000000000001
36 2788 118.64000000000001
36 2789 118.64000000000001
36 2790 118.64000000000001
36 2791 118.64000000000001
36 2792 118.64000000000001
36 2793 118.64000000000001
36 2794 118.64000000000001
36 2795 118.64000000000001
36 2796 118.64000000000001
36 2797 118.64000000000001
36 2798 118.64000000000001
36 2799 118.64000000000001
36 2800 118.64000000000001
36 2801 118.64000000000001
36 2802 118.64000000000001
36 2803 118.64000000000001
36 2804 118.64000000000001
36 2805 118.64000000000001
36 2806 118.64000000000001
36 2807 118.64000000000001
36 2808 118.64000000000001
36 2809 118.64000000000001
36 2810 118.64000000000001
36 2811 118.64000000000001
36 2812 118.64000000000001
36 2813 118.64000000000001
36 2814 118.64000000000001
36 2815 118.64000000000001
36 2816 118.64000000000001
36 2817 118.64000000000001
36 2818 118.64000000000001
36 2819 118.64000000000001
36 2820 118.64000000000001
36 2821 118.64000000000001
36 2822 118.64000000000001
36 2823 118.64000000000001
36 2824 118.64000000000001
36 2825 118.64000000000001
36 2826 118.64000000000001
36 2827 118.64000000000001
36 2828 118.64000000000001
36 2829 118.64000000000001
36 2830 118.64000000000001
36 2831 118.64000000000001
36 2832 118.64000000000001
36 2833 118.64000000000001
36 2834 118.64000000000001
36 2835 118.64000000000001
36 2836 118.64000000000001
36 2837 118.64000000000001
36 2838 118.64000000000001
36 2839 118.64000000000001
36 2840 118.64000000000001
36 2841 118.64000000000001
36 2842 118.64000000000001
36 2843 118.64000000000001
36 2844 118.64000000000001
36 2845 118.64000000000001
36 2846 118.64000000000001
36 2847 118.64000000000001
36 2848 118.64000000000001
36 2849 118.64000000000001
36 2850 118.64000000000001
36 2851 118.64000000000001
36 2852 118.64000000000001
36 2853 118.64000000000001
36 2854 118.64000000000001
36 2855 118.64000000000001
36 2856 118.64000000000001
36 2857 118.64000000000001
36 2858 118.64000000000001
36 2859 118.64000000000001
36 2860 118.64000000000001
36 2861 118.64000000000001
36 2862 118.64000000000001
36 2863 118.64000000000001
36 2864 118.64000000000001
36 2865 118.64000000000001
36 2866 118.64000000000001
36 2867 118.64000000000001
37 2868 118.64000000000001
37 2869 118.64000000000001
37 2870 118.64000000000001
37 2871 118.64000000000001
37 2872 118.64000000000001
37 2873 118.64000000000001
37 2874 118.64000000000001
37 2875 118.64000000000001
37 2876 118.64000000000001
37 2877 118.64000000000001
37 2878 118.64000000000001
37 2879 118.64000000000001
37 2880 118.64000000000001
37 2881 118.64000000000001
37 2882 118.64000000000001
37 2883 118.64000000000001
37 2884 118.64000000000001
37 2885 118.64000000000001
37 2886 118.64000000000001
37 2887 118.64000000000001
37 2888 118.64000000000001
37 2889 118.64000000000001
37 2890 118.64000000000001
37 2891 118.64000000000001
37 2892 118.64000000000001
37 2893 118.64000000000001
37 2894 118.64000000000001
37 2895 118.64000000000001
37 2896 118.64000000000001
37 2897 118.64000000000001
37 2898 118.64000000000001
37 2899 118.64000000000001
37 2900 118.64000000000001
37 2901 118.64000000000001
37 2902 118.64000000000001
37 2903 118.64000000000001
37 2904 118.64000000000001
37 2905 118.64000000000001
37 2906 118.64000000000001
37 2907 118.64000000000001
37 2908 117.64000000000001
37 2909 117.64000000000001
37 2910 117.64000000000001
37 2911 117.64000000000001
37 2912 117.64000000000001
37 2913 117.64000000000001
37 2914 117.64000000000001
37 2915 117.64000000000001
37 2916 117.64000000000001
37 2917 117.64000000000001
37 2918 117.64000000000001
37 2919 117.64000000000001
37 2920 117.64000000000001
37 2921 117.64000000000001
37 2922 117.64000000000001
37 2923 117.64000000000001
37 2924 117.64000000000001
37 2925 117.64000000000001
37 2926 117.64000000000001
37 2927 117.64000000000001
37 2928 117.64000000000001
37 2929 117.64000000000001
37 2930 117.64000000000001
37 2931 117.64000000000001
37 2932 117.64000000000001
37 2933 117.64000000000001
37 2934 117.64000000000001
37 2935 117.64000000000001
37 2936 117.64000000000001
37 2937 117.64000000000001
37 2938 117.64000000000001
37 2939 117.64000000000001
37 2940 117.64000000000001
37 2941 117.64000000000001
37 2942 117.64000000000001
37 2943 117.64000000000001
37 2944 117.64000000000001
37 2945 117.64000000000001
37 2946 117.64000000000001
37 2947 117.64000000000001
37 2948 117.64000000000001
37 2949 117.64000000000001
37 2950 117.64000000000001
37 2951 117.64000000000001
37 2952 117.64000000000001
37 2953 117.64000000000001
37 2954 117.64000000000001
38 2955 117.64000000000001
38 2956 117.64000000000001
38 2957 117.64000000000001
38 2958 117.64000000000001
38 2959 117.64000000000001
38 2960 117.64000000000001
38 2961 117.64000000000001
38 2962 117.64000000000001
38 2963 117.64000000000001
38 2964 117.64000000000001
38 2965 117.64000000000001
38 2966 117.64000000000001
38 2967 117.64000000000001
38 2968 117.64000000000001
38 2969 117.64000000000001
38 2970 117.64000000000001
38 2971 117.64000000000001
38 2972 117.64000000000001
38 2973 117.64000000000001
38 2974 117.64000000000001
38 2975 117.64000000000001
38 2976 117.64000000000001
38 2977 117.64000000000001
38 2978 117.64000000000001
38 2979 117.64000000000001
38 2980 117.64000000000001
38 2981 117.64000000000001
38 2982 117.64000000000001
38 2983 117.64000000000001
38 2984 117.64000000000001
38 2985 117.64000000000001
38 2986 117.64000000000001
38 2987 117.64000000000001
38 2988 117.64000000000001
38 2989 117.64000000000001
38 2990 117.64000000000001
38 2991 117.64000000000001
38 2992 117.64000000000001
38 2993 117.64000000000001
38 2994 117.64000000000001
38 2995 117.64000000000001
38 2996 117.64000000000001
38 2997 117.64000000000001
38 2998 117.64000000000001
38 2999 117.64000000000001
38 3000 117.64000000000001
38 3001 117.64000000000001
38 3002 117.64000000000001
38 3003 117.64000000000001
38 3004 117.64000000000001
38 3005 117.64000000000001
38 3006 117.64000000000001
38 3007 117.64000000000001
38 3008 117.64000000000001
38 3009 117.64000000000001
38 3010 117.64000000000001
38 3011 117.64000000000001
38 3012 117.64000000000001
38 3013 117.64000000000001
38 3014 117.64000000000001
38 3015 117.64000000000001
38 3016 117.64000000000001
38 3017 117.64000000000001
38 3018 117.64000000000001
38 3019 117.64000000000001
38 3020 117.64000000000001
38 3021 117.64000000000001
38 3022 117.64000000000001
38 3023 117.64000000000001
38 3024 117.64000000000001
38 3025 117.64000000000001
38 3026 117.64000000000001
38 3027 117.64000000000001
38 3028 117.64000000000001
38 3029 117.64000000000001
38 3030 117.64000000000001
38 3031 117.64000000000001
38 3032 117.64000000000001
38 3033 117.64000000000001
38 3034 117.64000000000001
38 3035 117.64000000000001
38 3036 117.64000000000001
38 3037 117.64000000000001
38 3038 117.64000000000001
38 3039 117.64000000000001
39 3040 117.64000000000001
39 3041 117.64000000000001
39 3042 117.64000000000001
39 3043 117.64000000000001
39 3044 117.64000000000001
39 3045 117.64000000000001
39 3046 117.64000000000001
39 3047 117.64000000000001
39 3048 117.64000000000001
39 3049 117.64000000000001
39 3050 117.64000000000001
39 3051 117.64000000000001
39 3052 117.64000000000001
39 3053 117.64000000000001
39 3054 117.64000000000001
39 3055 117.64000000000001
39 3056 117.64000000000001
39 3057 117.64000000000001
39 3058 117.64000000000001
39 3059 117.64000000000001
39 3060 117.64000000000001
39 3061 117.64000000000001
39 3062 117.64000000000001
39 3063 117.64000000000001
39 3064 117.64000000000001
39 3065 117.64000000000001
39 3066 117.64000000000001
39 3067 117.64000000000001
39 3068 117.64000000000001
39 3069 117.64000000000001
39 3070 117.64000000000001
39 3071 117.64000000000001
39 3072 117.64000000000001
39 3073 117.64000000000001
39 3074 117.64000000000001
39 3075 117.64000000000001
39 3076 117.64000000000001
39 3077 117.64000000000001
39 3078 117.64000000000001
39 3079 117.64000000000001
39 3080 117.64000000000001
39 3081 117.64000000000001
39 3082 117.64000000000001
39 3083 117.64000000000001
39 3084 117.64000000000001
39 3085 117.64000000000001
39 3086 117.64000000000001
39 3087 117.64000000000001
39 3088 117.64000000000001
39 3089 117.64000000000001
39 3090 117.64000000000001
39 3091 117.64000000000001
39 3092 117.64000000000001
39 3093 117.64000000000001
39 3094 117.64000000000001
39 3095 117.64000000000001
39 3096 117.64000000000001
39 3097 117.64000000000001
39 3098 117.64000000000001
39 3099 117.64000000000001
39 3100 117.64000000000001
39 3101 117.64000000000001
39 3102 117.64000000000001
39 3103 117.64000000000001
39 3104 117.64000000000001
39 3105 117.64000000000001
39 3106 117.64000000000001
39 3107 117.64000000000001
39 3108 117.64000000000001
39 3109 117.64000000000001
39 3110 117.64000000000001
39 3111 117.64000000000001
39 3112 117.64000000000001
39 3113 117.64000000000001
39 3114 117.64000000000001
39 3115 117.64000000000001
39 3116 117.64000000000001
39 3117 117.64000000000001
39 3118 117.64000000000001
39 3119 117.64000000000001
39 3120 117.64000000000001
39 3121 117.64000000000001
39 3122 117.64000000000001
39 3123 117.64000000000001
39 3124 117.64000000000001
39 3125 117.64000000000001
39 3126 117.64000000000001
39 3127 117.64000000000001
39 3128 117.64000000000001
40 3129 117.64000000000001
40 3130 117.64000000000001
40 3131 117.64000000000001
40 3132 117.64000000000001
40 3133 117.64000000000001
40 3134 117.64000000000001
40 3135 117.64000000000001
40 3136 117.64000000000001
40 3137 117.64000000000001
40 3138 117.64000000000001
40 3139 117.64000000000001
40 3140 117.64000000000001
40 3141 117.64000000000001
40 3142 117.64000000000001
40 3143 117.64000000000001
40 3144 117.64000000000001
40 3145 117.64000000000001
40 3146 117.64000000000001
40 3147 117.64000000000001
40 3148 117.64000000000001
40 3149 117.64000000000001
40 3150 117.64000000000001
40 3151 117.64000000000001
40 3152 117.64000000000001
40 3153 117.64000000000001
40 3154 117.64000000000001
40 3155 117.64000000000001
40 3156 114.16000000000001
40 3157 114.16000000000001
40 3158 114.16000000000001
40 3159 114.16000000000001
40 3160 114.16000000000001
40 3161 114.16000000000001
40 3162 114.16000000000001
40 3163 114.16000000000001
40 3164 114.16000000000001
40 3165 114.16000000000001
40 3166 114.16000000000001
40 3167 114.16000000000001
40 3168 114.16000000000001
40 3169 114.16000000000001
40 3170 114.16000000000001
40 3171 114.16000000000001
40 3172 114.16000000000001
40 3173 114.16000000000001
40 3174 114.16000000000001
40 3175 114.16000000000001
40 3176 114.16000000000001
40 3177 114.16000000000001
40 3178 114.16000000000001
40 3179 114.16000000000001
40 3180 114.16000000000001
40 3181 114.16000000000001
40 3182 114.16000000000001
40 3183 114.16000000000001
40 3184 114.16000000000001
40 3185 114.16000000000001
40 3186 114.16000000000001
40 3187 114.16000000000001
40 3188 114.16000000000001
40 3189 114.16000000000001
40 3190 114.16000000000001
40 3191 114.16000000000001
40 3192 114.16000000000001
40 3193 114.16000000000001
40 3194 114.16000000000001
40 3195 114.16000000000001
40 3196 114.16000000000001
40 3197 114.16000000000001
40 3198 114.16000000000001
40 3199 114.16000000000001
40 3200 114.16000000000001
40 3201 114.16000000000001
40 3202 114.16000000000001
40 3203 114.16000000000001
40 3204 114.16000000000001
40 3205 114.16000000000001
40 3206 114.16000000000001
40 3207 114.16000000000001
40 3208 114.16000000000001
40 3209 114.16000000000001
40 3210 114.16000000000001
41 3211 114.16000000000001
41 3212 114.16000000000001
41 3213 114.16000000000001
41 3214 114.16000000000001
41 3215 114.16000000000001
41 3216 114.16000000000001
41 3217 114.16000000000001
41 3218 114.16000000000001
41 3219 114.16000000000001
41 3220 114.16000000000001
41 3221 114.16000000000001
41 3222 114.16000000000001
41 3223 114.16000000000001
41 3224 114.16000000000001
41 3225 114.16000000000001
41 3226 114.16000000000001
41 3227 114.16000000000001
41 3228 114.16000000000001
41 3229 114.16000000000001
41 3230 114.16000000000001
41 3231 114.16000000000001
41 3232 114.16000000000001
41 3233 114.16000000000001
41 3234 114.16000000000001
41 3235 114.16000000000001
41 3236 114.16000000000001
41 3237 114.16000000000001
41 3238 114.16000000000001
41 3239 114.16000000000001
41 3240 114.16000000000001
41 3241 110.16000000000001
41 3242 110.16000000000001
41 3243 110.16000000000001
41 3244 110.16000000000001
41 3245 110.16000000000001
41 3246 110.16000000000001
41 3247 110.16000000000001
41 3248 110.16000000000001
41 3249 110.16000000000001
41 3250 110.16000000000001
41 3251 110.16000000000001
41 3252 110.16000000000001
41 3253 110.16000000000001
41 3254 110.16000000000001
41 3255 110.16000000000001
41 3256 110.16000000000001
41 3257 110.16000000000001
41 3258 110.16000000000001
41 3259 110.16000000000001
41 3260 110.16000000000001
41 3261 110.16000000000001
41 3262 110.16000000000001
41 3263 110.16000000000001
41 3264 110.16000000000001
41 3265 110.16000000000001
41 3266 110.16000000000001
41 3267 110.16000000000001
41 3268 110.16000000000001
41 3269 110.16000000000001
41 3270 110.16000000000001
41 3271 110.16000000000001
41 3272 110.16000000000001
41 3273 110.16000000000001
41 3274 110.16000000000001
41 3275 110.16000000000001
41 3276 110.16000000000001
41 3277 110.16000000000001
41 3278 110.16000000000001
41 3279 110.16000000000001
41 3280 110.16000000000001
41 3281 110.16000000000001
41 3282 110.16000000000001
41 3283 110.16000000000001
41 3284 110.16000000000001
41 3285 110.16000000000001
41 3286 110.16000000000001
41 3287 110.16000000000001
41 3288 110.16000000000001
42 3289 110.16000000000001
42 3290 110.16000000000001
42 3291 110.16000000000001
42 3292 110.16000000000001
42 3293 110.16000000000001
42 3294 110.16000000000001
42 3295 110.16000000000001
42 3296 110.16000000000001
42 3297 110.16000000000001
42 3298 110.16000000000001
42 3299 110.16000000000001
42 3300 110.16000000000001
42 3301 110.16000000000001
42 3302 110.16000000000001
42 3303 110.16000000000001
42 3304 110.16000000000001
42 3305 110.16000000000001
42 3306 110.16000000000001
42 3307 110.16000000000001
42 3308 110.16000000000001
42 3309 110.16000000000001
42 3310 110.16000000000001
42 3311 110.16000000000001
42 3312 110.16000000000001
42 3313 110.16000000000001
42 3314 110.16000000000001
42 3315 110.16000000000001
42 3316 110.16000000000001
42 3317 110.16000000000001
42 3318 110.16000000000001
42 3319 110.16000000000001
42 3320 110.16000000000001
42 3321 110.16000000000001
42 3322 110.16000000000001
42 3323 110.16000000000001
42 3324 110.16000000000001
42 3325 110.16000000000001
42 3326 110.16000000000001
42 3327 110.16000000000001
42 3328 110.16000000000001
42 3329 110.16000000000001
42 3330 110.16000000000001
42 3331 110.16000000000001
42 3332 110.16000000000001
42 3333 110.16000000000001
42 3334 110.16000000000001
42 3335 110.16000000000001
42 3336 110.16000000000001
42 3337 110.16000000000001
42 3338 110.16000000000001
42 3339 110.16000000000001
42 3340 110.16000000000001
42 3341 110.16000000000001
42 3342 110.16000000000001
42 3343 110.16000000000001
42 3344 110.16000000000001
42 3345 110.16000000000001
42 3346 110.16000000000001
42 3347 110.16000000000001
42 3348 110.16000000000001
42 3349 110.16000000000001
42 3350 110.16000000000001
42 3351 110.16000000000001
42 3352 110.16000000000001
42 3353 110.16000000000001
42 3354 110.16000000000001
42 3355 110.16000000000001
42 3356 110.16000000000001
42 3357 110.16000000000001
42 3358 110.16000000000001
42 3359 110.16000000000001
42 3360 110.16000000000001
42 3361 110.16000000000001
42 3362 110.16000000000001
42 3363 110.16000000000001
42 3364 110.16000000000001
42 3365 110.16000000000001
42 3366 110.16000000000001
42 3367 110.16000000000001
42 3368 110.16000000000001
42 3369 110.16000000000001
42 3370 110.16000000000001
42 3371 110.16000000000001
42 3372 110.16000000000001
42 3373 110.16000000000001
42 3374 110.16000000000001
42 3375 110.16000000000001
42 3376 110.16000000000001
43 3377 110.16000000000001
43 3378 110.16000000000001
43 3379 110.16000000000001
43 3380 110.16000000000001
43 3381 110.16000000000001
43 3382 110.16000000000001
43 3383 110.16000000000001
43 3384 110.16000000000001
43 3385 110.16000000000001
43 3386 110.16000000000001
43 3387 110.16000000000001
43 3388 110.16000000000001
43 3389 110.16000000000001
43 3390 110.16000000000001
43 3391 110.16000000000001
43 3392 110.16000000000001
43 3393 110.16000000000001
43 3394 110.16000000000001
43 3395 110.16000000000001
43 3396 110.16000000000001
43 3397 110.16000000000001
43 3398 110.16000000000001
43 3399 110.16000000000001
43 3400 110.16000000000001
43 3401 110.16000000000001
43 3402 110.16000000000001
43 3403 110.16000000000001
43 3404 110.16000000000001
43 3405 110.16000000000001
43 3406 110.16000000000001
43 3407 110.16000000000001
43 3408 110.16000000000001
43 3409 110.16000000000001
43 3410 110.16000000000001
43 3411 110.16000000000001
43 3412 110.16000000000001
43 3413 110.16000000000001
43 3414 110.16000000000001
43 3415 110.16000000000001
43 3416 110.16000000000001
43 3417 110.16000000000001
43 3418 110.16000000000001
43 3419 110.16000000000001
43 3420 110.16000000000001
43 3421 110.16000000000001
43 3422 110.16000000000001
43 3423 110.16000000000001
43 3424 110.16000000000001
43 3425 110.16000000000001
43 3426 110.16000000000001
43 3427 110.16000000000001
43 3428 110.16000000000001
43 3429 110.16000000000001
43 3430 110.16000000000001
43 3431 110.16000000000001
43 3432 110.16000000000001
43 3433 110.16000000000001
43 3434 110.16000000000001
43 3435 110.16000000000001
43 3436 110.16000000000001
43 3437 110.16000000000001
43 3438 110.16000000000001
43 3439 110.16000000000001
43 3440 110.16000000000001
43 3441 110.16000000000001
43 3442 110.16000000000001
43 3443 110.16000000000001
43 3444 110.16000000000001
43 3445 110.16000000000001
43 3446 110.16000000000001
43 3447 110.16000000000001
43 3448 110.16000000000001
43 3449 110.16000000000001
43 3450 110.16000000000001
43 3451 110.16000000000001
43 3452 110.16000000000001
43 3453 110.16000000000001
43 3454 110.16000000000001
43 3455 110.16000000000001
44 3456 110.16000000000001
44 3457 110.16000000000001
44 3458 110.16000000000001
44 3459 110.16000000000001
44 3460 110.16000000000001
44 3461 110.16000000000001
44 3462 110.16000000000001
44 3463 110.16000000000001
44 3464 110.16000000000001
44 3465 110.16000000000001
44 3466 110.16000000000001
44 3467 110.16000000000001
44 3468 110.16000000000001
44 3469 110.16000000000001
44 3470 110.16000000000001
44 3471 110.16000000000001
44 3472 110.16000000000001
44 3473 110.16000000000001
44 3474 110.16000000000001
44 3475 110.16000000000001
44 3476 110.16000000000001
44 3477 110.16000000000001
44 3478 110.16000000000001
44 3479 110.16000000000001
44 3480 110.16000000000001
44 3481 110.16000000000001
44 3482 110.16000000000001
44 3483 110.16000000000001
44 3484 110.16000000000001
44 3485 110.16000000000001
44 3486 110.16000000000001
44 3487 110.16000000000001
44 3488 110.16000000000001
44 3489 110.16000000000001
44 3490 110.16000000000001
44 3491 110.16000000000001
44 3492 110.16000000000001
44 3493 110.16000000000001
44 3494 110.16000000000001
44 3495 110.16000000000001
44 3496 110.16000000000001
44 3497 110.16000000000001
44 3498 110.16000000000001
44 3499 110.16000000000001
44 3500 110.16000000000001
44 3501 110.16000000000001
44 3502 110.16000000000001
44 3503 110.16000000000001
44 3504 110.16000000000001
44 3505 110.16000000000001
44 3506 110.16000000000001
44 3507 110.16000000000001
44 3508 110.16000000000001
44 3509 110.16000000000001
44 3510 110.16000000000001
44 3511 110.16000000000001
44 3512 110.16000000000001
44 3513 110.16000000000001
44 3514 110.16000000000001
44 3515 110.16000000000001
44 3516 110.16000000000001
44 3517 110.16000000000001
44 3518 64.0
44 3519 64.0
44 3520 64.0
44 3521 4.0
44 3522 0.0
