0 1 31777.369999999995
0 2 23657.86
0 3 23657.86
0 4 22398.260000000002
0 5 21788.990000000005
0 6 21788.990000000005
0 7 21788.990000000005
1 8 21594.909999999996
1 9 21406.119999999995
1 10 18381.55
1 11 18381.55
1 12 18381.55
1 13 16075.92
1 14 16075.92
1 15 16075.92
1 16 16075.92
1 17 16075.92
1 18 16075.92
1 19 16073.429999999998
1 20 16073.429999999998
1 21 16073.429999999998
1 22 16061.749999999998
1 23 16061.749999999998
1 24 14414.550000000001
1 25 14414.550000000001
1 26 14414.550000000001
1 27 14414.550000000001
1 28 14414.550000000001
1 29 14414.550000000001
1 30 14414.550000000001
1 31 14414.550000000001
1 32 14412.380000000001
1 33 14412.380000000001
1 34 14411.78
1 35 14411.78
1 36 14285.37
1 37 14285.37
1 38 14285.37
1 39 14282.960000000001
1 40 14282.960000000001
1 41 14282.960000000001
1 42 14282.960000000001
1 43 14282.960000000001
1 44 14282.960000000001
1 45 14282.960000000001
1 46 14277.000000000002
1 47 14277.000000000002
1 48 14277.000000000002
1 49 14277.000000000002
1 50 14277.000000000002
1 51 14277.000000000002
1 52 14277.000000000002
1 53 14277.000000000002
1 54 14277.000000000002
1 55 14277.000000000002
1 56 14277.000000000002
1 57 14277.000000000002
1 58 14277.000000000002
1 59 14277.000000000002
1 60 14277.000000000002
1 61 14277.000000000002
1 62 14277.000000000002
1 63 14277.000000000002
1 64 14277.000000000002
1 65 14277.000000000002
1 66 14277.000000000002
1 67 14277.000000000002
1 68 14277.000000000002
1 69 14277.000000000002
1 70 14277.000000000002
1 71 14277.000000000002
1 72 14277.000000000002
2 73 14277.000000000002
2 74 13076.13
2 75 13076.13
2 76 13076.13
2 77 13076.13
2 78 13076.13
2 79 13076.13
2 80 13076.13
2 81 13076.13
2 82 13076.13
2 83 13076.13
2 84 13076.13
2 85 13076.13
2 86 13076.13
2 87 13076.13
2 88 13076.13
2 89 13076.13
2 90 13076.13
2 91 13076.13
2 92 12887.33
2 93 12887.33
2 94 12887.33
2 95 12887.33
2 96 12887.33
2 97 12776.89
2 98 12776.89
2 99 12776.89
2 100 12776.89
2 101 12776.89
2 102 12776.89
2 103 12776.89
2 104 12776.89
2 105 12776.89
2 106 12776.89
2 107 12776.89
2 108 12776.89
2 109 12566.970000000001
2 110 12566.970000000001
2 111 12566.970000000001
2 112 12566.970000000001
2 113 12566.970000000001
2 114 12566.970000000001
2 115 12566.970000000001
2 116 12542.970000000001
2 117 12542.970000000001
2 118 12542.970000000001
2 119 12409.85
2 120 12409.85
2 121 12409.85
2 122 12409.85
2 123 12409.85
2 124 12409.85
2 125 12409.85
2 126 12409.85
2 127 12409.85
2 128 12409.85
2 129 12409.85
2 130 12409.85
2 131 12409.85
2 132 12409.85
2 133 12409.85
2 134 12409.85
2 135 12409.85
2 136 12409.85
2 137 12409.85
2 138 12409.85
2 139 12409.85
3 140 12409.85
3 141 12406.04
3 142 12406.04
3 143 12406.04
3 144 12406.04
3 145 12406.04
3 146 12406.04
3 147 12406.04
3 148 12406.04
3 149 12406.04
3 150 12406.04
3 151 12347.800000000001
3 152 12347.800000000001
3 153 12347.800000000001
3 154 12347.800000000001
3 155 12347.800000000001
3 156 12126.36
3 157 12126.36
3 158 12126.36
3 159 12126.36
3 160 12126.36
3 161 12126.36
3 162 12126.36
3 163 12126.36
3 164 12126.36
3 165 12126.36
3 166 12120.84
3 167 12120.84
3 168 12120.84
3 169 12120.84
3 170 12120.84
3 171 12120.84
3 172 12120.84
3 173 12120.84
3 174 12120.84
3 175 12120.84
3 176 12109.44
3 177 12109.44
3 178 12093.08
3 179 12093.08
3 180 12093.08
3 181 12093.08
3 182 12093.08
3 183 12093.08
3 184 12093.08
3 185 12093.08
3 186 12093.08
3 187 12093.08
3 188 12093.08
3 189 12093.08
3 190 12093.08
3 191 12093.08
3 192 12093.08
3 193 11730.12
3 194 11730.12
3 195 11730.12
3 196 11718.44
3 197 11718.44
3 198 11718.44
3 199 11718.44
3 200 11718.44
3 201 11718.44
3 202 11718.44
3 203 11718.44
3 204 11718.44
3 205 11718.44
3 206 11718.44
3 207 11718.44
3 208 11674.600000000002
3 209 11674.600000000002
3 210 11674.600000000002
3 211 11674.600000000002
3 212 11573.480000000001
3 213 11573.480000000001
3 214 11573.480000000001
3 215 11573.480000000001
3 216 11573.480000000001
4 217 11573.480000000001
4 218 11311.080000000002
4 219 11311.080000000002
4 220 11311.080000000002
4 221 11311.080000000002
4 222 11311.080000000002
4 223 11311.080000000002
4 224 11311.080000000002
4 225 11311.080000000002
4 226 11282.19
4 227 11264.360000000002
4 228 11264.360000000002
4 229 11264.360000000002
4 230 11264.360000000002
4 231 11264.360000000002
4 232 11264.360000000002
4 233 11264.360000000002
4 234 11264.360000000002
4 235 11200.360000000002
4 236 11200.360000000002
4 237 11200.360000000002
4 238 11200.360000000002
4 239 11200.360000000002
4 240 11200.360000000002
4 241 11192.960000000001
4 242 11192.960000000001
4 243 11192.960000000001
4 244 11192.960000000001
4 245 11192.960000000001
4 246 11192.960000000001
4 247 11192.960000000001
4 248 11192.960000000001
4 249 11192.960000000001
4 250 11192.960000000001
4 251 11192.960000000001
4 252 11192.960000000001
4 253 11192.960000000001
4 254 11192.960000000001
4 255 11192.960000000001
4 256 11192.960000000001
4 257 11192.960000000001
4 258 11192.960000000001
4 259 11192.960000000001
4 260 11192.960000000001
4 261 11192.960000000001
4 262 11192.960000000001
4 263 11164.160000000002
4 264 11164.160000000002
4 265 11164.160000000002
4 266 11164.160000000002
4 267 11164.160000000002
4 268 11164.160000000002
4 269 10893.449999999999
4 270 10824.009999999998
4 271 10824.009999999998
4 272 10824.009999999998
4 273 10824.009999999998
4 274 10824.009999999998
4 275 10824.009999999998
4 276 10758.09
4 277 10758.09
4 278 10758.09
4 279 10758.09
4 280 10710.41
4 281 10710.41
4 282 10710.41
4 283 10710.25
4 284 10710.25
4 285 10710.25
4 286 10710.25
4 287 10710.25
4 288 10693.449999999999
4 289 10693.449999999999
4 290 10693.449999999999
4 291 10693.449999999999
4 292 10682.89
5 293 10682.89
5 294 10682.89
5 295 10682.89
5 296 10682.89
5 297 10682.89
5 298 10680.16
5 299 10680.16
5 300 10680.16
5 301 10680.16
5 302 10585.439999999999
5 303 10585.439999999999
5 304 10585.439999999999
5 305 10585.439999999999
5 306 10585.439999999999
5 307 10585.439999999999
5 308 10575.16
5 309 10575.16
5 310 10575.16
5 311 10575.16
5 312 10575.16
5 313 10575.16
5 314 10575.16
5 315 10575.16
5 316 10575.16
5 317 10575.16
5 318 10575.16
5 319 10575.16
5 320 10575.16
5 321 10567.16
5 322 10567.16
5 323 10567.16
5 324 10567.16
5 325 10567.16
5 326 10412.58
5 327 10412.58
5 328 10412.58
5 329 10365.54
5 330 10365.54
5 331 10365.54
5 332 10365.54
5 333 10365.54
5 334 10365.54
5 335 10365.54
5 336 9819.64
5 337 9819.64
5 338 9819.64
5 339 9774.68
5 340 9774.68
5 341 9774.68
5 342 9774.68
5 343 9774.68
5 344 9774.68
5 345 9774.68
5 346 9774.68
5 347 9774.68
5 348 9774.68
5 349 9774.68
5 350 9774.68
5 351 9742.68
5 352 9742.68
5 353 9742.68
5 354 9742.68
5 355 9742.68
5 356 9742.68
5 357 9742.68
5 358 9742.68
5 359 9678.68
5 360 9678.68
5 361 9678.68
5 362 9678.68
5 363 9678.68
5 364 9678.68
5 365 9678.68
5 366 9678.68
5 367 9678.68
5 368 9678.68
5 369 9678.68
5 370 9678.68
5 371 9678.68
5 372 9450.6
5 373 9450.6
5 374 9450.6
6 375 9450.6
6 376 9450.6
6 377 9450.6
6 378 9450.6
6 379 9450.6
6 380 9450.6
6 381 9450.6
6 382 9450.6
6 383 9450.6
6 384 9450.6
6 385 9337.72
6 386 9337.72
6 387 9337.72
6 388 9234.44
6 389 9234.44
6 390 9234.44
6 391 9234.44
6 392 9225.869999999999
6 393 9225.869999999999
6 394 9225.869999999999
6 395 9225.869999999999
6 396 9202.589999999998
6 397 9202.589999999998
6 398 9202.589999999998
6 399 9202.589999999998
6 400 9202.589999999998
6 401 9202.589999999998
6 402 9202.589999999998
6 403 9202.589999999998
6 404 9202.589999999998
6 405 9202.589999999998
6 406 9197.900000000001
6 407 9197.900000000001
6 408 9197.900000000001
6 409 9197.900000000001
6 410 9197.900000000001
6 411 9197.900000000001
6 412 9197.900000000001
6 413 9197.900000000001
6 414 9197.900000000001
6 415 9173.26
6 416 9153.1
6 417 9153.1
6 418 9142.18
6 419 8850.589999999998
6 420 8850.589999999998
6 421 8850.589999999998
6 422 8850.589999999998
6 423 8850.589999999998
6 424 8850.589999999998
6 425 8850.589999999998
6 426 8850.589999999998
6 427 8850.589999999998
6 428 8850.589999999998
6 429 8850.589999999998
6 430 8850.589999999998
6 431 8766.69
6 432 8766.69
6 433 8766.69
6 434 8766.69
6 435 8398.830000000002
6 436 8398.830000000002
6 437 8398.830000000002
6 438 8398.830000000002
6 439 8398.830000000002
6 440 8398.830000000002
6 441 8398.830000000002
6 442 8398.830000000002
6 443 8398.830000000002
6 444 8398.830000000002
6 445 8398.830000000002
6 446 8398.830000000002
6 447 8398.830000000002
6 448 8334.830000000002
6 449 8334.830000000002
6 450 8334.830000000002
6 451 8334.830000000002
6 452 8334.830000000002
6 453 8334.830000000002
7 454 8334.830000000002
7 455 8334.830000000002
7 456 8334.830000000002
7 457 8334.830000000002
7 458 8334.830000000002
7 459 8334.830000000002
7 460 8334.830000000002
7 461 8297.710000000001
7 462 8297.710000000001
7 463 8297.710000000001
7 464 8297.710000000001
7 465 8297.710000000001
7 466 8297.710000000001
7 467 8297.710000000001
7 468 8297.710000000001
7 469 8297.710000000001
7 470 8297.710000000001
7 471 8297.710000000001
7 472 8297.710000000001
7 473 8297.710000000001
7 474 7489.520000000001
7 475 7489.520000000001
7 476 7489.520000000001
7 477 7489.520000000001
7 478 7489.520000000001
7 479 7489.520000000001
7 480 7489.520000000001
7 481 7374.13
7 482 7374.13
7 483 7374.13
7 484 7374.13
7 485 7374.13
7 486 7374.13
7 487 7374.13
7 488 7374.13
7 489 7374.13
7 490 7374.13
7 491 7374.13
7 492 7374.13
7 493 7374.13
7 494 7374.13
7 495 7329.330000000001
7 496 7329.330000000001
7 497 7329.330000000001
7 498 7282.929999999999
7 499 7282.929999999999
7 500 7282.929999999999
7 501 7282.929999999999
7 502 7282.929999999999
7 503 7282.929999999999
7 504 7282.929999999999
7 505 7282.929999999999
7 506 7282.929999999999
7 507 7282.929999999999
7 508 7282.929999999999
7 509 7282.929999999999
7 510 7282.929999999999
7 511 7282.929999999999
7 512 7282.929999999999
7 513 7282.929999999999
7 514 7282.929999999999
7 515 7282.929999999999
7 516 7282.929999999999
7 517 7282.929999999999
7 518 7282.929999999999
7 519 7282.929999999999
7 520 7282.929999999999
7 521 7282.929999999999
7 522 7282.929999999999
7 523 7282.929999999999
7 524 7282.929999999999
7 525 7282.929999999999
7 526 7282.929999999999
7 527 7282.929999999999
7 528 7282.929999999999
7 529 7282.929999999999
7 530 7282.929999999999
7 531 7282.929999999999
7 532 7282.929999999999
8 533 7282.929999999999
8 534 7282.929999999999
8 535 7282.929999999999
8 536 7282.929999999999
8 537 7282.929999999999
8 538 7282.929999999999
8 539 7282.929999999999
8 540 7277.61
8 541 7271.169999999999
8 542 7271.169999999999
8 543 7271.169999999999
8 544 7271.169999999999
8 545 7271.169999999999
8 546 7271.169999999999
8 547 7118.320000000001
8 548 7118.320000000001
8 549 7118.320000000001
8 550 7118.320000000001
8 551 7118.320000000001
8 552 7118.320000000001
8 553 7118.320000000001
8 554 7118.320000000001
8 555 7118.320000000001
8 556 7118.320000000001
8 557 7118.320000000001
8 558 7118.320000000001
8 559 7107.759999999999
8 560 7107.759999999999
8 561 7107.759999999999
8 562 7107.759999999999
8 563 7107.759999999999
8 564 7107.759999999999
8 565 7103.21
8 566 7103.21
8 567 7103.21
8 568 7103.21
8 569 7103.21
8 570 7103.21
8 571 7103.21
8 572 7103.21
8 573 6898.410000000001
8 574 6898.410000000001
8 575 6898.410000000001
8 576 6898.410000000001
8 577 6898.410000000001
8 578 6898.410000000001
8 579 6898.410000000001
8 580 6898.410000000001
8 581 6898.410000000001
8 582 6898.410000000001
8 583 6898.410000000001
8 584 6898.410000000001
8 585 6898.410000000001
8 586 6896.320000000001
8 587 6896.320000000001
8 588 6896.320000000001
8 589 6896.320000000001
8 590 6896.320000000001
8 591 6896.320000000001
8 592 6896.320000000001
8 593 6896.320000000001
8 594 6896.320000000001
8 595 6896.320000000001
8 596 6896.320000000001
8 597 6896.320000000001
8 598 6896.320000000001
8 599 6896.320000000001
8 600 6896.320000000001
8 601 6896.320000000001
8 602 6892.080000000001
8 603 6892.080000000001
8 604 6892.080000000001
8 605 6892.080000000001
8 606 6892.080000000001
8 607 6892.080000000001
8 608 6865.240000000001
8 609 6865.240000000001
8 610 6865.240000000001
8 611 6865.240000000001
9 612 6865.240000000001
9 613 6865.240000000001
9 614 6865.240000000001
9 615 6865.240000000001
9 616 6865.240000000001
9 617 6865.240000000001
9 618 6865.240000000001
9 619 6865.240000000001
9 620 6865.240000000001
9 621 6865.240000000001
9 622 6865.240000000001
9 623 6865.240000000001
9 624 6865.240000000001
9 625 6865.240000000001
9 626 6865.240000000001
9 627 6854.68
9 628 6854.68
9 629 6854.68
9 630 6854.68
9 631 6854.68
9 632 6239.41
9 633 6239.41
9 634 5666.280000000002
9 635 5666.280000000002
9 636 5666.280000000002
9 637 5666.280000000002
9 638 5666.280000000002
9 639 5666.280000000002
9 640 5666.280000000002
9 641 5666.280000000002
9 642 5666.280000000002
9 643 5666.280000000002
9 644 5666.280000000002
9 645 5666.280000000002
9 646 5666.280000000002
9 647 5666.280000000002
9 648 5666.280000000002
9 649 5657.640000000001
9 650 5657.640000000001
9 651 5657.640000000001
9 652 5657.640000000001
9 653 5657.640000000001
9 654 5657.640000000001
9 655 5657.640000000001
9 656 5641.640000000001
9 657 5641.640000000001
9 658 5641.640000000001
9 659 5641.640000000001
9 660 5641.640000000001
9 661 5641.640000000001
9 662 5641.640000000001
9 663 5641.640000000001
9 664 5641.640000000001
9 665 5641.640000000001
9 666 5641.640000000001
9 667 5641.640000000001
9 668 5641.640000000001
9 669 5641.640000000001
9 670 5641.640000000001
9 671 5641.640000000001
9 672 5641.640000000001
9 673 5641.640000000001
9 674 5641.640000000001
9 675 5641.640000000001
9 676 5641.640000000001
9 677 5641.640000000001
9 678 5641.640000000001
9 679 5641.640000000001
9 680 5641.640000000001
9 681 5635.640000000001
9 682 5635.640000000001
9 683 5635.640000000001
9 684 5631.160000000001
9 685 5631.160000000001
9 686 5622.639999999999
9 687 5622.639999999999
9 688 5621.639999999999
9 689 5600.360000000001
10 690 5600.360000000001
10 691 5600.360000000001
10 692 5600.360000000001
10 693 5600.360000000001
10 694 5600.360000000001
10 695 5600.360000000001
10 696 5600.360000000001
10 697 5600.360000000001
10 698 5600.360000000001
10 699 5600.360000000001
10 700 5600.360000000001
10 701 5600.360000000001
10 702 5600.360000000001
10 703 5600.360000000001
10 704 5600.360000000001
10 705 5600.360000000001
10 706 5600.360000000001
10 707 5600.360000000001
10 708 5600.360000000001
10 709 5600.360000000001
10 710 5600.360000000001
10 711 5600.360000000001
10 712 5600.360000000001
10 713 5600.360000000001
10 714 5600.360000000001
10 715 5600.360000000001
10 716 5600.360000000001
10 717 5600.360000000001
10 718 5600.360000000001
10 719 5600.360000000001
10 720 5600.360000000001
10 721 5600.360000000001
10 722 5600.360000000001
10 723 5600.360000000001
10 724 5600.360000000001
10 725 5600.360000000001
10 726 5600.360000000001
10 727 5600.360000000001
10 728 5600.360000000001
10 729 5600.360000000001
10 730 5600.360000000001
10 731 5600.360000000001
10 732 5600.360000000001
10 733 5600.360000000001
10 734 5600.360000000001
10 735 5600.360000000001
10 736 5600.360000000001
10 737 5600.360000000001
10 738 5600.360000000001
10 739 5600.360000000001
10 740 5600.360000000001
10 741 5600.360000000001
10 742 5600.360000000001
10 743 5600.360000000001
10 744 5600.360000000001
10 745 5600.360000000001
10 746 5600.360000000001
10 747 5596.280000000001
10 748 5596.280000000001
10 749 5579.48
10 750 5579.48
10 751 5579.48
10 752 5579.48
10 753 5448.200000000001
10 754 5448.200000000001
10 755 5448.200000000001
10 756 5231.880000000001
10 757 5231.880000000001
10 758 4810.9800000000005
10 759 4810.9800000000005
10 760 4810.9800000000005
11 761 4810.9800000000005
11 762 4810.9800000000005
11 763 4810.9800000000005
11 764 4810.9800000000005
11 765 4810.9800000000005
11 766 4810.9800000000005
11 767 4682.9800000000005
11 768 4682.9800000000005
11 769 4557.39
11 770 4554.9800000000005
11 771 4554.9800000000005
11 772 4554.9800000000005
11 773 4554.9800000000005
11 774 4554.9800000000005
11 775 4554.9800000000005
11 776 4554.9800000000005
11 777 4554.9800000000005
11 778 4554.9800000000005
11 779 4554.9800000000005
11 780 4554.9800000000005
11 781 4554.9800000000005
11 782 4554.9800000000005
11 783 4554.9800000000005
11 784 4554.9800000000005
11 785 4396.74
11 786 4389.98
11 787 4389.98
11 788 4389.98
11 789 4389.98
11 790 4389.98
11 791 4373.0199999999995
11 792 4373.0199999999995
11 793 4373.0199999999995
11 794 4357.0199999999995
11 795 4357.0199999999995
11 796 4357.0199999999995
11 797 4357.0199999999995
11 798 4139.77
11 799 4139.77
11 800 4139.77
11 801 4139.77
11 802 4136.8
11 803 4136.8
11 804 4136.8
11 805 4136.8
11 806 4136.8
11 807 4136.8
11 808 4136.8
11 809 4136.8
11 810 4136.8
11 811 4136.8
11 812 4136.8
11 813 4136.8
11 814 4136.8
11 815 4136.8
11 816 4136.8
11 817 4136.8
11 818 4136.8
11 819 4136.8
11 820 4136.8
11 821 4136.8
11 822 4136.8
11 823 4136.8
11 824 4136.8
11 825 4136.8
11 826 4136.8
11 827 4136.8
11 828 4136.8
11 829 4136.8
11 830 4136.8
11 831 4136.8
11 832 4136.8
11 833 3955.04
11 834 3955.04
11 835 3955.04
11 836 3955.04
11 837 3875.04
11 838 3875.04
11 839 3875.04
12 840 3875.04
12 841 3875.04
12 842 3875.04
12 843 3875.04
12 844 3875.04
12 845 3875.04
12 846 3875.04
12 847 3875.04
12 848 3875.04
12 849 3875.04
12 850 3711.2
12 851 3711.2
12 852 3711.2
12 853 3700.7999999999993
12 854 3700.7999999999993
12 855 3700.7999999999993
12 856 3700.7999999999993
12 857 3700.7999999999993
12 858 3700.7999999999993
12 859 3700.7999999999993
12 860 3700.7999999999993
12 861 3700.7999999999993
12 862 3700.7999999999993
12 863 3700.7999999999993
12 864 3700.7999999999993
12 865 3700.7999999999993
12 866 3700.7999999999993
12 867 3700.7999999999993
12 868 3700.7999999999993
12 869 3696.7999999999993
12 870 3696.7999999999993
12 871 3696.7999999999993
12 872 3696.7999999999993
12 873 3696.7999999999993
12 874 3696.7999999999993
12 875 3696.7999999999993
12 876 3696.7999999999993
12 877 3696.7999999999993
12 878 3696.7999999999993
12 879 3696.7999999999993
12 880 3696.7999999999993
12 881 3696.7999999999993
12 882 3696.7999999999993
12 883 3696.7999999999993
12 884 3696.7999999999993
12 885 3696.7999999999993
12 886 3696.7999999999993
12 887 3696.7999999999993
12 888 3696.7999999999993
12 889 3696.7999999999993
12 890 3696.7999999999993
12 891 3696.7999999999993
12 892 3696.7999999999993
12 893 3696.7999999999993
12 894 3696.7999999999993
12 895 3696.7999999999993
12 896 3696.7999999999993
12 897 3696.7999999999993
12 898 3696.7999999999993
12 899 3696.7999999999993
12 900 3696.7999999999993
12 901 3690.8
12 902 3690.8
12 903 3690.8
12 904 3690.8
12 905 3690.8
12 906 3690.8
12 907 3690.8
12 908 3690.8
12 909 3690.8
12 910 3626.8
12 911 3626.8
12 912 3626.8
12 913 3626.8
12 914 3626.8
13 915 3626.8
13 916 3626.8
13 917 3626.8
13 918 3626.8
13 919 3626.8
13 920 3626.8
13 921 3626.8
13 922 3626.8
13 923 3626.8
13 924 3626.8
13 925 3626.8
13 926 3626.8
13 927 3626.8
13 928 3626.8
13 929 3626.8
13 930 3626.8
13 931 3626.8
13 932 3626.8
13 933 3626.8
13 934 3626.8
13 935 3626.8
13 936 3626.8
13 937 3626.8
13 938 3626.8
13 939 3626.8
13 940 3626.8
13 941 3626.8
13 942 3626.8
13 943 3626.8
13 944 3626.8
13 945 3626.8
13 946 3621.8
13 947 3621.8
13 948 3621.8
13 949 3621.8
13 950 3621.8
13 951 3621.8
13 952 3621.8
13 953 3621.8
13 954 3621.8
13 955 3621.8
13 956 3621.8
13 957 3621.8
13 958 3621.8
13 959 3621.8
13 960 3621.8
13 961 3621.8
13 962 3621.8
13 963 3621.8
13 964 3621.8
13 965 3621.8
13 966 3621.8
13 967 3621.8
13 968 3621.8
13 969 3621.8
13 970 3621.8
13 971 3621.8
13 972 3621.8
13 973 3621.8
13 974 3621.8
13 975 3621.8
13 976 3621.8
13 977 3621.8
13 978 3621.8
13 979 3621.8
13 980 3621.8
13 981 3621.8
13 982 3577.0
13 983 3577.0
13 984 3577.0
13 985 3577.0
13 986 3577.0
13 987 3577.0
13 988 3577.0
13 989 3577.0
14 990 3577.0
14 991 3577.0
14 992 3577.0
14 993 3577.0
14 994 3577.0
14 995 3577.0
14 996 3577.0
14 997 3577.0
14 998 3577.0
14 999 3157.1000000000004
14 1000 3157.1000000000004
14 1001 3157.1000000000004
14 1002 3157.1000000000004
14 1003 3157.1000000000004
14 1004 3157.1000000000004
14 1005 3157.1000000000004
14 1006 3157.1000000000004
14 1007 3157.1000000000004
14 1008 3157.1000000000004
14 1009 3157.1000000000004
14 1010 3157.1000000000004
14 1011 3157.1000000000004
14 1012 3157.1000000000004
14 1013 2993.2600000000007
14 1014 2993.2600000000007
14 1015 2993.2600000000007
14 1016 2993.2600000000007
14 1017 2993.2600000000007
14 1018 2993.2600000000007
14 1019 2993.2600000000007
14 1020 2985.2600000000007
14 1021 2985.2600000000007
14 1022 2985.2600000000007
14 1023 2985.2600000000007
14 1024 2985.2600000000007
14 1025 2985.2600000000007
14 1026 2985.2600000000007
14 1027 2985.2600000000007
14 1028 2985.2600000000007
14 1029 2985.2600000000007
14 1030 2985.2600000000007
14 1031 2985.2600000000007
14 1032 2985.2600000000007
14 1033 2985.2600000000007
14 1034 2985.2600000000007
14 1035 2985.2600000000007
14 1036 2985.2600000000007
14 1037 2985.2600000000007
14 1038 2985.2600000000007
14 1039 2985.2600000000007
14 1040 2985.2600000000007
14 1041 2985.2600000000007
14 1042 2985.2600000000007
14 1043 2985.2600000000007
14 1044 2985.2600000000007
14 1045 2985.2600000000007
14 1046 2985.2600000000007
14 1047 2985.2600000000007
14 1048 2985.2600000000007
14 1049 2985.2600000000007
14 1050 2985.2600000000007
14 1051 2985.2600000000007
14 1052 2985.2600000000007
14 1053 2985.2600000000007
14 1054 2985.2600000000007
14 1055 2985.2600000000007
14 1056 2985.2600000000007
14 1057 2985.2600000000007
14 1058 2985.2600000000007
14 1059 2985.2600000000007
14 1060 2985.2600000000007
14 1061 2985.2600000000007
14 1062 2985.2600000000007
14 1063 2985.2600000000007
14 1064 2985.2600000000007
14 1065 2985.2600000000007
15 1066 2985.2600000000007
15 1067 2985.2600000000007
15 1068 2985.2600000000007
15 1069 2985.2600000000007
15 1070 2985.2600000000007
15 1071 2979.620000000001
15 1072 2979.620000000001
15 1073 2979.620000000001
15 1074 2979.620000000001
15 1075 2979.620000000001
15 1076 2979.620000000001
15 1077 2979.620000000001
15 1078 2979.620000000001
15 1079 2979.620000000001
15 1080 2979.620000000001
15 1081 2979.620000000001
15 1082 2979.620000000001
15 1083 2979.620000000001
15 1084 2979.620000000001
15 1085 2978.620000000001
15 1086 2935.7800000000007
15 1087 2935.7800000000007
15 1088 2935.7800000000007
15 1089 2935.7800000000007
15 1090 2935.7800000000007
15 1091 2935.7800000000007
15 1092 2935.7800000000007
15 1093 2935.7800000000007
15 1094 2935.7800000000007
15 1095 2935.7800000000007
15 1096 2892.4200000000005
15 1097 2892.4200000000005
15 1098 2892.4200000000005
15 1099 2892.4200000000005
15 1100 2871.7800000000007
15 1101 2871.7800000000007
15 1102 2452.9800000000005
15 1103 2452.9800000000005
15 1104 2452.9800000000005
15 1105 2452.9800000000005
15 1106 2452.9800000000005
15 1107 2452.9800000000005
15 1108 2452.9800000000005
15 1109 2452.9800000000005
15 1110 2452.9800000000005
15 1111 2452.9800000000005
15 1112 2452.9800000000005
15 1113 2452.9800000000005
15 1114 2452.9800000000005
15 1115 2451.2700000000004
15 1116 2451.2700000000004
15 1117 2451.2700000000004
15 1118 2451.2700000000004
15 1119 2451.2700000000004
15 1120 2451.2700000000004
15 1121 2451.2700000000004
15 1122 2451.2700000000004
15 1123 2451.2700000000004
15 1124 2451.2700000000004
15 1125 2451.2700000000004
15 1126 2451.2700000000004
15 1127 2451.2700000000004
15 1128 2451.2700000000004
15 1129 2451.2700000000004
15 1130 2451.2700000000004
15 1131 2451.2700000000004
15 1132 2451.2700000000004
15 1133 2451.2700000000004
15 1134 2451.2700000000004
15 1135 2451.2700000000004
15 1136 2451.2700000000004
15 1137 2451.2700000000004
15 1138 2451.2700000000004
15 1139 2451.2700000000004
15 1140 2451.2700000000004
15 1141 2451.2700000000004
15 1142 2451.2700000000004
15 1143 2451.2700000000004
15 1144 2451.2700000000004
15 1145 2451.2700000000004
15 1146 2451.2700000000004
16 1147 2451.2700000000004
16 1148 2451.2700000000004
16 1149 2451.2700000000004
16 1150 2451.2700000000004
16 1151 2451.2700000000004
16 1152 2451.2700000000004
16 1153 2451.2700000000004
16 1154 2451.2700000000004
16 1155 2451.2700000000004
16 1156 2451.2700000000004
16 1157 2451.2700000000004
16 1158 2451.2700000000004
16 1159 2451.2700000000004
16 1160 2451.2700000000004
16 1161 2451.2700000000004
16 1162 2451.2700000000004
16 1163 2451.2700000000004
16 1164 2451.2700000000004
16 1165 2451.2700000000004
16 1166 2451.2700000000004
16 1167 2451.2700000000004
16 1168 1632.0700000000002
16 1169 1632.0700000000002
16 1170 1632.0700000000002
16 1171 1632.0700000000002
16 1172 1632.0700000000002
16 1173 1632.0700000000002
16 1174 1632.0700000000002
16 1175 1632.0700000000002
16 1176 1632.0700000000002
16 1177 1632.0700000000002
16 1178 1632.0700000000002
16 1179 1632.0700000000002
16 1180 1632.0700000000002
16 1181 1632.0700000000002
16 1182 1632.0700000000002
16 1183 1632.0700000000002
16 1184 1632.0700000000002
16 1185 1632.0700000000002
16 1186 1632.0700000000002
16 1187 1632.0700000000002
16 1188 1632.0700000000002
16 1189 1632.0700000000002
16 1190 1632.0700000000002
16 1191 1632.0700000000002
16 1192 1632.0700000000002
16 1193 1632.0700000000002
16 1194 1632.0700000000002
16 1195 1632.0700000000002
16 1196 1632.0700000000002
16 1197 1632.0700000000002
16 1198 1632.0700000000002
16 1199 1632.0700000000002
16 1200 1632.0700000000002
16 1201 1632.0700000000002
16 1202 1632.0700000000002
16 1203 1632.0700000000002
16 1204 1632.0700000000002
16 1205 1632.0700000000002
16 1206 1632.0700000000002
16 1207 1632.0700000000002
16 1208 1632.0700000000002
16 1209 1632.0700000000002
16 1210 1632.0700000000002
16 1211 1632.0700000000002
16 1212 1632.0700000000002
16 1213 1632.0700000000002
16 1214 1632.0700000000002
16 1215 1632.0700000000002
16 1216 1632.0700000000002
16 1217 1632.0700000000002
16 1218 1632.0700000000002
16 1219 1632.0700000000002
16 1220 1632.0700000000002
16 1221 1632.0700000000002
16 1222 1632.0700000000002
16 1223 1632.0700000000002
16 1224 1632.0700000000002
16 1225 1632.0700000000002
16 1226 1632.0700000000002
17 1227 1632.0700000000002
17 1228 1632.0700000000002
17 1229 1632.0700000000002
17 1230 1632.0700000000002
17 1231 1632.0700000000002
17 1232 1627.5100000000002
17 1233 1627.5100000000002
17 1234 1627.5100000000002
17 1235 1627.5100000000002
17 1236 1627.5100000000002
17 1237 1627.5100000000002
17 1238 1627.5100000000002
17 1239 1627.5100000000002
17 1240 1627.5100000000002
17 1241 1627.5100000000002
17 1242 1627.5100000000002
17 1243 1627.5100000000002
17 1244 1627.5100000000002
17 1245 1627.5100000000002
17 1246 1627.5100000000002
17 1247 1627.5100000000002
17 1248 1627.5100000000002
17 1249 1627.5100000000002
17 1250 1627.5100000000002
17 1251 1627.5100000000002
17 1252 1627.5100000000002
17 1253 1627.5100000000002
17 1254 1627.5100000000002
17 1255 1627.5100000000002
17 1256 1627.5100000000002
17 1257 1627.5100000000002
17 1258 1627.5100000000002
17 1259 1627.5100000000002
17 1260 1627.5100000000002
17 1261 1627.5100000000002
17 1262 1627.5100000000002
17 1263 1627.5100000000002
17 1264 1627.5100000000002
17 1265 1627.5100000000002
17 1266 1627.5100000000002
17 1267 1627.5100000000002
17 1268 1627.5100000000002
17 1269 1627.5100000000002
17 1270 1627.5100000000002
17 1271 1627.5100000000002
17 1272 1627.5100000000002
17 1273 1627.5100000000002
17 1274 1627.5100000000002
17 1275 1627.5100000000002
17 1276 1627.5100000000002
17 1277 1591.5100000000002
17 1278 1591.5100000000002
17 1279 1591.5100000000002
17 1280 1591.5100000000002
17 1281 1591.5100000000002
17 1282 1591.5100000000002
17 1283 1591.5100000000002
17 1284 1591.5100000000002
17 1285 1591.5100000000002
17 1286 1591.5100000000002
17 1287 1591.5100000000002
17 1288 1591.5100000000002
17 1289 1591.5100000000002
17 1290 1591.5100000000002
17 1291 1591.5100000000002
17 1292 1591.5100000000002
17 1293 1591.5100000000002
17 1294 1591.5100000000002
17 1295 1591.5100000000002
17 1296 1591.5100000000002
17 1297 1591.5100000000002
17 1298 1591.5100000000002
17 1299 1591.5100000000002
17 1300 1591.5100000000002
17 1301 1591.5100000000002
17 1302 1591.5100000000002
17 1303 1591.5100000000002
18 1304 1591.5100000000002
18 1305 1591.5100000000002
18 1306 1591.5100000000002
18 1307 1591.5100000000002
18 1308 1591.5100000000002
18 1309 1591.5100000000002
18 1310 1591.5100000000002
18 1311 1591.5100000000002
18 1312 1591.5100000000002
18 1313 1591.5100000000002
18 1314 1591.5100000000002
18 1315 1591.5100000000002
18 1316 1591.5100000000002
18 1317 1591.5100000000002
18 1318 1591.5100000000002
18 1319 1591.5100000000002
18 1320 1591.5100000000002
18 1321 1591.5100000000002
18 1322 1591.5100000000002
18 1323 1591.5100000000002
18 1324 1591.5100000000002
18 1325 1591.5100000000002
18 1326 1591.5100000000002
18 1327 1591.5100000000002
18 1328 1591.5100000000002
18 1329 1591.5100000000002
18 1330 1591.5100000000002
18 1331 1591.5100000000002
18 1332 1591.5100000000002
18 1333 1591.5100000000002
18 1334 1591.5100000000002
18 1335 1591.5100000000002
18 1336 1591.5100000000002
18 1337 1591.5100000000002
18 1338 1591.5100000000002
18 1339 1591.5100000000002
18 1340 1591.5100000000002
18 1341 1591.5100000000002
18 1342 1591.5100000000002
18 1343 1591.5100000000002
18 1344 1591.5100000000002
18 1345 1591.5100000000002
18 1346 1591.5100000000002
18 1347 1591.5100000000002
18 1348 1591.5100000000002
18 1349 1591.5100000000002
18 1350 1591.5100000000002
18 1351 1591.5100000000002
18 1352 1591.5100000000002
18 1353 1427.67
18 1354 1427.67
18 1355 1427.67
18 1356 1427.67
18 1357 1427.67
18 1358 1427.67
18 1359 1427.67
18 1360 1427.67
18 1361 1427.67
18 1362 1427.67
18 1363 1363.67
18 1364 1363.67
18 1365 1363.67
18 1366 1363.67
18 1367 1363.67
18 1368 1363.67
18 1369 1363.67
18 1370 1363.67
18 1371 1363.67
18 1372 1363.67
18 1373 1363.67
18 1374 1363.67
18 1375 1363.67
18 1376 1363.67
18 1377 1363.67
18 1378 1363.67
18 1379 1363.67
19 1380 1363.67
19 1381 1363.67
19 1382 1363.67
19 1383 1363.67
19 1384 1363.67
19 1385 1363.67
19 1386 1363.67
19 1387 1363.67
19 1388 1363.67
19 1389 1363.67
19 1390 1361.4199999999998
19 1391 1361.4199999999998
19 1392 1361.4199999999998
19 1393 1361.4199999999998
19 1394 1361.4199999999998
19 1395 1361.4199999999998
19 1396 1361.4199999999998
19 1397 1361.4199999999998
19 1398 1361.4199999999998
19 1399 1361.4199999999998
19 1400 1361.4199999999998
19 1401 1361.4199999999998
19 1402 1361.4199999999998
19 1403 1361.4199999999998
19 1404 1361.4199999999998
19 1405 1361.4199999999998
19 1406 1361.4199999999998
19 1407 1361.4199999999998
19 1408 1361.4199999999998
19 1409 1361.4199999999998
19 1410 1361.4199999999998
19 1411 1361.4199999999998
19 1412 1361.4199999999998
19 1413 1361.4199999999998
19 1414 1361.4199999999998
19 1415 1361.4199999999998
19 1416 1361.4199999999998
19 1417 1361.4199999999998
19 1418 1361.4199999999998
19 1419 1361.4199999999998
19 1420 1361.4199999999998
19 1421 1361.4199999999998
19 1422 1361.4199999999998
19 1423 1361.4199999999998
19 1424 1361.4199999999998
19 1425 1361.4199999999998
19 1426 1361.4199999999998
19 1427 1361.4199999999998
19 1428 1361.4199999999998
19 1429 1361.4199999999998
19 1430 1361.4199999999998
19 1431 1361.4199999999998
19 1432 1361.4199999999998
19 1433 1361.4199999999998
19 1434 1361.4199999999998
19 1435 1361.4199999999998
19 1436 1361.4199999999998
19 1437 1361.4199999999998
19 1438 1359.33
19 1439 1359.33
19 1440 1359.33
19 1441 1359.33
19 1442 1359.33
19 1443 1359.33
19 1444 1359.33
19 1445 1359.33
19 1446 1359.33
19 1447 1359.33
19 1448 1359.33
19 1449 1359.33
19 1450 1359.33
19 1451 1359.33
19 1452 1359.33
19 1453 1359.33
20 1454 1359.33
20 1455 1359.33
20 1456 1359.33
20 1457 1359.33
20 1458 1359.33
20 1459 1359.33
20 1460 1359.33
20 1461 1359.33
20 1462 1359.33
20 1463 1359.33
20 1464 1359.33
20 1465 1359.33
20 1466 1359.33
20 1467 1359.33
20 1468 1359.33
20 1469 1359.33
20 1470 1359.33
20 1471 1359.33
20 1472 1359.33
20 1473 1359.33
20 1474 1359.33
20 1475 1359.33
20 1476 1359.33
20 1477 1359.33
20 1478 1359.33
20 1479 1359.33
20 1480 1359.33
20 1481 1359.33
20 1482 1359.33
20 1483 1359.33
20 1484 1359.33
20 1485 1359.33
20 1486 1359.33
20 1487 1359.33
20 1488 1359.33
20 1489 1359.33
20 1490 1359.33
20 1491 1359.33
20 1492 1359.33
20 1493 1359.33
20 1494 1359.33
20 1495 1359.33
20 1496 1359.33
20 1497 1359.33
20 1498 1359.33
20 1499 1359.33
20 1500 1359.33
20 1501 1359.33
20 1502 1359.33
20 1503 1359.33
20 1504 1359.33
20 1505 1359.33
20 1506 1359.33
20 1507 1359.33
20 1508 1359.33
20 1509 1359.33
20 1510 1359.33
20 1511 1359.33
20 1512 1314.53
20 1513 1314.53
20 1514 1314.53
20 1515 1314.53
20 1516 1314.53
20 1517 1314.53
20 1518 1314.53
20 1519 1314.53
20 1520 1314.53
20 1521 1314.53
20 1522 1314.53
20 1523 1314.53
20 1524 1314.53
20 1525 1314.53
20 1526 1314.53
20 1527 1314.53
20 1528 1314.53
20 1529 1314.53
20 1530 1314.53
20 1531 1314.53
21 1532 1314.53
21 1533 1314.53
21 1534 1314.53
21 1535 1314.53
21 1536 1314.53
21 1537 1314.53
21 1538 1314.53
21 1539 1314.53
21 1540 1314.53
21 1541 1314.53
21 1542 1314.53
21 1543 1314.53
21 1544 1314.53
21 1545 1314.53
21 1546 1314.53
21 1547 1314.53
21 1548 1314.53
21 1549 1314.53
21 1550 1314.53
21 1551 1314.53
21 1552 1314.53
21 1553 1314.53
21 1554 1314.53
21 1555 1313.53
21 1556 1313.53
21 1557 1313.53
21 1558 1313.53
21 1559 1313.53
21 1560 1313.53
21 1561 1313.53
21 1562 1313.53
21 1563 1313.53
21 1564 1313.53
21 1565 1313.53
21 1566 1313.53
21 1567 1313.53
21 1568 1313.53
21 1569 1313.53
21 1570 1313.53
21 1571 1313.53
21 1572 1313.53
21 1573 1313.53
21 1574 1313.53
21 1575 1313.53
21 1576 1313.53
21 1577 1313.53
21 1578 1313.53
21 1579 1313.53
21 1580 1313.53
21 1581 1313.53
21 1582 1313.53
21 1583 1313.53
21 1584 1313.53
21 1585 1313.53
21 1586 1313.53
21 1587 1313.53
21 1588 1313.53
21 1589 1313.53
21 1590 1313.53
21 1591 1313.53
21 1592 1313.53
21 1593 1313.53
21 1594 1313.53
21 1595 1313.53
21 1596 1313.53
21 1597 1313.53
21 1598 1313.53
21 1599 1313.53
21 1600 1313.53
21 1601 1313.53
21 1602 1313.53
21 1603 1313.53
21 1604 1313.53
21 1605 1313.53
21 1606 1313.53
21 1607 1313.53
21 1608 1313.53
21 1609 1313.53
21 1610 1313.53
21 1611 1313.53
21 1612 1313.53
21 1613 1313.53
22 1614 1313.53
22 1615 1313.53
22 1616 1313.53
22 1617 1311.2399999999998
22 1618 1311.2399999999998
22 1619 1311.2399999999998
22 1620 1311.2399999999998
22 1621 1311.2399999999998
22 1622 1311.2399999999998
22 1623 1311.2399999999998
22 1624 1311.2399999999998
22 1625 1311.2399999999998
22 1626 1311.2399999999998
22 1627 1311.2399999999998
22 1628 1311.2399999999998
22 1629 1311.2399999999998
22 1630 1311.2399999999998
22 1631 1311.2399999999998
22 1632 1311.2399999999998
22 1633 1311.2399999999998
22 1634 1311.2399999999998
22 1635 1311.2399999999998
22 1636 1311.2399999999998
22 1637 1311.2399999999998
22 1638 1311.2399999999998
22 1639 1311.2399999999998
22 1640 1311.2399999999998
22 1641 1311.2399999999998
22 1642 1311.2399999999998
22 1643 1311.2399999999998
22 1644 1311.2399999999998
22 1645 1311.2399999999998
22 1646 1311.2399999999998
22 1647 1311.2399999999998
22 1648 1311.2399999999998
22 1649 1311.2399999999998
22 1650 1311.2399999999998
22 1651 1311.2399999999998
22 1652 1311.2399999999998
22 1653 1311.2399999999998
22 1654 1311.2399999999998
22 1655 1311.2399999999998
22 1656 1311.2399999999998
22 1657 1311.2399999999998
22 1658 1311.2399999999998
22 1659 1311.2399999999998
22 1660 1311.2399999999998
22 1661 1310.8000000000002
22 1662 1310.8000000000002
22 1663 1310.8000000000002
22 1664 1310.8000000000002
22 1665 1310.8000000000002
22 1666 1310.8000000000002
22 1667 1310.8000000000002
22 1668 1310.8000000000002
22 1669 1310.8000000000002
22 1670 1310.8000000000002
22 1671 1310.8000000000002
22 1672 1310.8000000000002
22 1673 1310.8000000000002
22 1674 1310.8000000000002
22 1675 1310.8000000000002
22 1676 1310.8000000000002
22 1677 1310.8000000000002
22 1678 1310.8000000000002
22 1679 1310.8000000000002
22 1680 1310.8000000000002
22 1681 1310.2399999999998
22 1682 1310.2399999999998
22 1683 1310.2399999999998
22 1684 1310.2399999999998
22 1685 1220.88
22 1686 1220.88
22 1687 1220.88
22 1688 1220.88
22 1689 1220.88
22 1690 1220.88
22 1691 1220.88
22 1692 1220.88
22 1693 1220.88
22 1694 1220.88
22 1695 1220.88
22 1696 1220.88
22 1697 1220.88
23 1698 1220.88
23 1699 1220.88
23 1700 1220.88
23 1701 1220.88
23 1702 1220.88
23 1703 1220.88
23 1704 1220.88
23 1705 1220.88
23 1706 1220.88
23 1707 1220.88
23 1708 1220.88
23 1709 1220.88
23 1710 1220.88
23 1711 1220.88
23 1712 1220.88
23 1713 1220.88
23 1714 1220.88
23 1715 1220.88
23 1716 1220.88
23 1717 1220.88
23 1718 1220.88
23 1719 1220.88
23 1720 1220.88
23 1721 1220.88
23 1722 1220.88
23 1723 1220.88
23 1724 1220.88
23 1725 1220.88
23 1726 1220.88
23 1727 1220.88
23 1728 1220.88
23 1729 1220.88
23 1730 1220.88
23 1731 1220.88
23 1732 1220.88
23 1733 1220.88
23 1734 1220.88
23 1735 1220.88
23 1736 1220.88
23 1737 1220.88
23 1738 1220.88
23 1739 1220.88
23 1740 1220.88
23 1741 1220.88
23 1742 1220.88
23 1743 1220.88
23 1744 1220.88
23 1745 1220.88
23 1746 1220.88
23 1747 1220.88
23 1748 1220.88
23 1749 1220.88
23 1750 1220.88
23 1751 1168.5
23 1752 1168.5
23 1753 1168.5
23 1754 1167.5
23 1755 1167.5
23 1756 1167.5
23 1757 1167.5
23 1758 1167.5
23 1759 900.97
23 1760 900.97
23 1761 900.97
23 1762 900.97
23 1763 900.97
23 1764 900.97
23 1765 900.97
23 1766 900.97
23 1767 900.97
23 1768 900.97
23 1769 900.97
23 1770 900.97
23 1771 900.97
23 1772 900.97
23 1773 900.97
23 1774 900.97
23 1775 900.97
23 1776 900.97
23 1777 900.97
24 1778 900.97
24 1779 900.97
24 1780 900.97
24 1781 900.97
24 1782 900.97
24 1783 900.97
24 1784 900.97
24 1785 900.97
24 1786 900.97
24 1787 900.97
24 1788 900.97
24 1789 900.97
24 1790 900.97
24 1791 900.97
24 1792 900.97
24 1793 900.97
24 1794 900.97
24 1795 900.97
24 1796 884.9700000000001
24 1797 884.9700000000001
24 1798 884.9700000000001
24 1799 884.9700000000001
24 1800 884.9700000000001
24 1801 884.9700000000001
24 1802 884.9700000000001
24 1803 884.9700000000001
24 1804 884.9700000000001
24 1805 884.9700000000001
24 1806 884.9700000000001
24 1807 884.9700000000001
24 1808 884.9700000000001
24 1809 884.9700000000001
24 1810 884.9700000000001
24 1811 884.9700000000001
24 1812 884.9700000000001
24 1813 884.9700000000001
24 1814 884.9700000000001
24 1815 884.9700000000001
24 1816 884.9700000000001
24 1817 884.9700000000001
24 1818 884.9700000000001
24 1819 884.9700000000001
24 1820 884.9700000000001
24 1821 884.9700000000001
24 1822 884.9700000000001
24 1823 884.9700000000001
24 1824 884.9700000000001
24 1825 884.9700000000001
24 1826 884.9700000000001
24 1827 884.9700000000001
24 1828 884.9700000000001
24 1829 884.9700000000001
24 1830 884.9700000000001
24 1831 884.9700000000001
24 1832 884.9700000000001
24 1833 884.9700000000001
24 1834 884.9700000000001
24 1835 884.9700000000001
24 1836 884.9700000000001
24 1837 884.9700000000001
24 1838 884.9700000000001
24 1839 884.9700000000001
24 1840 884.9700000000001
24 1841 884.9700000000001
24 1842 884.9700000000001
24 1843 884.9700000000001
24 1844 884.9700000000001
24 1845 884.9700000000001
24 1846 884.9700000000001
24 1847 884.9700000000001
24 1848 884.9700000000001
24 1849 884.9700000000001
24 1850 884.9700000000001
24 1851 884.9700000000001
24 1852 884.9700000000001
24 1853 884.9700000000001
24 1854 884.9700000000001
24 1855 884.9700000000001
24 1856 884.9700000000001
24 1857 884.9700000000001
24 1858 884.9700000000001
25 1859 884.9700000000001
25 1860 884.9700000000001
25 1861 884.9700000000001
25 1862 884.9700000000001
25 1863 884.9700000000001
25 1864 884.9700000000001
25 1865 884.9700000000001
25 1866 884.9700000000001
25 1867 884.9700000000001
25 1868 884.9700000000001
25 1869 884.9700000000001
25 1870 884.9700000000001
25 1871 884.9700000000001
25 1872 884.9700000000001
25 1873 884.9700000000001
25 1874 884.9700000000001
25 1875 884.9700000000001
25 1876 884.9700000000001
25 1877 884.9700000000001
25 1878 884.9700000000001
25 1879 884.9700000000001
25 1880 884.9700000000001
25 1881 884.9700000000001
25 1882 884.9700000000001
25 1883 884.9700000000001
25 1884 884.9700000000001
25 1885 884.9700000000001
25 1886 884.9700000000001
25 1887 884.9700000000001
25 1888 884.9700000000001
25 1889 884.9700000000001
25 1890 884.9700000000001
25 1891 884.9700000000001
25 1892 884.9700000000001
25 1893 884.9700000000001
25 1894 884.9700000000001
25 1895 884.9700000000001
25 1896 884.9700000000001
25 1897 884.9700000000001
25 1898 884.9700000000001
25 1899 884.9700000000001
25 1900 884.9700000000001
25 1901 884.9700000000001
25 1902 884.9700000000001
25 1903 884.9700000000001
25 1904 884.9700000000001
25 1905 884.9700000000001
25 1906 884.9700000000001
25 1907 884.9700000000001
25 1908 884.9700000000001
25 1909 884.9700000000001
25 1910 884.9700000000001
25 1911 884.9700000000001
25 1912 884.9700000000001
25 1913 884.9700000000001
25 1914 884.9700000000001
25 1915 884.9700000000001
25 1916 884.9700000000001
25 1917 884.9700000000001
25 1918 884.9700000000001
25 1919 884.9700000000001
25 1920 884.9700000000001
25 1921 884.9700000000001
25 1922 884.9700000000001
25 1923 884.9700000000001
25 1924 884.9700000000001
25 1925 884.9700000000001
25 1926 884.9700000000001
25 1927 884.9700000000001
25 1928 884.9700000000001
25 1929 884.9700000000001
25 1930 884.9700000000001
25 1931 884.9700000000001
25 1932 884.9700000000001
25 1933 884.9700000000001
26 1934 884.9700000000001
26 1935 884.9700000000001
26 1936 884.9700000000001
26 1937 884.9700000000001
26 1938 884.9700000000001
26 1939 884.9700000000001
26 1940 884.9700000000001
26 1941 884.9700000000001
26 1942 884.9700000000001
26 1943 884.9700000000001
26 1944 884.9700000000001
26 1945 884.9700000000001
26 1946 884.9700000000001
26 1947 884.9700000000001
26 1948 884.9700000000001
26 1949 884.9700000000001
26 1950 884.9700000000001
26 1951 884.9700000000001
26 1952 884.9700000000001
26 1953 884.9700000000001
26 1954 884.9700000000001
26 1955 884.9700000000001
26 1956 884.9700000000001
26 1957 884.9700000000001
26 1958 884.9700000000001
26 1959 823.8199999999999
26 1960 823.8199999999999
26 1961 823.8199999999999
26 1962 823.8199999999999
26 1963 823.8199999999999
26 1964 823.8199999999999
26 1965 823.8199999999999
26 1966 823.8199999999999
26 1967 823.8199999999999
26 1968 823.8199999999999
26 1969 823.8199999999999
26 1970 823.8199999999999
26 1971 823.8199999999999
26 1972 823.8199999999999
26 1973 823.8199999999999
26 1974 823.8199999999999
26 1975 823.8199999999999
26 1976 823.8199999999999
26 1977 823.8199999999999
26 1978 823.8199999999999
26 1979 823.8199999999999
26 1980 823.8199999999999
26 1981 823.8199999999999
26 1982 800.1
26 1983 800.1
26 1984 800.1
26 1985 800.1
26 1986 800.1
26 1987 800.1
26 1988 800.1
26 1989 800.1
26 1990 800.1
26 1991 800.1
26 1992 800.1
26 1993 800.1
26 1994 800.1
26 1995 800.1
26 1996 800.1
26 1997 800.1
26 1998 800.1
26 1999 800.1
26 2000 800.1
26 2001 800.1
26 2002 800.1
26 2003 800.1
26 2004 800.1
26 2005 800.1
26 2006 800.1
26 2007 800.1
27 2008 800.1
27 2009 800.1
27 2010 800.1
27 2011 800.1
27 2012 800.1
27 2013 800.1
27 2014 800.1
27 2015 800.1
27 2016 800.1
27 2017 800.1
27 2018 800.1
27 2019 800.1
27 2020 800.1
27 2021 800.1
27 2022 800.1
27 2023 800.1
27 2024 800.1
27 2025 800.1
27 2026 800.1
27 2027 800.1
27 2028 800.1
27 2029 800.1
27 2030 800.1
27 2031 800.1
27 2032 800.1
27 2033 800.1
27 2034 800.1
27 2035 800.1
27 2036 800.1
27 2037 800.1
27 2038 800.1
27 2039 800.1
27 2040 800.1
27 2041 800.1
27 2042 800.1
27 2043 800.1
27 2044 800.1
27 2045 800.1
27 2046 800.1
27 2047 800.1
27 2048 800.1
27 2049 800.1
27 2050 800.1
27 2051 800.1
27 2052 800.1
27 2053 800.1
27 2054 800.1
27 2055 800.1
27 2056 800.1
27 2057 800.1
27 2058 800.1
27 2059 800.1
27 2060 800.1
27 2061 800.1
27 2062 800.1
27 2063 800.1
27 2064 800.1
27 2065 800.1
27 2066 800.1
27 2067 800.1
27 2068 800.1
27 2069 730.3199999999999
27 2070 730.3199999999999
27 2071 730.3199999999999
27 2072 730.3199999999999
27 2073 730.3199999999999
27 2074 730.3199999999999
27 2075 730.3199999999999
27 2076 730.3199999999999
27 2077 730.3199999999999
27 2078 730.3199999999999
27 2079 730.3199999999999
27 2080 730.3199999999999
27 2081 730.3199999999999
27 2082 730.3199999999999
27 2083 730.3199999999999
27 2084 730.3199999999999
27 2085 730.3199999999999
27 2086 730.3199999999999
27 2087 730.3199999999999
27 2088 730.3199999999999
27 2089 730.3199999999999
27 2090 730.3199999999999
27 2091 730.3199999999999
27 2092 730.3199999999999
28 2093 730.3199999999999
28 2094 730.3199999999999
28 2095 666.3199999999999
28 2096 666.3199999999999
28 2097 666.3199999999999
28 2098 666.3199999999999
28 2099 666.3199999999999
28 2100 666.3199999999999
28 2101 666.3199999999999
28 2102 666.3199999999999
28 2103 666.3199999999999
28 2104 666.3199999999999
28 2105 666.3199999999999
28 2106 666.3199999999999
28 2107 666.3199999999999
28 2108 666.3199999999999
28 2109 666.3199999999999
28 2110 666.3199999999999
28 2111 666.3199999999999
28 2112 666.3199999999999
28 2113 666.3199999999999
28 2114 666.3199999999999
28 2115 666.3199999999999
28 2116 666.3199999999999
28 2117 666.3199999999999
28 2118 666.3199999999999
28 2119 666.3199999999999
28 2120 666.3199999999999
28 2121 666.3199999999999
28 2122 666.3199999999999
28 2123 666.3199999999999
28 2124 666.3199999999999
28 2125 666.3199999999999
28 2126 666.3199999999999
28 2127 666.3199999999999
28 2128 666.3199999999999
28 2129 666.3199999999999
28 2130 666.3199999999999
28 2131 666.3199999999999
28 2132 666.3199999999999
28 2133 666.3199999999999
28 2134 666.3199999999999
28 2135 666.3199999999999
28 2136 666.3199999999999
28 2137 666.3199999999999
28 2138 666.3199999999999
28 2139 666.3199999999999
28 2140 666.3199999999999
28 2141 666.3199999999999
28 2142 666.3199999999999
28 2143 666.3199999999999
28 2144 650.3199999999999
28 2145 650.3199999999999
28 2146 650.3199999999999
28 2147 650.3199999999999
28 2148 650.3199999999999
28 2149 650.3199999999999
28 2150 650.3199999999999
28 2151 650.3199999999999
28 2152 650.3199999999999
28 2153 650.3199999999999
28 2154 650.3199999999999
28 2155 650.3199999999999
28 2156 650.3199999999999
28 2157 650.3199999999999
28 2158 650.3199999999999
28 2159 650.3199999999999
28 2160 650.3199999999999
28 2161 650.3199999999999
28 2162 650.3199999999999
28 2163 650.3199999999999
28 2164 650.3199999999999
28 2165 650.3199999999999
28 2166 650.3199999999999
28 2167 650.3199999999999
28 2168 650.3199999999999
28 2169 650.3199999999999
28 2170 650.3199999999999
28 2171 650.3199999999999
28 2172 650.3199999999999
28 2173 650.3199999999999
28 2174 650.3199999999999
28 2175 650.3199999999999
28 2176 650.3199999999999
28 2177 650.3199999999999
28 2178 650.3199999999999
28 2179 650.3199999999999
29 2180 650.3199999999999
29 2181 650.3199999999999
29 2182 650.3199999999999
29 2183 650.3199999999999
29 2184 650.3199999999999
29 2185 650.3199999999999
29 2186 650.3199999999999
29 2187 650.3199999999999
29 2188 650.3199999999999
29 2189 650.3199999999999
29 2190 650.3199999999999
29 2191 650.3199999999999
29 2192 650.3199999999999
29 2193 650.3199999999999
29 2194 650.3199999999999
29 2195 650.3199999999999
29 2196 650.3199999999999
29 2197 650.3199999999999
29 2198 650.3199999999999
29 2199 650.3199999999999
29 2200 650.3199999999999
29 2201 650.3199999999999
29 2202 650.3199999999999
29 2203 650.3199999999999
29 2204 650.3199999999999
29 2205 650.3199999999999
29 2206 650.3199999999999
29 2207 650.3199999999999
29 2208 650.3199999999999
29 2209 650.3199999999999
29 2210 650.3199999999999
29 2211 650.3199999999999
29 2212 650.3199999999999
29 2213 650.3199999999999
29 2214 650.3199999999999
29 2215 650.3199999999999
29 2216 650.3199999999999
29 2217 650.3199999999999
29 2218 650.3199999999999
29 2219 650.3199999999999
29 2220 650.3199999999999
29 2221 650.3199999999999
29 2222 650.3199999999999
29 2223 650.3199999999999
29 2224 650.3199999999999
29 2225 650.3199999999999
29 2226 650.3199999999999
29 2227 650.3199999999999
29 2228 650.3199999999999
29 2229 650.3199999999999
29 2230 650.3199999999999
29 2231 650.3199999999999
29 2232 650.3199999999999
29 2233 650.3199999999999
29 2234 650.3199999999999
29 2235 650.3199999999999
29 2236 650.3199999999999
29 2237 650.3199999999999
29 2238 650.3199999999999
29 2239 650.3199999999999
29 2240 650.3199999999999
29 2241 650.3199999999999
29 2242 650.3199999999999
29 2243 650.3199999999999
29 2244 650.3199999999999
29 2245 650.3199999999999
29 2246 650.3199999999999
29 2247 650.3199999999999
29 2248 643.25
29 2249 643.25
29 2250 643.25
29 2251 643.25
29 2252 643.25
29 2253 643.25
29 2254 643.25
29 2255 643.25
29 2256 643.25
29 2257 643.25
29 2258 643.25
29 2259 643.25
29 2260 643.25
29 2261 643.25
29 2262 643.25
29 2263 643.25
30 2264 643.25
30 2265 643.25
30 2266 643.25
30 2267 367.6
30 2268 367.6
30 2269 367.6
30 2270 367.6
30 2271 367.6
30 2272 367.6
30 2273 367.6
30 2274 367.6
30 2275 367.6
30 2276 367.6
30 2277 367.6
30 2278 367.6
30 2279 367.6
30 2280 367.6
30 2281 367.6
30 2282 367.6
30 2283 367.6
30 2284 367.6
30 2285 367.6
30 2286 367.6
30 2287 367.6
30 2288 367.6
30 2289 367.6
30 2290 367.6
30 2291 367.6
30 2292 367.6
30 2293 367.6
30 2294 367.6
30 2295 367.6
30 2296 367.6
30 2297 367.6
30 2298 367.6
30 2299 367.6
30 2300 367.6
30 2301 367.6
30 2302 367.6
30 2303 367.6
30 2304 367.6
30 2305 367.6
30 2306 367.6
30 2307 367.6
30 2308 367.6
30 2309 367.6
30 2310 367.6
30 2311 367.6
30 2312 367.6
30 2313 367.6
30 2314 367.6
30 2315 367.6
30 2316 367.6
30 2317 367.6
30 2318 367.6
30 2319 367.6
30 2320 367.6
30 2321 367.6
30 2322 367.6
30 2323 367.6
30 2324 367.6
30 2325 367.6
30 2326 367.6
30 2327 367.6
30 2328 367.6
30 2329 367.6
30 2330 367.6
30 2331 367.6
30 2332 367.6
30 2333 367.6
30 2334 367.6
30 2335 367.6
30 2336 367.6
30 2337 367.6
30 2338 367.6
30 2339 367.6
30 2340 367.6
30 2341 367.6
30 2342 367.6
30 2343 367.6
31 2344 367.6
31 2345 367.6
31 2346 367.6
31 2347 367.6
31 2348 367.6
31 2349 367.6
31 2350 367.6
31 2351 367.6
31 2352 367.6
31 2353 367.6
31 2354 367.6
31 2355 367.6
31 2356 367.6
31 2357 367.6
31 2358 367.6
31 2359 367.6
31 2360 367.6
31 2361 367.6
31 2362 367.6
31 2363 367.6
31 2364 367.6
31 2365 367.6
31 2366 367.6
31 2367 367.6
31 2368 367.6
31 2369 367.6
31 2370 367.6
31 2371 367.6
31 2372 367.6
31 2373 367.6
31 2374 351.33000000000004
31 2375 351.33000000000004
31 2376 351.33000000000004
31 2377 351.33000000000004
31 2378 351.33000000000004
31 2379 351.33000000000004
31 2380 351.33000000000004
31 2381 351.33000000000004
31 2382 351.33000000000004
31 2383 351.33000000000004
31 2384 351.33000000000004
31 2385 351.33000000000004
31 2386 351.33000000000004
31 2387 351.33000000000004
31 2388 351.33000000000004
31 2389 351.33000000000004
31 2390 351.33000000000004
31 2391 351.33000000000004
31 2392 224.41000000000003
31 2393 224.41000000000003
31 2394 224.41000000000003
31 2395 224.41000000000003
31 2396 224.41000000000003
31 2397 224.41000000000003
31 2398 224.41000000000003
31 2399 224.41000000000003
31 2400 224.41000000000003
31 2401 224.41000000000003
31 2402 224.41000000000003
31 2403 224.41000000000003
31 2404 224.41000000000003
31 2405 224.41000000000003
31 2406 224.41000000000003
31 2407 224.41000000000003
31 2408 224.41000000000003
31 2409 224.41000000000003
31 2410 223.41000000000003
31 2411 223.41000000000003
31 2412 223.41000000000003
31 2413 223.41000000000003
31 2414 223.41000000000003
31 2415 223.41000000000003
31 2416 223.41000000000003
31 2417 223.41000000000003
31 2418 223.41000000000003
31 2419 223.41000000000003
31 2420 223.41000000000003
31 2421 223.41000000000003
32 2422 223.41000000000003
32 2423 223.41000000000003
32 2424 223.41000000000003
32 2425 223.41000000000003
32 2426 223.41000000000003
32 2427 223.41000000000003
32 2428 223.41000000000003
32 2429 223.41000000000003
32 2430 223.41000000000003
32 2431 223.41000000000003
32 2432 223.41000000000003
32 2433 223.41000000000003
32 2434 223.41000000000003
32 2435 223.41000000000003
32 2436 223.41000000000003
32 2437 223.41000000000003
32 2438 223.41000000000003
32 2439 223.41000000000003
32 2440 223.41000000000003
32 2441 223.41000000000003
32 2442 223.41000000000003
32 2443 223.41000000000003
32 2444 223.41000000000003
32 2445 223.41000000000003
32 2446 223.41000000000003
32 2447 223.41000000000003
32 2448 223.41000000000003
32 2449 223.41000000000003
32 2450 223.41000000000003
32 2451 223.41000000000003
32 2452 223.41000000000003
32 2453 223.41000000000003
32 2454 223.41000000000003
32 2455 223.41000000000003
32 2456 223.41000000000003
32 2457 223.41000000000003
32 2458 223.41000000000003
32 2459 223.41000000000003
32 2460 223.41000000000003
32 2461 223.41000000000003
32 2462 223.41000000000003
32 2463 223.41000000000003
32 2464 223.41000000000003
32 2465 223.41000000000003
32 2466 223.41000000000003
32 2467 223.41000000000003
32 2468 223.41000000000003
32 2469 223.41000000000003
32 2470 223.41000000000003
32 2471 223.41000000000003
32 2472 223.41000000000003
32 2473 223.41000000000003
32 2474 223.41000000000003
32 2475 223.41000000000003
32 2476 223.41000000000003
32 2477 223.41000000000003
32 2478 223.41000000000003
32 2479 223.41000000000003
32 2480 223.41000000000003
32 2481 223.41000000000003
32 2482 223.41000000000003
32 2483 223.41000000000003
32 2484 223.41000000000003
32 2485 223.41000000000003
32 2486 223.41000000000003
32 2487 223.41000000000003
32 2488 223.41000000000003
32 2489 223.41000000000003
32 2490 223.41000000000003
32 2491 223.41000000000003
32 2492 223.41000000000003
32 2493 223.41000000000003
32 2494 223.41000000000003
32 2495 223.41000000000003
32 2496 223.41000000000003
33 2497 223.41000000000003
33 2498 223.41000000000003
33 2499 223.41000000000003
33 2500 223.41000000000003
33 2501 223.41000000000003
33 2502 223.41000000000003
33 2503 223.41000000000003
33 2504 223.41000000000003
33 2505 223.41000000000003
33 2506 223.41000000000003
33 2507 223.41000000000003
33 2508 223.41000000000003
33 2509 223.41000000000003
33 2510 223.41000000000003
33 2511 223.41000000000003
33 2512 223.41000000000003
33 2513 223.41000000000003
33 2514 223.41000000000003
33 2515 223.41000000000003
33 2516 223.41000000000003
33 2517 223.41000000000003
33 2518 223.41000000000003
33 2519 223.41000000000003
33 2520 223.41000000000003
33 2521 223.41000000000003
33 2522 223.41000000000003
33 2523 223.41000000000003
33 2524 223.41000000000003
33 2525 223.41000000000003
33 2526 223.41000000000003
33 2527 223.41000000000003
33 2528 223.41000000000003
33 2529 223.41000000000003
33 2530 223.41000000000003
33 2531 223.41000000000003
33 2532 223.41000000000003
33 2533 223.41000000000003
33 2534 223.41000000000003
33 2535 223.41000000000003
33 2536 223.41000000000003
33 2537 223.41000000000003
33 2538 223.41000000000003
33 2539 223.41000000000003
33 2540 223.41000000000003
33 2541 223.41000000000003
33 2542 223.41000000000003
33 2543 223.41000000000003
33 2544 223.41000000000003
33 2545 223.41000000000003
33 2546 223.41000000000003
33 2547 223.41000000000003
33 2548 223.41000000000003
33 2549 223.41000000000003
33 2550 223.41000000000003
33 2551 223.41000000000003
33 2552 223.41000000000003
33 2553 223.41000000000003
33 2554 223.41000000000003
33 2555 223.41000000000003
33 2556 223.41000000000003
33 2557 223.41000000000003
33 2558 223.41000000000003
33 2559 223.41000000000003
33 2560 223.41000000000003
33 2561 223.41000000000003
33 2562 223.41000000000003
33 2563 223.41000000000003
33 2564 223.41000000000003
33 2565 223.41000000000003
33 2566 223.41000000000003
33 2567 223.41000000000003
33 2568 223.41000000000003
33 2569 223.41000000000003
33 2570 223.41000000000003
34 2571 223.41000000000003
34 2572 223.41000000000003
34 2573 223.41000000000003
34 2574 223.41000000000003
34 2575 223.41000000000003
34 2576 223.41000000000003
34 2577 223.41000000000003
34 2578 223.41000000000003
34 2579 223.41000000000003
34 2580 223.41000000000003
34 2581 223.41000000000003
34 2582 223.41000000000003
34 2583 223.41000000000003
34 2584 223.41000000000003
34 2585 223.41000000000003
34 2586 223.41000000000003
34 2587 223.41000000000003
34 2588 223.41000000000003
34 2589 223.41000000000003
34 2590 223.41000000000003
34 2591 223.41000000000003
34 2592 223.41000000000003
34 2593 223.41000000000003
34 2594 223.41000000000003
34 2595 223.41000000000003
34 2596 223.41000000000003
34 2597 223.41000000000003
34 2598 223.41000000000003
34 2599 223.41000000000003
34 2600 223.41000000000003
34 2601 223.41000000000003
34 2602 223.41000000000003
34 2603 223.41000000000003
34 2604 223.41000000000003
34 2605 223.41000000000003
34 2606 223.41000000000003
34 2607 223.41000000000003
34 2608 223.41000000000003
34 2609 223.41000000000003
34 2610 223.41000000000003
34 2611 223.41000000000003
34 2612 223.41000000000003
34 2613 223.41000000000003
34 2614 223.41000000000003
34 2615 223.41000000000003
34 2616 223.41000000000003
34 2617 223.41000000000003
34 2618 223.41000000000003
34 2619 223.41000000000003
34 2620 223.41000000000003
34 2621 223.41000000000003
34 2622 223.41000000000003
34 2623 223.41000000000003
34 2624 223.41000000000003
34 2625 223.41000000000003
34 2626 223.41000000000003
34 2627 223.41000000000003
34 2628 223.41000000000003
34 2629 223.41000000000003
34 2630 223.41000000000003
34 2631 223.41000000000003
34 2632 223.41000000000003
34 2633 223.41000000000003
34 2634 223.41000000000003
34 2635 223.41000000000003
34 2636 223.41000000000003
34 2637 223.41000000000003
34 2638 223.41000000000003
34 2639 223.41000000000003
34 2640 223.41000000000003
34 2641 223.41000000000003
34 2642 223.41000000000003
34 2643 223.41000000000003
34 2644 223.41000000000003
34 2645 223.41000000000003
34 2646 223.41000000000003
34 2647 223.41000000000003
34 2648 223.41000000000003
34 2649 223.41000000000003
34 2650 223.41000000000003
34 2651 223.41000000000003
35 2652 223.41000000000003
35 2653 223.41000000000003
35 2654 223.41000000000003
35 2655 223.41000000000003
35 2656 223.41000000000003
35 2657 223.41000000000003
35 2658 223.41000000000003
35 2659 223.41000000000003
35 2660 223.41000000000003
35 2661 223.41000000000003
35 2662 223.41000000000003
35 2663 223.41000000000003
35 2664 223.41000000000003
35 2665 223.41000000000003
35 2666 223.41000000000003
35 2667 223.41000000000003
35 2668 223.41000000000003
35 2669 223.41000000000003
35 2670 223.41000000000003
35 2671 223.41000000000003
35 2672 223.41000000000003
35 2673 223.41000000000003
35 2674 223.41000000000003
35 2675 223.41000000000003
35 2676 223.41000000000003
35 2677 223.41000000000003
35 2678 223.41000000000003
35 2679 223.41000000000003
35 2680 223.41000000000003
35 2681 223.41000000000003
35 2682 223.41000000000003
35 2683 223.41000000000003
35 2684 223.41000000000003
35 2685 223.41000000000003
35 2686 223.41000000000003
35 2687 223.41000000000003
35 2688 223.41000000000003
35 2689 223.41000000000003
35 2690 223.41000000000003
35 2691 223.41000000000003
35 2692 223.41000000000003
35 2693 223.41000000000003
35 2694 221.32000000000002
35 2695 221.32000000000002
35 2696 221.32000000000002
35 2697 221.32000000000002
35 2698 221.32000000000002
35 2699 221.32000000000002
35 2700 221.32000000000002
35 2701 221.32000000000002
35 2702 221.32000000000002
35 2703 221.32000000000002
35 2704 221.32000000000002
35 2705 221.32000000000002
35 2706 221.32000000000002
35 2707 221.32000000000002
35 2708 221.32000000000002
35 2709 221.32000000000002
35 2710 221.32000000000002
35 2711 221.32000000000002
35 2712 221.32000000000002
35 2713 221.32000000000002
35 2714 221.32000000000002
35 2715 221.32000000000002
35 2716 221.32000000000002
35 2717 221.32000000000002
35 2718 221.32000000000002
35 2719 221.32000000000002
35 2720 221.32000000000002
35 2721 221.32000000000002
35 2722 221.32000000000002
35 2723 221.32000000000002
35 2724 221.32000000000002
35 2725 221.32000000000002
35 2726 221.32000000000002
35 2727 221.32000000000002
35 2728 221.32000000000002
35 2729 221.32000000000002
35 2730 221.32000000000002
35 2731 221.32000000000002
35 2732 221.32000000000002
35 2733 221.32000000000002
35 2734 221.32000000000002
35 2735 221.32000000000002
35 2736 221.32000000000002
36 2737 221.32000000000002
36 2738 221.32000000000002
36 2739 221.32000000000002
36 2740 221.32000000000002
36 2741 221.32000000000002
36 2742 221.32000000000002
36 2743 221.32000000000002
36 2744 221.32000000000002
36 2745 221.32000000000002
36 2746 221.32000000000002
36 2747 221.32000000000002
36 2748 221.32000000000002
36 2749 221.32000000000002
36 2750 221.32000000000002
36 2751 221.32000000000002
36 2752 221.32000000000002
36 2753 221.32000000000002
36 2754 221.32000000000002
36 2755 221.32000000000002
36 2756 221.32000000000002
36 2757 221.32000000000002
36 2758 221.32000000000002
36 2759 221.32000000000002
36 2760 221.32000000000002
36 2761 221.32000000000002
36 2762 221.32000000000002
36 2763 221.32000000000002
36 2764 221.32000000000002
36 2765 221.32000000000002
36 2766 221.32000000000002
36 2767 221.32000000000002
36 2768 221.32000000000002
36 2769 221.32000000000002
36 2770 221.32000000000002
36 2771 221.32000000000002
36 2772 221.32000000000002
36 2773 221.32000000000002
36 2774 221.32000000000002
36 2775 221.32000000000002
36 2776 221.32000000000002
36 2777 221.32000000000002
36 2778 221.32000000000002
36 2779 221.32000000000002
36 2780 221.32000000000002
36 2781 221.32000000000002
36 2782 221.32000000000002
36 2783 221.32000000000002
36 2784 221.32000000000002
36 2785 221.32000000000002
36 2786 221.32000000000002
36 2787 221.32000000000002
36 2788 221.32000000000002
36 2789 221.32000000000002
36 2790 221.32000000000002
36 2791 221.32000000000002
36 2792 221.32000000000002
36 2793 221.32000000000002
36 2794 221.32000000000002
36 2795 221.32000000000002
36 2796 221.32000000000002
36 2797 221.32000000000002
36 2798 221.32000000000002
36 2799 221.32000000000002
36 2800 221.32000000000002
36 2801 221.32000000000002
36 2802 221.32000000000002
36 2803 221.32000000000002
36 2804 221.32000000000002
36 2805 221.32000000000002
36 2806 221.32000000000002
36 2807 221.32000000000002
36 2808 221.32000000000002
36 2809 221.32000000000002
36 2810 221.32000000000002
36 2811 221.32000000000002
36 2812 221.32000000000002
36 2813 221.32000000000002
36 2814 221.32000000000002
36 2815 221.32000000000002
36 2816 221.32000000000002
36 2817 221.32000000000002
36 2818 221.32000000000002
36 2819 221.32000000000002
36 2820 221.32000000000002
36 2821 221.32000000000002
37 2822 221.32000000000002
37 2823 221.32000000000002
37 2824 221.32000000000002
37 2825 221.32000000000002
37 2826 221.32000000000002
37 2827 221.32000000000002
37 2828 221.32000000000002
37 2829 221.32000000000002
37 2830 221.32000000000002
37 2831 221.32000000000002
37 2832 221.32000000000002
37 2833 221.32000000000002
37 2834 221.32000000000002
37 2835 221.32000000000002
37 2836 221.32000000000002
37 2837 221.32000000000002
37 2838 221.32000000000002
37 2839 221.32000000000002
37 2840 221.32000000000002
37 2841 221.32000000000002
37 2842 221.32000000000002
37 2843 221.32000000000002
37 2844 221.32000000000002
37 2845 221.32000000000002
37 2846 221.32000000000002
37 2847 221.32000000000002
37 2848 221.32000000000002
37 2849 221.32000000000002
37 2850 221.32000000000002
37 2851 221.32000000000002
37 2852 221.32000000000002
37 2853 221.32000000000002
37 2854 221.32000000000002
37 2855 221.32000000000002
37 2856 221.32000000000002
37 2857 221.32000000000002
37 2858 221.32000000000002
37 2859 221.32000000000002
37 2860 221.32000000000002
37 2861 221.32000000000002
37 2862 221.32000000000002
37 2863 221.32000000000002
37 2864 221.32000000000002
37 2865 221.32000000000002
37 2866 221.32000000000002
37 2867 221.32000000000002
37 2868 221.32000000000002
37 2869 221.32000000000002
37 2870 221.32000000000002
37 2871 221.32000000000002
37 2872 221.32000000000002
37 2873 221.32000000000002
37 2874 221.32000000000002
37 2875 221.32000000000002
37 2876 221.32000000000002
37 2877 221.32000000000002
37 2878 221.32000000000002
37 2879 221.32000000000002
37 2880 221.32000000000002
37 2881 221.32000000000002
37 2882 221.32000000000002
37 2883 221.32000000000002
37 2884 221.32000000000002
37 2885 221.32000000000002
37 2886 221.32000000000002
37 2887 221.32000000000002
37 2888 221.32000000000002
37 2889 221.32000000000002
37 2890 221.32000000000002
37 2891 221.32000000000002
37 2892 221.32000000000002
37 2893 221.32000000000002
37 2894 221.32000000000002
37 2895 221.32000000000002
37 2896 221.32000000000002
37 2897 221.32000000000002
37 2898 221.32000000000002
37 2899 221.32000000000002
37 2900 221.32000000000002
38 2901 221.32000000000002
38 2902 221.32000000000002
38 2903 221.32000000000002
38 2904 221.32000000000002
38 2905 221.32000000000002
38 2906 221.32000000000002
38 2907 221.32000000000002
38 2908 221.32000000000002
38 2909 221.32000000000002
38 2910 221.32000000000002
38 2911 221.32000000000002
38 2912 221.32000000000002
38 2913 221.32000000000002
38 2914 221.32000000000002
38 2915 221.32000000000002
38 2916 221.32000000000002
38 2917 221.32000000000002
38 2918 221.32000000000002
38 2919 221.32000000000002
38 2920 221.32000000000002
38 2921 221.32000000000002
38 2922 221.32000000000002
38 2923 221.32000000000002
38 2924 221.32000000000002
38 2925 221.32000000000002
38 2926 221.32000000000002
38 2927 221.32000000000002
38 2928 221.32000000000002
38 2929 221.32000000000002
38 2930 221.32000000000002
38 2931 221.32000000000002
38 2932 221.32000000000002
38 2933 221.32000000000002
38 2934 221.32000000000002
38 2935 221.32000000000002
38 2936 221.32000000000002
38 2937 221.32000000000002
38 2938 221.32000000000002
38 2939 221.32000000000002
38 2940 221.32000000000002
38 2941 221.32000000000002
38 2942 221.32000000000002
38 2943 221.32000000000002
38 2944 221.32000000000002
38 2945 221.32000000000002
38 2946 221.32000000000002
38 2947 221.32000000000002
38 2948 217.32000000000002
38 2949 217.32000000000002
38 2950 217.32000000000002
38 2951 217.32000000000002
38 2952 217.32000000000002
38 2953 217.32000000000002
38 2954 217.32000000000002
38 2955 217.32000000000002
38 2956 217.32000000000002
38 2957 217.32000000000002
38 2958 217.32000000000002
38 2959 217.32000000000002
38 2960 217.32000000000002
38 2961 217.32000000000002
38 2962 217.32000000000002
38 2963 217.32000000000002
38 2964 217.32000000000002
38 2965 217.32000000000002
38 2966 217.32000000000002
38 2967 217.32000000000002
38 2968 217.32000000000002
38 2969 217.32000000000002
38 2970 217.32000000000002
38 2971 217.32000000000002
38 2972 217.32000000000002
38 2973 217.32000000000002
38 2974 217.32000000000002
38 2975 217.32000000000002
38 2976 217.32000000000002
38 2977 217.32000000000002
38 2978 217.32000000000002
38 2979 217.32000000000002
38 2980 217.32000000000002
39 2981 217.32000000000002
39 2982 217.32000000000002
39 2983 217.32000000000002
39 2984 217.32000000000002
39 2985 217.32000000000002
39 2986 217.32000000000002
39 2987 217.32000000000002
39 2988 217.32000000000002
39 2989 217.32000000000002
39 2990 217.32000000000002
39 2991 217.32000000000002
39 2992 217.32000000000002
39 2993 217.32000000000002
39 2994 217.32000000000002
39 2995 217.32000000000002
39 2996 217.32000000000002
39 2997 217.32000000000002
39 2998 217.32000000000002
39 2999 217.32000000000002
39 3000 217.32000000000002
39 3001 217.32000000000002
39 3002 217.32000000000002
39 3003 217.32000000000002
39 3004 217.32000000000002
39 3005 217.32000000000002
39 3006 217.32000000000002
39 3007 217.32000000000002
39 3008 217.32000000000002
39 3009 217.32000000000002
39 3010 217.32000000000002
39 3011 217.32000000000002
39 3012 217.32000000000002
39 3013 217.32000000000002
39 3014 217.32000000000002
39 3015 217.32000000000002
39 3016 217.32000000000002
39 3017 217.32000000000002
39 3018 217.32000000000002
39 3019 217.32000000000002
39 3020 217.32000000000002
39 3021 217.32000000000002
39 3022 217.32000000000002
39 3023 217.32000000000002
39 3024 217.32000000000002
39 3025 217.32000000000002
39 3026 217.32000000000002
39 3027 217.32000000000002
39 3028 217.32000000000002
39 3029 217.32000000000002
39 3030 217.32000000000002
39 3031 217.32000000000002
39 3032 217.32000000000002
39 3033 217.32000000000002
39 3034 217.32000000000002
39 3035 217.32000000000002
39 3036 217.32000000000002
39 3037 217.32000000000002
39 3038 217.32000000000002
39 3039 217.32000000000002
39 3040 217.32000000000002
39 3041 217.32000000000002
39 3042 217.32000000000002
39 3043 217.32000000000002
39 3044 217.32000000000002
39 3045 217.32000000000002
39 3046 217.32000000000002
39 3047 217.32000000000002
39 3048 217.32000000000002
39 3049 217.32000000000002
39 3050 217.32000000000002
39 3051 217.32000000000002
39 3052 217.32000000000002
39 3053 217.32000000000002
39 3054 217.32000000000002
39 3055 217.32000000000002
39 3056 217.32000000000002
39 3057 217.32000000000002
39 3058 217.32000000000002
39 3059 217.32000000000002
39 3060 217.32000000000002
39 3061 217.32000000000002
40 3062 217.32000000000002
40 3063 217.32000000000002
40 3064 217.32000000000002
40 3065 217.32000000000002
40 3066 217.32000000000002
40 3067 217.32000000000002
40 3068 217.32000000000002
40 3069 217.32000000000002
40 3070 217.32000000000002
40 3071 217.32000000000002
40 3072 217.32000000000002
40 3073 217.32000000000002
40 3074 217.32000000000002
40 3075 217.32000000000002
40 3076 217.32000000000002
40 3077 217.32000000000002
40 3078 217.32000000000002
40 3079 217.32000000000002
40 3080 217.32000000000002
40 3081 217.32000000000002
40 3082 217.32000000000002
40 3083 217.32000000000002
40 3084 217.32000000000002
40 3085 217.32000000000002
40 3086 217.32000000000002
40 3087 217.32000000000002
40 3088 217.32000000000002
40 3089 217.32000000000002
40 3090 217.32000000000002
40 3091 217.32000000000002
40 3092 217.32000000000002
40 3093 217.32000000000002
40 3094 217.32000000000002
40 3095 217.32000000000002
40 3096 217.32000000000002
40 3097 217.32000000000002
40 3098 217.32000000000002
40 3099 217.32000000000002
40 3100 217.32000000000002
40 3101 217.32000000000002
40 3102 217.32000000000002
40 3103 217.32000000000002
40 3104 217.32000000000002
40 3105 217.32000000000002
40 3106 217.32000000000002
40 3107 217.32000000000002
40 3108 217.32000000000002
40 3109 217.32000000000002
40 3110 217.32000000000002
40 3111 217.32000000000002
40 3112 217.32000000000002
40 3113 217.32000000000002
40 3114 217.32000000000002
40 3115 217.32000000000002
40 3116 217.32000000000002
40 3117 217.32000000000002
40 3118 217.32000000000002
40 3119 217.32000000000002
40 3120 217.32000000000002
40 3121 217.32000000000002
40 3122 217.32000000000002
40 3123 217.32000000000002
40 3124 217.32000000000002
40 3125 217.32000000000002
40 3126 217.32000000000002
40 3127 217.32000000000002
40 3128 217.32000000000002
40 3129 217.32000000000002
40 3130 217.32000000000002
40 3131 217.32000000000002
40 3132 217.32000000000002
40 3133 217.32000000000002
40 3134 217.32000000000002
40 3135 217.32000000000002
40 3136 217.32000000000002
40 3137 217.32000000000002
40 3138 217.32000000000002
41 3139 217.32000000000002
41 3140 217.32000000000002
41 3141 217.32000000000002
41 3142 217.32000000000002
41 3143 217.32000000000002
41 3144 217.32000000000002
41 3145 217.32000000000002
41 3146 217.32000000000002
41 3147 104.00999999999999
41 3148 104.00999999999999
41 3149 104.00999999999999
41 3150 104.00999999999999
41 3151 104.00999999999999
41 3152 104.00999999999999
41 3153 104.00999999999999
41 3154 104.00999999999999
41 3155 104.00999999999999
41 3156 104.00999999999999
41 3157 104.00999999999999
41 3158 104.00999999999999
41 3159 104.00999999999999
41 3160 104.00999999999999
41 3161 104.00999999999999
41 3162 104.00999999999999
41 3163 104.00999999999999
41 3164 104.00999999999999
41 3165 104.00999999999999
41 3166 104.00999999999999
41 3167 104.00999999999999
41 3168 104.00999999999999
41 3169 104.00999999999999
41 3170 104.00999999999999
41 3171 104.00999999999999
41 3172 104.00999999999999
41 3173 104.00999999999999
41 3174 104.00999999999999
41 3175 104.00999999999999
41 3176 104.00999999999999
41 3177 104.00999999999999
41 3178 104.00999999999999
41 3179 104.00999999999999
41 3180 104.00999999999999
41 3181 104.00999999999999
41 3182 104.00999999999999
41 3183 104.00999999999999
41 3184 104.00999999999999
41 3185 104.00999999999999
41 3186 104.00999999999999
41 3187 104.00999999999999
41 3188 104.00999999999999
41 3189 104.00999999999999
41 3190 104.00999999999999
41 3191 104.00999999999999
41 3192 104.00999999999999
41 3193 104.00999999999999
41 3194 104.00999999999999
41 3195 104.00999999999999
41 3196 104.00999999999999
41 3197 104.00999999999999
41 3198 104.00999999999999
41 3199 104.00999999999999
41 3200 104.00999999999999
41 3201 104.00999999999999
41 3202 104.00999999999999
41 3203 104.00999999999999
41 3204 104.00999999999999
41 3205 104.00999999999999
41 3206 104.00999999999999
41 3207 104.00999999999999
41 3208 104.00999999999999
41 3209 104.00999999999999
41 3210 104.00999999999999
41 3211 104.00999999999999
41 3212 104.00999999999999
41 3213 104.00999999999999
41 3214 104.00999999999999
41 3215 104.00999999999999
41 3216 104.00999999999999
41 3217 104.00999999999999
41 3218 104.00999999999999
41 3219 104.00999999999999
42 3220 104.00999999999999
42 3221 104.00999999999999
42 3222 104.00999999999999
42 3223 104.00999999999999
42 3224 104.00999999999999
42 3225 104.00999999999999
42 3226 104.00999999999999
42 3227 104.00999999999999
42 3228 104.00999999999999
42 3229 104.00999999999999
42 3230 104.00999999999999
42 3231 104.00999999999999
42 3232 104.00999999999999
42 3233 104.00999999999999
42 3234 104.00999999999999
42 3235 104.00999999999999
42 3236 104.00999999999999
42 3237 104.00999999999999
42 3238 104.00999999999999
42 3239 104.00999999999999
42 3240 104.00999999999999
42 3241 104.00999999999999
42 3242 104.00999999999999
42 3243 104.00999999999999
42 3244 104.00999999999999
42 3245 104.00999999999999
42 3246 104.00999999999999
42 3247 104.00999999999999
42 3248 104.00999999999999
42 3249 104.00999999999999
42 3250 104.00999999999999
42 3251 104.00999999999999
42 3252 104.00999999999999
42 3253 104.00999999999999
42 3254 104.00999999999999
42 3255 104.00999999999999
42 3256 104.00999999999999
42 3257 104.00999999999999
42 3258 104.00999999999999
42 3259 104.00999999999999
42 3260 104.00999999999999
42 3261 104.00999999999999
42 3262 104.00999999999999
42 3263 104.00999999999999
42 3264 104.00999999999999
42 3265 104.00999999999999
42 3266 104.00999999999999
42 3267 104.00999999999999
42 3268 104.00999999999999
42 3269 104.00999999999999
42 3270 104.00999999999999
42 3271 104.00999999999999
42 3272 104.00999999999999
42 3273 104.00999999999999
42 3274 104.00999999999999
42 3275 104.00999999999999
42 3276 104.00999999999999
42 3277 104.00999999999999
42 3278 104.00999999999999
42 3279 104.00999999999999
42 3280 104.00999999999999
42 3281 104.00999999999999
42 3282 104.00999999999999
42 3283 104.00999999999999
42 3284 104.00999999999999
42 3285 104.00999999999999
42 3286 104.00999999999999
42 3287 104.00999999999999
42 3288 104.00999999999999
42 3289 104.00999999999999
42 3290 104.00999999999999
42 3291 104.00999999999999
42 3292 104.00999999999999
42 3293 104.00999999999999
42 3294 104.00999999999999
42 3295 104.00999999999999
42 3296 104.00999999999999
42 3297 104.00999999999999
42 3298 104.00999999999999
42 3299 104.00999999999999
42 3300 104.00999999999999
42 3301 104.00999999999999
43 3302 104.00999999999999
43 3303 104.00999999999999
43 3304 104.00999999999999
43 3305 104.00999999999999
43 3306 104.00999999999999
43 3307 104.00999999999999
43 3308 104.00999999999999
43 3309 104.00999999999999
43 3310 104.00999999999999
43 3311 104.00999999999999
43 3312 104.00999999999999
43 3313 104.00999999999999
43 3314 104.00999999999999
43 3315 104.00999999999999
43 3316 104.00999999999999
43 3317 104.00999999999999
43 3318 104.00999999999999
43 3319 104.00999999999999
43 3320 104.00999999999999
43 3321 104.00999999999999
43 3322 104.00999999999999
43 3323 104.00999999999999
43 3324 104.00999999999999
43 3325 104.00999999999999
43 3326 104.00999999999999
43 3327 104.00999999999999
43 3328 104.00999999999999
43 3329 104.00999999999999
43 3330 104.00999999999999
43 3331 104.00999999999999
43 3332 104.00999999999999
43 3333 104.00999999999999
43 3334 104.00999999999999
43 3335 104.00999999999999
43 3336 104.00999999999999
43 3337 104.00999999999999
43 3338 104.00999999999999
43 3339 104.00999999999999
43 3340 104.00999999999999
43 3341 104.00999999999999
43 3342 104.00999999999999
43 3343 104.00999999999999
43 3344 104.00999999999999
43 3345 104.00999999999999
43 3346 104.00999999999999
43 3347 104.00999999999999
43 3348 104.00999999999999
43 3349 104.00999999999999
43 3350 104.00999999999999
43 3351 104.00999999999999
43 3352 104.00999999999999
43 3353 104.00999999999999
43 3354 104.00999999999999
43 3355 104.00999999999999
43 3356 104.00999999999999
43 3357 104.00999999999999
43 3358 104.00999999999999
43 3359 104.00999999999999
43 3360 104.00999999999999
43 3361 104.00999999999999
43 3362 104.00999999999999
43 3363 104.00999999999999
43 3364 104.00999999999999
43 3365 104.00999999999999
43 3366 104.00999999999999
43 3367 104.00999999999999
43 3368 104.00999999999999
43 3369 104.00999999999999
43 3370 104.00999999999999
43 3371 104.00999999999999
43 3372 104.00999999999999
43 3373 104.00999999999999
43 3374 104.00999999999999
43 3375 104.00999999999999
43 3376 104.00999999999999
43 3377 104.00999999999999
43 3378 104.00999999999999
43 3379 104.00999999999999
43 3380 104.00999999999999
44 3381 104.00999999999999
44 3382 104.00999999999999
44 3383 104.00999999999999
44 3384 104.00999999999999
44 3385 104.00999999999999
44 3386 104.00999999999999
44 3387 104.00999999999999
44 3388 104.00999999999999
44 3389 104.00999999999999
44 3390 104.00999999999999
44 3391 104.00999999999999
44 3392 104.00999999999999
44 3393 104.00999999999999
44 3394 104.00999999999999
44 3395 104.00999999999999
44 3396 104.00999999999999
44 3397 104.00999999999999
44 3398 104.00999999999999
44 3399 104.00999999999999
44 3400 104.00999999999999
44 3401 104.00999999999999
44 3402 104.00999999999999
44 3403 104.00999999999999
44 3404 104.00999999999999
44 3405 104.00999999999999
44 3406 104.00999999999999
44 3407 104.00999999999999
44 3408 104.00999999999999
44 3409 104.00999999999999
44 3410 104.00999999999999
44 3411 104.00999999999999
44 3412 104.00999999999999
44 3413 104.00999999999999
44 3414 104.00999999999999
44 3415 104.00999999999999
44 3416 104.00999999999999
44 3417 104.00999999999999
44 3418 104.00999999999999
44 3419 104.00999999999999
44 3420 104.00999999999999
44 3421 104.00999999999999
44 3422 104.00999999999999
44 3423 104.00999999999999
44 3424 104.00999999999999
44 3425 104.00999999999999
44 3426 104.00999999999999
44 3427 104.00999999999999
44 3428 104.00999999999999
44 3429 104.00999999999999
44 3430 104.00999999999999
44 3431 104.00999999999999
44 3432 104.00999999999999
44 3433 104.00999999999999
44 3434 104.00999999999999
44 3435 104.00999999999999
44 3436 104.00999999999999
44 3437 104.00999999999999
44 3438 104.00999999999999
44 3439 104.00999999999999
44 3440 104.00999999999999
44 3441 104.00999999999999
44 3442 104.00999999999999
44 3443 104.00999999999999
44 3444 104.00999999999999
44 3445 104.00999999999999
44 3446 104.00999999999999
44 3447 104.00999999999999
44 3448 104.00999999999999
44 3449 104.00999999999999
44 3450 104.00999999999999
44 3451 104.00999999999999
44 3452 104.00999999999999
44 3453 104.00999999999999
44 3454 104.00999999999999
44 3455 104.00999999999999
44 3456 104.00999999999999
44 3457 104.00999999999999
44 3458 104.00999999999999
44 3459 104.00999999999999
44 3460 104.00999999999999
44 3461 104.00999999999999
45 3462 104.00999999999999
45 3463 104.00999999999999
45 3464 104.00999999999999
45 3465 104.00999999999999
45 3466 104.00999999999999
45 3467 104.00999999999999
45 3468 104.00999999999999
45 3469 104.00999999999999
45 3470 104.00999999999999
45 3471 104.00999999999999
45 3472 104.00999999999999
45 3473 104.00999999999999
45 3474 104.00999999999999
45 3475 104.00999999999999
45 3476 104.00999999999999
45 3477 104.00999999999999
45 3478 104.00999999999999
45 3479 104.00999999999999
45 3480 104.00999999999999
45 3481 104.00999999999999
45 3482 104.00999999999999
45 3483 104.00999999999999
45 3484 104.00999999999999
45 3485 104.00999999999999
45 3486 104.00999999999999
45 3487 104.00999999999999
45 3488 104.00999999999999
45 3489 104.00999999999999
45 3490 104.00999999999999
45 3491 104.00999999999999
45 3492 104.00999999999999
45 3493 104.00999999999999
45 3494 104.00999999999999
45 3495 104.00999999999999
45 3496 104.00999999999999
45 3497 104.00999999999999
45 3498 104.00999999999999
45 3499 104.00999999999999
45 3500 104.00999999999999
45 3501 104.00999999999999
45 3502 104.00999999999999
45 3503 104.00999999999999
45 3504 104.00999999999999
45 3505 104.00999999999999
45 3506 104.00999999999999
45 3507 104.00999999999999
45 3508 104.00999999999999
45 3509 104.00999999999999
45 3510 104.00999999999999
45 3511 104.00999999999999
45 3512 104.00999999999999
45 3513 104.00999999999999
45 3514 104.00999999999999
45 3515 104.00999999999999
45 3516 104.00999999999999
45 3517 104.00999999999999
45 3518 104.00999999999999
45 3519 104.00999999999999
45 3520 104.00999999999999
45 3521 104.00999999999999
45 3522 104.00999999999999
45 3523 104.00999999999999
45 3524 104.00999999999999
45 3525 104.00999999999999
45 3526 104.00999999999999
45 3527 104.00999999999999
45 3528 104.00999999999999
45 3529 104.00999999999999
45 3530 104.00999999999999
45 3531 104.00999999999999
45 3532 104.00999999999999
45 3533 104.00999999999999
45 3534 104.00999999999999
45 3535 104.00999999999999
45 3536 104.00999999999999
45 3537 104.00999999999999
45 3538 104.00999999999999
45 3539 104.00999999999999
45 3540 104.00999999999999
45 3541 104.00999999999999
45 3542 104.00999999999999
45 3543 104.00999999999999
45 3544 104.00999999999999
45 3545 104.00999999999999
46 3546 104.00999999999999
46 3547 104.00999999999999
46 3548 104.00999999999999
46 3549 104.00999999999999
46 3550 104.00999999999999
46 3551 104.00999999999999
46 3552 104.00999999999999
46 3553 104.00999999999999
46 3554 104.00999999999999
46 3555 104.00999999999999
46 3556 104.00999999999999
46 3557 104.00999999999999
46 3558 104.00999999999999
46 3559 104.00999999999999
46 3560 104.00999999999999
46 3561 104.00999999999999
46 3562 104.00999999999999
46 3563 104.00999999999999
46 3564 104.00999999999999
46 3565 104.00999999999999
46 3566 104.00999999999999
46 3567 104.00999999999999
46 3568 104.00999999999999
46 3569 104.00999999999999
46 3570 104.00999999999999
46 3571 104.00999999999999
46 3572 104.00999999999999
46 3573 104.00999999999999
46 3574 104.00999999999999
46 3575 104.00999999999999
46 3576 104.00999999999999
46 3577 104.00999999999999
46 3578 104.00999999999999
46 3579 104.00999999999999
46 3580 104.00999999999999
46 3581 104.00999999999999
46 3582 104.00999999999999
46 3583 104.00999999999999
46 3584 104.00999999999999
46 3585 104.00999999999999
46 3586 104.00999999999999
46 3587 104.00999999999999
46 3588 104.00999999999999
46 3589 104.00999999999999
46 3590 104.00999999999999
46 3591 104.00999999999999
46 3592 104.00999999999999
46 3593 104.00999999999999
46 3594 104.00999999999999
46 3595 104.00999999999999
46 3596 104.00999999999999
46 3597 104.00999999999999
46 3598 104.00999999999999
46 3599 104.00999999999999
46 3600 104.00999999999999
46 3601 104.00999999999999
46 3602 104.00999999999999
46 3603 104.00999999999999
46 3604 104.00999999999999
46 3605 104.00999999999999
46 3606 104.00999999999999
46 3607 104.00999999999999
46 3608 104.00999999999999
46 3609 104.00999999999999
46 3610 104.00999999999999
46 3611 104.00999999999999
46 3612 104.00999999999999
46 3613 104.00999999999999
46 3614 104.00999999999999
46 3615 104.00999999999999
46 3616 104.00999999999999
46 3617 104.00999999999999
46 3618 104.00999999999999
46 3619 104.00999999999999
46 3620 104.00999999999999
46 3621 104.00999999999999
46 3622 104.00999999999999
46 3623 104.00999999999999
46 3624 104.00999999999999
46 3625 104.00999999999999
47 3626 104.00999999999999
47 3627 104.00999999999999
47 3628 104.00999999999999
47 3629 104.00999999999999
47 3630 104.00999999999999
47 3631 104.00999999999999
47 3632 104.00999999999999
47 3633 104.00999999999999
47 3634 104.00999999999999
47 3635 104.00999999999999
47 3636 103.00999999999999
47 3637 103.00999999999999
47 3638 103.00999999999999
47 3639 103.00999999999999
47 3640 103.00999999999999
47 3641 103.00999999999999
47 3642 103.00999999999999
47 3643 103.00999999999999
47 3644 103.00999999999999
47 3645 103.00999999999999
47 3646 103.00999999999999
47 3647 103.00999999999999
47 3648 103.00999999999999
47 3649 103.00999999999999
47 3650 103.00999999999999
47 3651 103.00999999999999
47 3652 103.00999999999999
47 3653 103.00999999999999
47 3654 103.00999999999999
47 3655 103.00999999999999
47 3656 103.00999999999999
47 3657 103.00999999999999
47 3658 103.00999999999999
47 3659 103.00999999999999
47 3660 103.00999999999999
47 3661 103.00999999999999
47 3662 103.00999999999999
47 3663 103.00999999999999
47 3664 103.00999999999999
47 3665 103.00999999999999
47 3666 103.00999999999999
47 3667 103.00999999999999
47 3668 103.00999999999999
47 3669 103.00999999999999
47 3670 103.00999999999999
47 3671 103.00999999999999
47 3672 103.00999999999999
47 3673 103.00999999999999
47 3674 103.00999999999999
47 3675 103.00999999999999
47 3676 103.00999999999999
47 3677 103.00999999999999
47 3678 103.00999999999999
47 3679 103.00999999999999
47 3680 103.00999999999999
47 3681 103.00999999999999
47 3682 103.00999999999999
47 3683 103.00999999999999
47 3684 103.00999999999999
47 3685 103.00999999999999
47 3686 103.00999999999999
47 3687 103.00999999999999
47 3688 103.00999999999999
47 3689 103.00999999999999
47 3690 103.00999999999999
47 3691 103.00999999999999
47 3692 103.00999999999999
47 3693 103.00999999999999
47 3694 103.00999999999999
47 3695 103.00999999999999
47 3696 103.00999999999999
47 3697 103.00999999999999
47 3698 103.00999999999999
47 3699 103.00999999999999
47 3700 103.00999999999999
47 3701 103.00999999999999
47 3702 103.00999999999999
47 3703 103.00999999999999
47 3704 103.00999999999999
47 3705 103.00999999999999
47 3706 102.00999999999999
48 3707 102.00999999999999
48 3708 102.00999999999999
48 3709 102.00999999999999
48 3710 102.00999999999999
48 3711 102.00999999999999
48 3712 102.00999999999999
48 3713 102.00999999999999
48 3714 102.00999999999999
48 3715 102.00999999999999
48 3716 102.00999999999999
48 3717 102.00999999999999
48 3718 102.00999999999999
48 3719 102.00999999999999
48 3720 102.00999999999999
48 3721 102.00999999999999
48 3722 102.00999999999999
48 3723 102.00999999999999
48 3724 102.00999999999999
48 3725 102.00999999999999
48 3726 102.00999999999999
48 3727 102.00999999999999
48 3728 102.00999999999999
48 3729 102.00999999999999
48 3730 102.00999999999999
48 3731 102.00999999999999
48 3732 102.00999999999999
48 3733 102.00999999999999
48 3734 102.00999999999999
48 3735 102.00999999999999
48 3736 102.00999999999999
48 3737 102.00999999999999
48 3738 102.00999999999999
48 3739 102.00999999999999
48 3740 102.00999999999999
48 3741 102.00999999999999
48 3742 102.00999999999999
48 3743 102.00999999999999
48 3744 102.00999999999999
48 3745 102.00999999999999
48 3746 102.00999999999999
48 3747 102.00999999999999
48 3748 102.00999999999999
48 3749 102.00999999999999
48 3750 102.00999999999999
48 3751 102.00999999999999
48 3752 102.00999999999999
48 3753 102.00999999999999
48 3754 102.00999999999999
48 3755 102.00999999999999
48 3756 102.00999999999999
48 3757 102.00999999999999
48 3758 102.00999999999999
48 3759 102.00999999999999
48 3760 102.00999999999999
48 3761 102.00999999999999
48 3762 102.00999999999999
48 3763 102.00999999999999
48 3764 102.00999999999999
48 3765 102.00999999999999
48 3766 102.00999999999999
48 3767 102.00999999999999
48 3768 102.00999999999999
48 3769 102.00999999999999
48 3770 102.00999999999999
48 3771 102.00999999999999
48 3772 102.00999999999999
48 3773 102.00999999999999
48 3774 102.00999999999999
48 3775 102.00999999999999
48 3776 102.00999999999999
48 3777 102.00999999999999
48 3778 102.00999999999999
48 3779 102.00999999999999
48 3780 102.00999999999999
48 3781 102.00999999999999
48 3782 102.00999999999999
48 3783 102.00999999999999
48 3784 102.00999999999999
48 3785 102.00999999999999
48 3786 102.00999999999999
48 3787 102.00999999999999
48 3788 102.00999999999999
48 3789 102.00999999999999
49 3790 102.00999999999999
49 3791 102.00999999999999
49 3792 102.00999999999999
49 3793 102.00999999999999
49 3794 102.00999999999999
49 3795 102.00999999999999
49 3796 102.00999999999999
49 3797 102.00999999999999
49 3798 102.00999999999999
49 3799 102.00999999999999
49 3800 102.00999999999999
49 3801 102.00999999999999
49 3802 102.00999999999999
49 3803 102.00999999999999
49 3804 102.00999999999999
49 3805 102.00999999999999
49 3806 102.00999999999999
49 3807 102.00999999999999
49 3808 102.00999999999999
49 3809 102.00999999999999
49 3810 102.00999999999999
49 3811 102.00999999999999
49 3812 102.00999999999999
49 3813 102.00999999999999
49 3814 102.00999999999999
49 3815 102.00999999999999
49 3816 102.00999999999999
49 3817 102.00999999999999
49 3818 102.00999999999999
49 3819 102.00999999999999
49 3820 102.00999999999999
49 3821 102.00999999999999
49 3822 102.00999999999999
49 3823 102.00999999999999
49 3824 102.00999999999999
49 3825 102.00999999999999
49 3826 102.00999999999999
49 3827 102.00999999999999
49 3828 102.00999999999999
49 3829 102.00999999999999
49 3830 102.00999999999999
49 3831 102.00999999999999
49 3832 102.00999999999999
49 3833 102.00999999999999
49 3834 102.00999999999999
49 3835 102.00999999999999
49 3836 102.00999999999999
49 3837 102.00999999999999
49 3838 102.00999999999999
49 3839 102.00999999999999
49 3840 102.00999999999999
49 3841 102.00999999999999
49 3842 16.0
49 3843 16.0
49 3844 16.0
49 3845 16.0
49 3846 16.0
49 3847 16.0
49 3848 16.0
49 3849 16.0
49 3850 16.0
49 3851 16.0
49 3852 16.0
49 3853 16.0
49 3854 16.0
49 3855 16.0
49 3856 16.0
49 3857 16.0
49 3858 16.0
49 3859 16.0
49 3860 16.0
49 3861 16.0
49 3862 16.0
49 3863 16.0
49 3864 16.0
49 3865 16.0
49 3866 16.0
49 3867 16.0
49 3868 16.0
50 3869 16.0
50 3870 16.0
50 3871 16.0
50 3872 16.0
50 3873 16.0
50 3874 16.0
50 3875 16.0
50 3876 16.0
50 3877 16.0
50 3878 16.0
50 3879 16.0
50 3880 16.0
50 3881 16.0
50 3882 16.0
50 3883 16.0
50 3884 16.0
50 3885 16.0
50 3886 16.0
50 3887 16.0
50 3888 16.0
50 3889 16.0
50 3890 16.0
50 3891 16.0
50 3892 16.0
50 3893 16.0
50 3894 16.0
50 3895 16.0
50 3896 16.0
50 3897 16.0
50 3898 16.0
50 3899 16.0
50 3900 16.0
50 3901 16.0
50 3902 16.0
50 3903 16.0
50 3904 16.0
50 3905 16.0
50 3906 16.0
50 3907 16.0
50 3908 16.0
50 3909 16.0
50 3910 16.0
50 3911 16.0
50 3912 16.0
50 3913 16.0
50 3914 16.0
50 3915 16.0
50 3916 16.0
50 3917 16.0
50 3918 16.0
50 3919 16.0
50 3920 16.0
50 3921 16.0
50 3922 16.0
50 3923 16.0
50 3924 16.0
50 3925 16.0
50 3926 16.0
50 3927 16.0
50 3928 16.0
50 3929 16.0
50 3930 16.0
50 3931 16.0
50 3932 16.0
50 3933 16.0
50 3934 16.0
50 3935 16.0
50 3936 16.0
50 3937 16.0
50 3938 16.0
50 3939 16.0
50 3940 16.0
50 3941 16.0
50 3942 16.0
50 3943 16.0
51 3944 16.0
51 3945 16.0
51 3946 16.0
51 3947 16.0
51 3948 16.0
51 3949 16.0
51 3950 16.0
51 3951 16.0
51 3952 16.0
51 3953 16.0
51 3954 16.0
51 3955 16.0
51 3956 16.0
51 3957 16.0
51 3958 16.0
51 3959 16.0
51 3960 16.0
51 3961 16.0
51 3962 16.0
51 3963 16.0
51 3964 16.0
51 3965 16.0
51 3966 16.0
51 3967 16.0
51 3968 16.0
51 3969 16.0
51 3970 16.0
51 3971 16.0
51 3972 16.0
51 3973 16.0
51 3974 16.0
51 3975 16.0
51 3976 16.0
51 3977 16.0
51 3978 16.0
51 3979 16.0
51 3980 16.0
51 3981 16.0
51 3982 16.0
51 3983 16.0
51 3984 16.0
51 3985 16.0
51 3986 16.0
51 3987 16.0
51 3988 16.0
51 3989 16.0
51 3990 16.0
51 3991 16.0
51 3992 16.0
51 3993 16.0
51 3994 16.0
51 3995 16.0
51 3996 16.0
51 3997 16.0
51 3998 16.0
51 3999 16.0
51 4000 16.0
51 4001 16.0
51 4002 16.0
51 4003 16.0
51 4004 16.0
51 4005 16.0
51 4006 16.0
51 4007 16.0
51 4008 16.0
51 4009 16.0
51 4010 16.0
51 4011 16.0
51 4012 16.0
51 4013 16.0
51 4014 16.0
51 4015 16.0
51 4016 16.0
51 4017 16.0
51 4018 16.0
51 4019 16.0
51 4020 16.0
51 4021 16.0
51 4022 16.0
51 4023 16.0
51 4024 16.0
51 4025 16.0
51 4026 16.0
52 4027 16.0
52 4028 16.0
52 4029 16.0
52 4030 16.0
52 4031 16.0
52 4032 16.0
52 4033 16.0
52 4034 16.0
52 4035 16.0
52 4036 16.0
52 4037 16.0
52 4038 16.0
52 4039 16.0
52 4040 16.0
52 4041 16.0
52 4042 16.0
52 4043 16.0
52 4044 16.0
52 4045 16.0
52 4046 16.0
52 4047 16.0
52 4048 16.0
52 4049 16.0
52 4050 16.0
52 4051 16.0
52 4052 16.0
52 4053 16.0
52 4054 16.0
52 4055 16.0
52 4056 16.0
52 4057 16.0
52 4058 16.0
52 4059 16.0
52 4060 16.0
52 4061 16.0
52 4062 16.0
52 4063 16.0
52 4064 16.0
52 4065 16.0
52 4066 16.0
52 4067 16.0
52 4068 16.0
52 4069 16.0
52 4070 16.0
52 4071 16.0
52 4072 16.0
52 4073 16.0
52 4074 16.0
52 4075 16.0
52 4076 16.0
52 4077 16.0
52 4078 16.0
52 4079 16.0
52 4080 16.0
52 4081 16.0
52 4082 16.0
52 4083 16.0
52 4084 16.0
52 4085 16.0
52 4086 16.0
52 4087 16.0
52 4088 16.0
52 4089 16.0
52 4090 16.0
52 4091 16.0
52 4092 16.0
52 4093 16.0
52 4094 16.0
52 4095 16.0
52 4096 16.0
52 4097 16.0
52 4098 16.0
52 4099 16.0
52 4100 16.0
52 4101 16.0
52 4102 16.0
52 4103 16.0
52 4104 16.0
52 4105 16.0
52 4106 16.0
52 4107 16.0
52 4108 16.0
52 4109 16.0
53 4110 16.0
53 4111 16.0
53 4112 16.0
53 4113 16.0
53 4114 16.0
53 4115 16.0
53 4116 16.0
53 4117 16.0
53 4118 16.0
53 4119 16.0
53 4120 16.0
53 4121 16.0
53 4122 16.0
53 4123 16.0
53 4124 16.0
53 4125 16.0
53 4126 16.0
53 4127 16.0
53 4128 16.0
53 4129 16.0
53 4130 16.0
53 4131 16.0
53 4132 16.0
53 4133 16.0
53 4134 16.0
53 4135 16.0
53 4136 16.0
53 4137 16.0
53 4138 16.0
53 4139 16.0
53 4140 16.0
53 4141 16.0
53 4142 16.0
53 4143 16.0
53 4144 16.0
53 4145 16.0
53 4146 16.0
53 4147 16.0
53 4148 16.0
53 4149 16.0
53 4150 16.0
53 4151 16.0
53 4152 16.0
53 4153 16.0
53 4154 16.0
53 4155 16.0
53 4156 16.0
53 4157 16.0
53 4158 16.0
53 4159 16.0
53 4160 16.0
53 4161 16.0
53 4162 0.0
