0 1 31777.369999999995
0 2 29219.35
0 3 25789.75
0 4 25789.75
0 5 23736.35
0 6 23736.35
0 7 22183.259999999995
0 8 22183.259999999995
0 9 22183.259999999995
0 10 22183.259999999995
0 11 22183.259999999995
0 12 22165.659999999996
1 13 22165.659999999996
1 14 22165.659999999996
1 15 22165.659999999996
1 16 20279.579999999998
1 17 20279.579999999998
1 18 20279.579999999998
1 19 18281.500000000004
1 20 18281.500000000004
1 21 18281.500000000004
1 22 18281.500000000004
1 23 18281.500000000004
1 24 18281.500000000004
1 25 18281.500000000004
1 26 18281.500000000004
1 27 18232.22
1 28 18232.22
1 29 18232.22
1 30 18232.22
1 31 18224.34
1 32 18224.34
1 33 18224.34
1 34 18215.420000000002
1 35 18215.420000000002
1 36 18215.420000000002
1 37 18215.420000000002
1 38 18215.420000000002
1 39 18215.420000000002
1 40 18215.420000000002
1 41 18215.420000000002
1 42 18215.420000000002
1 43 18215.420000000002
1 44 18215.420000000002
1 45 16648.7
1 46 16648.7
1 47 16648.7
1 48 16648.7
1 49 16648.7
1 50 16357.5
1 51 16357.5
1 52 16357.5
1 53 16357.5
1 54 16357.5
1 55 16357.5
1 56 16357.5
1 57 16338.3
1 58 16174.460000000001
1 59 16174.460000000001
1 60 16174.460000000001
1 61 16174.460000000001
1 62 16155.34
1 63 16155.34
1 64 16155.34
1 65 16155.34
1 66 16148.220000000001
1 67 16148.220000000001
1 68 16073.980000000001
1 69 16073.980000000001
1 70 16073.980000000001
1 71 15934.140000000001
1 72 15896.060000000001
1 73 15894.78
1 74 15894.78
1 75 15894.78
1 76 15894.78
1 77 15894.78
2 78 15894.78
2 79 15894.78
2 80 15894.78
2 81 15894.78
2 82 15894.78
2 83 15894.78
2 84 15894.78
2 85 15894.78
2 86 15894.78
2 87 15894.78
2 88 15875.98
2 89 15875.98
2 90 15875.98
2 91 15875.98
2 92 15875.98
2 93 15875.98
2 94 15875.98
2 95 15875.98
2 96 15875.98
2 97 15781.26
2 98 15781.26
2 99 15781.26
2 100 15781.26
2 101 15781.26
2 102 15781.26
2 103 15781.26
2 104 15744.14
2 105 15744.14
2 106 15744.14
2 107 15744.14
2 108 15744.14
2 109 15744.14
2 110 15585.9
2 111 15585.9
2 112 15585.9
2 113 15585.9
2 114 15585.9
2 115 15585.9
2 116 15585.9
2 117 15483.5
2 118 15483.5
2 119 15483.5
2 120 15483.5
2 121 15483.5
2 122 15483.5
2 123 15483.5
2 124 15483.5
2 125 15483.5
2 126 15483.5
2 127 15455.74
2 128 15455.74
2 129 15455.74
2 130 15455.74
2 131 15455.74
2 132 15455.74
2 133 15455.74
2 134 15455.74
2 135 15455.74
2 136 15455.74
2 137 15455.74
2 138 15455.74
2 139 15140.74
2 140 15140.74
2 141 15140.74
2 142 15140.74
2 143 15140.74
2 144 15140.74
3 145 15140.74
3 146 15140.74
3 147 15140.74
3 148 15140.74
3 149 15140.74
3 150 15140.74
3 151 15140.74
3 152 15140.74
3 153 15140.74
3 154 15140.74
3 155 15140.74
3 156 15140.74
3 157 15140.74
3 158 15140.74
3 159 15140.74
3 160 15037.7
3 161 15037.7
3 162 15037.7
3 163 15037.7
3 164 15037.7
3 165 15037.7
3 166 15037.7
3 167 15037.7
3 168 15037.7
3 169 15037.7
3 170 15037.7
3 171 15037.7
3 172 15037.7
3 173 15037.7
3 174 15037.7
3 175 15037.7
3 176 15037.7
3 177 15037.7
3 178 15037.7
3 179 15037.7
3 180 13903.739999999998
3 181 13903.739999999998
3 182 13903.739999999998
3 183 13720.059999999998
3 184 13720.059999999998
3 185 13714.259999999998
3 186 13714.259999999998
3 187 13714.259999999998
3 188 13714.259999999998
3 189 13714.259999999998
3 190 13714.259999999998
3 191 13281.619999999995
3 192 13281.619999999995
3 193 13281.619999999995
3 194 13281.619999999995
3 195 13281.619999999995
3 196 13281.619999999995
3 197 13281.619999999995
3 198 13281.619999999995
3 199 13281.619999999995
3 200 13281.619999999995
3 201 13257.059999999998
3 202 13257.059999999998
3 203 13257.059999999998
3 204 13257.059999999998
3 205 13257.059999999998
3 206 13257.059999999998
3 207 13257.059999999998
3 208 13222.499999999996
3 209 13222.499999999996
3 210 13202.34
3 211 13202.34
3 212 13202.34
3 213 13202.34
3 214 13202.34
3 215 13202.34
3 216 13202.34
3 217 13202.34
3 218 13202.34
3 219 13202.34
3 220 13202.34
3 221 13202.34
3 222 13202.34
3 223 13202.34
3 224 13202.34
4 225 13202.34
4 226 13202.34
4 227 13202.34
4 228 13202.34
4 229 13202.34
4 230 13202.34
4 231 13202.34
4 232 13202.34
4 233 13202.34
4 234 13156.899999999998
4 235 13156.899999999998
4 236 13156.899999999998
4 237 13156.899999999998
4 238 13156.899999999998
4 239 13156.899999999998
4 240 13156.899999999998
4 241 13156.899999999998
4 242 13156.899999999998
4 243 13156.899999999998
4 244 13139.459999999995
4 245 13139.459999999995
4 246 13139.459999999995
4 247 13139.459999999995
4 248 13139.459999999995
4 249 13009.219999999998
4 250 13009.219999999998
4 251 13009.219999999998
4 252 13009.219999999998
4 253 13009.219999999998
4 254 13009.219999999998
4 255 12943.939999999999
4 256 12943.939999999999
4 257 12943.939999999999
4 258 12943.939999999999
4 259 12943.939999999999
4 260 12935.7
4 261 12935.7
4 262 12711.66
4 263 12711.66
4 264 12711.66
4 265 12711.66
4 266 12711.66
4 267 12674.219999999998
4 268 12674.219999999998
4 269 12674.219999999998
4 270 12674.219999999998
4 271 12674.219999999998
4 272 12674.219999999998
4 273 12674.219999999998
4 274 12630.300000000001
4 275 12630.300000000001
4 276 12630.300000000001
4 277 12630.300000000001
4 278 12630.300000000001
4 279 12630.300000000001
4 280 12630.300000000001
4 281 12563.379999999997
4 282 12563.379999999997
4 283 12563.379999999997
4 284 12563.379999999997
4 285 12563.379999999997
4 286 12563.379999999997
4 287 12554.259999999998
4 288 12327.859999999997
4 289 12327.859999999997
4 290 12327.859999999997
4 291 12327.859999999997
4 292 12327.859999999997
4 293 12327.859999999997
4 294 12327.859999999997
4 295 12327.859999999997
4 296 12327.859999999997
4 297 12327.859999999997
4 298 11871.57
4 299 11871.57
4 300 11871.57
4 301 11871.57
4 302 11871.57
4 303 11871.57
4 304 11871.57
4 305 11871.57
4 306 11865.769999999997
4 307 11865.289999999997
5 308 11088.01
5 309 11088.01
5 310 11088.01
5 311 11088.01
5 312 11088.01
5 313 11088.01
5 314 11088.01
5 315 11088.01
5 316 11088.01
5 317 11088.01
5 318 11088.01
5 319 11088.01
5 320 11088.01
5 321 11088.01
5 322 11088.01
5 323 11040.65
5 324 11040.65
5 325 11040.65
5 326 11040.65
5 327 11040.65
5 328 11040.65
5 329 10901.130000000001
5 330 10901.130000000001
5 331 10901.130000000001
5 332 10901.130000000001
5 333 10901.130000000001
5 334 10901.130000000001
5 335 10901.130000000001
5 336 10901.130000000001
5 337 10901.130000000001
5 338 10901.130000000001
5 339 10901.130000000001
5 340 10901.130000000001
5 341 10901.130000000001
5 342 10901.130000000001
5 343 10901.130000000001
5 344 10901.130000000001
5 345 10901.130000000001
5 346 10901.130000000001
5 347 10874.279999999999
5 348 10350.29
5 349 10350.29
5 350 10067.619999999999
5 351 10067.619999999999
5 352 10067.619999999999
5 353 10067.619999999999
5 354 10067.619999999999
5 355 10067.619999999999
5 356 10067.619999999999
5 357 10039.779999999999
5 358 10039.779999999999
5 359 10039.779999999999
5 360 10039.779999999999
5 361 10039.779999999999
5 362 10039.779999999999
5 363 10039.779999999999
5 364 10039.779999999999
5 365 10039.779999999999
5 366 10039.779999999999
5 367 10039.779999999999
5 368 10039.779999999999
5 369 10039.779999999999
5 370 10039.779999999999
5 371 10039.779999999999
5 372 10039.779999999999
5 373 8896.16
5 374 8896.16
5 375 8842.08
5 376 8842.08
5 377 8842.08
5 378 8825.279999999999
5 379 8825.279999999999
5 380 8825.279999999999
5 381 8825.279999999999
5 382 8825.279999999999
5 383 8825.279999999999
5 384 8825.279999999999
5 385 8825.279999999999
5 386 8825.279999999999
5 387 8825.279999999999
5 388 8825.279999999999
5 389 8825.279999999999
5 390 8825.279999999999
5 391 8825.279999999999
6 392 8825.279999999999
6 393 8825.279999999999
6 394 8825.279999999999
6 395 8825.279999999999
6 396 8825.279999999999
6 397 8825.279999999999
6 398 8814.72
6 399 8814.72
6 400 8814.72
6 401 8814.72
6 402 8814.72
6 403 8814.72
6 404 8814.72
6 405 8814.72
6 406 8814.72
6 407 8814.72
6 408 8814.72
6 409 8814.72
6 410 8814.72
6 411 8814.72
6 412 8814.72
6 413 8814.72
6 414 8814.72
6 415 8814.72
6 416 8814.72
6 417 8814.72
6 418 8814.72
6 419 8814.72
6 420 8785.72
6 421 8785.72
6 422 8785.72
6 423 8785.72
6 424 8775.079999999998
6 425 8775.079999999998
6 426 8775.079999999998
6 427 8775.079999999998
6 428 8699.32
6 429 8699.32
6 430 8699.32
6 431 8699.32
6 432 8699.32
6 433 8510.519999999999
6 434 8510.519999999999
6 435 8510.519999999999
6 436 8510.519999999999
6 437 8510.519999999999
6 438 8510.519999999999
6 439 8510.519999999999
6 440 8510.519999999999
6 441 8510.519999999999
6 442 8510.519999999999
6 443 8510.519999999999
6 444 8510.519999999999
6 445 8510.519999999999
6 446 8510.519999999999
6 447 8510.519999999999
6 448 8510.519999999999
6 449 8510.519999999999
6 450 8510.519999999999
6 451 8510.519999999999
6 452 8510.519999999999
6 453 8510.519999999999
6 454 8510.519999999999
6 455 8510.519999999999
6 456 8510.519999999999
6 457 8510.519999999999
6 458 8422.839999999998
6 459 8422.839999999998
6 460 8422.839999999998
6 461 8262.839999999998
6 462 8262.839999999998
6 463 8262.839999999998
6 464 8262.839999999998
6 465 8215.48
6 466 8215.48
6 467 8215.48
6 468 8215.48
6 469 8215.48
6 470 8215.48
6 471 8215.48
6 472 8215.48
6 473 8215.48
7 474 8215.48
7 475 8215.48
7 476 8215.48
7 477 8215.48
7 478 8215.48
7 479 8215.48
7 480 8215.48
7 481 8215.48
7 482 8215.48
7 483 8215.48
7 484 8215.48
7 485 8215.48
7 486 8215.48
7 487 8215.48
7 488 8215.48
7 489 8215.48
7 490 8215.48
7 491 8215.48
7 492 8215.48
7 493 8215.48
7 494 8215.48
7 495 8215.48
7 496 8136.729999999999
7 497 8136.729999999999
7 498 8136.729999999999
7 499 8136.729999999999
7 500 8136.729999999999
7 501 8136.729999999999
7 502 8136.729999999999
7 503 8136.729999999999
7 504 8136.729999999999
7 505 8136.729999999999
7 506 8136.729999999999
7 507 8136.729999999999
7 508 8136.729999999999
7 509 8136.729999999999
7 510 8136.729999999999
7 511 8136.729999999999
7 512 8136.729999999999
7 513 8136.729999999999
7 514 8136.729999999999
7 515 8136.729999999999
7 516 8136.729999999999
7 517 8136.729999999999
7 518 8136.729999999999
7 519 8136.729999999999
7 520 8136.729999999999
7 521 8136.729999999999
7 522 8136.729999999999
7 523 8136.729999999999
7 524 8136.729999999999
7 525 8136.729999999999
7 526 8136.729999999999
7 527 8136.729999999999
7 528 8136.729999999999
7 529 8136.729999999999
7 530 8136.729999999999
7 531 8136.729999999999
7 532 8136.729999999999
7 533 8136.729999999999
7 534 8003.479999999999
7 535 8003.479999999999
7 536 8003.479999999999
7 537 8003.479999999999
7 538 8003.479999999999
7 539 8003.479999999999
7 540 8003.479999999999
7 541 7979.799999999998
7 542 7979.799999999998
7 543 7979.799999999998
7 544 7979.799999999998
7 545 7979.799999999998
7 546 7979.799999999998
7 547 7963.399999999999
7 548 7963.399999999999
7 549 7963.399999999999
7 550 7963.399999999999
7 551 7963.399999999999
8 552 7955.399999999999
8 553 7955.399999999999
8 554 7955.399999999999
8 555 7955.399999999999
8 556 7955.399999999999
8 557 7955.399999999999
8 558 7955.399999999999
8 559 7955.399999999999
8 560 7955.399999999999
8 561 7955.399999999999
8 562 7942.399999999999
8 563 7942.399999999999
8 564 7942.399999999999
8 565 7942.399999999999
8 566 7942.399999999999
8 567 7942.399999999999
8 568 7942.399999999999
8 569 7942.399999999999
8 570 7732.48
8 571 7732.48
8 572 7732.48
8 573 7732.48
8 574 7732.48
8 575 7732.48
8 576 7732.48
8 577 7732.48
8 578 7732.48
8 579 7732.48
8 580 7657.879999999999
8 581 7657.879999999999
8 582 7657.879999999999
8 583 7657.879999999999
8 584 7657.879999999999
8 585 7657.879999999999
8 586 7657.879999999999
8 587 7657.879999999999
8 588 7657.879999999999
8 589 7657.879999999999
8 590 7657.879999999999
8 591 7657.879999999999
8 592 7657.879999999999
8 593 7619.36
8 594 7619.36
8 595 7619.36
8 596 7609.48
8 597 7609.48
8 598 7601.4
8 599 7601.4
8 600 7601.4
8 601 7601.4
8 602 7557.630000000001
8 603 7557.630000000001
8 604 7557.630000000001
8 605 7557.630000000001
8 606 7557.630000000001
8 607 7557.630000000001
8 608 7557.630000000001
8 609 7557.630000000001
8 610 7557.630000000001
8 611 7557.630000000001
8 612 7557.630000000001
8 613 7557.630000000001
8 614 7544.51
8 615 7544.51
8 616 7528.51
8 617 7528.51
8 618 7528.51
8 619 7528.51
8 620 7528.51
8 621 7495.14
8 622 7495.14
8 623 7495.14
8 624 7495.14
8 625 7495.14
8 626 7495.14
8 627 7495.14
8 628 7495.14
8 629 7495.14
9 630 7495.14
9 631 7495.14
9 632 7495.14
9 633 7495.14
9 634 7495.14
9 635 7495.14
9 636 7396.599999999999
9 637 7396.599999999999
9 638 7396.599999999999
9 639 7396.599999999999
9 640 7396.599999999999
9 641 7396.599999999999
9 642 7396.599999999999
9 643 7396.599999999999
9 644 7396.599999999999
9 645 7396.599999999999
9 646 7396.599999999999
9 647 7364.67
9 648 7364.67
9 649 7364.67
9 650 7364.67
9 651 7364.67
9 652 7364.67
9 653 7364.67
9 654 7364.67
9 655 7364.67
9 656 7332.990000000002
9 657 7332.990000000002
9 658 7332.990000000002
9 659 7332.990000000002
9 660 7332.990000000002
9 661 7332.990000000002
9 662 7332.990000000002
9 663 7332.990000000002
9 664 7332.990000000002
9 665 6730.599999999999
9 666 6730.599999999999
9 667 6730.599999999999
9 668 6730.599999999999
9 669 6730.599999999999
9 670 6730.599999999999
9 671 6730.599999999999
9 672 6730.599999999999
9 673 6730.599999999999
9 674 6730.599999999999
9 675 6730.599999999999
9 676 6730.599999999999
9 677 6730.599999999999
9 678 6730.599999999999
9 679 6730.599999999999
9 680 6730.599999999999
9 681 6523.679999999999
9 682 6501.700000000001
9 683 6501.700000000001
9 684 6501.700000000001
9 685 6501.700000000001
9 686 6501.700000000001
9 687 6501.700000000001
9 688 6501.700000000001
9 689 6501.700000000001
9 690 6501.700000000001
9 691 6501.700000000001
9 692 6501.700000000001
9 693 6365.44
9 694 6365.44
9 695 6365.44
9 696 6343.460000000001
9 697 6343.460000000001
9 698 6343.460000000001
9 699 6343.460000000001
9 700 5972.26
9 701 5972.26
9 702 5972.26
9 703 5972.26
9 704 5972.26
9 705 5972.26
9 706 5972.26
9 707 5972.26
9 708 5972.26
9 709 5972.26
9 710 5972.26
9 711 5972.26
9 712 5972.26
9 713 5953.460000000001
10 714 5953.460000000001
10 715 5953.460000000001
10 716 5953.460000000001
10 717 5953.460000000001
10 718 5953.460000000001
10 719 5953.460000000001
10 720 5953.460000000001
10 721 5953.460000000001
10 722 5953.460000000001
10 723 5953.460000000001
10 724 5953.460000000001
10 725 5953.460000000001
10 726 5953.460000000001
10 727 5953.460000000001
10 728 5953.460000000001
10 729 5953.460000000001
10 730 5953.460000000001
10 731 5953.460000000001
10 732 5953.460000000001
10 733 5953.460000000001
10 734 5953.460000000001
10 735 5949.460000000001
10 736 5949.460000000001
10 737 5949.460000000001
10 738 5949.460000000001
10 739 5949.460000000001
10 740 5949.460000000001
10 741 5949.460000000001
10 742 5949.460000000001
10 743 5949.460000000001
10 744 5949.460000000001
10 745 5949.460000000001
10 746 5949.460000000001
10 747 5949.460000000001
10 748 5949.460000000001
10 749 5949.460000000001
10 750 5949.460000000001
10 751 5943.500000000001
10 752 5943.500000000001
10 753 5943.500000000001
10 754 5939.18
10 755 5939.18
10 756 5939.18
10 757 5939.18
10 758 5939.18
10 759 5939.18
10 760 5939.18
10 761 5939.18
10 762 5939.18
10 763 5939.18
10 764 5939.18
10 765 5939.18
10 766 5939.18
10 767 5939.18
10 768 5939.18
10 769 5939.18
10 770 5939.18
10 771 5939.18
10 772 5939.18
10 773 5939.18
10 774 5939.18
10 775 5939.18
10 776 5939.18
10 777 5345.069999999999
10 778 5345.069999999999
10 779 5345.069999999999
10 780 5345.069999999999
10 781 5345.069999999999
10 782 5345.069999999999
10 783 5345.069999999999
10 784 5344.069999999999
10 785 5344.069999999999
10 786 5344.069999999999
10 787 5344.069999999999
11 788 5344.069999999999
11 789 5344.069999999999
11 790 5344.069999999999
11 791 5344.069999999999
11 792 5344.069999999999
11 793 5344.069999999999
11 794 5344.069999999999
11 795 5344.069999999999
11 796 5344.069999999999
11 797 5344.069999999999
11 798 5344.069999999999
11 799 5344.069999999999
11 800 5344.069999999999
11 801 5344.069999999999
11 802 5344.069999999999
11 803 5344.069999999999
11 804 5344.069999999999
11 805 5344.069999999999
11 806 5344.069999999999
11 807 5344.069999999999
11 808 5344.069999999999
11 809 5344.069999999999
11 810 5344.069999999999
11 811 5344.069999999999
11 812 5344.069999999999
11 813 5344.069999999999
11 814 5344.069999999999
11 815 5344.069999999999
11 816 5344.069999999999
11 817 5308.069999999999
11 818 5308.069999999999
11 819 5308.069999999999
11 820 5308.069999999999
11 821 5308.069999999999
11 822 5308.069999999999
11 823 5308.069999999999
11 824 5308.069999999999
11 825 5308.069999999999
11 826 5308.069999999999
11 827 5308.069999999999
11 828 5308.069999999999
11 829 5308.069999999999
11 830 5308.069999999999
11 831 5244.069999999999
11 832 5244.069999999999
11 833 5244.069999999999
11 834 5244.069999999999
11 835 5244.069999999999
11 836 5215.439999999998
11 837 5215.439999999998
11 838 5215.439999999998
11 839 5212.709999999998
11 840 5212.709999999998
11 841 5212.709999999998
11 842 5212.709999999998
11 843 5037.99
11 844 5037.99
11 845 5037.99
11 846 5037.99
11 847 4830.580000000001
11 848 4830.580000000001
11 849 4830.580000000001
11 850 4830.580000000001
11 851 4830.580000000001
11 852 4830.580000000001
11 853 4829.1900000000005
11 854 4829.1900000000005
11 855 4829.1900000000005
11 856 4829.1900000000005
11 857 4669.35
11 858 4669.35
11 859 4669.35
11 860 4669.35
11 861 4669.35
11 862 4669.35
11 863 4669.35
11 864 4669.35
11 865 4669.35
11 866 4669.35
11 867 4669.35
11 868 4669.35
11 869 4664.22
11 870 4664.22
11 871 4664.22
12 872 4664.22
12 873 4664.22
12 874 4664.22
12 875 4664.22
12 876 4664.22
12 877 4640.22
12 878 4640.22
12 879 4640.22
12 880 4640.22
12 881 4640.22
12 882 4640.22
12 883 4640.22
12 884 4640.22
12 885 4640.22
12 886 4640.22
12 887 4640.22
12 888 4640.22
12 889 4640.22
12 890 4640.22
12 891 4640.22
12 892 4640.22
12 893 4640.22
12 894 4640.22
12 895 4640.22
12 896 4640.22
12 897 4519.26
12 898 4519.26
12 899 4519.26
12 900 4519.26
12 901 4519.26
12 902 4519.26
12 903 4519.26
12 904 4519.26
12 905 4519.26
12 906 4519.26
12 907 4519.26
12 908 4426.46
12 909 4426.46
12 910 4426.46
12 911 4426.46
12 912 4426.46
12 913 4426.46
12 914 4426.46
12 915 4426.46
12 916 4426.46
12 917 4426.46
12 918 4426.46
12 919 4426.46
12 920 4426.46
12 921 4426.46
12 922 4426.46
12 923 4426.46
12 924 4426.46
12 925 4426.46
12 926 4426.46
12 927 4426.46
12 928 4426.46
12 929 4426.46
12 930 4426.46
12 931 4426.46
12 932 4426.46
12 933 4426.46
12 934 4426.46
12 935 4426.46
12 936 4426.46
12 937 4426.46
12 938 4426.46
12 939 4331.74
12 940 4331.74
12 941 4331.74
12 942 4331.74
12 943 3676.3800000000006
12 944 3676.3800000000006
12 945 3676.3800000000006
12 946 3676.3800000000006
12 947 3676.3800000000006
12 948 3676.3800000000006
13 949 3676.3800000000006
13 950 3676.3800000000006
13 951 3676.3800000000006
13 952 3676.3800000000006
13 953 3676.3800000000006
13 954 3676.3800000000006
13 955 3676.3800000000006
13 956 3676.3800000000006
13 957 3676.3800000000006
13 958 3676.3800000000006
13 959 3676.3800000000006
13 960 3676.3800000000006
13 961 3665.3400000000006
13 962 3665.3400000000006
13 963 3665.3400000000006
13 964 3665.3400000000006
13 965 3665.3400000000006
13 966 3665.3400000000006
13 967 3665.3400000000006
13 968 3665.3400000000006
13 969 3665.3400000000006
13 970 3665.3400000000006
13 971 3665.3400000000006
13 972 3665.3400000000006
13 973 3665.3400000000006
13 974 3665.3400000000006
13 975 3665.3400000000006
13 976 3665.3400000000006
13 977 3665.3400000000006
13 978 3665.3400000000006
13 979 3665.3400000000006
13 980 3665.3400000000006
13 981 3654.0600000000004
13 982 3654.0600000000004
13 983 3654.0600000000004
13 984 3654.0600000000004
13 985 3654.0600000000004
13 986 3654.0600000000004
13 987 3654.0600000000004
13 988 3654.0600000000004
13 989 3654.0600000000004
13 990 3654.0600000000004
13 991 3654.0600000000004
13 992 3632.4600000000005
13 993 3632.4600000000005
13 994 3632.4600000000005
13 995 3632.4600000000005
13 996 3632.4600000000005
13 997 3632.4600000000005
13 998 3632.4600000000005
13 999 3632.4600000000005
13 1000 3632.4600000000005
13 1001 3632.4600000000005
13 1002 3632.4600000000005
13 1003 3632.4600000000005
13 1004 3632.4600000000005
13 1005 3632.4600000000005
13 1006 3632.4600000000005
13 1007 3632.4600000000005
13 1008 3632.4600000000005
13 1009 3627.26
13 1010 3627.26
13 1011 3497.4
13 1012 3497.4
13 1013 3497.4
13 1014 3497.4
13 1015 3497.4
13 1016 3497.4
13 1017 3497.4
13 1018 3497.4
13 1019 3497.4
13 1020 3422.4600000000005
13 1021 3422.4600000000005
13 1022 3422.4600000000005
13 1023 3422.4600000000005
13 1024 3422.4600000000005
13 1025 3422.4600000000005
13 1026 3422.4600000000005
13 1027 3422.4600000000005
13 1028 3422.4600000000005
13 1029 3422.4600000000005
14 1030 3422.4600000000005
14 1031 3422.4600000000005
14 1032 3422.4600000000005
14 1033 3422.4600000000005
14 1034 3254.2
14 1035 3254.2
14 1036 3254.2
14 1037 3254.2
14 1038 3254.2
14 1039 3254.2
14 1040 3254.2
14 1041 3254.2
14 1042 3254.2
14 1043 3254.2
14 1044 3254.2
14 1045 3254.2
14 1046 3254.2
14 1047 3254.2
14 1048 3254.2
14 1049 3190.2
14 1050 3190.2
14 1051 3190.2
14 1052 3190.2
14 1053 3178.52
14 1054 3178.52
14 1055 3178.52
14 1056 3178.52
14 1057 3178.52
14 1058 3013.52
14 1059 3013.52
14 1060 3013.52
14 1061 3013.52
14 1062 3013.52
14 1063 3013.52
14 1064 3013.52
14 1065 3013.52
14 1066 3013.52
14 1067 3013.52
14 1068 3013.52
14 1069 3013.52
14 1070 3013.52
14 1071 3013.52
14 1072 3013.52
14 1073 3013.52
14 1074 3013.52
14 1075 3013.52
14 1076 3013.52
14 1077 3013.52
14 1078 3009.52
14 1079 3009.52
14 1080 3009.52
14 1081 3009.52
14 1082 3009.52
14 1083 3009.52
14 1084 3009.52
14 1085 3009.52
14 1086 3009.52
14 1087 3009.52
14 1088 3009.35
14 1089 3009.35
14 1090 2848.61
14 1091 2848.61
14 1092 2848.61
14 1093 2848.61
14 1094 2848.61
14 1095 2848.61
14 1096 2848.61
14 1097 2848.61
14 1098 2848.61
14 1099 2848.61
14 1100 2831.61
14 1101 2831.61
14 1102 2831.61
14 1103 2831.61
14 1104 2822.97
14 1105 2822.97
14 1106 2822.97
14 1107 2822.97
14 1108 2822.97
14 1109 2822.97
15 1110 2822.97
15 1111 2822.97
15 1112 2822.97
15 1113 2822.97
15 1114 2822.97
15 1115 2822.97
15 1116 2822.97
15 1117 2822.97
15 1118 2822.97
15 1119 2822.97
15 1120 2822.97
15 1121 2822.97
15 1122 2822.97
15 1123 2822.97
15 1124 2822.97
15 1125 2822.97
15 1126 2822.97
15 1127 2822.97
15 1128 2822.97
15 1129 2814.97
15 1130 2814.97
15 1131 2814.97
15 1132 2814.97
15 1133 2814.97
15 1134 2814.97
15 1135 2814.97
15 1136 2814.97
15 1137 2814.97
15 1138 2814.97
15 1139 2814.97
15 1140 2814.97
15 1141 2814.97
15 1142 2814.97
15 1143 2814.97
15 1144 2814.97
15 1145 2814.97
15 1146 2814.97
15 1147 2814.97
15 1148 2814.97
15 1149 2814.97
15 1150 2814.97
15 1151 2814.97
15 1152 2814.97
15 1153 2814.97
15 1154 2814.97
15 1155 2814.97
15 1156 2814.97
15 1157 2814.97
15 1158 2814.97
15 1159 2814.97
15 1160 2814.97
15 1161 2814.97
15 1162 2814.97
15 1163 2814.97
15 1164 2814.97
15 1165 2814.97
15 1166 2814.97
15 1167 2814.97
15 1168 2814.97
15 1169 2814.97
15 1170 2814.97
15 1171 2814.97
15 1172 2814.97
15 1173 2814.97
15 1174 2813.97
15 1175 2813.97
15 1176 2813.97
15 1177 2813.97
15 1178 2813.97
16 1179 2813.97
16 1180 2813.97
16 1181 2813.97
16 1182 2813.97
16 1183 2813.97
16 1184 2813.97
16 1185 2813.97
16 1186 2813.97
16 1187 2813.97
16 1188 2813.97
16 1189 2813.97
16 1190 2813.97
16 1191 2813.97
16 1192 2813.97
16 1193 2813.97
16 1194 2813.97
16 1195 2813.97
16 1196 2813.97
16 1197 2813.97
16 1198 2813.97
16 1199 2813.97
16 1200 2813.97
16 1201 2813.97
16 1202 2813.97
16 1203 2813.97
16 1204 2813.97
16 1205 2810.7599999999998
16 1206 2810.7599999999998
16 1207 2810.7599999999998
16 1208 2810.7599999999998
16 1209 2810.7599999999998
16 1210 2810.7599999999998
16 1211 2810.7599999999998
16 1212 2810.7599999999998
16 1213 2810.7599999999998
16 1214 2810.7599999999998
16 1215 2806.97
16 1216 2806.97
16 1217 2806.97
16 1218 2806.97
16 1219 2806.97
16 1220 2806.97
16 1221 2806.97
16 1222 2806.97
16 1223 2806.97
16 1224 2806.97
16 1225 2806.97
16 1226 2806.97
16 1227 2806.97
16 1228 2806.97
16 1229 2806.97
16 1230 2806.97
16 1231 2806.97
16 1232 2806.97
16 1233 2806.97
16 1234 2806.97
16 1235 2806.97
16 1236 2806.97
16 1237 2806.97
16 1238 2806.5899999999997
16 1239 2746.7599999999998
16 1240 2746.7599999999998
16 1241 2746.7599999999998
16 1242 2746.7599999999998
16 1243 2746.7599999999998
16 1244 2746.7599999999998
16 1245 2746.7599999999998
16 1246 2746.7599999999998
16 1247 2746.7599999999998
16 1248 2650.57
16 1249 2650.57
16 1250 2650.57
16 1251 2650.57
16 1252 2650.57
16 1253 2650.57
16 1254 2650.57
16 1255 2577.58
16 1256 2577.58
16 1257 2577.58
17 1258 2577.58
17 1259 2577.58
17 1260 2394.57
17 1261 2394.57
17 1262 2394.57
17 1263 2394.57
17 1264 2394.57
17 1265 2394.57
17 1266 2394.57
17 1267 2394.57
17 1268 2394.57
17 1269 2394.57
17 1270 2394.57
17 1271 2394.57
17 1272 2394.57
17 1273 2394.57
17 1274 2394.57
17 1275 2394.57
17 1276 2394.57
17 1277 2394.57
17 1278 2394.57
17 1279 2394.57
17 1280 2394.57
17 1281 2394.57
17 1282 2230.73
17 1283 2230.73
17 1284 2230.73
17 1285 2194.73
17 1286 2194.73
17 1287 2194.73
17 1288 2194.73
17 1289 2194.73
17 1290 2194.73
17 1291 2194.73
17 1292 2194.73
17 1293 2194.73
17 1294 2194.73
17 1295 2194.73
17 1296 2194.73
17 1297 2194.73
17 1298 2194.73
17 1299 2194.73
17 1300 2194.73
17 1301 2194.73
17 1302 2194.73
17 1303 2194.73
17 1304 2194.73
17 1305 2194.73
17 1306 2194.73
17 1307 2194.73
17 1308 2194.73
17 1309 2194.73
17 1310 2194.73
17 1311 2194.73
17 1312 2194.73
17 1313 2194.73
17 1314 2194.73
17 1315 2194.73
17 1316 2194.73
17 1317 2194.73
17 1318 2194.73
17 1319 2194.73
17 1320 2194.73
17 1321 2194.73
17 1322 2194.73
17 1323 2194.73
17 1324 2194.73
17 1325 2194.73
17 1326 2194.73
17 1327 2194.73
17 1328 2194.73
17 1329 2194.73
17 1330 2194.73
17 1331 2194.73
17 1332 2194.73
17 1333 2194.73
17 1334 2194.73
17 1335 2194.73
17 1336 2194.73
17 1337 2194.73
17 1338 2194.73
17 1339 2194.73
17 1340 2194.73
18 1341 2194.73
18 1342 2194.73
18 1343 2194.73
18 1344 2194.73
18 1345 2194.73
18 1346 2194.73
18 1347 2194.73
18 1348 2194.73
18 1349 2170.73
18 1350 2170.73
18 1351 2170.73
18 1352 2170.73
18 1353 2170.73
18 1354 2170.73
18 1355 2170.73
18 1356 2170.73
18 1357 2170.73
18 1358 2170.73
18 1359 2170.73
18 1360 2170.73
18 1361 2170.73
18 1362 2170.73
18 1363 2170.73
18 1364 2170.73
18 1365 2170.73
18 1366 2170.73
18 1367 2170.73
18 1368 2170.73
18 1369 2170.73
18 1370 2170.73
18 1371 1757.2400000000002
18 1372 1757.2400000000002
18 1373 1757.2400000000002
18 1374 1757.2400000000002
18 1375 1757.2400000000002
18 1376 1757.2400000000002
18 1377 1757.2400000000002
18 1378 1757.2400000000002
18 1379 1757.2400000000002
18 1380 1757.2400000000002
18 1381 1757.2400000000002
18 1382 1757.2400000000002
18 1383 1757.2400000000002
18 1384 1757.2400000000002
18 1385 1757.2400000000002
18 1386 1757.2400000000002
18 1387 1737.0800000000004
18 1388 1737.0800000000004
18 1389 1737.0800000000004
18 1390 1737.0800000000004
18 1391 1733.2400000000002
18 1392 1733.2400000000002
18 1393 1733.2400000000002
18 1394 1733.2400000000002
18 1395 1733.2400000000002
18 1396 1733.2400000000002
18 1397 1733.2400000000002
18 1398 1733.2400000000002
18 1399 1733.2400000000002
18 1400 1733.2400000000002
18 1401 1733.2400000000002
18 1402 1733.2400000000002
18 1403 1733.2400000000002
18 1404 1733.2400000000002
18 1405 1733.2400000000002
18 1406 1733.2400000000002
18 1407 1733.2400000000002
18 1408 1733.2400000000002
18 1409 1733.2400000000002
18 1410 1733.2400000000002
18 1411 1733.2400000000002
18 1412 1733.2400000000002
18 1413 1733.2400000000002
18 1414 1733.2400000000002
18 1415 1733.2400000000002
18 1416 1733.2400000000002
18 1417 1733.2400000000002
18 1418 1733.2400000000002
19 1419 1733.2400000000002
19 1420 1733.2400000000002
19 1421 1733.2400000000002
19 1422 1733.2400000000002
19 1423 1733.2400000000002
19 1424 1733.2400000000002
19 1425 1722.8400000000001
19 1426 1722.8400000000001
19 1427 1722.8400000000001
19 1428 1722.8400000000001
19 1429 1722.8400000000001
19 1430 1722.8400000000001
19 1431 1722.8400000000001
19 1432 1718.8400000000001
19 1433 1718.8400000000001
19 1434 1718.8400000000001
19 1435 1718.8400000000001
19 1436 1718.8400000000001
19 1437 1718.8400000000001
19 1438 1718.8400000000001
19 1439 1718.8400000000001
19 1440 1718.8400000000001
19 1441 1718.8400000000001
19 1442 1718.8400000000001
19 1443 1718.8400000000001
19 1444 1718.8400000000001
19 1445 1718.8400000000001
19 1446 1556.23
19 1447 1556.23
19 1448 1556.23
19 1449 1556.23
19 1450 1556.23
19 1451 1556.23
19 1452 1556.23
19 1453 1556.23
19 1454 1556.23
19 1455 1556.23
19 1456 1556.23
19 1457 1556.23
19 1458 1556.23
19 1459 1556.23
19 1460 1556.23
19 1461 1556.23
19 1462 1556.23
19 1463 1556.23
19 1464 1556.23
19 1465 1556.23
19 1466 1556.23
19 1467 1556.23
19 1468 1556.23
19 1469 1556.23
19 1470 1556.23
19 1471 1556.23
19 1472 1556.23
19 1473 1556.23
19 1474 1556.23
19 1475 1556.23
19 1476 1556.23
19 1477 1556.23
19 1478 1556.23
19 1479 1556.23
19 1480 1556.23
19 1481 1556.23
19 1482 1556.23
19 1483 1556.23
19 1484 1556.23
19 1485 1556.23
19 1486 1556.23
19 1487 1556.23
19 1488 1556.23
19 1489 1556.23
19 1490 1556.23
19 1491 1492.23
19 1492 1492.23
19 1493 1492.23
19 1494 1492.23
19 1495 1492.23
19 1496 1492.23
19 1497 1492.23
19 1498 1492.23
20 1499 1492.23
20 1500 1492.23
20 1501 1492.23
20 1502 1492.23
20 1503 1492.23
20 1504 1492.23
20 1505 1492.23
20 1506 1492.23
20 1507 1492.23
20 1508 1492.23
20 1509 1492.23
20 1510 1492.23
20 1511 1492.23
20 1512 1492.23
20 1513 1492.23
20 1514 1492.23
20 1515 1492.23
20 1516 1492.23
20 1517 1492.23
20 1518 1492.23
20 1519 1492.23
20 1520 1492.23
20 1521 1492.23
20 1522 1492.23
20 1523 1492.23
20 1524 1492.23
20 1525 1492.23
20 1526 1492.23
20 1527 1492.23
20 1528 1492.23
20 1529 1492.23
20 1530 1492.23
20 1531 1371.9099999999999
20 1532 1371.9099999999999
20 1533 1371.9099999999999
20 1534 1371.9099999999999
20 1535 1371.9099999999999
20 1536 1371.9099999999999
20 1537 1371.9099999999999
20 1538 1371.9099999999999
20 1539 1371.9099999999999
20 1540 1371.9099999999999
20 1541 1371.9099999999999
20 1542 1371.9099999999999
20 1543 1371.9099999999999
20 1544 1371.9099999999999
20 1545 1371.9099999999999
20 1546 1371.9099999999999
20 1547 1371.9099999999999
20 1548 1371.9099999999999
20 1549 1371.9099999999999
20 1550 1371.9099999999999
20 1551 1371.9099999999999
20 1552 1371.9099999999999
20 1553 1371.9099999999999
20 1554 1371.9099999999999
20 1555 1371.9099999999999
20 1556 1371.9099999999999
20 1557 1371.9099999999999
20 1558 1371.9099999999999
20 1559 1371.9099999999999
20 1560 1371.9099999999999
20 1561 1371.9099999999999
20 1562 1371.9099999999999
20 1563 1371.9099999999999
20 1564 1371.9099999999999
20 1565 1371.9099999999999
20 1566 1371.9099999999999
20 1567 1371.9099999999999
20 1568 1371.9099999999999
20 1569 1371.9099999999999
20 1570 1371.9099999999999
20 1571 1371.9099999999999
20 1572 1371.9099999999999
20 1573 1371.9099999999999
20 1574 1371.9099999999999
20 1575 1371.9099999999999
20 1576 1371.9099999999999
20 1577 1371.9099999999999
20 1578 1371.9099999999999
20 1579 1371.9099999999999
20 1580 1371.9099999999999
21 1581 1371.9099999999999
21 1582 1371.9099999999999
21 1583 1371.9099999999999
21 1584 1371.9099999999999
21 1585 1371.9099999999999
21 1586 1371.9099999999999
21 1587 1371.9099999999999
21 1588 1371.9099999999999
21 1589 1371.9099999999999
21 1590 1371.9099999999999
21 1591 1371.9099999999999
21 1592 1371.9099999999999
21 1593 1371.9099999999999
21 1594 1371.9099999999999
21 1595 1371.9099999999999
21 1596 1371.9099999999999
21 1597 1371.9099999999999
21 1598 1371.9099999999999
21 1599 1371.9099999999999
21 1600 1371.9099999999999
21 1601 1371.9099999999999
21 1602 1371.9099999999999
21 1603 1371.9099999999999
21 1604 1371.9099999999999
21 1605 1371.9099999999999
21 1606 1371.9099999999999
21 1607 1371.9099999999999
21 1608 1371.9099999999999
21 1609 1371.9099999999999
21 1610 1371.9099999999999
21 1611 1371.9099999999999
21 1612 1371.9099999999999
21 1613 1371.9099999999999
21 1614 1371.9099999999999
21 1615 1371.9099999999999
21 1616 1371.9099999999999
21 1617 1371.9099999999999
21 1618 1371.9099999999999
21 1619 1371.9099999999999
21 1620 1371.9099999999999
21 1621 1371.9099999999999
21 1622 1371.9099999999999
21 1623 1371.9099999999999
21 1624 1371.9099999999999
21 1625 1371.9099999999999
21 1626 1371.9099999999999
21 1627 1371.9099999999999
21 1628 1371.9099999999999
21 1629 1371.9099999999999
21 1630 1371.9099999999999
21 1631 1371.9099999999999
21 1632 1371.9099999999999
21 1633 1371.9099999999999
21 1634 1371.9099999999999
21 1635 1371.9099999999999
21 1636 1371.9099999999999
21 1637 1371.9099999999999
21 1638 1371.9099999999999
21 1639 1371.9099999999999
21 1640 1371.9099999999999
21 1641 1371.9099999999999
21 1642 1371.9099999999999
21 1643 1371.9099999999999
21 1644 1371.9099999999999
21 1645 1371.9099999999999
21 1646 1371.9099999999999
21 1647 1371.9099999999999
21 1648 1371.9099999999999
21 1649 1371.9099999999999
21 1650 1371.9099999999999
21 1651 1371.9099999999999
21 1652 1371.9099999999999
21 1653 1371.9099999999999
21 1654 1371.9099999999999
21 1655 1371.9099999999999
21 1656 1371.9099999999999
21 1657 1371.9099999999999
21 1658 1371.9099999999999
22 1659 1371.9099999999999
22 1660 1371.9099999999999
22 1661 1371.9099999999999
22 1662 1371.9099999999999
22 1663 1371.9099999999999
22 1664 1371.9099999999999
22 1665 1371.9099999999999
22 1666 1371.9099999999999
22 1667 1371.9099999999999
22 1668 1371.9099999999999
22 1669 1371.9099999999999
22 1670 1371.9099999999999
22 1671 1371.9099999999999
22 1672 1371.9099999999999
22 1673 1371.9099999999999
22 1674 1371.9099999999999
22 1675 1371.9099999999999
22 1676 1371.9099999999999
22 1677 1371.9099999999999
22 1678 1371.9099999999999
22 1679 1342.1300000000003
22 1680 1342.1300000000003
22 1681 1342.1300000000003
22 1682 1342.1300000000003
22 1683 1342.1300000000003
22 1684 1342.1300000000003
22 1685 1342.1300000000003
22 1686 1342.1300000000003
22 1687 1342.1300000000003
22 1688 1293.54
22 1689 1293.54
22 1690 1293.54
22 1691 1293.54
22 1692 1293.54
22 1693 1293.54
22 1694 1293.54
22 1695 1293.54
22 1696 1293.54
22 1697 1293.54
22 1698 1293.54
22 1699 1293.54
22 1700 1293.54
22 1701 1208.07
22 1702 1208.07
22 1703 1208.07
22 1704 1208.07
22 1705 1208.07
22 1706 1208.07
22 1707 1208.07
22 1708 1208.07
22 1709 1208.07
22 1710 1208.07
22 1711 1208.07
22 1712 1208.07
22 1713 1208.07
22 1714 1208.07
22 1715 1208.07
22 1716 1208.07
22 1717 1208.07
22 1718 1208.07
22 1719 1208.07
22 1720 1208.07
22 1721 1208.07
22 1722 1208.07
22 1723 1208.07
22 1724 1208.07
22 1725 1208.07
22 1726 1208.07
22 1727 1208.07
22 1728 1208.07
22 1729 1208.07
22 1730 1208.07
22 1731 1208.07
22 1732 1208.07
22 1733 1208.07
22 1734 1208.07
22 1735 1208.07
22 1736 1208.07
22 1737 1208.07
22 1738 1208.07
22 1739 1208.07
22 1740 1208.07
23 1741 1208.07
23 1742 1208.07
23 1743 1208.07
23 1744 1208.07
23 1745 1127.54
23 1746 1127.54
23 1747 1127.54
23 1748 1127.54
23 1749 1127.54
23 1750 1127.54
23 1751 1127.54
23 1752 1127.54
23 1753 1127.54
23 1754 1127.54
23 1755 1127.54
23 1756 1127.54
23 1757 1127.54
23 1758 1127.54
23 1759 1127.54
23 1760 1044.23
23 1761 1044.23
23 1762 1044.23
23 1763 1044.23
23 1764 1044.23
23 1765 1044.23
23 1766 1044.23
23 1767 1044.23
23 1768 1044.23
23 1769 1044.23
23 1770 1044.23
23 1771 1044.23
23 1772 1044.23
23 1773 1044.23
23 1774 1044.23
23 1775 1044.23
23 1776 1044.23
23 1777 1044.23
23 1778 1044.23
23 1779 1044.23
23 1780 1044.23
23 1781 1044.23
23 1782 1044.23
23 1783 1044.23
23 1784 1044.23
23 1785 1044.23
23 1786 1044.23
23 1787 1044.23
23 1788 1044.23
23 1789 1044.23
23 1790 1044.23
23 1791 1044.23
23 1792 1044.23
23 1793 1044.23
23 1794 1044.23
23 1795 1044.23
23 1796 1044.23
23 1797 1044.23
23 1798 1044.23
23 1799 1044.23
23 1800 1044.23
23 1801 1044.23
23 1802 1044.23
23 1803 1044.23
23 1804 1044.23
23 1805 1044.23
23 1806 1044.23
23 1807 1044.23
23 1808 1044.23
23 1809 1044.23
23 1810 1044.23
23 1811 1044.23
23 1812 1044.23
23 1813 1044.23
23 1814 962.5400000000001
23 1815 962.5400000000001
23 1816 962.5400000000001
23 1817 926.5400000000001
23 1818 926.5400000000001
23 1819 926.5400000000001
23 1820 926.5400000000001
23 1821 926.5400000000001
23 1822 926.5400000000001
23 1823 926.5400000000001
23 1824 926.5400000000001
23 1825 926.5400000000001
24 1826 926.5400000000001
24 1827 926.5400000000001
24 1828 926.5400000000001
24 1829 926.5400000000001
24 1830 926.5400000000001
24 1831 926.5400000000001
24 1832 926.5400000000001
24 1833 926.5400000000001
24 1834 926.5400000000001
24 1835 926.5400000000001
24 1836 926.5400000000001
24 1837 926.5400000000001
24 1838 926.5400000000001
24 1839 926.5400000000001
24 1840 926.5400000000001
24 1841 926.5400000000001
24 1842 926.5400000000001
24 1843 926.5400000000001
24 1844 926.5400000000001
24 1845 926.5400000000001
24 1846 926.5400000000001
24 1847 926.5400000000001
24 1848 926.5400000000001
24 1849 926.5400000000001
24 1850 926.5400000000001
24 1851 926.5400000000001
24 1852 926.5400000000001
24 1853 926.5400000000001
24 1854 926.5400000000001
24 1855 926.5400000000001
24 1856 926.5400000000001
24 1857 926.5400000000001
24 1858 926.5400000000001
24 1859 926.5400000000001
24 1860 926.5400000000001
24 1861 926.5400000000001
24 1862 926.5400000000001
24 1863 926.5400000000001
24 1864 926.5400000000001
24 1865 926.5400000000001
24 1866 926.5400000000001
24 1867 926.5400000000001
24 1868 926.5400000000001
24 1869 926.5400000000001
24 1870 926.5400000000001
24 1871 926.5400000000001
24 1872 926.5400000000001
24 1873 926.5400000000001
24 1874 926.5400000000001
24 1875 926.5400000000001
24 1876 926.5400000000001
24 1877 926.5400000000001
24 1878 926.5400000000001
24 1879 926.5400000000001
24 1880 926.5400000000001
24 1881 926.5400000000001
24 1882 926.5400000000001
24 1883 926.5400000000001
24 1884 926.5400000000001
24 1885 926.5400000000001
24 1886 926.5400000000001
24 1887 926.5400000000001
24 1888 926.5400000000001
24 1889 926.5400000000001
24 1890 926.5400000000001
24 1891 926.5400000000001
24 1892 926.5400000000001
24 1893 926.5400000000001
24 1894 926.5400000000001
24 1895 926.5400000000001
24 1896 926.5400000000001
24 1897 926.5400000000001
24 1898 926.5400000000001
24 1899 926.5400000000001
24 1900 926.5400000000001
24 1901 926.5400000000001
24 1902 926.5400000000001
24 1903 926.5400000000001
24 1904 926.5400000000001
24 1905 926.5400000000001
24 1906 926.5400000000001
24 1907 926.5400000000001
24 1908 926.5400000000001
24 1909 926.5400000000001
24 1910 926.5400000000001
24 1911 926.5400000000001
24 1912 926.5400000000001
24 1913 926.5400000000001
25 1914 926.5400000000001
25 1915 926.5400000000001
25 1916 926.5400000000001
25 1917 926.5400000000001
25 1918 926.5400000000001
25 1919 926.5400000000001
25 1920 926.5400000000001
25 1921 926.5400000000001
25 1922 926.5400000000001
25 1923 926.5400000000001
25 1924 926.5400000000001
25 1925 926.5400000000001
25 1926 926.5400000000001
25 1927 926.5400000000001
25 1928 926.5400000000001
25 1929 926.5400000000001
25 1930 926.5400000000001
25 1931 926.5400000000001
25 1932 926.5400000000001
25 1933 926.5400000000001
25 1934 926.5400000000001
25 1935 926.5400000000001
25 1936 926.5400000000001
25 1937 926.5400000000001
25 1938 926.5400000000001
25 1939 926.5400000000001
25 1940 926.5400000000001
25 1941 926.5400000000001
25 1942 926.5400000000001
25 1943 926.5400000000001
25 1944 926.5400000000001
25 1945 926.5400000000001
25 1946 926.5400000000001
25 1947 926.5400000000001
25 1948 926.5400000000001
25 1949 926.5400000000001
25 1950 926.5400000000001
25 1951 926.5400000000001
25 1952 926.5400000000001
25 1953 926.5400000000001
25 1954 926.5400000000001
25 1955 922.5400000000001
25 1956 922.5400000000001
25 1957 922.5400000000001
25 1958 922.5400000000001
25 1959 922.5400000000001
25 1960 922.5400000000001
25 1961 922.5400000000001
25 1962 922.5400000000001
25 1963 922.5400000000001
25 1964 922.5400000000001
25 1965 922.5400000000001
25 1966 922.5400000000001
25 1967 922.5400000000001
25 1968 922.5400000000001
25 1969 922.5400000000001
25 1970 922.5400000000001
25 1971 922.5400000000001
25 1972 922.5400000000001
25 1973 922.5400000000001
25 1974 922.5400000000001
25 1975 922.5400000000001
25 1976 922.5400000000001
25 1977 922.5400000000001
25 1978 922.5400000000001
25 1979 922.5400000000001
25 1980 922.5400000000001
25 1981 922.5400000000001
25 1982 922.5400000000001
25 1983 922.5400000000001
25 1984 922.5400000000001
25 1985 922.5400000000001
25 1986 758.7
25 1987 758.7
25 1988 758.7
25 1989 758.7
25 1990 758.7
25 1991 758.7
25 1992 758.7
25 1993 758.7
25 1994 758.7
25 1995 758.7
25 1996 758.7
25 1997 758.7
25 1998 758.7
25 1999 758.7
26 2000 758.7
26 2001 758.7
26 2002 758.7
26 2003 758.7
26 2004 758.7
26 2005 758.7
26 2006 758.7
26 2007 758.7
26 2008 758.7
26 2009 758.7
26 2010 758.7
26 2011 758.7
26 2012 758.7
26 2013 754.7
26 2014 754.7
26 2015 754.7
26 2016 690.7
26 2017 690.7
26 2018 690.7
26 2019 690.7
26 2020 690.7
26 2021 690.7
26 2022 690.7
26 2023 690.7
26 2024 690.7
26 2025 690.7
26 2026 690.7
26 2027 690.7
26 2028 690.7
26 2029 690.7
26 2030 690.7
26 2031 690.7
26 2032 690.7
26 2033 690.7
26 2034 690.7
26 2035 690.7
26 2036 690.7
26 2037 690.7
26 2038 690.7
26 2039 526.86
26 2040 526.86
26 2041 526.86
26 2042 526.86
26 2043 526.86
26 2044 526.86
26 2045 526.86
26 2046 526.86
26 2047 526.86
26 2048 526.86
26 2049 526.86
26 2050 526.86
26 2051 526.86
26 2052 526.86
26 2053 526.86
26 2054 526.86
26 2055 526.86
26 2056 526.86
26 2057 526.86
26 2058 526.86
26 2059 526.86
26 2060 526.86
26 2061 526.86
26 2062 526.86
26 2063 526.86
26 2064 526.86
26 2065 526.86
26 2066 526.86
26 2067 526.86
26 2068 526.86
26 2069 526.86
26 2070 526.86
26 2071 524.29
26 2072 524.29
26 2073 524.29
26 2074 524.29
26 2075 524.29
26 2076 524.29
26 2077 524.29
26 2078 524.29
26 2079 524.29
26 2080 524.29
26 2081 524.29
27 2082 524.29
27 2083 524.29
27 2084 524.29
27 2085 524.29
27 2086 524.29
27 2087 524.29
27 2088 524.29
27 2089 524.29
27 2090 524.29
27 2091 524.29
27 2092 524.29
27 2093 524.29
27 2094 524.29
27 2095 524.29
27 2096 524.29
27 2097 524.29
27 2098 524.29
27 2099 524.29
27 2100 524.29
27 2101 524.29
27 2102 524.29
27 2103 524.29
27 2104 524.29
27 2105 524.29
27 2106 524.29
27 2107 524.29
27 2108 524.29
27 2109 524.29
27 2110 524.29
27 2111 524.29
27 2112 524.29
27 2113 524.29
27 2114 524.29
27 2115 524.29
27 2116 524.29
27 2117 524.29
27 2118 524.29
27 2119 524.29
27 2120 524.29
27 2121 524.29
27 2122 524.29
27 2123 524.29
27 2124 524.29
27 2125 524.29
27 2126 524.29
27 2127 524.29
27 2128 524.29
27 2129 524.29
27 2130 524.29
27 2131 524.29
27 2132 524.29
27 2133 524.29
27 2134 524.29
27 2135 524.29
27 2136 524.29
27 2137 524.29
27 2138 520.29
27 2139 520.29
27 2140 520.29
27 2141 519.29
27 2142 519.29
27 2143 519.29
27 2144 519.29
27 2145 519.29
27 2146 519.29
27 2147 519.29
27 2148 519.29
27 2149 519.29
27 2150 519.29
27 2151 519.29
27 2152 519.29
27 2153 519.29
27 2154 519.29
27 2155 519.29
27 2156 519.29
27 2157 519.29
27 2158 519.29
27 2159 519.29
27 2160 519.29
27 2161 519.29
27 2162 519.29
27 2163 519.29
27 2164 519.29
28 2165 519.29
28 2166 519.29
28 2167 519.29
28 2168 519.29
28 2169 519.29
28 2170 519.29
28 2171 519.29
28 2172 519.29
28 2173 519.29
28 2174 519.29
28 2175 519.29
28 2176 519.29
28 2177 519.29
28 2178 515.29
28 2179 515.29
28 2180 515.29
28 2181 515.29
28 2182 515.29
28 2183 515.29
28 2184 515.29
28 2185 515.29
28 2186 515.29
28 2187 515.29
28 2188 515.29
28 2189 515.29
28 2190 515.29
28 2191 515.29
28 2192 515.29
28 2193 515.29
28 2194 515.29
28 2195 515.29
28 2196 515.29
28 2197 515.29
28 2198 515.29
28 2199 515.29
28 2200 515.29
28 2201 515.29
28 2202 515.29
28 2203 515.29
28 2204 515.29
28 2205 515.29
28 2206 515.29
28 2207 515.29
28 2208 515.29
28 2209 515.29
28 2210 515.29
28 2211 515.29
28 2212 515.29
28 2213 515.29
28 2214 515.29
28 2215 515.29
28 2216 515.29
28 2217 515.29
28 2218 515.29
28 2219 515.29
28 2220 515.29
28 2221 515.29
28 2222 515.29
28 2223 515.29
28 2224 515.29
28 2225 515.29
28 2226 515.29
28 2227 515.29
28 2228 515.29
28 2229 515.29
28 2230 515.29
28 2231 515.29
28 2232 515.29
28 2233 515.29
28 2234 515.29
28 2235 515.29
28 2236 515.29
28 2237 515.29
28 2238 515.29
28 2239 515.29
28 2240 515.29
28 2241 515.29
28 2242 515.29
28 2243 515.29
28 2244 515.29
28 2245 515.29
28 2246 515.29
28 2247 515.29
28 2248 515.29
28 2249 515.29
29 2250 515.29
29 2251 515.29
29 2252 515.29
29 2253 515.29
29 2254 515.29
29 2255 515.29
29 2256 515.29
29 2257 515.29
29 2258 515.29
29 2259 515.29
29 2260 512.72
29 2261 512.72
29 2262 512.72
29 2263 512.72
29 2264 512.72
29 2265 512.72
29 2266 512.72
29 2267 512.72
29 2268 512.72
29 2269 512.72
29 2270 512.72
29 2271 512.72
29 2272 512.72
29 2273 512.72
29 2274 512.72
29 2275 512.72
29 2276 512.72
29 2277 512.72
29 2278 512.72
29 2279 512.72
29 2280 512.72
29 2281 512.72
29 2282 512.72
29 2283 512.72
29 2284 512.72
29 2285 512.72
29 2286 512.72
29 2287 512.72
29 2288 512.72
29 2289 512.72
29 2290 512.72
29 2291 512.72
29 2292 512.72
29 2293 512.72
29 2294 512.72
29 2295 511.72
29 2296 511.72
29 2297 511.72
29 2298 511.72
29 2299 511.72
29 2300 511.72
29 2301 511.72
29 2302 511.72
29 2303 511.72
29 2304 511.72
29 2305 511.72
29 2306 511.72
29 2307 511.72
29 2308 511.72
29 2309 511.72
29 2310 511.72
29 2311 511.72
29 2312 511.72
29 2313 511.72
29 2314 509.69000000000005
29 2315 509.69000000000005
29 2316 509.69000000000005
29 2317 509.69000000000005
29 2318 509.69000000000005
29 2319 509.69000000000005
29 2320 509.69000000000005
29 2321 509.69000000000005
29 2322 509.69000000000005
29 2323 509.69000000000005
29 2324 509.69000000000005
29 2325 509.69000000000005
29 2326 509.69000000000005
29 2327 509.69000000000005
29 2328 509.69000000000005
29 2329 509.69000000000005
30 2330 509.69000000000005
30 2331 509.69000000000005
30 2332 509.69000000000005
30 2333 509.69000000000005
30 2334 509.69000000000005
30 2335 509.69000000000005
30 2336 509.69000000000005
30 2337 509.69000000000005
30 2338 509.69000000000005
30 2339 509.69000000000005
30 2340 509.69000000000005
30 2341 509.69000000000005
30 2342 509.69000000000005
30 2343 509.69000000000005
30 2344 509.69000000000005
30 2345 509.69000000000005
30 2346 509.69000000000005
30 2347 509.69000000000005
30 2348 509.69000000000005
30 2349 509.69000000000005
30 2350 509.69000000000005
30 2351 509.69000000000005
30 2352 509.69000000000005
30 2353 509.69000000000005
30 2354 509.69000000000005
30 2355 509.69000000000005
30 2356 509.69000000000005
30 2357 509.69000000000005
30 2358 509.69000000000005
30 2359 509.69000000000005
30 2360 509.69000000000005
30 2361 509.69000000000005
30 2362 509.69000000000005
30 2363 163.04
30 2364 163.04
30 2365 163.04
30 2366 163.04
30 2367 163.04
30 2368 163.04
30 2369 163.04
30 2370 163.04
30 2371 163.04
30 2372 163.04
30 2373 163.04
30 2374 163.04
30 2375 163.04
30 2376 163.04
30 2377 163.04
30 2378 163.04
30 2379 163.04
30 2380 163.04
30 2381 163.04
30 2382 163.04
30 2383 163.04
30 2384 163.04
30 2385 163.04
30 2386 163.04
30 2387 163.04
30 2388 163.04
30 2389 163.04
30 2390 163.04
30 2391 163.04
30 2392 163.04
30 2393 163.04
30 2394 163.04
30 2395 163.04
30 2396 163.04
30 2397 163.04
30 2398 163.04
30 2399 163.04
30 2400 163.04
30 2401 163.04
30 2402 163.04
30 2403 163.04
30 2404 163.04
30 2405 163.04
30 2406 163.04
30 2407 163.04
30 2408 163.04
30 2409 163.04
30 2410 163.04
31 2411 163.04
31 2412 163.04
31 2413 163.04
31 2414 163.04
31 2415 163.04
31 2416 163.04
31 2417 163.04
31 2418 163.04
31 2419 163.04
31 2420 163.04
31 2421 163.04
31 2422 163.04
31 2423 163.04
31 2424 163.04
31 2425 163.04
31 2426 163.04
31 2427 163.04
31 2428 163.04
31 2429 163.04
31 2430 163.04
31 2431 163.04
31 2432 163.04
31 2433 163.04
31 2434 163.04
31 2435 163.04
31 2436 162.04
31 2437 162.04
31 2438 162.04
31 2439 162.04
31 2440 162.04
31 2441 162.04
31 2442 162.04
31 2443 162.04
31 2444 162.04
31 2445 162.04
31 2446 162.04
31 2447 162.04
31 2448 162.04
31 2449 162.04
31 2450 162.04
31 2451 162.04
31 2452 162.04
31 2453 162.04
31 2454 162.04
31 2455 162.04
31 2456 162.04
31 2457 162.04
31 2458 162.04
31 2459 162.04
31 2460 162.04
31 2461 162.04
31 2462 162.04
31 2463 162.04
31 2464 162.04
31 2465 162.04
31 2466 162.04
31 2467 162.04
31 2468 162.04
31 2469 162.04
31 2470 162.04
31 2471 162.04
31 2472 162.04
31 2473 162.04
31 2474 162.04
31 2475 162.04
31 2476 162.04
31 2477 162.04
31 2478 162.04
31 2479 162.04
31 2480 162.04
31 2481 162.04
31 2482 162.04
31 2483 162.04
31 2484 162.04
31 2485 162.04
31 2486 162.04
31 2487 162.04
31 2488 162.04
31 2489 162.04
32 2490 162.04
32 2491 162.04
32 2492 162.04
32 2493 162.04
32 2494 162.04
32 2495 162.04
32 2496 162.04
32 2497 162.04
32 2498 162.04
32 2499 162.04
32 2500 162.04
32 2501 162.04
32 2502 162.04
32 2503 162.04
32 2504 162.04
32 2505 162.04
32 2506 162.04
32 2507 162.04
32 2508 162.04
32 2509 162.04
32 2510 162.04
32 2511 162.04
32 2512 162.04
32 2513 162.04
32 2514 162.04
32 2515 162.04
32 2516 162.04
32 2517 162.04
32 2518 162.04
32 2519 162.04
32 2520 162.04
32 2521 162.04
32 2522 158.04
32 2523 158.04
32 2524 158.04
32 2525 158.04
32 2526 158.04
32 2527 158.04
32 2528 158.04
32 2529 158.04
32 2530 158.04
32 2531 158.04
32 2532 158.04
32 2533 158.04
32 2534 158.04
32 2535 158.04
32 2536 158.04
32 2537 158.04
32 2538 158.04
32 2539 158.04
32 2540 157.04
32 2541 157.04
32 2542 157.04
32 2543 157.04
32 2544 157.04
32 2545 157.04
32 2546 157.04
32 2547 157.04
32 2548 157.04
32 2549 157.04
32 2550 157.04
32 2551 157.04
32 2552 157.04
32 2553 157.04
32 2554 157.04
32 2555 157.04
32 2556 157.04
32 2557 157.04
32 2558 157.04
32 2559 157.04
32 2560 157.04
32 2561 157.04
32 2562 157.04
32 2563 157.04
32 2564 157.04
32 2565 157.04
32 2566 157.04
32 2567 157.04
32 2568 157.04
32 2569 157.04
32 2570 157.04
32 2571 157.04
32 2572 157.04
32 2573 157.04
32 2574 157.04
32 2575 157.04
32 2576 157.04
33 2577 157.04
33 2578 157.04
33 2579 157.04
33 2580 157.04
33 2581 157.04
33 2582 157.04
33 2583 157.04
33 2584 157.04
33 2585 157.04
33 2586 157.04
33 2587 157.04
33 2588 157.04
33 2589 157.04
33 2590 157.04
33 2591 157.04
33 2592 157.04
33 2593 157.04
33 2594 157.04
33 2595 157.04
33 2596 157.04
33 2597 157.04
33 2598 157.04
33 2599 157.04
33 2600 157.04
33 2601 157.04
33 2602 157.04
33 2603 157.04
33 2604 157.04
33 2605 157.04
33 2606 157.04
33 2607 157.04
33 2608 157.04
33 2609 157.04
33 2610 157.04
33 2611 157.04
33 2612 157.04
33 2613 157.04
33 2614 157.04
33 2615 157.04
33 2616 157.04
33 2617 157.04
33 2618 157.04
33 2619 157.04
33 2620 157.04
33 2621 157.04
33 2622 157.04
33 2623 157.04
33 2624 157.04
33 2625 157.04
33 2626 157.04
33 2627 157.04
33 2628 157.04
33 2629 157.04
33 2630 157.04
33 2631 157.04
33 2632 157.04
33 2633 157.04
33 2634 157.04
33 2635 157.04
33 2636 157.04
33 2637 157.04
33 2638 157.04
33 2639 157.04
33 2640 157.04
33 2641 157.04
33 2642 157.04
33 2643 157.04
33 2644 157.04
33 2645 157.04
33 2646 157.04
33 2647 157.04
33 2648 157.04
33 2649 157.04
33 2650 157.04
33 2651 157.04
33 2652 157.04
33 2653 157.04
33 2654 157.04
33 2655 157.04
33 2656 157.04
33 2657 157.04
33 2658 157.04
33 2659 157.04
33 2660 157.04
33 2661 157.04
33 2662 157.04
33 2663 157.04
34 2664 157.04
34 2665 157.04
34 2666 157.04
34 2667 157.04
34 2668 157.04
34 2669 157.04
34 2670 157.04
34 2671 157.04
34 2672 157.04
34 2673 157.04
34 2674 157.04
34 2675 157.04
34 2676 157.04
34 2677 157.04
34 2678 157.04
34 2679 157.04
34 2680 157.04
34 2681 157.04
34 2682 157.04
34 2683 157.04
34 2684 157.04
34 2685 157.04
34 2686 157.04
34 2687 157.04
34 2688 157.04
34 2689 157.04
34 2690 157.04
34 2691 157.04
34 2692 157.04
34 2693 157.04
34 2694 157.04
34 2695 157.04
34 2696 157.04
34 2697 157.04
34 2698 157.04
34 2699 157.04
34 2700 157.04
34 2701 157.04
34 2702 157.04
34 2703 157.04
34 2704 157.04
34 2705 157.04
34 2706 157.04
34 2707 157.04
34 2708 157.04
34 2709 157.04
34 2710 157.04
34 2711 157.04
34 2712 157.04
34 2713 157.04
34 2714 157.04
34 2715 157.04
34 2716 157.04
34 2717 157.04
34 2718 157.04
34 2719 157.04
34 2720 157.04
34 2721 157.04
34 2722 157.04
34 2723 157.04
34 2724 157.04
34 2725 157.04
34 2726 157.04
34 2727 157.04
34 2728 157.04
34 2729 157.04
34 2730 157.04
34 2731 157.04
34 2732 157.04
34 2733 157.04
34 2734 157.04
34 2735 157.04
34 2736 157.04
34 2737 157.04
34 2738 157.04
34 2739 157.04
34 2740 157.04
34 2741 157.04
34 2742 157.04
35 2743 157.04
35 2744 157.04
35 2745 157.04
35 2746 110.16000000000001
35 2747 110.16000000000001
35 2748 110.16000000000001
35 2749 110.16000000000001
35 2750 110.16000000000001
35 2751 110.16000000000001
35 2752 110.16000000000001
35 2753 110.16000000000001
35 2754 110.16000000000001
35 2755 109.16000000000001
35 2756 109.16000000000001
35 2757 109.16000000000001
35 2758 109.16000000000001
35 2759 109.16000000000001
35 2760 109.16000000000001
35 2761 109.16000000000001
35 2762 109.16000000000001
35 2763 109.16000000000001
35 2764 109.16000000000001
35 2765 109.16000000000001
35 2766 109.16000000000001
35 2767 109.16000000000001
35 2768 109.16000000000001
35 2769 109.16000000000001
35 2770 109.16000000000001
35 2771 109.16000000000001
35 2772 109.16000000000001
35 2773 109.16000000000001
35 2774 109.16000000000001
35 2775 109.16000000000001
35 2776 109.16000000000001
35 2777 109.16000000000001
35 2778 109.16000000000001
35 2779 109.16000000000001
35 2780 109.16000000000001
35 2781 109.16000000000001
35 2782 109.16000000000001
35 2783 109.16000000000001
35 2784 109.16000000000001
35 2785 109.16000000000001
35 2786 109.16000000000001
35 2787 109.16000000000001
35 2788 109.16000000000001
35 2789 109.16000000000001
35 2790 109.16000000000001
35 2791 109.16000000000001
35 2792 109.16000000000001
35 2793 109.16000000000001
35 2794 109.16000000000001
35 2795 109.16000000000001
35 2796 109.16000000000001
35 2797 109.16000000000001
35 2798 109.16000000000001
35 2799 109.16000000000001
35 2800 109.16000000000001
35 2801 109.16000000000001
35 2802 109.16000000000001
35 2803 109.16000000000001
35 2804 109.16000000000001
35 2805 109.16000000000001
35 2806 109.16000000000001
35 2807 109.16000000000001
35 2808 109.16000000000001
35 2809 109.16000000000001
35 2810 109.16000000000001
35 2811 109.16000000000001
35 2812 109.16000000000001
35 2813 109.16000000000001
35 2814 109.16000000000001
35 2815 109.16000000000001
35 2816 109.16000000000001
35 2817 109.16000000000001
35 2818 109.16000000000001
35 2819 109.16000000000001
35 2820 109.16000000000001
35 2821 109.16000000000001
35 2822 109.16000000000001
35 2823 109.16000000000001
35 2824 109.16000000000001
36 2825 109.16000000000001
36 2826 109.16000000000001
36 2827 109.16000000000001
36 2828 109.16000000000001
36 2829 109.16000000000001
36 2830 109.16000000000001
36 2831 109.16000000000001
36 2832 109.16000000000001
36 2833 109.16000000000001
36 2834 109.16000000000001
36 2835 109.16000000000001
36 2836 109.16000000000001
36 2837 109.16000000000001
36 2838 109.16000000000001
36 2839 109.16000000000001
36 2840 109.16000000000001
36 2841 109.16000000000001
36 2842 109.16000000000001
36 2843 109.16000000000001
36 2844 109.16000000000001
36 2845 109.16000000000001
36 2846 109.16000000000001
36 2847 109.16000000000001
36 2848 109.16000000000001
36 2849 109.16000000000001
36 2850 109.16000000000001
36 2851 109.16000000000001
36 2852 109.16000000000001
36 2853 109.16000000000001
36 2854 109.16000000000001
36 2855 109.16000000000001
36 2856 109.16000000000001
36 2857 109.16000000000001
36 2858 109.16000000000001
36 2859 109.16000000000001
36 2860 109.16000000000001
36 2861 109.16000000000001
36 2862 109.16000000000001
36 2863 109.16000000000001
36 2864 109.16000000000001
36 2865 109.16000000000001
36 2866 109.16000000000001
36 2867 109.16000000000001
36 2868 109.16000000000001
36 2869 109.16000000000001
36 2870 109.16000000000001
36 2871 109.16000000000001
36 2872 109.16000000000001
36 2873 109.16000000000001
36 2874 109.16000000000001
36 2875 109.16000000000001
36 2876 109.16000000000001
36 2877 109.16000000000001
36 2878 109.16000000000001
36 2879 109.16000000000001
36 2880 109.16000000000001
36 2881 109.16000000000001
36 2882 109.16000000000001
36 2883 109.16000000000001
36 2884 109.16000000000001
36 2885 109.16000000000001
36 2886 109.16000000000001
36 2887 109.16000000000001
36 2888 109.16000000000001
36 2889 109.16000000000001
36 2890 109.16000000000001
36 2891 109.16000000000001
36 2892 109.16000000000001
36 2893 109.16000000000001
36 2894 109.16000000000001
36 2895 109.16000000000001
36 2896 109.16000000000001
36 2897 109.16000000000001
36 2898 109.16000000000001
36 2899 109.16000000000001
36 2900 109.16000000000001
36 2901 109.16000000000001
36 2902 109.16000000000001
36 2903 109.16000000000001
36 2904 109.16000000000001
36 2905 109.16000000000001
36 2906 109.16000000000001
36 2907 109.16000000000001
36 2908 109.16000000000001
36 2909 109.16000000000001
37 2910 109.16000000000001
37 2911 109.16000000000001
37 2912 109.16000000000001
37 2913 109.16000000000001
37 2914 109.16000000000001
37 2915 109.16000000000001
37 2916 109.16000000000001
37 2917 109.16000000000001
37 2918 109.16000000000001
37 2919 109.16000000000001
37 2920 109.16000000000001
37 2921 109.16000000000001
37 2922 109.16000000000001
37 2923 109.16000000000001
37 2924 109.16000000000001
37 2925 109.16000000000001
37 2926 109.16000000000001
37 2927 109.16000000000001
37 2928 109.16000000000001
37 2929 109.16000000000001
37 2930 109.16000000000001
37 2931 109.16000000000001
37 2932 109.16000000000001
37 2933 109.16000000000001
37 2934 109.16000000000001
37 2935 109.16000000000001
37 2936 109.16000000000001
37 2937 109.16000000000001
37 2938 109.16000000000001
37 2939 109.16000000000001
37 2940 109.16000000000001
37 2941 109.16000000000001
37 2942 109.16000000000001
37 2943 109.16000000000001
37 2944 109.16000000000001
37 2945 109.16000000000001
37 2946 109.16000000000001
37 2947 109.16000000000001
37 2948 109.16000000000001
37 2949 109.16000000000001
37 2950 109.16000000000001
37 2951 109.16000000000001
37 2952 109.16000000000001
37 2953 109.16000000000001
37 2954 109.16000000000001
37 2955 109.16000000000001
37 2956 109.16000000000001
37 2957 109.16000000000001
37 2958 109.16000000000001
37 2959 109.16000000000001
37 2960 109.16000000000001
37 2961 109.16000000000001
37 2962 109.16000000000001
37 2963 109.16000000000001
37 2964 109.16000000000001
37 2965 109.16000000000001
37 2966 109.16000000000001
37 2967 109.16000000000001
37 2968 109.16000000000001
37 2969 109.16000000000001
37 2970 109.16000000000001
37 2971 109.16000000000001
37 2972 109.16000000000001
37 2973 109.16000000000001
37 2974 109.16000000000001
37 2975 109.16000000000001
37 2976 109.16000000000001
37 2977 109.16000000000001
37 2978 109.16000000000001
37 2979 109.16000000000001
37 2980 109.16000000000001
37 2981 109.16000000000001
37 2982 109.16000000000001
37 2983 109.16000000000001
37 2984 109.16000000000001
37 2985 109.16000000000001
38 2986 109.16000000000001
38 2987 109.16000000000001
38 2988 109.16000000000001
38 2989 109.16000000000001
38 2990 109.16000000000001
38 2991 109.16000000000001
38 2992 109.16000000000001
38 2993 109.16000000000001
38 2994 109.16000000000001
38 2995 109.16000000000001
38 2996 109.16000000000001
38 2997 109.16000000000001
38 2998 109.16000000000001
38 2999 109.16000000000001
38 3000 109.16000000000001
38 3001 109.16000000000001
38 3002 109.16000000000001
38 3003 109.16000000000001
38 3004 109.16000000000001
38 3005 109.16000000000001
38 3006 109.16000000000001
38 3007 109.16000000000001
38 3008 109.16000000000001
38 3009 109.16000000000001
38 3010 109.16000000000001
38 3011 109.16000000000001
38 3012 109.16000000000001
38 3013 109.16000000000001
38 3014 109.16000000000001
38 3015 109.16000000000001
38 3016 109.16000000000001
38 3017 109.16000000000001
38 3018 109.16000000000001
38 3019 109.16000000000001
38 3020 109.16000000000001
38 3021 109.16000000000001
38 3022 109.16000000000001
38 3023 109.16000000000001
38 3024 109.16000000000001
38 3025 109.16000000000001
38 3026 109.16000000000001
38 3027 109.16000000000001
38 3028 109.16000000000001
38 3029 109.16000000000001
38 3030 109.16000000000001
38 3031 109.16000000000001
38 3032 8.0
38 3033 8.0
38 3034 8.0
38 3035 8.0
38 3036 8.0
38 3037 8.0
38 3038 8.0
38 3039 8.0
38 3040 8.0
38 3041 8.0
38 3042 8.0
38 3043 8.0
38 3044 8.0
38 3045 8.0
38 3046 8.0
38 3047 8.0
38 3048 8.0
38 3049 8.0
38 3050 8.0
38 3051 8.0
38 3052 8.0
38 3053 8.0
38 3054 8.0
38 3055 8.0
38 3056 8.0
38 3057 8.0
38 3058 8.0
38 3059 8.0
38 3060 8.0
38 3061 8.0
38 3062 8.0
38 3063 8.0
38 3064 8.0
38 3065 8.0
38 3066 8.0
38 3067 8.0
38 3068 8.0
39 3069 8.0
39 3070 8.0
39 3071 8.0
39 3072 8.0
39 3073 8.0
39 3074 8.0
39 3075 8.0
39 3076 8.0
39 3077 8.0
39 3078 8.0
39 3079 8.0
39 3080 8.0
39 3081 8.0
39 3082 8.0
39 3083 8.0
39 3084 8.0
39 3085 8.0
39 3086 8.0
39 3087 8.0
39 3088 8.0
39 3089 8.0
39 3090 8.0
39 3091 8.0
39 3092 8.0
39 3093 8.0
39 3094 8.0
39 3095 8.0
39 3096 8.0
39 3097 8.0
39 3098 8.0
39 3099 8.0
39 3100 8.0
39 3101 8.0
39 3102 8.0
39 3103 8.0
39 3104 8.0
39 3105 8.0
39 3106 8.0
39 3107 8.0
39 3108 8.0
39 3109 8.0
39 3110 8.0
39 3111 8.0
39 3112 8.0
39 3113 8.0
39 3114 8.0
39 3115 8.0
39 3116 8.0
39 3117 8.0
39 3118 8.0
39 3119 8.0
39 3120 8.0
39 3121 8.0
39 3122 8.0
39 3123 8.0
39 3124 8.0
39 3125 8.0
39 3126 8.0
39 3127 8.0
39 3128 8.0
39 3129 8.0
39 3130 8.0
39 3131 8.0
39 3132 8.0
39 3133 8.0
39 3134 8.0
39 3135 8.0
39 3136 8.0
39 3137 8.0
39 3138 8.0
39 3139 8.0
39 3140 8.0
39 3141 8.0
39 3142 8.0
39 3143 8.0
39 3144 8.0
39 3145 8.0
39 3146 8.0
39 3147 8.0
39 3148 8.0
39 3149 8.0
39 3150 8.0
39 3151 8.0
39 3152 8.0
39 3153 8.0
39 3154 8.0
39 3155 7.0
39 3156 7.0
39 3157 7.0
40 3158 7.0
40 3159 7.0
40 3160 7.0
40 3161 7.0
40 3162 7.0
40 3163 7.0
40 3164 7.0
40 3165 7.0
40 3166 7.0
40 3167 7.0
40 3168 7.0
40 3169 7.0
40 3170 7.0
40 3171 7.0
40 3172 7.0
40 3173 7.0
40 3174 7.0
40 3175 7.0
40 3176 7.0
40 3177 7.0
40 3178 7.0
40 3179 7.0
40 3180 7.0
40 3181 7.0
40 3182 7.0
40 3183 7.0
40 3184 7.0
40 3185 7.0
40 3186 7.0
40 3187 7.0
40 3188 7.0
40 3189 7.0
40 3190 7.0
40 3191 7.0
40 3192 7.0
40 3193 7.0
40 3194 7.0
40 3195 7.0
40 3196 7.0
40 3197 7.0
40 3198 7.0
40 3199 7.0
40 3200 7.0
40 3201 7.0
40 3202 7.0
40 3203 7.0
40 3204 7.0
40 3205 7.0
40 3206 7.0
40 3207 7.0
40 3208 7.0
40 3209 7.0
40 3210 7.0
40 3211 7.0
40 3212 7.0
40 3213 7.0
40 3214 7.0
40 3215 7.0
40 3216 7.0
40 3217 7.0
40 3218 7.0
40 3219 7.0
40 3220 7.0
40 3221 7.0
40 3222 7.0
40 3223 7.0
40 3224 7.0
40 3225 7.0
40 3226 7.0
40 3227 7.0
40 3228 7.0
40 3229 7.0
40 3230 7.0
40 3231 7.0
40 3232 7.0
40 3233 7.0
40 3234 7.0
40 3235 7.0
40 3236 7.0
40 3237 7.0
40 3238 7.0
41 3239 7.0
41 3240 7.0
41 3241 7.0
41 3242 7.0
41 3243 7.0
41 3244 7.0
41 3245 7.0
41 3246 7.0
41 3247 7.0
41 3248 7.0
41 3249 7.0
41 3250 7.0
41 3251 7.0
41 3252 7.0
41 3253 7.0
41 3254 7.0
41 3255 7.0
41 3256 7.0
41 3257 7.0
41 3258 7.0
41 3259 7.0
41 3260 7.0
41 3261 7.0
41 3262 7.0
41 3263 7.0
41 3264 7.0
41 3265 7.0
41 3266 7.0
41 3267 7.0
41 3268 7.0
41 3269 7.0
41 3270 7.0
41 3271 7.0
41 3272 7.0
41 3273 7.0
41 3274 7.0
41 3275 7.0
41 3276 7.0
41 3277 7.0
41 3278 7.0
41 3279 7.0
41 3280 7.0
41 3281 7.0
41 3282 7.0
41 3283 7.0
41 3284 7.0
41 3285 7.0
41 3286 7.0
41 3287 7.0
41 3288 7.0
41 3289 7.0
41 3290 7.0
41 3291 7.0
41 3292 7.0
41 3293 7.0
41 3294 7.0
41 3295 7.0
41 3296 7.0
41 3297 7.0
41 3298 7.0
41 3299 7.0
41 3300 7.0
41 3301 7.0
41 3302 7.0
41 3303 7.0
41 3304 7.0
41 3305 7.0
41 3306 7.0
41 3307 7.0
41 3308 7.0
41 3309 7.0
41 3310 7.0
41 3311 7.0
41 3312 7.0
41 3313 7.0
41 3314 7.0
41 3315 7.0
41 3316 7.0
41 3317 7.0
41 3318 7.0
41 3319 7.0
41 3320 7.0
41 3321 7.0
41 3322 7.0
42 3323 7.0
42 3324 7.0
42 3325 7.0
42 3326 7.0
42 3327 7.0
42 3328 7.0
42 3329 7.0
42 3330 7.0
42 3331 7.0
42 3332 7.0
42 3333 7.0
42 3334 7.0
42 3335 7.0
42 3336 7.0
42 3337 7.0
42 3338 7.0
42 3339 7.0
42 3340 7.0
42 3341 7.0
42 3342 7.0
42 3343 7.0
42 3344 7.0
42 3345 7.0
42 3346 7.0
42 3347 7.0
42 3348 7.0
42 3349 7.0
42 3350 7.0
42 3351 7.0
42 3352 7.0
42 3353 7.0
42 3354 7.0
42 3355 7.0
42 3356 7.0
42 3357 7.0
42 3358 7.0
42 3359 7.0
42 3360 7.0
42 3361 7.0
42 3362 7.0
42 3363 7.0
42 3364 7.0
42 3365 7.0
42 3366 7.0
42 3367 7.0
42 3368 7.0
42 3369 7.0
42 3370 7.0
42 3371 7.0
42 3372 7.0
42 3373 7.0
42 3374 7.0
42 3375 7.0
42 3376 7.0
42 3377 7.0
42 3378 7.0
42 3379 7.0
42 3380 7.0
42 3381 7.0
42 3382 7.0
42 3383 7.0
42 3384 7.0
42 3385 7.0
42 3386 7.0
42 3387 7.0
42 3388 7.0
42 3389 7.0
42 3390 7.0
42 3391 7.0
42 3392 7.0
42 3393 7.0
42 3394 7.0
42 3395 7.0
42 3396 7.0
42 3397 7.0
42 3398 7.0
42 3399 7.0
42 3400 7.0
42 3401 7.0
42 3402 7.0
42 3403 7.0
42 3404 7.0
42 3405 7.0
42 3406 7.0
42 3407 7.0
43 3408 7.0
43 3409 7.0
43 3410 7.0
43 3411 7.0
43 3412 7.0
43 3413 7.0
43 3414 7.0
43 3415 7.0
43 3416 7.0
43 3417 7.0
43 3418 7.0
43 3419 7.0
43 3420 7.0
43 3421 7.0
43 3422 7.0
43 3423 7.0
43 3424 7.0
43 3425 7.0
43 3426 7.0
43 3427 7.0
43 3428 7.0
43 3429 7.0
43 3430 7.0
43 3431 7.0
43 3432 7.0
43 3433 7.0
43 3434 7.0
43 3435 7.0
43 3436 7.0
43 3437 7.0
43 3438 7.0
43 3439 7.0
43 3440 7.0
43 3441 7.0
43 3442 7.0
43 3443 7.0
43 3444 7.0
43 3445 7.0
43 3446 7.0
43 3447 7.0
43 3448 7.0
43 3449 7.0
43 3450 7.0
43 3451 7.0
43 3452 7.0
43 3453 7.0
43 3454 7.0
43 3455 7.0
43 3456 7.0
43 3457 7.0
43 3458 7.0
43 3459 7.0
43 3460 7.0
43 3461 7.0
43 3462 7.0
43 3463 7.0
43 3464 7.0
43 3465 7.0
43 3466 7.0
43 3467 7.0
43 3468 7.0
43 3469 7.0
43 3470 7.0
43 3471 7.0
43 3472 7.0
43 3473 7.0
43 3474 7.0
43 3475 7.0
43 3476 7.0
43 3477 7.0
43 3478 7.0
43 3479 7.0
43 3480 7.0
43 3481 7.0
43 3482 7.0
43 3483 7.0
43 3484 7.0
43 3485 7.0
43 3486 7.0
43 3487 7.0
43 3488 7.0
43 3489 7.0
43 3490 7.0
43 3491 7.0
43 3492 7.0
43 3493 7.0
43 3494 7.0
43 3495 7.0
43 3496 7.0
44 3497 7.0
44 3498 7.0
44 3499 7.0
44 3500 7.0
44 3501 7.0
44 3502 7.0
44 3503 7.0
44 3504 7.0
44 3505 7.0
44 3506 7.0
44 3507 7.0
44 3508 7.0
44 3509 7.0
44 3510 7.0
44 3511 7.0
44 3512 7.0
44 3513 7.0
44 3514 7.0
44 3515 7.0
44 3516 7.0
44 3517 7.0
44 3518 7.0
44 3519 7.0
44 3520 7.0
44 3521 7.0
44 3522 7.0
44 3523 7.0
44 3524 7.0
44 3525 7.0
44 3526 7.0
44 3527 7.0
44 3528 7.0
44 3529 7.0
44 3530 7.0
44 3531 7.0
44 3532 7.0
44 3533 7.0
44 3534 7.0
44 3535 7.0
44 3536 7.0
44 3537 7.0
44 3538 7.0
44 3539 7.0
44 3540 7.0
44 3541 7.0
44 3542 7.0
44 3543 7.0
44 3544 7.0
44 3545 7.0
44 3546 7.0
44 3547 7.0
44 3548 7.0
44 3549 7.0
44 3550 7.0
44 3551 7.0
44 3552 7.0
44 3553 7.0
44 3554 7.0
44 3555 7.0
44 3556 7.0
44 3557 7.0
44 3558 7.0
44 3559 7.0
44 3560 7.0
44 3561 7.0
44 3562 7.0
44 3563 7.0
44 3564 7.0
44 3565 7.0
44 3566 7.0
44 3567 7.0
44 3568 7.0
44 3569 7.0
44 3570 7.0
44 3571 7.0
44 3572 7.0
44 3573 7.0
44 3574 7.0
44 3575 7.0
44 3576 7.0
44 3577 7.0
45 3578 7.0
45 3579 7.0
45 3580 7.0
45 3581 7.0
45 3582 7.0
45 3583 7.0
45 3584 7.0
45 3585 7.0
45 3586 7.0
45 3587 7.0
45 3588 7.0
45 3589 7.0
45 3590 7.0
45 3591 7.0
45 3592 7.0
45 3593 7.0
45 3594 7.0
45 3595 7.0
45 3596 7.0
45 3597 7.0
45 3598 7.0
45 3599 7.0
45 3600 7.0
45 3601 7.0
45 3602 7.0
45 3603 7.0
45 3604 7.0
45 3605 7.0
45 3606 7.0
45 3607 7.0
45 3608 7.0
45 3609 7.0
45 3610 7.0
45 3611 7.0
45 3612 7.0
45 3613 7.0
45 3614 7.0
45 3615 7.0
45 3616 7.0
45 3617 7.0
45 3618 7.0
45 3619 7.0
45 3620 7.0
45 3621 7.0
45 3622 7.0
45 3623 7.0
45 3624 7.0
45 3625 7.0
45 3626 7.0
45 3627 7.0
45 3628 7.0
45 3629 7.0
45 3630 7.0
45 3631 7.0
45 3632 7.0
45 3633 7.0
45 3634 7.0
45 3635 7.0
45 3636 7.0
45 3637 7.0
45 3638 7.0
45 3639 7.0
45 3640 7.0
45 3641 7.0
45 3642 7.0
45 3643 7.0
45 3644 7.0
45 3645 7.0
45 3646 7.0
45 3647 7.0
45 3648 7.0
45 3649 7.0
45 3650 7.0
45 3651 7.0
45 3652 7.0
45 3653 7.0
45 3654 7.0
45 3655 7.0
45 3656 7.0
45 3657 7.0
45 3658 7.0
45 3659 7.0
45 3660 7.0
45 3661 7.0
45 3662 7.0
45 3663 7.0
45 3664 7.0
45 3665 7.0
45 3666 7.0
45 3667 7.0
46 3668 7.0
46 3669 7.0
46 3670 7.0
46 3671 7.0
46 3672 7.0
46 3673 7.0
46 3674 7.0
46 3675 7.0
46 3676 7.0
46 3677 7.0
46 3678 7.0
46 3679 7.0
46 3680 7.0
46 3681 7.0
46 3682 7.0
46 3683 7.0
46 3684 7.0
46 3685 7.0
46 3686 7.0
46 3687 7.0
46 3688 7.0
46 3689 7.0
46 3690 7.0
46 3691 7.0
46 3692 7.0
46 3693 7.0
46 3694 7.0
46 3695 7.0
46 3696 7.0
46 3697 7.0
46 3698 7.0
46 3699 7.0
46 3700 6.0
46 3701 6.0
46 3702 6.0
46 3703 6.0
46 3704 6.0
46 3705 6.0
46 3706 6.0
46 3707 6.0
46 3708 6.0
46 3709 6.0
46 3710 6.0
46 3711 6.0
46 3712 6.0
46 3713 6.0
46 3714 6.0
46 3715 6.0
46 3716 6.0
46 3717 6.0
46 3718 6.0
46 3719 6.0
46 3720 6.0
46 3721 6.0
46 3722 6.0
46 3723 6.0
46 3724 6.0
46 3725 6.0
46 3726 6.0
46 3727 6.0
46 3728 6.0
46 3729 6.0
46 3730 6.0
46 3731 6.0
46 3732 6.0
46 3733 6.0
46 3734 6.0
46 3735 6.0
46 3736 6.0
46 3737 6.0
46 3738 6.0
46 3739 6.0
46 3740 6.0
46 3741 6.0
46 3742 6.0
46 3743 6.0
46 3744 6.0
46 3745 6.0
46 3746 6.0
46 3747 6.0
46 3748 6.0
46 3749 6.0
46 3750 6.0
46 3751 6.0
47 3752 6.0
47 3753 6.0
47 3754 6.0
47 3755 6.0
47 3756 6.0
47 3757 6.0
47 3758 6.0
47 3759 6.0
47 3760 6.0
47 3761 6.0
47 3762 6.0
47 3763 6.0
47 3764 6.0
47 3765 6.0
47 3766 6.0
47 3767 6.0
47 3768 6.0
47 3769 6.0
47 3770 6.0
47 3771 6.0
47 3772 6.0
47 3773 6.0
47 3774 6.0
47 3775 6.0
47 3776 6.0
47 3777 6.0
47 3778 6.0
47 3779 6.0
47 3780 6.0
47 3781 6.0
47 3782 6.0
47 3783 6.0
47 3784 6.0
47 3785 6.0
47 3786 6.0
47 3787 6.0
47 3788 6.0
47 3789 6.0
47 3790 6.0
47 3791 6.0
47 3792 6.0
47 3793 6.0
47 3794 6.0
47 3795 6.0
47 3796 6.0
47 3797 6.0
47 3798 6.0
47 3799 6.0
47 3800 6.0
47 3801 6.0
47 3802 6.0
47 3803 6.0
47 3804 6.0
47 3805 6.0
47 3806 6.0
47 3807 6.0
47 3808 6.0
47 3809 6.0
47 3810 6.0
47 3811 6.0
47 3812 6.0
47 3813 6.0
47 3814 6.0
47 3815 6.0
47 3816 6.0
47 3817 6.0
47 3818 6.0
47 3819 6.0
47 3820 6.0
47 3821 6.0
47 3822 6.0
47 3823 6.0
47 3824 6.0
47 3825 6.0
47 3826 6.0
47 3827 6.0
47 3828 6.0
47 3829 6.0
47 3830 6.0
47 3831 6.0
47 3832 6.0
47 3833 6.0
48 3834 6.0
48 3835 6.0
48 3836 6.0
48 3837 6.0
48 3838 6.0
48 3839 6.0
48 3840 6.0
48 3841 6.0
48 3842 6.0
48 3843 6.0
48 3844 6.0
48 3845 6.0
48 3846 6.0
48 3847 6.0
48 3848 6.0
48 3849 6.0
48 3850 6.0
48 3851 6.0
48 3852 6.0
48 3853 6.0
48 3854 6.0
48 3855 6.0
48 3856 6.0
48 3857 6.0
48 3858 6.0
48 3859 6.0
48 3860 6.0
48 3861 6.0
48 3862 6.0
48 3863 6.0
48 3864 6.0
48 3865 6.0
48 3866 6.0
48 3867 6.0
48 3868 6.0
48 3869 6.0
48 3870 6.0
48 3871 6.0
48 3872 6.0
48 3873 6.0
48 3874 6.0
48 3875 6.0
48 3876 6.0
48 3877 6.0
48 3878 6.0
48 3879 6.0
48 3880 6.0
48 3881 6.0
48 3882 6.0
48 3883 6.0
48 3884 6.0
48 3885 6.0
48 3886 6.0
48 3887 6.0
48 3888 6.0
48 3889 6.0
48 3890 6.0
48 3891 6.0
48 3892 6.0
48 3893 6.0
48 3894 6.0
48 3895 6.0
48 3896 6.0
48 3897 6.0
48 3898 6.0
48 3899 6.0
48 3900 6.0
48 3901 6.0
48 3902 6.0
48 3903 6.0
48 3904 6.0
48 3905 6.0
48 3906 6.0
48 3907 6.0
48 3908 6.0
48 3909 6.0
48 3910 6.0
48 3911 6.0
48 3912 6.0
48 3913 6.0
48 3914 6.0
48 3915 6.0
48 3916 6.0
48 3917 6.0
48 3918 6.0
48 3919 6.0
49 3920 6.0
49 3921 6.0
49 3922 6.0
49 3923 6.0
49 3924 6.0
49 3925 6.0
49 3926 6.0
49 3927 6.0
49 3928 6.0
49 3929 6.0
49 3930 6.0
49 3931 6.0
49 3932 6.0
49 3933 6.0
49 3934 6.0
49 3935 6.0
49 3936 6.0
49 3937 6.0
49 3938 6.0
49 3939 6.0
49 3940 5.0
49 3941 5.0
49 3942 5.0
49 3943 5.0
49 3944 5.0
49 3945 5.0
49 3946 5.0
49 3947 5.0
49 3948 5.0
49 3949 5.0
49 3950 5.0
49 3951 5.0
49 3952 5.0
49 3953 5.0
49 3954 5.0
49 3955 5.0
49 3956 5.0
49 3957 5.0
49 3958 5.0
49 3959 5.0
49 3960 5.0
49 3961 5.0
49 3962 5.0
49 3963 5.0
49 3964 5.0
49 3965 5.0
49 3966 5.0
49 3967 5.0
49 3968 5.0
49 3969 5.0
49 3970 5.0
49 3971 5.0
49 3972 5.0
49 3973 5.0
49 3974 5.0
49 3975 5.0
49 3976 5.0
49 3977 5.0
49 3978 5.0
49 3979 5.0
49 3980 5.0
49 3981 5.0
49 3982 5.0
49 3983 5.0
49 3984 5.0
49 3985 5.0
49 3986 5.0
49 3987 5.0
49 3988 5.0
49 3989 5.0
49 3990 5.0
49 3991 5.0
49 3992 5.0
49 3993 5.0
49 3994 5.0
49 3995 5.0
49 3996 5.0
49 3997 5.0
49 3998 5.0
49 3999 5.0
49 4000 5.0
49 4001 5.0
50 4002 5.0
50 4003 5.0
50 4004 5.0
50 4005 5.0
50 4006 5.0
50 4007 5.0
50 4008 5.0
50 4009 5.0
50 4010 5.0
50 4011 5.0
50 4012 5.0
50 4013 5.0
50 4014 5.0
50 4015 5.0
50 4016 5.0
50 4017 5.0
50 4018 5.0
50 4019 5.0
50 4020 5.0
50 4021 5.0
50 4022 5.0
50 4023 5.0
50 4024 5.0
50 4025 5.0
50 4026 5.0
50 4027 5.0
50 4028 5.0
50 4029 5.0
50 4030 5.0
50 4031 5.0
50 4032 5.0
50 4033 5.0
50 4034 5.0
50 4035 5.0
50 4036 5.0
50 4037 5.0
50 4038 5.0
50 4039 5.0
50 4040 5.0
50 4041 5.0
50 4042 5.0
50 4043 5.0
50 4044 5.0
50 4045 5.0
50 4046 5.0
50 4047 5.0
50 4048 5.0
50 4049 5.0
50 4050 5.0
50 4051 5.0
50 4052 5.0
50 4053 5.0
50 4054 5.0
50 4055 5.0
50 4056 5.0
50 4057 5.0
50 4058 5.0
50 4059 5.0
50 4060 5.0
50 4061 5.0
50 4062 5.0
50 4063 5.0
50 4064 5.0
50 4065 5.0
50 4066 5.0
50 4067 5.0
50 4068 5.0
50 4069 5.0
50 4070 5.0
50 4071 5.0
50 4072 5.0
50 4073 5.0
50 4074 5.0
50 4075 5.0
50 4076 5.0
50 4077 5.0
50 4078 5.0
50 4079 5.0
50 4080 5.0
50 4081 5.0
50 4082 5.0
50 4083 5.0
50 4084 5.0
51 4085 5.0
51 4086 5.0
51 4087 5.0
51 4088 5.0
51 4089 5.0
51 4090 5.0
51 4091 5.0
51 4092 5.0
51 4093 5.0
51 4094 5.0
51 4095 5.0
51 4096 5.0
51 4097 5.0
51 4098 5.0
51 4099 5.0
51 4100 5.0
51 4101 5.0
51 4102 5.0
51 4103 5.0
51 4104 5.0
51 4105 5.0
51 4106 5.0
51 4107 5.0
51 4108 5.0
51 4109 5.0
51 4110 4.0
51 4111 4.0
51 4112 4.0
51 4113 4.0
51 4114 4.0
51 4115 4.0
51 4116 4.0
51 4117 4.0
51 4118 4.0
51 4119 4.0
51 4120 4.0
51 4121 4.0
51 4122 4.0
51 4123 4.0
51 4124 4.0
51 4125 4.0
51 4126 4.0
51 4127 4.0
51 4128 4.0
51 4129 4.0
51 4130 4.0
51 4131 4.0
51 4132 4.0
51 4133 4.0
51 4134 4.0
51 4135 4.0
51 4136 4.0
51 4137 4.0
51 4138 4.0
51 4139 4.0
51 4140 4.0
51 4141 4.0
51 4142 4.0
51 4143 4.0
51 4144 4.0
51 4145 4.0
51 4146 4.0
51 4147 4.0
51 4148 4.0
51 4149 4.0
51 4150 4.0
51 4151 4.0
51 4152 4.0
51 4153 4.0
51 4154 4.0
51 4155 4.0
51 4156 4.0
51 4157 4.0
51 4158 4.0
51 4159 4.0
51 4160 4.0
51 4161 4.0
51 4162 4.0
51 4163 4.0
51 4164 4.0
51 4165 4.0
51 4166 4.0
52 4167 4.0
52 4168 4.0
52 4169 4.0
52 4170 4.0
52 4171 4.0
52 4172 4.0
52 4173 4.0
52 4174 4.0
52 4175 4.0
52 4176 4.0
52 4177 4.0
52 4178 4.0
52 4179 4.0
52 4180 4.0
52 4181 4.0
52 4182 4.0
52 4183 4.0
52 4184 4.0
52 4185 4.0
52 4186 4.0
52 4187 4.0
52 4188 4.0
52 4189 4.0
52 4190 4.0
52 4191 4.0
52 4192 4.0
52 4193 4.0
52 4194 4.0
52 4195 4.0
52 4196 4.0
52 4197 4.0
52 4198 4.0
52 4199 4.0
52 4200 4.0
52 4201 4.0
52 4202 4.0
52 4203 4.0
52 4204 4.0
52 4205 4.0
52 4206 4.0
52 4207 4.0
52 4208 4.0
52 4209 4.0
52 4210 4.0
52 4211 4.0
52 4212 4.0
52 4213 4.0
52 4214 4.0
52 4215 4.0
52 4216 4.0
52 4217 4.0
52 4218 4.0
52 4219 4.0
52 4220 4.0
52 4221 4.0
52 4222 4.0
52 4223 4.0
52 4224 4.0
52 4225 4.0
52 4226 4.0
52 4227 4.0
52 4228 4.0
52 4229 4.0
52 4230 4.0
52 4231 4.0
52 4232 4.0
52 4233 4.0
52 4234 4.0
52 4235 4.0
52 4236 4.0
52 4237 4.0
52 4238 4.0
52 4239 4.0
52 4240 4.0
52 4241 4.0
52 4242 4.0
52 4243 4.0
52 4244 4.0
52 4245 4.0
52 4246 4.0
52 4247 4.0
52 4248 4.0
53 4249 4.0
53 4250 4.0
53 4251 4.0
53 4252 4.0
53 4253 4.0
53 4254 4.0
53 4255 4.0
53 4256 4.0
53 4257 4.0
53 4258 4.0
53 4259 4.0
53 4260 4.0
53 4261 4.0
53 4262 4.0
53 4263 4.0
53 4264 4.0
53 4265 4.0
53 4266 4.0
53 4267 4.0
53 4268 4.0
53 4269 4.0
53 4270 4.0
53 4271 4.0
53 4272 4.0
53 4273 4.0
53 4274 4.0
53 4275 4.0
53 4276 4.0
53 4277 4.0
53 4278 4.0
53 4279 4.0
53 4280 4.0
53 4281 4.0
53 4282 4.0
53 4283 4.0
53 4284 4.0
53 4285 4.0
53 4286 4.0
53 4287 4.0
53 4288 4.0
53 4289 4.0
53 4290 4.0
53 4291 4.0
53 4292 4.0
53 4293 4.0
53 4294 4.0
53 4295 4.0
53 4296 4.0
53 4297 4.0
53 4298 4.0
53 4299 4.0
53 4300 4.0
53 4301 4.0
53 4302 4.0
53 4303 4.0
53 4304 4.0
53 4305 4.0
53 4306 4.0
53 4307 4.0
53 4308 4.0
53 4309 4.0
53 4310 4.0
53 4311 4.0
53 4312 4.0
53 4313 4.0
53 4314 4.0
53 4315 4.0
53 4316 4.0
53 4317 4.0
53 4318 4.0
53 4319 4.0
53 4320 4.0
53 4321 4.0
53 4322 4.0
53 4323 4.0
53 4324 4.0
53 4325 4.0
53 4326 4.0
53 4327 4.0
53 4328 4.0
53 4329 4.0
53 4330 4.0
54 4331 4.0
54 4332 4.0
54 4333 4.0
54 4334 4.0
54 4335 4.0
54 4336 4.0
54 4337 4.0
54 4338 4.0
54 4339 4.0
54 4340 4.0
54 4341 4.0
54 4342 4.0
54 4343 4.0
54 4344 4.0
54 4345 4.0
54 4346 4.0
54 4347 4.0
54 4348 4.0
54 4349 4.0
54 4350 4.0
54 4351 4.0
54 4352 4.0
54 4353 4.0
54 4354 4.0
54 4355 4.0
54 4356 4.0
54 4357 4.0
54 4358 4.0
54 4359 4.0
54 4360 4.0
54 4361 4.0
54 4362 4.0
54 4363 4.0
54 4364 4.0
54 4365 4.0
54 4366 4.0
54 4367 4.0
54 4368 4.0
54 4369 4.0
54 4370 4.0
54 4371 4.0
54 4372 4.0
54 4373 4.0
54 4374 4.0
54 4375 4.0
54 4376 4.0
54 4377 4.0
54 4378 4.0
54 4379 4.0
54 4380 4.0
54 4381 4.0
54 4382 4.0
54 4383 4.0
54 4384 4.0
54 4385 4.0
54 4386 4.0
54 4387 4.0
54 4388 4.0
54 4389 4.0
54 4390 4.0
54 4391 4.0
54 4392 4.0
54 4393 4.0
54 4394 4.0
54 4395 4.0
54 4396 4.0
54 4397 4.0
54 4398 4.0
54 4399 4.0
54 4400 4.0
54 4401 4.0
54 4402 4.0
54 4403 4.0
54 4404 4.0
54 4405 4.0
54 4406 4.0
54 4407 4.0
54 4408 4.0
54 4409 4.0
54 4410 4.0
54 4411 4.0
54 4412 4.0
55 4413 4.0
55 4414 4.0
55 4415 4.0
55 4416 4.0
55 4417 4.0
55 4418 4.0
55 4419 4.0
55 4420 4.0
55 4421 4.0
55 4422 4.0
55 4423 4.0
55 4424 4.0
55 4425 4.0
55 4426 4.0
55 4427 4.0
55 4428 4.0
55 4429 4.0
55 4430 4.0
55 4431 4.0
55 4432 4.0
55 4433 4.0
55 4434 4.0
55 4435 4.0
55 4436 4.0
55 4437 4.0
55 4438 4.0
55 4439 4.0
55 4440 4.0
55 4441 4.0
55 4442 4.0
55 4443 4.0
55 4444 4.0
55 4445 4.0
55 4446 4.0
55 4447 4.0
55 4448 4.0
55 4449 4.0
55 4450 4.0
55 4451 4.0
55 4452 4.0
55 4453 4.0
55 4454 4.0
55 4455 4.0
55 4456 4.0
55 4457 4.0
55 4458 4.0
55 4459 4.0
55 4460 4.0
55 4461 4.0
55 4462 4.0
55 4463 4.0
55 4464 4.0
55 4465 4.0
55 4466 4.0
55 4467 4.0
55 4468 4.0
55 4469 4.0
55 4470 4.0
55 4471 4.0
55 4472 4.0
55 4473 4.0
55 4474 4.0
55 4475 4.0
55 4476 4.0
55 4477 4.0
55 4478 4.0
55 4479 4.0
55 4480 4.0
55 4481 4.0
55 4482 4.0
55 4483 4.0
55 4484 4.0
55 4485 4.0
55 4486 4.0
55 4487 4.0
55 4488 4.0
55 4489 4.0
55 4490 4.0
55 4491 4.0
55 4492 4.0
55 4493 4.0
55 4494 4.0
55 4495 4.0
55 4496 4.0
55 4497 4.0
55 4498 4.0
55 4499 4.0
55 4500 4.0
56 4501 4.0
56 4502 4.0
56 4503 4.0
56 4504 4.0
56 4505 4.0
56 4506 4.0
56 4507 4.0
56 4508 4.0
56 4509 4.0
56 4510 4.0
56 4511 4.0
56 4512 4.0
56 4513 4.0
56 4514 4.0
56 4515 4.0
56 4516 4.0
56 4517 4.0
56 4518 4.0
56 4519 4.0
56 4520 4.0
56 4521 4.0
56 4522 4.0
56 4523 4.0
56 4524 4.0
56 4525 4.0
56 4526 4.0
56 4527 4.0
56 4528 4.0
56 4529 4.0
56 4530 4.0
56 4531 4.0
56 4532 4.0
56 4533 4.0
56 4534 4.0
56 4535 4.0
56 4536 4.0
56 4537 4.0
56 4538 4.0
56 4539 4.0
56 4540 4.0
56 4541 4.0
56 4542 4.0
56 4543 4.0
56 4544 4.0
56 4545 4.0
56 4546 4.0
56 4547 4.0
56 4548 4.0
56 4549 4.0
56 4550 4.0
56 4551 4.0
56 4552 4.0
56 4553 4.0
56 4554 4.0
56 4555 4.0
56 4556 4.0
56 4557 4.0
56 4558 4.0
56 4559 4.0
56 4560 4.0
56 4561 4.0
56 4562 4.0
56 4563 4.0
56 4564 4.0
56 4565 4.0
56 4566 4.0
56 4567 4.0
56 4568 4.0
56 4569 4.0
56 4570 4.0
56 4571 4.0
56 4572 4.0
56 4573 4.0
56 4574 4.0
56 4575 4.0
56 4576 4.0
56 4577 4.0
56 4578 4.0
56 4579 4.0
56 4580 4.0
57 4581 4.0
57 4582 4.0
57 4583 4.0
57 4584 4.0
57 4585 4.0
57 4586 4.0
57 4587 4.0
57 4588 4.0
57 4589 4.0
57 4590 4.0
57 4591 4.0
57 4592 4.0
57 4593 4.0
57 4594 4.0
57 4595 4.0
57 4596 4.0
57 4597 4.0
57 4598 4.0
57 4599 4.0
57 4600 4.0
57 4601 4.0
57 4602 4.0
57 4603 4.0
57 4604 4.0
57 4605 4.0
57 4606 4.0
57 4607 4.0
57 4608 4.0
57 4609 4.0
57 4610 4.0
57 4611 4.0
57 4612 4.0
57 4613 4.0
57 4614 4.0
57 4615 4.0
57 4616 4.0
57 4617 4.0
57 4618 4.0
57 4619 4.0
57 4620 4.0
57 4621 4.0
57 4622 4.0
57 4623 4.0
57 4624 4.0
57 4625 4.0
57 4626 4.0
57 4627 4.0
57 4628 4.0
57 4629 4.0
57 4630 4.0
57 4631 4.0
57 4632 4.0
57 4633 4.0
57 4634 4.0
57 4635 4.0
57 4636 4.0
57 4637 4.0
57 4638 4.0
57 4639 4.0
57 4640 4.0
57 4641 4.0
57 4642 4.0
57 4643 4.0
57 4644 4.0
57 4645 4.0
57 4646 4.0
57 4647 4.0
57 4648 4.0
57 4649 4.0
57 4650 4.0
57 4651 4.0
57 4652 4.0
57 4653 4.0
57 4654 4.0
57 4655 4.0
57 4656 4.0
58 4657 4.0
58 4658 4.0
58 4659 4.0
58 4660 4.0
58 4661 4.0
58 4662 4.0
58 4663 4.0
58 4664 4.0
58 4665 4.0
58 4666 4.0
58 4667 4.0
58 4668 4.0
58 4669 4.0
58 4670 4.0
58 4671 4.0
58 4672 4.0
58 4673 4.0
58 4674 4.0
58 4675 4.0
58 4676 4.0
58 4677 4.0
58 4678 4.0
58 4679 4.0
58 4680 4.0
58 4681 4.0
58 4682 4.0
58 4683 4.0
58 4684 4.0
58 4685 4.0
58 4686 4.0
58 4687 4.0
58 4688 0.0
