1 1 31777.369999999995
1 2 29746.170000000002
1 3 28610.329999999998
1 4 23952.83
1 5 23642.55
1 6 23642.55
1 7 19275.53
1 8 19275.53
1 9 19275.53
1 10 19197.769999999997
1 11 19197.769999999997
1 12 18367.979999999996
1 13 18367.979999999996
1 14 18367.979999999996
1 15 18367.979999999996
1 16 18367.979999999996
1 17 18367.979999999996
1 18 18367.979999999996
1 19 18367.979999999996
1 20 17909.739999999998
1 21 17909.739999999998
1 22 17909.739999999998
1 23 17909.739999999998
1 24 17909.739999999998
1 25 17909.739999999998
1 26 17909.739999999998
1 27 17863.329999999998
1 28 17863.329999999998
1 29 17863.329999999998
1 30 17863.329999999998
1 31 17863.329999999998
1 32 17863.329999999998
1 33 17863.329999999998
1 34 17857.53
1 35 17853.129999999997
1 36 17853.129999999997
1 37 17853.129999999997
1 38 17853.129999999997
1 39 17853.129999999997
1 40 17853.129999999997
1 41 17853.129999999997
1 42 17853.129999999997
1 43 17853.129999999997
1 44 17853.129999999997
2 45 17432.01
2 46 17432.01
2 47 17432.01
2 48 17432.01
2 49 17432.01
2 50 17432.01
2 51 17432.01
2 52 17432.01
2 53 17432.01
2 54 17432.01
2 55 17432.01
2 56 17432.01
2 57 17385.129999999997
2 58 17385.129999999997
2 59 15949.430000000004
2 60 15949.430000000004
2 61 15949.430000000004
2 62 14681.910000000003
2 63 14681.910000000003
2 64 14681.910000000003
2 65 14681.910000000003
2 66 14681.910000000003
2 67 14681.910000000003
2 68 14681.910000000003
2 69 14681.910000000003
2 70 14681.910000000003
2 71 14681.910000000003
2 72 14681.910000000003
2 73 14681.910000000003
2 74 14681.910000000003
2 75 14681.910000000003
2 76 14681.910000000003
2 77 14681.910000000003
2 78 14681.910000000003
2 79 14681.910000000003
2 80 14681.910000000003
2 81 14681.910000000003
2 82 14681.910000000003
2 83 14681.910000000003
2 84 14681.910000000003
2 85 14681.910000000003
2 86 14681.910000000003
2 87 14634.060000000001
2 88 14634.060000000001
2 89 14625.470000000005
2 90 14625.470000000005
2 91 14625.470000000005
2 92 14625.470000000005
2 93 14521.34
2 94 14521.34
2 95 14348.990000000002
2 96 14348.990000000002
2 97 14348.990000000002
2 98 14348.990000000002
2 99 14348.990000000002
2 100 13936.830000000002
2 101 13936.830000000002
2 102 13936.830000000002
2 103 13928.910000000003
2 104 13833.79
2 105 13833.79
3 106 13833.79
3 107 13833.79
3 108 13833.79
3 109 13833.79
3 110 13833.79
3 111 13833.79
3 112 13833.79
3 113 13833.79
3 114 13585.470000000001
3 115 13585.470000000001
3 116 13585.470000000001
3 117 13585.470000000001
3 118 13585.470000000001
3 119 13570.470000000003
3 120 13570.470000000003
3 121 13570.470000000003
3 122 13558.550000000003
3 123 13512.75
3 124 13512.75
3 125 13512.75
3 126 12610.63
3 127 12610.63
3 128 12610.63
3 129 12610.63
3 130 12610.63
3 131 12610.63
3 132 12610.63
3 133 12610.63
3 134 12610.63
3 135 12610.63
3 136 12610.63
3 137 12610.63
3 138 12610.63
3 139 12610.63
3 140 12610.63
3 141 12610.63
3 142 12610.63
3 143 12610.63
3 144 12610.63
3 145 12430.789999999999
3 146 12430.789999999999
3 147 12247.94
3 148 12247.94
3 149 12247.94
3 150 12247.94
3 151 12247.94
3 152 12247.94
3 153 12247.94
3 154 12208.210000000001
3 155 12208.210000000001
3 156 12208.210000000001
4 157 12208.210000000001
4 158 12208.210000000001
4 159 12208.210000000001
4 160 12208.210000000001
4 161 12208.210000000001
4 162 12208.210000000001
4 163 12208.210000000001
4 164 12208.210000000001
4 165 12208.210000000001
4 166 12208.210000000001
4 167 12192.810000000001
4 168 12192.810000000001
4 169 12002.130000000003
4 170 12002.130000000003
4 171 11613.570000000002
4 172 11613.570000000002
4 173 11613.570000000002
4 174 11613.570000000002
4 175 11613.570000000002
4 176 11613.570000000002
4 177 11613.570000000002
4 178 11613.570000000002
4 179 11613.570000000002
4 180 11613.570000000002
4 181 11613.570000000002
4 182 11613.570000000002
4 183 11613.570000000002
4 184 11613.570000000002
4 185 11613.570000000002
4 186 11613.570000000002
4 187 11613.570000000002
4 188 11613.570000000002
4 189 11565.890000000001
4 190 11565.890000000001
4 191 11565.890000000001
4 192 11565.890000000001
4 193 11548.890000000001
4 194 11548.890000000001
4 195 11548.890000000001
4 196 11548.890000000001
4 197 11548.890000000001
4 198 11548.890000000001
4 199 11548.890000000001
4 200 11548.890000000001
4 201 11548.890000000001
4 202 11548.890000000001
4 203 11548.890000000001
4 204 11548.890000000001
4 205 11548.890000000001
4 206 11548.890000000001
4 207 11548.890000000001
4 208 11548.890000000001
4 209 11548.890000000001
4 210 11532.890000000001
4 211 11532.890000000001
4 212 11532.890000000001
4 213 11485.210000000001
5 214 11485.210000000001
5 215 11485.210000000001
5 216 11485.210000000001
5 217 11485.210000000001
5 218 11485.210000000001
5 219 11485.210000000001
5 220 11485.210000000001
5 221 11485.210000000001
5 222 11485.210000000001
5 223 11482.960000000001
5 224 11482.400000000003
5 225 11482.400000000003
5 226 11482.400000000003
5 227 11482.400000000003
5 228 11482.400000000003
5 229 11482.400000000003
5 230 11482.400000000003
5 231 11482.400000000003
5 232 11446.240000000003
5 233 11446.240000000003
5 234 11446.240000000003
5 235 11446.240000000003
5 236 11446.240000000003
5 237 11446.240000000003
5 238 11446.240000000003
5 239 11446.240000000003
5 240 11446.240000000003
5 241 11446.240000000003
5 242 11446.240000000003
5 243 11446.240000000003
5 244 11446.240000000003
5 245 11446.240000000003
5 246 11446.240000000003
5 247 11446.240000000003
5 248 11446.240000000003
5 249 11446.240000000003
5 250 11446.240000000003
5 251 11434.480000000001
5 252 11434.480000000001
5 253 11434.480000000001
5 254 11434.480000000001
5 255 11269.480000000001
5 256 11269.480000000001
5 257 11269.480000000001
5 258 11269.480000000001
5 259 11269.480000000001
5 260 11262.360000000002
5 261 11262.360000000002
5 262 11262.360000000002
5 263 11262.360000000002
5 264 11262.360000000002
5 265 11262.360000000002
5 266 11210.360000000002
5 267 11210.360000000002
5 268 11210.360000000002
5 269 11210.360000000002
5 270 11210.360000000002
5 271 11210.360000000002
5 272 11210.360000000002
5 273 11197.880000000003
5 274 11197.880000000003
5 275 11197.880000000003
5 276 11197.880000000003
5 277 11051.110000000002
5 278 11051.110000000002
5 279 11051.110000000002
5 280 11051.110000000002
5 281 11051.110000000002
6 282 11051.110000000002
6 283 11051.110000000002
6 284 11051.110000000002
6 285 11037.540000000003
6 286 10237.160000000002
6 287 10237.160000000002
6 288 10237.160000000002
6 289 10237.160000000002
6 290 10237.160000000002
6 291 10237.160000000002
6 292 10237.160000000002
6 293 10237.160000000002
6 294 10237.160000000002
6 295 10237.160000000002
6 296 10237.160000000002
6 297 10237.160000000002
6 298 10237.160000000002
6 299 10237.160000000002
6 300 10237.160000000002
6 301 10237.160000000002
6 302 10237.160000000002
6 303 9799.220000000001
6 304 9799.220000000001
6 305 9799.220000000001
6 306 9799.220000000001
6 307 9799.220000000001
6 308 9799.220000000001
6 309 9799.220000000001
6 310 9799.220000000001
6 311 9799.220000000001
6 312 9799.220000000001
6 313 9799.220000000001
6 314 9799.220000000001
6 315 9799.220000000001
6 316 9799.220000000001
6 317 9799.220000000001
6 318 9799.220000000001
6 319 9799.220000000001
6 320 9799.220000000001
6 321 9799.220000000001
6 322 9799.220000000001
6 323 9799.220000000001
6 324 9799.220000000001
6 325 9799.220000000001
6 326 9799.220000000001
6 327 9799.220000000001
6 328 9799.220000000001
6 329 9799.220000000001
6 330 9799.220000000001
6 331 9799.220000000001
6 332 9799.220000000001
6 333 9799.220000000001
6 334 9799.220000000001
6 335 9799.220000000001
6 336 9799.220000000001
6 337 9799.220000000001
6 338 9799.220000000001
6 339 9799.220000000001
6 340 9799.220000000001
6 341 9799.220000000001
6 342 9799.220000000001
7 343 9799.220000000001
7 344 9755.380000000001
7 345 9634.220000000001
7 346 9634.220000000001
7 347 9634.220000000001
7 348 9495.66
7 349 9495.66
7 350 9495.66
7 351 9495.66
7 352 9495.66
7 353 9495.66
7 354 9495.66
7 355 9495.66
7 356 9111.66
7 357 9111.66
7 358 9111.66
7 359 9111.66
7 360 9111.66
7 361 8910.25
7 362 8910.25
7 363 8910.25
7 364 8910.25
7 365 8910.25
7 366 8910.25
7 367 8910.25
7 368 8910.25
7 369 8910.25
7 370 8910.25
7 371 8910.25
7 372 8910.25
7 373 8910.25
7 374 8910.25
7 375 8910.25
7 376 8910.25
7 377 8910.25
7 378 8910.25
7 379 8910.25
7 380 8910.25
7 381 8910.25
7 382 8910.25
7 383 8910.25
7 384 8910.25
7 385 8666.199999999999
7 386 8666.199999999999
7 387 8666.199999999999
7 388 8666.199999999999
7 389 8666.199999999999
7 390 8666.199999999999
7 391 8666.199999999999
7 392 8666.199999999999
7 393 8666.199999999999
8 394 8666.199999999999
8 395 8666.199999999999
8 396 8666.199999999999
8 397 8666.199999999999
8 398 8666.199999999999
8 399 8666.199999999999
8 400 8666.199999999999
8 401 8666.199999999999
8 402 8666.199999999999
8 403 8666.199999999999
8 404 8666.199999999999
8 405 8666.199999999999
8 406 8666.199999999999
8 407 8666.199999999999
8 408 8666.199999999999
8 409 8666.199999999999
8 410 8433.24
8 411 8433.24
8 412 8433.24
8 413 8433.24
8 414 8433.24
8 415 8433.24
8 416 8433.24
8 417 8433.24
8 418 8433.24
8 419 8433.24
8 420 8433.24
8 421 8433.24
8 422 8433.24
8 423 8433.24
8 424 8433.24
8 425 8433.24
8 426 8433.24
8 427 8433.24
8 428 8433.24
8 429 8433.24
8 430 8433.24
8 431 8433.24
8 432 8433.24
8 433 8433.24
8 434 8433.24
8 435 8433.24
8 436 8433.24
8 437 8433.24
8 438 8369.24
8 439 8369.24
8 440 8369.24
8 441 8369.24
8 442 8369.24
8 443 8369.24
8 444 8369.24
8 445 8270.039999999999
8 446 8270.039999999999
8 447 7885.4
8 448 7885.4
8 449 7885.4
8 450 7885.4
8 451 7885.4
8 452 7885.4
8 453 7885.4
8 454 7855.5199999999995
8 455 7855.5199999999995
8 456 7855.5199999999995
8 457 7855.5199999999995
8 458 7855.5199999999995
8 459 7855.5199999999995
8 460 7855.5199999999995
8 461 7855.5199999999995
9 462 7855.5199999999995
9 463 7855.5199999999995
9 464 7855.5199999999995
9 465 7855.5199999999995
9 466 7829.599999999999
9 467 7829.599999999999
9 468 7829.599999999999
9 469 6364.759999999999
9 470 6364.759999999999
9 471 6364.759999999999
9 472 6364.759999999999
9 473 6364.759999999999
9 474 6364.759999999999
9 475 6364.759999999999
9 476 6364.759999999999
9 477 6364.759999999999
9 478 6364.759999999999
9 479 6364.759999999999
9 480 6364.759999999999
9 481 6364.759999999999
9 482 6364.759999999999
9 483 6364.759999999999
9 484 6364.759999999999
9 485 6364.759999999999
9 486 6364.759999999999
9 487 6364.759999999999
9 488 6364.759999999999
9 489 6364.759999999999
9 490 6364.759999999999
9 491 6364.759999999999
9 492 6362.11
9 493 6362.11
9 494 6362.11
9 495 6362.11
9 496 6362.11
9 497 6362.11
9 498 6362.11
9 499 6362.11
9 500 6362.11
9 501 6362.11
9 502 6362.11
9 503 6362.11
9 504 6362.11
9 505 6362.11
9 506 6362.11
9 507 6362.11
9 508 6362.11
9 509 6362.11
9 510 6362.11
9 511 6362.11
9 512 6362.11
9 513 6362.11
9 514 6362.11
9 515 6362.11
9 516 6188.869999999999
9 517 6188.869999999999
9 518 6188.869999999999
9 519 6188.869999999999
9 520 6188.869999999999
9 521 6188.869999999999
9 522 6188.869999999999
9 523 6188.869999999999
9 524 6180.229999999999
9 525 6180.229999999999
9 526 6180.229999999999
9 527 6180.229999999999
9 528 6180.229999999999
9 529 6180.229999999999
9 530 6180.229999999999
10 531 6180.229999999999
10 532 6180.229999999999
10 533 6180.229999999999
10 534 6180.229999999999
10 535 6180.229999999999
10 536 6180.229999999999
10 537 6180.229999999999
10 538 6180.229999999999
10 539 6180.229999999999
10 540 6098.319999999999
10 541 6098.319999999999
10 542 6098.319999999999
10 543 6098.319999999999
10 544 6098.319999999999
10 545 6098.319999999999
10 546 6098.319999999999
10 547 6098.319999999999
10 548 6098.319999999999
10 549 6098.319999999999
10 550 6098.319999999999
10 551 6098.319999999999
10 552 6098.319999999999
10 553 6098.319999999999
10 554 6098.319999999999
10 555 5970.319999999999
10 556 5970.319999999999
10 557 5970.319999999999
10 558 5970.319999999999
10 559 5970.319999999999
10 560 5970.319999999999
10 561 5970.319999999999
10 562 5970.319999999999
10 563 5970.319999999999
10 564 5970.319999999999
10 565 5970.319999999999
10 566 5970.319999999999
10 567 5970.319999999999
10 568 5970.319999999999
10 569 5970.319999999999
10 570 5970.319999999999
10 571 5970.319999999999
10 572 5970.319999999999
10 573 5970.319999999999
10 574 5970.319999999999
10 575 5970.319999999999
10 576 5970.319999999999
10 577 5765.5199999999995
10 578 5765.5199999999995
10 579 5765.5199999999995
10 580 5765.5199999999995
10 581 5765.5199999999995
10 582 5765.5199999999995
10 583 5765.5199999999995
10 584 5765.5199999999995
10 585 5745.5199999999995
10 586 5745.5199999999995
10 587 5741.5199999999995
10 588 5741.5199999999995
10 589 5741.5199999999995
10 590 5741.5199999999995
10 591 5741.5199999999995
10 592 5741.5199999999995
10 593 5560.48
10 594 5560.48
10 595 5560.48
10 596 5560.48
10 597 5560.48
10 598 5560.48
10 599 5560.48
10 600 5560.48
10 601 5560.48
10 602 5560.48
10 603 5560.48
10 604 5560.48
11 605 5395.07
11 606 5395.07
11 607 5395.07
11 608 5360.19
11 609 5360.19
11 610 5360.19
11 611 5360.19
11 612 5340.19
11 613 5340.19
11 614 5340.19
11 615 5340.19
11 616 5340.19
11 617 5340.19
11 618 5340.19
11 619 5340.19
11 620 5340.19
11 621 5340.19
11 622 5340.19
11 623 5340.19
11 624 5340.19
11 625 5340.19
11 626 5340.19
11 627 5340.19
11 628 5340.19
11 629 5340.19
11 630 5340.19
11 631 5340.19
11 632 5340.19
11 633 5340.19
11 634 5340.19
11 635 5330.32
11 636 5330.32
11 637 5330.32
11 638 5327.07
11 639 5327.07
11 640 5327.07
11 641 5327.07
11 642 5327.07
11 643 5327.07
11 644 5327.07
11 645 5327.07
11 646 5327.07
11 647 5327.07
11 648 5327.07
11 649 5327.07
11 650 5327.07
11 651 5327.07
11 652 5327.07
11 653 5327.07
11 654 5327.07
11 655 5327.07
11 656 5327.07
11 657 5327.07
11 658 5327.07
11 659 5327.07
11 660 5327.07
11 661 5327.07
11 662 5326.07
11 663 5326.07
11 664 5219.23
11 665 5219.23
11 666 5219.23
11 667 5219.23
11 668 5219.23
11 669 5219.23
11 670 5219.23
11 671 5219.23
11 672 5219.23
11 673 5219.23
12 674 5219.23
12 675 5219.23
12 676 5219.23
12 677 5219.23
12 678 5219.23
12 679 5219.23
12 680 5219.23
12 681 5219.23
12 682 5219.23
12 683 5219.23
12 684 5219.23
12 685 5219.23
12 686 5219.23
12 687 5219.23
12 688 5219.23
12 689 5219.23
12 690 5219.23
12 691 5219.23
12 692 5219.23
12 693 5219.23
12 694 5212.79
12 695 5212.79
12 696 5212.79
12 697 5212.79
12 698 5212.79
12 699 5212.79
12 700 5168.63
12 701 5168.63
12 702 5168.63
12 703 5168.63
12 704 5168.63
12 705 5168.63
12 706 5168.63
12 707 5168.63
12 708 5168.63
12 709 5168.63
12 710 5168.63
12 711 5168.63
12 712 5168.63
12 713 5168.63
12 714 5168.63
12 715 5167.63
12 716 5167.63
12 717 5167.63
12 718 5167.63
12 719 5167.63
12 720 5167.63
12 721 5167.63
12 722 5167.63
12 723 5167.63
12 724 5167.63
12 725 5167.63
12 726 5167.63
12 727 5167.63
12 728 5167.63
12 729 5167.63
12 730 5167.63
12 731 5167.63
12 732 5167.63
12 733 5167.63
12 734 5167.63
13 735 5167.63
13 736 5167.63
13 737 5167.63
13 738 5167.63
13 739 5167.63
13 740 5158.63
13 741 5158.63
13 742 5152.51
13 743 5065.83
13 744 5065.83
13 745 5065.83
13 746 5065.83
13 747 5065.83
13 748 5065.83
13 749 5065.83
13 750 5065.83
13 751 5065.83
13 752 5065.83
13 753 4900.42
13 754 4900.42
13 755 4900.42
13 756 4900.42
13 757 4897.21
13 758 4897.21
13 759 4897.21
13 760 4897.21
13 761 4890.41
13 762 4890.41
13 763 4890.41
13 764 4890.41
13 765 4890.41
13 766 4890.41
13 767 4890.41
13 768 4890.41
13 769 4890.41
13 770 4890.41
13 771 4763.05
13 772 4763.05
13 773 4763.05
13 774 4763.05
13 775 4763.05
13 776 4750.57
13 777 4726.57
13 778 4726.57
13 779 4726.57
13 780 4726.57
13 781 4726.57
13 782 4726.57
13 783 4726.57
13 784 4726.57
13 785 4726.57
13 786 4726.57
13 787 4726.57
13 788 4726.57
13 789 4726.57
13 790 4718.01
13 791 4718.01
13 792 4718.01
14 793 4718.01
14 794 4718.01
14 795 4718.01
14 796 4718.01
14 797 4718.01
14 798 4718.01
14 799 4718.01
14 800 4718.01
14 801 4718.01
14 802 4718.01
14 803 4718.01
14 804 4718.01
14 805 4702.01
14 806 4056.3700000000003
14 807 4056.3700000000003
14 808 4056.3700000000003
14 809 4056.3700000000003
14 810 4056.3700000000003
14 811 4052.17
14 812 4052.17
14 813 4052.17
14 814 4052.17
14 815 4052.17
14 816 4052.17
14 817 4052.17
14 818 4052.17
14 819 4052.17
14 820 4052.17
14 821 4052.17
14 822 4052.17
14 823 4052.17
14 824 4052.17
14 825 4052.17
14 826 4052.17
14 827 4052.17
14 828 4052.17
14 829 4052.17
14 830 4046.88
14 831 4046.88
14 832 4046.88
14 833 4046.88
14 834 4046.88
14 835 4046.88
14 836 4046.88
14 837 4046.88
14 838 4046.88
14 839 4046.88
14 840 4046.88
14 841 4046.88
14 842 4046.88
14 843 4046.88
14 844 4046.88
14 845 4046.88
14 846 4046.88
14 847 4046.88
14 848 4046.88
14 849 4000.16
14 850 4000.16
14 851 4000.16
14 852 4000.16
14 853 4000.16
14 854 3954.7200000000003
15 855 3954.7200000000003
15 856 3954.7200000000003
15 857 3954.7200000000003
15 858 3954.7200000000003
15 859 3954.7200000000003
15 860 3954.7200000000003
15 861 3954.7200000000003
15 862 3954.7200000000003
15 863 3954.7200000000003
15 864 3953.7200000000003
15 865 3953.7200000000003
15 866 3953.7200000000003
15 867 3953.7200000000003
15 868 3731.4799999999996
15 869 3731.4799999999996
15 870 3731.4799999999996
15 871 3731.4799999999996
15 872 3731.4799999999996
15 873 3731.4799999999996
15 874 3731.4799999999996
15 875 3731.4799999999996
15 876 3731.4799999999996
15 877 3731.4799999999996
15 878 3475.4799999999996
15 879 3475.4799999999996
15 880 3475.4799999999996
15 881 3475.4799999999996
15 882 3467.4300000000003
15 883 3467.4300000000003
15 884 3467.4300000000003
15 885 3467.4300000000003
15 886 3467.4300000000003
15 887 3451.4300000000003
15 888 3451.4300000000003
15 889 3451.4300000000003
15 890 3451.4300000000003
15 891 3451.4300000000003
15 892 3451.4300000000003
15 893 3451.4300000000003
15 894 3451.4300000000003
15 895 3451.4300000000003
15 896 3451.4300000000003
15 897 3451.4300000000003
15 898 3451.4300000000003
15 899 3451.4300000000003
15 900 3451.4300000000003
15 901 3451.4300000000003
15 902 3451.4300000000003
15 903 3451.4300000000003
15 904 3436.4300000000003
15 905 3436.4300000000003
15 906 3436.4300000000003
15 907 3436.4300000000003
15 908 3436.4300000000003
15 909 3436.4300000000003
15 910 3436.4300000000003
15 911 3436.4300000000003
15 912 3436.4300000000003
15 913 3436.4300000000003
15 914 3436.4300000000003
15 915 3431.2700000000004
15 916 3431.2700000000004
15 917 3431.2700000000004
16 918 3431.2700000000004
16 919 3431.2700000000004
16 920 3431.2700000000004
16 921 3431.2700000000004
16 922 3431.2700000000004
16 923 3431.2700000000004
16 924 3431.2700000000004
16 925 3431.2700000000004
16 926 3431.2700000000004
16 927 3431.2700000000004
16 928 3431.2700000000004
16 929 3431.2700000000004
16 930 3431.2700000000004
16 931 3431.2700000000004
16 932 3431.2700000000004
16 933 3431.2700000000004
16 934 3431.2700000000004
16 935 3431.2700000000004
16 936 3431.2700000000004
16 937 3431.2700000000004
16 938 3431.2700000000004
16 939 3425.95
16 940 3425.95
16 941 3425.95
16 942 3425.95
16 943 3425.95
16 944 3425.95
16 945 3425.95
16 946 3425.95
16 947 3425.95
16 948 3425.95
16 949 3425.95
16 950 3425.95
16 951 3425.95
16 952 3425.95
16 953 3425.95
16 954 3425.95
16 955 3425.95
16 956 3425.95
16 957 3425.95
16 958 3425.95
16 959 3425.95
16 960 3425.95
16 961 3425.95
16 962 3425.95
16 963 3425.95
16 964 3425.95
16 965 3425.95
16 966 3425.95
16 967 3425.95
16 968 3425.95
16 969 3425.95
17 970 3425.95
17 971 3425.95
17 972 3425.95
17 973 3425.95
17 974 3425.95
17 975 3425.95
17 976 3425.95
17 977 3425.95
17 978 3425.95
17 979 3425.95
17 980 3425.95
17 981 3425.95
17 982 3425.95
17 983 3425.95
17 984 3425.95
17 985 3425.95
17 986 3425.95
17 987 3425.95
17 988 3425.95
17 989 3425.95
17 990 3425.95
17 991 3425.95
17 992 3425.95
17 993 3425.95
17 994 3425.95
17 995 3425.95
17 996 3425.95
17 997 3425.95
17 998 3425.95
17 999 3425.95
17 1000 3425.95
17 1001 3425.95
17 1002 3425.95
17 1003 3425.95
17 1004 3425.95
17 1005 3425.95
17 1006 3425.95
17 1007 3425.95
17 1008 3425.95
17 1009 3425.95
17 1010 3425.95
17 1011 3425.95
17 1012 3425.95
17 1013 3425.95
17 1014 3425.95
17 1015 3425.95
17 1016 3425.95
17 1017 3425.95
17 1018 3425.95
17 1019 3425.95
17 1020 3425.95
17 1021 3425.95
17 1022 3425.95
18 1023 3425.95
18 1024 3425.95
18 1025 3425.95
18 1026 3425.95
18 1027 3425.95
18 1028 3425.95
18 1029 3425.95
18 1030 3425.95
18 1031 3425.95
18 1032 3425.95
18 1033 3425.95
18 1034 3425.95
18 1035 3425.95
18 1036 3425.95
18 1037 3425.95
18 1038 3425.95
18 1039 3425.95
18 1040 3425.95
18 1041 3425.95
18 1042 3425.95
18 1043 3425.95
18 1044 3425.95
18 1045 3425.95
18 1046 3425.95
18 1047 3425.95
18 1048 3425.95
18 1049 3425.95
18 1050 3425.95
18 1051 3425.95
18 1052 3425.95
18 1053 3425.95
18 1054 3425.95
18 1055 3425.95
18 1056 3425.95
18 1057 3425.95
18 1058 3425.95
18 1059 3425.95
18 1060 3425.95
18 1061 3425.95
18 1062 3425.95
18 1063 3425.95
18 1064 3425.95
18 1065 3425.95
18 1066 3425.95
18 1067 3425.95
18 1068 3425.95
18 1069 3425.95
18 1070 3425.95
18 1071 3425.95
18 1072 3425.95
18 1073 3425.95
18 1074 3425.95
18 1075 3425.95
18 1076 3425.95
18 1077 3425.95
18 1078 3425.95
18 1079 3425.95
18 1080 3425.95
18 1081 3425.95
19 1082 3425.95
19 1083 3425.95
19 1084 3425.95
19 1085 3425.95
19 1086 3425.95
19 1087 3425.95
19 1088 3425.95
19 1089 3425.95
19 1090 3425.95
19 1091 3425.95
19 1092 3425.95
19 1093 3425.95
19 1094 3425.95
19 1095 3425.95
19 1096 3425.95
19 1097 3425.95
19 1098 3425.95
19 1099 3355.6400000000003
19 1100 3262.1099999999997
19 1101 3262.1099999999997
19 1102 3262.1099999999997
19 1103 3262.1099999999997
19 1104 3262.1099999999997
19 1105 3262.1099999999997
19 1106 3262.1099999999997
19 1107 3262.1099999999997
19 1108 3262.1099999999997
19 1109 3262.1099999999997
19 1110 3262.1099999999997
19 1111 3262.1099999999997
19 1112 3262.1099999999997
19 1113 3262.1099999999997
19 1114 3262.1099999999997
19 1115 3262.1099999999997
19 1116 3262.1099999999997
19 1117 3262.1099999999997
19 1118 3262.1099999999997
19 1119 3262.1099999999997
19 1120 3262.1099999999997
19 1121 3262.1099999999997
19 1122 3262.1099999999997
19 1123 3262.1099999999997
19 1124 3262.1099999999997
19 1125 3262.1099999999997
20 1126 3262.1099999999997
20 1127 3262.1099999999997
20 1128 3262.1099999999997
20 1129 3262.1099999999997
20 1130 3262.1099999999997
20 1131 3262.1099999999997
20 1132 3262.1099999999997
20 1133 3262.1099999999997
20 1134 3262.1099999999997
20 1135 3216.1499999999996
20 1136 3216.1499999999996
20 1137 3216.1499999999996
20 1138 3216.1499999999996
20 1139 3216.1499999999996
20 1140 3216.1499999999996
20 1141 3216.1499999999996
20 1142 3216.1499999999996
20 1143 3098.2699999999995
20 1144 3098.2699999999995
20 1145 3098.2699999999995
20 1146 3098.2699999999995
20 1147 3098.2699999999995
20 1148 3098.2699999999995
20 1149 3098.2699999999995
20 1150 3098.2699999999995
20 1151 3098.2699999999995
20 1152 3098.2699999999995
20 1153 3098.2699999999995
20 1154 3098.2699999999995
20 1155 3098.2699999999995
20 1156 3098.2699999999995
20 1157 3098.2699999999995
20 1158 3098.2699999999995
20 1159 3098.2699999999995
20 1160 3098.2699999999995
20 1161 3098.2699999999995
20 1162 3098.2699999999995
20 1163 3098.2699999999995
20 1164 3098.2699999999995
20 1165 3098.2699999999995
20 1166 3098.2699999999995
20 1167 3098.2699999999995
20 1168 3098.2699999999995
20 1169 3098.2699999999995
20 1170 3098.2699999999995
20 1171 3098.2699999999995
20 1172 3098.2699999999995
20 1173 3098.2699999999995
20 1174 3098.2699999999995
20 1175 3098.2699999999995
20 1176 3098.2699999999995
20 1177 3098.2699999999995
20 1178 3098.2699999999995
20 1179 3098.2699999999995
20 1180 3098.2699999999995
20 1181 3098.2699999999995
20 1182 3098.2699999999995
21 1183 3098.2699999999995
21 1184 3098.2699999999995
21 1185 3098.2699999999995
21 1186 3098.2699999999995
21 1187 3098.2699999999995
21 1188 3098.2699999999995
21 1189 3098.2699999999995
21 1190 3098.2699999999995
21 1191 3071.87
21 1192 3071.87
21 1193 3071.87
21 1194 3071.87
21 1195 3071.87
21 1196 3071.87
21 1197 3071.87
21 1198 3071.87
21 1199 3071.87
21 1200 3071.87
21 1201 3071.87
21 1202 3071.87
21 1203 3071.87
21 1204 3071.87
21 1205 3071.87
21 1206 3071.87
21 1207 3071.87
21 1208 3071.87
21 1209 3071.87
21 1210 3071.87
21 1211 3071.87
21 1212 3071.87
21 1213 3071.87
21 1214 3071.87
21 1215 3071.87
21 1216 3071.87
21 1217 3071.87
21 1218 3071.87
21 1219 3071.87
21 1220 3071.87
21 1221 3071.87
21 1222 3071.87
21 1223 3071.87
21 1224 3071.87
21 1225 3071.87
21 1226 3071.87
21 1227 3071.87
21 1228 3071.87
21 1229 3071.87
21 1230 3071.87
21 1231 3071.87
21 1232 3071.87
21 1233 3071.87
21 1234 3071.87
21 1235 3071.87
21 1236 3071.87
21 1237 3071.87
21 1238 3071.87
21 1239 3071.87
21 1240 3071.87
21 1241 3071.87
21 1242 3071.87
21 1243 3071.87
21 1244 3071.87
21 1245 3037.3099999999995
22 1246 3037.3099999999995
22 1247 3037.3099999999995
22 1248 3037.3099999999995
22 1249 3037.3099999999995
22 1250 3037.3099999999995
22 1251 3037.3099999999995
22 1252 3037.3099999999995
22 1253 3037.3099999999995
22 1254 3037.3099999999995
22 1255 3037.3099999999995
22 1256 3037.3099999999995
22 1257 3037.3099999999995
22 1258 3037.3099999999995
22 1259 3037.3099999999995
22 1260 3037.3099999999995
22 1261 3037.3099999999995
22 1262 3037.3099999999995
22 1263 3037.3099999999995
22 1264 3037.3099999999995
22 1265 3037.3099999999995
22 1266 3037.3099999999995
22 1267 3037.3099999999995
22 1268 3037.3099999999995
22 1269 3037.3099999999995
22 1270 3030.2699999999995
22 1271 3030.2699999999995
22 1272 3030.2699999999995
22 1273 3030.2699999999995
22 1274 3030.2699999999995
22 1275 3030.2699999999995
22 1276 3030.2699999999995
22 1277 3030.2699999999995
22 1278 3030.2699999999995
22 1279 3030.2699999999995
22 1280 3030.2699999999995
22 1281 3030.2699999999995
22 1282 3030.2699999999995
22 1283 3030.2699999999995
22 1284 3030.2699999999995
22 1285 3030.2699999999995
22 1286 3030.2699999999995
22 1287 3030.2699999999995
22 1288 3030.2699999999995
22 1289 3030.2699999999995
22 1290 2377.8199999999997
22 1291 2377.8199999999997
22 1292 2377.8199999999997
22 1293 2377.8199999999997
22 1294 2377.8199999999997
22 1295 2377.8199999999997
22 1296 2377.8199999999997
22 1297 2377.8199999999997
22 1298 2377.8199999999997
22 1299 2377.8199999999997
22 1300 2361.46
22 1301 2361.46
22 1302 2361.46
22 1303 2361.46
22 1304 2361.46
22 1305 2361.46
22 1306 2361.46
22 1307 2361.46
22 1308 2361.46
22 1309 2361.46
23 1310 2361.46
23 1311 2361.46
23 1312 2361.46
23 1313 2361.46
23 1314 2361.46
23 1315 2361.46
23 1316 2361.46
23 1317 2361.46
23 1318 2361.46
23 1319 2361.46
23 1320 2361.46
23 1321 2361.46
23 1322 2361.46
23 1323 2361.46
23 1324 2361.46
23 1325 2361.46
23 1326 2361.46
23 1327 2361.46
23 1328 2361.46
23 1329 2361.46
23 1330 2361.46
23 1331 2361.46
23 1332 2361.46
23 1333 2361.46
23 1334 2361.46
23 1335 2361.46
23 1336 2361.46
23 1337 2361.46
23 1338 2361.46
23 1339 2361.46
23 1340 2361.46
23 1341 2361.46
23 1342 2361.46
23 1343 2361.46
23 1344 2361.46
23 1345 2361.46
23 1346 2361.46
23 1347 2361.46
23 1348 2361.46
23 1349 2361.46
23 1350 2361.46
23 1351 2361.46
23 1352 2361.46
23 1353 2361.46
23 1354 2361.46
23 1355 2115.8300000000004
23 1356 2115.8300000000004
23 1357 2115.8300000000004
23 1358 2115.8300000000004
23 1359 2115.8300000000004
23 1360 2115.8300000000004
23 1361 2115.8300000000004
23 1362 2115.8300000000004
23 1363 2115.8300000000004
23 1364 2115.8300000000004
24 1365 2115.8300000000004
24 1366 2115.8300000000004
24 1367 2115.8300000000004
24 1368 2115.8300000000004
24 1369 2115.8300000000004
24 1370 2115.8300000000004
24 1371 2115.8300000000004
24 1372 2115.8300000000004
24 1373 1950.4200000000003
24 1374 1950.4200000000003
24 1375 1950.4200000000003
24 1376 1950.4200000000003
24 1377 1950.4200000000003
24 1378 1950.4200000000003
24 1379 1950.4200000000003
24 1380 1950.4200000000003
24 1381 1950.4200000000003
24 1382 1950.4200000000003
24 1383 1950.4200000000003
24 1384 1950.4200000000003
24 1385 1950.4200000000003
24 1386 1950.4200000000003
24 1387 1950.4200000000003
24 1388 1950.4200000000003
24 1389 1950.4200000000003
24 1390 1950.4200000000003
24 1391 1950.4200000000003
24 1392 1950.4200000000003
24 1393 1950.4200000000003
24 1394 1950.4200000000003
24 1395 1950.4200000000003
24 1396 1950.4200000000003
24 1397 1950.4200000000003
24 1398 1950.4200000000003
24 1399 1950.4200000000003
25 1400 1929.3000000000004
25 1401 1929.3000000000004
25 1402 1929.3000000000004
25 1403 1929.3000000000004
25 1404 1929.3000000000004
25 1405 1929.3000000000004
25 1406 1929.3000000000004
25 1407 1929.3000000000004
25 1408 1929.3000000000004
25 1409 1929.3000000000004
25 1410 1929.3000000000004
25 1411 1929.3000000000004
25 1412 1929.3000000000004
25 1413 1929.3000000000004
25 1414 1929.3000000000004
25 1415 1929.3000000000004
25 1416 1929.3000000000004
25 1417 1929.3000000000004
25 1418 1929.3000000000004
25 1419 1929.3000000000004
25 1420 1929.3000000000004
25 1421 1929.3000000000004
25 1422 1929.3000000000004
25 1423 1929.3000000000004
25 1424 1929.3000000000004
25 1425 1929.3000000000004
25 1426 1929.3000000000004
25 1427 1929.3000000000004
25 1428 1929.3000000000004
25 1429 1929.3000000000004
25 1430 1929.3000000000004
25 1431 1929.3000000000004
25 1432 1929.3000000000004
25 1433 1929.3000000000004
25 1434 1929.3000000000004
25 1435 1929.3000000000004
25 1436 1929.3000000000004
25 1437 1929.3000000000004
25 1438 1929.3000000000004
25 1439 1929.3000000000004
25 1440 1929.3000000000004
25 1441 1929.3000000000004
25 1442 1929.3000000000004
25 1443 1929.3000000000004
25 1444 1929.3000000000004
25 1445 1929.3000000000004
25 1446 1929.3000000000004
25 1447 1929.3000000000004
26 1448 1929.3000000000004
26 1449 1929.3000000000004
26 1450 1929.3000000000004
26 1451 1929.3000000000004
26 1452 1929.3000000000004
26 1453 1929.3000000000004
26 1454 1929.3000000000004
26 1455 1929.3000000000004
26 1456 1929.3000000000004
26 1457 1929.3000000000004
26 1458 1929.3000000000004
26 1459 1929.3000000000004
26 1460 1929.3000000000004
26 1461 1929.3000000000004
26 1462 1929.3000000000004
26 1463 1929.3000000000004
26 1464 1929.3000000000004
26 1465 1929.3000000000004
26 1466 1929.3000000000004
26 1467 1929.3000000000004
26 1468 1929.3000000000004
26 1469 1929.3000000000004
26 1470 1929.3000000000004
26 1471 1929.3000000000004
26 1472 1929.3000000000004
26 1473 1929.3000000000004
26 1474 1929.3000000000004
26 1475 1929.3000000000004
26 1476 1929.3000000000004
26 1477 1929.3000000000004
26 1478 1929.3000000000004
26 1479 1929.3000000000004
26 1480 1929.3000000000004
26 1481 1929.3000000000004
26 1482 1929.3000000000004
26 1483 1929.3000000000004
26 1484 1929.3000000000004
26 1485 1929.3000000000004
26 1486 1929.3000000000004
26 1487 1929.3000000000004
26 1488 1913.3000000000004
26 1489 1913.3000000000004
26 1490 1913.3000000000004
26 1491 1913.3000000000004
26 1492 1913.3000000000004
26 1493 1913.3000000000004
26 1494 1913.3000000000004
26 1495 1913.3000000000004
26 1496 1913.3000000000004
26 1497 1913.3000000000004
26 1498 1913.3000000000004
26 1499 1913.3000000000004
26 1500 1913.3000000000004
26 1501 1913.3000000000004
26 1502 1913.3000000000004
26 1503 1913.3000000000004
26 1504 1913.3000000000004
27 1505 1913.3000000000004
27 1506 1913.3000000000004
27 1507 1913.3000000000004
27 1508 1913.3000000000004
27 1509 1913.3000000000004
27 1510 1913.3000000000004
27 1511 1836.39
27 1512 1836.39
27 1513 1836.39
27 1514 1836.39
27 1515 1836.39
27 1516 1836.39
27 1517 1836.39
27 1518 1836.39
27 1519 1836.39
27 1520 1836.39
27 1521 1836.39
27 1522 1836.39
27 1523 1836.39
27 1524 1836.39
27 1525 1831.39
27 1526 1831.39
27 1527 1831.39
27 1528 1831.39
27 1529 1831.39
27 1530 1831.39
27 1531 1831.39
27 1532 1831.39
27 1533 1831.39
27 1534 1831.39
27 1535 1831.39
27 1536 1831.39
27 1537 1831.39
27 1538 1831.39
27 1539 1745.4600000000003
27 1540 1745.4600000000003
27 1541 1745.4600000000003
27 1542 1745.4600000000003
27 1543 1745.4600000000003
27 1544 1745.4600000000003
27 1545 1745.4600000000003
27 1546 1745.4600000000003
27 1547 1745.4600000000003
27 1548 1745.4600000000003
27 1549 1745.4600000000003
27 1550 1745.4600000000003
27 1551 1745.4600000000003
27 1552 1745.4600000000003
27 1553 1667.5500000000002
27 1554 1667.5500000000002
27 1555 1667.5500000000002
27 1556 1667.5500000000002
27 1557 1667.5500000000002
27 1558 1667.5500000000002
27 1559 1667.5500000000002
27 1560 1667.5500000000002
27 1561 1667.5500000000002
27 1562 1667.5500000000002
27 1563 1667.5500000000002
27 1564 1667.5500000000002
27 1565 1667.5500000000002
27 1566 1667.5500000000002
27 1567 1667.5500000000002
27 1568 1667.5500000000002
27 1569 1667.5500000000002
27 1570 1667.5500000000002
28 1571 1667.5500000000002
28 1572 1651.5500000000002
28 1573 1651.5500000000002
28 1574 1651.5500000000002
28 1575 1651.5500000000002
28 1576 1651.5500000000002
28 1577 1651.5500000000002
28 1578 1651.5500000000002
28 1579 1651.5500000000002
28 1580 1651.5500000000002
28 1581 1563.5500000000002
28 1582 1563.5500000000002
28 1583 1563.5500000000002
28 1584 1562.5500000000002
28 1585 1562.5500000000002
28 1586 1562.5500000000002
28 1587 1562.5500000000002
28 1588 1562.5500000000002
28 1589 1562.5500000000002
28 1590 1562.5500000000002
28 1591 1562.5500000000002
28 1592 1562.5500000000002
28 1593 1562.5500000000002
28 1594 1562.5500000000002
28 1595 1562.5500000000002
28 1596 1562.5500000000002
28 1597 1562.5500000000002
28 1598 1562.5500000000002
28 1599 1562.5500000000002
28 1600 1562.5500000000002
28 1601 1562.5500000000002
28 1602 1562.5500000000002
28 1603 1562.5500000000002
28 1604 1562.5500000000002
28 1605 1551.71
28 1606 1551.71
28 1607 1551.71
28 1608 1490.7600000000002
28 1609 1487.7100000000003
28 1610 1487.7100000000003
28 1611 1487.7100000000003
28 1612 1487.7100000000003
28 1613 1487.7100000000003
28 1614 1487.7100000000003
28 1615 1487.7100000000003
28 1616 1487.7100000000003
28 1617 1088.01
28 1618 1088.01
28 1619 1088.01
28 1620 1088.01
28 1621 1088.01
28 1622 1088.01
28 1623 1088.01
28 1624 1088.01
28 1625 1088.01
28 1626 1088.01
28 1627 1088.01
28 1628 1088.01
28 1629 1088.01
28 1630 1088.01
28 1631 1088.01
28 1632 1088.01
28 1633 1088.01
28 1634 1088.01
28 1635 1088.01
29 1636 1088.01
29 1637 1088.01
29 1638 1088.01
29 1639 1088.01
29 1640 1088.01
29 1641 1088.01
29 1642 1088.01
29 1643 1088.01
29 1644 1088.01
29 1645 1088.01
29 1646 1088.01
29 1647 1088.01
29 1648 1088.01
29 1649 1088.01
29 1650 1088.01
29 1651 1088.01
29 1652 1088.01
29 1653 1088.01
29 1654 1088.01
29 1655 1088.01
29 1656 1088.01
29 1657 1088.01
29 1658 1088.01
29 1659 1088.01
29 1660 1088.01
29 1661 1088.01
29 1662 1088.01
29 1663 1088.01
29 1664 1088.01
29 1665 1088.01
29 1666 1088.01
29 1667 1088.01
29 1668 1088.01
29 1669 1088.01
29 1670 1088.01
29 1671 1088.01
29 1672 1088.01
29 1673 1088.01
29 1674 1088.01
29 1675 1088.01
29 1676 1088.01
29 1677 1088.01
29 1678 1088.01
29 1679 1088.01
29 1680 1088.01
29 1681 1088.01
29 1682 1088.01
29 1683 1088.01
29 1684 1088.01
29 1685 1088.01
29 1686 1088.01
29 1687 1088.01
29 1688 1088.01
29 1689 1088.01
29 1690 1088.01
29 1691 1088.01
29 1692 1088.01
29 1693 1088.01
29 1694 1088.01
29 1695 1072.01
29 1696 1072.01
29 1697 1072.01
29 1698 1072.01
29 1699 1072.01
29 1700 1072.01
29 1701 1072.01
29 1702 1072.01
29 1703 1072.01
30 1704 1072.01
30 1705 1072.01
30 1706 1072.01
30 1707 1072.01
30 1708 1071.01
30 1709 1071.01
30 1710 1071.01
30 1711 1071.01
30 1712 1071.01
30 1713 1071.01
30 1714 1071.01
30 1715 1071.01
30 1716 1071.01
30 1717 1071.01
30 1718 1071.01
30 1719 1071.01
30 1720 1071.01
30 1721 1071.01
30 1722 1071.01
30 1723 1071.01
30 1724 1071.01
30 1725 1071.01
30 1726 1071.01
30 1727 1071.01
30 1728 1071.01
30 1729 1071.01
30 1730 1071.01
30 1731 1071.01
30 1732 1071.01
30 1733 1071.01
30 1734 1071.01
30 1735 1071.01
30 1736 1071.01
30 1737 1071.01
30 1738 1071.01
30 1739 1071.01
30 1740 1071.01
30 1741 1071.01
30 1742 1071.01
30 1743 1071.01
30 1744 1071.01
30 1745 1071.01
30 1746 1071.01
30 1747 1071.01
30 1748 1071.01
30 1749 1071.01
30 1750 1071.01
30 1751 1071.01
30 1752 1071.01
30 1753 1071.01
30 1754 1071.01
30 1755 1071.01
30 1756 1071.01
30 1757 1071.01
30 1758 1071.01
30 1759 1071.01
30 1760 1071.01
30 1761 1071.01
30 1762 1071.01
30 1763 1071.01
30 1764 1071.01
30 1765 1071.01
30 1766 1071.01
30 1767 1071.01
30 1768 1071.01
31 1769 1071.01
31 1770 1071.01
31 1771 1071.01
31 1772 1071.01
31 1773 1071.01
31 1774 1071.01
31 1775 1071.01
31 1776 1071.01
31 1777 1071.01
31 1778 1071.01
31 1779 1071.01
31 1780 1071.01
31 1781 1071.01
31 1782 1071.01
31 1783 1071.01
31 1784 1071.01
31 1785 1071.01
31 1786 1071.01
31 1787 1071.01
31 1788 1071.01
31 1789 1071.01
31 1790 1071.01
31 1791 1071.01
31 1792 1071.01
31 1793 1071.01
31 1794 1071.01
31 1795 1071.01
31 1796 1071.01
31 1797 1071.01
31 1798 1071.01
31 1799 1071.01
31 1800 1071.01
31 1801 978.85
31 1802 978.85
31 1803 978.85
31 1804 978.85
31 1805 978.85
31 1806 978.85
31 1807 978.85
31 1808 978.85
31 1809 978.85
31 1810 978.85
31 1811 978.85
31 1812 978.85
31 1813 978.85
31 1814 978.85
31 1815 978.85
31 1816 978.85
31 1817 978.85
31 1818 978.85
31 1819 978.85
31 1820 978.85
31 1821 978.85
31 1822 978.85
31 1823 978.85
31 1824 978.85
31 1825 978.85
31 1826 978.85
31 1827 978.85
31 1828 978.85
31 1829 978.85
31 1830 978.85
31 1831 978.85
31 1832 978.85
31 1833 978.85
31 1834 978.85
31 1835 978.85
31 1836 978.85
31 1837 978.85
31 1838 978.85
31 1839 978.85
31 1840 978.85
31 1841 978.85
31 1842 978.85
31 1843 978.85
31 1844 978.85
31 1845 978.85
32 1846 978.85
32 1847 978.85
32 1848 978.85
32 1849 978.85
32 1850 978.85
32 1851 978.85
32 1852 978.85
32 1853 978.85
32 1854 978.85
32 1855 978.85
32 1856 978.85
32 1857 978.85
32 1858 978.85
32 1859 978.85
32 1860 978.85
32 1861 978.85
32 1862 939.4599999999999
32 1863 939.4599999999999
32 1864 939.4599999999999
32 1865 939.4599999999999
32 1866 939.4599999999999
32 1867 939.4599999999999
32 1868 939.4599999999999
32 1869 939.4599999999999
32 1870 939.4599999999999
32 1871 939.4599999999999
32 1872 815.01
32 1873 815.01
32 1874 815.01
32 1875 815.01
32 1876 815.01
32 1877 815.01
32 1878 815.01
32 1879 815.01
32 1880 815.01
32 1881 815.01
32 1882 815.01
32 1883 815.01
32 1884 815.01
32 1885 815.01
32 1886 815.01
32 1887 815.01
32 1888 815.01
32 1889 815.01
32 1890 815.01
32 1891 815.01
32 1892 815.01
32 1893 815.01
32 1894 815.01
32 1895 815.01
32 1896 815.01
32 1897 815.01
32 1898 815.01
32 1899 815.01
32 1900 815.01
32 1901 815.01
32 1902 815.01
32 1903 815.01
32 1904 815.01
32 1905 815.01
32 1906 815.01
32 1907 815.01
32 1908 815.01
32 1909 815.01
32 1910 815.01
32 1911 815.01
32 1912 815.01
32 1913 815.01
32 1914 815.01
32 1915 815.01
32 1916 815.01
33 1917 815.01
33 1918 815.01
33 1919 815.01
33 1920 815.01
33 1921 815.01
33 1922 815.01
33 1923 815.01
33 1924 815.01
33 1925 815.01
33 1926 815.01
33 1927 815.01
33 1928 815.01
33 1929 815.01
33 1930 815.01
33 1931 815.01
33 1932 815.01
33 1933 815.01
33 1934 815.01
33 1935 815.01
33 1936 815.01
33 1937 815.01
33 1938 815.01
33 1939 815.01
33 1940 815.01
33 1941 815.01
33 1942 815.01
33 1943 815.01
33 1944 815.01
33 1945 815.01
33 1946 815.01
33 1947 815.01
33 1948 815.01
33 1949 815.01
33 1950 815.01
33 1951 815.01
33 1952 815.01
33 1953 815.01
33 1954 815.01
33 1955 815.01
33 1956 815.01
33 1957 815.01
33 1958 815.01
33 1959 815.01
33 1960 815.01
33 1961 815.01
33 1962 815.01
33 1963 815.01
33 1964 815.01
33 1965 815.01
33 1966 815.01
33 1967 815.01
33 1968 815.01
33 1969 815.01
33 1970 815.01
33 1971 815.01
33 1972 815.01
33 1973 815.01
33 1974 815.01
33 1975 815.01
33 1976 815.01
33 1977 799.2000000000002
33 1978 799.2000000000002
33 1979 733.1
33 1980 733.1
33 1981 733.1
33 1982 733.1
33 1983 733.1
33 1984 733.1
33 1985 733.1
33 1986 733.1
33 1987 733.1
33 1988 733.1
33 1989 569.26
33 1990 569.26
33 1991 569.26
34 1992 569.26
34 1993 569.26
34 1994 569.26
34 1995 569.26
34 1996 569.26
34 1997 569.26
34 1998 569.26
34 1999 569.26
34 2000 569.26
34 2001 569.26
34 2002 569.26
34 2003 569.26
34 2004 569.26
34 2005 569.26
34 2006 569.26
34 2007 569.26
34 2008 569.26
34 2009 569.26
34 2010 569.26
34 2011 569.26
34 2012 569.26
34 2013 569.26
34 2014 569.26
34 2015 569.26
34 2016 569.26
34 2017 569.26
34 2018 569.26
34 2019 569.26
34 2020 569.26
34 2021 569.26
34 2022 569.26
34 2023 569.26
34 2024 569.26
34 2025 569.26
34 2026 569.26
34 2027 569.26
34 2028 569.26
34 2029 569.26
34 2030 569.26
34 2031 569.26
34 2032 569.26
34 2033 569.26
34 2034 569.26
34 2035 569.26
34 2036 564.1
34 2037 564.1
34 2038 564.1
34 2039 564.1
34 2040 564.1
34 2041 564.1
34 2042 564.1
34 2043 564.1
34 2044 563.1
34 2045 563.1
34 2046 563.1
34 2047 563.1
34 2048 563.1
34 2049 563.1
34 2050 563.1
34 2051 563.1
34 2052 563.1
34 2053 563.1
34 2054 379.61
34 2055 379.61
34 2056 379.61
34 2057 379.61
34 2058 379.61
34 2059 379.61
34 2060 379.61
34 2061 379.61
34 2062 379.61
34 2063 379.61
35 2064 379.61
35 2065 379.61
35 2066 379.61
35 2067 379.61
35 2068 379.61
35 2069 379.61
35 2070 379.61
35 2071 379.61
35 2072 379.61
35 2073 379.61
35 2074 379.61
35 2075 379.61
35 2076 379.61
35 2077 379.61
35 2078 379.61
35 2079 379.61
35 2080 379.61
35 2081 379.61
35 2082 379.61
35 2083 379.61
35 2084 379.61
35 2085 379.61
35 2086 379.61
35 2087 379.61
35 2088 379.61
35 2089 379.61
35 2090 379.61
35 2091 379.61
35 2092 379.61
35 2093 379.61
35 2094 379.61
35 2095 379.61
35 2096 379.61
35 2097 379.61
35 2098 379.61
35 2099 379.61
35 2100 379.61
35 2101 379.61
35 2102 379.61
35 2103 379.61
35 2104 379.61
35 2105 379.61
35 2106 379.61
35 2107 379.61
35 2108 379.61
35 2109 379.61
35 2110 379.61
35 2111 379.61
35 2112 379.61
35 2113 379.61
35 2114 379.61
35 2115 379.61
35 2116 379.61
35 2117 379.61
35 2118 379.61
35 2119 379.61
35 2120 379.61
35 2121 379.61
35 2122 379.61
35 2123 379.61
35 2124 379.61
35 2125 379.61
35 2126 379.61
35 2127 379.61
35 2128 379.61
35 2129 379.61
35 2130 379.61
35 2131 379.61
35 2132 379.61
35 2133 379.61
35 2134 379.61
35 2135 379.61
36 2136 379.61
36 2137 379.61
36 2138 379.61
36 2139 379.61
36 2140 379.61
36 2141 379.61
36 2142 379.61
36 2143 379.61
36 2144 379.61
36 2145 379.61
36 2146 379.61
36 2147 379.61
36 2148 379.61
36 2149 379.61
36 2150 379.61
36 2151 379.61
36 2152 379.61
36 2153 379.61
36 2154 379.61
36 2155 379.61
36 2156 379.61
36 2157 379.61
36 2158 379.61
36 2159 379.61
36 2160 379.61
36 2161 379.61
36 2162 379.61
36 2163 379.61
36 2164 379.61
36 2165 379.61
36 2166 379.61
36 2167 379.61
36 2168 379.61
36 2169 379.61
36 2170 379.61
36 2171 379.61
36 2172 379.61
36 2173 379.61
36 2174 379.61
36 2175 379.61
36 2176 379.61
36 2177 379.61
36 2178 379.61
36 2179 379.61
36 2180 379.61
36 2181 379.61
36 2182 379.61
36 2183 379.61
36 2184 379.61
36 2185 379.61
36 2186 379.61
36 2187 379.61
36 2188 379.61
36 2189 379.61
36 2190 379.61
36 2191 379.61
36 2192 379.61
36 2193 379.61
36 2194 379.61
36 2195 379.61
36 2196 379.61
36 2197 379.61
36 2198 379.61
36 2199 379.61
36 2200 379.61
36 2201 379.61
36 2202 379.61
36 2203 379.61
36 2204 379.61
36 2205 379.61
36 2206 379.61
36 2207 379.61
36 2208 379.61
36 2209 379.61
36 2210 379.61
36 2211 379.61
36 2212 379.61
36 2213 379.61
37 2214 379.61
37 2215 379.61
37 2216 379.61
37 2217 379.61
37 2218 379.61
37 2219 379.61
37 2220 379.61
37 2221 379.61
37 2222 379.61
37 2223 379.61
37 2224 379.61
37 2225 379.61
37 2226 379.61
37 2227 379.61
37 2228 379.61
37 2229 379.61
37 2230 379.61
37 2231 379.61
37 2232 379.61
37 2233 379.61
37 2234 379.61
37 2235 379.61
37 2236 379.61
37 2237 379.61
37 2238 379.61
37 2239 379.61
37 2240 379.61
37 2241 379.61
37 2242 379.61
37 2243 379.61
37 2244 379.61
37 2245 379.61
37 2246 379.61
37 2247 379.61
37 2248 379.61
37 2249 379.61
37 2250 379.61
37 2251 379.61
37 2252 379.61
37 2253 379.61
37 2254 379.61
37 2255 379.61
37 2256 379.61
37 2257 379.61
37 2258 379.61
37 2259 379.61
37 2260 379.61
37 2261 379.61
37 2262 379.61
37 2263 379.61
37 2264 379.61
37 2265 379.61
37 2266 379.61
37 2267 379.61
37 2268 379.61
37 2269 379.61
37 2270 379.61
37 2271 379.61
37 2272 379.61
37 2273 379.61
37 2274 379.61
37 2275 379.61
37 2276 379.61
37 2277 379.61
37 2278 379.61
37 2279 379.61
37 2280 379.61
37 2281 379.61
37 2282 379.61
37 2283 379.61
37 2284 379.61
37 2285 379.61
37 2286 379.61
37 2287 379.61
38 2288 379.61
38 2289 379.61
38 2290 379.61
38 2291 379.61
38 2292 379.61
38 2293 379.61
38 2294 379.61
38 2295 379.61
38 2296 379.61
38 2297 379.61
38 2298 379.61
38 2299 379.61
38 2300 379.61
38 2301 379.61
38 2302 379.61
38 2303 379.61
38 2304 379.61
38 2305 379.61
38 2306 379.61
38 2307 379.61
38 2308 379.61
38 2309 379.61
38 2310 379.61
38 2311 379.61
38 2312 379.61
38 2313 379.61
38 2314 379.61
38 2315 379.61
38 2316 379.61
38 2317 379.61
38 2318 379.61
38 2319 379.61
38 2320 379.61
38 2321 379.61
38 2322 379.61
38 2323 379.61
38 2324 379.61
38 2325 379.61
38 2326 379.61
38 2327 379.61
38 2328 379.61
38 2329 379.61
38 2330 379.61
38 2331 379.61
38 2332 379.61
38 2333 379.61
38 2334 379.61
38 2335 379.61
38 2336 379.61
38 2337 379.61
38 2338 379.61
38 2339 379.61
38 2340 379.61
38 2341 379.61
38 2342 379.61
38 2343 379.61
38 2344 379.61
38 2345 379.61
38 2346 379.61
38 2347 379.61
38 2348 379.61
38 2349 379.61
38 2350 378.61
38 2351 378.61
38 2352 378.61
38 2353 378.61
38 2354 378.61
38 2355 378.61
38 2356 378.61
38 2357 378.61
38 2358 378.61
39 2359 378.61
39 2360 378.61
39 2361 378.61
39 2362 378.61
39 2363 378.61
39 2364 378.61
39 2365 378.61
39 2366 354.61
39 2367 354.61
39 2368 354.61
39 2369 354.61
39 2370 354.61
39 2371 354.61
39 2372 354.61
39 2373 354.61
39 2374 354.61
39 2375 354.61
39 2376 354.61
39 2377 354.61
39 2378 354.61
39 2379 354.61
39 2380 354.61
39 2381 354.61
39 2382 354.61
39 2383 354.61
39 2384 354.61
39 2385 354.61
39 2386 354.61
39 2387 354.61
39 2388 354.61
39 2389 354.61
39 2390 191.16000000000003
39 2391 191.16000000000003
39 2392 191.16000000000003
39 2393 191.16000000000003
39 2394 191.16000000000003
39 2395 191.16000000000003
39 2396 191.16000000000003
39 2397 191.16000000000003
39 2398 191.16000000000003
39 2399 191.16000000000003
39 2400 191.16000000000003
39 2401 191.16000000000003
39 2402 191.16000000000003
39 2403 191.16000000000003
39 2404 191.16000000000003
39 2405 191.16000000000003
39 2406 191.16000000000003
39 2407 191.16000000000003
39 2408 191.16000000000003
39 2409 191.16000000000003
39 2410 191.16000000000003
39 2411 191.16000000000003
39 2412 191.16000000000003
39 2413 191.16000000000003
39 2414 191.16000000000003
39 2415 191.16000000000003
39 2416 191.16000000000003
39 2417 191.16000000000003
39 2418 191.16000000000003
39 2419 191.16000000000003
39 2420 191.16000000000003
39 2421 191.16000000000003
39 2422 191.16000000000003
39 2423 191.16000000000003
39 2424 191.16000000000003
39 2425 191.16000000000003
39 2426 191.16000000000003
39 2427 191.16000000000003
39 2428 191.16000000000003
39 2429 191.16000000000003
39 2430 191.16000000000003
39 2431 191.16000000000003
39 2432 191.16000000000003
40 2433 191.16000000000003
40 2434 191.16000000000003
40 2435 191.16000000000003
40 2436 191.16000000000003
40 2437 191.16000000000003
40 2438 191.16000000000003
40 2439 191.16000000000003
40 2440 191.16000000000003
40 2441 191.16000000000003
40 2442 191.16000000000003
40 2443 191.16000000000003
40 2444 191.16000000000003
40 2445 191.16000000000003
40 2446 191.16000000000003
40 2447 191.16000000000003
40 2448 191.16000000000003
40 2449 191.16000000000003
40 2450 191.16000000000003
40 2451 191.16000000000003
40 2452 191.16000000000003
40 2453 191.16000000000003
40 2454 191.16000000000003
40 2455 191.16000000000003
40 2456 191.16000000000003
40 2457 191.16000000000003
40 2458 191.16000000000003
40 2459 191.16000000000003
40 2460 191.16000000000003
40 2461 191.16000000000003
40 2462 191.16000000000003
40 2463 191.16000000000003
40 2464 191.16000000000003
40 2465 191.16000000000003
40 2466 191.16000000000003
40 2467 191.16000000000003
40 2468 191.16000000000003
40 2469 191.16000000000003
40 2470 191.16000000000003
40 2471 191.16000000000003
40 2472 191.16000000000003
40 2473 191.16000000000003
40 2474 191.16000000000003
40 2475 191.16000000000003
40 2476 191.16000000000003
40 2477 191.16000000000003
40 2478 191.16000000000003
40 2479 191.16000000000003
40 2480 191.16000000000003
40 2481 191.16000000000003
40 2482 191.16000000000003
40 2483 191.16000000000003
40 2484 191.16000000000003
40 2485 191.16000000000003
40 2486 191.16000000000003
40 2487 191.16000000000003
40 2488 191.16000000000003
40 2489 191.16000000000003
40 2490 191.16000000000003
40 2491 191.16000000000003
40 2492 191.16000000000003
40 2493 191.16000000000003
40 2494 191.16000000000003
40 2495 191.16000000000003
40 2496 191.16000000000003
40 2497 190.16000000000003
40 2498 190.16000000000003
40 2499 190.16000000000003
40 2500 190.16000000000003
40 2501 190.16000000000003
40 2502 190.16000000000003
41 2503 190.16000000000003
41 2504 190.16000000000003
41 2505 190.16000000000003
41 2506 190.16000000000003
41 2507 190.16000000000003
41 2508 190.16000000000003
41 2509 190.16000000000003
41 2510 190.16000000000003
41 2511 190.16000000000003
41 2512 190.16000000000003
41 2513 190.16000000000003
41 2514 190.16000000000003
41 2515 190.16000000000003
41 2516 190.16000000000003
41 2517 190.16000000000003
41 2518 190.16000000000003
41 2519 190.16000000000003
41 2520 190.16000000000003
41 2521 190.16000000000003
41 2522 190.16000000000003
41 2523 190.16000000000003
41 2524 190.16000000000003
41 2525 190.16000000000003
41 2526 190.16000000000003
41 2527 190.16000000000003
41 2528 190.16000000000003
41 2529 190.16000000000003
41 2530 190.16000000000003
41 2531 190.16000000000003
41 2532 190.16000000000003
41 2533 190.16000000000003
41 2534 190.16000000000003
41 2535 190.16000000000003
41 2536 190.16000000000003
41 2537 190.16000000000003
41 2538 190.16000000000003
41 2539 190.16000000000003
41 2540 190.16000000000003
41 2541 190.16000000000003
41 2542 190.16000000000003
41 2543 190.16000000000003
41 2544 190.16000000000003
41 2545 190.16000000000003
41 2546 190.16000000000003
41 2547 190.16000000000003
41 2548 190.16000000000003
41 2549 190.16000000000003
41 2550 190.16000000000003
41 2551 190.16000000000003
41 2552 190.16000000000003
41 2553 190.16000000000003
41 2554 190.16000000000003
41 2555 190.16000000000003
41 2556 190.16000000000003
41 2557 190.16000000000003
41 2558 190.16000000000003
41 2559 190.16000000000003
41 2560 190.16000000000003
41 2561 190.16000000000003
41 2562 190.16000000000003
41 2563 190.16000000000003
42 2564 190.16000000000003
42 2565 190.16000000000003
42 2566 190.16000000000003
42 2567 190.16000000000003
42 2568 190.16000000000003
42 2569 190.16000000000003
42 2570 190.16000000000003
42 2571 190.16000000000003
42 2572 190.16000000000003
42 2573 190.16000000000003
42 2574 190.16000000000003
42 2575 190.16000000000003
42 2576 190.16000000000003
42 2577 190.16000000000003
42 2578 190.16000000000003
42 2579 190.16000000000003
42 2580 190.16000000000003
42 2581 190.16000000000003
42 2582 190.16000000000003
42 2583 190.16000000000003
42 2584 190.16000000000003
42 2585 189.16000000000003
42 2586 189.16000000000003
42 2587 189.16000000000003
42 2588 189.16000000000003
42 2589 189.16000000000003
42 2590 189.16000000000003
42 2591 189.16000000000003
42 2592 189.16000000000003
42 2593 189.16000000000003
42 2594 189.16000000000003
42 2595 189.16000000000003
42 2596 189.16000000000003
42 2597 189.16000000000003
42 2598 189.16000000000003
42 2599 189.16000000000003
42 2600 189.16000000000003
42 2601 189.16000000000003
42 2602 189.16000000000003
42 2603 189.16000000000003
42 2604 189.16000000000003
42 2605 189.16000000000003
42 2606 189.16000000000003
42 2607 189.16000000000003
42 2608 189.16000000000003
42 2609 189.16000000000003
42 2610 189.16000000000003
42 2611 189.16000000000003
42 2612 189.16000000000003
42 2613 189.16000000000003
42 2614 189.16000000000003
42 2615 189.16000000000003
42 2616 189.16000000000003
42 2617 189.16000000000003
42 2618 189.16000000000003
42 2619 189.16000000000003
42 2620 189.16000000000003
42 2621 189.16000000000003
42 2622 189.16000000000003
42 2623 189.16000000000003
42 2624 189.16000000000003
42 2625 189.16000000000003
42 2626 189.16000000000003
42 2627 189.16000000000003
42 2628 189.16000000000003
42 2629 189.16000000000003
43 2630 189.16000000000003
43 2631 189.16000000000003
43 2632 189.16000000000003
43 2633 189.16000000000003
43 2634 189.16000000000003
43 2635 189.16000000000003
43 2636 189.16000000000003
43 2637 189.16000000000003
43 2638 189.16000000000003
43 2639 189.16000000000003
43 2640 189.16000000000003
43 2641 189.16000000000003
43 2642 189.16000000000003
43 2643 189.16000000000003
43 2644 189.16000000000003
43 2645 189.16000000000003
43 2646 189.16000000000003
43 2647 189.16000000000003
43 2648 189.16000000000003
43 2649 189.16000000000003
43 2650 189.16000000000003
43 2651 189.16000000000003
43 2652 189.16000000000003
43 2653 189.16000000000003
43 2654 189.16000000000003
43 2655 189.16000000000003
43 2656 189.16000000000003
43 2657 189.16000000000003
43 2658 189.16000000000003
43 2659 189.16000000000003
43 2660 189.16000000000003
43 2661 189.16000000000003
43 2662 189.16000000000003
43 2663 189.16000000000003
43 2664 189.16000000000003
43 2665 189.16000000000003
43 2666 189.16000000000003
43 2667 189.16000000000003
43 2668 189.16000000000003
43 2669 189.16000000000003
43 2670 189.16000000000003
43 2671 189.16000000000003
43 2672 189.16000000000003
43 2673 189.16000000000003
43 2674 189.16000000000003
43 2675 189.16000000000003
43 2676 189.16000000000003
43 2677 189.16000000000003
43 2678 189.16000000000003
43 2679 189.16000000000003
43 2680 189.16000000000003
43 2681 189.16000000000003
43 2682 189.16000000000003
43 2683 189.16000000000003
43 2684 189.16000000000003
43 2685 189.16000000000003
43 2686 189.16000000000003
43 2687 189.16000000000003
43 2688 189.16000000000003
43 2689 189.16000000000003
43 2690 189.16000000000003
43 2691 189.16000000000003
43 2692 189.16000000000003
43 2693 189.16000000000003
43 2694 189.16000000000003
43 2695 189.16000000000003
43 2696 189.16000000000003
43 2697 189.16000000000003
43 2698 189.16000000000003
44 2699 189.16000000000003
44 2700 189.16000000000003
44 2701 189.16000000000003
44 2702 189.16000000000003
44 2703 189.16000000000003
44 2704 189.16000000000003
44 2705 189.16000000000003
44 2706 189.16000000000003
44 2707 189.16000000000003
44 2708 189.16000000000003
44 2709 189.16000000000003
44 2710 189.16000000000003
44 2711 189.16000000000003
44 2712 189.16000000000003
44 2713 189.16000000000003
44 2714 189.16000000000003
44 2715 189.16000000000003
44 2716 189.16000000000003
44 2717 189.16000000000003
44 2718 189.16000000000003
44 2719 189.16000000000003
44 2720 189.16000000000003
44 2721 189.16000000000003
44 2722 189.16000000000003
44 2723 189.16000000000003
44 2724 189.16000000000003
44 2725 189.16000000000003
44 2726 189.16000000000003
44 2727 189.16000000000003
44 2728 189.16000000000003
44 2729 189.16000000000003
44 2730 189.16000000000003
44 2731 189.16000000000003
44 2732 189.16000000000003
44 2733 189.16000000000003
44 2734 189.16000000000003
44 2735 189.16000000000003
44 2736 189.16000000000003
44 2737 189.16000000000003
44 2738 189.16000000000003
44 2739 189.16000000000003
44 2740 189.16000000000003
44 2741 189.16000000000003
44 2742 189.16000000000003
44 2743 189.16000000000003
44 2744 189.16000000000003
44 2745 189.16000000000003
44 2746 189.16000000000003
44 2747 189.16000000000003
44 2748 189.16000000000003
44 2749 189.16000000000003
44 2750 189.16000000000003
44 2751 189.16000000000003
44 2752 189.16000000000003
44 2753 189.16000000000003
44 2754 189.16000000000003
44 2755 189.16000000000003
44 2756 189.16000000000003
44 2757 189.16000000000003
44 2758 189.16000000000003
45 2759 189.16000000000003
45 2760 189.16000000000003
45 2761 189.16000000000003
45 2762 189.16000000000003
45 2763 189.16000000000003
45 2764 189.16000000000003
45 2765 189.16000000000003
45 2766 189.16000000000003
45 2767 189.16000000000003
45 2768 189.16000000000003
45 2769 189.16000000000003
45 2770 189.16000000000003
45 2771 189.16000000000003
45 2772 189.16000000000003
45 2773 189.16000000000003
45 2774 189.16000000000003
45 2775 189.16000000000003
45 2776 189.16000000000003
45 2777 189.16000000000003
45 2778 189.16000000000003
45 2779 189.16000000000003
45 2780 189.16000000000003
45 2781 189.16000000000003
45 2782 189.16000000000003
45 2783 189.16000000000003
45 2784 189.16000000000003
45 2785 189.16000000000003
45 2786 189.16000000000003
45 2787 189.16000000000003
45 2788 189.16000000000003
45 2789 189.16000000000003
45 2790 189.16000000000003
45 2791 189.16000000000003
45 2792 189.16000000000003
45 2793 189.16000000000003
45 2794 189.16000000000003
45 2795 189.16000000000003
45 2796 189.16000000000003
45 2797 189.16000000000003
45 2798 189.16000000000003
45 2799 189.16000000000003
45 2800 189.16000000000003
45 2801 189.16000000000003
45 2802 189.16000000000003
45 2803 189.16000000000003
45 2804 189.16000000000003
45 2805 189.16000000000003
45 2806 189.16000000000003
45 2807 189.16000000000003
45 2808 189.16000000000003
45 2809 189.16000000000003
45 2810 189.16000000000003
45 2811 189.16000000000003
45 2812 189.16000000000003
45 2813 189.16000000000003
45 2814 189.16000000000003
45 2815 189.16000000000003
45 2816 189.16000000000003
45 2817 189.16000000000003
45 2818 189.16000000000003
45 2819 189.16000000000003
45 2820 189.16000000000003
45 2821 189.16000000000003
45 2822 189.16000000000003
45 2823 189.16000000000003
45 2824 189.16000000000003
45 2825 189.16000000000003
45 2826 189.16000000000003
45 2827 189.16000000000003
45 2828 189.16000000000003
45 2829 189.16000000000003
45 2830 189.16000000000003
45 2831 189.16000000000003
45 2832 189.16000000000003
45 2833 189.16000000000003
45 2834 189.16000000000003
45 2835 189.16000000000003
45 2836 189.16000000000003
45 2837 189.16000000000003
46 2838 189.16000000000003
46 2839 189.16000000000003
46 2840 189.16000000000003
46 2841 189.16000000000003
46 2842 189.16000000000003
46 2843 189.16000000000003
46 2844 189.16000000000003
46 2845 189.16000000000003
46 2846 189.16000000000003
46 2847 189.16000000000003
46 2848 189.16000000000003
46 2849 189.16000000000003
46 2850 189.16000000000003
46 2851 189.16000000000003
46 2852 189.16000000000003
46 2853 189.16000000000003
46 2854 189.16000000000003
46 2855 189.16000000000003
46 2856 189.16000000000003
46 2857 189.16000000000003
46 2858 189.16000000000003
46 2859 189.16000000000003
46 2860 189.16000000000003
46 2861 189.16000000000003
46 2862 189.16000000000003
46 2863 189.16000000000003
46 2864 189.16000000000003
46 2865 189.16000000000003
46 2866 189.16000000000003
46 2867 189.16000000000003
46 2868 189.16000000000003
46 2869 189.16000000000003
46 2870 189.16000000000003
46 2871 189.16000000000003
46 2872 189.16000000000003
46 2873 189.16000000000003
46 2874 189.16000000000003
46 2875 189.16000000000003
46 2876 189.16000000000003
46 2877 189.16000000000003
46 2878 189.16000000000003
46 2879 189.16000000000003
46 2880 189.16000000000003
46 2881 179.84000000000003
46 2882 179.84000000000003
46 2883 179.84000000000003
46 2884 179.84000000000003
46 2885 179.84000000000003
46 2886 179.84000000000003
46 2887 179.84000000000003
46 2888 179.84000000000003
46 2889 179.84000000000003
46 2890 179.84000000000003
46 2891 179.84000000000003
46 2892 179.84000000000003
46 2893 179.84000000000003
46 2894 179.84000000000003
46 2895 179.84000000000003
46 2896 179.84000000000003
46 2897 179.84000000000003
46 2898 179.84000000000003
46 2899 179.84000000000003
46 2900 179.84000000000003
46 2901 167.84000000000003
46 2902 167.84000000000003
46 2903 167.84000000000003
46 2904 167.84000000000003
46 2905 167.84000000000003
46 2906 167.84000000000003
46 2907 167.84000000000003
46 2908 167.84000000000003
46 2909 167.84000000000003
46 2910 167.84000000000003
46 2911 167.84000000000003
47 2912 167.84000000000003
47 2913 167.84000000000003
47 2914 167.84000000000003
47 2915 167.84000000000003
47 2916 167.84000000000003
47 2917 167.84000000000003
47 2918 167.84000000000003
47 2919 167.84000000000003
47 2920 167.84000000000003
47 2921 167.84000000000003
47 2922 167.84000000000003
47 2923 167.84000000000003
47 2924 167.84000000000003
47 2925 167.84000000000003
47 2926 167.84000000000003
47 2927 167.84000000000003
47 2928 167.84000000000003
47 2929 167.84000000000003
47 2930 167.84000000000003
47 2931 167.84000000000003
47 2932 167.84000000000003
47 2933 167.84000000000003
47 2934 167.84000000000003
47 2935 167.84000000000003
47 2936 167.84000000000003
47 2937 167.84000000000003
47 2938 167.84000000000003
47 2939 167.84000000000003
47 2940 167.84000000000003
47 2941 167.84000000000003
47 2942 167.84000000000003
47 2943 167.84000000000003
47 2944 167.84000000000003
47 2945 167.84000000000003
47 2946 167.84000000000003
47 2947 167.84000000000003
47 2948 167.84000000000003
47 2949 167.84000000000003
47 2950 167.84000000000003
47 2951 167.84000000000003
47 2952 167.84000000000003
47 2953 167.84000000000003
47 2954 167.84000000000003
47 2955 167.84000000000003
47 2956 167.84000000000003
47 2957 167.84000000000003
47 2958 167.84000000000003
47 2959 167.84000000000003
47 2960 167.84000000000003
47 2961 167.84000000000003
47 2962 167.84000000000003
47 2963 167.84000000000003
47 2964 167.84000000000003
47 2965 167.84000000000003
47 2966 167.84000000000003
47 2967 167.84000000000003
47 2968 167.84000000000003
47 2969 167.84000000000003
47 2970 167.84000000000003
47 2971 167.84000000000003
47 2972 167.84000000000003
47 2973 167.84000000000003
47 2974 167.84000000000003
47 2975 167.84000000000003
47 2976 167.84000000000003
47 2977 167.84000000000003
48 2978 167.84000000000003
48 2979 167.84000000000003
48 2980 167.84000000000003
48 2981 167.84000000000003
48 2982 167.84000000000003
48 2983 167.84000000000003
48 2984 167.84000000000003
48 2985 167.84000000000003
48 2986 167.84000000000003
48 2987 167.84000000000003
48 2988 167.84000000000003
48 2989 167.84000000000003
48 2990 167.84000000000003
48 2991 167.84000000000003
48 2992 167.84000000000003
48 2993 167.84000000000003
48 2994 167.84000000000003
48 2995 167.84000000000003
48 2996 167.84000000000003
48 2997 167.84000000000003
48 2998 167.84000000000003
48 2999 167.84000000000003
48 3000 167.84000000000003
48 3001 167.84000000000003
48 3002 167.84000000000003
48 3003 167.84000000000003
48 3004 167.84000000000003
48 3005 167.84000000000003
48 3006 167.84000000000003
48 3007 167.84000000000003
48 3008 167.84000000000003
48 3009 167.84000000000003
48 3010 167.84000000000003
48 3011 167.84000000000003
48 3012 167.84000000000003
48 3013 167.84000000000003
48 3014 167.84000000000003
48 3015 167.84000000000003
48 3016 167.84000000000003
48 3017 167.84000000000003
48 3018 167.84000000000003
48 3019 167.84000000000003
48 3020 167.84000000000003
48 3021 167.84000000000003
48 3022 167.84000000000003
48 3023 167.84000000000003
48 3024 167.84000000000003
48 3025 167.84000000000003
48 3026 167.84000000000003
48 3027 167.84000000000003
48 3028 167.84000000000003
48 3029 167.84000000000003
48 3030 167.84000000000003
48 3031 167.84000000000003
48 3032 167.84000000000003
48 3033 167.84000000000003
48 3034 167.84000000000003
48 3035 167.84000000000003
48 3036 167.84000000000003
48 3037 167.84000000000003
48 3038 167.84000000000003
48 3039 167.84000000000003
48 3040 167.84000000000003
48 3041 167.84000000000003
48 3042 167.84000000000003
48 3043 167.84000000000003
48 3044 167.84000000000003
49 3045 167.84000000000003
49 3046 163.84000000000003
49 3047 163.84000000000003
49 3048 163.84000000000003
49 3049 163.84000000000003
49 3050 163.84000000000003
49 3051 163.84000000000003
49 3052 163.84000000000003
49 3053 163.84000000000003
49 3054 163.84000000000003
49 3055 163.84000000000003
49 3056 163.84000000000003
49 3057 163.84000000000003
49 3058 163.84000000000003
49 3059 163.84000000000003
49 3060 163.84000000000003
49 3061 163.84000000000003
49 3062 163.84000000000003
49 3063 163.84000000000003
49 3064 163.84000000000003
49 3065 163.84000000000003
49 3066 163.84000000000003
49 3067 163.84000000000003
49 3068 163.84000000000003
49 3069 163.84000000000003
49 3070 163.84000000000003
49 3071 163.84000000000003
49 3072 163.84000000000003
49 3073 163.84000000000003
49 3074 163.84000000000003
49 3075 163.84000000000003
49 3076 163.84000000000003
49 3077 163.84000000000003
49 3078 163.84000000000003
49 3079 163.84000000000003
49 3080 163.84000000000003
49 3081 163.84000000000003
49 3082 163.84000000000003
49 3083 163.84000000000003
49 3084 163.84000000000003
49 3085 163.84000000000003
49 3086 163.84000000000003
49 3087 163.84000000000003
49 3088 163.84000000000003
49 3089 163.84000000000003
49 3090 163.84000000000003
49 3091 163.84000000000003
49 3092 163.84000000000003
49 3093 163.84000000000003
49 3094 163.84000000000003
49 3095 163.84000000000003
49 3096 163.84000000000003
49 3097 163.84000000000003
49 3098 163.84000000000003
49 3099 163.84000000000003
49 3100 163.84000000000003
49 3101 163.84000000000003
49 3102 163.84000000000003
49 3103 163.84000000000003
49 3104 163.84000000000003
49 3105 163.84000000000003
49 3106 163.84000000000003
49 3107 163.84000000000003
49 3108 163.84000000000003
49 3109 163.84000000000003
49 3110 163.84000000000003
49 3111 163.84000000000003
49 3112 163.84000000000003
50 3113 163.84000000000003
50 3114 163.84000000000003
50 3115 163.84000000000003
50 3116 163.84000000000003
50 3117 163.84000000000003
50 3118 163.84000000000003
50 3119 163.84000000000003
50 3120 163.84000000000003
50 3121 163.84000000000003
50 3122 163.84000000000003
50 3123 163.84000000000003
50 3124 163.84000000000003
50 3125 163.84000000000003
50 3126 163.84000000000003
50 3127 163.84000000000003
50 3128 163.84000000000003
50 3129 163.84000000000003
50 3130 163.84000000000003
50 3131 163.84000000000003
50 3132 163.84000000000003
50 3133 163.84000000000003
50 3134 163.84000000000003
50 3135 163.84000000000003
50 3136 163.84000000000003
50 3137 163.84000000000003
50 3138 163.84000000000003
50 3139 163.84000000000003
50 3140 163.84000000000003
50 3141 163.84000000000003
50 3142 163.84000000000003
50 3143 163.84000000000003
50 3144 163.84000000000003
50 3145 163.84000000000003
50 3146 163.84000000000003
50 3147 163.84000000000003
50 3148 163.84000000000003
50 3149 163.84000000000003
50 3150 163.84000000000003
50 3151 163.84000000000003
50 3152 163.84000000000003
50 3153 163.84000000000003
50 3154 163.84000000000003
50 3155 163.84000000000003
50 3156 163.84000000000003
50 3157 163.84000000000003
50 3158 163.84000000000003
50 3159 163.84000000000003
50 3160 163.84000000000003
50 3161 163.84000000000003
50 3162 163.84000000000003
50 3163 163.84000000000003
50 3164 163.84000000000003
50 3165 163.84000000000003
50 3166 163.84000000000003
50 3167 163.84000000000003
50 3168 163.84000000000003
50 3169 163.84000000000003
50 3170 163.84000000000003
50 3171 163.84000000000003
50 3172 163.84000000000003
50 3173 163.84000000000003
50 3174 163.84000000000003
50 3175 163.84000000000003
50 3176 125.16000000000001
50 3177 125.16000000000001
50 3178 125.16000000000001
50 3179 125.16000000000001
50 3180 125.16000000000001
50 3181 125.16000000000001
50 3182 125.16000000000001
50 3183 125.16000000000001
50 3184 125.16000000000001
50 3185 125.16000000000001
50 3186 125.16000000000001
50 3187 125.16000000000001
50 3188 125.16000000000001
50 3189 125.16000000000001
50 3190 125.16000000000001
51 3191 125.16000000000001
51 3192 125.16000000000001
51 3193 125.16000000000001
51 3194 125.16000000000001
51 3195 125.16000000000001
51 3196 125.16000000000001
51 3197 125.16000000000001
51 3198 125.16000000000001
51 3199 125.16000000000001
51 3200 125.16000000000001
51 3201 125.16000000000001
51 3202 125.16000000000001
51 3203 125.16000000000001
51 3204 125.16000000000001
51 3205 125.16000000000001
51 3206 125.16000000000001
51 3207 125.16000000000001
51 3208 125.16000000000001
51 3209 109.16000000000001
51 3210 109.16000000000001
51 3211 109.16000000000001
51 3212 109.16000000000001
51 3213 109.16000000000001
51 3214 109.16000000000001
51 3215 109.16000000000001
51 3216 109.16000000000001
51 3217 109.16000000000001
51 3218 109.16000000000001
51 3219 109.16000000000001
51 3220 109.16000000000001
51 3221 109.16000000000001
51 3222 109.16000000000001
51 3223 109.16000000000001
51 3224 109.16000000000001
51 3225 109.16000000000001
51 3226 109.16000000000001
51 3227 109.16000000000001
51 3228 109.16000000000001
51 3229 109.16000000000001
51 3230 109.16000000000001
51 3231 109.16000000000001
51 3232 109.16000000000001
51 3233 109.16000000000001
51 3234 109.16000000000001
51 3235 109.16000000000001
51 3236 109.16000000000001
51 3237 109.16000000000001
51 3238 109.16000000000001
51 3239 109.16000000000001
51 3240 109.16000000000001
51 3241 109.16000000000001
51 3242 109.16000000000001
51 3243 109.16000000000001
51 3244 109.16000000000001
51 3245 109.16000000000001
51 3246 109.16000000000001
51 3247 109.16000000000001
51 3248 109.16000000000001
51 3249 109.16000000000001
51 3250 109.16000000000001
51 3251 109.16000000000001
51 3252 109.16000000000001
51 3253 109.16000000000001
51 3254 109.16000000000001
51 3255 109.16000000000001
51 3256 109.16000000000001
51 3257 109.16000000000001
51 3258 109.16000000000001
51 3259 109.16000000000001
51 3260 109.16000000000001
51 3261 109.16000000000001
51 3262 109.16000000000001
51 3263 109.16000000000001
51 3264 109.16000000000001
52 3265 109.16000000000001
52 3266 109.16000000000001
52 3267 109.16000000000001
52 3268 109.16000000000001
52 3269 109.16000000000001
52 3270 109.16000000000001
52 3271 109.16000000000001
52 3272 109.16000000000001
52 3273 109.16000000000001
52 3274 109.16000000000001
52 3275 109.16000000000001
52 3276 109.16000000000001
52 3277 109.16000000000001
52 3278 109.16000000000001
52 3279 109.16000000000001
52 3280 109.16000000000001
52 3281 109.16000000000001
52 3282 109.16000000000001
52 3283 109.16000000000001
52 3284 109.16000000000001
52 3285 109.16000000000001
52 3286 109.16000000000001
52 3287 109.16000000000001
52 3288 109.16000000000001
52 3289 109.16000000000001
52 3290 109.16000000000001
52 3291 109.16000000000001
52 3292 109.16000000000001
52 3293 109.16000000000001
52 3294 109.16000000000001
52 3295 109.16000000000001
52 3296 109.16000000000001
52 3297 109.16000000000001
52 3298 109.16000000000001
52 3299 109.16000000000001
52 3300 109.16000000000001
52 3301 109.16000000000001
52 3302 109.16000000000001
52 3303 109.16000000000001
52 3304 109.16000000000001
52 3305 109.16000000000001
52 3306 109.16000000000001
52 3307 109.16000000000001
52 3308 109.16000000000001
52 3309 109.16000000000001
52 3310 109.16000000000001
52 3311 109.16000000000001
52 3312 109.16000000000001
52 3313 109.16000000000001
52 3314 109.16000000000001
52 3315 109.16000000000001
52 3316 109.16000000000001
52 3317 109.16000000000001
52 3318 109.16000000000001
52 3319 109.16000000000001
52 3320 109.16000000000001
52 3321 109.16000000000001
52 3322 109.16000000000001
52 3323 109.16000000000001
52 3324 109.16000000000001
52 3325 109.16000000000001
52 3326 109.16000000000001
52 3327 109.16000000000001
52 3328 109.16000000000001
52 3329 109.16000000000001
52 3330 109.16000000000001
52 3331 109.16000000000001
52 3332 109.16000000000001
52 3333 109.16000000000001
52 3334 109.16000000000001
52 3335 109.16000000000001
52 3336 109.16000000000001
52 3337 109.16000000000001
52 3338 109.16000000000001
52 3339 109.16000000000001
52 3340 109.16000000000001
53 3341 109.16000000000001
53 3342 109.16000000000001
53 3343 109.16000000000001
53 3344 109.16000000000001
53 3345 109.16000000000001
53 3346 109.16000000000001
53 3347 109.16000000000001
53 3348 109.16000000000001
53 3349 109.16000000000001
53 3350 109.16000000000001
53 3351 109.16000000000001
53 3352 109.16000000000001
53 3353 109.16000000000001
53 3354 109.16000000000001
53 3355 109.16000000000001
53 3356 109.16000000000001
53 3357 109.16000000000001
53 3358 109.16000000000001
53 3359 109.16000000000001
53 3360 109.16000000000001
53 3361 109.16000000000001
53 3362 109.16000000000001
53 3363 109.16000000000001
53 3364 109.16000000000001
53 3365 109.16000000000001
53 3366 109.16000000000001
53 3367 108.16000000000001
53 3368 108.16000000000001
53 3369 108.16000000000001
53 3370 108.16000000000001
53 3371 108.16000000000001
53 3372 108.16000000000001
53 3373 108.16000000000001
53 3374 108.16000000000001
53 3375 108.16000000000001
53 3376 108.16000000000001
53 3377 108.16000000000001
53 3378 108.16000000000001
53 3379 108.16000000000001
53 3380 108.16000000000001
53 3381 108.16000000000001
53 3382 108.16000000000001
53 3383 108.16000000000001
53 3384 108.16000000000001
53 3385 108.16000000000001
53 3386 108.16000000000001
53 3387 108.16000000000001
53 3388 108.16000000000001
53 3389 108.16000000000001
53 3390 108.16000000000001
53 3391 108.16000000000001
53 3392 108.16000000000001
53 3393 108.16000000000001
53 3394 108.16000000000001
53 3395 108.16000000000001
53 3396 108.16000000000001
53 3397 108.16000000000001
53 3398 108.16000000000001
53 3399 108.16000000000001
53 3400 108.16000000000001
53 3401 108.16000000000001
53 3402 108.16000000000001
53 3403 108.16000000000001
53 3404 108.16000000000001
53 3405 108.16000000000001
53 3406 108.16000000000001
53 3407 108.16000000000001
53 3408 108.16000000000001
53 3409 108.16000000000001
53 3410 108.16000000000001
53 3411 108.16000000000001
54 3412 108.16000000000001
54 3413 108.16000000000001
54 3414 108.16000000000001
54 3415 108.16000000000001
54 3416 108.16000000000001
54 3417 108.16000000000001
54 3418 108.16000000000001
54 3419 108.16000000000001
54 3420 108.16000000000001
54 3421 108.16000000000001
54 3422 108.16000000000001
54 3423 108.16000000000001
54 3424 108.16000000000001
54 3425 108.16000000000001
54 3426 108.16000000000001
54 3427 108.16000000000001
54 3428 108.16000000000001
54 3429 108.16000000000001
54 3430 108.16000000000001
54 3431 108.16000000000001
54 3432 108.16000000000001
54 3433 108.16000000000001
54 3434 108.16000000000001
54 3435 108.16000000000001
54 3436 108.16000000000001
54 3437 108.16000000000001
54 3438 108.16000000000001
54 3439 108.16000000000001
54 3440 108.16000000000001
54 3441 108.16000000000001
54 3442 108.16000000000001
54 3443 108.16000000000001
54 3444 108.16000000000001
54 3445 108.16000000000001
54 3446 108.16000000000001
54 3447 108.16000000000001
54 3448 108.16000000000001
54 3449 108.16000000000001
54 3450 108.16000000000001
54 3451 108.16000000000001
54 3452 108.16000000000001
54 3453 108.16000000000001
54 3454 108.16000000000001
54 3455 108.16000000000001
54 3456 108.16000000000001
54 3457 108.16000000000001
54 3458 108.16000000000001
54 3459 108.16000000000001
54 3460 108.16000000000001
54 3461 108.16000000000001
54 3462 108.16000000000001
54 3463 108.16000000000001
54 3464 108.16000000000001
54 3465 108.16000000000001
54 3466 108.16000000000001
54 3467 108.16000000000001
54 3468 108.16000000000001
54 3469 108.16000000000001
54 3470 108.16000000000001
54 3471 108.16000000000001
54 3472 108.16000000000001
54 3473 108.16000000000001
54 3474 108.16000000000001
54 3475 108.16000000000001
54 3476 108.16000000000001
54 3477 108.16000000000001
54 3478 108.16000000000001
54 3479 108.16000000000001
54 3480 108.16000000000001
55 3481 108.16000000000001
55 3482 108.16000000000001
55 3483 108.16000000000001
55 3484 108.16000000000001
55 3485 108.16000000000001
55 3486 108.16000000000001
55 3487 108.16000000000001
55 3488 108.16000000000001
55 3489 108.16000000000001
55 3490 108.16000000000001
55 3491 108.16000000000001
55 3492 108.16000000000001
55 3493 108.16000000000001
55 3494 108.16000000000001
55 3495 108.16000000000001
55 3496 108.16000000000001
55 3497 108.16000000000001
55 3498 108.16000000000001
55 3499 108.16000000000001
55 3500 108.16000000000001
55 3501 108.16000000000001
55 3502 108.16000000000001
55 3503 108.16000000000001
55 3504 108.16000000000001
55 3505 108.16000000000001
55 3506 108.16000000000001
55 3507 108.16000000000001
55 3508 108.16000000000001
55 3509 108.16000000000001
55 3510 108.16000000000001
55 3511 108.16000000000001
55 3512 108.16000000000001
55 3513 108.16000000000001
55 3514 108.16000000000001
55 3515 108.16000000000001
55 3516 108.16000000000001
55 3517 108.16000000000001
55 3518 108.16000000000001
55 3519 108.16000000000001
55 3520 108.16000000000001
55 3521 108.16000000000001
55 3522 108.16000000000001
55 3523 108.16000000000001
55 3524 108.16000000000001
55 3525 108.16000000000001
55 3526 108.16000000000001
55 3527 108.16000000000001
55 3528 108.16000000000001
55 3529 108.16000000000001
55 3530 108.16000000000001
55 3531 108.16000000000001
55 3532 108.16000000000001
55 3533 108.16000000000001
55 3534 108.16000000000001
55 3535 108.16000000000001
55 3536 108.16000000000001
55 3537 108.16000000000001
55 3538 108.16000000000001
55 3539 108.16000000000001
55 3540 108.16000000000001
55 3541 108.16000000000001
55 3542 108.16000000000001
55 3543 108.16000000000001
55 3544 108.16000000000001
55 3545 108.16000000000001
55 3546 108.16000000000001
55 3547 108.16000000000001
55 3548 108.16000000000001
55 3549 108.16000000000001
55 3550 108.16000000000001
55 3551 108.16000000000001
55 3552 108.16000000000001
55 3553 108.16000000000001
56 3554 108.16000000000001
56 3555 108.16000000000001
56 3556 108.16000000000001
56 3557 108.16000000000001
56 3558 108.16000000000001
56 3559 108.16000000000001
56 3560 108.16000000000001
56 3561 108.16000000000001
56 3562 108.16000000000001
56 3563 108.16000000000001
56 3564 108.16000000000001
56 3565 108.16000000000001
56 3566 108.16000000000001
56 3567 108.16000000000001
56 3568 108.16000000000001
56 3569 108.16000000000001
56 3570 108.16000000000001
56 3571 108.16000000000001
56 3572 108.16000000000001
56 3573 108.16000000000001
56 3574 108.16000000000001
56 3575 108.16000000000001
56 3576 108.16000000000001
56 3577 108.16000000000001
56 3578 108.16000000000001
56 3579 108.16000000000001
56 3580 108.16000000000001
56 3581 108.16000000000001
56 3582 108.16000000000001
56 3583 108.16000000000001
56 3584 108.16000000000001
56 3585 108.16000000000001
56 3586 108.16000000000001
56 3587 108.16000000000001
56 3588 108.16000000000001
56 3589 108.16000000000001
56 3590 108.16000000000001
56 3591 108.16000000000001
56 3592 108.16000000000001
56 3593 108.16000000000001
56 3594 108.16000000000001
56 3595 108.16000000000001
56 3596 108.16000000000001
56 3597 108.16000000000001
56 3598 108.16000000000001
56 3599 108.16000000000001
56 3600 108.16000000000001
56 3601 108.16000000000001
56 3602 108.16000000000001
56 3603 108.16000000000001
56 3604 108.16000000000001
56 3605 108.16000000000001
56 3606 108.16000000000001
56 3607 108.16000000000001
56 3608 108.16000000000001
56 3609 108.16000000000001
56 3610 108.16000000000001
56 3611 108.16000000000001
56 3612 108.16000000000001
56 3613 108.16000000000001
56 3614 108.16000000000001
56 3615 108.16000000000001
56 3616 108.16000000000001
56 3617 108.16000000000001
56 3618 108.16000000000001
56 3619 108.16000000000001
56 3620 108.16000000000001
56 3621 108.16000000000001
56 3622 108.16000000000001
56 3623 108.16000000000001
56 3624 108.16000000000001
56 3625 108.16000000000001
57 3626 108.16000000000001
57 3627 108.16000000000001
57 3628 108.16000000000001
57 3629 108.16000000000001
57 3630 108.16000000000001
57 3631 108.16000000000001
57 3632 108.16000000000001
57 3633 108.16000000000001
57 3634 108.16000000000001
57 3635 108.16000000000001
57 3636 108.16000000000001
57 3637 108.16000000000001
57 3638 108.16000000000001
57 3639 108.16000000000001
57 3640 108.16000000000001
57 3641 108.16000000000001
57 3642 108.16000000000001
57 3643 108.16000000000001
57 3644 108.16000000000001
57 3645 108.16000000000001
57 3646 108.16000000000001
57 3647 108.16000000000001
57 3648 108.16000000000001
57 3649 108.16000000000001
57 3650 108.16000000000001
57 3651 108.16000000000001
57 3652 108.16000000000001
57 3653 108.16000000000001
57 3654 108.16000000000001
57 3655 108.16000000000001
57 3656 104.03999999999999
57 3657 104.03999999999999
57 3658 104.03999999999999
57 3659 104.03999999999999
57 3660 104.03999999999999
57 3661 104.03999999999999
57 3662 104.03999999999999
57 3663 104.03999999999999
57 3664 104.03999999999999
57 3665 104.03999999999999
57 3666 104.03999999999999
57 3667 104.03999999999999
57 3668 104.03999999999999
57 3669 104.03999999999999
57 3670 104.03999999999999
57 3671 104.03999999999999
57 3672 104.03999999999999
57 3673 104.03999999999999
57 3674 104.03999999999999
57 3675 104.03999999999999
57 3676 104.03999999999999
57 3677 104.03999999999999
57 3678 104.03999999999999
57 3679 104.03999999999999
57 3680 104.03999999999999
57 3681 104.03999999999999
57 3682 104.03999999999999
57 3683 104.03999999999999
57 3684 104.03999999999999
57 3685 104.03999999999999
57 3686 104.03999999999999
57 3687 104.03999999999999
57 3688 104.03999999999999
57 3689 104.03999999999999
57 3690 104.03999999999999
57 3691 104.03999999999999
57 3692 104.03999999999999
57 3693 104.03999999999999
57 3694 104.03999999999999
57 3695 104.03999999999999
57 3696 104.03999999999999
57 3697 104.03999999999999
57 3698 104.03999999999999
57 3699 104.03999999999999
57 3700 104.03999999999999
57 3701 104.03999999999999
57 3702 104.03999999999999
57 3703 104.03999999999999
57 3704 104.03999999999999
58 3705 104.03999999999999
58 3706 104.03999999999999
58 3707 104.03999999999999
58 3708 104.03999999999999
58 3709 104.03999999999999
58 3710 104.03999999999999
58 3711 104.03999999999999
58 3712 104.03999999999999
58 3713 104.03999999999999
58 3714 104.03999999999999
58 3715 104.03999999999999
58 3716 104.03999999999999
58 3717 104.03999999999999
58 3718 104.03999999999999
58 3719 104.03999999999999
58 3720 104.03999999999999
58 3721 104.03999999999999
58 3722 104.03999999999999
58 3723 104.03999999999999
58 3724 104.03999999999999
58 3725 104.03999999999999
58 3726 104.03999999999999
58 3727 104.03999999999999
58 3728 104.03999999999999
58 3729 104.03999999999999
58 3730 104.03999999999999
58 3731 104.03999999999999
58 3732 104.03999999999999
58 3733 104.03999999999999
58 3734 104.03999999999999
58 3735 104.03999999999999
58 3736 104.03999999999999
58 3737 104.03999999999999
58 3738 104.03999999999999
58 3739 104.03999999999999
58 3740 104.03999999999999
58 3741 104.03999999999999
58 3742 104.03999999999999
58 3743 104.03999999999999
58 3744 104.03999999999999
58 3745 104.03999999999999
58 3746 104.03999999999999
58 3747 104.03999999999999
58 3748 104.03999999999999
58 3749 104.03999999999999
58 3750 104.03999999999999
58 3751 104.03999999999999
58 3752 104.03999999999999
58 3753 104.03999999999999
58 3754 104.03999999999999
58 3755 104.03999999999999
58 3756 104.03999999999999
58 3757 104.03999999999999
58 3758 104.03999999999999
58 3759 104.03999999999999
58 3760 104.03999999999999
58 3761 104.03999999999999
58 3762 104.03999999999999
58 3763 104.03999999999999
58 3764 104.03999999999999
58 3765 104.03999999999999
58 3766 104.03999999999999
58 3767 104.03999999999999
58 3768 104.03999999999999
58 3769 104.03999999999999
58 3770 104.03999999999999
58 3771 104.03999999999999
58 3772 104.03999999999999
58 3773 68.0
58 3774 68.0
58 3775 68.0
58 3776 68.0
58 3777 68.0
58 3778 68.0
58 3779 68.0
58 3780 68.0
59 3781 68.0
59 3782 68.0
59 3783 68.0
59 3784 68.0
59 3785 68.0
59 3786 68.0
59 3787 68.0
59 3788 68.0
59 3789 68.0
59 3790 68.0
59 3791 68.0
59 3792 68.0
59 3793 68.0
59 3794 68.0
59 3795 68.0
59 3796 68.0
59 3797 68.0
59 3798 68.0
59 3799 68.0
59 3800 68.0
59 3801 68.0
59 3802 68.0
59 3803 68.0
59 3804 68.0
59 3805 68.0
59 3806 68.0
59 3807 68.0
59 3808 68.0
59 3809 68.0
59 3810 68.0
59 3811 68.0
59 3812 68.0
59 3813 68.0
59 3814 68.0
59 3815 68.0
59 3816 68.0
59 3817 68.0
59 3818 68.0
59 3819 68.0
59 3820 68.0
59 3821 68.0
59 3822 68.0
59 3823 68.0
59 3824 68.0
59 3825 68.0
59 3826 68.0
59 3827 68.0
59 3828 68.0
59 3829 68.0
59 3830 68.0
59 3831 68.0
59 3832 68.0
59 3833 68.0
59 3834 68.0
59 3835 68.0
59 3836 68.0
59 3837 68.0
59 3838 68.0
59 3839 68.0
59 3840 68.0
59 3841 68.0
59 3842 68.0
60 3843 68.0
60 3844 68.0
60 3845 68.0
60 3846 68.0
60 3847 68.0
60 3848 68.0
60 3849 68.0
60 3850 68.0
60 3851 68.0
60 3852 68.0
60 3853 68.0
60 3854 68.0
60 3855 68.0
60 3856 68.0
60 3857 68.0
60 3858 68.0
60 3859 68.0
60 3860 68.0
60 3861 68.0
60 3862 68.0
60 3863 68.0
60 3864 68.0
60 3865 68.0
60 3866 68.0
60 3867 68.0
60 3868 68.0
60 3869 68.0
60 3870 68.0
60 3871 68.0
60 3872 68.0
60 3873 68.0
60 3874 68.0
60 3875 68.0
60 3876 68.0
60 3877 68.0
60 3878 68.0
60 3879 68.0
60 3880 68.0
60 3881 68.0
60 3882 68.0
60 3883 68.0
60 3884 68.0
60 3885 68.0
60 3886 68.0
60 3887 68.0
60 3888 68.0
60 3889 68.0
60 3890 68.0
60 3891 68.0
60 3892 68.0
60 3893 68.0
60 3894 68.0
60 3895 68.0
60 3896 68.0
60 3897 68.0
60 3898 68.0
60 3899 68.0
60 3900 68.0
60 3901 68.0
60 3902 68.0
60 3903 68.0
60 3904 68.0
60 3905 68.0
60 3906 68.0
60 3907 68.0
60 3908 68.0
60 3909 68.0
60 3910 68.0
60 3911 68.0
60 3912 68.0
60 3913 68.0
60 3914 68.0
60 3915 68.0
60 3916 68.0
61 3917 68.0
61 3918 68.0
61 3919 68.0
61 3920 68.0
61 3921 68.0
61 3922 68.0
61 3923 68.0
61 3924 68.0
61 3925 68.0
61 3926 68.0
61 3927 68.0
61 3928 68.0
61 3929 68.0
61 3930 68.0
61 3931 68.0
61 3932 68.0
61 3933 68.0
61 3934 68.0
61 3935 68.0
61 3936 68.0
61 3937 68.0
61 3938 68.0
61 3939 68.0
61 3940 68.0
61 3941 68.0
61 3942 68.0
61 3943 68.0
61 3944 68.0
61 3945 68.0
61 3946 68.0
61 3947 68.0
61 3948 68.0
61 3949 68.0
61 3950 68.0
61 3951 68.0
61 3952 68.0
61 3953 68.0
61 3954 68.0
61 3955 68.0
61 3956 68.0
61 3957 68.0
61 3958 68.0
61 3959 68.0
61 3960 68.0
61 3961 68.0
61 3962 68.0
61 3963 68.0
61 3964 68.0
61 3965 68.0
61 3966 68.0
61 3967 68.0
61 3968 68.0
61 3969 68.0
61 3970 68.0
61 3971 68.0
61 3972 68.0
61 3973 68.0
61 3974 68.0
61 3975 68.0
61 3976 68.0
61 3977 68.0
61 3978 68.0
61 3979 68.0
61 3980 68.0
62 3981 68.0
62 3982 68.0
62 3983 68.0
62 3984 68.0
62 3985 68.0
62 3986 68.0
62 3987 68.0
62 3988 68.0
62 3989 68.0
62 3990 68.0
62 3991 68.0
62 3992 68.0
62 3993 68.0
62 3994 68.0
62 3995 68.0
62 3996 68.0
62 3997 68.0
62 3998 68.0
62 3999 68.0
62 4000 68.0
62 4001 68.0
62 4002 68.0
62 4003 68.0
62 4004 68.0
62 4005 68.0
62 4006 68.0
62 4007 68.0
62 4008 68.0
62 4009 68.0
62 4010 68.0
62 4011 68.0
62 4012 68.0
62 4013 68.0
62 4014 68.0
62 4015 68.0
62 4016 68.0
62 4017 68.0
62 4018 68.0
62 4019 68.0
62 4020 68.0
62 4021 68.0
62 4022 68.0
62 4023 68.0
62 4024 68.0
62 4025 68.0
62 4026 68.0
62 4027 68.0
62 4028 68.0
62 4029 68.0
62 4030 68.0
62 4031 68.0
62 4032 68.0
62 4033 68.0
62 4034 68.0
62 4035 68.0
62 4036 68.0
62 4037 68.0
62 4038 68.0
62 4039 68.0
62 4040 68.0
62 4041 68.0
62 4042 68.0
62 4043 68.0
62 4044 68.0
62 4045 68.0
62 4046 68.0
63 4047 68.0
63 4048 68.0
63 4049 68.0
63 4050 68.0
63 4051 68.0
63 4052 68.0
63 4053 68.0
63 4054 68.0
63 4055 68.0
63 4056 68.0
63 4057 68.0
63 4058 68.0
63 4059 68.0
63 4060 68.0
63 4061 68.0
63 4062 68.0
63 4063 68.0
63 4064 68.0
63 4065 68.0
63 4066 68.0
63 4067 68.0
63 4068 68.0
63 4069 68.0
63 4070 68.0
63 4071 68.0
63 4072 68.0
63 4073 68.0
63 4074 68.0
63 4075 68.0
63 4076 68.0
63 4077 68.0
63 4078 68.0
63 4079 68.0
63 4080 68.0
63 4081 68.0
63 4082 68.0
63 4083 68.0
63 4084 68.0
63 4085 68.0
63 4086 68.0
63 4087 68.0
63 4088 68.0
63 4089 68.0
63 4090 68.0
63 4091 68.0
63 4092 68.0
63 4093 68.0
63 4094 68.0
63 4095 68.0
63 4096 68.0
63 4097 68.0
63 4098 68.0
63 4099 68.0
63 4100 68.0
63 4101 68.0
63 4102 68.0
63 4103 68.0
63 4104 68.0
63 4105 68.0
63 4106 68.0
63 4107 68.0
63 4108 68.0
63 4109 68.0
63 4110 68.0
63 4111 68.0
63 4112 68.0
63 4113 68.0
63 4114 68.0
63 4115 68.0
64 4116 68.0
64 4117 68.0
64 4118 68.0
64 4119 68.0
64 4120 68.0
64 4121 68.0
64 4122 68.0
64 4123 68.0
64 4124 68.0
64 4125 68.0
64 4126 68.0
64 4127 68.0
64 4128 68.0
64 4129 68.0
64 4130 68.0
64 4131 68.0
64 4132 68.0
64 4133 68.0
64 4134 68.0
64 4135 68.0
64 4136 68.0
64 4137 68.0
64 4138 68.0
64 4139 68.0
64 4140 68.0
64 4141 68.0
64 4142 68.0
64 4143 68.0
64 4144 68.0
64 4145 68.0
64 4146 68.0
64 4147 68.0
64 4148 68.0
64 4149 68.0
64 4150 68.0
64 4151 68.0
64 4152 68.0
64 4153 68.0
64 4154 68.0
64 4155 68.0
64 4156 68.0
64 4157 68.0
64 4158 68.0
64 4159 68.0
64 4160 68.0
64 4161 68.0
64 4162 68.0
64 4163 68.0
64 4164 68.0
64 4165 68.0
64 4166 68.0
64 4167 68.0
64 4168 68.0
64 4169 68.0
64 4170 68.0
64 4171 68.0
64 4172 68.0
64 4173 68.0
64 4174 68.0
64 4175 68.0
64 4176 68.0
64 4177 68.0
64 4178 68.0
64 4179 68.0
64 4180 68.0
64 4181 68.0
65 4182 68.0
65 4183 68.0
65 4184 68.0
65 4185 68.0
65 4186 68.0
65 4187 68.0
65 4188 68.0
65 4189 68.0
65 4190 68.0
65 4191 68.0
65 4192 68.0
65 4193 68.0
65 4194 68.0
65 4195 68.0
65 4196 68.0
65 4197 68.0
65 4198 68.0
65 4199 68.0
65 4200 68.0
65 4201 68.0
65 4202 68.0
65 4203 68.0
65 4204 68.0
65 4205 68.0
65 4206 68.0
65 4207 68.0
65 4208 68.0
65 4209 68.0
65 4210 68.0
65 4211 68.0
65 4212 68.0
65 4213 68.0
65 4214 68.0
65 4215 68.0
65 4216 68.0
65 4217 68.0
65 4218 68.0
65 4219 68.0
65 4220 68.0
65 4221 68.0
65 4222 68.0
65 4223 68.0
65 4224 68.0
65 4225 68.0
65 4226 68.0
65 4227 68.0
65 4228 68.0
65 4229 68.0
65 4230 68.0
65 4231 68.0
65 4232 68.0
65 4233 68.0
65 4234 68.0
65 4235 68.0
65 4236 68.0
65 4237 68.0
65 4238 68.0
65 4239 68.0
65 4240 68.0
65 4241 68.0
65 4242 68.0
65 4243 68.0
65 4244 68.0
65 4245 68.0
65 4246 68.0
65 4247 68.0
65 4248 68.0
65 4249 68.0
65 4250 68.0
65 4251 68.0
65 4252 68.0
66 4253 68.0
66 4254 68.0
66 4255 68.0
66 4256 68.0
66 4257 68.0
66 4258 68.0
66 4259 68.0
66 4260 68.0
66 4261 68.0
66 4262 68.0
66 4263 68.0
66 4264 68.0
66 4265 68.0
66 4266 68.0
66 4267 68.0
66 4268 68.0
66 4269 68.0
66 4270 68.0
66 4271 68.0
66 4272 68.0
66 4273 68.0
66 4274 68.0
66 4275 68.0
66 4276 68.0
66 4277 68.0
66 4278 68.0
66 4279 68.0
66 4280 68.0
66 4281 68.0
66 4282 68.0
66 4283 68.0
66 4284 68.0
66 4285 68.0
66 4286 68.0
66 4287 68.0
66 4288 68.0
66 4289 68.0
66 4290 68.0
66 4291 68.0
66 4292 68.0
66 4293 68.0
66 4294 68.0
66 4295 68.0
66 4296 68.0
66 4297 68.0
66 4298 68.0
66 4299 68.0
66 4300 68.0
66 4301 68.0
66 4302 68.0
66 4303 68.0
66 4304 68.0
66 4305 68.0
66 4306 68.0
66 4307 68.0
66 4308 68.0
67 4309 68.0
67 4310 68.0
67 4311 68.0
67 4312 68.0
67 4313 68.0
67 4314 68.0
67 4315 68.0
67 4316 68.0
67 4317 68.0
67 4318 68.0
67 4319 68.0
67 4320 68.0
67 4321 68.0
67 4322 68.0
67 4323 68.0
67 4324 68.0
67 4325 68.0
67 4326 68.0
67 4327 68.0
67 4328 68.0
67 4329 68.0
67 4330 68.0
67 4331 68.0
67 4332 68.0
67 4333 68.0
67 4334 68.0
67 4335 68.0
67 4336 68.0
67 4337 68.0
67 4338 68.0
67 4339 68.0
67 4340 68.0
67 4341 68.0
67 4342 68.0
67 4343 68.0
67 4344 68.0
67 4345 68.0
67 4346 68.0
67 4347 68.0
67 4348 68.0
67 4349 68.0
67 4350 68.0
67 4351 68.0
67 4352 68.0
67 4353 68.0
67 4354 68.0
67 4355 68.0
67 4356 68.0
67 4357 68.0
67 4358 68.0
67 4359 68.0
67 4360 68.0
67 4361 68.0
67 4362 68.0
67 4363 68.0
67 4364 68.0
67 4365 68.0
67 4366 68.0
67 4367 68.0
67 4368 68.0
67 4369 68.0
67 4370 68.0
67 4371 68.0
67 4372 68.0
67 4373 68.0
67 4374 68.0
67 4375 68.0
67 4376 68.0
67 4377 68.0
67 4378 68.0
67 4379 68.0
67 4380 68.0
67 4381 68.0
67 4382 68.0
68 4383 68.0
68 4384 68.0
68 4385 68.0
68 4386 68.0
68 4387 68.0
68 4388 68.0
68 4389 68.0
68 4390 68.0
68 4391 68.0
68 4392 68.0
68 4393 68.0
68 4394 68.0
68 4395 68.0
68 4396 68.0
68 4397 68.0
68 4398 68.0
68 4399 68.0
68 4400 68.0
68 4401 68.0
68 4402 68.0
68 4403 68.0
68 4404 68.0
68 4405 68.0
68 4406 68.0
68 4407 68.0
68 4408 68.0
68 4409 68.0
68 4410 68.0
68 4411 68.0
68 4412 68.0
68 4413 68.0
68 4414 68.0
68 4415 68.0
68 4416 0.0
