0 1 31777.369999999995
0 2 27526.069999999996
0 3 25695.06
0 4 25102.300000000003
0 5 25102.300000000003
1 6 23750.42
1 7 23750.42
1 8 23750.42
1 9 23750.42
1 10 19436.39
1 11 19417.159999999996
1 12 19308.199999999997
1 13 19308.199999999997
1 14 19308.199999999997
1 15 19308.199999999997
1 16 19308.199999999997
1 17 19308.199999999997
1 18 19308.199999999997
1 19 19308.199999999997
1 20 19308.199999999997
1 21 19308.199999999997
1 22 18665.51
1 23 18665.51
1 24 18665.51
1 25 18665.51
1 26 18665.51
1 27 18665.51
1 28 18665.51
1 29 16909.35
1 30 16909.35
1 31 16909.35
1 32 16909.35
1 33 16909.35
1 34 16903.389999999996
1 35 16903.389999999996
1 36 16903.389999999996
1 37 16903.389999999996
1 38 16903.389999999996
1 39 16903.389999999996
1 40 16903.389999999996
1 41 16903.389999999996
1 42 16829.149999999998
1 43 16829.149999999998
1 44 16829.149999999998
1 45 16829.149999999998
1 46 16829.149999999998
1 47 16829.149999999998
1 48 16829.149999999998
1 49 16829.149999999998
1 50 16829.149999999998
1 51 16829.149999999998
1 52 16829.149999999998
1 53 16829.149999999998
1 54 16829.149999999998
1 55 16829.149999999998
1 56 16829.149999999998
1 57 16829.149999999998
1 58 16829.149999999998
1 59 16829.149999999998
1 60 16813.629999999997
1 61 16599.829999999998
1 62 16599.829999999998
1 63 16599.829999999998
1 64 16599.829999999998
1 65 16599.829999999998
1 66 16569.59
1 67 16569.59
1 68 16569.59
1 69 16569.59
1 70 16569.59
1 71 16569.59
1 72 16569.59
1 73 16569.59
2 74 16485.59
2 75 16485.59
2 76 16485.59
2 77 16485.59
2 78 16211.669999999998
2 79 16211.669999999998
2 80 16211.669999999998
2 81 16211.669999999998
2 82 16211.669999999998
2 83 16211.669999999998
2 84 16211.669999999998
2 85 16211.669999999998
2 86 16211.669999999998
2 87 16211.669999999998
2 88 16211.669999999998
2 89 16211.669999999998
2 90 16211.669999999998
2 91 16211.669999999998
2 92 16211.669999999998
2 93 16211.669999999998
2 94 16211.669999999998
2 95 16199.589999999997
2 96 16199.589999999997
2 97 16199.589999999997
2 98 16199.589999999997
2 99 16199.589999999997
2 100 16199.589999999997
2 101 16199.589999999997
2 102 16199.589999999997
2 103 16191.04
2 104 16191.04
2 105 16191.04
2 106 16191.04
2 107 16191.04
2 108 16191.04
2 109 16191.04
2 110 16191.04
2 111 16191.04
2 112 16114.709999999997
2 113 16114.709999999997
2 114 16070.439999999997
2 115 16070.439999999997
2 116 16070.439999999997
2 117 16070.439999999997
2 118 16070.439999999997
2 119 16070.439999999997
2 120 16013.599999999997
2 121 15973.429999999997
2 122 15973.429999999997
2 123 15973.429999999997
2 124 15973.429999999997
2 125 15973.429999999997
2 126 15968.229999999998
2 127 15968.229999999998
2 128 15968.229999999998
2 129 15968.229999999998
2 130 15968.229999999998
2 131 15495.939999999999
2 132 15495.939999999999
2 133 14315.710000000001
2 134 14315.710000000001
2 135 14315.710000000001
2 136 14315.710000000001
2 137 14315.710000000001
2 138 14315.710000000001
2 139 14315.710000000001
2 140 14315.710000000001
2 141 14315.710000000001
2 142 14289.87
2 143 14289.87
2 144 14289.87
2 145 14289.87
2 146 14289.87
2 147 14289.87
2 148 14289.87
2 149 14245.390000000001
2 150 14245.390000000001
2 151 14245.390000000001
2 152 14245.390000000001
2 153 13991.6
3 154 13991.6
3 155 13991.6
3 156 13991.6
3 157 13991.6
3 158 13987.830000000002
3 159 13987.830000000002
3 160 13987.830000000002
3 161 13968.6
3 162 13968.6
3 163 13968.6
3 164 13968.6
3 165 13968.6
3 166 13968.6
3 167 13968.6
3 168 13968.6
3 169 13968.6
3 170 13949.56
3 171 13949.56
3 172 13949.56
3 173 13949.56
3 174 13949.56
3 175 13949.56
3 176 13949.56
3 177 13949.56
3 178 13949.56
3 179 13529.729999999998
3 180 13529.729999999998
3 181 13529.729999999998
3 182 13529.729999999998
3 183 13529.729999999998
3 184 13529.729999999998
3 185 13529.729999999998
3 186 13529.729999999998
3 187 13408.769999999999
3 188 13408.769999999999
3 189 13408.769999999999
3 190 13394.17
3 191 13394.17
3 192 13394.17
3 193 13394.17
3 194 13394.17
3 195 13394.17
3 196 13394.17
3 197 13394.17
3 198 13394.17
3 199 13394.17
3 200 13394.17
3 201 13394.17
3 202 13330.17
3 203 13330.17
3 204 13330.17
3 205 13330.17
3 206 13330.17
3 207 13330.17
3 208 11998.97
3 209 11998.97
3 210 11998.97
3 211 11998.97
3 212 11998.97
3 213 11894.65
3 214 11894.65
3 215 11894.65
3 216 11894.65
3 217 11888.64
3 218 11888.64
3 219 11888.64
3 220 11888.64
3 221 10475.519999999999
3 222 10475.519999999999
3 223 10475.519999999999
3 224 10475.519999999999
3 225 10475.519999999999
3 226 10475.519999999999
3 227 10475.519999999999
3 228 10475.519999999999
3 229 10475.519999999999
3 230 10475.519999999999
3 231 10475.519999999999
3 232 10475.519999999999
3 233 10475.519999999999
3 234 10473.389999999998
4 235 10473.389999999998
4 236 10473.389999999998
4 237 10473.389999999998
4 238 10473.389999999998
4 239 10473.389999999998
4 240 10473.389999999998
4 241 10473.389999999998
4 242 10473.389999999998
4 243 10473.389999999998
4 244 10473.389999999998
4 245 10473.389999999998
4 246 10473.389999999998
4 247 10473.389999999998
4 248 10473.389999999998
4 249 10473.389999999998
4 250 10377.389999999998
4 251 10377.389999999998
4 252 10377.389999999998
4 253 10377.389999999998
4 254 10377.389999999998
4 255 10374.059999999998
4 256 10374.059999999998
4 257 10374.059999999998
4 258 10374.059999999998
4 259 10374.059999999998
4 260 10374.059999999998
4 261 10374.059999999998
4 262 10374.059999999998
4 263 10374.059999999998
4 264 10374.059999999998
4 265 10215.819999999998
4 266 10215.819999999998
4 267 10215.819999999998
4 268 9979.819999999998
4 269 9979.819999999998
4 270 9979.819999999998
4 271 9979.819999999998
4 272 9979.819999999998
4 273 9979.819999999998
4 274 9979.819999999998
4 275 9979.819999999998
4 276 9979.819999999998
4 277 9446.819999999998
4 278 9446.819999999998
4 279 9446.819999999998
4 280 9446.819999999998
4 281 9446.819999999998
4 282 9274.97
4 283 9274.97
4 284 9274.97
4 285 9274.97
4 286 9075.619999999999
4 287 9075.619999999999
4 288 9075.619999999999
4 289 9075.619999999999
4 290 9075.619999999999
4 291 9075.619999999999
4 292 9075.619999999999
4 293 9010.339999999998
4 294 9010.339999999998
4 295 9010.339999999998
4 296 8918.21
4 297 8918.21
4 298 8918.21
4 299 8918.21
4 300 8918.21
4 301 8918.21
4 302 8918.21
4 303 8918.21
4 304 8911.769999999999
4 305 8911.769999999999
4 306 8911.769999999999
4 307 8911.769999999999
4 308 8911.769999999999
4 309 8805.529999999999
4 310 8805.529999999999
4 311 8805.529999999999
4 312 8805.529999999999
4 313 8805.529999999999
4 314 8805.529999999999
4 315 8805.529999999999
4 316 8805.529999999999
4 317 8805.529999999999
5 318 8805.529999999999
5 319 8805.529999999999
5 320 8805.529999999999
5 321 8784.409999999998
5 322 8784.409999999998
5 323 8784.409999999998
5 324 8784.409999999998
5 325 8784.409999999998
5 326 8784.409999999998
5 327 8784.409999999998
5 328 8784.409999999998
5 329 8689.05
5 330 8689.05
5 331 8689.05
5 332 8689.05
5 333 8689.05
5 334 7885.56
5 335 7885.56
5 336 7885.56
5 337 7885.56
5 338 7885.56
5 339 7885.56
5 340 7885.56
5 341 7885.56
5 342 7885.56
5 343 7885.56
5 344 7885.56
5 345 7875.080000000001
5 346 7875.080000000001
5 347 7875.080000000001
5 348 7875.080000000001
5 349 7875.080000000001
5 350 7875.080000000001
5 351 7875.080000000001
5 352 7875.080000000001
5 353 7875.080000000001
5 354 7875.080000000001
5 355 7875.080000000001
5 356 7875.080000000001
5 357 7875.080000000001
5 358 7875.080000000001
5 359 7875.080000000001
5 360 7875.080000000001
5 361 7875.080000000001
5 362 7875.080000000001
5 363 7875.080000000001
5 364 7875.080000000001
5 365 7875.080000000001
5 366 7875.080000000001
5 367 7875.080000000001
5 368 7875.080000000001
5 369 7875.080000000001
5 370 7875.080000000001
5 371 7875.080000000001
5 372 7875.080000000001
5 373 7875.080000000001
5 374 7875.080000000001
5 375 7864.640000000001
5 376 7864.640000000001
5 377 7864.640000000001
5 378 7864.640000000001
5 379 7864.640000000001
5 380 7860.640000000001
5 381 7860.640000000001
5 382 7860.640000000001
5 383 7860.640000000001
5 384 7860.640000000001
5 385 7860.640000000001
5 386 7860.640000000001
5 387 7860.640000000001
5 388 7860.640000000001
5 389 7860.640000000001
5 390 7860.640000000001
5 391 7860.640000000001
5 392 7860.640000000001
5 393 7860.640000000001
5 394 7860.640000000001
5 395 7268.480000000001
5 396 7268.480000000001
5 397 7268.480000000001
5 398 7268.480000000001
5 399 7268.480000000001
5 400 7268.480000000001
6 401 7268.480000000001
6 402 7268.480000000001
6 403 7268.480000000001
6 404 7268.480000000001
6 405 7268.480000000001
6 406 7268.480000000001
6 407 7268.480000000001
6 408 7268.480000000001
6 409 7268.480000000001
6 410 7268.480000000001
6 411 7268.480000000001
6 412 7268.480000000001
6 413 7268.480000000001
6 414 7268.480000000001
6 415 7268.480000000001
6 416 7268.480000000001
6 417 7268.480000000001
6 418 7268.480000000001
6 419 7268.480000000001
6 420 7268.480000000001
6 421 7268.480000000001
6 422 7268.480000000001
6 423 7268.480000000001
6 424 7268.480000000001
6 425 7268.480000000001
6 426 7268.480000000001
6 427 7172.480000000001
6 428 7172.480000000001
6 429 7172.480000000001
6 430 7172.480000000001
6 431 7172.480000000001
6 432 7172.480000000001
6 433 7172.480000000001
6 434 7172.480000000001
6 435 7172.480000000001
6 436 7172.480000000001
6 437 7172.480000000001
6 438 7172.480000000001
6 439 7172.480000000001
6 440 7172.480000000001
6 441 6926.720000000001
6 442 6926.720000000001
6 443 6926.720000000001
6 444 6780.800000000001
6 445 6780.800000000001
6 446 6780.800000000001
6 447 6780.800000000001
6 448 6780.800000000001
6 449 6780.800000000001
6 450 6780.800000000001
6 451 6780.800000000001
6 452 6780.800000000001
6 453 6780.800000000001
6 454 6780.800000000001
6 455 6780.800000000001
6 456 6780.800000000001
6 457 6780.800000000001
6 458 6780.800000000001
6 459 6780.800000000001
6 460 6780.800000000001
6 461 6780.800000000001
6 462 6780.800000000001
6 463 6780.800000000001
6 464 6780.800000000001
6 465 6780.800000000001
6 466 6780.800000000001
6 467 6780.800000000001
6 468 6780.800000000001
6 469 6780.800000000001
6 470 6780.800000000001
6 471 6780.800000000001
6 472 6780.800000000001
6 473 6780.800000000001
6 474 6780.800000000001
6 475 6780.800000000001
6 476 6780.800000000001
6 477 6780.800000000001
6 478 6780.800000000001
6 479 6780.800000000001
6 480 6780.800000000001
6 481 6780.800000000001
6 482 6780.800000000001
6 483 6780.800000000001
6 484 6780.800000000001
6 485 6780.800000000001
7 486 6780.800000000001
7 487 6780.800000000001
7 488 6780.800000000001
7 489 6780.800000000001
7 490 6780.800000000001
7 491 6780.800000000001
7 492 6780.800000000001
7 493 6780.800000000001
7 494 6780.800000000001
7 495 6780.800000000001
7 496 6780.800000000001
7 497 6770.520000000001
7 498 6770.520000000001
7 499 6770.520000000001
7 500 6770.520000000001
7 501 6770.520000000001
7 502 6770.520000000001
7 503 6770.520000000001
7 504 6770.520000000001
7 505 6770.520000000001
7 506 6612.280000000002
7 507 6612.280000000002
7 508 6612.280000000002
7 509 6612.280000000002
7 510 6612.280000000002
7 511 6612.280000000002
7 512 6612.280000000002
7 513 6612.280000000002
7 514 6612.280000000002
7 515 6612.280000000002
7 516 6612.280000000002
7 517 6612.280000000002
7 518 6612.280000000002
7 519 6612.280000000002
7 520 6612.280000000002
7 521 6612.280000000002
7 522 6612.280000000002
7 523 6612.280000000002
7 524 6612.280000000002
7 525 6612.280000000002
7 526 6612.280000000002
7 527 6612.280000000002
7 528 6612.280000000002
7 529 6612.280000000002
7 530 6612.280000000002
7 531 6612.280000000002
7 532 6612.280000000002
7 533 6612.280000000002
7 534 6590.3600000000015
7 535 6590.3600000000015
7 536 6590.3600000000015
7 537 6590.3600000000015
7 538 6590.3600000000015
7 539 6590.3600000000015
7 540 6590.3600000000015
7 541 6590.3600000000015
7 542 6590.3600000000015
7 543 6590.3600000000015
7 544 6590.3600000000015
7 545 6590.3600000000015
7 546 6590.3600000000015
7 547 6590.3600000000015
7 548 6590.3600000000015
7 549 6572.920000000001
7 550 6553.64
7 551 6553.64
7 552 6553.64
7 553 6553.64
7 554 6551.55
7 555 6551.55
7 556 6551.55
7 557 6537.64
7 558 6537.64
7 559 6537.64
7 560 6537.64
7 561 6537.64
7 562 6537.64
7 563 6492.840000000001
7 564 6492.840000000001
7 565 6492.840000000001
7 566 6492.840000000001
8 567 6492.840000000001
8 568 6492.840000000001
8 569 6492.840000000001
8 570 6492.840000000001
8 571 6492.840000000001
8 572 6492.840000000001
8 573 6482.280000000001
8 574 6482.280000000001
8 575 6482.280000000001
8 576 6482.280000000001
8 577 6482.280000000001
8 578 6482.280000000001
8 579 6482.280000000001
8 580 6482.280000000001
8 581 6482.280000000001
8 582 6482.280000000001
8 583 6482.280000000001
8 584 6482.280000000001
8 585 6482.280000000001
8 586 6482.280000000001
8 587 6482.280000000001
8 588 6482.280000000001
8 589 6482.280000000001
8 590 6482.280000000001
8 591 6482.280000000001
8 592 6482.280000000001
8 593 6482.280000000001
8 594 6482.280000000001
8 595 6482.280000000001
8 596 6482.280000000001
8 597 6482.280000000001
8 598 6482.280000000001
8 599 6482.280000000001
8 600 6482.280000000001
8 601 6482.280000000001
8 602 6287.08
8 603 6287.08
8 604 6287.08
8 605 6287.08
8 606 6287.08
8 607 6287.08
8 608 6287.08
8 609 6251.880000000001
8 610 6251.880000000001
8 611 6251.880000000001
8 612 6251.880000000001
8 613 6251.880000000001
8 614 6251.880000000001
8 615 6247.68
8 616 6247.68
8 617 6247.68
8 618 6247.68
8 619 6247.68
8 620 6202.880000000001
8 621 6098.68
8 622 6098.68
8 623 6098.68
8 624 6098.68
8 625 6098.68
8 626 6098.68
8 627 6098.68
8 628 6098.68
8 629 6098.68
8 630 6098.68
8 631 6053.880000000001
8 632 6053.880000000001
8 633 6053.880000000001
8 634 6053.880000000001
8 635 6051.790000000001
8 636 6051.790000000001
8 637 6051.790000000001
8 638 6051.790000000001
8 639 6051.790000000001
8 640 6051.790000000001
8 641 6051.790000000001
8 642 6051.790000000001
8 643 5878.589999999999
8 644 5878.589999999999
8 645 5878.589999999999
8 646 5878.589999999999
9 647 5878.589999999999
9 648 5878.589999999999
9 649 5878.589999999999
9 650 5858.11
9 651 5858.11
9 652 5858.11
9 653 5858.11
9 654 5852.15
9 655 5852.15
9 656 5852.15
9 657 5852.15
9 658 5852.15
9 659 5852.15
9 660 5852.15
9 661 5852.15
9 662 5852.15
9 663 5852.15
9 664 5559.989999999999
9 665 5559.989999999999
9 666 5559.989999999999
9 667 5559.989999999999
9 668 5559.989999999999
9 669 5559.989999999999
9 670 5559.989999999999
9 671 5559.989999999999
9 672 5559.989999999999
9 673 5559.989999999999
9 674 5559.989999999999
9 675 5559.989999999999
9 676 5559.989999999999
9 677 5447.989999999999
9 678 5447.989999999999
9 679 5447.989999999999
9 680 5447.989999999999
9 681 5438.2300000000005
9 682 5437.349999999999
9 683 5413.429999999999
9 684 5413.429999999999
9 685 5413.429999999999
9 686 5413.429999999999
9 687 5413.429999999999
9 688 5413.429999999999
9 689 5413.429999999999
9 690 5413.429999999999
9 691 5413.429999999999
9 692 5413.429999999999
9 693 5413.429999999999
9 694 5413.429999999999
9 695 5413.429999999999
9 696 5413.429999999999
9 697 5413.429999999999
9 698 5413.429999999999
9 699 5413.429999999999
9 700 5413.429999999999
9 701 5413.429999999999
9 702 5413.429999999999
9 703 5413.429999999999
9 704 5413.429999999999
9 705 5413.429999999999
9 706 5413.429999999999
9 707 5413.429999999999
9 708 5413.429999999999
9 709 5413.429999999999
9 710 5413.429999999999
9 711 5413.429999999999
9 712 5413.429999999999
9 713 5413.429999999999
9 714 5413.429999999999
9 715 5413.429999999999
9 716 5413.429999999999
9 717 5413.429999999999
9 718 4319.280000000001
9 719 4319.280000000001
9 720 4319.280000000001
9 721 4319.280000000001
9 722 4319.280000000001
9 723 4319.280000000001
9 724 4319.280000000001
9 725 4319.280000000001
9 726 4319.280000000001
9 727 4319.280000000001
9 728 4319.280000000001
9 729 4319.280000000001
9 730 4319.280000000001
9 731 4319.280000000001
10 732 4319.280000000001
10 733 4319.280000000001
10 734 4319.280000000001
10 735 4319.280000000001
10 736 4319.280000000001
10 737 4319.280000000001
10 738 4319.280000000001
10 739 4319.280000000001
10 740 4319.280000000001
10 741 4319.280000000001
10 742 4319.280000000001
10 743 4319.280000000001
10 744 4319.280000000001
10 745 4319.280000000001
10 746 4319.280000000001
10 747 4319.280000000001
10 748 4292.880000000001
10 749 4292.880000000001
10 750 4292.880000000001
10 751 4292.880000000001
10 752 4292.880000000001
10 753 4292.880000000001
10 754 4292.880000000001
10 755 4292.880000000001
10 756 4292.880000000001
10 757 4292.880000000001
10 758 4287.110000000001
10 759 4287.110000000001
10 760 4287.110000000001
10 761 4287.110000000001
10 762 4287.110000000001
10 763 4287.110000000001
10 764 4287.110000000001
10 765 4287.110000000001
10 766 4287.110000000001
10 767 4219.110000000001
10 768 4219.110000000001
10 769 4219.110000000001
10 770 4219.110000000001
10 771 4219.110000000001
10 772 4219.110000000001
10 773 4219.110000000001
10 774 4217.4400000000005
10 775 4217.4400000000005
10 776 4217.4400000000005
10 777 4217.4400000000005
10 778 4214.870000000001
10 779 4214.870000000001
10 780 4214.870000000001
10 781 4214.870000000001
10 782 4214.870000000001
10 783 4214.870000000001
10 784 4214.870000000001
10 785 4214.870000000001
10 786 4214.870000000001
10 787 4214.870000000001
10 788 4214.870000000001
10 789 4214.870000000001
10 790 4214.870000000001
10 791 4214.870000000001
10 792 4214.870000000001
10 793 4214.870000000001
10 794 4214.870000000001
10 795 4214.870000000001
10 796 4214.870000000001
10 797 4185.85
10 798 4185.85
10 799 4185.85
10 800 4185.85
10 801 4185.85
10 802 4185.85
10 803 4185.85
10 804 4185.85
10 805 4185.85
10 806 4185.85
10 807 4185.85
10 808 4185.85
10 809 4185.85
10 810 4141.35
10 811 4141.35
11 812 4141.35
11 813 4141.35
11 814 4134.870000000001
11 815 4134.870000000001
11 816 4134.870000000001
11 817 4134.870000000001
11 818 4134.870000000001
11 819 4134.870000000001
11 820 4134.870000000001
11 821 3981.0499999999997
11 822 3981.0499999999997
11 823 3981.0499999999997
11 824 3981.0499999999997
11 825 3981.0499999999997
11 826 3981.0499999999997
11 827 3981.0499999999997
11 828 3981.0499999999997
11 829 3859.4500000000003
11 830 3859.4500000000003
11 831 3859.4500000000003
11 832 3859.4500000000003
11 833 3859.4500000000003
11 834 3859.4500000000003
11 835 3859.4500000000003
11 836 3859.4500000000003
11 837 3859.4500000000003
11 838 3859.4500000000003
11 839 3859.4500000000003
11 840 3859.4500000000003
11 841 3859.4500000000003
11 842 3859.4500000000003
11 843 3859.4500000000003
11 844 3859.4500000000003
11 845 3859.4500000000003
11 846 3859.4500000000003
11 847 3859.4500000000003
11 848 3859.4500000000003
11 849 3859.4500000000003
11 850 3859.4500000000003
11 851 3859.4500000000003
11 852 3859.4500000000003
11 853 3859.4500000000003
11 854 3859.4500000000003
11 855 3859.4500000000003
11 856 3859.4500000000003
11 857 3859.4500000000003
11 858 3859.4500000000003
11 859 3859.4500000000003
11 860 3859.4500000000003
11 861 3859.4500000000003
11 862 3859.4500000000003
11 863 3474.5100000000007
11 864 3474.5100000000007
11 865 3474.5100000000007
11 866 3474.5100000000007
11 867 3474.5100000000007
11 868 3474.5100000000007
11 869 3474.5100000000007
11 870 3310.6700000000005
11 871 3310.6700000000005
11 872 3310.6700000000005
11 873 3310.6700000000005
11 874 3266.1900000000005
11 875 3266.1900000000005
11 876 3266.1900000000005
11 877 3266.1900000000005
11 878 3266.1900000000005
11 879 3266.1900000000005
11 880 3266.1900000000005
11 881 3266.1900000000005
11 882 3266.1900000000005
11 883 3266.1900000000005
11 884 3266.1900000000005
11 885 3266.1900000000005
11 886 3266.1900000000005
11 887 3266.1900000000005
11 888 3266.1900000000005
11 889 3266.1900000000005
11 890 3266.1900000000005
11 891 3266.1900000000005
12 892 3266.1900000000005
12 893 3266.1900000000005
12 894 3266.1900000000005
12 895 3266.1900000000005
12 896 3266.1900000000005
12 897 3266.1900000000005
12 898 3266.1900000000005
12 899 3266.1900000000005
12 900 3266.1900000000005
12 901 3266.1900000000005
12 902 3266.1900000000005
12 903 3266.1900000000005
12 904 3266.1900000000005
12 905 3266.1900000000005
12 906 3266.1900000000005
12 907 3266.1900000000005
12 908 3266.1900000000005
12 909 3266.1900000000005
12 910 3266.1900000000005
12 911 3266.1900000000005
12 912 3266.1900000000005
12 913 3266.1900000000005
12 914 3266.1900000000005
12 915 3266.1900000000005
12 916 3266.1900000000005
12 917 3266.1900000000005
12 918 3266.1900000000005
12 919 3266.1900000000005
12 920 3266.1900000000005
12 921 3266.1900000000005
12 922 3262.1900000000005
12 923 3262.1900000000005
12 924 3262.1900000000005
12 925 3262.1900000000005
12 926 3262.1900000000005
12 927 3262.1900000000005
12 928 3262.1900000000005
12 929 3262.1900000000005
12 930 3262.1900000000005
12 931 3262.1900000000005
12 932 3262.1900000000005
12 933 3262.1900000000005
12 934 3262.1900000000005
12 935 3262.1900000000005
12 936 3262.1900000000005
12 937 3262.1900000000005
12 938 3262.1900000000005
12 939 3262.1900000000005
12 940 3262.1900000000005
12 941 3262.1900000000005
12 942 3262.1900000000005
12 943 3262.1900000000005
12 944 3262.1900000000005
12 945 3262.1900000000005
12 946 3262.1900000000005
12 947 3262.1900000000005
12 948 3262.1900000000005
12 949 3262.1900000000005
12 950 3262.1900000000005
12 951 3262.1900000000005
12 952 3262.1900000000005
12 953 3262.1900000000005
12 954 3262.1900000000005
12 955 3262.1900000000005
12 956 3262.1900000000005
12 957 3262.1900000000005
12 958 3262.1900000000005
12 959 3262.1900000000005
12 960 3262.1900000000005
12 961 3262.1900000000005
12 962 3262.1900000000005
12 963 3262.1900000000005
13 964 3262.1900000000005
13 965 3262.1900000000005
13 966 3262.1900000000005
13 967 3262.1900000000005
13 968 3262.1900000000005
13 969 3262.1900000000005
13 970 3262.1900000000005
13 971 3262.1900000000005
13 972 3262.1900000000005
13 973 3262.1900000000005
13 974 3262.1900000000005
13 975 3262.1900000000005
13 976 3262.1900000000005
13 977 3262.1900000000005
13 978 3262.1900000000005
13 979 3262.1900000000005
13 980 3262.1900000000005
13 981 3262.1900000000005
13 982 3262.1900000000005
13 983 3262.1900000000005
13 984 3262.1900000000005
13 985 3258.9800000000005
13 986 3258.9800000000005
13 987 3258.9800000000005
13 988 3258.9800000000005
13 989 3258.9800000000005
13 990 3258.9800000000005
13 991 3258.9800000000005
13 992 3258.9800000000005
13 993 3258.9800000000005
13 994 3258.9800000000005
13 995 3258.9800000000005
13 996 3258.9800000000005
13 997 3258.9800000000005
13 998 3258.9800000000005
13 999 3258.9800000000005
13 1000 3258.9800000000005
13 1001 3258.9800000000005
13 1002 3258.9800000000005
13 1003 3258.9800000000005
13 1004 3258.9800000000005
13 1005 3250.9800000000005
13 1006 3250.9800000000005
13 1007 3250.9800000000005
13 1008 3250.9800000000005
13 1009 3250.9800000000005
13 1010 3250.9800000000005
13 1011 3250.9800000000005
13 1012 3250.9800000000005
13 1013 3250.9800000000005
13 1014 3250.9800000000005
13 1015 3250.9800000000005
13 1016 3250.9800000000005
13 1017 3250.9800000000005
13 1018 3250.9800000000005
13 1019 3250.9800000000005
13 1020 3248.3700000000003
13 1021 3248.3700000000003
13 1022 3248.3700000000003
13 1023 3226.4500000000003
13 1024 3226.4500000000003
13 1025 3226.4500000000003
13 1026 3226.4500000000003
13 1027 3226.4500000000003
13 1028 3226.4500000000003
13 1029 3226.4500000000003
13 1030 3226.4500000000003
13 1031 3226.4500000000003
13 1032 3226.4500000000003
13 1033 3226.4500000000003
13 1034 3226.4500000000003
13 1035 3226.4500000000003
13 1036 3226.4500000000003
13 1037 3226.4500000000003
13 1038 3226.4500000000003
13 1039 3226.4500000000003
13 1040 3226.4500000000003
13 1041 3226.4500000000003
13 1042 3226.4500000000003
13 1043 3226.4500000000003
14 1044 3226.4500000000003
14 1045 3226.4500000000003
14 1046 3226.4500000000003
14 1047 3226.4500000000003
14 1048 3226.4500000000003
14 1049 3226.4500000000003
14 1050 3226.4500000000003
14 1051 3226.4500000000003
14 1052 3226.4500000000003
14 1053 3052.3700000000003
14 1054 3052.3700000000003
14 1055 3052.3700000000003
14 1056 3052.3700000000003
14 1057 3052.3700000000003
14 1058 3052.3700000000003
14 1059 3052.3700000000003
14 1060 3052.3700000000003
14 1061 3052.3700000000003
14 1062 3052.3700000000003
14 1063 3052.3700000000003
14 1064 3052.3700000000003
14 1065 3052.3700000000003
14 1066 3052.3700000000003
14 1067 3052.3700000000003
14 1068 3052.3700000000003
14 1069 3052.3700000000003
14 1070 3052.3700000000003
14 1071 3052.3700000000003
14 1072 3020.3700000000003
14 1073 3020.3700000000003
14 1074 3020.3700000000003
14 1075 3020.3700000000003
14 1076 3020.3700000000003
14 1077 3020.3700000000003
14 1078 3020.3700000000003
14 1079 3020.3700000000003
14 1080 3020.3700000000003
14 1081 3020.3700000000003
14 1082 3020.3700000000003
14 1083 3020.3700000000003
14 1084 3020.3700000000003
14 1085 3020.3700000000003
14 1086 3020.3700000000003
14 1087 3020.3700000000003
14 1088 3020.3700000000003
14 1089 3020.3700000000003
14 1090 3020.3700000000003
14 1091 3020.3700000000003
14 1092 3020.3700000000003
14 1093 3020.3700000000003
14 1094 3020.3700000000003
14 1095 3020.3700000000003
14 1096 3020.3700000000003
14 1097 3020.3700000000003
14 1098 3019.3700000000003
14 1099 3019.3700000000003
14 1100 3019.3700000000003
14 1101 3019.3700000000003
14 1102 3019.3700000000003
14 1103 3019.3700000000003
14 1104 3019.3700000000003
14 1105 3019.3700000000003
14 1106 3019.3700000000003
14 1107 3019.3700000000003
14 1108 3019.3700000000003
14 1109 3019.3700000000003
14 1110 3019.3700000000003
14 1111 3019.3700000000003
14 1112 3019.3700000000003
14 1113 3019.3700000000003
14 1114 3019.3700000000003
14 1115 3019.3700000000003
14 1116 3019.3700000000003
14 1117 3019.3700000000003
14 1118 3019.3700000000003
14 1119 3019.3700000000003
14 1120 3019.3700000000003
14 1121 3019.3700000000003
14 1122 3019.3700000000003
14 1123 3019.3700000000003
14 1124 3019.3700000000003
14 1125 3019.3700000000003
14 1126 3019.3700000000003
14 1127 3012.8300000000004
15 1128 3012.8300000000004
15 1129 3012.8300000000004
15 1130 3012.8300000000004
15 1131 3012.8300000000004
15 1132 3012.8300000000004
15 1133 2975.85
15 1134 2975.85
15 1135 2975.85
15 1136 2975.85
15 1137 2975.85
15 1138 2975.85
15 1139 2975.85
15 1140 2975.85
15 1141 2975.85
15 1142 2975.85
15 1143 2975.85
15 1144 2975.85
15 1145 2975.85
15 1146 2975.85
15 1147 2975.85
15 1148 2975.85
15 1149 2975.85
15 1150 2975.85
15 1151 2965.37
15 1152 2965.37
15 1153 2361.67
15 1154 2361.67
15 1155 2361.67
15 1156 2361.67
15 1157 2361.67
15 1158 2361.67
15 1159 2361.67
15 1160 2361.67
15 1161 2361.67
15 1162 2361.67
15 1163 2361.67
15 1164 2361.67
15 1165 2361.67
15 1166 2361.67
15 1167 2361.67
15 1168 2361.67
15 1169 2361.67
15 1170 2361.67
15 1171 2361.67
15 1172 2361.67
15 1173 2361.67
15 1174 2361.67
15 1175 2361.67
15 1176 2361.67
15 1177 2361.67
15 1178 2340.5499999999997
15 1179 2340.5499999999997
15 1180 2340.5499999999997
15 1181 2340.5499999999997
15 1182 2340.5499999999997
15 1183 2308.5499999999997
15 1184 2308.5499999999997
15 1185 2308.5499999999997
15 1186 2308.5499999999997
15 1187 2308.5499999999997
15 1188 2308.5499999999997
15 1189 2308.5499999999997
15 1190 2308.5499999999997
15 1191 2308.5499999999997
15 1192 2308.5499999999997
15 1193 2308.5499999999997
15 1194 2308.5499999999997
15 1195 2308.5499999999997
15 1196 2308.5499999999997
15 1197 2308.5499999999997
15 1198 2308.5499999999997
15 1199 2308.5499999999997
15 1200 2308.5499999999997
15 1201 2308.5499999999997
15 1202 2308.5499999999997
16 1203 2308.5499999999997
16 1204 2308.5499999999997
16 1205 2308.5499999999997
16 1206 2305.2999999999997
16 1207 2305.2999999999997
16 1208 2305.2999999999997
16 1209 2305.2999999999997
16 1210 2305.2999999999997
16 1211 2305.2999999999997
16 1212 2305.2999999999997
16 1213 2305.2999999999997
16 1214 2305.2999999999997
16 1215 2305.2999999999997
16 1216 2304.2999999999997
16 1217 2304.2999999999997
16 1218 2304.2999999999997
16 1219 2304.2999999999997
16 1220 2304.2999999999997
16 1221 2304.2999999999997
16 1222 2304.2999999999997
16 1223 2304.2999999999997
16 1224 2304.2999999999997
16 1225 2304.2999999999997
16 1226 2304.2999999999997
16 1227 2304.2999999999997
16 1228 2304.2999999999997
16 1229 2304.2999999999997
16 1230 2304.2999999999997
16 1231 2304.2999999999997
16 1232 2304.2999999999997
16 1233 2304.2999999999997
16 1234 2304.2999999999997
16 1235 2304.2999999999997
16 1236 2304.2999999999997
16 1237 2304.2999999999997
16 1238 2304.2999999999997
16 1239 2304.2999999999997
16 1240 2304.2999999999997
16 1241 2304.2999999999997
16 1242 2304.2999999999997
16 1243 2304.2999999999997
16 1244 2304.2999999999997
16 1245 2304.2999999999997
16 1246 2304.2999999999997
16 1247 2304.2999999999997
16 1248 2304.2999999999997
16 1249 2304.2999999999997
16 1250 2304.2999999999997
16 1251 2304.2999999999997
16 1252 2304.2999999999997
16 1253 2304.2999999999997
16 1254 2304.2999999999997
16 1255 2304.2999999999997
16 1256 2304.2999999999997
16 1257 2304.2999999999997
16 1258 2304.2999999999997
16 1259 2304.2999999999997
16 1260 2304.2999999999997
16 1261 2304.2999999999997
16 1262 2304.2999999999997
16 1263 2304.2999999999997
16 1264 2304.2999999999997
16 1265 2304.2999999999997
16 1266 2260.7799999999997
16 1267 2260.7799999999997
16 1268 2260.7799999999997
16 1269 2260.7799999999997
16 1270 2260.7799999999997
16 1271 2227.5899999999997
16 1272 2227.5899999999997
16 1273 2227.5899999999997
16 1274 2227.5899999999997
16 1275 2227.5899999999997
16 1276 2227.5899999999997
16 1277 2227.5899999999997
16 1278 2227.5899999999997
16 1279 2227.5899999999997
16 1280 2227.5899999999997
17 1281 2227.5899999999997
17 1282 2227.5899999999997
17 1283 2227.5899999999997
17 1284 2227.5899999999997
17 1285 2227.5899999999997
17 1286 2227.5899999999997
17 1287 2227.5899999999997
17 1288 2227.5899999999997
17 1289 2227.5899999999997
17 1290 2227.5899999999997
17 1291 2227.5899999999997
17 1292 2227.5899999999997
17 1293 2227.5899999999997
17 1294 2227.5899999999997
17 1295 2227.5899999999997
17 1296 2227.5899999999997
17 1297 2227.5899999999997
17 1298 2227.5899999999997
17 1299 2214.5499999999997
17 1300 2214.5499999999997
17 1301 2214.5499999999997
17 1302 2214.5499999999997
17 1303 2214.5499999999997
17 1304 2087.94
17 1305 2087.94
17 1306 2087.94
17 1307 2087.94
17 1308 2087.94
17 1309 2087.94
17 1310 2087.94
17 1311 2087.94
17 1312 2087.94
17 1313 2087.94
17 1314 2087.94
17 1315 2087.94
17 1316 2087.94
17 1317 2087.94
17 1318 2043.7800000000002
17 1319 2043.7800000000002
17 1320 2043.7800000000002
17 1321 2043.7800000000002
17 1322 2043.7800000000002
17 1323 2043.7800000000002
17 1324 2043.7800000000002
17 1325 2043.7800000000002
17 1326 2043.7800000000002
17 1327 2043.7800000000002
17 1328 2043.7800000000002
17 1329 2043.7800000000002
17 1330 2043.7800000000002
17 1331 2043.7800000000002
17 1332 2043.7800000000002
17 1333 2043.7800000000002
17 1334 2043.7800000000002
17 1335 2043.7800000000002
17 1336 2043.7800000000002
17 1337 2043.7800000000002
17 1338 2043.7800000000002
17 1339 2043.7800000000002
17 1340 2043.7800000000002
17 1341 2043.7800000000002
17 1342 2043.7800000000002
17 1343 1913.39
17 1344 1913.39
17 1345 1913.39
17 1346 1913.39
17 1347 1913.39
17 1348 1913.39
17 1349 1913.39
17 1350 1913.39
17 1351 1913.39
17 1352 1913.39
17 1353 1913.39
17 1354 1913.39
17 1355 1913.39
17 1356 1913.39
17 1357 1913.39
17 1358 1913.39
17 1359 1913.39
17 1360 1913.39
18 1361 1913.39
18 1362 1913.39
18 1363 1913.39
18 1364 1913.39
18 1365 1913.39
18 1366 1913.39
18 1367 1913.39
18 1368 1913.39
18 1369 1913.39
18 1370 1913.39
18 1371 1913.39
18 1372 1913.39
18 1373 1913.39
18 1374 1913.39
18 1375 1913.39
18 1376 1913.39
18 1377 1913.39
18 1378 1913.39
18 1379 1913.39
18 1380 1913.39
18 1381 1913.39
18 1382 1913.39
18 1383 1913.39
18 1384 1913.39
18 1385 1913.39
18 1386 1913.39
18 1387 1913.39
18 1388 1913.39
18 1389 1913.39
18 1390 1913.39
18 1391 1913.39
18 1392 1913.39
18 1393 1913.39
18 1394 1913.39
18 1395 1913.39
18 1396 1913.39
18 1397 1913.39
18 1398 1913.39
18 1399 1913.39
18 1400 1913.39
18 1401 1913.39
18 1402 1913.39
18 1403 1913.39
18 1404 1898.9900000000002
18 1405 1259.63
18 1406 1259.63
18 1407 1259.63
18 1408 1259.63
18 1409 1259.63
18 1410 1259.63
18 1411 1259.63
18 1412 1259.63
18 1413 1259.63
18 1414 1259.63
18 1415 1259.63
18 1416 1259.63
18 1417 1259.63
18 1418 1259.63
18 1419 1259.63
18 1420 1259.63
18 1421 1259.63
18 1422 1259.63
18 1423 1259.63
18 1424 1259.63
18 1425 1257.54
18 1426 1257.54
18 1427 1257.54
18 1428 1257.54
18 1429 1257.54
18 1430 1257.54
18 1431 1257.54
18 1432 1257.54
18 1433 1257.54
18 1434 1257.54
18 1435 1257.54
18 1436 1257.54
18 1437 1257.54
18 1438 1257.54
18 1439 1257.54
19 1440 1257.54
19 1441 1257.54
19 1442 1257.54
19 1443 1257.54
19 1444 1257.54
19 1445 1257.54
19 1446 1257.54
19 1447 1257.54
19 1448 1257.54
19 1449 1257.54
19 1450 1257.54
19 1451 1257.54
19 1452 1257.54
19 1453 1257.54
19 1454 1257.54
19 1455 1257.54
19 1456 1257.54
19 1457 1257.54
19 1458 1257.54
19 1459 1257.54
19 1460 1257.54
19 1461 1257.54
19 1462 1257.54
19 1463 1257.54
19 1464 1257.54
19 1465 1257.54
19 1466 1257.54
19 1467 1257.54
19 1468 1257.54
19 1469 1257.54
19 1470 1257.54
19 1471 1257.54
19 1472 1257.54
19 1473 1257.54
19 1474 1257.54
19 1475 1257.54
19 1476 1257.54
19 1477 1257.54
19 1478 1257.54
19 1479 1257.54
19 1480 1257.54
19 1481 1257.54
19 1482 1257.54
19 1483 1257.54
19 1484 1257.54
19 1485 1257.54
19 1486 1257.54
19 1487 1257.54
19 1488 1257.54
19 1489 1257.54
19 1490 1257.54
19 1491 1257.54
19 1492 1257.54
19 1493 1257.54
19 1494 1257.54
19 1495 1257.54
19 1496 1257.54
19 1497 1257.54
19 1498 1257.54
19 1499 1257.54
19 1500 1257.54
19 1501 1257.54
19 1502 1257.54
19 1503 1257.54
19 1504 1257.54
19 1505 1257.54
19 1506 1257.54
19 1507 1257.54
19 1508 1257.54
19 1509 1257.54
19 1510 1257.54
19 1511 1257.54
19 1512 1257.54
19 1513 1257.54
19 1514 1257.54
19 1515 1257.54
20 1516 1257.54
20 1517 1257.54
20 1518 1257.54
20 1519 1257.54
20 1520 1241.54
20 1521 1241.54
20 1522 1241.54
20 1523 1241.54
20 1524 1241.54
20 1525 1241.54
20 1526 1241.54
20 1527 1241.54
20 1528 1241.54
20 1529 1241.54
20 1530 1241.54
20 1531 1241.54
20 1532 1241.54
20 1533 1241.54
20 1534 1241.54
20 1535 1241.54
20 1536 1241.54
20 1537 1241.54
20 1538 1241.54
20 1539 1241.54
20 1540 1241.54
20 1541 1241.54
20 1542 1241.54
20 1543 1241.54
20 1544 1239.29
20 1545 1239.29
20 1546 1239.29
20 1547 1239.29
20 1548 1239.29
20 1549 1239.29
20 1550 1239.29
20 1551 1239.29
20 1552 1239.29
20 1553 1239.29
20 1554 1239.29
20 1555 1239.29
20 1556 1239.29
20 1557 1239.29
20 1558 1239.29
20 1559 1239.29
20 1560 1239.29
20 1561 1239.29
20 1562 1239.29
20 1563 1239.29
20 1564 1239.29
20 1565 1239.29
20 1566 1239.29
20 1567 1239.29
20 1568 1239.29
20 1569 1239.29
20 1570 1239.29
20 1571 1239.29
20 1572 1239.29
20 1573 1239.29
20 1574 1239.29
20 1575 1239.29
20 1576 1239.29
20 1577 1239.29
20 1578 1239.29
20 1579 1239.29
20 1580 1239.29
20 1581 1239.29
20 1582 1239.29
20 1583 1239.29
20 1584 1239.29
20 1585 1239.29
20 1586 1239.29
20 1587 1239.29
20 1588 1239.29
20 1589 1239.29
20 1590 1239.29
20 1591 1239.29
20 1592 1239.29
20 1593 1239.29
20 1594 1239.29
20 1595 1239.29
20 1596 1239.29
20 1597 1239.29
20 1598 1239.29
20 1599 1239.29
20 1600 1239.29
21 1601 1239.29
21 1602 1239.29
21 1603 1239.29
21 1604 1096.2600000000002
21 1605 1096.2600000000002
21 1606 1080.2600000000002
21 1607 1080.2600000000002
21 1608 1080.2600000000002
21 1609 1080.2600000000002
21 1610 1080.2600000000002
21 1611 1080.2600000000002
21 1612 1080.2600000000002
21 1613 1080.2600000000002
21 1614 1080.2600000000002
21 1615 1080.2600000000002
21 1616 1080.2600000000002
21 1617 1080.2600000000002
21 1618 1080.2600000000002
21 1619 1080.2600000000002
21 1620 1080.2600000000002
21 1621 1080.2600000000002
21 1622 1076.2600000000002
21 1623 1076.2600000000002
21 1624 1076.2600000000002
21 1625 1076.2600000000002
21 1626 1076.2600000000002
21 1627 1076.2600000000002
21 1628 1076.2600000000002
21 1629 1076.2600000000002
21 1630 1076.2600000000002
21 1631 1076.2600000000002
21 1632 1076.2600000000002
21 1633 1076.2600000000002
21 1634 1076.2600000000002
21 1635 1076.2600000000002
21 1636 1076.2600000000002
21 1637 1076.2600000000002
21 1638 1076.2600000000002
21 1639 1076.2600000000002
21 1640 1076.2600000000002
21 1641 1076.2600000000002
21 1642 1076.2600000000002
21 1643 1076.2600000000002
21 1644 1076.2600000000002
21 1645 1076.2600000000002
21 1646 1076.2600000000002
21 1647 1076.2600000000002
21 1648 1076.2600000000002
21 1649 1076.2600000000002
21 1650 1076.2600000000002
21 1651 1076.2600000000002
21 1652 1076.2600000000002
21 1653 1076.2600000000002
21 1654 1076.2600000000002
21 1655 1076.2600000000002
21 1656 1076.2600000000002
21 1657 1076.2600000000002
21 1658 1076.2600000000002
21 1659 1076.2600000000002
21 1660 1076.2600000000002
21 1661 1076.2600000000002
21 1662 1076.2600000000002
21 1663 1076.2600000000002
21 1664 1076.2600000000002
21 1665 1073.88
21 1666 1073.88
21 1667 1073.88
21 1668 1073.88
21 1669 1073.88
21 1670 1073.88
21 1671 1073.88
21 1672 1073.88
21 1673 1073.88
21 1674 1073.88
21 1675 1073.88
21 1676 1073.88
21 1677 1073.88
21 1678 1073.88
21 1679 1073.88
21 1680 1073.88
21 1681 1073.88
22 1682 1073.88
22 1683 1073.88
22 1684 1073.88
22 1685 1073.88
22 1686 1073.88
22 1687 1073.88
22 1688 1073.88
22 1689 1073.88
22 1690 1073.88
22 1691 1073.88
22 1692 1073.88
22 1693 1073.88
22 1694 1073.88
22 1695 1073.88
22 1696 1073.88
22 1697 1073.88
22 1698 1073.88
22 1699 1073.88
22 1700 1073.88
22 1701 1073.88
22 1702 1073.88
22 1703 1073.88
22 1704 1073.88
22 1705 1073.88
22 1706 1073.88
22 1707 1073.88
22 1708 1073.88
22 1709 1073.88
22 1710 1073.88
22 1711 1073.88
22 1712 1073.88
22 1713 1073.88
22 1714 1073.88
22 1715 1073.88
22 1716 1073.88
22 1717 1073.88
22 1718 1058.1399999999999
22 1719 1058.1399999999999
22 1720 1058.1399999999999
22 1721 1058.1399999999999
22 1722 1058.1399999999999
22 1723 1058.1399999999999
22 1724 1058.1399999999999
22 1725 994.14
22 1726 994.14
22 1727 994.14
22 1728 994.14
22 1729 994.14
22 1730 994.14
22 1731 994.14
22 1732 994.14
22 1733 994.14
22 1734 994.14
22 1735 925.32
22 1736 925.32
22 1737 925.32
22 1738 925.32
22 1739 925.32
22 1740 925.32
22 1741 925.32
22 1742 925.32
22 1743 925.32
22 1744 925.32
22 1745 925.32
22 1746 925.32
22 1747 925.32
22 1748 925.32
22 1749 925.32
22 1750 925.32
22 1751 925.32
22 1752 925.32
22 1753 925.32
22 1754 925.32
22 1755 925.32
22 1756 925.32
22 1757 925.32
22 1758 925.32
22 1759 925.32
22 1760 925.32
22 1761 925.32
22 1762 925.32
22 1763 925.32
22 1764 925.32
22 1765 925.32
23 1766 925.32
23 1767 925.32
23 1768 925.32
23 1769 925.32
23 1770 925.32
23 1771 925.32
23 1772 925.32
23 1773 925.32
23 1774 925.32
23 1775 925.32
23 1776 925.32
23 1777 925.32
23 1778 925.32
23 1779 925.32
23 1780 925.32
23 1781 925.32
23 1782 925.32
23 1783 925.32
23 1784 925.32
23 1785 925.32
23 1786 925.32
23 1787 925.32
23 1788 925.32
23 1789 925.32
23 1790 925.32
23 1791 925.32
23 1792 925.32
23 1793 925.32
23 1794 925.32
23 1795 925.32
23 1796 925.32
23 1797 925.32
23 1798 925.32
23 1799 925.32
23 1800 925.32
23 1801 925.32
23 1802 925.32
23 1803 925.32
23 1804 925.32
23 1805 925.32
23 1806 925.32
23 1807 925.32
23 1808 925.32
23 1809 925.32
23 1810 925.32
23 1811 925.32
23 1812 925.32
23 1813 925.32
23 1814 925.32
23 1815 925.32
23 1816 925.32
23 1817 925.32
23 1818 925.32
23 1819 925.32
23 1820 925.32
23 1821 925.32
23 1822 925.32
23 1823 925.32
23 1824 925.32
23 1825 925.32
23 1826 925.32
23 1827 925.32
23 1828 925.32
23 1829 925.32
23 1830 925.32
23 1831 925.32
23 1832 925.32
23 1833 925.32
23 1834 925.32
23 1835 925.32
23 1836 925.32
23 1837 925.32
23 1838 925.32
23 1839 925.32
23 1840 925.32
23 1841 925.32
23 1842 925.32
23 1843 925.32
23 1844 925.32
23 1845 925.32
23 1846 925.32
23 1847 925.32
23 1848 925.32
23 1849 925.32
23 1850 925.32
24 1851 925.32
24 1852 925.32
24 1853 925.32
24 1854 925.32
24 1855 925.32
24 1856 925.32
24 1857 925.32
24 1858 925.32
24 1859 925.32
24 1860 925.32
24 1861 925.32
24 1862 925.32
24 1863 925.32
24 1864 925.32
24 1865 925.32
24 1866 925.32
24 1867 925.32
24 1868 925.32
24 1869 925.32
24 1870 925.32
24 1871 925.32
24 1872 925.32
24 1873 925.32
24 1874 925.32
24 1875 925.32
24 1876 925.32
24 1877 925.32
24 1878 925.32
24 1879 925.32
24 1880 925.32
24 1881 925.32
24 1882 925.32
24 1883 925.32
24 1884 925.32
24 1885 925.32
24 1886 925.32
24 1887 925.32
24 1888 925.32
24 1889 925.32
24 1890 925.32
24 1891 925.32
24 1892 925.32
24 1893 925.32
24 1894 925.32
24 1895 925.32
24 1896 925.32
24 1897 925.32
24 1898 925.32
24 1899 925.32
24 1900 925.32
24 1901 925.32
24 1902 925.32
24 1903 925.32
24 1904 925.32
24 1905 925.32
24 1906 921.32
24 1907 921.32
24 1908 921.32
24 1909 921.32
24 1910 921.32
24 1911 921.32
24 1912 921.32
24 1913 921.32
24 1914 921.32
24 1915 921.32
24 1916 921.32
24 1917 921.32
24 1918 921.32
24 1919 921.32
24 1920 921.32
24 1921 921.32
24 1922 921.32
24 1923 921.32
24 1924 916.26
25 1925 916.26
25 1926 916.26
25 1927 916.26
25 1928 916.26
25 1929 916.26
25 1930 916.26
25 1931 916.26
25 1932 916.26
25 1933 916.26
25 1934 916.26
25 1935 916.26
25 1936 916.26
25 1937 916.26
25 1938 916.26
25 1939 916.26
25 1940 916.26
25 1941 916.26
25 1942 916.26
25 1943 916.26
25 1944 916.26
25 1945 916.26
25 1946 916.26
25 1947 916.26
25 1948 916.26
25 1949 916.26
25 1950 916.26
25 1951 916.26
25 1952 916.26
25 1953 916.26
25 1954 916.26
25 1955 916.26
25 1956 916.26
25 1957 916.26
25 1958 916.26
25 1959 916.26
25 1960 916.26
25 1961 916.26
25 1962 907.36
25 1963 907.36
25 1964 907.36
25 1965 907.36
25 1966 907.36
25 1967 907.36
25 1968 864.0400000000001
25 1969 864.0400000000001
25 1970 864.0400000000001
25 1971 864.0400000000001
25 1972 864.0400000000001
25 1973 864.0400000000001
25 1974 864.0400000000001
25 1975 864.0400000000001
25 1976 864.0400000000001
25 1977 864.0400000000001
25 1978 864.0400000000001
25 1979 864.0400000000001
25 1980 864.0400000000001
25 1981 864.0400000000001
25 1982 857.36
25 1983 857.36
25 1984 857.36
25 1985 857.36
25 1986 857.36
25 1987 857.36
25 1988 857.36
25 1989 857.36
25 1990 857.36
25 1991 857.36
25 1992 857.36
25 1993 857.36
25 1994 857.36
25 1995 857.36
25 1996 857.36
25 1997 801.36
25 1998 801.36
25 1999 801.36
25 2000 801.36
25 2001 801.36
25 2002 801.36
26 2003 801.36
26 2004 801.36
26 2005 801.36
26 2006 801.36
26 2007 801.36
26 2008 801.36
26 2009 801.36
26 2010 801.36
26 2011 801.36
26 2012 801.36
26 2013 801.36
26 2014 801.36
26 2015 801.36
26 2016 801.36
26 2017 801.36
26 2018 801.36
26 2019 801.36
26 2020 801.36
26 2021 801.36
26 2022 801.36
26 2023 801.36
26 2024 801.36
26 2025 801.36
26 2026 801.36
26 2027 801.36
26 2028 801.36
26 2029 801.36
26 2030 801.36
26 2031 801.36
26 2032 801.36
26 2033 801.36
26 2034 801.36
26 2035 801.36
26 2036 801.36
26 2037 801.36
26 2038 801.36
26 2039 801.36
26 2040 801.36
26 2041 801.36
26 2042 801.36
26 2043 801.36
26 2044 801.36
26 2045 801.36
26 2046 801.36
26 2047 801.36
26 2048 801.36
26 2049 801.36
26 2050 801.36
26 2051 801.36
26 2052 801.36
26 2053 801.36
26 2054 801.36
26 2055 801.36
26 2056 801.36
26 2057 801.36
26 2058 801.36
26 2059 801.36
26 2060 801.36
26 2061 801.36
26 2062 801.36
26 2063 801.36
26 2064 700.2
26 2065 700.2
26 2066 700.2
26 2067 700.2
26 2068 513.36
26 2069 513.36
26 2070 513.36
26 2071 513.36
26 2072 513.36
26 2073 513.36
26 2074 513.36
26 2075 513.36
26 2076 513.36
26 2077 513.36
26 2078 513.36
26 2079 513.36
26 2080 513.36
26 2081 513.36
26 2082 513.36
26 2083 513.36
26 2084 513.36
26 2085 513.36
26 2086 513.36
26 2087 513.36
26 2088 513.36
27 2089 513.36
27 2090 513.36
27 2091 513.36
27 2092 513.36
27 2093 513.36
27 2094 513.36
27 2095 513.36
27 2096 513.36
27 2097 513.36
27 2098 513.36
27 2099 513.36
27 2100 513.36
27 2101 513.36
27 2102 513.36
27 2103 513.36
27 2104 513.36
27 2105 513.36
27 2106 513.36
27 2107 513.36
27 2108 513.36
27 2109 513.36
27 2110 513.36
27 2111 513.36
27 2112 513.36
27 2113 513.36
27 2114 513.36
27 2115 513.36
27 2116 513.36
27 2117 513.36
27 2118 513.36
27 2119 513.36
27 2120 513.36
27 2121 513.36
27 2122 513.36
27 2123 513.36
27 2124 513.36
27 2125 513.36
27 2126 513.36
27 2127 513.36
27 2128 513.36
27 2129 513.36
27 2130 513.36
27 2131 513.36
27 2132 513.36
27 2133 513.36
27 2134 449.36
27 2135 449.36
27 2136 449.36
27 2137 449.36
27 2138 449.36
27 2139 449.36
27 2140 449.36
27 2141 449.36
27 2142 449.36
27 2143 449.36
27 2144 449.36
27 2145 449.36
27 2146 449.36
27 2147 449.36
27 2148 449.36
27 2149 449.36
27 2150 449.36
27 2151 449.36
27 2152 449.36
27 2153 449.36
27 2154 449.36
27 2155 449.36
27 2156 449.36
27 2157 449.36
27 2158 449.36
27 2159 449.36
27 2160 449.36
27 2161 449.36
27 2162 449.36
27 2163 449.36
27 2164 449.36
27 2165 449.36
27 2166 449.36
27 2167 449.36
27 2168 449.36
28 2169 449.36
28 2170 449.36
28 2171 449.36
28 2172 449.36
28 2173 449.36
28 2174 449.36
28 2175 449.36
28 2176 449.36
28 2177 449.36
28 2178 449.36
28 2179 449.36
28 2180 449.36
28 2181 449.36
28 2182 449.36
28 2183 449.36
28 2184 449.36
28 2185 449.36
28 2186 449.36
28 2187 449.36
28 2188 449.36
28 2189 449.36
28 2190 449.36
28 2191 449.36
28 2192 449.36
28 2193 449.36
28 2194 449.36
28 2195 449.36
28 2196 449.36
28 2197 449.36
28 2198 449.36
28 2199 449.36
28 2200 449.36
28 2201 449.36
28 2202 449.36
28 2203 449.36
28 2204 449.36
28 2205 449.36
28 2206 449.36
28 2207 449.36
28 2208 449.36
28 2209 449.36
28 2210 449.36
28 2211 449.36
28 2212 449.36
28 2213 449.36
28 2214 449.36
28 2215 449.36
28 2216 449.36
28 2217 449.36
28 2218 449.36
28 2219 449.36
28 2220 449.36
28 2221 449.36
28 2222 448.36
28 2223 448.36
28 2224 448.36
28 2225 448.36
28 2226 448.36
28 2227 448.36
28 2228 448.36
28 2229 448.36
28 2230 448.36
28 2231 448.36
28 2232 448.36
28 2233 448.36
28 2234 448.36
28 2235 448.36
28 2236 448.36
28 2237 448.36
28 2238 448.36
28 2239 448.36
28 2240 448.36
28 2241 448.36
28 2242 448.36
28 2243 448.36
28 2244 448.36
28 2245 448.36
28 2246 448.36
28 2247 448.36
28 2248 448.36
29 2249 448.36
29 2250 448.36
29 2251 448.36
29 2252 448.36
29 2253 448.36
29 2254 448.36
29 2255 448.36
29 2256 448.36
29 2257 407.01000000000005
29 2258 407.01000000000005
29 2259 407.01000000000005
29 2260 405.01000000000005
29 2261 405.01000000000005
29 2262 405.01000000000005
29 2263 405.01000000000005
29 2264 405.01000000000005
29 2265 405.01000000000005
29 2266 405.01000000000005
29 2267 405.01000000000005
29 2268 405.01000000000005
29 2269 405.01000000000005
29 2270 405.01000000000005
29 2271 405.01000000000005
29 2272 405.01000000000005
29 2273 405.01000000000005
29 2274 405.01000000000005
29 2275 405.01000000000005
29 2276 405.01000000000005
29 2277 405.01000000000005
29 2278 405.01000000000005
29 2279 405.01000000000005
29 2280 405.01000000000005
29 2281 405.01000000000005
29 2282 405.01000000000005
29 2283 405.01000000000005
29 2284 405.01000000000005
29 2285 405.01000000000005
29 2286 405.01000000000005
29 2287 405.01000000000005
29 2288 405.01000000000005
29 2289 405.01000000000005
29 2290 405.01000000000005
29 2291 405.01000000000005
29 2292 405.01000000000005
29 2293 405.01000000000005
29 2294 405.01000000000005
29 2295 405.01000000000005
29 2296 405.01000000000005
29 2297 405.01000000000005
29 2298 405.01000000000005
29 2299 405.01000000000005
29 2300 405.01000000000005
29 2301 405.01000000000005
29 2302 405.01000000000005
29 2303 405.01000000000005
29 2304 405.01000000000005
29 2305 405.01000000000005
29 2306 405.01000000000005
29 2307 405.01000000000005
29 2308 405.01000000000005
29 2309 405.01000000000005
29 2310 405.01000000000005
29 2311 405.01000000000005
29 2312 405.01000000000005
29 2313 405.01000000000005
29 2314 405.01000000000005
29 2315 405.01000000000005
29 2316 405.01000000000005
29 2317 405.01000000000005
29 2318 405.01000000000005
29 2319 405.01000000000005
29 2320 405.01000000000005
29 2321 405.01000000000005
29 2322 405.01000000000005
29 2323 405.01000000000005
29 2324 405.01000000000005
29 2325 405.01000000000005
29 2326 405.01000000000005
29 2327 405.01000000000005
29 2328 405.01000000000005
29 2329 405.01000000000005
29 2330 405.01000000000005
29 2331 405.01000000000005
30 2332 405.01000000000005
30 2333 405.01000000000005
30 2334 405.01000000000005
30 2335 405.01000000000005
30 2336 405.01000000000005
30 2337 405.01000000000005
30 2338 405.01000000000005
30 2339 405.01000000000005
30 2340 405.01000000000005
30 2341 405.01000000000005
30 2342 405.01000000000005
30 2343 405.01000000000005
30 2344 405.01000000000005
30 2345 405.01000000000005
30 2346 405.01000000000005
30 2347 405.01000000000005
30 2348 405.01000000000005
30 2349 405.01000000000005
30 2350 405.01000000000005
30 2351 405.01000000000005
30 2352 405.01000000000005
30 2353 405.01000000000005
30 2354 405.01000000000005
30 2355 405.01000000000005
30 2356 405.01000000000005
30 2357 405.01000000000005
30 2358 405.01000000000005
30 2359 405.01000000000005
30 2360 405.01000000000005
30 2361 405.01000000000005
30 2362 405.01000000000005
30 2363 405.01000000000005
30 2364 405.01000000000005
30 2365 405.01000000000005
30 2366 405.01000000000005
30 2367 405.01000000000005
30 2368 405.01000000000005
30 2369 405.01000000000005
30 2370 405.01000000000005
30 2371 405.01000000000005
30 2372 405.01000000000005
30 2373 405.01000000000005
30 2374 405.01000000000005
30 2375 405.01000000000005
30 2376 405.01000000000005
30 2377 405.01000000000005
30 2378 405.01000000000005
30 2379 405.01000000000005
30 2380 405.01000000000005
30 2381 405.01000000000005
30 2382 405.01000000000005
30 2383 405.01000000000005
30 2384 405.01000000000005
30 2385 405.01000000000005
30 2386 405.01000000000005
30 2387 405.01000000000005
30 2388 405.01000000000005
30 2389 405.01000000000005
30 2390 405.01000000000005
30 2391 405.01000000000005
30 2392 405.01000000000005
30 2393 405.01000000000005
30 2394 405.01000000000005
30 2395 405.01000000000005
30 2396 405.01000000000005
30 2397 405.01000000000005
30 2398 405.01000000000005
30 2399 405.01000000000005
30 2400 405.01000000000005
30 2401 405.01000000000005
30 2402 405.01000000000005
30 2403 405.01000000000005
30 2404 405.01000000000005
30 2405 405.01000000000005
30 2406 405.01000000000005
30 2407 405.01000000000005
30 2408 405.01000000000005
30 2409 405.01000000000005
30 2410 405.01000000000005
30 2411 405.01000000000005
30 2412 405.01000000000005
30 2413 405.01000000000005
30 2414 405.01000000000005
30 2415 405.01000000000005
31 2416 405.01000000000005
31 2417 405.01000000000005
31 2418 405.01000000000005
31 2419 405.01000000000005
31 2420 405.01000000000005
31 2421 405.01000000000005
31 2422 405.01000000000005
31 2423 405.01000000000005
31 2424 405.01000000000005
31 2425 405.01000000000005
31 2426 405.01000000000005
31 2427 405.01000000000005
31 2428 405.01000000000005
31 2429 405.01000000000005
31 2430 405.01000000000005
31 2431 405.01000000000005
31 2432 405.01000000000005
31 2433 405.01000000000005
31 2434 405.01000000000005
31 2435 405.01000000000005
31 2436 405.01000000000005
31 2437 405.01000000000005
31 2438 405.01000000000005
31 2439 405.01000000000005
31 2440 405.01000000000005
31 2441 405.01000000000005
31 2442 405.01000000000005
31 2443 405.01000000000005
31 2444 405.01000000000005
31 2445 405.01000000000005
31 2446 405.01000000000005
31 2447 405.01000000000005
31 2448 405.01000000000005
31 2449 405.01000000000005
31 2450 405.01000000000005
31 2451 405.01000000000005
31 2452 405.01000000000005
31 2453 405.01000000000005
31 2454 405.01000000000005
31 2455 405.01000000000005
31 2456 405.01000000000005
31 2457 405.01000000000005
31 2458 405.01000000000005
31 2459 405.01000000000005
31 2460 405.01000000000005
31 2461 405.01000000000005
31 2462 405.01000000000005
31 2463 405.01000000000005
31 2464 405.01000000000005
31 2465 405.01000000000005
31 2466 405.01000000000005
31 2467 405.01000000000005
31 2468 405.01000000000005
31 2469 405.01000000000005
31 2470 405.01000000000005
31 2471 405.01000000000005
31 2472 405.01000000000005
31 2473 405.01000000000005
31 2474 405.01000000000005
31 2475 405.01000000000005
31 2476 405.01000000000005
31 2477 405.01000000000005
31 2478 405.01000000000005
31 2479 405.01000000000005
31 2480 405.01000000000005
31 2481 405.01000000000005
31 2482 405.01000000000005
31 2483 405.01000000000005
31 2484 405.01000000000005
31 2485 405.01000000000005
31 2486 405.01000000000005
31 2487 405.01000000000005
31 2488 405.01000000000005
31 2489 405.01000000000005
31 2490 405.01000000000005
31 2491 405.01000000000005
31 2492 405.01000000000005
31 2493 405.01000000000005
31 2494 404.01000000000005
31 2495 404.01000000000005
31 2496 404.01000000000005
31 2497 404.01000000000005
31 2498 404.01000000000005
31 2499 404.01000000000005
31 2500 404.01000000000005
31 2501 404.01000000000005
31 2502 404.01000000000005
32 2503 404.01000000000005
32 2504 404.01000000000005
32 2505 404.01000000000005
32 2506 404.01000000000005
32 2507 404.01000000000005
32 2508 404.01000000000005
32 2509 404.01000000000005
32 2510 404.01000000000005
32 2511 404.01000000000005
32 2512 404.01000000000005
32 2513 404.01000000000005
32 2514 404.01000000000005
32 2515 404.01000000000005
32 2516 404.01000000000005
32 2517 404.01000000000005
32 2518 404.01000000000005
32 2519 404.01000000000005
32 2520 404.01000000000005
32 2521 404.01000000000005
32 2522 404.01000000000005
32 2523 404.01000000000005
32 2524 404.01000000000005
32 2525 404.01000000000005
32 2526 404.01000000000005
32 2527 404.01000000000005
32 2528 404.01000000000005
32 2529 404.01000000000005
32 2530 404.01000000000005
32 2531 404.01000000000005
32 2532 404.01000000000005
32 2533 404.01000000000005
32 2534 404.01000000000005
32 2535 404.01000000000005
32 2536 404.01000000000005
32 2537 243.17000000000002
32 2538 243.17000000000002
32 2539 243.17000000000002
32 2540 243.17000000000002
32 2541 243.17000000000002
32 2542 243.17000000000002
32 2543 243.17000000000002
32 2544 243.17000000000002
32 2545 243.17000000000002
32 2546 243.17000000000002
32 2547 243.17000000000002
32 2548 243.17000000000002
32 2549 243.17000000000002
32 2550 243.17000000000002
32 2551 243.17000000000002
32 2552 243.17000000000002
32 2553 243.17000000000002
32 2554 243.17000000000002
32 2555 243.17000000000002
32 2556 243.17000000000002
32 2557 243.17000000000002
32 2558 243.17000000000002
32 2559 243.17000000000002
32 2560 243.17000000000002
32 2561 243.17000000000002
32 2562 243.17000000000002
32 2563 243.17000000000002
32 2564 243.17000000000002
32 2565 243.17000000000002
32 2566 243.17000000000002
32 2567 243.17000000000002
32 2568 243.17000000000002
32 2569 243.17000000000002
32 2570 243.17000000000002
32 2571 243.17000000000002
32 2572 243.17000000000002
33 2573 243.17000000000002
33 2574 243.17000000000002
33 2575 243.17000000000002
33 2576 243.17000000000002
33 2577 243.17000000000002
33 2578 243.17000000000002
33 2579 243.17000000000002
33 2580 243.17000000000002
33 2581 243.17000000000002
33 2582 243.17000000000002
33 2583 243.17000000000002
33 2584 243.17000000000002
33 2585 243.17000000000002
33 2586 243.17000000000002
33 2587 243.17000000000002
33 2588 243.17000000000002
33 2589 243.17000000000002
33 2590 243.17000000000002
33 2591 243.17000000000002
33 2592 243.17000000000002
33 2593 243.17000000000002
33 2594 243.17000000000002
33 2595 243.17000000000002
33 2596 243.17000000000002
33 2597 243.17000000000002
33 2598 243.17000000000002
33 2599 243.17000000000002
33 2600 243.17000000000002
33 2601 243.17000000000002
33 2602 243.17000000000002
33 2603 243.17000000000002
33 2604 243.17000000000002
33 2605 243.17000000000002
33 2606 243.17000000000002
33 2607 243.17000000000002
33 2608 243.17000000000002
33 2609 243.17000000000002
33 2610 243.17000000000002
33 2611 243.17000000000002
33 2612 243.17000000000002
33 2613 243.17000000000002
33 2614 243.17000000000002
33 2615 243.17000000000002
33 2616 243.17000000000002
33 2617 243.17000000000002
33 2618 243.17000000000002
33 2619 243.17000000000002
33 2620 243.17000000000002
33 2621 243.17000000000002
33 2622 243.17000000000002
33 2623 243.17000000000002
33 2624 243.17000000000002
33 2625 243.17000000000002
33 2626 243.17000000000002
33 2627 243.17000000000002
33 2628 243.17000000000002
33 2629 243.17000000000002
33 2630 243.17000000000002
33 2631 243.17000000000002
33 2632 243.17000000000002
33 2633 243.17000000000002
33 2634 243.17000000000002
33 2635 243.17000000000002
33 2636 243.17000000000002
33 2637 243.17000000000002
33 2638 243.17000000000002
33 2639 243.17000000000002
33 2640 243.17000000000002
33 2641 243.17000000000002
33 2642 243.17000000000002
33 2643 243.17000000000002
33 2644 243.17000000000002
33 2645 243.17000000000002
33 2646 243.17000000000002
33 2647 243.17000000000002
33 2648 243.17000000000002
33 2649 243.17000000000002
33 2650 243.17000000000002
33 2651 243.17000000000002
33 2652 243.17000000000002
33 2653 243.17000000000002
33 2654 243.17000000000002
33 2655 243.17000000000002
34 2656 243.17000000000002
34 2657 243.17000000000002
34 2658 243.17000000000002
34 2659 243.17000000000002
34 2660 243.17000000000002
34 2661 243.17000000000002
34 2662 243.17000000000002
34 2663 243.17000000000002
34 2664 243.17000000000002
34 2665 243.17000000000002
34 2666 243.17000000000002
34 2667 243.17000000000002
34 2668 243.17000000000002
34 2669 243.17000000000002
34 2670 243.17000000000002
34 2671 243.17000000000002
34 2672 243.17000000000002
34 2673 243.17000000000002
34 2674 243.17000000000002
34 2675 243.17000000000002
34 2676 243.17000000000002
34 2677 243.17000000000002
34 2678 243.17000000000002
34 2679 243.17000000000002
34 2680 243.17000000000002
34 2681 243.17000000000002
34 2682 243.17000000000002
34 2683 243.17000000000002
34 2684 243.17000000000002
34 2685 243.17000000000002
34 2686 243.17000000000002
34 2687 243.17000000000002
34 2688 243.17000000000002
34 2689 243.17000000000002
34 2690 243.17000000000002
34 2691 243.17000000000002
34 2692 243.17000000000002
34 2693 243.17000000000002
34 2694 243.17000000000002
34 2695 227.04000000000002
34 2696 227.04000000000002
34 2697 227.04000000000002
34 2698 227.04000000000002
34 2699 223.04000000000002
34 2700 223.04000000000002
34 2701 223.04000000000002
34 2702 223.04000000000002
34 2703 223.04000000000002
34 2704 223.04000000000002
34 2705 223.04000000000002
34 2706 223.04000000000002
34 2707 223.04000000000002
34 2708 223.04000000000002
34 2709 223.04000000000002
34 2710 223.04000000000002
34 2711 223.04000000000002
34 2712 223.04000000000002
34 2713 223.04000000000002
34 2714 223.04000000000002
34 2715 223.04000000000002
34 2716 223.04000000000002
34 2717 223.04000000000002
34 2718 223.04000000000002
34 2719 223.04000000000002
34 2720 223.04000000000002
34 2721 223.04000000000002
34 2722 223.04000000000002
34 2723 223.04000000000002
34 2724 223.04000000000002
34 2725 223.04000000000002
34 2726 223.04000000000002
34 2727 223.04000000000002
34 2728 223.04000000000002
34 2729 223.04000000000002
34 2730 223.04000000000002
34 2731 223.04000000000002
34 2732 223.04000000000002
34 2733 223.04000000000002
34 2734 223.04000000000002
34 2735 223.04000000000002
34 2736 223.04000000000002
34 2737 223.04000000000002
34 2738 223.04000000000002
34 2739 223.04000000000002
34 2740 223.04000000000002
34 2741 223.04000000000002
34 2742 223.04000000000002
34 2743 223.04000000000002
35 2744 223.04000000000002
35 2745 223.04000000000002
35 2746 223.04000000000002
35 2747 223.04000000000002
35 2748 223.04000000000002
35 2749 223.04000000000002
35 2750 223.04000000000002
35 2751 223.04000000000002
35 2752 223.04000000000002
35 2753 223.04000000000002
35 2754 223.04000000000002
35 2755 223.04000000000002
35 2756 223.04000000000002
35 2757 223.04000000000002
35 2758 223.04000000000002
35 2759 223.04000000000002
35 2760 223.04000000000002
35 2761 223.04000000000002
35 2762 223.04000000000002
35 2763 223.04000000000002
35 2764 223.04000000000002
35 2765 223.04000000000002
35 2766 223.04000000000002
35 2767 223.04000000000002
35 2768 223.04000000000002
35 2769 223.04000000000002
35 2770 223.04000000000002
35 2771 223.04000000000002
35 2772 223.04000000000002
35 2773 223.04000000000002
35 2774 223.04000000000002
35 2775 223.04000000000002
35 2776 223.04000000000002
35 2777 223.04000000000002
35 2778 223.04000000000002
35 2779 223.04000000000002
35 2780 223.04000000000002
35 2781 223.04000000000002
35 2782 223.04000000000002
35 2783 223.04000000000002
35 2784 223.04000000000002
35 2785 223.04000000000002
35 2786 223.04000000000002
35 2787 223.04000000000002
35 2788 223.04000000000002
35 2789 223.04000000000002
35 2790 223.04000000000002
35 2791 223.04000000000002
35 2792 223.04000000000002
35 2793 223.04000000000002
35 2794 223.04000000000002
35 2795 223.04000000000002
35 2796 223.04000000000002
35 2797 223.04000000000002
35 2798 223.04000000000002
35 2799 223.04000000000002
35 2800 223.04000000000002
35 2801 223.04000000000002
35 2802 223.04000000000002
35 2803 223.04000000000002
35 2804 223.04000000000002
35 2805 223.04000000000002
35 2806 223.04000000000002
35 2807 223.04000000000002
35 2808 223.04000000000002
35 2809 223.04000000000002
35 2810 223.04000000000002
35 2811 223.04000000000002
35 2812 223.04000000000002
35 2813 223.04000000000002
35 2814 223.04000000000002
35 2815 223.04000000000002
35 2816 223.04000000000002
35 2817 223.04000000000002
35 2818 223.04000000000002
35 2819 223.04000000000002
35 2820 223.04000000000002
35 2821 223.04000000000002
35 2822 223.04000000000002
35 2823 223.04000000000002
35 2824 223.04000000000002
35 2825 223.04000000000002
36 2826 223.04000000000002
36 2827 223.04000000000002
36 2828 223.04000000000002
36 2829 223.04000000000002
36 2830 223.04000000000002
36 2831 223.04000000000002
36 2832 223.04000000000002
36 2833 223.04000000000002
36 2834 223.04000000000002
36 2835 223.04000000000002
36 2836 223.04000000000002
36 2837 223.04000000000002
36 2838 223.04000000000002
36 2839 223.04000000000002
36 2840 223.04000000000002
36 2841 223.04000000000002
36 2842 223.04000000000002
36 2843 223.04000000000002
36 2844 223.04000000000002
36 2845 223.04000000000002
36 2846 223.04000000000002
36 2847 223.04000000000002
36 2848 223.04000000000002
36 2849 223.04000000000002
36 2850 223.04000000000002
36 2851 223.04000000000002
36 2852 223.04000000000002
36 2853 223.04000000000002
36 2854 223.04000000000002
36 2855 223.04000000000002
36 2856 223.04000000000002
36 2857 223.04000000000002
36 2858 223.04000000000002
36 2859 223.04000000000002
36 2860 223.04000000000002
36 2861 223.04000000000002
36 2862 223.04000000000002
36 2863 223.04000000000002
36 2864 223.04000000000002
36 2865 223.04000000000002
36 2866 223.04000000000002
36 2867 223.04000000000002
36 2868 223.04000000000002
36 2869 223.04000000000002
36 2870 223.04000000000002
36 2871 223.04000000000002
36 2872 223.04000000000002
36 2873 223.04000000000002
36 2874 223.04000000000002
36 2875 223.04000000000002
36 2876 223.04000000000002
36 2877 223.04000000000002
36 2878 223.04000000000002
36 2879 223.04000000000002
36 2880 223.04000000000002
36 2881 223.04000000000002
36 2882 223.04000000000002
36 2883 223.04000000000002
36 2884 223.04000000000002
36 2885 223.04000000000002
36 2886 223.04000000000002
36 2887 223.04000000000002
36 2888 223.04000000000002
36 2889 223.04000000000002
36 2890 223.04000000000002
36 2891 223.04000000000002
36 2892 223.04000000000002
36 2893 223.04000000000002
36 2894 223.04000000000002
36 2895 223.04000000000002
36 2896 223.04000000000002
36 2897 223.04000000000002
36 2898 223.04000000000002
36 2899 223.04000000000002
36 2900 223.04000000000002
36 2901 223.04000000000002
36 2902 223.04000000000002
36 2903 218.17000000000002
36 2904 218.17000000000002
36 2905 218.17000000000002
36 2906 218.17000000000002
36 2907 218.17000000000002
36 2908 218.17000000000002
36 2909 218.17000000000002
36 2910 218.17000000000002
37 2911 218.17000000000002
37 2912 218.17000000000002
37 2913 218.17000000000002
37 2914 218.17000000000002
37 2915 218.17000000000002
37 2916 218.17000000000002
37 2917 218.17000000000002
37 2918 218.17000000000002
37 2919 218.17000000000002
37 2920 218.17000000000002
37 2921 218.17000000000002
37 2922 218.17000000000002
37 2923 218.17000000000002
37 2924 218.17000000000002
37 2925 218.17000000000002
37 2926 218.17000000000002
37 2927 218.17000000000002
37 2928 218.17000000000002
37 2929 218.17000000000002
37 2930 218.17000000000002
37 2931 218.17000000000002
37 2932 218.17000000000002
37 2933 218.17000000000002
37 2934 218.17000000000002
37 2935 218.17000000000002
37 2936 218.17000000000002
37 2937 218.17000000000002
37 2938 218.17000000000002
37 2939 218.17000000000002
37 2940 218.17000000000002
37 2941 218.17000000000002
37 2942 218.17000000000002
37 2943 218.17000000000002
37 2944 218.17000000000002
37 2945 218.17000000000002
37 2946 174.23999999999998
37 2947 174.23999999999998
37 2948 174.23999999999998
37 2949 174.23999999999998
37 2950 174.23999999999998
37 2951 174.23999999999998
37 2952 174.23999999999998
37 2953 174.23999999999998
37 2954 174.23999999999998
37 2955 174.23999999999998
37 2956 174.23999999999998
37 2957 174.23999999999998
37 2958 174.23999999999998
37 2959 174.23999999999998
37 2960 174.23999999999998
37 2961 174.23999999999998
37 2962 174.23999999999998
37 2963 174.23999999999998
37 2964 174.23999999999998
37 2965 174.23999999999998
37 2966 174.23999999999998
37 2967 174.23999999999998
37 2968 174.23999999999998
37 2969 174.23999999999998
37 2970 174.23999999999998
37 2971 174.23999999999998
37 2972 174.23999999999998
37 2973 174.23999999999998
37 2974 174.23999999999998
37 2975 174.23999999999998
37 2976 174.23999999999998
37 2977 174.23999999999998
37 2978 174.23999999999998
37 2979 174.23999999999998
37 2980 174.23999999999998
37 2981 174.23999999999998
37 2982 174.23999999999998
37 2983 174.23999999999998
37 2984 174.23999999999998
37 2985 174.23999999999998
37 2986 174.23999999999998
37 2987 174.23999999999998
37 2988 174.23999999999998
37 2989 174.23999999999998
38 2990 174.23999999999998
38 2991 174.23999999999998
38 2992 174.23999999999998
38 2993 174.23999999999998
38 2994 174.23999999999998
38 2995 174.23999999999998
38 2996 174.23999999999998
38 2997 174.23999999999998
38 2998 16.0
38 2999 16.0
38 3000 16.0
38 3001 16.0
38 3002 16.0
38 3003 16.0
38 3004 16.0
38 3005 16.0
38 3006 16.0
38 3007 16.0
38 3008 16.0
38 3009 16.0
38 3010 16.0
38 3011 16.0
38 3012 16.0
38 3013 16.0
38 3014 16.0
38 3015 16.0
38 3016 16.0
38 3017 16.0
38 3018 16.0
38 3019 16.0
38 3020 16.0
38 3021 16.0
38 3022 16.0
38 3023 16.0
38 3024 16.0
38 3025 16.0
38 3026 16.0
38 3027 16.0
38 3028 16.0
38 3029 16.0
38 3030 16.0
38 3031 16.0
38 3032 16.0
38 3033 16.0
38 3034 16.0
38 3035 16.0
38 3036 16.0
38 3037 16.0
38 3038 16.0
38 3039 16.0
38 3040 16.0
38 3041 16.0
38 3042 16.0
38 3043 16.0
38 3044 16.0
38 3045 16.0
38 3046 16.0
38 3047 16.0
38 3048 16.0
38 3049 16.0
38 3050 16.0
38 3051 16.0
38 3052 16.0
38 3053 16.0
38 3054 16.0
38 3055 16.0
38 3056 16.0
38 3057 16.0
38 3058 16.0
38 3059 16.0
38 3060 16.0
38 3061 16.0
38 3062 16.0
38 3063 16.0
38 3064 16.0
38 3065 16.0
38 3066 16.0
38 3067 16.0
38 3068 16.0
38 3069 16.0
38 3070 16.0
39 3071 16.0
39 3072 16.0
39 3073 16.0
39 3074 16.0
39 3075 16.0
39 3076 16.0
39 3077 16.0
39 3078 16.0
39 3079 16.0
39 3080 16.0
39 3081 16.0
39 3082 16.0
39 3083 16.0
39 3084 16.0
39 3085 16.0
39 3086 16.0
39 3087 16.0
39 3088 16.0
39 3089 16.0
39 3090 16.0
39 3091 16.0
39 3092 16.0
39 3093 16.0
39 3094 16.0
39 3095 16.0
39 3096 16.0
39 3097 16.0
39 3098 16.0
39 3099 16.0
39 3100 16.0
39 3101 16.0
39 3102 16.0
39 3103 16.0
39 3104 16.0
39 3105 16.0
39 3106 16.0
39 3107 16.0
39 3108 16.0
39 3109 16.0
39 3110 16.0
39 3111 16.0
39 3112 16.0
39 3113 16.0
39 3114 16.0
39 3115 16.0
39 3116 16.0
39 3117 16.0
39 3118 16.0
39 3119 16.0
39 3120 16.0
39 3121 16.0
39 3122 16.0
39 3123 16.0
39 3124 16.0
39 3125 16.0
39 3126 16.0
39 3127 16.0
39 3128 16.0
39 3129 16.0
39 3130 16.0
39 3131 16.0
39 3132 16.0
39 3133 16.0
39 3134 16.0
39 3135 16.0
39 3136 16.0
39 3137 16.0
39 3138 16.0
39 3139 16.0
39 3140 16.0
39 3141 16.0
39 3142 16.0
39 3143 16.0
39 3144 16.0
39 3145 16.0
39 3146 16.0
39 3147 16.0
39 3148 16.0
39 3149 16.0
39 3150 16.0
39 3151 16.0
40 3152 16.0
40 3153 16.0
40 3154 16.0
40 3155 16.0
40 3156 16.0
40 3157 16.0
40 3158 16.0
40 3159 16.0
40 3160 16.0
40 3161 16.0
40 3162 16.0
40 3163 16.0
40 3164 16.0
40 3165 16.0
40 3166 16.0
40 3167 16.0
40 3168 16.0
40 3169 16.0
40 3170 16.0
40 3171 16.0
40 3172 16.0
40 3173 16.0
40 3174 16.0
40 3175 16.0
40 3176 16.0
40 3177 16.0
40 3178 16.0
40 3179 16.0
40 3180 16.0
40 3181 16.0
40 3182 16.0
40 3183 16.0
40 3184 16.0
40 3185 16.0
40 3186 16.0
40 3187 16.0
40 3188 16.0
40 3189 16.0
40 3190 16.0
40 3191 16.0
40 3192 16.0
40 3193 16.0
40 3194 16.0
40 3195 16.0
40 3196 16.0
40 3197 16.0
40 3198 16.0
40 3199 16.0
40 3200 16.0
40 3201 16.0
40 3202 16.0
40 3203 16.0
40 3204 16.0
40 3205 16.0
40 3206 16.0
40 3207 16.0
40 3208 16.0
40 3209 16.0
40 3210 16.0
40 3211 16.0
40 3212 16.0
40 3213 16.0
40 3214 16.0
40 3215 16.0
40 3216 16.0
40 3217 16.0
40 3218 16.0
40 3219 16.0
40 3220 16.0
40 3221 16.0
40 3222 16.0
40 3223 16.0
40 3224 16.0
40 3225 16.0
40 3226 16.0
40 3227 16.0
40 3228 16.0
40 3229 16.0
40 3230 16.0
40 3231 16.0
40 3232 16.0
40 3233 16.0
40 3234 16.0
40 3235 16.0
40 3236 16.0
40 3237 16.0
40 3238 16.0
41 3239 16.0
41 3240 16.0
41 3241 16.0
41 3242 16.0
41 3243 16.0
41 3244 16.0
41 3245 16.0
41 3246 16.0
41 3247 16.0
41 3248 16.0
41 3249 16.0
41 3250 16.0
41 3251 16.0
41 3252 16.0
41 3253 16.0
41 3254 16.0
41 3255 16.0
41 3256 16.0
41 3257 16.0
41 3258 16.0
41 3259 16.0
41 3260 16.0
41 3261 16.0
41 3262 16.0
41 3263 16.0
41 3264 16.0
41 3265 16.0
41 3266 16.0
41 3267 16.0
41 3268 16.0
41 3269 16.0
41 3270 16.0
41 3271 16.0
41 3272 16.0
41 3273 16.0
41 3274 16.0
41 3275 16.0
41 3276 16.0
41 3277 16.0
41 3278 16.0
41 3279 16.0
41 3280 16.0
41 3281 16.0
41 3282 16.0
41 3283 16.0
41 3284 16.0
41 3285 16.0
41 3286 16.0
41 3287 16.0
41 3288 16.0
41 3289 16.0
41 3290 16.0
41 3291 16.0
41 3292 16.0
41 3293 16.0
41 3294 16.0
41 3295 16.0
41 3296 16.0
41 3297 16.0
41 3298 16.0
41 3299 16.0
41 3300 16.0
41 3301 16.0
41 3302 16.0
41 3303 16.0
41 3304 16.0
41 3305 16.0
41 3306 16.0
41 3307 16.0
41 3308 16.0
41 3309 16.0
41 3310 16.0
41 3311 16.0
41 3312 16.0
41 3313 16.0
41 3314 16.0
41 3315 16.0
41 3316 16.0
41 3317 16.0
41 3318 16.0
41 3319 16.0
41 3320 16.0
41 3321 16.0
42 3322 16.0
42 3323 16.0
42 3324 16.0
42 3325 16.0
42 3326 16.0
42 3327 16.0
42 3328 16.0
42 3329 16.0
42 3330 16.0
42 3331 16.0
42 3332 16.0
42 3333 16.0
42 3334 16.0
42 3335 16.0
42 3336 16.0
42 3337 16.0
42 3338 16.0
42 3339 16.0
42 3340 16.0
42 3341 16.0
42 3342 16.0
42 3343 16.0
42 3344 16.0
42 3345 16.0
42 3346 16.0
42 3347 16.0
42 3348 16.0
42 3349 16.0
42 3350 16.0
42 3351 16.0
42 3352 16.0
42 3353 16.0
42 3354 16.0
42 3355 0.0
