1 1 121.53965624562991
1 2 19.37970846028312
1 3 6.0156117099950555
1 4 6.0156117099950555
1 5 6.0156117099950555
1 6 6.0156117099950555
1 7 5.121738070300005
1 8 5.004090957090318
1 9 5.004090957090318
1 10 5.004090957090318
1 11 5.004090957090318
1 12 5.004090957090318
1 13 5.004090957090318
1 14 5.004090957090318
1 15 4.999994892216064
1 16 1.999998862290733
1 17 1.2621436548196128
1 18 1.2621436548196128
1 19 1.2621436548196128
1 20 1.2621436548196128
1 21 1.0007288018099267
1 22 1.0007288018099267
1 23 1.0007288018099267
1 24 1.0007288018099267
1 25 0.9999998118294594
