0 1 121.53965624562991
0 2 51.0111491878294
0 3 6.047371482405446
1 4 6.047371482405446
1 5 6.047371482405446
1 6 6.047371482405446
1 7 6.016340665544343
1 8 5.046650592156249
1 9 5.031243279236683
1 10 5.031243279236683
1 11 5.031243279236683
1 12 5.0156197004335725
1 13 5.0156197004335725
1 14 5.0156197004335725
1 15 5.0156197004335725
1 16 5.0156197004335725
1 17 5.0156197004335725
1 18 4.999995805507628
1 19 4.999995805507628
1 20 4.999995805507628
1 21 1.0000008087010608
1 22 1.0000008087010608
1 23 1.0000008087010608
1 24 1.0000008087010608
1 25 1.0000008087010608
1 26 1.0000008087010608
1 27 1.0000008087010608
1 28 1.0000008087010608
1 29 1.0000008087010608
1 30 1.0000008087010608
1 31 1.0000008087010608
1 32 1.0000008087010608
1 33 1.0000008087010608
1 34 1.0000008087010608
1 35 1.0000008087010608
1 36 1.0000008087010608
2 37 1.0000008087010608
2 38 1.0000008087010608
2 39 1.9999999999995336E-6
