0 1 121.53965624562991
0 2 6.793567465930292
0 3 6.793567465930292
0 4 6.7716135549383765
0 5 6.7716135549383765
0 6 6.7716135549383765
0 7 6.7716135549383765
0 8 6.2628583930721415
0 9 6.2628583930721415
0 10 6.2628583930721415
0 11 5.531433284510219
0 12 5.000787130584109
0 13 5.000787130584109
0 14 5.000787130584109
0 15 1.787185545095052
0 16 1.787185545095052
0 17 1.787185545095052
0 18 1.787185545095052
0 19 1.787185545095052
0 20 1.0000008674178273
0 21 1.0000008674178273
0 22 0.11771299763508379
