1 1 121.53965624562991
1 2 10.99996429520313
1 3 10.99996429520313
1 4 10.99996429520313
1 5 9.531406120817945
1 6 8.793555695960743
1 7 6.999982643986284
1 8 6.999982643986284
1 9 6.999982643986284
1 10 5.999989760629274
1 11 5.999989760629274
1 12 1.015624745289342
1 13 1.015624745289342
1 14 1.015624745289342
1 15 1.000000755687982
1 16 1.000000755687982
1 17 1.000000755687982
1 18 1.000000755687982
1 19 1.000000755687982
1 20 1.000000755687982
1 21 1.000000755687982
1 22 1.000000755687982
1 23 1.000000755687982
1 24 1.000000755687982
1 25 0.999999811829443
