1 1 121.53965624562991
1 2 10.873419326193048
1 3 10.873419326193048
1 4 10.873419326193048
1 5 6.535521028219924
1 6 6.015675720379448
1 7 6.000779834319006
1 8 6.000779834319006
1 9 6.000779834319006
1 10 6.000779834319006
1 11 6.000051863617017
1 12 5.999988877441967
1 13 2.00006313919975
1 14 2.00006313919975
1 15 2.00006313919975
1 16 2.00006313919975
1 17 1.0000637553097582
1 18 1.0000637553097582
1 19 1.0000637553097582
1 20 1.0000637553097582
1 21 1.0000637553097582
1 22 1.000000755687982
1 23 1.000000755687982
1 24 1.000000755687982
1 25 1.000000755687982
1 26 1.000000755687982
1 27 1.000000755687982
2 28 1.000000755687982
2 29 0.999999811829443
