0 1 121.53965624562991
0 2 6.062871375257299
0 3 6.062871375257299
0 4 6.062871375257299
0 5 6.062871375257299
0 6 6.062871375257299
0 7 5.547057640834563
0 8 5.547057301337079
0 9 5.015619388783843
0 10 5.015619388783843
0 11 4.999995805507628
1 12 2.000062860129827
1 13 2.000062860129827
1 14 1.0000638054345694
1 15 1.0000008087010608
1 16 1.0000008087010608
1 17 1.0000008087010608
1 18 1.0000008087010608
1 19 1.0000008087010608
1 20 1.0000008087010608
1 21 1.0000008087010608
1 22 1.0000008087010608
1 23 1.0000008087010608
1 24 1.0000008087010608
1 25 1.0000008087010608
1 26 1.0000008087010608
1 27 1.0000008087010608
1 28 1.0000008087010608
1 29 1.0000008087010608
1 30 1.0000008087010608
1 31 1.0000008087010608
1 32 1.0000008087010608
1 33 1.0000008087010608
1 34 1.0000008087010608
1 35 1.0000008087010608
1 36 1.0000008087010608
1 37 1.9999999999995336E-6
