0 1 121.53965624562991
1 2 121.53965624562991
1 3 121.53965624562991
1 4 121.53965624562991
1 5 121.53965624562991
1 6 121.53965624562991
1 7 121.53965624562991
1 8 121.53965624562991
1 9 35.79258040946494
1 10 35.79258040946494
1 11 35.79258040946494
1 12 35.79258040946494
1 13 25.79270567884794
1 14 25.79270567884794
1 15 25.777083505747804
2 16 25.777083505747804
2 17 25.777083505747804
2 18 25.777083505747804
2 19 25.777083505747804
2 20 25.777083505747804
2 21 25.777083505747804
2 22 25.777083505747804
2 23 25.777083505747804
2 24 25.777083505747804
2 25 25.777083505747804
2 26 25.777083505747804
2 27 21.777121721329483
2 28 21.777121721329483
2 29 21.777121721329483
2 30 21.777121721329483
2 31 21.777121721329483
2 32 21.777121721329483
2 33 21.777121721329483
2 34 21.777121721329483
3 35 17.777168465738306
3 36 17.777168465738306
3 37 17.777168465738306
3 38 17.777168465738306
3 39 17.777168465738306
3 40 17.777168465738306
3 41 17.777168465738306
3 42 17.777168465738306
3 43 0.9999998118294594
