1 1 121.53965624562991
1 2 121.53965624562991
1 3 121.53965624562991
1 4 121.53965624562991
1 5 121.53965624562991
1 6 37.548477546465655
1 7 37.548477546465655
1 8 36.77693157196148
1 9 36.77693157196148
1 10 36.77693157196148
1 11 19.9998983478752
1 12 19.9998983478752
1 13 15.999934942561568
1 14 15.999934942561568
1 15 15.999934942561568
1 16 15.999934942561568
2 17 15.999934942561568
2 18 15.999934942561568
2 19 15.999934942561568
2 20 15.999934942561568
2 21 15.999934942561568
2 22 15.262085667687836
2 23 15.262085667687836
2 24 15.262085667687836
2 25 15.262085667687836
2 26 15.262085667687836
2 27 5.262137065662543
2 28 5.262137065662543
2 29 5.262137065662543
2 30 5.262137065662543
2 31 5.262137065662543
2 32 5.262137065662543
2 33 5.262137065662543
2 34 5.262137065662543
2 35 5.262137065662543
2 36 5.262137065662543
2 37 5.262137065662543
2 38 5.262137065662543
2 39 5.262137065662543
2 40 5.262137065662543
2 41 5.262137065662543
2 42 5.262137065662543
2 43 5.262137065662543
2 44 5.262137065662543
2 45 5.262137065662543
2 46 5.262137065662543
2 47 4.999993895812086
2 48 4.999993895812086
3 49 4.999993895812086
3 50 4.999993895812086
3 51 0.0
