1 1 121.53965624562991
1 2 121.53965624562991
1 3 121.53965624562991
1 4 121.53965624562991
1 5 121.53965624562991
1 6 121.53965624562991
1 7 117.53989452229307
1 8 117.53989452229307
1 9 117.53989452229307
1 10 117.53989452229307
1 11 117.53989452229307
1 12 117.53989452229307
2 13 117.53989452229307
2 14 117.53989452229307
2 15 117.53989452229307
2 16 117.53989452229307
2 17 117.53989452229307
2 18 117.53989452229307
2 19 117.53989452229307
2 20 107.54045533654238
2 21 107.54045533654238
2 22 107.54045533654238
2 23 45.91429698757594
2 24 45.91429698757594
2 25 45.91429698757594
2 26 45.91429698757594
2 27 45.91429698757594
2 28 33.16759549263891
2 29 33.16759549263891
2 30 33.16759549263891
2 31 33.16759549263891
2 32 33.16759549263891
2 33 33.16759549263891
2 34 33.16759549263891
2 35 33.16759549263891
2 36 21.89476658696316
2 37 21.89476658696316
2 38 21.89476658696316
2 39 21.89476658696316
2 40 21.89476658696316
2 41 5.1176424810624495
2 42 5.1176424810624495
2 43 5.1176424810624495
3 44 5.046649693870046
3 45 5.046649693870046
3 46 5.046649693870046
3 47 5.046649693870046
3 48 5.046649693870046
3 49 5.046649693870046
3 50 5.046649693870046
3 51 5.046649693870046
3 52 5.046649693870046
3 53 5.046649693870046
3 54 5.000057887584003
3 55 5.000057887584003
3 56 5.000057887584003
3 57 5.000057887584003
3 58 5.000057887584003
3 59 5.000057887584003
3 60 5.000057887584003
3 61 5.000057887584003
3 62 5.000057887584003
3 63 5.000057887584003
3 64 5.000057887584003
3 65 5.000057887584003
3 66 5.000057887584003
3 67 5.000057887584003
3 68 5.000057887584003
3 69 5.000057887584003
3 70 5.000057887584003
3 71 5.000057887584003
3 72 5.000057887584003
3 73 5.000057887584003
3 74 5.000057887584003
3 75 5.000057887584003
3 76 5.000057887584003
4 77 4.999993895812086
4 78 4.999993895812086
4 79 4.999993895812086
4 80 4.999993895812086
4 81 4.999993895812086
4 82 4.999993895812086
4 83 4.999993895812086
4 84 4.999993895812086
4 85 4.999993895812086
4 86 4.999993895812086
4 87 4.999993895812086
4 88 4.999993895812086
4 89 4.999993895812086
4 90 4.999993895812086
4 91 4.999993895812086
4 92 4.999993895812086
4 93 4.999993895812086
4 94 4.999993895812086
4 95 4.999993895812086
4 96 4.999993895812086
4 97 0.0
