1 1 121.53965624562991
1 2 121.53965624562991
1 3 59.913954016918176
1 4 59.913954016918176
1 5 59.913954016918176
1 6 59.913954016918176
1 7 59.913954016918176
1 8 35.77695984050566
1 9 35.77695984050566
1 10 35.77695984050566
1 11 35.77695984050566
1 12 31.777014128242392
1 13 31.777014128242392
1 14 31.777014128242392
1 15 31.777014128242392
1 16 31.777014128242392
1 17 31.777014128242392
1 18 31.777014128242392
1 19 31.777014128242392
1 20 14.999946030120215
1 21 14.999946030120215
1 22 14.999946030120215
1 23 14.999946030120215
1 24 14.999946030120215
1 25 14.999946030120215
1 26 4.999994892216064
1 27 4.999994892216064
1 28 4.999994892216064
1 29 4.999994892216064
1 30 0.9999998118294594
