1 1 121.53965624562991
1 2 121.53965624562991
1 3 121.53965624562991
1 4 111.54023699118393
1 5 111.54023699118393
1 6 111.54023699118393
1 7 27.54861580787906
1 8 27.54861580787906
1 9 27.54861580787906
1 10 27.54861580787906
1 11 23.548659218702173
1 12 23.548659218702173
1 13 23.548659218702173
1 14 23.548659218702173
1 15 23.548659218702173
1 16 23.548659218702173
1 17 23.548659218702173
2 18 23.548659218702173
2 19 23.548659218702173
2 20 23.548659218702173
2 21 23.548659218702173
2 22 23.548659218702173
2 23 23.548659218702173
2 24 22.30855328053864
2 25 22.30855328053864
2 26 22.30855328053864
2 27 22.30855328053864
2 28 22.039259578070485
2 29 22.039259578070485
2 30 22.039259578070485
2 31 22.039259578070485
2 32 22.039259578070485
2 33 22.039259578070485
2 34 21.777120786460085
2 35 21.777120786460085
2 36 21.777120786460085
2 37 21.777120786460085
2 38 16.77718251756352
2 39 16.77718251756352
2 40 16.77718251756352
2 41 16.77718251756352
2 42 16.77718251756352
2 43 16.77718251756352
2 44 16.77718251756352
2 45 16.77718251756352
2 46 16.77718251756352
2 47 16.77718251756352
2 48 16.77718251756352
3 49 16.77718251756352
3 50 16.77718251756352
3 51 16.77718251756352
3 52 16.77718251756352
3 53 16.77718251756352
3 54 16.77718251756352
3 55 16.77718251756352
3 56 16.77718251756352
3 57 16.77718251756352
3 58 16.77718251756352
3 59 16.77718251756352
3 60 16.77718251756352
3 61 16.77718251756352
3 62 16.77718251756352
3 63 16.77718251756352
3 64 16.77718251756352
3 65 16.77718251756352
3 66 16.77718251756352
3 67 16.77718251756352
3 68 16.77718251756352
3 69 16.77718251756352
3 70 16.77718251756352
3 71 16.77718251756352
3 72 16.77718251756352
3 73 0.0
