1 1 121.53965624562991
1 2 121.53965624562991
1 3 104.76288909957178
1 4 104.76288909957178
1 5 35.79258040946494
1 6 35.79258040946494
1 7 35.79258040946494
1 8 35.77695984050566
1 9 35.77695984050566
1 10 35.77695984050566
2 11 35.77695984050566
2 12 35.77695984050566
2 13 35.77695984050566
2 14 35.77695984050566
2 15 35.77695984050566
2 16 35.77695984050566
2 17 35.77695984050566
2 18 35.77695984050566
2 19 35.77695984050566
2 20 35.77695984050566
2 21 35.77695984050566
2 22 35.77695984050566
2 23 35.77695984050566
2 24 35.77695984050566
2 25 35.77695984050566
2 26 35.77695984050566
2 27 18.99991280398458
2 28 18.99991280398458
2 29 18.99991280398458
2 30 18.99991280398458
2 31 18.99991280398458
2 32 18.99991280398458
2 33 18.99991280398458
2 34 18.99991280398458
2 35 18.99991280398458
2 36 18.99991280398458
2 37 18.99991280398458
2 38 18.99991280398458
2 39 18.99991280398458
2 40 18.99991280398458
3 41 18.99991280398458
3 42 18.99991280398458
3 43 18.99991280398458
3 44 18.99991280398458
3 45 18.99991280398458
3 46 18.99991280398458
3 47 18.99991280398458
3 48 18.99991280398458
3 49 18.99991280398458
3 50 18.99991280398458
3 51 18.99991280398458
3 52 18.99991280398458
3 53 18.99991280398458
3 54 18.99991280398458
3 55 18.99991280398458
3 56 18.99991280398458
3 57 18.99991280398458
3 58 18.99991280398458
3 59 18.99991280398458
3 60 18.99991280398458
3 61 18.99991280398458
3 62 18.99991280398458
3 63 18.99991280398458
3 64 18.99991280398458
3 65 18.99991280398458
3 66 14.999946030120215
3 67 14.999946030120215
3 68 14.999946030120215
4 69 14.999946030120215
4 70 14.999946030120215
4 71 14.999946030120215
4 72 14.999946030120215
4 73 14.999946030120215
4 74 14.999946030120215
4 75 14.999946030120215
4 76 14.999946030120215
4 77 14.999946030120215
4 78 14.999946030120215
4 79 14.999946030120215
4 80 14.999946030120215
4 81 14.999946030120215
4 82 14.999946030120215
4 83 14.999946030120215
4 84 14.999946030120215
4 85 14.999946030120215
4 86 14.999946030120215
4 87 14.999946030120215
4 88 14.999946030120215
4 89 14.999946030120215
4 90 14.999946030120215
4 91 14.999946030120215
4 92 14.999946030120215
4 93 14.999946030120215
4 94 14.999946030120215
4 95 14.999946030120215
4 96 14.999946030120215
4 97 14.999946030120215
4 98 14.999946030120215
5 99 14.999946030120215
5 100 14.999946030120215
5 101 14.999946030120215
5 102 14.999946030120215
5 103 14.999946030120215
5 104 14.999946030120215
5 105 14.999946030120215
5 106 14.999946030120215
5 107 14.999946030120215
5 108 14.999946030120215
5 109 14.999946030120215
5 110 14.999946030120215
5 111 14.999946030120215
5 112 4.999994892216064
5 113 4.999994892216064
5 114 4.999994892216064
5 115 4.999994892216064
5 116 4.999994892216064
5 117 4.999994892216064
5 118 4.999994892216064
5 119 4.999994892216064
5 120 4.999994892216064
5 121 4.999994892216064
5 122 4.999994892216064
5 123 4.999994892216064
5 124 4.999994892216064
5 125 4.999994892216064
5 126 4.999994892216064
5 127 4.999994892216064
5 128 4.999994892216064
5 129 4.999994892216064
6 130 4.999994892216064
6 131 4.999994892216064
6 132 4.999994892216064
6 133 0.9999998118294594
