1 1 121.53965624562991
1 2 121.53965624562991
1 3 35.894599766201516
1 4 35.894599766201516
1 5 35.894599766201516
1 6 31.894655585770398
1 7 31.894655585770398
1 8 31.792635398916563
1 9 31.792635398916563
1 10 31.792635398916563
1 11 31.792635398916563
1 12 31.792635398916563
1 13 31.792635398916563
1 14 31.792635398916563
1 15 21.792744395923624
1 16 21.792744395923624
1 17 21.792744395923624
1 18 21.777121721329483
1 19 21.777121721329483
1 20 21.777121721329483
2 21 21.777121721329483
2 22 21.777121721329483
2 23 21.777121721329483
2 24 21.777121721329483
2 25 21.777121721329483
2 26 21.777121721329483
2 27 21.777121721329483
2 28 21.777121721329483
2 29 21.777121721329483
2 30 21.777121721329483
2 31 21.777121721329483
2 32 17.777168465738306
2 33 17.777168465738306
2 34 17.777168465738306
2 35 17.777168465738306
2 36 17.777168465738306
2 37 17.777168465738306
2 38 17.777168465738306
2 39 17.777168465738306
2 40 17.777168465738306
2 41 17.777168465738306
2 42 17.777168465738306
2 43 17.777168465738306
2 44 17.777168465738306
2 45 17.777168465738306
2 46 17.777168465738306
2 47 17.777168465738306
2 48 17.777168465738306
2 49 17.777168465738306
2 50 17.777168465738306
2 51 17.777168465738306
2 52 17.777168465738306
3 53 17.777168465738306
3 54 17.777168465738306
3 55 0.9999998118294594
