0 1 121.53965624562991
0 2 121.53965624562991
1 3 111.54023699118393
1 4 111.54023699118393
1 5 111.54023699118393
1 6 111.54023699118393
1 7 111.54023699118393
1 8 94.76347662027887
1 9 94.76347662027887
1 10 94.76347662027887
1 11 94.76347662027887
1 12 33.137265725106865
1 13 33.137265725106865
1 14 33.137265725106865
1 15 33.137265725106865
1 16 33.137265725106865
1 17 33.137265725106865
1 18 8.99998121080608
1 19 8.99998121080608
1 20 8.99998121080608
1 21 8.99998121080608
1 22 8.99998121080608
1 23 8.99998121080608
1 24 8.99998121080608
1 25 8.99998121080608
1 26 8.99998121080608
1 27 8.99998121080608
1 28 8.99998121080608
1 29 8.99998121080608
1 30 8.99998121080608
1 31 8.99998121080608
1 32 8.99998121080608
2 33 8.99998121080608
2 34 8.99998121080608
2 35 8.99998121080608
2 36 8.99998121080608
2 37 4.999994892216064
2 38 4.999994892216064
2 39 4.999994892216064
2 40 4.999994892216064
2 41 4.999994892216064
2 42 4.999994892216064
2 43 4.999994892216064
2 44 4.999994892216064
2 45 4.999994892216064
2 46 4.999994892216064
2 47 4.999994892216064
2 48 4.999994892216064
2 49 4.999994892216064
2 50 4.999994892216064
2 51 4.999994892216064
2 52 4.999994892216064
2 53 4.999994892216064
2 54 4.999994892216064
2 55 4.999994892216064
2 56 4.999994892216064
2 57 4.999994892216064
2 58 4.999994892216064
2 59 4.999994892216064
2 60 4.999994892216064
2 61 4.999994892216064
2 62 4.999994892216064
2 63 4.999994892216064
2 64 4.999994892216064
2 65 4.999994892216064
2 66 4.999994892216064
2 67 4.999994892216064
2 68 4.999994892216064
3 69 4.999994892216064
3 70 4.999994892216064
3 71 4.999994892216064
3 72 4.999994892216064
3 73 4.999994892216064
3 74 4.999994892216064
3 75 4.999994892216064
3 76 4.999994892216064
3 77 4.999994892216064
3 78 4.999994892216064
3 79 4.999994892216064
3 80 4.999994892216064
3 81 4.999994892216064
3 82 4.999994892216064
3 83 4.999994892216064
3 84 4.999994892216064
3 85 4.999994892216064
3 86 4.999994892216064
3 87 4.999994892216064
3 88 4.999994892216064
3 89 4.999994892216064
3 90 4.999994892216064
3 91 4.999994892216064
3 92 4.999994892216064
3 93 4.999994892216064
3 94 4.999994892216064
3 95 4.999994892216064
3 96 4.999994892216064
3 97 4.999994892216064
3 98 4.999994892216064
3 99 4.999994892216064
3 100 4.999994892216064
4 101 4.999994892216064
4 102 4.999994892216064
4 103 4.999994892216064
4 104 4.999994892216064
4 105 4.999994892216064
4 106 4.999994892216064
4 107 4.999994892216064
4 108 4.999994892216064
4 109 4.999994892216064
4 110 4.999994892216064
4 111 4.999994892216064
4 112 0.9999998118294594
