0 1 121.53965624562991
0 2 121.53965624562991
0 3 37.548477546465655
1 4 37.548477546465655
1 5 37.548477546465655
1 6 37.548477546465655
1 7 37.548477546465655
1 8 37.548477546465655
1 9 27.54861580787906
1 10 27.54861580787906
1 11 27.54861580787906
1 12 27.54861580787906
1 13 27.54861580787906
1 14 27.54861580787906
1 15 27.54861580787906
1 16 27.54861580787906
1 17 27.54861580787906
1 18 27.54861580787906
1 19 10.771531259292411
1 20 10.771531259292411
1 21 10.771531259292411
1 22 10.771531259292411
1 23 10.771531259292411
1 24 10.771531259292411
1 25 9.000709155210235
1 26 9.000709155210235
1 27 9.000709155210235
1 28 9.000709155210235
1 29 9.000709155210235
2 30 9.000709155210235
2 31 9.000709155210235
2 32 9.000709155210235
2 33 9.000709155210235
2 34 8.999981217619561
2 35 8.999981217619561
2 36 8.999981217619561
2 37 8.999981217619561
2 38 8.999981217619561
2 39 8.999981217619561
2 40 4.999996753025548
2 41 4.999996753025548
2 42 0.9999998701209394
