0 1 121.53965624562991
0 2 121.53965624562991
0 3 121.53965624562991
0 4 59.913954016918176
1 5 59.913954016918176
1 6 59.913954016918176
1 7 59.913954016918176
1 8 49.91420825523979
1 9 49.91420825523979
1 10 49.91420825523979
1 11 49.91420825523979
1 12 49.91420825523979
1 13 49.91420825523979
1 14 49.91420825523979
1 15 33.137265725106865
1 16 33.137265725106865
1 17 33.137265725106865
1 18 33.137265725106865
1 19 33.137265725106865
1 20 20.39051376170908
1 21 20.39051376170908
1 22 20.39051376170908
1 23 20.39051376170908
1 24 20.39051376170908
1 25 10.771531259292411
1 26 10.771531259292411
1 27 10.771531259292411
1 28 10.771531259292411
1 29 6.771549246366958
1 30 6.771549246366958
1 31 6.771549246366958
2 32 6.771549246366958
2 33 6.771549246366958
2 34 5.999990851266736
2 35 5.999990851266736
2 36 5.999990851266736
2 37 5.999990851266736
2 38 5.999990851266736
2 39 5.999990851266736
2 40 5.999990851266736
2 41 5.000057887584003
2 42 5.000057887584003
2 43 5.000057887584003
2 44 5.000057887584003
2 45 5.000057887584003
2 46 5.000057887584003
2 47 5.000057887584003
2 48 5.000057887584003
2 49 5.000057887584003
2 50 5.000057887584003
2 51 5.000057887584003
2 52 5.000057887584003
2 53 5.000057887584003
2 54 5.000057887584003
2 55 5.000057887584003
2 56 5.000057887584003
2 57 5.000057887584003
2 58 5.000057887584003
2 59 5.000057887584003
2 60 5.000057887584003
2 61 5.000057887584003
2 62 5.000057887584003
2 63 5.000057887584003
2 64 5.000057887584003
2 65 5.000057887584003
2 66 4.999993895812086
3 67 4.999993895812086
3 68 4.999993895812086
3 69 4.999993895812086
3 70 4.999993895812086
3 71 4.999993895812086
3 72 4.999993895812086
3 73 4.999993895812086
3 74 4.999993895812086
3 75 4.999993895812086
3 76 4.999993895812086
3 77 4.999993895812086
3 78 4.999993895812086
3 79 4.999993895812086
3 80 4.999993895812086
3 81 4.999993895812086
3 82 4.999993895812086
3 83 4.999993895812086
3 84 4.999993895812086
3 85 4.999993895812086
3 86 4.999993895812086
3 87 4.999993895812086
3 88 4.999993895812086
3 89 4.999993895812086
3 90 4.999993895812086
3 91 4.999993895812086
3 92 4.999993895812086
3 93 4.999993895812086
3 94 4.999993895812086
4 95 4.999993895812086
4 96 4.999993895812086
4 97 4.999993895812086
4 98 4.999993895812086
4 99 4.999993895812086
4 100 4.999993895812086
4 101 4.999993895812086
4 102 4.999993895812086
4 103 4.999993895812086
4 104 4.999993895812086
4 105 4.999993895812086
4 106 4.999993895812086
4 107 4.999993895812086
4 108 4.999993895812086
4 109 4.999993895812086
4 110 4.999993895812086
4 111 4.999993895812086
4 112 4.999993895812086
4 113 4.999993895812086
4 114 4.999993895812086
4 115 0.0
