1 1 121.53965624562991
1 2 121.53965624562991
1 3 121.53965624562991
1 4 117.53989452229307
1 5 117.53989452229307
1 6 117.53989452229307
1 7 117.53989452229307
1 8 117.53989452229307
1 9 117.53989452229307
1 10 117.53989452229307
1 11 117.53989452229307
1 12 117.53989452229307
1 13 117.53989452229307
1 14 117.53989452229307
1 15 117.53989452229307
1 16 117.53989452229307
1 17 117.53989452229307
1 18 117.53989452229307
1 19 117.53989452229307
1 20 117.53989452229307
1 21 117.53989452229307
1 22 117.53989452229307
1 23 117.53989452229307
1 24 117.53989452229307
1 25 31.792635398916563
1 26 31.792635398916563
1 27 31.792635398916563
1 28 31.792635398916563
1 29 31.792635398916563
1 30 21.792744395923624
2 31 21.792744395923624
2 32 21.792744395923624
2 33 21.792744395923624
2 34 21.792744395923624
2 35 21.792744395923624
2 36 21.792744395923624
2 37 21.792744395923624
2 38 21.792744395923624
2 39 21.792744395923624
2 40 21.792744395923624
2 41 21.792744395923624
2 42 21.792744395923624
2 43 21.792744395923624
2 44 21.792744395923624
2 45 21.792744395923624
2 46 21.792744395923624
2 47 21.792744395923624
2 48 21.792744395923624
2 49 21.792744395923624
2 50 21.792744395923624
2 51 21.792744395923624
2 52 21.792744395923624
2 53 21.792744395923624
2 54 21.792744395923624
2 55 21.792744395923624
2 56 21.777121721329483
2 57 21.777121721329483
2 58 21.777121721329483
2 59 21.777121721329483
2 60 21.777121721329483
2 61 21.777121721329483
2 62 21.777121721329483
2 63 21.777121721329483
2 64 21.777121721329483
2 65 21.777121721329483
2 66 21.777121721329483
2 67 21.777121721329483
3 68 21.777121721329483
3 69 17.777168465738306
3 70 17.777168465738306
3 71 17.777168465738306
3 72 17.777168465738306
3 73 17.777168465738306
3 74 17.777168465738306
3 75 17.777168465738306
3 76 17.777168465738306
3 77 17.777168465738306
3 78 17.777168465738306
3 79 17.777168465738306
3 80 17.777168465738306
3 81 17.777168465738306
3 82 17.777168465738306
3 83 17.777168465738306
3 84 17.777168465738306
3 85 17.777168465738306
3 86 0.9999998118294594
