0 1 121.53965624562991
0 2 35.894599766201516
0 3 35.894599766201516
1 4 35.894599766201516
1 5 35.77768673154289
1 6 35.77768673154289
1 7 35.77768673154289
1 8 35.77768673154289
1 9 35.77768673154289
1 10 35.77768673154289
1 11 35.77768673154289
1 12 35.77768673154289
1 13 35.77768673154289
1 14 25.777810927962168
1 15 25.777810927962168
1 16 25.777810927962168
1 17 25.777810927962168
1 18 25.777810927962168
1 19 25.777810927962168
1 20 25.777810927962168
1 21 25.777810927962168
1 22 25.777810927962168
1 23 9.000709134754748
1 24 9.000709134754748
1 25 9.000709134754748
1 26 9.000709134754748
1 27 9.000709134754748
1 28 9.000709134754748
1 29 9.000709134754748
1 30 9.000709134754748
1 31 9.000709134754748
1 32 9.000709134754748
1 33 9.000709134754748
1 34 9.000709134754748
1 35 9.000709134754748
1 36 9.000709134754748
1 37 9.000709134754748
1 38 9.000709134754748
1 39 9.000709134754748
1 40 9.000709134754748
1 41 9.000709134754748
1 42 9.000709134754748
2 43 9.000709134754748
2 44 9.000709134754748
2 45 9.000709134754748
2 46 9.000709134754748
2 47 9.000709134754748
2 48 9.000709134754748
2 49 9.000709134754748
2 50 9.000709134754748
2 51 9.000709134754748
2 52 9.000709134754748
2 53 9.000709134754748
2 54 5.000722867949882
2 55 5.000722867949882
2 56 5.000722867949882
2 57 5.000722867949882
2 58 5.000722867949882
2 59 5.000722867949882
2 60 5.000722867949882
2 61 5.000722867949882
2 62 5.000722867949882
2 63 4.999994892216064
2 64 4.999994892216064
2 65 4.999994892216064
2 66 4.999994892216064
2 67 4.999994892216064
2 68 4.999994892216064
2 69 4.999994892216064
2 70 4.999994892216064
2 71 4.999994892216064
2 72 4.999994892216064
2 73 4.999994892216064
2 74 4.999994892216064
2 75 4.999994892216064
2 76 4.999994892216064
2 77 4.999994892216064
2 78 4.999994892216064
2 79 4.999994892216064
2 80 4.999994892216064
2 81 4.999994892216064
2 82 4.999994892216064
2 83 4.999994892216064
2 84 4.999994892216064
2 85 4.999994892216064
2 86 4.999994892216064
2 87 4.999994892216064
3 88 4.999994892216064
3 89 0.9999998118294594
