0 1 121.53965624562991
0 2 121.53965624562991
0 3 121.53965624562991
0 4 121.53965624562991
0 5 121.53965624562991
1 6 121.53965624562991
1 7 121.53965624562991
1 8 121.53965624562991
1 9 121.53965624562991
1 10 121.53965624562991
1 11 121.53965624562991
1 12 121.53965624562991
1 13 121.53965624562991
1 14 104.76288909957178
1 15 104.76288909957178
1 16 104.76288909957178
1 17 104.76288909957178
1 18 104.76288909957178
1 19 43.13705506854456
1 20 43.13705506854456
1 21 43.13705506854456
1 22 43.13705506854456
1 23 18.99991280398458
1 24 18.99991280398458
1 25 18.99991280398458
2 26 18.99991280398458
2 27 18.99991280398458
2 28 18.99991280398458
2 29 18.99991280398458
2 30 18.99991280398458
2 31 14.999946030120215
2 32 14.999946030120215
2 33 14.999946030120215
2 34 14.999946030120215
2 35 14.999946030120215
2 36 14.999946030120215
2 37 14.999946030120215
2 38 14.999946030120215
2 39 14.999946030120215
2 40 14.999946030120215
2 41 14.999946030120215
2 42 14.999946030120215
2 43 4.999994892216064
2 44 4.999994892216064
2 45 4.999994892216064
2 46 4.999994892216064
2 47 4.999994892216064
2 48 4.999994892216064
2 49 4.999994892216064
2 50 4.999994892216064
2 51 0.9999998118294594
