1 1 121.53965624562991
1 2 121.53965624562991
1 3 121.53965624562991
1 4 121.53965624562991
1 5 121.53965624562991
1 6 121.53965624562991
1 7 121.53965624562991
1 8 121.53965624562991
1 9 121.53965624562991
1 10 37.548477546465655
1 11 37.548477546465655
2 12 37.548477546465655
2 13 37.548477546465655
2 14 37.548477546465655
2 15 37.548477546465655
2 16 37.548477546465655
2 17 37.548477546465655
2 18 20.77145040620095
2 19 20.77145040620095
2 20 20.77145040620095
2 21 20.77145040620095
2 22 16.77148889921228
2 23 16.77148889921228
2 24 16.77148889921228
2 25 16.77148889921228
2 26 16.77148889921228
2 27 16.77148889921228
2 28 15.00067387926026
2 29 15.00067387926026
2 30 15.00067387926026
2 31 15.00067387926026
2 32 15.00067387926026
2 33 15.000008989360257
2 34 15.000008989360257
2 35 15.000008989360257
2 36 15.000008989360257
2 37 15.000008989360257
2 38 15.000008989360257
3 39 15.000008989360257
3 40 15.000008989360257
3 41 15.000008989360257
3 42 15.000008989360257
3 43 15.000008989360257
3 44 15.000008989360257
3 45 15.000008989360257
3 46 15.000008989360257
3 47 15.000008989360257
3 48 15.000008989360257
3 49 15.000008989360257
3 50 15.000008989360257
3 51 5.000057887584003
3 52 5.000057887584003
3 53 5.000057887584003
3 54 5.000057887584003
3 55 5.000057887584003
3 56 5.000057887584003
3 57 5.000057887584003
3 58 5.000057887584003
3 59 5.000057887584003
3 60 5.000057887584003
3 61 5.000057887584003
3 62 5.000057887584003
3 63 5.000057887584003
3 64 5.000057887584003
3 65 5.000057887584003
3 66 5.000057887584003
3 67 5.000057887584003
4 68 5.000057887584003
4 69 5.000057887584003
4 70 5.000057887584003
4 71 5.000057887584003
4 72 5.000057887584003
4 73 5.000057887584003
4 74 5.000057887584003
4 75 4.999993895812086
4 76 4.999993895812086
4 77 4.999993895812086
4 78 4.999993895812086
4 79 4.999993895812086
4 80 4.999993895812086
4 81 4.999993895812086
4 82 4.999993895812086
4 83 4.999993895812086
4 84 4.999993895812086
4 85 4.999993895812086
4 86 4.999993895812086
4 87 4.999993895812086
4 88 4.999993895812086
4 89 4.999993895812086
4 90 4.999993895812086
4 91 4.999993895812086
4 92 0.0
