0 1 121.53965624562991
0 2 121.53965624562991
0 3 121.53965624562991
0 4 117.53989452229307
0 5 117.53989452229307
0 6 117.53989452229307
1 7 117.53989452229307
1 8 117.53989452229307
1 9 117.53989452229307
1 10 117.53989452229307
1 11 117.53989452229307
1 12 117.53989452229307
1 13 117.53989452229307
1 14 100.76313117360763
1 15 100.76313117360763
1 16 100.76313117360763
1 17 90.76369513958736
1 18 90.76369513958736
1 19 15.01556932433304
1 20 15.01556932433304
1 21 15.01556932433304
1 22 15.01556932433304
1 23 15.01556932433304
1 24 15.01556932433304
1 25 15.01556932433304
1 26 15.01556932433304
1 27 15.01556932433304
1 28 15.01556932433304
1 29 15.01556932433304
1 30 15.01556932433304
1 31 15.01556932433304
1 32 15.01556932433304
1 33 15.01556932433304
1 34 5.015618788021201
1 35 5.015618788021201
1 36 5.015618788021201
1 37 5.015618788021201
1 38 5.015618788021201
1 39 5.015618788021201
1 40 5.015618788021201
1 41 5.015618788021201
1 42 5.015618788021201
1 43 5.015618788021201
2 44 5.015618788021201
2 45 4.999994892216064
2 46 4.999994892216064
2 47 4.999994892216064
2 48 4.999994892216064
2 49 4.999994892216064
2 50 4.999994892216064
2 51 4.999994892216064
2 52 4.999994892216064
2 53 4.999994892216064
2 54 4.999994892216064
2 55 4.999994892216064
2 56 4.999994892216064
2 57 4.999994892216064
2 58 4.999994892216064
2 59 0.9999998118294594
