0 1 121.53965624562991
0 2 19.99991505998331
0 3 18.06215981139476
0 4 18.06215981139476
0 5 9.062262263174526
0 6 9.062262263174526
0 7 9.062262263174526
1 8 9.062262263174526
1 9 4.787181075553328
1 10 4.787181075553328
1 11 4.787181075553328
1 12 4.787181075553328
1 13 4.787181075553328
1 14 4.787181075553328
1 15 4.787181075553328
1 16 4.787181075553328
1 17 4.787181075553328
1 18 4.787181075553328
1 19 4.787181075553328
1 20 4.787181075553328
1 21 4.787181075553328
1 22 4.787181075553328
1 23 4.787181075553328
1 24 4.787181075553328
1 25 4.787181075553328
1 26 4.787181075553328
1 27 4.787181075553328
1 28 4.015621494679545
1 29 4.015621494679545
1 30 4.015621494679545
1 31 4.015621494679545
1 32 4.015621494679545
1 33 4.015621494679545
1 34 4.015621494679545
1 35 4.015621494679545
1 36 4.015621494679545
1 37 4.015621494679545
1 38 4.015621494679545
1 39 4.015621494679545
1 40 4.015621494679545
1 41 4.015621494679545
1 42 4.015621494679545
1 43 4.015621494679545
1 44 4.015621494679545
1 45 4.015621494679545
1 46 4.015621494679545
1 47 4.015621494679545
1 48 4.015621494679545
1 49 4.015621494679545
1 50 4.015621494679545
1 51 4.015621494679545
1 52 4.015621494679545
1 53 4.015621494679545
1 54 4.015621494679545
1 55 4.015621494679545
2 56 4.015621494679545
2 57 4.015621494679545
2 58 4.015621494679545
2 59 4.015621494679545
2 60 4.015621494679545
2 61 4.015621494679545
2 62 4.015621494679545
2 63 4.015621494679545
2 64 4.015621494679545
2 65 4.015621494679545
2 66 4.015621494679545
2 67 4.015621494679545
2 68 4.015621494679545
2 69 4.015621494679545
2 70 4.015621494679545
2 71 4.015621494679545
2 72 4.015621494679545
2 73 4.015621494679545
2 74 4.015621494679545
2 75 4.015621494679545
2 76 4.015621494679545
2 77 4.015621494679545
2 78 4.015621494679545
2 79 4.015621494679545
2 80 4.015621494679545
2 81 4.015621494679545
2 82 4.015621494679545
2 83 4.015621494679545
2 84 4.015621494679545
2 85 4.015621494679545
2 86 3.7715567327284227
2 87 3.7715567327284227
3 88 3.7715567327284227
3 89 3.7715567327284227
3 90 3.7715567327284227
3 91 3.7715567327284227
3 92 3.7715567327284227
3 93 3.2777666083625454
3 94 3.2777666083625454
3 95 3.2777666083625454
3 96 3.2777666083625454
3 97 3.2777666083625454
3 98 3.2777666083625454
3 99 3.2777666083625454
3 100 3.2777666083625454
3 101 3.2777666083625454
3 102 3.2777666083625454
3 103 3.2777666083625454
3 104 3.2777666083625454
3 105 3.2777666083625454
3 106 3.2777666083625454
3 107 3.2777666083625454
3 108 3.2777666083625454
3 109 3.2777666083625454
3 110 3.2777666083625454
3 111 3.2777666083625454
3 112 3.2777666083625454
3 113 3.2777666083625454
3 114 3.2777666083625454
3 115 3.2777666083625454
3 116 1.0000638177388799
3 117 1.0000638177388799
3 118 1.0000638177388799
3 119 1.0000638177388799
3 120 1.0000638177388799
3 121 1.0000638177388799
3 122 1.0000638177388799
3 123 1.0000638177388799
3 124 1.0000638177388799
3 125 1.0000638177388799
3 126 1.0000638177388799
3 127 1.0000638177388799
3 128 1.0000638177388799
4 129 1.0000638177388799
4 130 1.0000638177388799
4 131 1.0000638177388799
4 132 1.0000638177388799
4 133 1.0000638177388799
4 134 1.0000638177388799
4 135 1.0000638177388799
4 136 1.0000638177388799
4 137 1.0000638177388799
4 138 1.0000638177388799
4 139 1.0000638177388799
4 140 1.0000638177388799
4 141 1.0000638177388799
4 142 1.0000638177388799
4 143 1.0000638177388799
4 144 1.0000638177388799
4 145 1.0000638177388799
4 146 1.0000638177388799
4 147 1.0000638177388799
4 148 1.0000638177388799
4 149 1.0000638177388799
4 150 1.0000638177388799
4 151 1.0000638177388799
4 152 1.0000638177388799
4 153 1.0000638177388799
4 154 1.0000638177388799
4 155 1.0000638177388799
4 156 1.0000638177388799
4 157 1.0000638177388799
4 158 1.0000638177388799
4 159 1.0000638177388799
4 160 1.0000638177388799
4 161 1.0000638177388799
4 162 1.0000638177388799
5 163 1.0000638177388799
5 164 1.0000638177388799
5 165 1.0000638177388799
5 166 1.0000638177388799
5 167 1.0000638177388799
5 168 1.0000638177388799
5 169 1.0000638177388799
5 170 1.0000638177388799
5 171 1.0000638177388799
5 172 1.0000638177388799
5 173 1.0000638177388799
5 174 1.0000638177388799
5 175 1.0000638177388799
5 176 1.0000638177388799
5 177 1.0000638177388799
5 178 1.0000638177388799
5 179 1.0000638177388799
5 180 1.0000638177388799
5 181 1.0000638177388799
5 182 1.0000638177388799
5 183 1.0000638177388799
5 184 1.0000638177388799
5 185 1.0000638177388799
5 186 1.0000638177388799
5 187 1.0000638177388799
5 188 1.0000638177388799
5 189 1.0000638177388799
5 190 1.0000638177388799
5 191 1.0000638177388799
5 192 1.0000638177388799
5 193 1.0000638177388799
5 194 1.0000638177388799
5 195 1.0000638177388799
5 196 1.0000638177388799
5 197 1.0000638177388799
5 198 1.0000638177388799
6 199 1.0000638177388799
6 200 1.0000638177388799
6 201 0.9999998118294594
