0 1 121.53965624562991
0 2 18.27764384866859
0 3 18.27764384866859
0 4 18.27764384866859
0 5 18.27764384866859
0 6 18.27764384866859
0 7 15.04659982787948
0 8 15.04659982787948
0 9 15.04659982787948
0 10 15.04659982787948
0 11 8.000040649484259
0 12 8.000040649484259
0 13 8.000040649484259
0 14 8.000040649484259
0 15 8.000040649484259
0 16 8.000040649484259
1 17 8.000040649484259
1 18 8.000040649484259
1 19 8.000040649484259
1 20 8.000040649484259
1 21 8.000040649484259
1 22 8.000040649484259
1 23 8.000040649484259
1 24 8.000040649484259
1 25 8.000040649484259
1 26 8.000040649484259
1 27 8.000040649484259
1 28 8.000040649484259
1 29 8.000040649484259
1 30 8.000040649484259
1 31 8.000040649484259
1 32 8.000040649484259
1 33 8.000040649484259
1 34 8.000040649484259
1 35 8.000040649484259
1 36 8.000040649484259
1 37 8.000040649484259
1 38 8.000040649484259
1 39 8.000040649484259
1 40 8.000040649484259
1 41 8.000040649484259
1 42 8.000040649484259
1 43 8.000040649484259
1 44 8.000040649484259
1 45 8.000040649484259
1 46 8.000040649484259
1 47 8.000040649484259
1 48 8.000040649484259
1 49 8.000040649484259
1 50 8.000040649484259
1 51 8.000040649484259
1 52 8.000040649484259
1 53 8.000040649484259
1 54 8.000040649484259
1 55 8.000040649484259
1 56 8.000040649484259
1 57 8.000040649484259
1 58 8.000040649484259
1 59 8.000040649484259
1 60 8.000040649484259
1 61 8.000040649484259
1 62 8.000040649484259
1 63 8.000040649484259
1 64 8.000040649484259
2 65 8.000040649484259
2 66 8.000040649484259
2 67 8.000040649484259
2 68 8.000040649484259
2 69 8.000040649484259
2 70 8.000040649484259
2 71 8.000040649484259
2 72 8.000040649484259
2 73 8.000040649484259
2 74 8.000040649484259
2 75 8.000040649484259
2 76 8.000040649484259
2 77 8.000040649484259
2 78 8.000040649484259
2 79 8.000040649484259
2 80 8.000040649484259
2 81 8.000040649484259
2 82 8.000040649484259
2 83 8.000040649484259
2 84 8.000040649484259
2 85 8.000040649484259
2 86 8.000040649484259
2 87 8.000040649484259
2 88 8.000040649484259
2 89 8.000040649484259
2 90 8.000040649484259
2 91 8.000040649484259
2 92 8.000040649484259
2 93 8.000040649484259
2 94 8.000040649484259
2 95 8.000040649484259
2 96 6.277754236071841
2 97 6.277754236071841
2 98 6.277754236071841
2 99 6.277754236071841
2 100 6.277754236071841
2 101 6.277754236071841
2 102 6.277754236071841
2 103 6.277754236071841
2 104 6.277754236071841
2 105 6.277754236071841
2 106 6.277754236071841
2 107 6.277754236071841
2 108 6.277754236071841
2 109 6.277754236071841
2 110 6.277754236071841
2 111 6.277754236071841
2 112 6.277754236071841
2 113 6.277754236071841
3 114 6.277754236071841
3 115 6.277754236071841
3 116 6.277754236071841
3 117 6.277754236071841
3 118 6.277754236071841
3 119 6.277754236071841
3 120 6.277754236071841
3 121 6.277754236071841
3 122 6.277754236071841
3 123 6.277754236071841
3 124 6.277754236071841
3 125 6.277754236071841
3 126 6.277754236071841
3 127 6.277754236071841
3 128 6.277754236071841
3 129 6.277754236071841
3 130 6.277754236071841
3 131 6.277754236071841
3 132 6.277754236071841
3 133 6.277754236071841
3 134 6.277754236071841
3 135 6.277754236071841
3 136 6.277754236071841
3 137 6.277754236071841
3 138 6.277754236071841
3 139 6.277754236071841
3 140 6.277754236071841
3 141 6.277754236071841
3 142 6.277754236071841
3 143 6.277754236071841
3 144 6.277754236071841
3 145 6.277754236071841
3 146 6.277754236071841
3 147 6.277754236071841
3 148 6.277754236071841
3 149 6.277754236071841
3 150 6.277754236071841
3 151 6.277754236071841
3 152 6.277754236071841
3 153 6.277754236071841
3 154 6.277754236071841
3 155 6.277754236071841
3 156 6.277754236071841
3 157 6.277754236071841
3 158 6.277754236071841
3 159 6.277754236071841
3 160 6.277754236071841
3 161 6.277754236071841
3 162 6.277754236071841
3 163 6.277754236071841
4 164 6.277754236071841
4 165 6.277754236071841
4 166 6.277754236071841
4 167 6.277754236071841
4 168 6.277754236071841
4 169 6.277754236071841
4 170 6.277754236071841
4 171 6.277754236071841
4 172 6.277754236071841
4 173 6.277754236071841
4 174 6.277754236071841
4 175 6.277754236071841
4 176 6.277754236071841
4 177 6.277754236071841
4 178 6.277754236071841
4 179 6.277754236071841
4 180 6.277754236071841
4 181 3.9999954491660747
4 182 3.9999954491660747
4 183 3.9999954491660747
4 184 3.9999954491660747
4 185 3.9999954491660747
4 186 3.9999954491660747
4 187 3.9999954491660747
4 188 3.9999954491660747
4 189 3.9999954491660747
4 190 3.9999954491660747
4 191 3.9999954491660747
4 192 3.9999954491660747
4 193 3.9999954491660747
4 194 3.9999954491660747
4 195 3.9999954491660747
4 196 3.9999954491660747
4 197 3.9999954491660747
4 198 3.9999954491660747
4 199 3.9999954491660747
4 200 3.9999954491660747
4 201 3.9999954491660747
4 202 3.9999954491660747
4 203 3.9999954491660747
4 204 3.9999954491660747
4 205 3.9999954491660747
4 206 3.9999954491660747
4 207 3.9999954491660747
4 208 3.9999954491660747
4 209 3.9999954491660747
4 210 3.9999954491660747
4 211 3.0466535242336708
4 212 3.0466535242336708
4 213 3.0466535242336708
4 214 3.0466535242336708
4 215 3.0466535242336708
5 216 3.0466535242336708
5 217 3.0466535242336708
5 218 3.0466535242336708
5 219 3.0466535242336708
5 220 3.0466535242336708
5 221 3.0466535242336708
5 222 3.0466535242336708
5 223 3.0466535242336708
5 224 3.0466535242336708
5 225 3.0466535242336708
5 226 3.0466535242336708
5 227 3.0466535242336708
5 228 3.0466535242336708
5 229 3.0466535242336708
5 230 3.0466535242336708
5 231 3.0466535242336708
5 232 3.0466535242336708
5 233 3.0466535242336708
5 234 3.0466535242336708
5 235 3.0466535242336708
5 236 3.0466535242336708
5 237 3.0466535242336708
5 238 3.0466535242336708
5 239 3.0466535242336708
5 240 3.0466535242336708
5 241 3.0466535242336708
5 242 3.0466535242336708
5 243 3.0466535242336708
5 244 3.0466535242336708
5 245 3.0466535242336708
5 246 3.0466535242336708
5 247 3.0466535242336708
5 248 3.0466535242336708
5 249 3.0466535242336708
5 250 3.0466535242336708
5 251 3.0466535242336708
5 252 3.0466535242336708
5 253 3.0466535242336708
5 254 3.0466535242336708
5 255 3.0466535242336708
5 256 3.0466535242336708
5 257 3.0466535242336708
5 258 3.0466535242336708
5 259 3.0466535242336708
5 260 3.0466535242336708
5 261 3.0466535242336708
5 262 3.0466535242336708
5 263 3.0466535242336708
6 264 3.0466535242336708
6 265 3.0466535242336708
6 266 3.0466535242336708
6 267 3.0466535242336708
6 268 3.0466535242336708
6 269 3.0466535242336708
6 270 3.0466535242336708
6 271 3.0466535242336708
6 272 3.0466535242336708
6 273 3.0466535242336708
6 274 3.0466535242336708
6 275 3.0466535242336708
6 276 3.0466535242336708
6 277 3.0466535242336708
6 278 3.0466535242336708
6 279 3.0466535242336708
6 280 3.0466535242336708
6 281 3.0466535242336708
6 282 3.0466535242336708
6 283 3.0466535242336708
6 284 3.0466535242336708
6 285 3.0466535242336708
6 286 3.0466535242336708
6 287 3.0466535242336708
6 288 3.0466535242336708
6 289 3.0466535242336708
6 290 3.0466535242336708
6 291 3.0466535242336708
6 292 3.0466535242336708
6 293 3.0466535242336708
6 294 3.0466535242336708
6 295 3.0466535242336708
6 296 3.0466535242336708
6 297 3.0466535242336708
6 298 3.0466535242336708
6 299 3.0466535242336708
6 300 3.0466535242336708
6 301 3.0466535242336708
6 302 3.0466535242336708
6 303 3.0466535242336708
6 304 3.0466535242336708
6 305 3.0466535242336708
6 306 3.0466535242336708
6 307 3.0466535242336708
6 308 3.0466535242336708
6 309 3.0466535242336708
6 310 3.0466535242336708
6 311 3.0466535242336708
6 312 3.0466535242336708
6 313 3.0466535242336708
6 314 3.0466535242336708
7 315 3.0466535242336708
7 316 3.0466535242336708
7 317 3.0466535242336708
7 318 3.0466535242336708
7 319 3.0466535242336708
7 320 3.0466535242336708
7 321 3.0466535242336708
7 322 3.0466535242336708
7 323 3.0466535242336708
7 324 3.0466535242336708
7 325 3.0466535242336708
7 326 3.0466535242336708
7 327 3.0466535242336708
7 328 3.0466535242336708
7 329 3.0466535242336708
7 330 3.0466535242336708
7 331 3.0466535242336708
7 332 3.0466535242336708
7 333 3.0466535242336708
7 334 3.0466535242336708
7 335 3.0466535242336708
7 336 3.0466535242336708
7 337 3.0466535242336708
7 338 3.0466535242336708
7 339 3.0466535242336708
7 340 3.0466535242336708
7 341 3.0466535242336708
7 342 3.0466535242336708
7 343 3.0466535242336708
7 344 3.0466535242336708
7 345 3.0466535242336708
7 346 3.0466535242336708
7 347 3.0466535242336708
7 348 3.0466535242336708
7 349 3.0466535242336708
7 350 3.0466535242336708
7 351 3.0466535242336708
7 352 1.27999999997669E-4
