0 1 121.53965624562991
0 2 121.53965624562991
0 3 99.7747841592463
0 4 31.777001161106547
1 5 9.121723019688247
1 6 9.121723019688247
1 7 9.121723019688247
1 8 9.121723019688247
1 9 9.121723019688247
1 10 9.121723019688247
1 11 9.121723019688247
1 12 9.121723019688247
1 13 9.121723019688247
1 14 9.121723019688247
1 15 9.121723019688247
1 16 9.121723019688247
1 17 9.121723019688247
1 18 9.121723019688247
1 19 9.121723019688247
1 20 9.121723019688247
1 21 9.121723019688247
1 22 9.121723019688247
1 23 9.121723019688247
1 24 9.121723019688247
1 25 9.121723019688247
1 26 9.121723019688247
1 27 9.121723019688247
1 28 9.121723019688247
1 29 9.121723019688247
1 30 9.121723019688247
1 31 9.121723019688247
1 32 9.121723019688247
1 33 9.121723019688247
1 34 9.121723019688247
1 35 9.121723019688247
1 36 9.121723019688247
1 37 9.121723019688247
1 38 9.121723019688247
1 39 9.121723019688247
1 40 9.121723019688247
1 41 9.121723019688247
1 42 9.121723019688247
1 43 9.121723019688247
1 44 9.121723019688247
1 45 9.121723019688247
1 46 9.121723019688247
1 47 9.121723019688247
1 48 9.121723019688247
1 49 9.121723019688247
2 50 9.121723019688247
2 51 9.121723019688247
2 52 9.121723019688247
2 53 9.121723019688247
2 54 9.121723019688247
2 55 9.121723019688247
2 56 9.121723019688247
2 57 9.121723019688247
2 58 9.121723019688247
2 59 9.121723019688247
2 60 9.121723019688247
2 61 9.121723019688247
2 62 9.121723019688247
2 63 9.121723019688247
2 64 9.121723019688247
2 65 9.121723019688247
2 66 9.121723019688247
2 67 9.121723019688247
2 68 9.121723019688247
2 69 9.121723019688247
2 70 9.121723019688247
2 71 9.121723019688247
2 72 9.121723019688247
2 73 9.121723019688247
2 74 9.121723019688247
2 75 9.121723019688247
2 76 9.121723019688247
2 77 9.121723019688247
2 78 9.121723019688247
2 79 9.121723019688247
2 80 9.121723019688247
2 81 9.121723019688247
2 82 9.121723019688247
2 83 9.121723019688247
2 84 9.121723019688247
2 85 9.121723019688247
2 86 9.121723019688247
2 87 9.121723019688247
2 88 9.121723019688247
2 89 9.121723019688247
2 90 9.121723019688247
2 91 9.121723019688247
2 92 9.121723019688247
2 93 9.121723019688247
2 94 9.121723019688247
2 95 9.121723019688247
2 96 9.121723019688247
2 97 9.121723019688247
2 98 9.121723019688247
2 99 9.121723019688247
2 100 9.121723019688247
2 101 5.015682965621884
2 102 5.015682965621884
3 103 5.015682965621884
3 104 5.015682965621884
3 105 5.015682965621884
3 106 5.015682965621884
3 107 5.015682965621884
3 108 5.015682965621884
3 109 5.015682965621884
3 110 5.015682965621884
3 111 5.015682965621884
3 112 5.015682965621884
3 113 5.015682965621884
3 114 5.015682965621884
3 115 5.015682965621884
3 116 5.015682965621884
3 117 5.015682965621884
3 118 5.015682965621884
3 119 5.015682965621884
3 120 5.015682965621884
3 121 5.015682965621884
3 122 5.015682965621884
3 123 5.015682965621884
3 124 5.015682965621884
3 125 5.015682965621884
3 126 5.015682965621884
3 127 5.015682965621884
3 128 5.015682965621884
3 129 5.015682965621884
3 130 5.015682965621884
3 131 5.015682965621884
3 132 5.015682965621884
3 133 5.015682965621884
3 134 5.015682965621884
3 135 5.015682965621884
3 136 5.015682965621884
3 137 5.015682965621884
3 138 5.015682965621884
3 139 5.015682965621884
3 140 5.015682965621884
3 141 5.015682965621884
3 142 5.015682965621884
3 143 5.015682965621884
3 144 5.015682965621884
3 145 5.015682965621884
3 146 5.015682965621884
3 147 5.015682965621884
3 148 5.015682965621884
3 149 5.015682965621884
3 150 5.015682965621884
4 151 5.015682965621884
4 152 5.015682965621884
4 153 5.015682965621884
4 154 5.015682965621884
4 155 5.015682965621884
4 156 5.015682965621884
4 157 5.015682965621884
4 158 5.015682965621884
4 159 5.015682965621884
4 160 5.015682965621884
4 161 5.015682965621884
4 162 5.015682965621884
4 163 5.015682965621884
4 164 5.015682965621884
4 165 5.015682965621884
4 166 5.015682965621884
4 167 5.015682965621884
4 168 5.015682965621884
4 169 5.015682965621884
4 170 5.015682965621884
4 171 5.015682965621884
4 172 5.015682965621884
4 173 5.015682965621884
4 174 5.000059059721001
4 175 5.000059059721001
4 176 5.000059059721001
4 177 5.000059059721001
4 178 5.000059059721001
4 179 5.000059059721001
4 180 5.000059059721001
4 181 5.000059059721001
4 182 5.000059059721001
4 183 5.000059059721001
4 184 5.000059059721001
4 185 5.000059059721001
4 186 5.000059059721001
4 187 5.000059059721001
4 188 5.000059059721001
4 189 5.000059059721001
4 190 5.000059059721001
4 191 5.000059059721001
4 192 5.000059059721001
4 193 5.000059059721001
4 194 5.000059059721001
4 195 1.000063875220009
4 196 1.000063875220009
4 197 1.000063875220009
4 198 1.000063875220009
5 199 1.000063875220009
5 200 1.000063875220009
5 201 1.000063875220009
5 202 1.000063875220009
5 203 1.000063875220009
5 204 1.000063875220009
5 205 1.000063875220009
5 206 1.000063875220009
5 207 1.000063875220009
5 208 1.000063875220009
5 209 1.000063875220009
5 210 1.000063875220009
5 211 1.000063875220009
5 212 1.000063875220009
5 213 1.000063875220009
5 214 1.000063875220009
5 215 1.000063875220009
5 216 1.000063875220009
5 217 1.000063875220009
5 218 1.000063875220009
5 219 1.000063875220009
5 220 1.000063875220009
5 221 1.000063875220009
5 222 1.000063875220009
5 223 1.000063875220009
5 224 1.000063875220009
5 225 1.000063875220009
5 226 1.000063875220009
5 227 6.399999999939787E-5
