0 1 121.53965624562991
1 2 20.77555199983609
1 3 8.543099933157526
1 4 8.262847574267477
1 5 4.999994894318998
1 6 4.999994894318998
1 7 4.999994894318998
1 8 4.999994894318998
1 9 4.999994894318998
1 10 4.999994894318998
1 11 4.999994894318998
1 12 4.999994894318998
1 13 4.999994894318998
1 14 4.999994894318998
1 15 4.999994894318998
1 16 4.999994894318998
1 17 4.999994894318998
1 18 4.999994894318998
1 19 4.999994894318998
1 20 4.999994894318998
1 21 4.999994894318998
1 22 4.999994894318998
1 23 4.999994894318998
1 24 4.999994894318998
1 25 4.999994894318998
1 26 4.999994894318998
1 27 4.999994894318998
1 28 4.999994894318998
1 29 4.999994894318998
2 30 4.999994894318998
2 31 4.999994894318998
2 32 4.999994894318998
2 33 4.999994894318998
2 34 4.999994894318998
2 35 4.999994894318998
2 36 4.999994894318998
2 37 4.999994894318998
2 38 4.999994894318998
2 39 4.999994894318998
2 40 4.999994894318998
2 41 4.999994894318998
2 42 4.999994894318998
2 43 4.999994894318998
2 44 4.999994894318998
2 45 4.999994894318998
2 46 4.999994894318998
2 47 4.999994894318998
2 48 4.999994894318998
2 49 4.999994894318998
2 50 4.999994894318998
2 51 4.999994894318998
2 52 4.999994894318998
2 53 4.999994894318998
2 54 4.999994894318998
2 55 4.999994894318998
2 56 4.999994894318998
2 57 4.999994894318998
2 58 4.999994894318998
2 59 4.999994894318998
2 60 4.999994894318998
2 61 4.999994894318998
2 62 4.999994894318998
2 63 4.999994894318998
2 64 4.999994894318998
2 65 4.999994894318998
2 66 4.999994894318998
2 67 4.999994894318998
2 68 4.999994894318998
2 69 4.999994894318998
2 70 4.999994894318998
2 71 4.999994894318998
2 72 4.999994894318998
2 73 4.999994894318998
2 74 4.999994894318998
2 75 4.999994894318998
3 76 4.999994894318998
3 77 4.999994894318998
3 78 4.999994894318998
3 79 4.999994894318998
3 80 4.999994894318998
3 81 4.999994894318998
3 82 4.999994894318998
3 83 4.999994894318998
3 84 4.999994894318998
3 85 4.999994894318998
3 86 4.999994894318998
3 87 4.999994894318998
3 88 4.999994894318998
3 89 4.999994894318998
3 90 4.999994894318998
3 91 4.999994894318998
3 92 4.999994894318998
3 93 4.999994894318998
3 94 4.999994894318998
3 95 4.999994894318998
3 96 4.999994894318998
3 97 4.999994894318998
3 98 4.999994894318998
3 99 4.999994894318998
3 100 4.999994894318998
3 101 4.999994894318998
3 102 4.999994894318998
3 103 4.999994894318998
3 104 4.999994894318998
3 105 4.999994894318998
3 106 4.999994894318998
3 107 4.999994894318998
3 108 4.999994894318998
3 109 4.999994894318998
3 110 4.999994894318998
3 111 4.999994894318998
3 112 4.999994894318998
3 113 4.999994894318998
3 114 4.999994894318998
3 115 4.999994894318998
3 116 4.999994894318998
3 117 4.999994894318998
4 118 4.999994894318998
4 119 4.999994894318998
4 120 4.999994894318998
4 121 4.999994894318998
4 122 4.999994894318998
4 123 4.999994894318998
4 124 4.999994894318998
4 125 4.999994894318998
4 126 4.999994894318998
4 127 4.999994894318998
4 128 4.999994894318998
4 129 4.999994894318998
4 130 4.999994894318998
4 131 4.999993895812086
4 132 4.999993895812086
4 133 4.999993895812086
4 134 4.999993895812086
4 135 4.999993895812086
4 136 4.999993895812086
4 137 4.999993895812086
4 138 4.999993895812086
4 139 4.999993895812086
4 140 4.999993895812086
4 141 4.999993895812086
4 142 4.999993895812086
4 143 4.999993895812086
4 144 4.999993895812086
4 145 4.999993895812086
4 146 4.999993895812086
4 147 4.999993895812086
4 148 4.999993895812086
4 149 4.999993895812086
4 150 4.999993895812086
4 151 4.999993895812086
4 152 4.999993895812086
4 153 4.999993895812086
4 154 4.999993895812086
4 155 4.999993895812086
4 156 4.999993895812086
4 157 4.999993895812086
4 158 4.999993895812086
4 159 4.999993895812086
4 160 4.999993895812086
5 161 4.999993895812086
5 162 4.999993895812086
5 163 4.999993895812086
5 164 4.999993895812086
5 165 4.999993895812086
5 166 4.999993895812086
5 167 4.999993895812086
5 168 4.999993895812086
5 169 4.999993895812086
5 170 4.999993895812086
5 171 4.999993895812086
5 172 4.999993895812086
5 173 4.999993895812086
5 174 4.999993895812086
5 175 4.999993895812086
5 176 4.999993895812086
5 177 4.999993895812086
5 178 4.999993895812086
5 179 4.999993895812086
5 180 4.999993895812086
5 181 4.999993895812086
5 182 4.999993895812086
5 183 4.999993895812086
5 184 4.999993895812086
5 185 4.999993895812086
5 186 4.999993895812086
5 187 4.999993895812086
5 188 4.999993895812086
5 189 4.999993895812086
5 190 4.999993895812086
5 191 4.999993895812086
5 192 4.999993895812086
5 193 4.999993895812086
5 194 4.999993895812086
5 195 4.999993895812086
5 196 4.999993895812086
5 197 4.999993895812086
5 198 0.004159999997613243
