1 1 121.53965624562991
1 2 121.53965624562991
1 3 33.137265725106865
1 4 5.262137065662543
1 5 5.262137065662543
1 6 5.262137065662543
1 7 5.262137065662543
1 8 5.262137065662543
1 9 5.262137065662543
1 10 5.262137065662543
1 11 5.262137065662543
1 12 5.262137065662543
1 13 5.262137065662543
2 14 5.262137065662543
2 15 5.262137065662543
2 16 5.262137065662543
2 17 5.262137065662543
2 18 5.262137065662543
2 19 5.262137065662543
2 20 5.262137065662543
2 21 5.262137065662543
2 22 5.262137065662543
2 23 5.262137065662543
2 24 5.262137065662543
2 25 5.262137065662543
2 26 5.262137065662543
2 27 5.262137065662543
2 28 5.262137065662543
2 29 5.262137065662543
2 30 5.262137065662543
2 31 5.262137065662543
2 32 5.262137065662543
2 33 5.262137065662543
2 34 5.262137065662543
2 35 5.262137065662543
2 36 5.262137065662543
2 37 5.262137065662543
2 38 5.262137065662543
2 39 5.262137065662543
2 40 5.262137065662543
2 41 5.262137065662543
3 42 5.262137065662543
3 43 5.262137065662543
3 44 5.262137065662543
3 45 5.262137065662543
3 46 5.262137065662543
3 47 5.262137065662543
3 48 5.262137065662543
3 49 5.262137065662543
3 50 5.262137065662543
3 51 5.262137065662543
3 52 5.262137065662543
3 53 5.262137065662543
3 54 5.262137065662543
3 55 5.262137065662543
3 56 5.262137065662543
3 57 5.262137065662543
3 58 5.262137065662543
3 59 5.262137065662543
3 60 5.262137065662543
3 61 5.262137065662543
3 62 5.262137065662543
3 63 5.262137065662543
3 64 5.262137065662543
3 65 5.262137065662543
3 66 5.262137065662543
3 67 5.262137065662543
3 68 5.262137065662543
3 69 5.262137065662543
3 70 5.262137065662543
3 71 5.262137065662543
3 72 5.262137065662543
3 73 5.262137065662543
3 74 5.262137065662543
3 75 5.262137065662543
3 76 5.262137065662543
3 77 5.262137065662543
3 78 5.262137065662543
4 79 5.262137065662543
4 80 5.262137065662543
4 81 5.262137065662543
4 82 5.262137065662543
4 83 5.262137065662543
4 84 5.262137065662543
4 85 5.262137065662543
4 86 5.262137065662543
4 87 5.262137065662543
4 88 5.262137065662543
4 89 5.262137065662543
4 90 5.262137065662543
4 91 5.262137065662543
4 92 5.262137065662543
4 93 5.262137065662543
4 94 5.262137065662543
4 95 5.262137065662543
4 96 5.262137065662543
4 97 5.262137065662543
4 98 5.262137065662543
4 99 5.262137065662543
4 100 5.262137065662543
4 101 5.262137065662543
4 102 5.015618788021201
4 103 5.015618788021201
4 104 5.015618788021201
4 105 4.999995295741037
4 106 4.999995295741037
4 107 4.999995295741037
4 108 4.999995295741037
4 109 4.999993895812086
4 110 4.999993895812086
4 111 4.999993895812086
4 112 4.999993895812086
4 113 4.999993895812086
4 114 4.999993895812086
4 115 4.999993895812086
4 116 4.999993895812086
4 117 4.999993895812086
4 118 4.999993895812086
4 119 4.999993895812086
4 120 4.999993895812086
4 121 4.999993895812086
5 122 4.999993895812086
5 123 4.999993895812086
5 124 4.999993895812086
5 125 4.999993895812086
5 126 4.999993895812086
5 127 4.999993895812086
5 128 4.999993895812086
5 129 4.999993895812086
5 130 4.999993895812086
5 131 4.999993895812086
5 132 4.999993895812086
5 133 4.999993895812086
5 134 4.999993895812086
5 135 4.999993895812086
5 136 4.999993895812086
5 137 4.999993895812086
5 138 4.999993895812086
5 139 4.999993895812086
5 140 4.999993895812086
5 141 4.999993895812086
5 142 4.999993895812086
5 143 4.999993895812086
5 144 4.999993895812086
5 145 4.999993895812086
5 146 4.999993895812086
5 147 4.999993895812086
5 148 4.999993895812086
5 149 4.999993895812086
5 150 4.999993895812086
5 151 4.999993895812086
5 152 4.999993895812086
5 153 4.999993895812086
5 154 4.999993895812086
5 155 4.999993895812086
5 156 4.999993895812086
5 157 4.999993895812086
5 158 4.999993895812086
5 159 4.999993895812086
5 160 4.999993895812086
5 161 4.999993895812086
5 162 4.999993895812086
5 163 4.999993895812086
6 164 4.999993895812086
6 165 4.999993895812086
6 166 4.999993895812086
6 167 4.999993895812086
6 168 4.999993895812086
6 169 4.999993895812086
6 170 4.999993895812086
6 171 4.999993895812086
6 172 4.999993895812086
6 173 4.999993895812086
6 174 4.999993895812086
6 175 4.999993895812086
6 176 4.999993895812086
6 177 4.999993895812086
6 178 4.999993895812086
6 179 4.999993895812086
6 180 4.999993895812086
6 181 4.999993895812086
6 182 4.999993895812086
6 183 4.999993895812086
6 184 4.999993895812086
6 185 4.999993895812086
6 186 4.999993895812086
6 187 4.999993895812086
6 188 4.999993895812086
6 189 4.999993895812086
6 190 4.999993895812086
6 191 4.999993895812086
7 192 4.999993895812086
7 193 4.999993895812086
7 194 4.999993895812086
7 195 4.999993895812086
7 196 4.999993895812086
7 197 4.999993895812086
7 198 4.999993895812086
7 199 4.999993895812086
7 200 4.999993895812086
7 201 4.999993895812086
7 202 4.999993895812086
7 203 4.999993895812086
7 204 4.999993895812086
7 205 4.999993895812086
7 206 4.999993895812086
7 207 4.999993895812086
7 208 4.999993895812086
7 209 4.999993895812086
7 210 4.999993895812086
7 211 4.999993895812086
7 212 4.999993895812086
7 213 4.999993895812086
7 214 4.999993895812086
7 215 4.999993895812086
7 216 4.999993895812086
7 217 4.999993895812086
7 218 4.999993895812086
7 219 4.999993895812086
7 220 4.999993895812086
7 221 4.999993895812086
7 222 4.999993895812086
7 223 4.999993895812086
7 224 4.999993895812086
7 225 4.999993895812086
7 226 4.999993895812086
7 227 4.999993895812086
7 228 4.999993895812086
7 229 4.999993895812086
7 230 4.999993895812086
7 231 4.999993895812086
7 232 4.999993895812086
7 233 4.999993895812086
7 234 4.999993895812086
7 235 4.999993895812086
7 236 4.999993895812086
8 237 4.999993895812086
8 238 4.999993895812086
8 239 4.999993895812086
8 240 4.999993895812086
8 241 4.999993895812086
8 242 4.999993895812086
8 243 4.999993895812086
8 244 4.999993895812086
8 245 4.999993895812086
8 246 4.999993895812086
8 247 4.999993895812086
8 248 4.999993895812086
8 249 4.999993895812086
8 250 4.999993895812086
8 251 4.999993895812086
8 252 4.999993895812086
8 253 4.999993895812086
8 254 4.999993895812086
8 255 4.999993895812086
8 256 4.999993895812086
8 257 4.999993895812086
8 258 4.999993895812086
8 259 4.999993895812086
8 260 4.999993895812086
8 261 4.999993895812086
8 262 4.999993895812086
8 263 4.999993895812086
8 264 4.999993895812086
8 265 4.999993895812086
8 266 4.999993895812086
8 267 4.999993895812086
8 268 4.999993895812086
8 269 4.999993895812086
8 270 4.999993895812086
8 271 4.999993895812086
9 272 4.999993895812086
9 273 4.999993895812086
9 274 4.999993895812086
9 275 4.999993895812086
9 276 0.9999998118294594
