1 1 121.53965624562991
1 2 5.379786485287764
1 3 5.0007228742641345
1 4 5.0007228742641345
1 5 5.0007228742641345
1 6 5.000059059721001
1 7 5.000059059721001
1 8 2.0000001409229475
1 9 2.0000001409229475
1 10 2.0000001409229475
1 11 2.0000001409229475
1 12 2.0000001409229475
1 13 2.0000001409229475
1 14 2.0000001409229475
1 15 2.0000001409229475
2 16 2.0000001409229475
2 17 2.0000001409229475
2 18 2.0000001409229475
2 19 2.0000001409229475
2 20 2.0000001409229475
2 21 2.0000001409229475
2 22 2.0000001409229475
2 23 2.0000001409229475
2 24 2.0000001409229475
2 25 2.0000001409229475
2 26 2.0000001409229475
2 27 2.0000001409229475
2 28 2.0000001409229475
2 29 2.0000001409229475
2 30 2.0000001409229475
2 31 2.0000001409229475
2 32 2.0000001409229475
2 33 2.0000001409229475
2 34 2.0000001409229475
2 35 2.0000001409229475
2 36 2.0000001409229475
2 37 2.0000001409229475
2 38 2.0000001409229475
2 39 2.0000001409229475
2 40 2.0000001409229475
2 41 2.0000001409229475
2 42 2.0000001409229475
2 43 2.0000001409229475
2 44 2.0000001409229475
2 45 2.0000001409229475
2 46 2.0000001409229475
2 47 2.0000001409229475
2 48 2.0000001409229475
2 49 2.0000001409229475
2 50 2.0000001409229475
2 51 2.0000001409229475
2 52 2.0000001409229475
2 53 2.0000001409229475
2 54 2.0000001409229475
2 55 2.0000001409229475
3 56 2.0000001409229475
3 57 2.0000001409229475
3 58 2.0000001409229475
3 59 2.0000001409229475
3 60 2.0000001409229475
3 61 0.26287299126547836
