0 1 121.53965624562991
0 2 19.531347102119508
0 3 8.004071651707513
0 4 8.004071651707513
0 5 8.004071651707513
0 6 5.547059231983872
0 7 5.547059231983872
1 8 5.547059231983872
1 9 5.547059231983872
1 10 5.547059231983872
1 11 5.547059231983872
1 12 5.547059231983872
1 13 5.547059231983872
1 14 5.547059231983872
1 15 5.547059231983872
1 16 5.547059231983872
1 17 5.547059231983872
1 18 5.547059231983872
1 19 5.547059231983872
1 20 5.547059231983872
1 21 5.547059231983872
1 22 5.547059231983872
1 23 5.547059231983872
1 24 5.547059231983872
1 25 5.547059231983872
1 26 5.547059231983872
1 27 5.547059231983872
1 28 5.547059231983872
1 29 5.547059231983872
1 30 5.547059231983872
1 31 5.547059231983872
1 32 5.547059231983872
1 33 5.547059231983872
1 34 5.547059231983872
1 35 5.547059231983872
1 36 5.547059231983872
1 37 5.547059231983872
1 38 5.547059231983872
1 39 5.547059231983872
1 40 5.547059231983872
1 41 5.547059231983872
1 42 5.547059231983872
2 43 5.547059231983872
2 44 5.547059231983872
2 45 5.547059231983872
2 46 5.547059231983872
2 47 5.277762799322142
2 48 5.277762799322142
2 49 5.277762799322142
2 50 5.277762799322142
2 51 5.277762799322142
2 52 2.9999988327444838
2 53 2.9999988327444838
2 54 2.9999988327444838
2 55 2.9999988327444838
2 56 2.9999988327444838
2 57 2.9999988327444838
2 58 2.9999988327444838
2 59 2.9999988327444838
2 60 2.9999988327444838
2 61 2.9999988327444838
2 62 2.9999988327444838
2 63 2.9999988327444838
2 64 2.9999988327444838
2 65 2.9999988327444838
2 66 2.9999988327444838
2 67 2.9999988327444838
2 68 2.9999988327444838
2 69 2.9999988327444838
2 70 2.9999988327444838
2 71 2.9999988327444838
2 72 2.9999988327444838
2 73 2.9999988327444838
2 74 2.9999988327444838
2 75 2.9999988327444838
2 76 2.9999988327444838
2 77 2.9999988327444838
2 78 2.9999988327444838
2 79 2.9999988327444838
2 80 2.9999988327444838
2 81 2.9999988327444838
2 82 2.9999988327444838
2 83 2.9999988327444838
2 84 0.3797929775634977
