0 1 121.53965624562991
0 2 61.0451481580533
0 3 33.13735178147779
0 4 24.11756976939196
0 5 24.11756976939196
1 6 15.524233535809401
1 7 15.524233535809401
1 8 9.004141220372887
1 9 9.004141220372887
1 10 9.004141220372887
1 11 9.004141220372887
1 12 9.004141220372887
1 13 9.004141220372887
1 14 9.004141220372887
1 15 9.004141220372887
1 16 9.004141220372887
1 17 9.004141220372887
1 18 9.004141220372887
1 19 9.004141220372887
1 20 9.004141220372887
1 21 9.004141220372887
1 22 8.999981217619561
1 23 8.999981217619561
1 24 8.999981217619561
1 25 8.999981217619561
1 26 8.999981217619561
1 27 8.999981217619561
2 28 8.999981217619561
2 29 8.999981217619561
2 30 1.2621438224606079
2 31 1.2621438224606079
2 32 1.2621438224606079
2 33 1.2621438224606079
2 34 1.2621438224606079
2 35 1.2621438224606079
2 36 1.2621438224606079
2 37 1.2621438224606079
2 38 1.2621438224606079
2 39 1.2621438224606079
2 40 1.2621438224606079
2 41 1.2621438224606079
2 42 1.2621438224606079
2 43 1.2621438224606079
2 44 1.2621438224606079
2 45 1.2621438224606079
2 46 1.2621438224606079
2 47 1.2621438224606079
2 48 1.2621438224606079
2 49 1.2621438224606079
2 50 1.2621438224606079
2 51 1.2621438224606079
2 52 1.2621438224606079
2 53 1.2621438224606079
2 54 1.2621438224606079
2 55 1.2621438224606079
2 56 1.2621438224606079
2 57 1.2621438224606079
2 58 1.2621438224606079
2 59 1.2621438224606079
2 60 1.2621438224606079
2 61 1.2621438224606079
2 62 1.2621438224606079
2 63 1.2621438224606079
3 64 1.2621438224606079
3 65 1.2621438224606079
3 66 1.2621438224606079
3 67 1.2621438224606079
3 68 1.2621438224606079
3 69 1.2621438224606079
3 70 1.2621438224606079
3 71 1.2621438224606079
3 72 1.2621438224606079
3 73 1.2621438224606079
3 74 1.2621438224606079
3 75 1.2621438224606079
3 76 1.2621438224606079
3 77 1.2621438224606079
3 78 1.2621438224606079
3 79 1.2621438224606079
3 80 1.2621438224606079
3 81 1.2621438224606079
3 82 1.2621438224606079
3 83 1.2621438224606079
3 84 1.2621438224606079
3 85 1.2621438224606079
3 86 1.2621438224606079
3 87 1.2621438224606079
3 88 1.2621438224606079
3 89 1.2621438224606079
3 90 1.2621438224606079
3 91 1.2621438224606079
3 92 1.2621438224606079
3 93 1.2621438224606079
3 94 1.2621438224606079
3 95 1.2621438224606079
3 96 1.2621438224606079
3 97 1.2621438224606079
3 98 1.2621438224606079
3 99 1.2621438224606079
3 100 1.2621438224606079
3 101 1.2621438224606079
4 102 1.2621438224606079
4 103 1.2621438224606079
4 104 1.2621438224606079
4 105 1.2621438224606079
4 106 1.2621438224606079
4 107 1.2621438224606079
4 108 1.2621438224606079
4 109 1.2621438224606079
4 110 1.2621438224606079
4 111 1.2621438224606079
4 112 1.2621438224606079
4 113 1.2621438224606079
4 114 1.2621438224606079
4 115 1.2621438224606079
4 116 1.2621438224606079
4 117 1.2621438224606079
4 118 1.2621438224606079
4 119 1.2621438224606079
4 120 1.2621438224606079
4 121 1.2621438224606079
4 122 1.2621438224606079
4 123 1.2621438224606079
4 124 1.2621438224606079
4 125 1.2621438224606079
4 126 1.2621438224606079
4 127 1.2621438224606079
4 128 1.2621438224606079
4 129 1.2621438224606079
4 130 1.2621438224606079
4 131 1.2621438224606079
4 132 1.2621438224606079
4 133 1.2621438224606079
4 134 1.2621438224606079
4 135 1.2621438224606079
5 136 1.2621438224606079
5 137 1.2621438224606079
5 138 1.2621438224606079
5 139 1.2621438224606079
5 140 1.2621438224606079
5 141 1.2621438224606079
5 142 1.2621438224606079
5 143 1.2621438224606079
5 144 1.2621438224606079
5 145 1.2621438224606079
5 146 1.2621438224606079
5 147 1.2621438224606079
5 148 1.2621438224606079
5 149 1.2621438224606079
5 150 1.2621438224606079
5 151 1.2621438224606079
5 152 1.2621438224606079
5 153 1.2621438224606079
5 154 1.2621438224606079
5 155 1.2621438224606079
5 156 1.2621438224606079
5 157 1.2621438224606079
5 158 1.2621438224606079
5 159 1.2621438224606079
5 160 1.2621438224606079
5 161 1.2621438224606079
5 162 1.2621438224606079
5 163 1.2621438224606079
5 164 1.2621438224606079
5 165 1.2621438224606079
5 166 1.2621438224606079
5 167 1.2621438224606079
5 168 1.2621438224606079
5 169 1.2621438224606079
5 170 1.2621438224606079
5 171 1.2621438224606079
5 172 1.2621438224606079
5 173 1.2621438224606079
5 174 1.2621438224606079
5 175 1.2621438224606079
5 176 1.2621438224606079
6 177 1.2621438224606079
6 178 1.2621438224606079
6 179 1.2621438224606079
6 180 1.2621438224606079
6 181 1.2621438224606079
6 182 1.2621438224606079
6 183 1.2621438224606079
6 184 1.2621438224606079
6 185 1.2621438224606079
6 186 1.2621438224606079
6 187 1.2621438224606079
6 188 1.2621438224606079
6 189 1.2621438224606079
6 190 1.2621438224606079
6 191 1.2621438224606079
6 192 1.2621438224606079
6 193 1.2621438224606079
6 194 1.2621438224606079
6 195 1.2621438224606079
6 196 1.2621438224606079
6 197 1.2621438224606079
6 198 1.2621438224606079
6 199 1.2621438224606079
6 200 1.2621438224606079
6 201 1.2621438224606079
6 202 1.2621438224606079
6 203 1.2621438224606079
6 204 1.2621438224606079
6 205 1.2621438224606079
6 206 0.2621439907894341
