0 1 121.53965624562991
0 2 53.02728982325488
0 3 13.060923495853901
0 4 13.060923495853901
0 5 13.060923495853901
0 6 10.771594426449134
0 7 10.771594426449134
0 8 10.771594426449134
0 9 10.531408504602414
0 10 9.531481442839583
0 11 9.531481442839583
0 12 9.531481442839583
0 13 9.531481442839583
0 14 9.531481442839583
0 15 9.531481442839583
0 16 9.531481442839583
0 17 9.531481442839583
0 18 9.531481442839583
0 19 9.531481442839583
0 20 9.531481442839583
0 21 9.531481442839583
0 22 9.531481442839583
0 23 9.531481442839583
0 24 9.531481442839583
0 25 9.531481442839583
0 26 9.531481442839583
0 27 9.531481442839583
0 28 9.531481442839583
0 29 9.531481442839583
0 30 9.531481442839583
0 31 9.531481442839583
0 32 9.531481442839583
0 33 9.531481442839583
0 34 9.531481442839583
0 35 9.531481442839583
0 36 9.531481442839583
0 37 9.531481442839583
0 38 9.531481442839583
1 39 9.531481442839583
1 40 9.531481442839583
1 41 9.531481442839583
1 42 9.531481442839583
1 43 9.531481442839583
1 44 9.531481442839583
1 45 9.531481442839583
1 46 9.531481442839583
1 47 9.531481442839583
1 48 9.531481442839583
1 49 9.531481442839583
1 50 9.531481442839583
1 51 9.531481442839583
1 52 9.531481442839583
1 53 9.531481442839583
1 54 9.531481442839583
1 55 9.531481442839583
1 56 9.531481442839583
1 57 9.531481442839583
1 58 9.531481442839583
1 59 9.531481442839583
1 60 9.531481442839583
1 61 9.531481442839583
1 62 9.531481442839583
1 63 9.531481442839583
1 64 9.531481442839583
1 65 9.531481442839583
1 66 9.531481442839583
1 67 9.531481442839583
1 68 9.531481442839583
1 69 9.531481442839583
1 70 9.531481442839583
1 71 9.531481442839583
1 72 9.531481442839583
1 73 9.531481442839583
1 74 9.531481442839583
1 75 9.531481442839583
1 76 9.531481442839583
1 77 9.531481442839583
1 78 9.531481442839583
1 79 9.531481442839583
1 80 9.531481442839583
1 81 9.531481442839583
1 82 9.531481442839583
1 83 9.531481442839583
1 84 9.531481442839583
1 85 9.531481442839583
1 86 9.046638543905647
1 87 9.046638543905647
1 88 9.046638543905647
1 89 9.046638543905647
1 90 9.046638543905647
1 91 9.046638543905647
1 92 9.046638543905647
1 93 9.046638543905647
1 94 9.046638543905647
1 95 9.046638543905647
2 96 9.046638543905647
2 97 9.046638543905647
2 98 9.046638543905647
2 99 5.1332678455951335
2 100 5.1332678455951335
2 101 5.1332678455951335
2 102 5.1332678455951335
2 103 5.1332678455951335
2 104 5.1332678455951335
2 105 5.1332678455951335
2 106 5.1332678455951335
2 107 5.1332678455951335
2 108 5.1332678455951335
2 109 5.117643554290696
2 110 5.117643554290696
2 111 5.117643554290696
2 112 5.117643554290696
2 113 5.117643554290696
2 114 5.117643554290696
2 115 5.117643554290696
2 116 5.117643554290696
2 117 5.117643554290696
2 118 5.117643554290696
2 119 5.117643554290696
2 120 5.000058796623133
2 121 5.000058796623133
2 122 5.000058796623133
2 123 5.000058796623133
2 124 5.000058796623133
2 125 5.000058796623133
2 126 5.000058796623133
2 127 5.000058796623133
2 128 5.000058796623133
2 129 5.000058796623133
2 130 5.000058796623133
2 131 5.000058796623133
2 132 5.000058796623133
2 133 5.000058796623133
2 134 5.000058796623133
2 135 5.000058796623133
2 136 5.000058796623133
2 137 5.000058796623133
2 138 5.000058796623133
2 139 5.000058796623133
2 140 5.000058796623133
2 141 5.000058796623133
2 142 5.000058796623133
2 143 5.000058796623133
2 144 5.000058796623133
2 145 5.000058796623133
2 146 5.000058796623133
2 147 5.000058796623133
2 148 5.000058796623133
2 149 5.000058796623133
2 150 5.000058796623133
2 151 5.000058796623133
2 152 5.000058796623133
2 153 5.000058796623133
2 154 5.000058796623133
2 155 5.000058796623133
3 156 5.000058796623133
3 157 5.000058796623133
3 158 5.000058796623133
3 159 5.000058796623133
3 160 4.999995805507628
3 161 4.999995805507628
3 162 4.999993895812086
3 163 4.999993895812086
3 164 4.999993895812086
3 165 4.999993895812086
3 166 4.999993895812086
3 167 4.999993895812086
3 168 4.999993895812086
3 169 4.999993895812086
3 170 4.999993895812086
3 171 4.999993895812086
3 172 4.999993895812086
3 173 4.999993895812086
3 174 4.999993895812086
3 175 4.999993895812086
3 176 4.999993895812086
3 177 4.999993895812086
3 178 4.999993895812086
3 179 4.999993895812086
3 180 4.999993895812086
3 181 4.999993895812086
3 182 4.999993895812086
3 183 4.999993895812086
3 184 4.999993895812086
3 185 4.999993895812086
3 186 4.999993895812086
3 187 4.999993895812086
3 188 4.999993895812086
3 189 4.999993895812086
3 190 4.999993895812086
3 191 4.999993895812086
3 192 4.999993895812086
3 193 4.999993895812086
3 194 4.999993895812086
3 195 4.999993895812086
3 196 4.999993895812086
3 197 4.999993895812086
3 198 4.999993895812086
3 199 4.999993895812086
3 200 4.999993895812086
3 201 4.999993895812086
3 202 4.999993895812086
3 203 4.999993895812086
3 204 4.999993895812086
3 205 4.999993895812086
3 206 4.999993895812086
3 207 4.999993895812086
3 208 4.999993895812086
3 209 4.999993895812086
3 210 4.999993895812086
3 211 4.999993895812086
3 212 4.999993895812086
3 213 4.999993895812086
3 214 4.999993895812086
3 215 4.999993895812086
3 216 4.999993895812086
3 217 4.999993895812086
4 218 4.999993895812086
4 219 4.999993895812086
4 220 4.999993895812086
4 221 4.999993895812086
4 222 4.999993895812086
4 223 4.999993895812086
4 224 4.999993895812086
4 225 4.999993895812086
4 226 4.999993895812086
4 227 4.999993895812086
4 228 4.999993895812086
4 229 4.999993895812086
4 230 4.999993895812086
4 231 4.999993895812086
4 232 4.999993895812086
4 233 4.999993895812086
4 234 4.999993895812086
4 235 4.999993895812086
4 236 4.999993895812086
4 237 4.999993895812086
4 238 4.999993895812086
4 239 4.999993895812086
4 240 4.999993895812086
4 241 4.999993895812086
4 242 4.999993895812086
4 243 4.999993895812086
4 244 4.999993895812086
4 245 4.999993895812086
4 246 4.999993895812086
4 247 4.999993895812086
4 248 4.999993895812086
4 249 4.999993895812086
4 250 4.999993895812086
4 251 4.999993895812086
4 252 4.999993895812086
4 253 1.046655771314803
4 254 1.046655771314803
4 255 1.046655771314803
4 256 1.046655771314803
4 257 1.046655771314803
4 258 1.046655771314803
4 259 1.046655771314803
4 260 1.046655771314803
4 261 1.046655771314803
4 262 1.046655771314803
4 263 1.046655771314803
4 264 1.0156247885423395
4 265 1.0156247885423395
4 266 1.0000638054345694
4 267 1.0000638054345694
4 268 1.0000638054345694
4 269 1.0000638054345694
4 270 1.0000638054345694
4 271 1.0000638054345694
4 272 1.0000638054345694
4 273 1.0000638054345694
4 274 1.0000638054345694
4 275 1.0000638054345694
4 276 1.0000638054345694
4 277 1.0000638054345694
5 278 1.0000638054345694
5 279 1.0000638054345694
5 280 1.0000638054345694
5 281 1.0000638054345694
5 282 1.0000638054345694
5 283 1.0000638054345694
5 284 1.0000638054345694
5 285 1.0000638054345694
5 286 1.0000638054345694
5 287 1.0000638054345694
5 288 1.0000638054345694
5 289 1.0000638054345694
5 290 1.0000638054345694
5 291 1.0000638054345694
5 292 1.0000638054345694
5 293 1.0000638054345694
5 294 1.0000638054345694
5 295 1.0000638054345694
5 296 1.0000638054345694
5 297 1.0000638054345694
5 298 1.0000638054345694
5 299 1.0000638054345694
5 300 1.0000638054345694
5 301 1.0000638054345694
5 302 1.0000638054345694
5 303 1.0000638054345694
5 304 1.0000638054345694
5 305 1.0000638054345694
5 306 1.0000638054345694
5 307 1.0000638054345694
5 308 1.0000638054345694
5 309 1.0000638054345694
5 310 1.0000638054345694
5 311 1.0000638054345694
5 312 1.0000638054345694
5 313 1.0000638054345694
5 314 1.0000638054345694
5 315 1.0000638054345694
5 316 1.0000638054345694
5 317 1.0000638054345694
5 318 1.0000638054345694
5 319 1.0000638054345694
5 320 1.0000638054345694
5 321 1.0000638054345694
5 322 1.0000638054345694
5 323 1.0000638054345694
5 324 1.0000638054345694
5 325 1.0000638054345694
5 326 1.0000638054345694
5 327 1.0000017590497587
5 328 1.0000017590497587
5 329 1.0000017590497587
5 330 1.0000017590497587
5 331 1.0000017590497587
5 332 1.0000017590497587
5 333 1.0000017590497587
5 334 1.0000017590497587
5 335 1.0000017590497587
5 336 1.0000017590497587
5 337 1.0000017590497587
5 338 1.000000755687982
5 339 1.000000755687982
5 340 1.000000755687982
5 341 1.000000755687982
5 342 1.000000755687982
6 343 1.000000755687982
6 344 1.000000755687982
6 345 1.000000755687982
6 346 1.000000755687982
6 347 1.000000755687982
6 348 1.000000755687982
6 349 1.000000755687982
6 350 1.000000755687982
6 351 1.000000755687982
6 352 1.000000755687982
6 353 1.000000755687982
6 354 1.000000755687982
6 355 1.000000755687982
6 356 1.000000755687982
6 357 1.000000755687982
6 358 1.000000755687982
6 359 1.000000755687982
6 360 1.000000755687982
6 361 1.000000755687982
6 362 1.000000755687982
6 363 1.000000755687982
6 364 1.000000755687982
6 365 1.000000755687982
6 366 1.000000755687982
6 367 1.000000755687982
6 368 1.000000755687982
6 369 1.000000755687982
6 370 1.000000755687982
6 371 1.000000755687982
6 372 1.000000755687982
6 373 1.000000755687982
6 374 1.000000755687982
6 375 1.000000755687982
6 376 1.000000755687982
6 377 1.000000755687982
6 378 1.000000755687982
6 379 1.000000755687982
6 380 1.000000755687982
6 381 1.000000755687982
6 382 1.000000755687982
6 383 1.000000755687982
6 384 1.000000755687982
6 385 1.000000755687982
6 386 1.000000755687982
6 387 1.000000755687982
6 388 1.000000755687982
6 389 1.000000755687982
6 390 1.000000755687982
6 391 1.000000755687982
6 392 9.999999999999286E-7
