0 1 121.53965624562991
0 2 13.830857293652082
0 3 9.004806160123163
0 4 8.033680112668126
0 5 8.033680112668126
0 6 7.8181936283506035
1 7 5.004819180230667
1 8 5.004091204054229
1 9 4.999994892216064
1 10 4.999994892216064
1 11 4.999994892216064
1 12 4.999994892216064
1 13 4.999994892216064
1 14 4.999994892216064
1 15 4.999994892216064
1 16 4.999994892216064
1 17 4.999994892216064
1 18 4.999994892216064
1 19 4.999994892216064
1 20 4.999994892216064
1 21 4.999994892216064
1 22 4.999994892216064
1 23 4.999994892216064
1 24 4.999994892216064
1 25 4.999994892216064
1 26 4.999994892216064
1 27 4.999994892216064
2 28 4.999994892216064
2 29 4.999994892216064
2 30 4.999994892216064
2 31 4.999994892216064
2 32 4.999994892216064
2 33 4.999994892216064
2 34 4.999994892216064
2 35 4.999994892216064
2 36 4.999994892216064
2 37 4.999994892216064
2 38 4.999994892216064
2 39 4.999994892216064
2 40 4.999994892216064
2 41 4.999994892216064
2 42 4.999994892216064
2 43 4.999994892216064
2 44 4.999994892216064
2 45 4.999994892216064
2 46 4.999994892216064
2 47 4.999994892216064
2 48 4.999994892216064
2 49 4.999994892216064
2 50 4.999994892216064
2 51 4.999994892216064
2 52 4.999994892216064
2 53 4.999994892216064
2 54 4.999994892216064
2 55 4.999994892216064
2 56 4.999994892216064
2 57 4.999994892216064
2 58 4.999994892216064
2 59 4.999994892216064
2 60 4.999994892216064
2 61 4.999994892216064
3 62 4.999994892216064
3 63 4.999994892216064
3 64 4.999994892216064
3 65 4.999994892216064
3 66 4.999994892216064
3 67 4.999994892216064
3 68 4.999994892216064
3 69 4.999994892216064
3 70 4.999994892216064
3 71 4.999994892216064
3 72 4.999994892216064
3 73 4.999994892216064
3 74 4.999994892216064
3 75 4.999994892216064
3 76 4.999994892216064
3 77 4.999994892216064
3 78 4.999994892216064
3 79 4.999994892216064
3 80 4.999994892216064
3 81 4.999994892216064
3 82 4.999994892216064
3 83 4.999994892216064
3 84 4.999994892216064
3 85 4.999994892216064
3 86 4.999994892216064
3 87 4.999994892216064
3 88 4.999994892216064
3 89 4.999994892216064
3 90 4.999994892216064
3 91 4.999994892216064
3 92 4.999994892216064
3 93 4.999994892216064
3 94 4.999994892216064
3 95 4.999994892216064
3 96 4.999994892216064
3 97 4.999994892216064
3 98 4.999994892216064
4 99 4.999994892216064
4 100 4.999994892216064
4 101 4.999994892216064
4 102 4.999994892216064
4 103 4.999994892216064
4 104 4.999994892216064
4 105 4.999994892216064
4 106 4.999994892216064
4 107 4.999994892216064
4 108 4.999994892216064
4 109 4.999994892216064
4 110 4.999994892216064
4 111 4.999994892216064
4 112 4.999994892216064
4 113 4.999994892216064
4 114 4.999994892216064
4 115 4.999994892216064
4 116 4.999994892216064
4 117 4.999994892216064
4 118 4.999994892216064
4 119 4.999994892216064
4 120 4.999994892216064
4 121 4.999994892216064
4 122 4.999994892216064
4 123 4.999994892216064
4 124 4.999994892216064
4 125 4.999994892216064
4 126 4.999994892216064
4 127 4.999994892216064
4 128 4.999994892216064
4 129 4.999994892216064
4 130 4.999994892216064
4 131 4.999994892216064
4 132 4.999994892216064
4 133 4.999994892216064
4 134 4.999994892216064
4 135 4.999994892216064
4 136 4.999994892216064
5 137 4.999994892216064
5 138 4.999994892216064
5 139 4.999994892216064
5 140 4.999994892216064
5 141 4.999994892216064
5 142 4.999994892216064
5 143 4.999994892216064
5 144 4.999994892216064
5 145 4.999994892216064
5 146 4.999994892216064
5 147 4.999994892216064
5 148 4.999994892216064
5 149 4.999994892216064
5 150 4.999994892216064
5 151 4.999994892216064
5 152 4.999994892216064
5 153 4.999994892216064
5 154 4.999994892216064
5 155 4.999994892216064
5 156 1.0007288203139373
5 157 1.0007288203139373
5 158 1.0007288203139373
5 159 1.0007288203139373
5 160 1.0007288203139373
5 161 1.0007288203139373
5 162 1.0007288203139373
5 163 1.0007288203139373
5 164 1.0007288203139373
5 165 1.0007288203139373
5 166 1.0007288203139373
5 167 1.0007288203139373
5 168 1.0007288203139373
5 169 1.0007288203139373
5 170 1.0007288203139373
5 171 1.0007288203139373
5 172 1.0007288203139373
5 173 1.0007288203139373
5 174 1.0007288203139373
5 175 1.0007288203139373
5 176 1.0007288203139373
5 177 1.0007288203139373
5 178 1.0007288203139373
5 179 1.0007288203139373
6 180 1.0007288203139373
6 181 1.0007288203139373
6 182 1.0007288203139373
6 183 1.0007288203139373
6 184 1.0007288203139373
6 185 1.0007288203139373
6 186 1.0007288203139373
6 187 1.0007288203139373
6 188 1.0007288203139373
6 189 1.0007288203139373
6 190 1.0007288203139373
6 191 1.0007288203139373
6 192 1.0007288203139373
6 193 1.0007288203139373
6 194 1.0007288203139373
6 195 1.0007288203139373
6 196 1.0007288203139373
6 197 1.0007288203139373
6 198 1.0007288203139373
6 199 1.0007288203139373
6 200 1.0007288203139373
6 201 0.9999998118294594
