0 1 121.53965624562991
0 2 21.98584269786118
0 3 15.000672607978686
0 4 15.000672607978686
0 5 9.004078234820065
0 6 9.004078234820065
0 7 8.99998121080608
0 8 8.99998121080608
0 9 8.99998121080608
0 10 8.99998121080608
0 11 8.99998121080608
0 12 8.99998121080608
0 13 8.99998121080608
1 14 8.99998121080608
1 15 8.99998121080608
1 16 8.99998121080608
1 17 8.99998121080608
1 18 8.99998121080608
1 19 8.99998121080608
1 20 8.99998121080608
1 21 8.99998121080608
1 22 8.99998121080608
1 23 8.99998121080608
1 24 8.99998121080608
1 25 8.99998121080608
1 26 8.99998121080608
1 27 8.99998121080608
1 28 8.99998121080608
1 29 8.99998121080608
1 30 8.99998121080608
1 31 8.99998121080608
1 32 8.99998121080608
1 33 8.99998121080608
1 34 8.99998121080608
1 35 8.99998121080608
1 36 8.99998121080608
1 37 8.99998121080608
1 38 8.99998121080608
2 39 8.99998121080608
2 40 8.99998121080608
2 41 8.99998121080608
2 42 8.99998121080608
2 43 8.99998121080608
2 44 8.99998121080608
2 45 8.99998121080608
2 46 8.99998121080608
2 47 8.99998121080608
2 48 4.999994892216064
2 49 4.999994892216064
2 50 4.999994892216064
2 51 4.999994892216064
2 52 4.999994892216064
2 53 4.999994892216064
2 54 4.999994892216064
2 55 4.999994892216064
2 56 4.999994892216064
2 57 4.999994892216064
2 58 4.999994892216064
2 59 4.999994892216064
2 60 4.999994892216064
2 61 4.999994892216064
2 62 4.999994892216064
2 63 4.999994892216064
2 64 4.999994892216064
2 65 4.999994892216064
2 66 4.999994892216064
2 67 4.999994892216064
2 68 4.999994892216064
2 69 4.999994892216064
2 70 4.999994892216064
2 71 4.999994892216064
2 72 4.999994892216064
2 73 4.999994892216064
2 74 4.999994892216064
2 75 4.999994892216064
2 76 4.999994892216064
2 77 4.999994892216064
2 78 4.999994892216064
2 79 4.999994892216064
2 80 4.999994892216064
2 81 4.999994892216064
3 82 4.999994892216064
3 83 4.999994892216064
3 84 4.999994892216064
3 85 4.999994892216064
3 86 4.999994892216064
3 87 4.999994892216064
3 88 4.999994892216064
3 89 4.999994892216064
3 90 4.999994892216064
3 91 4.999994892216064
3 92 4.999994892216064
3 93 4.999994892216064
3 94 4.999994892216064
3 95 4.999994892216064
3 96 4.999994892216064
3 97 4.999994892216064
3 98 4.999994892216064
3 99 4.999994892216064
3 100 4.999994892216064
3 101 4.999994892216064
3 102 4.999994892216064
3 103 4.999994892216064
3 104 4.999994892216064
3 105 4.999994892216064
3 106 4.999994892216064
3 107 4.999994892216064
3 108 4.999994892216064
3 109 4.999994892216064
3 110 4.999994892216064
4 111 0.9999998118294594
