1 1 121.53965624562991
1 2 23.87330279282929
1 3 19.26277045084112
1 4 16.791592107471406
1 5 16.791592107471406
1 6 16.791592107471406
1 7 5.578088442684363
1 8 5.308792299790182
1 9 5.308792299790182
1 10 5.308792299790182
1 11 5.308792299790182
1 12 5.308792299790182
1 13 5.308792299790182
1 14 5.308792299790182
1 15 5.308792299790182
1 16 5.308792299790182
1 17 5.308792299790182
1 18 5.308792299790182
1 19 5.308792299790182
1 20 5.308792299790182
1 21 5.308792299790182
1 22 5.308792299790182
1 23 5.308792299790182
1 24 5.308792299790182
1 25 5.308792299790182
1 26 5.308792299790182
1 27 5.308792299790182
1 28 5.308792299790182
1 29 5.308792299790182
1 30 5.308792299790182
1 31 5.308792299790182
1 32 5.308792299790182
1 33 5.308792299790182
1 34 5.308792299790182
1 35 5.308792299790182
1 36 5.308792299790182
1 37 5.308792299790182
1 38 5.308792299790182
1 39 5.308792299790182
1 40 5.308792299790182
1 41 5.308792299790182
1 42 5.308792299790182
1 43 5.308792299790182
1 44 5.308792299790182
1 45 5.308792299790182
2 46 5.308792299790182
2 47 5.308792299790182
2 48 5.308792299790182
2 49 5.308792299790182
2 50 5.308792299790182
2 51 5.308792299790182
2 52 5.308792299790182
2 53 5.308792299790182
2 54 5.308792299790182
2 55 5.308792299790182
2 56 5.308792299790182
2 57 5.308792299790182
2 58 5.308792299790182
2 59 5.308792299790182
2 60 5.308792299790182
2 61 5.308792299790182
2 62 5.308792299790182
2 63 5.308792299790182
2 64 5.308792299790182
2 65 5.308792299790182
2 66 5.308792299790182
2 67 5.308792299790182
2 68 5.308792299790182
2 69 5.308792299790182
2 70 5.308792299790182
2 71 5.308792299790182
2 72 5.308792299790182
2 73 5.308792299790182
2 74 5.308792299790182
2 75 5.308792299790182
2 76 5.308792299790182
2 77 5.308792299790182
2 78 5.308792299790182
2 79 5.308792299790182
2 80 5.308792299790182
2 81 5.308792299790182
2 82 5.308792299790182
2 83 5.308792299790182
2 84 5.308792299790182
2 85 5.308792299790182
2 86 5.308792299790182
2 87 5.308792299790182
2 88 5.308792299790182
2 89 5.308792299790182
2 90 5.308792299790182
2 91 5.308792299790182
2 92 5.308792299790182
2 93 5.308792299790182
2 94 5.308792299790182
2 95 5.308792299790182
2 96 5.308792299790182
2 97 5.308792299790182
2 98 5.308792299790182
2 99 5.308792299790182
2 100 5.308792299790182
2 101 5.308792299790182
2 102 5.308792299790182
2 103 5.308792299790182
2 104 5.308792299790182
2 105 5.308792299790182
2 106 5.308792299790182
2 107 5.308792299790182
2 108 5.308792299790182
2 109 5.308792299790182
3 110 5.308792299790182
3 111 5.308792299790182
3 112 5.308792299790182
3 113 5.308792299790182
3 114 5.308792299790182
3 115 5.308792299790182
3 116 5.308792299790182
3 117 5.308792299790182
3 118 5.308792299790182
3 119 5.308792299790182
3 120 5.308792299790182
3 121 5.308792299790182
3 122 5.308792299790182
3 123 5.308792299790182
3 124 5.308792299790182
3 125 5.308792299790182
3 126 5.308792299790182
3 127 5.277761504130004
3 128 5.277761504130004
3 129 5.277761504130004
3 130 5.277761504130004
3 131 5.277761504130004
3 132 5.277761504130004
3 133 5.277761504130004
3 134 5.277761504130004
3 135 5.277761504130004
3 136 5.277761504130004
3 137 5.277761504130004
3 138 5.277761504130004
3 139 5.277761504130004
3 140 5.277761504130004
3 141 5.277761504130004
3 142 5.277761504130004
3 143 5.277761504130004
3 144 5.277761504130004
3 145 5.277761504130004
3 146 5.277761504130004
3 147 5.277761504130004
3 148 5.277761504130004
3 149 5.277761504130004
3 150 5.277761504130004
3 151 5.277761504130004
3 152 5.277761504130004
3 153 5.277761504130004
3 154 5.277761504130004
3 155 5.277761504130004
3 156 5.277761504130004
3 157 5.277761504130004
3 158 5.277761504130004
3 159 5.277761504130004
3 160 5.262137968719918
3 161 5.262137968719918
3 162 5.262137968719918
3 163 5.262137968719918
3 164 5.262137968719918
3 165 5.262137968719918
3 166 5.262137968719918
3 167 5.262137968719918
3 168 5.262137968719918
3 169 5.262137968719918
3 170 5.262137968719918
3 171 5.262137968719918
3 172 5.262137968719918
3 173 5.262137968719918
3 174 5.262137968719918
3 175 5.262137968719918
3 176 5.262137968719918
4 177 5.262137968719918
4 178 5.262137968719918
4 179 5.262137968719918
4 180 5.262137968719918
4 181 5.262137968719918
4 182 5.262137968719918
4 183 5.262137968719918
4 184 5.262137968719918
4 185 5.262137968719918
4 186 5.262137968719918
4 187 5.262137968719918
4 188 5.262137968719918
4 189 5.262137968719918
4 190 5.262137968719918
4 191 5.262137968719918
4 192 5.262137968719918
4 193 5.262137968719918
4 194 5.262137968719918
4 195 5.262137968719918
4 196 5.262137968719918
4 197 5.262137968719918
4 198 5.262137968719918
4 199 5.262137968719918
4 200 5.262137968719918
4 201 5.262137968719918
4 202 5.262137968719918
4 203 5.262137968719918
4 204 5.262137968719918
4 205 5.262137968719918
4 206 5.262137968719918
4 207 5.262137968719918
4 208 5.262137968719918
4 209 5.262137968719918
4 210 5.262137968719918
4 211 5.262137968719918
4 212 5.262137968719918
4 213 5.262137968719918
4 214 5.262137968719918
4 215 5.262137968719918
4 216 5.262137968719918
4 217 5.262137968719918
4 218 5.262137968719918
4 219 5.262137968719918
4 220 5.262137968719918
4 221 5.262137968719918
4 222 5.262137968719918
4 223 5.262137968719918
4 224 5.262137968719918
4 225 5.262137968719918
4 226 5.262137968719918
4 227 5.262137968719918
4 228 5.262137968719918
4 229 5.262137968719918
4 230 5.262137968719918
4 231 5.262137968719918
4 232 5.262137968719918
4 233 5.262137968719918
4 234 5.262137968719918
4 235 5.262137968719918
4 236 5.262137968719918
4 237 5.262137968719918
4 238 5.262137968719918
4 239 5.262137968719918
4 240 5.262137968719918
5 241 5.000723621847867
5 242 5.000723621847867
5 243 5.000723621847867
5 244 5.000723621847867
5 245 5.000723621847867
5 246 5.000723621847867
5 247 5.000723621847867
5 248 5.000723621847867
5 249 5.000723621847867
5 250 5.000723621847867
5 251 5.000723621847867
5 252 5.000723621847867
5 253 5.000723621847867
5 254 5.000723621847867
5 255 5.000723621847867
5 256 5.000723621847867
5 257 5.000723621847867
5 258 5.000723621847867
5 259 4.999995976269827
5 260 4.999995976269827
5 261 4.999995976269827
5 262 4.999995976269827
5 263 4.999995976269827
5 264 1.0466558120708287
5 265 1.0466558120708287
5 266 1.0466558120708287
5 267 1.0466558120708287
5 268 1.0466558120708287
5 269 1.0466558120708287
5 270 1.0466558120708287
5 271 1.0466558120708287
5 272 1.0466558120708287
5 273 1.0466558120708287
5 274 1.0466558120708287
5 275 1.0040958218419511
5 276 1.0040958218419511
5 277 1.0040958218419511
5 278 1.0040958218419511
5 279 1.0040958218419511
5 280 1.0040958218419511
5 281 1.0040958218419511
5 282 1.0040958218419511
5 283 1.0040958218419511
5 284 1.0040958218419511
5 285 1.0040958218419511
5 286 1.0040958218419511
5 287 1.0040958218419511
5 288 1.0040958218419511
5 289 1.0040958218419511
5 290 1.0040958218419511
5 291 1.0040958218419511
5 292 1.0040958218419511
5 293 1.0040958218419511
5 294 1.0040958218419511
5 295 1.0040958218419511
5 296 1.0040958218419511
5 297 1.0040958218419511
5 298 1.0040958218419511
5 299 1.0040958218419511
5 300 1.0040958218419511
5 301 1.0040958218419511
6 302 1.0040958218419511
6 303 1.0040958218419511
6 304 1.0040958218419511
6 305 1.0040958218419511
6 306 1.0040958218419511
6 307 1.0040958218419511
6 308 1.0040958218419511
6 309 1.0040958218419511
6 310 1.0040958218419511
6 311 1.0040958218419511
6 312 1.0040958218419511
6 313 1.0040958218419511
6 314 1.0040958218419511
6 315 1.0040958218419511
6 316 1.0040958218419511
6 317 1.0040958218419511
6 318 1.0040958218419511
6 319 1.0040958218419511
6 320 1.0040958218419511
6 321 1.0040958218419511
6 322 1.0040958218419511
6 323 1.0040958218419511
6 324 1.0040958218419511
6 325 1.0040958218419511
6 326 1.0040958218419511
6 327 1.0040958218419511
6 328 1.0040958218419511
6 329 1.0040958218419511
6 330 1.0040958218419511
6 331 1.0040958218419511
6 332 1.0040958218419511
6 333 1.0040958218419511
6 334 1.0040958218419511
6 335 1.0040958218419511
6 336 1.0040958218419511
6 337 1.0040958218419511
6 338 1.0040958218419511
6 339 1.0040958218419511
6 340 1.0040958218419511
6 341 1.0040958218419511
6 342 1.0040958218419511
6 343 1.0040958218419511
6 344 1.0040958218419511
6 345 1.0040958218419511
6 346 1.0040958218419511
6 347 1.0040958218419511
6 348 1.0040958218419511
6 349 1.0040958218419511
6 350 1.0040958218419511
6 351 1.0040958218419511
6 352 1.0040958218419511
6 353 1.0040958218419511
6 354 7.2899999991349E-4
