1 1 121.53965624562991
1 2 15.015571085228638
1 3 9.277749838695861
1 4 9.277749838695861
1 5 5.277762799322142
1 6 5.277762799322142
1 7 5.277762799322142
1 8 5.277762799322142
1 9 5.277762799322142
1 10 5.277762799322142
1 11 5.277762799322142
1 12 5.277762799322142
2 13 5.277762799322142
2 14 5.277762799322142
2 15 5.277762799322142
2 16 5.277762799322142
2 17 5.277762799322142
2 18 5.277762799322142
2 19 5.277762799322142
2 20 5.277762799322142
2 21 5.277762799322142
2 22 5.277762799322142
2 23 5.277762799322142
2 24 5.277762799322142
2 25 5.277762799322142
2 26 5.277762799322142
2 27 5.277762799322142
2 28 5.277762799322142
2 29 5.277762799322142
2 30 5.277762799322142
2 31 5.277762799322142
2 32 5.277762799322142
2 33 5.277762799322142
2 34 5.277762799322142
2 35 5.277762799322142
2 36 5.277762799322142
2 37 5.277762799322142
2 38 5.277762799322142
2 39 5.277762799322142
2 40 5.277762799322142
3 41 5.277762799322142
3 42 5.277762799322142
3 43 5.001452111227722
3 44 5.001452111227722
3 45 5.000724135129638
3 46 5.000724135129638
3 47 5.000724135129638
3 48 5.000724135129638
3 49 5.000724135129638
3 50 5.000724135129638
3 51 5.000724135129638
3 52 5.000724135129638
3 53 5.000724135129638
3 54 5.000724135129638
3 55 5.000724135129638
3 56 5.000724135129638
3 57 5.000724135129638
3 58 5.000724135129638
3 59 5.000724135129638
3 60 5.000724135129638
3 61 5.000724135129638
3 62 5.000724135129638
3 63 5.000724135129638
3 64 5.000724135129638
3 65 5.000724135129638
3 66 5.000724135129638
3 67 5.000724135129638
3 68 5.000724135129638
3 69 5.000724135129638
3 70 5.000724135129638
3 71 5.000724135129638
3 72 5.000724135129638
3 73 5.000724135129638
3 74 5.000724135129638
3 75 5.000724135129638
3 76 5.000724135129638
3 77 5.000724135129638
3 78 5.000724135129638
3 79 5.000724135129638
3 80 5.000724135129638
3 81 5.000724135129638
4 82 5.000724135129638
4 83 5.000724135129638
4 84 5.000724135129638
4 85 5.000724135129638
4 86 5.000724135129638
4 87 5.000724135129638
4 88 5.000724135129638
4 89 5.000724135129638
4 90 5.000724135129638
4 91 5.000724135129638
4 92 5.000724135129638
4 93 5.000724135129638
4 94 5.000724135129638
4 95 5.000724135129638
4 96 5.000724135129638
4 97 5.000724135129638
4 98 5.000724135129638
4 99 5.000724135129638
4 100 5.000724135129638
4 101 5.000724135129638
4 102 5.000724135129638
4 103 5.000724135129638
4 104 5.000724135129638
4 105 5.000724135129638
4 106 5.000724135129638
4 107 5.000724135129638
4 108 5.000724135129638
4 109 5.000724135129638
4 110 5.000724135129638
4 111 5.000724135129638
4 112 5.000724135129638
4 113 5.000724135129638
5 114 5.000724135129638
5 115 5.000724135129638
5 116 5.000724135129638
5 117 5.000724135129638
5 118 5.000724135129638
5 119 5.000724135129638
5 120 5.000724135129638
5 121 5.000724135129638
5 122 5.000724135129638
5 123 5.000724135129638
5 124 5.000724135129638
5 125 5.000724135129638
5 126 5.000724135129638
5 127 5.000724135129638
5 128 5.000724135129638
5 129 5.000724135129638
5 130 5.000724135129638
5 131 5.000724135129638
5 132 5.000724135129638
5 133 5.000724135129638
5 134 4.985978311894131
5 135 4.985978311894131
5 136 4.985978311894131
5 137 4.985978311894131
5 138 4.985978311894131
5 139 4.985978311894131
5 140 4.985978311894131
5 141 4.985978311894131
5 142 4.985978311894131
5 143 4.985978311894131
5 144 4.985978311894131
5 145 4.985978311894131
5 146 4.985978311894131
5 147 4.985978311894131
5 148 4.985978311894131
5 149 4.985978311894131
5 150 4.985978311894131
5 151 4.985978311894131
5 152 4.985978311894131
6 153 4.985978311894131
6 154 4.985978311894131
6 155 4.985978311894131
6 156 4.985978311894131
6 157 4.985978311894131
6 158 4.985978311894131
6 159 4.985978311894131
6 160 4.985978311894131
6 161 4.985978311894131
6 162 4.985978311894131
6 163 4.985978311894131
6 164 4.985978311894131
6 165 4.985978311894131
6 166 4.985978311894131
6 167 4.985978311894131
6 168 4.985978311894131
6 169 4.985978311894131
6 170 4.985978311894131
6 171 4.985978311894131
6 172 4.985978311894131
6 173 4.985978311894131
6 174 4.985978311894131
6 175 4.985978311894131
6 176 4.985978311894131
6 177 4.985978311894131
6 178 4.985978311894131
6 179 4.985978311894131
6 180 4.985978311894131
6 181 4.985978311894131
6 182 4.985978311894131
6 183 4.985978311894131
6 184 4.985978311894131
6 185 4.985978311894131
6 186 4.985978311894131
6 187 4.985978311894131
6 188 4.985978311894131
6 189 4.985978311894131
6 190 4.985978311894131
6 191 4.985978311894131
6 192 4.985978311894131
6 193 4.985978311894131
7 194 4.985978311894131
7 195 4.985978311894131
7 196 4.985978311894131
7 197 4.985978311894131
7 198 4.985978311894131
7 199 4.985978311894131
7 200 4.985978311894131
7 201 4.985978311894131
7 202 4.985978311894131
7 203 4.985978311894131
7 204 4.985978311894131
7 205 4.985978311894131
7 206 4.985978311894131
7 207 4.985978311894131
7 208 4.985978311894131
7 209 4.985978311894131
7 210 4.985978311894131
7 211 4.985978311894131
7 212 4.985978311894131
7 213 4.985978311894131
7 214 4.985978311894131
7 215 4.985978311894131
7 216 4.985978311894131
7 217 4.985978311894131
7 218 4.985978311894131
7 219 4.985978311894131
7 220 4.985978311894131
7 221 4.985978311894131
7 222 4.985978311894131
7 223 4.985978311894131
8 224 4.985978311894131
8 225 4.985978311894131
8 226 4.985978311894131
8 227 4.985978311894131
8 228 4.985978311894131
8 229 4.985978311894131
8 230 4.985978311894131
8 231 4.985978311894131
8 232 4.985978311894131
8 233 4.985978311894131
8 234 4.985978311894131
8 235 4.985978311894131
8 236 4.985978311894131
8 237 4.985978311894131
8 238 4.985978311894131
8 239 4.985978311894131
8 240 4.985978311894131
8 241 4.985978311894131
8 242 4.985978311894131
8 243 4.985978311894131
8 244 4.985978311894131
8 245 4.985978311894131
8 246 4.985978311894131
8 247 4.985978311894131
8 248 4.985978311894131
8 249 4.985978311894131
8 250 4.985978311894131
8 251 4.985978311894131
8 252 4.985978311894131
8 253 4.985978311894131
8 254 4.985978311894131
8 255 4.985978311894131
8 256 4.985978311894131
8 257 4.985978311894131
8 258 4.985978311894131
9 259 4.985978311894131
9 260 4.985978311894131
9 261 4.985978311894131
9 262 4.985978311894131
9 263 4.985978311894131
9 264 4.985978311894131
9 265 4.985978311894131
9 266 4.985978311894131
9 267 4.985978311894131
9 268 4.985978311894131
9 269 4.985978311894131
9 270 4.985978311894131
9 271 4.985978311894131
9 272 4.985978311894131
9 273 4.985978311894131
9 274 4.985978311894131
9 275 4.985978311894131
9 276 4.985978311894131
9 277 4.985978311894131
9 278 4.985978311894131
9 279 4.985978311894131
9 280 4.985978311894131
9 281 4.985978311894131
9 282 4.985978311894131
9 283 4.985978311894131
9 284 4.985978311894131
9 285 4.985978311894131
9 286 4.985978311894131
9 287 4.985978311894131
9 288 4.985978311894131
9 289 4.985978311894131
9 290 4.985978311894131
9 291 4.985978311894131
10 292 4.985978311894131
10 293 4.985978311894131
10 294 4.985978311894131
10 295 4.985978311894131
10 296 4.985978311894131
10 297 4.985978311894131
10 298 1.0000008087010608
10 299 1.0000008087010608
10 300 1.0000008087010608
10 301 1.0000008087010608
10 302 1.0000008087010608
10 303 1.0000008087010608
10 304 1.0000008087010608
10 305 1.0000008087010608
10 306 1.0000008087010608
10 307 1.0000008087010608
10 308 1.0000008087010608
10 309 1.0000008087010608
10 310 1.0000008087010608
10 311 1.0000008087010608
10 312 1.0000008087010608
10 313 1.0000008087010608
10 314 1.0000008087010608
10 315 1.0000008087010608
10 316 1.0000008087010608
10 317 1.0000008087010608
10 318 1.0000008087010608
10 319 1.0000008087010608
10 320 1.0000008087010608
10 321 1.0000008087010608
10 322 1.0000008087010608
10 323 1.0000008087010608
10 324 1.0000008087010608
11 325 1.0000008087010608
11 326 1.0000008087010608
11 327 1.0000008087010608
11 328 1.0000008087010608
11 329 1.0000008087010608
11 330 1.0000008087010608
11 331 1.0000008087010608
11 332 1.0000008087010608
11 333 1.0000008087010608
11 334 1.0000008087010608
11 335 1.0000008087010608
11 336 1.0000008087010608
11 337 1.0000008087010608
11 338 1.0000008087010608
11 339 1.0000008087010608
11 340 1.0000008087010608
11 341 1.0000008087010608
11 342 1.0000008087010608
11 343 1.0000008087010608
11 344 1.0000008087010608
11 345 1.0000008087010608
11 346 1.0000008087010608
11 347 1.0000008087010608
11 348 1.0000008087010608
11 349 1.0000008087010608
11 350 1.0000008087010608
11 351 1.0000008087010608
11 352 1.0000008087010608
11 353 1.0000008087010608
12 354 1.0000008087010608
12 355 1.0000008087010608
12 356 1.0000008087010608
12 357 1.0000008087010608
12 358 1.0000008087010608
12 359 1.0000008087010608
12 360 1.0000008087010608
12 361 1.0000008087010608
12 362 1.0000008087010608
12 363 1.0000008087010608
12 364 1.0000008087010608
12 365 1.0000008087010608
12 366 1.0000008087010608
12 367 1.0000008087010608
12 368 1.0000008087010608
12 369 1.0000008087010608
12 370 1.0000008087010608
12 371 1.0000008087010608
12 372 1.0000008087010608
12 373 1.0000008087010608
12 374 1.0000008087010608
12 375 1.0000008087010608
12 376 1.0000008087010608
12 377 1.0000008087010608
12 378 1.0000008087010608
12 379 1.0000008087010608
12 380 1.0000008087010608
12 381 1.0000008087010608
12 382 1.0000008087010608
12 383 1.0000008087010608
12 384 1.0000008087010608
12 385 1.0000008087010608
12 386 1.0000008087010608
12 387 1.0000008087010608
12 388 1.0000008087010608
12 389 1.0000008087010608
12 390 1.0000008087010608
12 391 1.0000008087010608
12 392 1.0000008087010608
13 393 1.0000008087010608
13 394 1.0000008087010608
13 395 1.0000008087010608
13 396 1.0000008087010608
13 397 1.0000008087010608
13 398 1.0000008087010608
13 399 1.0000008087010608
13 400 1.0000008087010608
13 401 1.0000008087010608
13 402 1.0000008087010608
13 403 1.0000008087010608
13 404 1.0000008087010608
13 405 1.0000008087010608
13 406 1.0000008087010608
13 407 1.0000008087010608
13 408 1.0000008087010608
13 409 1.0000008087010608
13 410 1.0000008087010608
13 411 1.0000008087010608
13 412 1.0000008087010608
13 413 1.0000008087010608
13 414 1.0000008087010608
13 415 1.0000008087010608
13 416 1.0000008087010608
13 417 1.0000008087010608
13 418 1.0000008087010608
13 419 1.0000008087010608
13 420 1.0000008087010608
13 421 1.0000008087010608
13 422 1.0000008087010608
13 423 1.0000008087010608
13 424 1.0000008087010608
13 425 1.0000008087010608
13 426 1.0000008087010608
13 427 1.0000008087010608
13 428 1.0000008087010608
13 429 1.0000008087010608
13 430 1.0000008087010608
13 431 1.0000008087010608
13 432 1.0000008087010608
13 433 1.0000008087010608
14 434 1.0000008087010608
14 435 1.0000008087010608
14 436 1.0000008087010608
14 437 1.0000008087010608
14 438 1.0000008087010608
14 439 1.0000008087010608
14 440 1.0000008087010608
14 441 1.0000008087010608
14 442 1.0000008087010608
14 443 1.0000008087010608
14 444 1.0000008087010608
14 445 1.0000008087010608
14 446 1.0000008087010608
14 447 1.0000008087010608
14 448 1.0000008087010608
14 449 1.0000008087010608
14 450 1.0000008087010608
14 451 1.0000008087010608
14 452 1.0000008087010608
14 453 1.0000008087010608
14 454 1.0000008087010608
14 455 1.0000008087010608
14 456 1.0000008087010608
14 457 1.0000008087010608
14 458 1.0000008087010608
14 459 1.0000008087010608
14 460 1.0000008087010608
14 461 1.0000008087010608
14 462 1.0000008087010608
14 463 1.0000008087010608
14 464 1.0000008087010608
14 465 1.0000008087010608
14 466 1.0000008087010608
14 467 1.0000008087010608
14 468 1.0000008087010608
15 469 1.0000008087010608
15 470 1.0000008087010608
15 471 1.0000008087010608
15 472 1.0000008087010608
15 473 1.0000008087010608
15 474 1.0000008087010608
15 475 1.0000008087010608
15 476 1.0000008087010608
15 477 1.0000008087010608
15 478 0.9999998118294594
