0 1 121.53965624562991
0 2 29.39438382753386
0 3 5.000786697679685
0 4 5.000786697679685
0 5 5.000786697679685
0 6 5.000786697679685
0 7 5.000786697679685
0 8 5.000786697679685
0 9 5.000786697679685
0 10 5.000786697679685
0 11 5.000786697679685
0 12 5.000786697679685
0 13 5.000786697679685
0 14 5.000786697679685
0 15 5.000786697679685
1 16 5.000786697679685
1 17 5.000786697679685
1 18 5.000786697679685
1 19 5.000786697679685
1 20 5.000786697679685
1 21 5.000786697679685
1 22 5.000786697679685
1 23 5.000786697679685
1 24 5.000786697679685
1 25 5.000786697679685
1 26 5.000786697679685
1 27 5.000786697679685
1 28 5.000786697679685
1 29 5.000786697679685
1 30 5.000786697679685
1 31 5.000786697679685
1 32 5.000786697679685
1 33 5.000786697679685
1 34 5.000786697679685
1 35 5.000786697679685
1 36 5.000786697679685
1 37 5.000786697679685
1 38 5.000786697679685
1 39 5.000786697679685
1 40 5.000786697679685
1 41 5.000786697679685
1 42 5.000786697679685
1 43 5.000786697679685
1 44 5.000786697679685
1 45 5.000786697679685
1 46 5.000786697679685
1 47 5.000786697679685
1 48 5.000786697679685
1 49 5.000786697679685
1 50 5.000786697679685
1 51 5.000786697679685
1 52 5.000786697679685
1 53 5.000786697679685
1 54 5.000786697679685
1 55 5.000786697679685
1 56 5.000786697679685
1 57 5.000786697679685
1 58 5.000786697679685
1 59 5.000786697679685
1 60 5.000786697679685
1 61 5.000786697679685
1 62 5.000786697679685
1 63 5.000786697679685
1 64 5.000786697679685
1 65 5.000786697679685
1 66 5.000786697679685
1 67 5.000786697679685
1 68 5.000786697679685
1 69 5.000786697679685
1 70 5.000786697679685
1 71 5.000786697679685
1 72 5.000786697679685
2 73 5.000786697679685
2 74 5.000786697679685
2 75 5.000786697679685
2 76 5.000786697679685
2 77 5.000786697679685
2 78 5.000786697679685
2 79 5.000786697679685
2 80 5.000786697679685
2 81 5.000786697679685
2 82 5.000786697679685
2 83 5.000058717998853
2 84 5.000058717998853
2 85 5.000058717998853
2 86 5.000058717998853
2 87 5.000058717998853
2 88 5.000058717998853
2 89 5.000058717998853
2 90 5.000058717998853
2 91 5.000058717998853
2 92 5.000058717998853
2 93 5.000058717998853
2 94 5.000058717998853
2 95 5.000058717998853
2 96 5.000058717998853
2 97 5.000058717998853
2 98 5.000058717998853
2 99 5.000058717998853
2 100 5.000058717998853
2 101 5.000058717998853
2 102 5.000058717998853
2 103 5.000058717998853
2 104 5.000058717998853
2 105 5.000058717998853
2 106 5.000058717998853
2 107 5.000058717998853
2 108 5.000058717998853
2 109 5.000058717998853
2 110 5.000058717998853
2 111 5.000058717998853
2 112 5.000058717998853
2 113 5.000058717998853
2 114 5.000058717998853
2 115 5.000058717998853
2 116 5.000058717998853
2 117 5.000058717998853
2 118 5.000058717998853
2 119 5.000058717998853
2 120 5.000058717998853
2 121 5.000058717998853
2 122 5.000058717998853
2 123 5.000058717998853
2 124 5.000058717998853
2 125 5.000058717998853
2 126 5.000058717998853
2 127 3.985980274587364
2 128 3.985980274587364
2 129 3.985980274587364
2 130 3.985980274587364
2 131 3.985980274587364
2 132 3.985980274587364
2 133 3.985980274587364
2 134 3.985980274587364
2 135 3.985980274587364
2 136 3.985980274587364
3 137 3.985980274587364
3 138 3.985980274587364
3 139 3.985980274587364
3 140 3.985980274587364
3 141 3.985980274587364
3 142 3.985980274587364
3 143 3.985980274587364
3 144 3.985980274587364
3 145 3.985980274587364
3 146 3.985980274587364
3 147 3.985980274587364
3 148 3.985980274587364
3 149 3.985980274587364
3 150 3.985980274587364
3 151 3.985980274587364
3 152 3.985980274587364
3 153 3.985980274587364
3 154 3.985980274587364
3 155 3.985980274587364
3 156 3.985980274587364
3 157 3.985980274587364
3 158 3.985980274587364
3 159 3.985980274587364
3 160 3.985980274587364
3 161 3.985980274587364
3 162 3.985980274587364
3 163 3.985980274587364
3 164 3.985980274587364
3 165 3.985980274587364
3 166 3.985980274587364
3 167 3.985980274587364
3 168 3.985980274587364
3 169 3.985980274587364
3 170 3.985980274587364
3 171 3.985980274587364
3 172 3.985980274587364
3 173 3.985980274587364
3 174 3.985980274587364
3 175 3.985980274587364
3 176 3.985980274587364
3 177 3.985980274587364
3 178 3.985980274587364
3 179 3.985980274587364
3 180 3.985980274587364
3 181 3.985980274587364
3 182 3.985980274587364
3 183 3.985980274587364
3 184 3.985980274587364
3 185 3.985980274587364
3 186 3.985980274587364
3 187 3.985980274587364
3 188 3.985980274587364
3 189 3.985980274587364
3 190 3.985980274587364
3 191 3.985980274587364
3 192 3.985980274587364
3 193 3.985980274587364
3 194 3.985980274587364
3 195 3.985980274587364
3 196 3.985980274587364
3 197 3.985980274587364
3 198 3.985980274587364
3 199 3.985980274587364
4 200 3.985980274587364
4 201 3.985980274587364
4 202 3.985980274587364
4 203 3.985980274587364
4 204 3.985980274587364
4 205 3.985980274587364
4 206 3.985980274587364
4 207 3.985980274587364
4 208 3.985980274587364
4 209 3.985980274587364
4 210 3.985980274587364
4 211 3.985980274587364
4 212 3.985980274587364
4 213 3.985980274587364
4 214 3.985980274587364
4 215 3.985980274587364
4 216 3.985980274587364
4 217 3.985980274587364
4 218 3.985980274587364
4 219 3.985980274587364
4 220 3.985980274587364
4 221 3.985980274587364
4 222 9.999999999999286E-7
