0 1 121.53965624562991
0 2 43.30633920191744
0 3 43.01595299039844
0 4 17.999877513334535
0 5 17.999877513334535
1 6 17.999877513334535
1 7 15.262151066855122
1 8 15.262151066855122
1 9 15.262151066855122
1 10 15.262151066855122
1 11 15.262151066855122
1 12 15.262151066855122
1 13 15.262151066855122
1 14 15.262151066855122
1 15 15.262151066855122
1 16 15.262151066855122
1 17 15.262151066855122
1 18 15.262151066855122
1 19 15.262151066855122
1 20 15.262151066855122
1 21 15.262151066855122
1 22 15.262151066855122
1 23 12.517377532772654
1 24 12.517377532772654
1 25 12.517377532772654
1 26 12.517377532772654
1 27 12.517377532772654
1 28 12.517377532772654
1 29 12.517377532772654
1 30 12.517377532772654
1 31 12.517377532772654
1 32 9.30878061150827
1 33 9.30878061150827
1 34 9.30878061150827
1 35 9.30878061150827
1 36 9.30878061150827
1 37 9.30878061150827
1 38 9.30878061150827
1 39 9.30878061150827
1 40 9.30878061150827
1 41 9.30878061150827
1 42 9.30878061150827
1 43 9.30878061150827
2 44 9.30878061150827
2 45 9.30878061150827
2 46 9.30878061150827
2 47 9.30878061150827
2 48 9.30878061150827
2 49 9.30878061150827
2 50 9.30878061150827
2 51 9.30878061150827
2 52 9.30878061150827
2 53 9.30878061150827
2 54 9.30878061150827
2 55 9.2621890921735
2 56 9.2621890921735
2 57 9.2621890921735
2 58 9.2621890921735
2 59 9.2621890921735
2 60 9.2621890921735
2 61 9.2621890921735
2 62 9.2621890921735
2 63 9.2621890921735
2 64 9.2621890921735
2 65 9.2621890921735
2 66 9.2621890921735
2 67 9.2621890921735
2 68 9.2621890921735
2 69 9.2621890921735
2 70 9.2621890921735
2 71 9.2621890921735
2 72 9.2621890921735
2 73 9.2621890921735
2 74 9.2621890921735
2 75 9.2621890921735
2 76 9.2621890921735
2 77 9.2621890921735
2 78 9.2621890921735
2 79 9.2621890921735
2 80 9.2621890921735
2 81 9.2621890921735
2 82 5.26220189692056
2 83 5.26220189692056
2 84 5.26220189692056
2 85 5.26220189692056
2 86 5.26220189692056
2 87 5.26220189692056
2 88 5.26220189692056
3 89 5.26220189692056
3 90 5.26220189692056
3 91 5.26220189692056
3 92 5.26220189692056
3 93 5.26220189692056
3 94 5.26220189692056
3 95 5.26220189692056
3 96 5.26220189692056
3 97 5.26220189692056
3 98 5.26220189692056
3 99 5.26220189692056
3 100 5.26220189692056
3 101 5.26220189692056
3 102 5.26220189692056
3 103 5.26220189692056
3 104 5.26220189692056
3 105 5.26220189692056
3 106 5.26220189692056
3 107 5.26220189692056
3 108 5.26220189692056
3 109 5.26220189692056
3 110 5.26220189692056
3 111 5.26220189692056
3 112 5.26220189692056
3 113 5.26220189692056
3 114 5.26220189692056
3 115 5.26220189692056
3 116 5.26220189692056
3 117 5.26220189692056
3 118 5.26220189692056
3 119 5.26220189692056
3 120 5.26220189692056
3 121 5.26220189692056
3 122 5.26220189692056
3 123 5.26220189692056
3 124 5.26220189692056
3 125 5.26220189692056
3 126 5.26220189692056
3 127 5.26220189692056
3 128 5.26220189692056
3 129 5.26220189692056
3 130 5.26220189692056
4 131 5.26220189692056
4 132 5.26220189692056
4 133 5.26220189692056
4 134 5.26220189692056
4 135 5.26220189692056
4 136 5.26220189692056
4 137 5.26220189692056
4 138 5.26220189692056
4 139 5.26220189692056
4 140 5.26220189692056
4 141 5.26220189692056
4 142 5.26220189692056
4 143 5.26220189692056
4 144 5.26220189692056
4 145 5.26220189692056
4 146 5.26220189692056
4 147 5.26220189692056
4 148 5.26220189692056
4 149 5.26220189692056
4 150 5.26220189692056
4 151 5.26220189692056
4 152 5.26220189692056
4 153 5.26220189692056
4 154 5.26220189692056
4 155 5.26220189692056
4 156 5.26220189692056
4 157 5.26220189692056
4 158 5.26220189692056
4 159 5.26220189692056
4 160 5.26220189692056
4 161 5.26220189692056
4 162 5.26220189692056
4 163 5.26220189692056
4 164 5.26220189692056
4 165 5.26220189692056
4 166 5.26220189692056
4 167 5.26220189692056
4 168 5.26220189692056
4 169 5.26220189692056
4 170 5.26220189692056
4 171 5.26220189692056
4 172 5.26220189692056
4 173 5.26220189692056
4 174 5.26220189692056
4 175 5.26220189692056
4 176 5.26220189692056
4 177 5.26220189692056
5 178 5.26220189692056
5 179 5.26220189692056
5 180 5.26220189692056
5 181 5.26220189692056
5 182 5.26220189692056
5 183 5.26220189692056
5 184 5.26220189692056
5 185 5.26220189692056
5 186 5.26220189692056
5 187 5.26220189692056
5 188 5.26220189692056
5 189 5.26220189692056
5 190 5.26220189692056
5 191 5.26220189692056
5 192 5.26220189692056
5 193 5.26220189692056
5 194 5.26220189692056
5 195 5.26220189692056
5 196 5.26220189692056
5 197 5.26220189692056
5 198 5.26220189692056
5 199 5.26220189692056
5 200 5.26220189692056
5 201 5.26220189692056
5 202 5.26220189692056
5 203 5.26220189692056
5 204 5.26220189692056
5 205 5.26220189692056
5 206 5.26220189692056
5 207 5.26220189692056
5 208 5.26220189692056
5 209 5.26220189692056
5 210 5.26220189692056
5 211 5.26220189692056
5 212 5.26220189692056
5 213 5.26220189692056
5 214 5.26220189692056
5 215 5.26220189692056
5 216 5.26220189692056
5 217 5.26220189692056
6 218 5.26220189692056
6 219 5.26220189692056
6 220 5.26220189692056
6 221 5.26220189692056
6 222 5.26220189692056
6 223 5.26220189692056
6 224 5.26220189692056
6 225 5.26220189692056
6 226 5.26220189692056
6 227 5.26220189692056
6 228 5.26220189692056
6 229 5.00005788337713
6 230 5.00005788337713
6 231 5.00005788337713
6 232 5.00005788337713
6 233 5.00005788337713
6 234 5.00005788337713
6 235 5.00005788337713
6 236 5.00005788337713
6 237 5.00005788337713
6 238 5.00005788337713
6 239 5.00005788337713
6 240 5.00005788337713
6 241 5.00005788337713
6 242 5.00005788337713
6 243 5.00005788337713
6 244 5.00005788337713
6 245 5.00005788337713
6 246 5.00005788337713
6 247 5.00005788337713
6 248 5.00005788337713
6 249 5.00005788337713
6 250 5.00005788337713
6 251 5.00005788337713
6 252 5.00005788337713
6 253 5.00005788337713
6 254 5.00005788337713
6 255 5.00005788337713
6 256 5.00005788337713
6 257 5.00005788337713
6 258 5.00005788337713
6 259 5.00005788337713
7 260 5.00005788337713
7 261 5.00005788337713
7 262 5.00005788337713
7 263 3.9859814892720604
7 264 3.9859814892720604
7 265 3.9859814892720604
7 266 3.9859814892720604
7 267 3.9859814892720604
7 268 3.9859814892720604
7 269 3.9859814892720604
7 270 3.9859814892720604
7 271 3.9859814892720604
7 272 3.9859814892720604
7 273 3.9859814892720604
7 274 3.9859814892720604
7 275 3.9859814892720604
7 276 3.9859814892720604
7 277 3.9859814892720604
7 278 3.9859814892720604
7 279 3.9859814892720604
7 280 3.9859814892720604
7 281 3.9859814892720604
7 282 3.9859814892720604
7 283 3.9859814892720604
7 284 3.9859814892720604
7 285 3.9859814892720604
7 286 3.9859814892720604
7 287 3.9859814892720604
7 288 3.9859814892720604
7 289 3.9859814892720604
7 290 3.9859814892720604
7 291 3.9859814892720604
7 292 3.9859814892720604
7 293 3.9859814892720604
7 294 3.9859814892720604
7 295 3.9859814892720604
7 296 3.9859814892720604
7 297 3.9859814892720604
7 298 2.531439193309311
7 299 2.531439193309311
7 300 2.531439193309311
7 301 2.531439193309311
7 302 2.531439193309311
8 303 2.531439193309311
8 304 2.531439193309311
8 305 2.531439193309311
8 306 2.531439193309311
8 307 2.531439193309311
8 308 2.531439193309311
8 309 2.531439193309311
8 310 2.531439193309311
8 311 2.531439193309311
8 312 2.531439193309311
8 313 2.531439193309311
8 314 2.531439193309311
8 315 1.0040958218419715
8 316 1.0040958218419715
8 317 1.0040958218419715
8 318 1.0040958218419715
8 319 1.0040958218419715
8 320 1.000000755687982
8 321 1.000000755687982
8 322 1.000000755687982
8 323 1.000000755687982
8 324 1.000000755687982
8 325 1.000000755687982
8 326 1.000000755687982
8 327 1.000000755687982
8 328 1.000000755687982
8 329 1.000000755687982
8 330 1.000000755687982
8 331 1.000000755687982
8 332 1.000000755687982
8 333 1.000000755687982
8 334 1.000000755687982
8 335 1.000000755687982
8 336 1.000000755687982
8 337 1.000000755687982
8 338 1.000000755687982
8 339 1.000000755687982
8 340 1.000000755687982
8 341 1.000000755687982
8 342 1.000000755687982
8 343 1.000000755687982
8 344 1.000000755687982
8 345 1.000000755687982
8 346 1.000000755687982
8 347 1.000000755687982
8 348 1.000000755687982
9 349 1.000000755687982
9 350 1.000000755687982
9 351 1.000000755687982
9 352 1.000000755687982
9 353 1.000000755687982
9 354 1.000000755687982
9 355 1.000000755687982
9 356 1.000000755687982
9 357 1.000000755687982
9 358 1.000000755687982
9 359 1.000000755687982
9 360 1.000000755687982
9 361 1.000000755687982
9 362 1.000000755687982
9 363 0.5780969439790082
