0 1 121.53965624562991
1 2 19.99989800895676
1 3 6.000053741619053
1 4 6.000053741619053
1 5 5.1176434307887275
1 6 5.1176434307887275
1 7 5.1176434307887275
1 8 5.1176434307887275
1 9 5.1176434307887275
1 10 5.1176434307887275
1 11 5.1176434307887275
1 12 5.1176434307887275
1 13 5.1176434307887275
1 14 5.1176434307887275
1 15 5.1176434307887275
1 16 5.1176434307887275
1 17 5.1176434307887275
1 18 5.1176434307887275
1 19 5.1176434307887275
1 20 5.1176434307887275
1 21 5.1176434307887275
1 22 5.1176434307887275
1 23 5.1176434307887275
1 24 5.1176434307887275
1 25 5.1176434307887275
1 26 5.1176434307887275
1 27 5.1176434307887275
1 28 5.1176434307887275
1 29 5.1176434307887275
1 30 5.1176434307887275
1 31 5.1176434307887275
1 32 5.1176434307887275
1 33 5.1176434307887275
1 34 5.1176434307887275
1 35 5.1176434307887275
1 36 5.1176434307887275
1 37 5.1176434307887275
2 38 5.1176434307887275
2 39 5.1176434307887275
2 40 5.1176434307887275
2 41 5.1176434307887275
2 42 5.1176434307887275
2 43 5.1176434307887275
2 44 5.1176434307887275
2 45 5.1176434307887275
2 46 5.1176434307887275
2 47 5.1176434307887275
2 48 5.1176434307887275
2 49 5.1176434307887275
2 50 5.1176434307887275
2 51 5.1176434307887275
2 52 5.1176434307887275
2 53 5.1176434307887275
2 54 5.1176434307887275
2 55 5.1176434307887275
2 56 5.1176434307887275
2 57 5.1176434307887275
2 58 5.1176434307887275
2 59 5.1176434307887275
2 60 5.1176434307887275
2 61 5.1176434307887275
2 62 5.1176434307887275
2 63 5.1176434307887275
2 64 5.1176434307887275
2 65 5.1176434307887275
2 66 5.1176434307887275
2 67 5.1176434307887275
2 68 5.1176434307887275
2 69 5.1176434307887275
2 70 5.1176434307887275
2 71 5.1176434307887275
2 72 5.1176434307887275
2 73 5.1176434307887275
2 74 5.1176434307887275
2 75 5.1176434307887275
2 76 5.1176434307887275
3 77 5.1176434307887275
3 78 5.1176434307887275
3 79 5.1176434307887275
3 80 5.1176434307887275
3 81 5.1176434307887275
3 82 5.1176434307887275
3 83 5.1176434307887275
3 84 5.1176434307887275
3 85 5.1176434307887275
3 86 5.1176434307887275
3 87 5.1176434307887275
3 88 5.1176434307887275
3 89 5.1176434307887275
3 90 5.1176434307887275
3 91 5.1176434307887275
3 92 5.1176434307887275
3 93 5.1176434307887275
3 94 5.1176434307887275
3 95 5.1176434307887275
3 96 5.1176434307887275
3 97 5.1176434307887275
3 98 5.1176434307887275
3 99 5.1176434307887275
3 100 5.1176434307887275
3 101 5.1176434307887275
3 102 5.1176434307887275
3 103 5.1176434307887275
3 104 5.1176434307887275
3 105 5.1176434307887275
3 106 5.1176434307887275
3 107 5.1176434307887275
3 108 5.1176434307887275
3 109 1.7716245813588933
3 110 0.004096999997548559
