0 1 99.02999999999999
0 2 99.02999999999999
0 3 98.38999999999999
0 4 97.02999999999999
0 5 97.02999999999999
1 6 97.02999999999999
1 7 91.64999999999998
1 8 91.64999999999998
1 9 91.63999999999997
1 10 91.08999999999997
1 11 90.68999999999998
1 12 90.68999999999998
1 13 88.21
1 14 86.03999999999998
1 15 86.03999999999998
1 16 85.71999999999997
1 17 83.32
1 18 83.30999999999999
1 19 80.75999999999998
1 20 80.75999999999998
1 21 79.57999999999998
1 22 78.19999999999997
1 23 78.17999999999998
1 24 78.03999999999998
1 25 77.53999999999998
1 26 77.53999999999998
1 27 77.39999999999998
1 28 77.13999999999999
1 29 77.07999999999998
1 30 77.07999999999998
1 31 76.47999999999999
1 32 76.33999999999999
1 33 76.1
1 34 75.46
1 35 75.46
1 36 74.57999999999998
1 37 72.89999999999999
1 38 72.89999999999999
1 39 72.82
1 40 72.82
1 41 71.24999999999999
1 42 71.24999999999999
1 43 70.27999999999999
1 44 69.78
1 45 69.78
1 46 69.56
1 47 69.14
1 48 69.12
1 49 69.12
1 50 68.81
1 51 66.55999999999999
1 52 66.55999999999999
1 53 65.16999999999999
1 54 65.16999999999999
1 55 64.85
1 56 64.69
1 57 64.52999999999999
1 58 64.36999999999999
1 59 63.889999999999986
1 60 63.56999999999999
1 61 63.489999999999995
1 62 63.489999999999995
1 63 63.44999999999999
1 64 62.849999999999994
1 65 62.849999999999994
1 66 62.28999999999999
2 67 62.28999999999999
2 68 62.28999999999999
2 69 61.969999999999985
2 70 61.969999999999985
2 71 61.64999999999999
2 72 61.64
2 73 59.09
2 74 59.09
2 75 58.769999999999996
2 76 58.769999999999996
2 77 58.45
2 78 58.45
2 79 56.97
2 80 56.97
2 81 56.33
2 82 56.33
2 83 56.17
2 84 55.39
2 85 55.39
2 86 55.07000000000001
2 87 55.010000000000005
2 88 53.8
2 89 53.64
2 90 53.64
2 91 53.31999999999999
2 92 53.31999999999999
2 93 53.11999999999999
2 94 53.11999999999999
2 95 52.959999999999994
2 96 52.959999999999994
2 97 52.879999999999995
2 98 52.8
2 99 52.8
2 100 52.16
2 101 52.16
2 102 52.139999999999986
2 103 52.139999999999986
2 104 51.83999999999999
2 105 51.55
2 106 51.55
2 107 51.55
2 108 51.22999999999999
2 109 51.22999999999999
2 110 51.19
2 111 51.129999999999995
2 112 50.849999999999994
2 113 50.849999999999994
2 114 50.75
2 115 50.75
2 116 50.75
2 117 50.75
2 118 50.730000000000004
2 119 50.67
2 120 50.650000000000006
2 121 50.650000000000006
2 122 50.63000000000001
2 123 50.010000000000005
2 124 49.989999999999995
2 125 49.989999999999995
2 126 49.849999999999994
2 127 49.830000000000005
3 128 49.25
3 129 49.150000000000006
3 130 49.150000000000006
3 131 49.150000000000006
3 132 48.95
3 133 48.95
3 134 48.63000000000001
3 135 48.63000000000001
3 136 48.550000000000004
3 137 48.550000000000004
3 138 48.550000000000004
3 139 48.550000000000004
3 140 48.470000000000006
3 141 47.52
3 142 47.52
3 143 47.480000000000004
3 144 47.480000000000004
3 145 47.28000000000001
3 146 47.28000000000001
3 147 46.14000000000001
3 148 46.14000000000001
3 149 44.86000000000001
3 150 44.540000000000006
3 151 44.540000000000006
3 152 44.53000000000001
3 153 44.46000000000001
3 154 42.89000000000001
3 155 42.89000000000001
3 156 42.88000000000001
3 157 41.28000000000001
3 158 41.28000000000001
3 159 40.28000000000001
3 160 40.28000000000001
3 161 40.28000000000001
3 162 40.12000000000001
3 163 40.12000000000001
3 164 40.12000000000001
3 165 40.12000000000001
3 166 40.12000000000001
3 167 39.87000000000001
3 168 39.87000000000001
3 169 39.87000000000001
3 170 39.85000000000001
3 171 39.79000000000001
3 172 39.71000000000001
3 173 38.790000000000006
3 174 37.150000000000006
3 175 37.150000000000006
3 176 37.11000000000001
3 177 37.11000000000001
3 178 35.870000000000005
3 179 35.870000000000005
3 180 35.71
3 181 35.71
3 182 35.71
3 183 35.71
3 184 35.669999999999995
3 185 35.669999999999995
3 186 35.669999999999995
3 187 35.669999999999995
3 188 35.029999999999994
3 189 35.029999999999994
3 190 34.87
4 191 34.87
4 192 34.849999999999994
4 193 33.87
4 194 33.849999999999994
4 195 33.79
4 196 33.79
4 197 33.779999999999994
4 198 33.5
4 199 33.5
4 200 33.339999999999996
4 201 33.339999999999996
4 202 33.339999999999996
4 203 33.3
4 204 31.77
4 205 31.77
4 206 31.77
4 207 31.77
4 208 31.76
4 209 31.73
4 210 31.73
4 211 31.6
4 212 31.6
4 213 30.72
4 214 30.72
4 215 29.72
4 216 29.72
4 217 29.52
4 218 29.52
4 219 29.51
4 220 29.51
4 221 29.51
4 222 29.470000000000002
4 223 29.3
4 224 29.3
4 225 29.169999999999998
4 226 29.01
4 227 29.01
4 228 28.950000000000003
4 229 28.950000000000003
4 230 28.930000000000003
4 231 28.910000000000004
4 232 28.770000000000003
4 233 28.770000000000003
4 234 28.730000000000004
4 235 28.720000000000002
4 236 28.57
4 237 28.57
4 238 28.57
4 239 28.57
4 240 28.57
4 241 28.57
4 242 28.549999999999997
4 243 28.549999999999997
4 244 28.549999999999997
4 245 28.54
4 246 28.51
4 247 28.51
4 248 28.35
4 249 28.35
4 250 28.35
4 251 27.19
5 252 27.19
5 253 26.07
5 254 26.07
5 255 26.07
5 256 26.06
5 257 26.050000000000004
5 258 26.05
5 259 24.770000000000003
5 260 23.490000000000002
5 261 23.490000000000002
5 262 23.47
5 263 22.21
5 264 22.21
5 265 22.21
5 266 22.21
5 267 22.21
5 268 22.189999999999998
5 269 21.630000000000003
5 270 21.630000000000003
5 271 21.630000000000003
5 272 21.610000000000003
5 273 21.610000000000003
5 274 21.610000000000003
5 275 21.41
5 276 21.41
5 277 21.37
5 278 21.37
5 279 21.37
5 280 20.090000000000003
5 281 20.090000000000003
5 282 20.090000000000003
5 283 17.53
5 284 17.53
5 285 17.53
5 286 17.330000000000002
5 287 17.330000000000002
5 288 17.330000000000002
5 289 17.330000000000002
5 290 17.330000000000002
5 291 17.32
5 292 17.32
5 293 17.290000000000003
5 294 17.290000000000003
5 295 16.01
5 296 16.01
5 297 16.0
5 298 16.0
5 299 15.989999999999998
5 300 15.989999999999998
5 301 15.989999999999998
5 302 15.969999999999999
5 303 15.969999999999999
5 304 14.870000000000001
5 305 14.870000000000001
5 306 14.870000000000001
5 307 14.870000000000001
5 308 14.870000000000001
5 309 14.870000000000001
5 310 14.850000000000001
5 311 14.850000000000001
6 312 14.850000000000001
6 313 14.850000000000001
6 314 14.850000000000001
6 315 14.850000000000001
6 316 14.850000000000001
6 317 14.77
6 318 14.77
6 319 14.75
6 320 14.75
6 321 14.75
6 322 14.75
6 323 14.75
6 324 14.75
6 325 14.75
6 326 14.75
6 327 13.75
6 328 13.75
6 329 13.75
6 330 13.75
6 331 13.669999999999998
6 332 13.669999999999998
6 333 13.669999999999998
6 334 13.669999999999998
6 335 13.669999999999998
6 336 13.669999999999998
6 337 13.669999999999998
6 338 13.669999999999998
6 339 13.509999999999998
6 340 13.509999999999998
6 341 13.349999999999998
6 342 13.349999999999998
6 343 13.349999999999998
6 344 13.349999999999998
6 345 13.349999999999998
6 346 12.07
6 347 12.069999999999997
6 348 12.069999999999997
6 349 12.069999999999997
6 350 12.069999999999997
6 351 12.069999999999997
6 352 12.069999999999997
6 353 12.069999999999997
6 354 12.069999999999997
6 355 12.069999999999997
6 356 10.79
6 357 10.79
6 358 10.79
6 359 10.79
6 360 10.79
6 361 10.5
6 362 10.5
6 363 10.5
6 364 9.5
6 365 9.5
6 366 9.5
6 367 9.5
6 368 9.5
6 369 9.5
6 370 9.5
6 371 9.5
6 372 9.5
6 373 9.5
7 374 9.5
7 375 9.5
7 376 9.5
7 377 9.5
7 378 9.5
7 379 9.5
7 380 9.5
7 381 9.5
7 382 9.5
7 383 9.5
7 384 9.5
7 385 9.5
7 386 9.5
7 387 9.5
7 388 9.5
7 389 9.5
7 390 9.5
7 391 9.5
7 392 9.5
7 393 9.5
7 394 9.5
7 395 9.5
7 396 9.5
7 397 9.5
7 398 9.5
7 399 9.5
7 400 9.5
7 401 9.5
7 402 8.22
7 403 8.22
7 404 8.22
7 405 8.22
7 406 8.22
7 407 8.22
7 408 8.22
7 409 8.22
7 410 8.06
7 411 8.06
7 412 8.06
7 413 8.06
7 414 8.06
7 415 8.06
7 416 8.06
7 417 8.06
7 418 8.06
7 419 8.06
7 420 8.06
7 421 8.06
7 422 8.06
7 423 8.06
7 424 8.06
7 425 8.06
7 426 6.78
7 427 6.78
7 428 6.78
7 429 6.78
8 430 6.78
8 431 6.78
8 432 6.78
8 433 6.78
8 434 6.78
8 435 6.78
8 436 6.78
8 437 6.78
8 438 6.78
8 439 6.78
8 440 6.78
8 441 6.78
8 442 6.78
8 443 6.78
8 444 6.78
8 445 6.78
8 446 6.78
8 447 6.78
8 448 6.78
8 449 6.78
8 450 6.78
8 451 6.78
8 452 6.78
8 453 6.78
8 454 6.78
8 455 6.78
8 456 6.78
8 457 6.78
8 458 6.78
8 459 6.78
8 460 6.78
8 461 6.78
8 462 6.78
8 463 6.78
8 464 6.78
8 465 6.78
8 466 6.78
8 467 6.78
8 468 6.78
8 469 6.78
8 470 6.78
8 471 6.78
8 472 6.78
8 473 6.78
8 474 6.78
8 475 6.78
8 476 6.78
8 477 6.78
8 478 6.78
8 479 6.78
8 480 6.78
8 481 6.78
8 482 6.78
8 483 6.78
8 484 6.78
9 485 6.78
9 486 6.78
9 487 6.78
9 488 6.78
9 489 6.78
9 490 6.78
9 491 6.78
9 492 6.78
9 493 6.78
9 494 6.78
9 495 6.78
9 496 6.78
9 497 6.78
9 498 6.78
9 499 6.78
9 500 6.78
9 501 6.78
9 502 6.78
9 503 6.78
9 504 6.78
9 505 6.78
9 506 6.78
9 507 6.78
9 508 6.78
9 509 6.78
9 510 6.78
9 511 6.78
9 512 6.78
9 513 6.78
9 514 6.78
9 515 6.78
9 516 6.78
9 517 6.78
9 518 6.78
9 519 6.78
9 520 6.78
9 521 6.78
9 522 6.78
9 523 6.78
9 524 6.78
9 525 6.78
9 526 6.78
9 527 6.78
9 528 6.78
9 529 6.78
9 530 6.78
9 531 6.78
9 532 6.78
9 533 6.78
9 534 6.78
9 535 6.78
9 536 6.78
9 537 6.78
9 538 6.78
9 539 6.78
9 540 6.78
10 541 6.78
10 542 6.78
10 543 6.78
10 544 6.78
10 545 6.78
10 546 6.78
10 547 6.78
10 548 6.78
10 549 6.78
10 550 6.78
10 551 6.78
10 552 6.78
10 553 6.78
10 554 6.78
10 555 6.78
10 556 6.78
10 557 6.78
10 558 6.78
10 559 6.78
10 560 6.78
10 561 6.78
10 562 6.78
10 563 6.78
10 564 6.78
10 565 6.78
10 566 6.78
10 567 6.78
10 568 6.78
10 569 6.78
10 570 6.78
10 571 6.78
10 572 6.78
10 573 6.78
10 574 6.78
10 575 6.78
10 576 6.78
10 577 6.78
10 578 6.78
10 579 6.78
10 580 6.78
10 581 6.78
10 582 6.78
10 583 6.78
10 584 6.78
10 585 6.78
10 586 6.78
10 587 6.78
10 588 6.78
10 589 6.78
10 590 6.78
10 591 6.78
10 592 6.78
10 593 6.78
10 594 6.78
10 595 6.78
10 596 6.78
10 597 6.78
11 598 6.78
11 599 6.78
11 600 6.78
11 601 6.78
11 602 6.78
11 603 6.78
11 604 6.78
11 605 6.78
11 606 6.78
11 607 6.78
11 608 6.78
11 609 6.78
11 610 6.78
11 611 6.78
11 612 6.78
11 613 6.78
11 614 6.78
11 615 6.78
11 616 6.78
11 617 6.78
11 618 6.78
11 619 6.78
11 620 6.78
11 621 6.78
11 622 6.78
11 623 6.78
11 624 6.78
11 625 6.78
11 626 6.78
11 627 6.78
11 628 6.78
11 629 6.78
11 630 6.78
11 631 6.78
11 632 6.78
11 633 6.78
11 634 6.78
11 635 6.78
11 636 6.78
11 637 6.78
11 638 6.78
11 639 6.78
11 640 6.78
11 641 6.78
11 642 6.78
11 643 6.78
11 644 6.78
11 645 6.78
11 646 6.78
11 647 6.78
11 648 6.78
11 649 6.78
11 650 6.78
11 651 6.78
11 652 6.78
12 653 6.78
12 654 6.78
12 655 6.78
12 656 6.78
12 657 6.78
12 658 6.78
12 659 6.78
12 660 6.78
12 661 6.78
12 662 6.78
12 663 6.78
12 664 6.78
12 665 6.78
12 666 6.78
12 667 6.78
12 668 6.78
12 669 6.78
12 670 6.78
12 671 6.78
12 672 6.78
12 673 6.78
12 674 6.78
12 675 6.78
12 676 6.78
12 677 6.78
12 678 6.78
12 679 6.78
12 680 6.78
12 681 6.78
12 682 6.78
12 683 6.78
12 684 6.78
12 685 6.78
12 686 6.78
12 687 6.78
12 688 6.78
12 689 6.78
12 690 6.78
12 691 6.78
12 692 6.78
12 693 6.78
12 694 6.78
12 695 6.78
12 696 6.78
12 697 6.78
12 698 6.78
12 699 6.78
12 700 6.78
12 701 6.78
12 702 6.78
12 703 6.78
12 704 6.78
12 705 6.78
12 706 6.78
12 707 6.78
12 708 6.78
12 709 6.78
12 710 6.78
13 711 6.78
13 712 6.78
13 713 6.78
13 714 6.78
13 715 6.78
13 716 6.78
13 717 6.78
13 718 6.78
13 719 6.78
13 720 6.78
13 721 6.78
13 722 6.78
13 723 6.78
13 724 6.78
13 725 6.78
13 726 6.78
13 727 6.78
13 728 6.78
13 729 6.78
13 730 6.78
13 731 6.78
13 732 6.78
13 733 6.78
13 734 6.78
13 735 6.78
13 736 6.78
13 737 6.78
13 738 6.78
13 739 6.78
13 740 6.78
13 741 6.78
13 742 6.78
13 743 6.78
13 744 6.78
13 745 6.78
13 746 6.78
13 747 6.78
13 748 6.78
13 749 6.78
13 750 6.78
13 751 6.78
13 752 6.78
13 753 6.78
13 754 6.78
13 755 6.78
13 756 6.78
13 757 6.78
13 758 6.78
13 759 6.78
13 760 6.78
13 761 6.78
13 762 6.78
13 763 6.78
13 764 6.78
13 765 6.78
14 766 6.78
14 767 6.78
14 768 6.78
14 769 6.78
14 770 6.78
14 771 6.78
14 772 6.78
14 773 6.78
14 774 6.78
14 775 6.78
14 776 6.78
14 777 6.78
14 778 6.78
14 779 6.78
14 780 6.78
14 781 6.78
14 782 6.78
14 783 6.78
14 784 6.78
14 785 6.78
14 786 6.78
14 787 6.78
14 788 6.78
14 789 6.78
14 790 6.78
14 791 6.78
14 792 6.78
14 793 6.78
14 794 6.78
14 795 6.78
14 796 6.78
14 797 6.78
14 798 6.78
14 799 6.78
14 800 6.78
14 801 6.78
14 802 6.78
14 803 6.78
14 804 6.78
14 805 6.78
14 806 6.78
14 807 6.78
14 808 6.78
14 809 6.78
14 810 6.78
14 811 6.78
14 812 6.78
14 813 6.78
14 814 6.78
14 815 6.78
14 816 6.78
14 817 6.78
14 818 6.78
14 819 6.78
14 820 6.78
14 821 6.78
14 822 6.78
15 823 6.78
15 824 6.78
15 825 6.78
15 826 6.78
15 827 6.78
15 828 6.78
15 829 6.78
15 830 6.78
15 831 6.78
15 832 6.78
15 833 6.78
15 834 6.78
15 835 6.78
15 836 6.78
15 837 6.78
15 838 6.78
15 839 6.78
15 840 6.78
15 841 6.78
15 842 6.78
15 843 6.78
15 844 6.78
15 845 6.78
15 846 6.78
15 847 6.78
15 848 6.78
15 849 6.78
15 850 6.78
15 851 6.78
15 852 6.78
15 853 6.78
15 854 6.78
15 855 6.78
15 856 6.78
15 857 6.78
15 858 6.78
15 859 6.78
15 860 6.78
15 861 6.78
15 862 6.78
15 863 6.78
15 864 6.78
15 865 6.78
15 866 6.78
15 867 6.78
15 868 6.78
15 869 6.78
15 870 6.78
15 871 6.78
15 872 6.78
15 873 6.78
15 874 6.78
15 875 6.78
15 876 6.78
15 877 6.78
15 878 6.78
15 879 6.78
15 880 6.78
15 881 6.78
16 882 6.78
16 883 6.78
16 884 6.78
16 885 6.78
16 886 6.78
16 887 6.78
16 888 6.78
16 889 6.78
16 890 6.78
16 891 6.78
16 892 6.78
16 893 6.78
16 894 6.78
16 895 6.78
16 896 6.78
16 897 6.78
16 898 6.78
16 899 6.78
16 900 6.78
16 901 6.78
16 902 6.78
16 903 6.78
16 904 6.78
16 905 6.78
16 906 6.78
16 907 6.78
16 908 6.78
16 909 6.78
16 910 6.78
16 911 6.78
16 912 6.78
16 913 6.78
16 914 6.78
16 915 6.78
16 916 6.78
16 917 6.78
16 918 6.78
16 919 6.78
16 920 6.78
16 921 6.78
16 922 6.78
16 923 6.78
16 924 6.78
16 925 6.78
16 926 6.78
16 927 6.78
16 928 6.78
16 929 6.78
16 930 6.78
16 931 6.78
16 932 6.78
16 933 6.78
16 934 6.78
16 935 6.78
16 936 6.78
16 937 6.78
16 938 6.78
17 939 6.78
17 940 6.78
17 941 6.78
17 942 6.78
17 943 6.78
17 944 6.78
17 945 6.78
17 946 6.78
17 947 6.78
17 948 6.78
17 949 6.78
17 950 6.78
17 951 6.78
17 952 6.78
17 953 6.78
17 954 6.78
17 955 6.78
17 956 6.78
17 957 6.78
17 958 6.78
17 959 6.78
17 960 6.78
17 961 6.78
17 962 6.78
17 963 6.78
17 964 6.78
17 965 6.78
17 966 6.78
17 967 6.78
17 968 6.78
17 969 6.78
17 970 6.78
17 971 6.78
17 972 6.78
17 973 6.78
17 974 6.78
17 975 6.78
17 976 6.78
17 977 6.78
17 978 6.78
17 979 6.78
17 980 6.78
17 981 6.78
17 982 6.78
17 983 6.78
17 984 6.78
17 985 6.78
17 986 6.78
17 987 6.78
17 988 6.78
17 989 6.78
17 990 6.78
17 991 6.78
17 992 6.78
17 993 6.78
17 994 6.78
18 995 6.78
18 996 6.78
18 997 6.78
18 998 6.78
18 999 6.78
18 1000 6.78
18 1001 6.78
18 1002 6.78
18 1003 6.78
18 1004 6.78
18 1005 6.78
18 1006 6.78
18 1007 6.78
18 1008 6.78
18 1009 6.78
18 1010 6.78
18 1011 6.78
18 1012 6.78
18 1013 6.78
18 1014 6.78
18 1015 6.78
18 1016 6.78
18 1017 6.78
18 1018 6.78
18 1019 6.78
18 1020 6.78
18 1021 6.78
18 1022 6.78
18 1023 6.78
18 1024 6.78
18 1025 6.78
18 1026 6.78
18 1027 6.78
18 1028 6.78
18 1029 6.78
18 1030 6.78
18 1031 6.78
18 1032 6.78
18 1033 6.78
18 1034 6.78
18 1035 6.78
18 1036 6.78
18 1037 6.78
18 1038 6.78
18 1039 6.78
18 1040 6.78
18 1041 6.78
18 1042 6.78
18 1043 6.78
18 1044 6.78
18 1045 6.78
18 1046 6.78
18 1047 6.78
18 1048 6.78
18 1049 6.78
18 1050 6.78
18 1051 6.78
18 1052 6.78
19 1053 6.78
19 1054 6.78
19 1055 6.78
19 1056 6.78
19 1057 6.78
19 1058 6.78
19 1059 6.78
19 1060 6.78
19 1061 6.78
19 1062 6.78
19 1063 6.78
19 1064 6.78
19 1065 6.78
19 1066 6.78
19 1067 6.78
19 1068 6.78
19 1069 6.78
19 1070 6.78
19 1071 6.78
19 1072 6.78
19 1073 6.78
19 1074 6.78
19 1075 6.78
19 1076 6.78
19 1077 6.78
19 1078 6.78
19 1079 6.78
19 1080 6.78
19 1081 6.78
19 1082 6.78
19 1083 6.78
19 1084 6.78
19 1085 6.78
19 1086 6.78
19 1087 6.78
19 1088 6.78
19 1089 6.78
19 1090 6.78
19 1091 6.78
19 1092 6.78
19 1093 6.78
19 1094 6.78
19 1095 6.78
19 1096 6.78
19 1097 6.78
19 1098 6.78
19 1099 6.78
19 1100 6.78
19 1101 6.78
19 1102 6.78
19 1103 6.78
19 1104 6.78
19 1105 6.78
19 1106 6.78
19 1107 6.78
19 1108 6.78
19 1109 6.78
19 1110 6.78
20 1111 6.78
20 1112 6.78
20 1113 6.78
20 1114 6.78
20 1115 6.78
20 1116 6.78
20 1117 6.78
20 1118 6.78
20 1119 6.78
20 1120 6.78
20 1121 6.78
20 1122 6.78
20 1123 6.78
20 1124 6.78
20 1125 6.78
20 1126 6.78
20 1127 6.78
20 1128 6.78
20 1129 6.78
20 1130 6.78
20 1131 6.78
20 1132 6.78
20 1133 6.78
20 1134 6.78
20 1135 6.78
20 1136 6.78
20 1137 6.78
20 1138 6.78
20 1139 6.78
20 1140 6.78
20 1141 6.78
20 1142 6.78
20 1143 6.78
20 1144 6.78
20 1145 6.78
20 1146 6.78
20 1147 6.78
20 1148 6.78
20 1149 6.78
20 1150 6.78
20 1151 6.78
20 1152 6.78
20 1153 6.78
20 1154 6.78
20 1155 6.78
20 1156 6.78
20 1157 6.78
20 1158 6.78
20 1159 6.78
20 1160 6.78
20 1161 6.78
20 1162 6.78
20 1163 6.78
20 1164 6.78
20 1165 6.78
20 1166 6.78
20 1167 6.78
21 1168 6.78
21 1169 6.78
21 1170 6.78
21 1171 6.78
21 1172 6.78
21 1173 6.78
21 1174 6.78
21 1175 6.78
21 1176 6.78
21 1177 6.78
21 1178 6.78
21 1179 6.78
21 1180 6.78
21 1181 6.78
21 1182 6.78
21 1183 6.78
21 1184 6.78
21 1185 6.78
21 1186 6.78
21 1187 6.78
21 1188 6.78
21 1189 6.78
21 1190 6.78
21 1191 6.78
21 1192 6.78
21 1193 6.78
21 1194 6.78
21 1195 6.78
21 1196 6.78
21 1197 6.78
21 1198 6.78
21 1199 6.78
21 1200 6.78
21 1201 6.78
21 1202 6.78
21 1203 6.78
21 1204 6.78
21 1205 6.78
21 1206 6.78
21 1207 6.78
21 1208 6.78
21 1209 6.78
21 1210 6.78
21 1211 6.78
21 1212 6.78
21 1213 6.78
21 1214 6.78
21 1215 6.78
21 1216 6.78
21 1217 6.78
21 1218 6.78
21 1219 6.78
21 1220 6.78
21 1221 6.78
21 1222 6.78
21 1223 6.78
22 1224 6.78
22 1225 6.78
22 1226 6.78
22 1227 6.78
22 1228 6.78
22 1229 6.78
22 1230 6.78
22 1231 6.78
22 1232 6.78
22 1233 6.78
22 1234 6.78
22 1235 6.78
22 1236 6.78
22 1237 6.78
22 1238 6.78
22 1239 6.78
22 1240 6.78
22 1241 6.78
22 1242 6.78
22 1243 6.78
22 1244 6.78
22 1245 6.78
22 1246 6.78
22 1247 6.78
22 1248 6.78
22 1249 6.78
22 1250 6.78
22 1251 6.78
22 1252 6.78
22 1253 6.78
22 1254 6.78
22 1255 6.78
22 1256 6.78
22 1257 6.78
22 1258 6.78
22 1259 6.78
22 1260 6.78
22 1261 6.78
22 1262 6.78
22 1263 6.78
22 1264 6.78
22 1265 6.78
22 1266 6.78
22 1267 6.78
22 1268 6.78
22 1269 6.78
22 1270 6.78
22 1271 6.78
22 1272 6.78
22 1273 6.78
22 1274 6.78
22 1275 6.78
22 1276 6.78
22 1277 6.78
22 1278 6.78
22 1279 6.78
23 1280 6.78
23 1281 6.78
23 1282 6.78
23 1283 6.78
23 1284 6.78
23 1285 6.78
23 1286 6.78
23 1287 6.78
23 1288 6.78
23 1289 6.78
23 1290 6.78
23 1291 6.78
23 1292 6.78
23 1293 6.78
23 1294 6.78
23 1295 6.78
23 1296 6.78
23 1297 6.78
23 1298 6.78
23 1299 6.78
23 1300 6.78
23 1301 6.78
23 1302 6.78
23 1303 6.78
23 1304 6.78
23 1305 6.78
23 1306 6.78
23 1307 6.78
23 1308 6.78
23 1309 6.78
23 1310 6.78
23 1311 6.78
23 1312 6.78
23 1313 6.78
23 1314 6.78
23 1315 6.78
23 1316 6.78
23 1317 6.78
23 1318 6.78
23 1319 6.78
23 1320 6.78
23 1321 6.78
23 1322 6.78
23 1323 6.78
23 1324 6.78
23 1325 6.78
23 1326 6.78
23 1327 6.78
23 1328 6.78
23 1329 6.78
23 1330 6.78
23 1331 6.78
24 1332 6.78
24 1333 6.78
24 1334 6.78
24 1335 6.78
24 1336 6.78
24 1337 6.78
24 1338 6.78
24 1339 6.78
24 1340 6.78
24 1341 6.78
24 1342 6.78
24 1343 6.78
24 1344 6.78
24 1345 6.78
24 1346 6.78
24 1347 6.78
24 1348 6.78
24 1349 6.78
24 1350 6.78
24 1351 6.78
24 1352 6.78
24 1353 6.78
24 1354 6.78
24 1355 6.78
24 1356 6.78
24 1357 6.78
24 1358 6.78
24 1359 6.78
24 1360 6.78
24 1361 6.78
24 1362 6.78
24 1363 6.78
24 1364 6.78
24 1365 6.78
24 1366 6.78
24 1367 6.78
24 1368 6.78
24 1369 6.78
24 1370 6.78
24 1371 6.78
24 1372 6.78
24 1373 6.78
24 1374 6.78
24 1375 6.78
24 1376 6.78
24 1377 6.78
24 1378 6.78
24 1379 6.78
24 1380 6.78
24 1381 6.78
24 1382 6.78
24 1383 6.78
24 1384 6.78
24 1385 6.78
24 1386 6.78
24 1387 6.78
25 1388 6.78
25 1389 6.78
25 1390 6.78
25 1391 6.78
25 1392 6.78
25 1393 6.78
25 1394 6.78
25 1395 6.78
25 1396 6.78
25 1397 6.78
25 1398 6.78
25 1399 6.78
25 1400 6.78
25 1401 6.78
25 1402 6.78
25 1403 6.78
25 1404 6.78
25 1405 6.78
25 1406 6.78
25 1407 6.78
25 1408 6.78
25 1409 6.78
25 1410 6.78
25 1411 6.78
25 1412 6.78
25 1413 6.78
25 1414 6.78
25 1415 6.78
25 1416 6.78
25 1417 6.78
25 1418 6.78
25 1419 6.78
25 1420 6.78
25 1421 6.78
25 1422 6.78
25 1423 6.78
25 1424 6.78
25 1425 6.78
25 1426 6.78
25 1427 6.78
25 1428 6.78
25 1429 6.78
25 1430 6.78
25 1431 6.78
25 1432 6.78
25 1433 6.78
25 1434 6.78
25 1435 6.78
25 1436 6.78
25 1437 6.78
25 1438 6.78
25 1439 6.78
25 1440 6.78
25 1441 6.78
25 1442 6.78
25 1443 6.78
25 1444 6.78
25 1445 6.78
25 1446 6.78
26 1447 6.78
26 1448 6.78
26 1449 6.78
26 1450 6.78
26 1451 6.78
26 1452 6.78
26 1453 6.78
26 1454 6.78
26 1455 6.78
26 1456 6.78
26 1457 6.78
26 1458 6.78
26 1459 6.78
26 1460 6.78
26 1461 6.78
26 1462 6.78
26 1463 6.78
26 1464 6.78
26 1465 6.78
26 1466 6.78
26 1467 6.78
26 1468 6.78
26 1469 6.78
26 1470 6.78
26 1471 6.78
26 1472 6.78
26 1473 6.78
26 1474 6.78
26 1475 6.78
26 1476 6.78
26 1477 6.78
26 1478 6.78
26 1479 6.78
26 1480 6.78
26 1481 6.78
26 1482 6.78
26 1483 6.78
26 1484 6.78
26 1485 6.78
26 1486 6.78
26 1487 6.78
26 1488 6.78
26 1489 6.78
26 1490 6.78
26 1491 6.78
26 1492 6.78
26 1493 6.78
26 1494 6.78
26 1495 6.78
26 1496 6.78
26 1497 6.78
26 1498 6.78
26 1499 6.78
26 1500 6.78
26 1501 6.78
26 1502 6.78
26 1503 6.78
27 1504 6.78
27 1505 6.78
27 1506 6.78
27 1507 6.78
27 1508 6.78
27 1509 6.78
27 1510 6.78
27 1511 6.78
27 1512 6.78
27 1513 6.78
27 1514 6.78
27 1515 6.78
27 1516 6.78
27 1517 6.78
27 1518 6.78
27 1519 6.78
27 1520 6.78
27 1521 6.78
27 1522 6.78
27 1523 6.78
27 1524 6.78
27 1525 6.78
27 1526 6.78
27 1527 6.78
27 1528 6.78
27 1529 6.78
27 1530 6.78
27 1531 6.78
27 1532 6.78
27 1533 6.78
27 1534 6.78
27 1535 6.78
27 1536 6.78
27 1537 6.78
27 1538 6.78
27 1539 6.78
27 1540 6.78
27 1541 6.78
27 1542 6.78
27 1543 6.78
27 1544 6.78
27 1545 6.78
27 1546 6.78
27 1547 6.78
27 1548 6.78
27 1549 6.78
27 1550 6.78
27 1551 6.78
27 1552 6.78
27 1553 6.78
27 1554 6.78
27 1555 6.78
27 1556 6.78
27 1557 6.78
27 1558 6.78
27 1559 6.78
27 1560 6.78
27 1561 6.78
28 1562 6.78
28 1563 6.78
28 1564 6.78
28 1565 6.78
28 1566 6.78
28 1567 6.78
28 1568 6.78
28 1569 6.78
28 1570 6.78
28 1571 6.78
28 1572 6.78
28 1573 6.78
28 1574 6.78
28 1575 6.78
28 1576 6.78
28 1577 6.78
28 1578 6.78
28 1579 6.78
28 1580 6.78
28 1581 6.78
28 1582 6.78
28 1583 6.78
28 1584 6.78
28 1585 6.78
28 1586 6.78
28 1587 6.78
28 1588 6.78
28 1589 6.78
28 1590 6.78
28 1591 6.78
28 1592 6.78
28 1593 6.78
28 1594 6.78
28 1595 6.78
28 1596 6.78
28 1597 6.78
28 1598 6.78
28 1599 6.78
28 1600 6.78
28 1601 6.78
28 1602 6.78
28 1603 6.78
28 1604 6.78
28 1605 6.78
28 1606 6.78
28 1607 6.78
28 1608 6.78
28 1609 6.78
28 1610 6.78
28 1611 6.78
28 1612 6.78
28 1613 6.78
28 1614 6.78
28 1615 6.78
28 1616 6.78
28 1617 6.78
28 1618 6.78
29 1619 6.78
29 1620 6.78
29 1621 6.78
29 1622 6.78
29 1623 6.78
29 1624 6.78
29 1625 6.78
29 1626 6.78
29 1627 6.78
29 1628 6.78
29 1629 6.78
29 1630 6.78
29 1631 6.78
29 1632 6.78
29 1633 6.78
29 1634 6.78
29 1635 6.78
29 1636 6.78
29 1637 6.78
29 1638 6.78
29 1639 6.78
29 1640 6.78
29 1641 6.78
29 1642 6.78
29 1643 6.78
29 1644 6.78
29 1645 6.78
29 1646 6.78
29 1647 6.78
29 1648 6.78
29 1649 6.78
29 1650 6.78
29 1651 6.78
29 1652 6.78
29 1653 6.78
29 1654 6.78
29 1655 6.78
29 1656 6.78
29 1657 6.78
29 1658 6.78
29 1659 6.78
29 1660 6.78
29 1661 6.78
29 1662 6.78
29 1663 6.78
29 1664 6.78
29 1665 6.78
29 1666 6.78
29 1667 6.78
29 1668 6.78
29 1669 6.78
29 1670 6.78
29 1671 6.78
29 1672 6.78
29 1673 6.78
29 1674 6.78
30 1675 6.78
30 1676 6.78
30 1677 6.78
30 1678 6.78
30 1679 6.78
30 1680 6.78
30 1681 6.78
30 1682 6.78
30 1683 6.78
30 1684 6.78
30 1685 6.78
30 1686 6.78
30 1687 6.78
30 1688 6.78
30 1689 6.78
30 1690 6.78
30 1691 6.78
30 1692 6.78
30 1693 6.78
30 1694 6.78
30 1695 6.78
30 1696 6.78
30 1697 6.78
30 1698 6.78
30 1699 6.78
30 1700 6.78
30 1701 6.78
30 1702 6.78
30 1703 6.78
30 1704 6.78
30 1705 6.78
30 1706 6.78
30 1707 6.78
30 1708 6.78
30 1709 6.78
30 1710 6.78
30 1711 6.78
30 1712 6.78
30 1713 6.78
30 1714 6.78
30 1715 6.78
30 1716 6.78
30 1717 6.78
30 1718 6.78
30 1719 6.78
30 1720 6.78
30 1721 6.78
30 1722 6.78
30 1723 6.78
30 1724 6.78
30 1725 6.78
30 1726 6.78
30 1727 6.78
30 1728 6.78
30 1729 6.78
31 1730 6.78
31 1731 6.78
31 1732 6.78
31 1733 6.78
31 1734 6.78
31 1735 6.78
31 1736 6.78
31 1737 6.78
31 1738 6.78
31 1739 6.78
31 1740 6.78
31 1741 6.78
31 1742 6.78
31 1743 6.78
31 1744 6.78
31 1745 6.78
31 1746 6.78
31 1747 6.78
31 1748 6.78
31 1749 6.78
31 1750 6.78
31 1751 6.78
31 1752 6.78
31 1753 6.78
31 1754 6.78
31 1755 6.78
31 1756 6.78
31 1757 6.78
31 1758 6.78
31 1759 6.78
31 1760 6.78
31 1761 6.78
31 1762 6.78
31 1763 6.78
31 1764 6.78
31 1765 6.78
31 1766 6.78
31 1767 6.78
31 1768 6.78
31 1769 6.78
31 1770 6.78
31 1771 6.78
31 1772 6.78
31 1773 6.78
31 1774 6.78
31 1775 6.78
31 1776 6.78
31 1777 6.78
31 1778 6.78
31 1779 6.78
31 1780 6.78
31 1781 6.78
31 1782 6.78
31 1783 6.78
31 1784 6.78
31 1785 6.78
31 1786 6.78
31 1787 6.78
31 1788 6.78
31 1789 6.78
32 1790 6.78
32 1791 6.78
32 1792 6.78
32 1793 6.78
32 1794 6.78
32 1795 6.78
32 1796 6.78
32 1797 6.78
32 1798 6.78
32 1799 6.78
32 1800 6.78
32 1801 6.78
32 1802 6.78
32 1803 6.78
32 1804 6.78
32 1805 6.78
32 1806 6.78
32 1807 6.78
32 1808 6.78
32 1809 6.78
32 1810 6.78
32 1811 6.78
32 1812 6.78
32 1813 6.78
32 1814 6.78
32 1815 6.78
32 1816 6.78
32 1817 6.78
32 1818 6.78
32 1819 6.78
32 1820 6.78
32 1821 6.78
32 1822 6.78
32 1823 6.78
32 1824 6.78
32 1825 6.78
32 1826 6.78
32 1827 6.78
32 1828 6.78
32 1829 6.78
32 1830 6.78
32 1831 6.78
32 1832 6.78
32 1833 6.78
32 1834 6.78
32 1835 6.78
32 1836 6.78
32 1837 6.78
32 1838 6.78
32 1839 6.78
32 1840 6.78
32 1841 6.78
32 1842 6.78
32 1843 6.78
32 1844 6.78
32 1845 6.78
33 1846 6.78
33 1847 6.78
33 1848 6.78
33 1849 6.78
33 1850 6.78
33 1851 6.78
33 1852 6.78
33 1853 6.78
33 1854 6.78
33 1855 6.78
33 1856 6.78
33 1857 6.78
33 1858 6.78
33 1859 6.78
33 1860 6.78
33 1861 6.78
33 1862 6.78
33 1863 6.78
33 1864 6.78
33 1865 6.78
33 1866 6.78
33 1867 6.78
33 1868 6.78
33 1869 6.78
33 1870 6.78
33 1871 6.78
33 1872 6.78
33 1873 6.78
33 1874 6.78
33 1875 6.78
33 1876 6.78
33 1877 6.78
33 1878 6.78
33 1879 6.78
33 1880 6.78
33 1881 6.78
33 1882 6.78
33 1883 6.78
33 1884 6.78
33 1885 6.78
33 1886 6.78
33 1887 6.78
33 1888 6.78
33 1889 6.78
33 1890 6.78
33 1891 6.78
33 1892 6.78
33 1893 6.78
33 1894 6.78
33 1895 6.78
33 1896 6.78
33 1897 6.78
33 1898 6.78
33 1899 6.78
33 1900 6.78
33 1901 6.78
34 1902 6.78
34 1903 6.78
34 1904 6.78
34 1905 6.78
34 1906 6.78
34 1907 6.78
34 1908 6.78
34 1909 6.78
34 1910 6.78
34 1911 6.78
34 1912 6.78
34 1913 6.78
34 1914 6.78
34 1915 6.78
34 1916 6.78
34 1917 6.78
34 1918 6.78
34 1919 6.78
34 1920 6.78
34 1921 6.78
34 1922 6.78
34 1923 6.78
34 1924 6.78
34 1925 6.78
34 1926 6.78
34 1927 6.78
34 1928 6.78
34 1929 6.78
34 1930 6.78
34 1931 6.78
34 1932 6.78
34 1933 6.78
34 1934 6.78
34 1935 6.78
34 1936 6.78
34 1937 6.78
34 1938 6.78
34 1939 6.78
34 1940 6.78
34 1941 6.78
34 1942 6.78
34 1943 6.78
34 1944 6.78
34 1945 6.78
34 1946 6.78
34 1947 6.78
34 1948 6.78
34 1949 6.78
34 1950 6.78
34 1951 6.78
34 1952 6.78
34 1953 6.78
34 1954 6.78
34 1955 6.78
35 1956 6.78
35 1957 6.78
35 1958 6.78
35 1959 6.78
35 1960 6.78
35 1961 6.78
35 1962 6.78
35 1963 6.78
35 1964 6.78
35 1965 6.78
35 1966 6.78
35 1967 6.78
35 1968 6.78
35 1969 6.78
35 1970 6.78
35 1971 6.78
35 1972 6.78
35 1973 6.78
35 1974 6.78
35 1975 6.78
35 1976 6.78
35 1977 6.78
35 1978 6.78
35 1979 6.78
35 1980 6.78
35 1981 6.78
35 1982 6.78
35 1983 6.78
35 1984 6.78
35 1985 6.78
35 1986 6.78
35 1987 6.78
35 1988 6.78
35 1989 6.78
35 1990 6.78
35 1991 6.78
35 1992 6.78
35 1993 6.78
35 1994 6.78
35 1995 6.78
35 1996 6.78
35 1997 6.78
35 1998 6.78
35 1999 6.78
35 2000 6.78
35 2001 6.78
35 2002 6.78
35 2003 6.78
35 2004 6.78
35 2005 6.78
35 2006 6.78
35 2007 6.78
35 2008 6.78
35 2009 6.78
35 2010 6.78
35 2011 6.78
36 2012 6.78
36 2013 6.78
36 2014 6.78
36 2015 6.78
36 2016 6.78
36 2017 6.78
36 2018 6.78
36 2019 6.78
36 2020 6.78
36 2021 6.78
36 2022 6.78
36 2023 6.78
36 2024 6.78
36 2025 6.78
36 2026 6.78
36 2027 6.78
36 2028 6.78
36 2029 6.78
36 2030 6.78
36 2031 6.78
36 2032 6.78
36 2033 6.78
36 2034 6.78
36 2035 6.78
36 2036 6.78
36 2037 6.78
36 2038 6.78
36 2039 6.78
36 2040 6.78
36 2041 6.78
36 2042 6.78
36 2043 6.78
36 2044 6.78
36 2045 6.78
36 2046 6.78
36 2047 6.78
36 2048 6.78
36 2049 6.78
36 2050 6.78
36 2051 6.78
36 2052 6.78
36 2053 6.78
36 2054 6.78
36 2055 6.78
36 2056 6.78
36 2057 6.78
36 2058 6.78
36 2059 6.78
36 2060 6.78
36 2061 6.78
36 2062 6.78
36 2063 6.78
36 2064 6.78
36 2065 6.78
36 2066 6.78
36 2067 6.78
36 2068 6.78
37 2069 6.78
37 2070 6.78
37 2071 6.78
37 2072 6.78
37 2073 6.78
37 2074 6.78
37 2075 6.78
37 2076 6.78
37 2077 6.78
37 2078 6.78
37 2079 6.78
37 2080 6.78
37 2081 6.78
37 2082 6.78
37 2083 6.78
37 2084 6.78
37 2085 6.78
37 2086 6.78
37 2087 6.78
37 2088 6.78
37 2089 6.78
37 2090 6.78
37 2091 6.78
37 2092 6.78
37 2093 6.78
37 2094 6.78
37 2095 6.78
37 2096 6.78
37 2097 6.78
37 2098 6.78
37 2099 6.78
37 2100 6.78
37 2101 6.78
37 2102 6.78
37 2103 6.78
37 2104 6.78
37 2105 6.78
37 2106 6.78
37 2107 6.78
37 2108 6.78
37 2109 6.78
37 2110 6.78
37 2111 6.78
37 2112 6.78
37 2113 6.78
37 2114 6.78
37 2115 6.78
37 2116 6.78
37 2117 6.78
37 2118 6.78
37 2119 6.78
37 2120 6.78
37 2121 6.78
37 2122 6.78
37 2123 6.78
37 2124 6.78
38 2125 6.78
38 2126 6.78
38 2127 6.78
38 2128 6.78
38 2129 6.78
38 2130 6.78
38 2131 6.78
38 2132 6.78
38 2133 6.78
38 2134 6.78
38 2135 6.78
38 2136 6.78
38 2137 6.78
38 2138 6.78
38 2139 6.78
38 2140 6.78
38 2141 6.78
38 2142 6.78
38 2143 6.78
38 2144 6.78
38 2145 6.78
38 2146 6.78
38 2147 6.78
38 2148 6.78
38 2149 6.78
38 2150 6.78
38 2151 6.78
38 2152 6.78
38 2153 6.78
38 2154 6.78
38 2155 6.78
38 2156 6.78
38 2157 6.78
38 2158 6.78
38 2159 6.78
38 2160 6.78
38 2161 6.78
38 2162 6.78
38 2163 6.78
38 2164 6.78
38 2165 6.78
38 2166 6.78
38 2167 6.78
38 2168 6.78
38 2169 6.78
38 2170 6.78
38 2171 6.78
38 2172 6.78
38 2173 6.78
38 2174 6.78
38 2175 6.78
38 2176 6.78
38 2177 6.78
38 2178 6.78
38 2179 6.78
39 2180 6.78
39 2181 6.78
39 2182 6.78
39 2183 6.78
39 2184 6.78
39 2185 6.78
39 2186 6.78
39 2187 6.78
39 2188 6.78
39 2189 6.78
39 2190 6.78
39 2191 6.78
39 2192 6.78
39 2193 6.78
39 2194 6.78
39 2195 6.78
39 2196 6.78
39 2197 6.78
39 2198 6.78
39 2199 6.78
39 2200 6.78
39 2201 6.78
39 2202 6.78
39 2203 6.78
39 2204 6.78
39 2205 6.78
39 2206 6.78
39 2207 6.78
39 2208 6.78
39 2209 6.78
39 2210 6.78
39 2211 6.78
39 2212 6.78
39 2213 6.78
39 2214 6.78
39 2215 6.78
39 2216 6.78
39 2217 6.78
39 2218 6.78
39 2219 6.78
39 2220 6.78
39 2221 6.78
39 2222 6.78
39 2223 6.78
39 2224 6.78
39 2225 6.78
39 2226 6.78
39 2227 6.78
39 2228 6.78
39 2229 6.78
39 2230 6.78
39 2231 6.78
39 2232 6.78
39 2233 6.78
39 2234 6.78
39 2235 6.78
40 2236 6.78
40 2237 6.78
40 2238 6.78
40 2239 6.78
40 2240 6.78
40 2241 6.78
40 2242 6.78
40 2243 6.78
40 2244 6.78
40 2245 6.78
40 2246 6.78
40 2247 6.78
40 2248 6.78
40 2249 6.78
40 2250 6.78
40 2251 6.78
40 2252 6.78
40 2253 6.78
40 2254 6.78
40 2255 6.78
40 2256 6.78
40 2257 6.78
40 2258 6.78
40 2259 6.78
40 2260 6.78
40 2261 6.78
40 2262 6.78
40 2263 6.78
40 2264 6.78
40 2265 6.78
40 2266 6.78
40 2267 6.78
40 2268 6.78
40 2269 6.78
40 2270 6.78
40 2271 6.78
40 2272 6.78
40 2273 6.78
40 2274 6.78
40 2275 6.78
40 2276 6.78
40 2277 6.78
40 2278 6.78
40 2279 6.78
40 2280 6.78
40 2281 6.78
40 2282 6.78
40 2283 6.78
40 2284 6.78
40 2285 6.78
40 2286 6.78
40 2287 6.78
40 2288 6.78
40 2289 6.78
40 2290 6.78
40 2291 6.78
41 2292 6.78
41 2293 6.78
41 2294 6.78
41 2295 6.78
41 2296 6.78
41 2297 6.78
41 2298 6.78
41 2299 6.78
41 2300 6.78
41 2301 6.78
41 2302 6.78
41 2303 6.78
41 2304 6.78
41 2305 6.78
41 2306 6.78
41 2307 6.78
41 2308 6.78
41 2309 6.78
41 2310 6.78
41 2311 6.78
41 2312 6.78
41 2313 6.78
41 2314 6.78
41 2315 6.78
41 2316 6.78
41 2317 6.78
41 2318 6.78
41 2319 6.78
41 2320 6.78
41 2321 6.78
41 2322 6.78
41 2323 6.78
41 2324 6.78
41 2325 6.78
41 2326 6.78
41 2327 6.78
41 2328 6.78
41 2329 6.78
41 2330 6.78
41 2331 6.78
41 2332 6.78
41 2333 6.78
41 2334 6.78
41 2335 6.78
41 2336 6.78
41 2337 6.78
41 2338 6.78
41 2339 6.78
41 2340 6.78
41 2341 6.78
41 2342 6.78
41 2343 6.78
41 2344 6.78
41 2345 6.78
41 2346 6.78
41 2347 6.78
42 2348 6.78
42 2349 6.78
42 2350 6.78
42 2351 6.78
42 2352 6.78
42 2353 6.78
42 2354 6.78
42 2355 6.78
42 2356 6.78
42 2357 6.78
42 2358 6.78
42 2359 6.78
42 2360 6.78
42 2361 6.78
42 2362 6.78
42 2363 6.78
42 2364 6.78
42 2365 6.78
42 2366 6.78
42 2367 6.78
42 2368 6.78
42 2369 6.78
42 2370 6.78
42 2371 6.78
42 2372 6.78
42 2373 6.78
42 2374 6.78
42 2375 6.78
42 2376 6.78
42 2377 6.78
42 2378 6.78
42 2379 6.78
42 2380 6.78
42 2381 6.78
42 2382 6.78
42 2383 6.78
42 2384 6.78
42 2385 6.78
42 2386 6.78
42 2387 6.78
42 2388 6.78
42 2389 6.78
42 2390 6.78
42 2391 6.78
42 2392 6.78
42 2393 6.78
42 2394 6.78
42 2395 6.78
42 2396 6.78
42 2397 6.78
42 2398 6.78
42 2399 6.78
42 2400 6.78
42 2401 6.78
42 2402 6.78
42 2403 6.78
42 2404 6.78
43 2405 6.78
43 2406 6.78
43 2407 6.78
43 2408 6.78
43 2409 6.78
43 2410 6.78
43 2411 6.78
43 2412 6.78
43 2413 6.78
43 2414 6.78
43 2415 6.78
43 2416 6.78
43 2417 6.78
43 2418 6.78
43 2419 6.78
43 2420 6.78
43 2421 6.78
43 2422 6.78
43 2423 6.78
43 2424 6.78
43 2425 6.78
43 2426 6.78
43 2427 6.78
43 2428 6.78
43 2429 6.78
43 2430 6.78
43 2431 6.78
43 2432 6.78
43 2433 6.78
43 2434 6.78
43 2435 6.78
43 2436 6.78
43 2437 6.78
43 2438 6.78
43 2439 6.78
43 2440 6.78
43 2441 6.78
43 2442 6.78
43 2443 6.78
43 2444 6.78
43 2445 6.78
43 2446 6.78
43 2447 6.78
43 2448 6.78
43 2449 6.78
43 2450 6.78
43 2451 6.78
43 2452 6.78
43 2453 6.78
43 2454 6.78
43 2455 6.78
43 2456 6.78
43 2457 6.78
43 2458 6.78
43 2459 6.78
43 2460 6.78
43 2461 6.78
43 2462 6.78
43 2463 6.78
44 2464 6.78
44 2465 6.78
44 2466 6.78
44 2467 6.78
44 2468 6.78
44 2469 6.78
44 2470 6.78
44 2471 6.78
44 2472 6.78
44 2473 6.78
44 2474 6.78
44 2475 6.78
44 2476 6.78
44 2477 6.78
44 2478 6.78
44 2479 6.78
44 2480 6.78
44 2481 6.78
44 2482 6.78
44 2483 6.78
44 2484 6.78
44 2485 6.78
44 2486 6.78
44 2487 6.78
44 2488 6.78
44 2489 6.78
44 2490 6.78
44 2491 6.78
44 2492 6.78
44 2493 6.78
44 2494 6.78
44 2495 6.78
44 2496 6.78
44 2497 6.78
44 2498 6.78
44 2499 6.78
44 2500 6.78
44 2501 6.78
44 2502 6.78
44 2503 6.78
44 2504 6.78
44 2505 6.78
44 2506 6.78
44 2507 6.78
44 2508 6.78
44 2509 6.78
44 2510 6.78
44 2511 6.78
44 2512 6.78
44 2513 6.78
44 2514 6.78
44 2515 6.78
44 2516 6.78
44 2517 6.78
44 2518 6.78
44 2519 6.78
44 2520 6.78
44 2521 6.78
44 2522 6.78
45 2523 6.78
45 2524 6.78
45 2525 6.78
45 2526 6.78
45 2527 6.78
45 2528 6.78
45 2529 6.78
45 2530 6.78
45 2531 6.78
45 2532 6.78
45 2533 6.78
45 2534 6.78
45 2535 6.78
45 2536 6.78
45 2537 6.78
45 2538 6.78
45 2539 6.78
45 2540 6.78
45 2541 6.78
45 2542 6.78
45 2543 6.78
45 2544 6.78
45 2545 6.78
45 2546 6.78
45 2547 6.78
45 2548 6.78
45 2549 6.78
45 2550 6.78
45 2551 6.78
45 2552 6.78
45 2553 6.78
45 2554 6.78
45 2555 6.78
45 2556 6.78
45 2557 6.78
45 2558 6.78
45 2559 6.78
45 2560 6.78
45 2561 6.78
45 2562 6.78
45 2563 6.78
45 2564 6.78
45 2565 6.78
45 2566 6.78
45 2567 6.78
45 2568 6.78
45 2569 6.78
45 2570 6.78
45 2571 6.78
45 2572 6.78
45 2573 6.78
45 2574 6.78
45 2575 6.78
45 2576 6.78
45 2577 6.78
45 2578 6.78
46 2579 6.78
46 2580 6.78
46 2581 6.78
46 2582 6.78
46 2583 6.78
46 2584 6.78
46 2585 6.78
46 2586 6.78
46 2587 6.78
46 2588 6.78
46 2589 6.78
46 2590 6.78
46 2591 6.78
46 2592 6.78
46 2593 6.78
46 2594 6.78
46 2595 6.78
46 2596 6.78
46 2597 6.78
46 2598 6.78
46 2599 6.78
46 2600 6.78
46 2601 6.78
46 2602 6.78
46 2603 6.78
46 2604 6.78
46 2605 6.78
46 2606 6.78
46 2607 6.78
46 2608 6.78
46 2609 6.78
46 2610 6.78
46 2611 6.78
46 2612 6.78
46 2613 6.78
46 2614 6.78
46 2615 6.78
46 2616 6.78
46 2617 6.78
46 2618 6.78
46 2619 6.78
46 2620 6.78
46 2621 6.78
46 2622 6.78
46 2623 6.78
46 2624 6.78
46 2625 6.78
46 2626 6.78
46 2627 6.78
46 2628 6.78
46 2629 6.78
46 2630 6.78
46 2631 6.78
46 2632 6.78
46 2633 6.78
46 2634 6.78
46 2635 6.78
46 2636 6.78
46 2637 6.78
47 2638 6.78
47 2639 6.78
47 2640 6.78
47 2641 6.78
47 2642 6.78
47 2643 6.78
47 2644 6.78
47 2645 6.78
47 2646 6.78
47 2647 6.78
47 2648 6.78
47 2649 6.78
47 2650 6.78
47 2651 6.78
47 2652 6.78
47 2653 6.78
47 2654 6.78
47 2655 6.78
47 2656 6.78
47 2657 6.78
47 2658 6.78
47 2659 6.78
47 2660 6.78
47 2661 6.78
47 2662 6.78
47 2663 6.78
47 2664 6.78
47 2665 6.78
47 2666 6.78
47 2667 6.78
47 2668 6.78
47 2669 6.78
47 2670 6.78
47 2671 6.78
47 2672 6.78
47 2673 6.78
47 2674 6.78
47 2675 6.78
47 2676 6.78
47 2677 6.78
47 2678 6.78
47 2679 6.78
47 2680 6.78
47 2681 6.78
47 2682 6.78
47 2683 6.78
47 2684 6.78
47 2685 6.78
47 2686 6.78
47 2687 6.78
47 2688 6.78
47 2689 6.78
47 2690 6.78
47 2691 6.78
47 2692 6.78
47 2693 6.78
48 2694 6.78
48 2695 6.78
48 2696 6.78
48 2697 6.78
48 2698 6.78
48 2699 6.78
48 2700 6.78
48 2701 6.78
48 2702 6.78
48 2703 6.78
48 2704 6.78
48 2705 6.78
48 2706 6.78
48 2707 6.78
48 2708 6.78
48 2709 6.78
48 2710 6.78
48 2711 6.78
48 2712 6.78
48 2713 6.78
48 2714 6.78
48 2715 6.78
48 2716 6.78
48 2717 6.78
48 2718 6.78
48 2719 6.78
48 2720 6.78
48 2721 6.78
48 2722 6.78
48 2723 6.78
48 2724 6.78
48 2725 6.78
48 2726 6.78
48 2727 6.78
48 2728 6.78
48 2729 6.78
48 2730 6.78
48 2731 6.78
48 2732 6.78
48 2733 6.78
48 2734 6.78
48 2735 6.78
48 2736 6.78
48 2737 6.78
48 2738 6.78
48 2739 6.78
48 2740 6.78
48 2741 6.78
48 2742 6.78
48 2743 6.78
48 2744 6.78
48 2745 6.78
48 2746 6.78
48 2747 6.78
48 2748 6.78
48 2749 6.78
48 2750 6.78
48 2751 6.78
49 2752 6.78
49 2753 6.78
49 2754 6.78
49 2755 6.78
49 2756 6.78
49 2757 6.78
49 2758 6.78
49 2759 6.78
49 2760 6.78
49 2761 6.78
49 2762 6.78
49 2763 6.78
49 2764 6.78
49 2765 6.78
49 2766 6.78
49 2767 6.78
49 2768 6.78
49 2769 6.78
49 2770 6.78
49 2771 6.78
49 2772 6.78
49 2773 6.78
49 2774 6.78
49 2775 6.78
49 2776 6.78
49 2777 6.78
49 2778 6.78
49 2779 6.78
49 2780 6.78
49 2781 6.78
49 2782 6.78
49 2783 6.78
49 2784 6.78
49 2785 6.78
49 2786 6.78
49 2787 6.78
49 2788 6.78
49 2789 6.78
49 2790 6.78
49 2791 6.78
49 2792 6.78
49 2793 6.78
49 2794 6.78
49 2795 6.78
49 2796 6.78
49 2797 6.78
49 2798 6.78
49 2799 6.78
49 2800 6.78
49 2801 6.78
49 2802 6.78
49 2803 6.78
49 2804 6.78
50 2805 6.78
50 2806 6.78
50 2807 6.78
50 2808 6.78
50 2809 6.78
50 2810 6.78
50 2811 6.78
50 2812 6.78
50 2813 6.78
50 2814 6.78
50 2815 6.78
50 2816 6.78
50 2817 6.78
50 2818 6.78
50 2819 6.78
50 2820 6.78
50 2821 6.78
50 2822 6.78
50 2823 6.78
50 2824 6.78
50 2825 6.78
50 2826 6.78
50 2827 6.78
50 2828 6.78
50 2829 6.78
50 2830 6.78
50 2831 6.78
50 2832 6.78
50 2833 6.78
50 2834 6.78
50 2835 6.78
50 2836 6.78
50 2837 6.78
50 2838 6.78
50 2839 6.78
50 2840 6.78
50 2841 6.78
50 2842 6.78
50 2843 6.78
50 2844 6.78
50 2845 6.78
50 2846 6.78
50 2847 6.78
50 2848 6.78
50 2849 6.78
50 2850 6.78
50 2851 6.78
50 2852 6.78
50 2853 6.78
50 2854 6.78
50 2855 6.78
50 2856 6.78
50 2857 6.78
50 2858 6.78
50 2859 6.78
50 2860 6.78
51 2861 6.78
51 2862 6.78
51 2863 6.78
51 2864 6.78
51 2865 6.78
51 2866 6.78
51 2867 6.78
51 2868 6.78
51 2869 6.78
51 2870 6.78
51 2871 6.78
51 2872 6.78
51 2873 6.78
51 2874 6.78
51 2875 6.78
51 2876 6.78
51 2877 6.78
51 2878 6.78
51 2879 6.78
51 2880 6.78
51 2881 6.78
51 2882 6.78
51 2883 6.78
51 2884 6.78
51 2885 6.78
51 2886 6.78
51 2887 6.78
51 2888 6.78
51 2889 6.78
51 2890 6.78
51 2891 6.78
51 2892 6.78
51 2893 6.78
51 2894 6.78
51 2895 6.78
51 2896 6.78
51 2897 6.78
51 2898 6.78
51 2899 6.78
51 2900 6.78
51 2901 6.78
51 2902 6.78
51 2903 6.78
51 2904 6.78
51 2905 6.78
51 2906 6.78
51 2907 6.78
51 2908 6.78
51 2909 6.78
51 2910 6.78
51 2911 6.78
51 2912 6.78
51 2913 6.78
51 2914 6.78
51 2915 6.78
51 2916 6.78
51 2917 6.78
52 2918 6.78
52 2919 6.78
52 2920 6.78
52 2921 6.78
52 2922 6.78
52 2923 6.78
52 2924 6.78
52 2925 6.78
52 2926 6.78
52 2927 6.78
52 2928 6.78
52 2929 6.78
52 2930 6.78
52 2931 6.78
52 2932 6.78
52 2933 6.78
52 2934 6.78
52 2935 6.78
52 2936 6.78
52 2937 6.78
52 2938 6.78
52 2939 6.78
52 2940 6.78
52 2941 6.78
52 2942 6.78
52 2943 6.78
52 2944 6.78
52 2945 6.78
52 2946 6.78
52 2947 6.78
52 2948 6.78
52 2949 6.78
52 2950 6.78
52 2951 6.78
52 2952 6.78
52 2953 6.78
52 2954 6.78
52 2955 6.78
52 2956 6.78
52 2957 6.78
52 2958 6.78
52 2959 6.78
52 2960 6.78
52 2961 6.78
52 2962 6.78
52 2963 6.78
52 2964 6.78
52 2965 6.78
52 2966 6.78
52 2967 6.78
52 2968 6.78
52 2969 6.78
52 2970 6.78
52 2971 6.78
53 2972 6.78
53 2973 6.78
53 2974 6.78
53 2975 6.78
53 2976 6.78
53 2977 6.78
53 2978 6.78
53 2979 6.78
53 2980 6.78
53 2981 6.78
53 2982 6.78
53 2983 6.78
53 2984 6.78
53 2985 6.78
53 2986 6.78
53 2987 6.78
53 2988 6.78
53 2989 6.78
53 2990 6.78
53 2991 6.78
53 2992 6.78
53 2993 6.78
53 2994 6.78
53 2995 6.78
53 2996 6.78
53 2997 6.78
53 2998 6.78
53 2999 6.78
53 3000 6.78
53 3001 6.78
53 3002 6.78
53 3003 6.78
53 3004 6.78
53 3005 6.78
53 3006 6.78
53 3007 6.78
53 3008 6.78
53 3009 6.78
53 3010 6.78
53 3011 6.78
53 3012 6.78
53 3013 6.78
53 3014 6.78
53 3015 6.78
53 3016 6.78
53 3017 6.78
53 3018 6.78
53 3019 6.78
53 3020 6.78
53 3021 6.78
53 3022 6.78
53 3023 6.78
53 3024 6.78
53 3025 6.78
53 3026 6.78
53 3027 6.78
53 3028 6.78
54 3029 6.78
54 3030 6.78
54 3031 6.78
54 3032 6.78
54 3033 6.78
54 3034 6.78
54 3035 6.78
54 3036 6.78
54 3037 6.78
54 3038 6.78
54 3039 6.78
54 3040 6.78
54 3041 6.78
54 3042 6.78
54 3043 6.78
54 3044 6.78
54 3045 6.78
54 3046 6.78
54 3047 6.78
54 3048 6.78
54 3049 6.78
54 3050 6.78
54 3051 6.78
54 3052 6.78
54 3053 6.78
54 3054 6.78
54 3055 6.78
54 3056 6.78
54 3057 6.78
54 3058 6.78
54 3059 6.78
54 3060 6.78
54 3061 6.78
54 3062 6.78
54 3063 6.78
54 3064 6.78
54 3065 6.78
54 3066 6.78
54 3067 6.78
54 3068 6.78
54 3069 6.78
54 3070 6.78
54 3071 6.78
54 3072 6.78
54 3073 6.78
54 3074 6.78
54 3075 6.78
54 3076 6.78
54 3077 6.78
54 3078 6.78
54 3079 6.78
54 3080 6.78
54 3081 6.78
54 3082 6.78
54 3083 6.78
55 3084 6.78
55 3085 6.78
55 3086 6.78
55 3087 6.78
55 3088 6.78
55 3089 6.78
55 3090 6.78
55 3091 6.78
55 3092 6.78
55 3093 6.78
55 3094 6.78
55 3095 6.78
55 3096 6.78
55 3097 6.78
55 3098 6.78
55 3099 6.78
55 3100 6.78
55 3101 6.78
55 3102 6.78
55 3103 6.78
55 3104 6.78
55 3105 6.78
55 3106 6.78
55 3107 6.78
55 3108 6.78
55 3109 6.78
55 3110 6.78
55 3111 6.78
55 3112 6.78
55 3113 6.78
55 3114 6.78
55 3115 6.78
55 3116 6.78
55 3117 6.78
55 3118 6.78
55 3119 6.78
55 3120 6.78
55 3121 6.78
55 3122 6.78
55 3123 6.78
55 3124 6.78
55 3125 6.78
55 3126 6.78
55 3127 6.78
55 3128 6.78
55 3129 6.78
55 3130 6.78
55 3131 6.78
55 3132 6.78
55 3133 6.78
55 3134 6.78
55 3135 6.78
55 3136 6.78
55 3137 6.78
55 3138 6.78
55 3139 6.78
56 3140 6.78
56 3141 6.78
56 3142 6.78
56 3143 6.78
56 3144 6.78
56 3145 6.78
56 3146 6.78
56 3147 6.78
56 3148 6.78
56 3149 6.78
56 3150 6.78
56 3151 6.78
56 3152 6.78
56 3153 6.78
56 3154 6.78
56 3155 6.78
56 3156 6.78
56 3157 6.78
56 3158 6.78
56 3159 6.78
56 3160 6.78
56 3161 6.78
56 3162 6.78
56 3163 6.78
56 3164 6.78
56 3165 6.78
56 3166 6.78
56 3167 6.78
56 3168 6.78
56 3169 6.78
56 3170 6.78
56 3171 6.78
56 3172 6.78
56 3173 6.78
56 3174 6.78
56 3175 6.78
56 3176 6.78
56 3177 6.78
56 3178 6.78
56 3179 6.78
56 3180 6.78
56 3181 6.78
56 3182 6.78
56 3183 6.78
56 3184 6.78
56 3185 6.78
56 3186 6.78
56 3187 6.78
56 3188 6.78
56 3189 6.78
56 3190 6.78
56 3191 6.78
56 3192 6.78
56 3193 6.78
56 3194 6.78
57 3195 6.78
57 3196 6.78
57 3197 6.78
57 3198 6.78
57 3199 6.78
57 3200 6.78
57 3201 6.78
57 3202 6.78
57 3203 6.78
57 3204 6.78
57 3205 6.78
57 3206 6.78
57 3207 6.78
57 3208 6.78
57 3209 6.78
57 3210 6.78
57 3211 6.78
57 3212 6.78
57 3213 6.78
57 3214 6.78
57 3215 6.78
57 3216 6.78
57 3217 6.78
57 3218 6.78
57 3219 6.78
57 3220 6.78
57 3221 6.78
57 3222 6.78
57 3223 6.78
57 3224 6.78
57 3225 6.78
57 3226 6.78
57 3227 6.78
57 3228 6.78
57 3229 6.78
57 3230 6.78
57 3231 6.78
57 3232 6.78
57 3233 6.78
57 3234 6.78
57 3235 6.78
57 3236 6.78
57 3237 6.78
57 3238 6.78
57 3239 6.78
57 3240 6.78
57 3241 6.78
57 3242 6.78
57 3243 6.78
57 3244 6.78
57 3245 6.78
57 3246 6.78
57 3247 6.78
57 3248 6.78
57 3249 6.78
57 3250 6.78
57 3251 6.78
58 3252 6.78
58 3253 6.78
58 3254 6.78
58 3255 6.78
58 3256 6.78
58 3257 6.78
58 3258 6.78
58 3259 6.78
58 3260 6.78
58 3261 6.78
58 3262 6.78
58 3263 6.78
58 3264 6.78
58 3265 6.78
58 3266 6.78
58 3267 6.78
58 3268 6.78
58 3269 6.78
58 3270 6.78
58 3271 6.78
58 3272 6.78
58 3273 6.78
58 3274 6.78
58 3275 6.78
58 3276 6.78
58 3277 6.78
58 3278 6.78
58 3279 6.78
58 3280 6.78
58 3281 6.78
58 3282 6.78
58 3283 6.78
58 3284 6.78
58 3285 6.78
58 3286 6.78
58 3287 6.78
58 3288 6.78
58 3289 6.78
58 3290 6.78
58 3291 6.78
58 3292 6.78
58 3293 6.78
58 3294 6.78
58 3295 6.78
58 3296 6.78
58 3297 6.78
58 3298 6.78
58 3299 6.78
58 3300 6.78
58 3301 6.78
58 3302 6.78
58 3303 6.78
58 3304 6.78
58 3305 6.78
58 3306 6.78
58 3307 6.78
59 3308 6.78
59 3309 6.78
59 3310 6.78
59 3311 6.78
59 3312 6.78
59 3313 6.78
59 3314 6.78
59 3315 6.78
59 3316 6.78
59 3317 6.78
59 3318 6.78
59 3319 6.78
59 3320 6.78
59 3321 6.78
59 3322 6.78
59 3323 6.78
59 3324 6.78
59 3325 6.78
59 3326 6.78
59 3327 6.78
59 3328 6.78
59 3329 6.78
59 3330 6.78
59 3331 6.78
59 3332 6.78
59 3333 6.78
59 3334 6.78
59 3335 6.78
59 3336 6.78
59 3337 6.78
59 3338 6.78
59 3339 6.78
59 3340 6.78
59 3341 6.78
59 3342 6.78
59 3343 6.78
59 3344 6.78
59 3345 6.78
59 3346 6.78
59 3347 6.78
59 3348 6.78
59 3349 6.78
59 3350 6.78
59 3351 6.78
59 3352 6.78
59 3353 6.78
59 3354 6.78
59 3355 6.78
59 3356 6.78
59 3357 6.78
59 3358 6.78
59 3359 6.78
59 3360 6.78
59 3361 6.78
59 3362 6.78
59 3363 6.78
59 3364 6.78
60 3365 6.78
60 3366 6.78
60 3367 6.78
60 3368 6.78
60 3369 6.78
60 3370 6.78
60 3371 6.78
60 3372 6.78
60 3373 6.78
60 3374 6.78
60 3375 6.78
60 3376 6.78
60 3377 6.78
60 3378 6.78
60 3379 6.78
60 3380 6.78
60 3381 6.78
60 3382 6.78
60 3383 6.78
60 3384 6.78
60 3385 6.78
60 3386 6.78
60 3387 6.78
60 3388 6.78
60 3389 6.78
60 3390 6.78
60 3391 6.78
60 3392 6.78
60 3393 6.78
60 3394 6.78
60 3395 6.78
60 3396 6.78
60 3397 6.78
60 3398 6.78
60 3399 6.78
60 3400 6.78
60 3401 6.78
60 3402 6.78
60 3403 6.78
60 3404 6.78
60 3405 6.78
60 3406 6.78
60 3407 6.78
60 3408 6.78
60 3409 6.78
60 3410 6.78
60 3411 6.78
60 3412 6.78
60 3413 6.78
60 3414 6.78
60 3415 6.78
60 3416 6.78
60 3417 6.78
60 3418 6.78
60 3419 6.78
61 3420 6.78
61 3421 6.78
61 3422 6.78
61 3423 6.78
61 3424 6.78
61 3425 6.78
61 3426 6.78
61 3427 6.78
61 3428 6.78
61 3429 6.78
61 3430 6.78
61 3431 6.78
61 3432 6.78
61 3433 6.78
61 3434 6.78
61 3435 6.78
61 3436 6.78
61 3437 6.78
61 3438 6.78
61 3439 6.78
61 3440 6.78
61 3441 6.78
61 3442 6.78
61 3443 6.78
61 3444 6.78
61 3445 6.78
61 3446 6.78
61 3447 6.78
61 3448 6.78
61 3449 6.78
61 3450 6.78
61 3451 6.78
61 3452 6.78
61 3453 6.78
61 3454 6.78
61 3455 6.78
61 3456 6.78
61 3457 6.78
61 3458 6.78
61 3459 6.78
61 3460 6.78
61 3461 6.78
61 3462 6.78
61 3463 6.78
61 3464 6.78
61 3465 6.78
61 3466 6.78
61 3467 6.78
61 3468 6.78
61 3469 6.78
61 3470 6.78
61 3471 6.78
61 3472 6.78
61 3473 6.78
61 3474 6.78
61 3475 6.78
61 3476 6.78
62 3477 6.78
62 3478 6.78
62 3479 6.78
62 3480 6.78
62 3481 6.78
62 3482 6.78
62 3483 6.78
62 3484 6.78
62 3485 6.78
62 3486 6.78
62 3487 6.78
62 3488 6.78
62 3489 6.78
62 3490 6.78
62 3491 6.78
62 3492 6.78
62 3493 6.78
62 3494 6.78
62 3495 6.78
62 3496 6.78
62 3497 6.78
62 3498 6.78
62 3499 6.78
62 3500 6.78
62 3501 6.78
62 3502 6.78
62 3503 6.78
62 3504 6.78
62 3505 6.78
62 3506 6.78
62 3507 6.78
62 3508 6.78
62 3509 6.78
62 3510 6.78
62 3511 6.78
62 3512 6.78
62 3513 6.78
62 3514 6.78
62 3515 6.78
62 3516 6.78
62 3517 6.78
62 3518 6.78
62 3519 6.78
62 3520 6.78
62 3521 6.78
62 3522 6.78
62 3523 6.78
62 3524 6.78
62 3525 6.78
62 3526 6.78
62 3527 6.78
62 3528 6.78
62 3529 6.78
62 3530 6.78
62 3531 6.78
62 3532 6.78
62 3533 6.78
62 3534 6.78
63 3535 6.78
63 3536 6.78
63 3537 6.78
63 3538 6.78
63 3539 6.78
63 3540 6.78
63 3541 6.78
63 3542 6.78
63 3543 6.78
63 3544 6.78
63 3545 6.78
63 3546 6.78
63 3547 6.78
63 3548 6.78
63 3549 6.78
63 3550 6.78
63 3551 6.78
63 3552 6.78
63 3553 6.78
63 3554 6.78
63 3555 6.78
63 3556 6.78
63 3557 6.78
63 3558 6.78
63 3559 6.78
63 3560 6.78
63 3561 6.78
63 3562 6.78
63 3563 6.78
63 3564 6.78
63 3565 6.78
63 3566 6.78
63 3567 6.78
63 3568 6.78
63 3569 6.78
63 3570 6.78
63 3571 6.78
63 3572 6.78
63 3573 6.78
63 3574 6.78
63 3575 6.78
63 3576 6.78
63 3577 6.78
63 3578 6.78
63 3579 6.78
63 3580 6.78
63 3581 6.78
63 3582 6.78
63 3583 6.78
63 3584 6.78
63 3585 6.78
63 3586 6.78
63 3587 6.78
63 3588 6.78
63 3589 6.78
63 3590 6.78
63 3591 6.78
63 3592 6.78
63 3593 6.78
64 3594 6.78
64 3595 6.78
64 3596 6.78
64 3597 6.78
64 3598 6.78
64 3599 6.78
64 3600 6.78
64 3601 6.78
64 3602 6.78
64 3603 6.78
64 3604 6.78
64 3605 6.78
64 3606 6.78
64 3607 6.78
64 3608 6.78
64 3609 6.78
64 3610 6.78
64 3611 6.78
64 3612 6.78
64 3613 6.78
64 3614 6.78
64 3615 6.78
64 3616 6.78
64 3617 6.78
64 3618 6.78
64 3619 6.78
64 3620 6.78
64 3621 6.78
64 3622 6.78
64 3623 6.78
64 3624 6.78
64 3625 6.78
64 3626 6.78
64 3627 6.78
64 3628 6.78
64 3629 6.78
64 3630 6.78
64 3631 6.78
64 3632 6.78
64 3633 6.78
64 3634 6.78
64 3635 6.78
64 3636 6.78
64 3637 6.78
64 3638 6.78
64 3639 6.78
64 3640 6.78
64 3641 6.78
64 3642 6.78
64 3643 6.78
64 3644 6.78
64 3645 6.78
64 3646 6.78
64 3647 6.78
64 3648 6.78
65 3649 6.78
65 3650 6.78
65 3651 6.78
65 3652 6.78
65 3653 6.78
65 3654 6.78
65 3655 6.78
65 3656 6.78
65 3657 6.78
65 3658 6.78
65 3659 6.78
65 3660 6.78
65 3661 6.78
65 3662 6.78
65 3663 6.78
65 3664 6.78
65 3665 6.78
65 3666 6.78
65 3667 6.78
65 3668 6.78
65 3669 6.78
65 3670 6.78
65 3671 6.78
65 3672 6.78
65 3673 6.78
65 3674 6.78
65 3675 6.78
65 3676 6.78
65 3677 6.78
65 3678 6.78
65 3679 6.78
65 3680 6.78
65 3681 6.78
65 3682 6.78
65 3683 6.78
65 3684 6.78
65 3685 6.78
65 3686 6.78
65 3687 6.78
65 3688 6.78
65 3689 6.78
65 3690 6.78
65 3691 6.78
65 3692 6.78
65 3693 6.78
65 3694 6.78
65 3695 6.78
65 3696 6.78
65 3697 6.78
65 3698 6.78
65 3699 6.78
65 3700 6.78
65 3701 6.78
65 3702 6.78
65 3703 6.78
66 3704 6.78
66 3705 6.78
66 3706 6.78
66 3707 6.78
66 3708 6.78
66 3709 6.78
66 3710 6.78
66 3711 6.78
66 3712 6.78
66 3713 6.78
66 3714 6.78
66 3715 6.78
66 3716 6.78
66 3717 6.78
66 3718 6.78
66 3719 6.78
66 3720 6.78
66 3721 6.78
66 3722 6.78
66 3723 6.78
66 3724 6.78
66 3725 6.78
66 3726 6.78
66 3727 6.78
66 3728 6.78
66 3729 6.78
66 3730 6.78
66 3731 6.78
66 3732 6.78
66 3733 6.78
66 3734 6.78
66 3735 6.78
66 3736 6.78
66 3737 6.78
66 3738 6.78
66 3739 6.78
66 3740 6.78
66 3741 6.78
66 3742 6.78
66 3743 6.78
66 3744 6.78
66 3745 6.78
66 3746 6.78
66 3747 6.78
66 3748 6.78
66 3749 6.78
66 3750 6.78
66 3751 6.78
66 3752 6.78
66 3753 6.78
66 3754 6.78
66 3755 6.78
66 3756 6.78
66 3757 6.78
66 3758 6.78
66 3759 6.78
67 3760 6.78
67 3761 6.78
67 3762 6.78
67 3763 6.78
67 3764 6.78
67 3765 6.78
67 3766 6.78
67 3767 6.78
67 3768 6.78
67 3769 6.78
67 3770 6.78
67 3771 6.78
67 3772 6.78
67 3773 6.78
67 3774 6.78
67 3775 6.78
67 3776 6.78
67 3777 6.78
67 3778 6.78
67 3779 6.78
67 3780 6.78
67 3781 6.78
67 3782 6.78
67 3783 6.78
67 3784 6.78
67 3785 6.78
67 3786 6.78
67 3787 6.78
67 3788 6.78
67 3789 6.78
67 3790 6.78
67 3791 6.78
67 3792 6.78
67 3793 6.78
67 3794 6.78
67 3795 6.78
67 3796 6.78
67 3797 6.78
67 3798 6.78
67 3799 6.78
67 3800 6.78
67 3801 6.78
67 3802 6.78
67 3803 6.78
67 3804 6.78
67 3805 6.78
67 3806 6.78
67 3807 6.78
67 3808 6.78
67 3809 6.78
67 3810 6.78
67 3811 6.78
67 3812 6.78
67 3813 6.78
67 3814 6.78
67 3815 6.78
67 3816 6.78
68 3817 6.78
68 3818 6.78
68 3819 6.78
68 3820 6.78
68 3821 6.78
68 3822 6.78
68 3823 6.78
68 3824 6.78
68 3825 6.78
68 3826 6.78
68 3827 6.78
68 3828 6.78
68 3829 6.78
68 3830 6.78
68 3831 6.78
68 3832 6.78
68 3833 6.78
68 3834 6.78
68 3835 6.78
68 3836 6.78
68 3837 6.78
68 3838 6.78
68 3839 6.78
68 3840 6.78
68 3841 6.78
68 3842 6.78
68 3843 6.78
68 3844 6.78
68 3845 6.78
68 3846 6.78
68 3847 6.78
68 3848 6.78
68 3849 6.78
68 3850 6.78
68 3851 6.78
68 3852 6.78
68 3853 6.78
68 3854 6.78
68 3855 6.78
68 3856 6.78
68 3857 6.78
68 3858 6.78
68 3859 6.78
68 3860 6.78
68 3861 6.78
68 3862 6.78
68 3863 6.78
68 3864 6.78
68 3865 6.78
68 3866 6.78
68 3867 6.78
68 3868 6.78
68 3869 6.78
68 3870 6.78
68 3871 6.78
68 3872 6.78
68 3873 6.78
69 3874 6.78
69 3875 6.78
69 3876 6.78
69 3877 6.78
69 3878 6.78
69 3879 6.78
69 3880 6.78
69 3881 6.78
69 3882 6.78
69 3883 6.78
69 3884 6.78
69 3885 6.78
69 3886 6.78
69 3887 6.78
69 3888 6.78
69 3889 6.78
69 3890 6.78
69 3891 6.78
69 3892 6.78
69 3893 6.78
69 3894 6.78
69 3895 6.78
69 3896 6.78
69 3897 6.78
69 3898 6.78
69 3899 6.78
69 3900 6.78
69 3901 6.78
69 3902 6.78
69 3903 6.78
69 3904 6.78
69 3905 6.78
69 3906 6.78
69 3907 6.78
69 3908 6.78
69 3909 6.78
69 3910 6.78
69 3911 6.78
69 3912 6.78
69 3913 6.78
69 3914 6.78
69 3915 6.78
69 3916 6.78
69 3917 6.78
69 3918 6.78
69 3919 6.78
69 3920 6.78
69 3921 6.78
69 3922 6.78
69 3923 6.78
69 3924 6.78
69 3925 6.78
69 3926 6.78
69 3927 6.78
69 3928 6.78
70 3929 6.78
70 3930 6.78
70 3931 6.78
70 3932 6.78
70 3933 6.78
70 3934 6.78
70 3935 6.78
70 3936 6.78
70 3937 6.78
70 3938 6.78
70 3939 6.78
70 3940 6.78
70 3941 6.78
70 3942 6.78
70 3943 6.78
70 3944 6.78
70 3945 6.78
70 3946 6.78
70 3947 6.78
70 3948 6.78
70 3949 6.78
70 3950 6.78
70 3951 6.78
70 3952 6.78
70 3953 6.78
70 3954 6.78
70 3955 6.78
70 3956 6.78
70 3957 6.78
70 3958 6.78
70 3959 6.78
70 3960 6.78
70 3961 6.78
70 3962 6.78
70 3963 6.78
70 3964 6.78
70 3965 6.78
70 3966 6.78
70 3967 6.78
70 3968 6.78
70 3969 6.78
70 3970 6.78
70 3971 6.78
70 3972 6.78
70 3973 6.78
70 3974 6.78
70 3975 6.78
70 3976 6.78
70 3977 6.78
70 3978 6.78
70 3979 6.78
70 3980 6.78
70 3981 6.78
70 3982 6.78
70 3983 6.78
71 3984 6.78
71 3985 6.78
71 3986 6.78
71 3987 6.78
71 3988 6.78
71 3989 6.78
71 3990 6.78
71 3991 6.78
71 3992 6.78
71 3993 6.78
71 3994 6.78
71 3995 6.78
71 3996 6.78
71 3997 6.78
71 3998 6.78
71 3999 6.78
71 4000 6.78
71 4001 6.78
71 4002 6.78
71 4003 6.78
71 4004 6.78
71 4005 6.78
71 4006 6.78
71 4007 6.78
71 4008 6.78
71 4009 6.78
71 4010 6.78
71 4011 6.78
71 4012 6.78
71 4013 6.78
71 4014 6.78
71 4015 6.78
71 4016 6.78
71 4017 6.78
71 4018 6.78
71 4019 6.78
71 4020 6.78
71 4021 6.78
71 4022 6.78
71 4023 6.78
71 4024 6.78
71 4025 6.78
71 4026 6.78
71 4027 6.78
71 4028 6.78
71 4029 6.78
71 4030 6.78
71 4031 6.78
71 4032 6.78
71 4033 6.78
71 4034 6.78
71 4035 6.78
71 4036 6.78
71 4037 6.78
71 4038 6.78
71 4039 6.78
72 4040 6.78
72 4041 6.78
72 4042 6.78
72 4043 6.78
72 4044 6.78
72 4045 6.78
72 4046 6.78
72 4047 6.78
72 4048 6.78
72 4049 6.78
72 4050 6.78
72 4051 6.78
72 4052 6.78
72 4053 6.78
72 4054 6.78
72 4055 6.78
72 4056 6.78
72 4057 6.78
72 4058 6.78
72 4059 6.78
72 4060 6.78
72 4061 6.78
72 4062 6.78
72 4063 6.78
72 4064 6.78
72 4065 6.78
72 4066 6.78
72 4067 6.78
72 4068 6.78
72 4069 6.78
72 4070 6.78
72 4071 6.78
72 4072 6.78
72 4073 6.78
72 4074 6.78
72 4075 6.78
72 4076 6.78
72 4077 6.78
72 4078 6.78
72 4079 6.78
72 4080 6.78
72 4081 6.78
72 4082 6.78
72 4083 6.78
72 4084 6.78
72 4085 6.78
72 4086 6.78
72 4087 6.78
72 4088 6.78
72 4089 6.78
72 4090 6.78
72 4091 6.78
72 4092 6.78
72 4093 6.78
72 4094 6.78
72 4095 6.78
73 4096 6.78
73 4097 6.78
73 4098 6.78
73 4099 6.78
73 4100 6.78
73 4101 6.78
73 4102 6.78
73 4103 6.78
73 4104 6.78
73 4105 6.78
73 4106 6.78
73 4107 6.78
73 4108 6.78
73 4109 6.78
73 4110 6.78
73 4111 6.78
73 4112 6.78
73 4113 6.78
73 4114 6.78
73 4115 6.78
73 4116 6.78
73 4117 6.78
73 4118 6.78
73 4119 6.78
73 4120 6.78
73 4121 6.78
73 4122 6.78
73 4123 6.78
73 4124 6.78
73 4125 6.78
73 4126 6.78
73 4127 6.78
73 4128 6.78
73 4129 6.78
73 4130 6.78
73 4131 6.78
73 4132 6.78
73 4133 6.78
73 4134 6.78
73 4135 6.78
73 4136 6.78
73 4137 6.78
73 4138 6.78
73 4139 6.78
73 4140 6.78
73 4141 6.78
73 4142 6.78
73 4143 6.78
73 4144 6.78
73 4145 6.78
73 4146 6.78
73 4147 6.78
73 4148 6.78
73 4149 6.78
73 4150 6.78
73 4151 6.78
74 4152 6.78
74 4153 6.78
74 4154 6.78
74 4155 6.78
74 4156 6.78
74 4157 6.78
74 4158 6.78
74 4159 6.78
74 4160 6.78
74 4161 6.78
74 4162 6.78
74 4163 6.78
74 4164 6.78
74 4165 6.78
74 4166 6.78
74 4167 6.78
74 4168 6.78
74 4169 6.78
74 4170 6.78
74 4171 6.78
74 4172 6.78
74 4173 6.78
74 4174 6.78
74 4175 6.78
74 4176 6.78
74 4177 6.78
74 4178 6.78
74 4179 6.78
74 4180 6.78
74 4181 6.78
74 4182 6.78
74 4183 6.78
74 4184 6.78
74 4185 6.78
74 4186 6.78
74 4187 6.78
74 4188 6.78
74 4189 6.78
74 4190 6.78
74 4191 6.78
74 4192 6.78
74 4193 6.78
74 4194 6.78
74 4195 6.78
74 4196 6.78
74 4197 6.78
74 4198 6.78
74 4199 6.78
74 4200 6.78
74 4201 6.78
74 4202 6.78
74 4203 6.78
74 4204 6.78
74 4205 6.78
74 4206 6.78
75 4207 6.78
75 4208 6.78
75 4209 6.78
75 4210 6.78
75 4211 6.78
75 4212 6.78
75 4213 6.78
75 4214 6.78
75 4215 6.78
75 4216 6.78
75 4217 6.78
75 4218 6.78
75 4219 6.78
75 4220 6.78
75 4221 6.78
75 4222 6.78
75 4223 6.78
75 4224 6.78
75 4225 6.78
75 4226 6.78
75 4227 6.78
75 4228 6.78
75 4229 6.78
75 4230 6.78
75 4231 6.78
75 4232 6.78
75 4233 6.78
75 4234 6.78
75 4235 6.78
75 4236 6.78
75 4237 6.78
75 4238 6.78
75 4239 6.78
75 4240 6.78
75 4241 6.78
75 4242 6.78
75 4243 6.78
75 4244 6.78
75 4245 6.78
75 4246 6.78
75 4247 6.78
75 4248 6.78
75 4249 6.78
75 4250 6.78
75 4251 6.78
75 4252 6.78
75 4253 6.78
75 4254 6.78
75 4255 6.78
75 4256 6.78
75 4257 6.78
75 4258 6.78
75 4259 6.78
75 4260 6.78
75 4261 6.78
75 4262 6.78
75 4263 6.78
75 4264 6.78
76 4265 6.78
76 4266 6.78
76 4267 6.78
76 4268 6.78
76 4269 6.78
76 4270 6.78
76 4271 6.78
76 4272 6.78
76 4273 6.78
76 4274 6.78
76 4275 6.78
76 4276 6.78
76 4277 6.78
76 4278 6.78
76 4279 6.78
76 4280 6.78
76 4281 6.78
76 4282 6.78
76 4283 6.78
76 4284 6.78
76 4285 6.78
76 4286 6.78
76 4287 6.78
76 4288 6.78
76 4289 6.78
76 4290 6.78
76 4291 6.78
76 4292 6.78
76 4293 6.78
76 4294 6.78
76 4295 6.78
76 4296 6.78
76 4297 6.78
76 4298 6.78
76 4299 6.78
76 4300 6.78
76 4301 6.78
76 4302 6.78
76 4303 6.78
76 4304 6.78
76 4305 6.78
76 4306 6.78
76 4307 6.78
76 4308 6.78
76 4309 6.78
76 4310 6.78
76 4311 6.78
76 4312 6.78
76 4313 6.78
76 4314 6.78
76 4315 6.78
76 4316 6.78
76 4317 6.78
76 4318 6.78
76 4319 6.78
76 4320 6.78
76 4321 6.78
77 4322 6.78
77 4323 6.78
77 4324 6.78
77 4325 6.78
77 4326 6.78
77 4327 6.78
77 4328 6.78
77 4329 6.78
77 4330 6.78
77 4331 6.78
77 4332 6.78
77 4333 6.78
77 4334 6.78
77 4335 6.78
77 4336 6.78
77 4337 6.78
77 4338 6.78
77 4339 6.78
77 4340 6.78
77 4341 6.78
77 4342 6.78
77 4343 6.78
77 4344 6.78
77 4345 6.78
77 4346 6.78
77 4347 6.78
77 4348 6.78
77 4349 6.78
77 4350 6.78
77 4351 6.78
77 4352 6.78
77 4353 6.78
77 4354 6.78
77 4355 6.78
77 4356 6.78
77 4357 6.78
77 4358 6.78
77 4359 6.78
77 4360 6.78
77 4361 6.78
77 4362 6.78
77 4363 6.78
77 4364 6.78
77 4365 6.78
77 4366 6.78
77 4367 6.78
77 4368 6.78
77 4369 6.78
77 4370 6.78
77 4371 6.78
77 4372 6.78
77 4373 6.78
77 4374 6.78
77 4375 6.78
77 4376 6.78
77 4377 6.78
77 4378 6.78
77 4379 6.78
78 4380 6.78
78 4381 6.78
78 4382 6.78
78 4383 6.78
78 4384 6.78
78 4385 6.78
78 4386 6.78
78 4387 6.78
78 4388 6.78
78 4389 6.78
78 4390 6.78
78 4391 6.78
78 4392 6.78
78 4393 6.78
78 4394 6.78
78 4395 6.78
78 4396 6.78
78 4397 6.78
78 4398 6.78
78 4399 6.78
78 4400 6.78
78 4401 6.78
78 4402 6.78
78 4403 6.78
78 4404 6.78
78 4405 6.78
78 4406 6.78
78 4407 6.78
78 4408 6.78
78 4409 6.78
78 4410 6.78
78 4411 6.78
78 4412 6.78
78 4413 6.78
78 4414 6.78
78 4415 6.78
78 4416 6.78
78 4417 6.78
78 4418 6.78
78 4419 6.78
78 4420 6.78
78 4421 6.78
78 4422 6.78
78 4423 6.78
78 4424 6.78
78 4425 6.78
78 4426 6.78
78 4427 6.78
78 4428 6.78
78 4429 6.78
78 4430 6.78
78 4431 6.78
78 4432 6.78
78 4433 6.78
78 4434 6.78
79 4435 6.78
79 4436 6.78
79 4437 6.78
79 4438 6.78
79 4439 6.78
79 4440 6.78
79 4441 6.78
79 4442 6.78
79 4443 6.78
79 4444 6.78
79 4445 6.78
79 4446 6.78
79 4447 6.78
79 4448 6.78
79 4449 6.78
79 4450 6.78
79 4451 6.78
79 4452 6.78
79 4453 6.78
79 4454 6.78
79 4455 6.78
79 4456 6.78
79 4457 6.78
79 4458 6.78
79 4459 6.78
79 4460 6.78
79 4461 6.78
79 4462 6.78
79 4463 6.78
79 4464 6.78
79 4465 6.78
79 4466 6.78
79 4467 6.78
79 4468 6.78
79 4469 6.78
79 4470 6.78
79 4471 6.78
79 4472 6.78
79 4473 6.78
79 4474 6.78
79 4475 6.78
79 4476 6.78
79 4477 6.78
79 4478 6.78
79 4479 6.78
79 4480 6.78
79 4481 6.78
79 4482 6.78
79 4483 6.78
79 4484 6.78
79 4485 6.78
79 4486 6.78
79 4487 6.78
79 4488 6.78
79 4489 6.78
79 4490 6.78
80 4491 6.78
80 4492 6.78
80 4493 6.78
80 4494 6.78
80 4495 6.78
80 4496 6.78
80 4497 6.78
80 4498 6.78
80 4499 6.78
80 4500 6.78
80 4501 6.78
80 4502 6.78
80 4503 6.78
80 4504 6.78
80 4505 6.78
80 4506 6.78
80 4507 6.78
80 4508 6.78
80 4509 6.78
80 4510 6.78
80 4511 6.78
80 4512 6.78
80 4513 6.78
80 4514 6.78
80 4515 6.78
80 4516 6.78
80 4517 6.78
80 4518 6.78
80 4519 6.78
80 4520 6.78
80 4521 6.78
80 4522 6.78
80 4523 6.78
80 4524 6.78
80 4525 6.78
80 4526 6.78
80 4527 6.78
80 4528 6.78
80 4529 6.78
80 4530 6.78
80 4531 6.78
80 4532 6.78
80 4533 6.78
80 4534 6.78
80 4535 6.78
80 4536 6.78
80 4537 6.78
80 4538 6.78
80 4539 6.78
80 4540 6.78
80 4541 6.78
80 4542 6.78
80 4543 6.78
80 4544 6.78
80 4545 6.78
80 4546 6.78
80 4547 6.78
81 4548 6.78
81 4549 6.78
81 4550 6.78
81 4551 6.78
81 4552 6.78
81 4553 6.78
81 4554 6.78
81 4555 6.78
81 4556 6.78
81 4557 6.78
81 4558 6.78
81 4559 6.78
81 4560 6.78
81 4561 6.78
81 4562 6.78
81 4563 6.78
81 4564 6.78
81 4565 6.78
81 4566 6.78
81 4567 6.78
81 4568 6.78
81 4569 6.78
81 4570 6.78
81 4571 6.78
81 4572 6.78
81 4573 6.78
81 4574 6.78
81 4575 6.78
81 4576 6.78
81 4577 6.78
81 4578 6.78
81 4579 6.78
81 4580 6.78
81 4581 6.78
81 4582 6.78
81 4583 6.78
81 4584 6.78
81 4585 6.78
81 4586 6.78
81 4587 6.78
81 4588 6.78
81 4589 6.78
81 4590 6.78
81 4591 6.78
81 4592 6.78
81 4593 6.78
81 4594 6.78
81 4595 6.78
81 4596 6.78
81 4597 6.78
81 4598 6.78
81 4599 6.78
81 4600 6.78
81 4601 6.78
81 4602 6.78
82 4603 6.78
82 4604 6.78
82 4605 6.78
82 4606 6.78
82 4607 6.78
82 4608 6.78
82 4609 6.78
82 4610 6.78
82 4611 6.78
82 4612 6.78
82 4613 6.78
82 4614 6.78
82 4615 6.78
82 4616 6.78
82 4617 6.78
82 4618 6.78
82 4619 6.78
82 4620 6.78
82 4621 6.78
82 4622 6.78
82 4623 6.78
82 4624 6.78
82 4625 6.78
82 4626 6.78
82 4627 6.78
82 4628 6.78
82 4629 6.78
82 4630 6.78
82 4631 6.78
82 4632 6.78
82 4633 6.78
82 4634 6.78
82 4635 6.78
82 4636 6.78
82 4637 6.78
82 4638 6.78
82 4639 6.78
82 4640 6.78
82 4641 6.78
82 4642 6.78
82 4643 6.78
82 4644 6.78
82 4645 6.78
82 4646 6.78
82 4647 6.78
82 4648 6.78
82 4649 6.78
82 4650 6.78
82 4651 6.78
82 4652 6.78
82 4653 6.78
82 4654 6.78
82 4655 6.78
82 4656 6.78
82 4657 6.78
82 4658 6.78
82 4659 6.78
82 4660 6.78
83 4661 6.78
83 4662 6.78
83 4663 6.78
83 4664 6.78
83 4665 6.78
83 4666 6.78
83 4667 6.78
83 4668 6.78
83 4669 6.78
83 4670 6.78
83 4671 6.78
83 4672 6.78
83 4673 6.78
83 4674 6.78
83 4675 6.78
83 4676 6.78
83 4677 6.78
83 4678 6.78
83 4679 6.78
83 4680 6.78
83 4681 6.78
83 4682 6.78
83 4683 6.78
83 4684 6.78
83 4685 6.78
83 4686 6.78
83 4687 6.78
83 4688 6.78
83 4689 6.78
83 4690 6.78
83 4691 6.78
83 4692 6.78
83 4693 6.78
83 4694 6.78
83 4695 6.78
83 4696 6.78
83 4697 6.78
83 4698 6.78
83 4699 6.78
83 4700 6.78
83 4701 6.78
83 4702 6.78
83 4703 6.78
83 4704 6.78
83 4705 6.78
83 4706 6.78
83 4707 6.78
83 4708 6.78
83 4709 6.78
83 4710 6.78
83 4711 6.78
83 4712 6.78
83 4713 6.78
83 4714 6.78
83 4715 6.78
84 4716 6.78
84 4717 6.78
84 4718 6.78
84 4719 6.78
84 4720 6.78
84 4721 6.78
84 4722 6.78
84 4723 6.78
84 4724 6.78
84 4725 6.78
84 4726 6.78
84 4727 6.78
84 4728 6.78
84 4729 6.78
84 4730 6.78
84 4731 6.78
84 4732 6.78
84 4733 6.78
84 4734 6.78
84 4735 6.78
84 4736 6.78
84 4737 6.78
84 4738 6.78
84 4739 6.78
84 4740 6.78
84 4741 6.78
84 4742 6.78
84 4743 6.78
84 4744 6.78
84 4745 6.78
84 4746 6.78
84 4747 6.78
84 4748 6.78
84 4749 6.78
84 4750 6.78
84 4751 6.78
84 4752 6.78
84 4753 6.78
84 4754 6.78
84 4755 6.78
84 4756 6.78
84 4757 6.78
84 4758 6.78
84 4759 6.78
84 4760 6.78
84 4761 6.78
84 4762 6.78
84 4763 6.78
84 4764 6.78
84 4765 6.78
84 4766 6.78
84 4767 6.78
84 4768 6.78
84 4769 6.78
84 4770 6.78
85 4771 6.78
85 4772 6.78
85 4773 6.78
85 4774 6.78
85 4775 6.78
85 4776 6.78
85 4777 6.78
85 4778 6.78
85 4779 6.78
85 4780 6.78
85 4781 6.78
85 4782 6.78
85 4783 6.78
85 4784 6.78
85 4785 6.78
85 4786 6.78
85 4787 6.78
85 4788 6.78
85 4789 6.78
85 4790 6.78
85 4791 6.78
85 4792 6.78
85 4793 6.78
85 4794 6.78
85 4795 6.78
85 4796 6.78
85 4797 6.78
85 4798 6.78
85 4799 6.78
85 4800 6.78
85 4801 6.78
85 4802 6.78
85 4803 6.78
85 4804 6.78
85 4805 6.78
85 4806 6.78
85 4807 6.78
85 4808 6.78
85 4809 6.78
85 4810 6.78
85 4811 6.78
85 4812 6.78
85 4813 6.78
85 4814 6.78
85 4815 6.78
85 4816 6.78
85 4817 6.78
85 4818 6.78
85 4819 6.78
85 4820 6.78
85 4821 6.78
85 4822 6.78
85 4823 6.78
85 4824 6.78
85 4825 6.78
85 4826 6.78
85 4827 6.78
86 4828 6.78
86 4829 6.78
86 4830 6.78
86 4831 6.78
86 4832 6.78
86 4833 6.78
86 4834 6.78
86 4835 6.78
86 4836 6.78
86 4837 6.78
86 4838 6.78
86 4839 6.78
86 4840 6.78
86 4841 6.78
86 4842 6.78
86 4843 6.78
86 4844 6.78
86 4845 6.78
86 4846 6.78
86 4847 6.78
86 4848 6.78
86 4849 6.78
86 4850 6.78
86 4851 6.78
86 4852 6.78
86 4853 6.78
86 4854 6.78
86 4855 6.78
86 4856 6.78
86 4857 6.78
86 4858 6.78
86 4859 6.78
86 4860 6.78
86 4861 6.78
86 4862 6.78
86 4863 6.78
86 4864 6.78
86 4865 6.78
86 4866 6.78
86 4867 6.78
86 4868 6.78
86 4869 6.78
86 4870 6.78
86 4871 6.78
86 4872 6.78
86 4873 6.78
86 4874 6.78
86 4875 6.78
86 4876 6.78
86 4877 6.78
86 4878 6.78
86 4879 6.78
86 4880 6.78
86 4881 6.78
86 4882 6.78
87 4883 6.78
87 4884 6.78
87 4885 6.78
87 4886 6.78
87 4887 6.78
87 4888 6.78
87 4889 6.78
87 4890 6.78
87 4891 6.78
87 4892 6.78
87 4893 6.78
87 4894 6.78
87 4895 6.78
87 4896 6.78
87 4897 6.78
87 4898 6.78
87 4899 6.78
87 4900 6.78
87 4901 6.78
87 4902 6.78
87 4903 6.78
87 4904 6.78
87 4905 6.78
87 4906 6.78
87 4907 6.78
87 4908 6.78
87 4909 6.78
87 4910 6.78
87 4911 6.78
87 4912 6.78
87 4913 6.78
87 4914 6.78
87 4915 6.78
87 4916 6.78
87 4917 6.78
87 4918 6.78
87 4919 6.78
87 4920 6.78
87 4921 6.78
87 4922 6.78
87 4923 6.78
87 4924 6.78
87 4925 6.78
87 4926 6.78
87 4927 6.78
87 4928 6.78
87 4929 6.78
87 4930 6.78
87 4931 6.78
87 4932 6.78
87 4933 6.78
87 4934 6.78
87 4935 6.78
87 4936 6.78
87 4937 6.78
87 4938 6.78
87 4939 6.78
88 4940 6.78
88 4941 6.78
88 4942 6.78
88 4943 6.78
88 4944 6.78
88 4945 6.78
88 4946 6.78
88 4947 6.78
88 4948 6.78
88 4949 6.78
88 4950 6.78
88 4951 6.78
88 4952 6.78
88 4953 6.78
88 4954 6.78
88 4955 6.78
88 4956 6.78
88 4957 6.78
88 4958 6.78
88 4959 6.78
88 4960 6.78
88 4961 6.78
88 4962 6.78
88 4963 6.78
88 4964 6.78
88 4965 6.78
88 4966 6.78
88 4967 6.78
88 4968 6.78
88 4969 6.78
88 4970 6.78
88 4971 6.78
88 4972 6.78
88 4973 6.78
88 4974 6.78
88 4975 6.78
88 4976 6.78
88 4977 6.78
88 4978 6.78
88 4979 6.78
88 4980 6.78
88 4981 6.78
88 4982 6.78
88 4983 6.78
88 4984 6.78
88 4985 6.78
88 4986 6.78
88 4987 6.78
88 4988 6.78
88 4989 6.78
88 4990 6.78
88 4991 6.78
88 4992 6.78
88 4993 6.78
88 4994 6.78
88 4995 6.78
88 4996 6.78
88 4997 6.78
89 4998 6.78
89 4999 6.78
89 5000 6.78
89 5001 6.78
89 5002 6.78
89 5003 6.78
89 5004 6.78
89 5005 6.78
89 5006 6.78
89 5007 6.78
89 5008 6.78
89 5009 6.78
89 5010 6.78
89 5011 6.78
89 5012 6.78
89 5013 6.78
89 5014 6.78
89 5015 6.78
89 5016 6.78
89 5017 6.78
89 5018 6.78
89 5019 6.78
89 5020 6.78
89 5021 6.78
89 5022 6.78
89 5023 6.78
89 5024 6.78
89 5025 6.78
89 5026 6.78
89 5027 6.78
89 5028 6.78
89 5029 6.78
89 5030 6.78
89 5031 6.78
89 5032 6.78
89 5033 6.78
89 5034 6.78
89 5035 6.78
89 5036 6.78
89 5037 6.78
89 5038 6.78
89 5039 6.78
89 5040 6.78
89 5041 6.78
89 5042 6.78
89 5043 6.78
89 5044 6.78
89 5045 6.78
89 5046 6.78
89 5047 6.78
89 5048 6.78
89 5049 6.78
89 5050 6.78
89 5051 6.78
89 5052 6.78
89 5053 6.78
89 5054 6.78
89 5055 6.78
90 5056 6.78
90 5057 6.78
90 5058 6.78
90 5059 6.78
90 5060 6.78
90 5061 6.78
90 5062 6.78
90 5063 6.78
90 5064 6.78
90 5065 6.78
90 5066 6.78
90 5067 6.78
90 5068 6.78
90 5069 6.78
90 5070 6.78
90 5071 6.78
90 5072 6.78
90 5073 6.78
90 5074 6.78
90 5075 6.78
90 5076 6.78
90 5077 6.78
90 5078 6.78
90 5079 6.78
90 5080 6.78
90 5081 6.78
90 5082 6.78
90 5083 6.78
90 5084 6.78
90 5085 6.78
90 5086 6.78
90 5087 6.78
90 5088 6.78
90 5089 6.78
90 5090 6.78
90 5091 6.78
90 5092 6.78
90 5093 6.78
90 5094 6.78
90 5095 6.78
90 5096 6.78
90 5097 6.78
90 5098 6.78
90 5099 6.78
90 5100 6.78
90 5101 6.78
90 5102 6.78
90 5103 6.78
90 5104 6.78
90 5105 6.78
90 5106 6.78
90 5107 6.78
90 5108 6.78
90 5109 6.78
90 5110 6.78
90 5111 6.78
90 5112 6.78
90 5113 6.78
91 5114 6.78
91 5115 6.78
91 5116 6.78
91 5117 6.78
91 5118 6.78
91 5119 6.78
91 5120 6.78
91 5121 6.78
91 5122 6.78
91 5123 6.78
91 5124 6.78
91 5125 6.78
91 5126 6.78
91 5127 6.78
91 5128 6.78
91 5129 6.78
91 5130 6.78
91 5131 6.78
91 5132 6.78
91 5133 6.78
91 5134 6.78
91 5135 6.78
91 5136 6.78
91 5137 6.78
91 5138 6.78
91 5139 6.78
91 5140 6.78
91 5141 6.78
91 5142 6.78
91 5143 6.78
91 5144 6.78
91 5145 6.78
91 5146 6.78
91 5147 6.78
91 5148 6.78
91 5149 6.78
91 5150 6.78
91 5151 6.78
91 5152 6.78
91 5153 6.78
91 5154 6.78
91 5155 6.78
91 5156 6.78
91 5157 6.78
91 5158 6.78
91 5159 6.78
91 5160 6.78
91 5161 6.78
91 5162 6.78
91 5163 6.78
91 5164 6.78
91 5165 6.78
91 5166 6.78
91 5167 6.78
91 5168 6.78
91 5169 6.78
91 5170 6.78
91 5171 6.78
92 5172 6.78
92 5173 6.78
92 5174 6.78
92 5175 6.78
92 5176 6.78
92 5177 6.78
92 5178 6.78
92 5179 6.78
92 5180 6.78
92 5181 6.78
92 5182 6.78
92 5183 6.78
92 5184 6.78
92 5185 6.78
92 5186 6.78
92 5187 6.78
92 5188 6.78
92 5189 6.78
92 5190 6.78
92 5191 6.78
92 5192 6.78
92 5193 6.78
92 5194 6.78
92 5195 6.78
92 5196 6.78
92 5197 6.78
92 5198 6.78
92 5199 6.78
92 5200 6.78
92 5201 6.78
92 5202 6.78
92 5203 6.78
92 5204 6.78
92 5205 6.78
92 5206 6.78
92 5207 6.78
92 5208 6.78
92 5209 6.78
92 5210 6.78
92 5211 6.78
92 5212 6.78
92 5213 6.78
92 5214 6.78
92 5215 6.78
92 5216 6.78
92 5217 6.78
92 5218 6.78
92 5219 6.78
92 5220 6.78
92 5221 6.78
92 5222 6.78
92 5223 6.78
92 5224 6.78
92 5225 6.78
92 5226 6.78
92 5227 6.78
92 5228 6.78
92 5229 6.78
93 5230 6.78
93 5231 6.78
93 5232 6.78
93 5233 6.78
93 5234 6.78
93 5235 6.78
93 5236 6.78
93 5237 6.78
93 5238 6.78
93 5239 6.78
93 5240 6.78
93 5241 6.78
93 5242 6.78
93 5243 6.78
93 5244 6.78
93 5245 6.78
93 5246 6.78
93 5247 6.78
93 5248 6.78
93 5249 6.78
93 5250 6.78
93 5251 6.78
93 5252 6.78
93 5253 6.78
93 5254 6.78
93 5255 6.78
93 5256 6.78
93 5257 6.78
93 5258 6.78
93 5259 6.78
93 5260 6.78
93 5261 6.78
93 5262 6.78
93 5263 6.78
93 5264 6.78
93 5265 6.78
93 5266 6.78
93 5267 6.78
93 5268 6.78
93 5269 6.78
93 5270 6.78
93 5271 6.78
93 5272 6.78
93 5273 6.78
93 5274 6.78
93 5275 6.78
93 5276 6.78
93 5277 6.78
93 5278 6.78
93 5279 6.78
93 5280 6.78
93 5281 6.78
93 5282 6.78
93 5283 6.78
93 5284 6.78
93 5285 6.78
93 5286 6.78
93 5287 6.78
94 5288 6.78
94 5289 6.78
94 5290 6.78
94 5291 6.78
94 5292 6.78
94 5293 6.78
94 5294 6.78
94 5295 6.78
94 5296 6.78
94 5297 6.78
94 5298 6.78
94 5299 6.78
94 5300 6.78
94 5301 6.78
94 5302 6.78
94 5303 6.78
94 5304 6.78
94 5305 6.78
94 5306 6.78
94 5307 6.78
94 5308 6.78
94 5309 6.78
94 5310 6.78
94 5311 6.78
94 5312 6.78
94 5313 6.78
94 5314 6.78
94 5315 6.78
94 5316 6.78
94 5317 6.78
94 5318 6.78
94 5319 6.78
94 5320 6.78
94 5321 6.78
94 5322 6.78
94 5323 6.78
94 5324 6.78
94 5325 6.78
94 5326 6.78
94 5327 6.78
94 5328 6.78
94 5329 6.78
94 5330 6.78
94 5331 6.78
94 5332 6.78
94 5333 6.78
94 5334 6.78
94 5335 6.78
94 5336 6.78
94 5337 6.78
94 5338 6.78
94 5339 6.78
94 5340 6.78
94 5341 6.78
94 5342 6.78
95 5343 6.78
95 5344 6.78
95 5345 6.78
95 5346 6.78
95 5347 6.78
95 5348 6.78
95 5349 6.78
95 5350 6.78
95 5351 6.78
95 5352 6.78
95 5353 6.78
95 5354 6.78
95 5355 6.78
95 5356 6.78
95 5357 6.78
95 5358 6.78
95 5359 6.78
95 5360 6.78
95 5361 6.78
95 5362 6.78
95 5363 6.78
95 5364 6.78
95 5365 6.78
95 5366 6.78
95 5367 6.78
95 5368 6.78
95 5369 6.78
95 5370 6.78
95 5371 6.78
95 5372 6.78
95 5373 6.78
95 5374 6.78
95 5375 6.78
95 5376 6.78
95 5377 6.78
95 5378 6.78
95 5379 6.78
95 5380 6.78
95 5381 6.78
95 5382 6.78
95 5383 6.78
95 5384 6.78
95 5385 6.78
95 5386 6.78
95 5387 6.78
95 5388 6.78
95 5389 6.78
95 5390 6.78
95 5391 6.78
95 5392 6.78
95 5393 6.78
95 5394 6.78
95 5395 6.78
95 5396 6.78
96 5397 6.78
96 5398 6.78
96 5399 6.78
96 5400 6.78
96 5401 6.78
96 5402 6.78
96 5403 6.78
96 5404 6.78
96 5405 6.78
96 5406 6.78
96 5407 6.78
96 5408 6.78
96 5409 6.78
96 5410 6.78
96 5411 6.78
96 5412 6.78
96 5413 6.78
96 5414 6.78
96 5415 6.78
96 5416 6.78
96 5417 6.78
96 5418 6.78
96 5419 6.78
96 5420 6.78
96 5421 6.78
96 5422 6.78
96 5423 6.78
96 5424 6.78
96 5425 6.78
96 5426 6.78
96 5427 6.78
96 5428 6.78
96 5429 6.78
96 5430 6.78
96 5431 6.78
96 5432 6.78
96 5433 6.78
96 5434 6.78
96 5435 6.78
96 5436 6.78
96 5437 6.78
96 5438 6.78
96 5439 6.78
96 5440 6.78
96 5441 6.78
96 5442 6.78
96 5443 6.78
96 5444 6.78
96 5445 6.78
96 5446 6.78
96 5447 6.78
96 5448 6.78
96 5449 6.78
96 5450 6.78
96 5451 6.78
96 5452 6.78
96 5453 6.78
97 5454 6.78
97 5455 6.78
97 5456 6.78
97 5457 6.78
97 5458 6.78
97 5459 6.78
97 5460 6.78
97 5461 6.78
97 5462 6.78
97 5463 6.78
97 5464 6.78
97 5465 6.78
97 5466 6.78
97 5467 6.78
97 5468 6.78
97 5469 6.78
97 5470 6.78
97 5471 6.78
97 5472 6.78
97 5473 6.78
97 5474 6.78
97 5475 6.78
97 5476 6.78
97 5477 6.78
97 5478 6.78
97 5479 6.78
97 5480 6.78
97 5481 6.78
97 5482 6.78
97 5483 6.78
97 5484 6.78
97 5485 6.78
97 5486 6.78
97 5487 6.78
97 5488 6.78
97 5489 6.78
97 5490 6.78
97 5491 6.78
97 5492 6.78
97 5493 6.78
97 5494 6.78
97 5495 6.78
97 5496 6.78
97 5497 6.78
97 5498 6.78
97 5499 6.78
97 5500 6.78
97 5501 6.78
97 5502 6.78
97 5503 6.78
97 5504 6.78
97 5505 6.78
97 5506 6.78
97 5507 6.78
97 5508 6.78
97 5509 6.78
97 5510 6.78
97 5511 6.78
98 5512 6.78
98 5513 6.78
98 5514 6.78
98 5515 6.78
98 5516 6.78
98 5517 6.78
98 5518 6.78
98 5519 6.78
98 5520 6.78
98 5521 6.78
98 5522 6.78
98 5523 6.78
98 5524 6.78
98 5525 6.78
98 5526 6.78
98 5527 6.78
98 5528 6.78
98 5529 6.78
98 5530 6.78
98 5531 6.78
98 5532 6.78
98 5533 6.78
98 5534 6.78
98 5535 6.78
98 5536 6.78
98 5537 6.78
98 5538 6.78
98 5539 6.78
98 5540 6.78
98 5541 6.78
98 5542 6.78
98 5543 6.78
98 5544 6.78
98 5545 6.78
98 5546 6.78
98 5547 6.78
98 5548 6.78
98 5549 6.78
98 5550 6.78
98 5551 6.78
98 5552 6.78
98 5553 6.78
98 5554 6.78
98 5555 6.78
98 5556 6.78
98 5557 6.78
98 5558 6.78
98 5559 6.78
98 5560 6.78
98 5561 6.78
98 5562 6.78
98 5563 6.78
98 5564 6.78
98 5565 6.78
98 5566 6.78
98 5567 6.78
98 5568 6.78
98 5569 6.78
98 5570 6.78
99 5571 6.78
99 5572 6.78
99 5573 6.78
99 5574 6.78
99 5575 6.78
99 5576 6.78
99 5577 6.78
99 5578 6.78
99 5579 6.78
99 5580 6.78
99 5581 6.78
99 5582 6.78
99 5583 6.78
99 5584 6.78
99 5585 6.78
99 5586 6.78
99 5587 6.78
99 5588 6.78
99 5589 6.78
99 5590 6.78
99 5591 6.78
99 5592 6.78
99 5593 6.78
99 5594 6.78
99 5595 6.78
99 5596 6.78
99 5597 6.78
99 5598 6.78
99 5599 6.78
99 5600 6.78
99 5601 6.78
99 5602 6.78
99 5603 6.78
99 5604 6.78
99 5605 6.78
99 5606 6.78
99 5607 6.78
99 5608 6.78
99 5609 6.78
99 5610 6.78
99 5611 6.78
99 5612 6.78
99 5613 6.78
99 5614 6.78
99 5615 6.78
99 5616 6.78
99 5617 6.78
99 5618 6.78
99 5619 6.78
99 5620 6.78
99 5621 6.78
99 5622 6.78
99 5623 6.78
99 5624 6.78
99 5625 6.78
100 5626 6.78
100 5627 6.78
100 5628 6.78
100 5629 6.78
100 5630 6.78
100 5631 6.78
100 5632 6.78
100 5633 6.78
100 5634 6.78
100 5635 6.78
100 5636 6.78
100 5637 6.78
100 5638 6.78
100 5639 6.78
100 5640 6.78
100 5641 6.78
100 5642 6.78
100 5643 6.78
100 5644 6.78
100 5645 6.78
100 5646 6.78
100 5647 6.78
100 5648 6.78
100 5649 6.78
100 5650 6.78
100 5651 6.78
100 5652 6.78
100 5653 6.78
100 5654 6.78
100 5655 6.78
100 5656 6.78
100 5657 6.78
100 5658 6.78
100 5659 6.78
100 5660 6.78
100 5661 6.78
100 5662 6.78
100 5663 6.78
100 5664 6.78
100 5665 6.78
100 5666 6.78
100 5667 6.78
100 5668 6.78
100 5669 6.78
100 5670 6.78
100 5671 6.78
100 5672 6.78
100 5673 6.78
100 5674 6.78
100 5675 6.78
100 5676 6.78
100 5677 6.78
100 5678 6.78
100 5679 6.78
100 5680 6.78
100 5681 6.78
100 5682 6.78
100 5683 6.78
101 5684 6.78
101 5685 6.78
101 5686 6.78
101 5687 6.78
101 5688 6.78
101 5689 6.78
101 5690 6.78
101 5691 6.78
101 5692 6.78
101 5693 6.78
101 5694 6.78
101 5695 6.78
101 5696 6.78
101 5697 6.78
101 5698 6.78
101 5699 6.78
101 5700 6.78
101 5701 6.78
101 5702 6.78
101 5703 6.78
101 5704 6.78
101 5705 6.78
101 5706 6.78
101 5707 6.78
101 5708 6.78
101 5709 6.78
101 5710 6.78
101 5711 6.78
101 5712 6.78
101 5713 6.78
101 5714 6.78
101 5715 6.78
101 5716 6.78
101 5717 6.78
101 5718 6.78
101 5719 6.78
101 5720 6.78
101 5721 6.78
101 5722 6.78
101 5723 6.78
101 5724 6.78
101 5725 6.78
101 5726 6.78
101 5727 6.78
101 5728 6.78
101 5729 6.78
101 5730 6.78
101 5731 6.78
101 5732 6.78
101 5733 6.78
101 5734 6.78
101 5735 6.78
101 5736 6.78
101 5737 6.78
101 5738 6.78
101 5739 6.78
101 5740 6.78
102 5741 6.78
102 5742 6.78
102 5743 6.78
102 5744 6.78
102 5745 6.78
102 5746 6.78
102 5747 6.78
102 5748 6.78
102 5749 6.78
102 5750 6.78
102 5751 6.78
102 5752 6.78
102 5753 6.78
102 5754 6.78
102 5755 6.78
102 5756 6.78
102 5757 6.78
102 5758 6.78
102 5759 6.78
102 5760 6.78
102 5761 6.78
102 5762 6.78
102 5763 6.78
102 5764 6.78
102 5765 6.78
102 5766 6.78
102 5767 6.78
102 5768 6.78
102 5769 6.78
102 5770 6.78
102 5771 6.78
102 5772 6.78
102 5773 6.78
102 5774 6.78
102 5775 6.78
102 5776 6.78
102 5777 6.78
102 5778 6.78
102 5779 6.78
102 5780 6.78
102 5781 6.78
102 5782 6.78
102 5783 6.78
102 5784 6.78
102 5785 6.78
102 5786 6.78
102 5787 6.78
102 5788 6.78
102 5789 6.78
102 5790 6.78
102 5791 6.78
102 5792 6.78
102 5793 6.78
102 5794 6.78
102 5795 6.78
103 5796 6.78
103 5797 6.78
103 5798 6.78
103 5799 6.78
103 5800 6.78
103 5801 6.78
103 5802 6.78
103 5803 6.78
103 5804 6.78
103 5805 6.78
103 5806 6.78
103 5807 6.78
103 5808 6.78
103 5809 6.78
103 5810 6.78
103 5811 6.78
103 5812 6.78
103 5813 6.78
103 5814 6.78
103 5815 6.78
103 5816 6.78
103 5817 6.78
103 5818 6.78
103 5819 6.78
103 5820 6.78
103 5821 6.78
103 5822 6.78
103 5823 6.78
103 5824 6.78
103 5825 6.78
103 5826 6.78
103 5827 6.78
103 5828 6.78
103 5829 6.78
103 5830 6.78
103 5831 6.78
103 5832 6.78
103 5833 6.78
103 5834 6.78
103 5835 6.78
103 5836 6.78
103 5837 6.78
103 5838 6.78
103 5839 6.78
103 5840 6.78
103 5841 6.78
103 5842 6.78
103 5843 6.78
103 5844 6.78
103 5845 6.78
103 5846 6.78
103 5847 6.78
103 5848 6.78
103 5849 6.78
103 5850 6.78
103 5851 6.78
103 5852 6.78
103 5853 6.78
103 5854 6.78
103 5855 6.78
104 5856 6.78
104 5857 6.78
104 5858 6.78
104 5859 6.78
104 5860 6.78
104 5861 6.78
104 5862 6.78
104 5863 6.78
104 5864 6.78
104 5865 6.78
104 5866 6.78
104 5867 6.78
104 5868 6.78
104 5869 6.78
104 5870 6.78
104 5871 6.78
104 5872 6.78
104 5873 6.78
104 5874 6.78
104 5875 6.78
104 5876 6.78
104 5877 6.78
104 5878 6.78
104 5879 6.78
104 5880 6.78
104 5881 6.78
104 5882 6.78
104 5883 6.78
104 5884 6.78
104 5885 6.78
104 5886 6.78
104 5887 6.78
104 5888 6.78
104 5889 6.78
104 5890 6.78
104 5891 6.78
104 5892 6.78
104 5893 6.78
104 5894 6.78
104 5895 6.78
104 5896 6.78
104 5897 6.78
104 5898 6.78
104 5899 6.78
104 5900 6.78
104 5901 6.78
104 5902 6.78
104 5903 6.78
104 5904 6.78
104 5905 6.78
104 5906 6.78
104 5907 6.78
104 5908 6.78
104 5909 6.78
104 5910 6.78
104 5911 6.78
104 5912 6.78
105 5913 6.78
105 5914 6.78
105 5915 6.78
105 5916 6.78
105 5917 6.78
105 5918 6.78
105 5919 6.78
105 5920 6.78
105 5921 6.78
105 5922 6.78
105 5923 6.78
105 5924 6.78
105 5925 6.78
105 5926 6.78
105 5927 6.78
105 5928 6.78
105 5929 6.78
105 5930 6.78
105 5931 6.78
105 5932 6.78
105 5933 6.78
105 5934 6.78
105 5935 6.78
105 5936 6.78
105 5937 6.78
105 5938 6.78
105 5939 6.78
105 5940 6.78
105 5941 6.78
105 5942 6.78
105 5943 6.78
105 5944 6.78
105 5945 6.78
105 5946 6.78
105 5947 6.78
105 5948 6.78
105 5949 6.78
105 5950 6.78
105 5951 6.78
105 5952 6.78
105 5953 6.78
105 5954 6.78
105 5955 6.78
105 5956 6.78
105 5957 6.78
105 5958 6.78
105 5959 6.78
105 5960 6.78
105 5961 6.78
105 5962 6.78
105 5963 6.78
105 5964 6.78
105 5965 6.78
105 5966 6.78
105 5967 6.78
105 5968 6.78
106 5969 6.78
106 5970 6.78
106 5971 6.78
106 5972 6.78
106 5973 6.78
106 5974 6.78
106 5975 6.78
106 5976 6.78
106 5977 6.78
106 5978 6.78
106 5979 6.78
106 5980 6.78
106 5981 6.78
106 5982 6.78
106 5983 6.78
106 5984 6.78
106 5985 6.78
106 5986 6.78
106 5987 6.78
106 5988 6.78
106 5989 6.78
106 5990 6.78
106 5991 6.78
106 5992 6.78
106 5993 6.78
106 5994 6.78
106 5995 6.78
106 5996 6.78
106 5997 6.78
106 5998 6.78
106 5999 6.78
106 6000 6.78
106 6001 6.78
106 6002 6.78
106 6003 6.78
106 6004 6.78
106 6005 6.78
106 6006 6.78
106 6007 6.78
106 6008 6.78
106 6009 6.78
106 6010 6.78
106 6011 6.78
106 6012 6.78
106 6013 6.78
106 6014 6.78
106 6015 6.78
106 6016 6.78
106 6017 6.78
106 6018 6.78
106 6019 6.78
106 6020 6.78
106 6021 6.78
106 6022 6.78
106 6023 6.78
106 6024 6.78
106 6025 6.78
106 6026 6.78
106 6027 6.78
106 6028 6.78
107 6029 6.78
107 6030 6.78
107 6031 6.78
107 6032 6.78
107 6033 6.78
107 6034 6.78
107 6035 6.78
107 6036 6.78
107 6037 6.78
107 6038 6.78
107 6039 6.78
107 6040 6.78
107 6041 6.78
107 6042 6.78
107 6043 6.78
107 6044 6.78
107 6045 6.78
107 6046 6.78
107 6047 6.78
107 6048 6.78
107 6049 6.78
107 6050 6.78
107 6051 6.78
107 6052 6.78
107 6053 6.78
107 6054 6.78
107 6055 6.78
107 6056 6.78
107 6057 6.78
107 6058 6.78
107 6059 6.78
107 6060 6.78
107 6061 6.78
107 6062 6.78
107 6063 6.78
107 6064 6.78
107 6065 6.78
107 6066 6.78
107 6067 6.78
107 6068 6.78
107 6069 6.78
107 6070 6.78
107 6071 6.78
107 6072 6.78
107 6073 6.78
107 6074 6.78
107 6075 6.78
107 6076 6.78
107 6077 6.78
107 6078 6.78
107 6079 6.78
107 6080 6.78
107 6081 6.78
107 6082 6.78
107 6083 6.78
107 6084 6.78
107 6085 6.78
107 6086 6.78
107 6087 6.78
108 6088 6.78
108 6089 6.78
108 6090 6.78
108 6091 6.78
108 6092 6.78
108 6093 6.78
108 6094 6.78
108 6095 6.78
108 6096 6.78
108 6097 6.78
108 6098 6.78
108 6099 6.78
108 6100 6.78
108 6101 6.78
108 6102 6.78
108 6103 6.78
108 6104 6.78
108 6105 6.78
108 6106 6.78
108 6107 6.78
108 6108 6.78
108 6109 6.78
108 6110 6.78
108 6111 6.78
108 6112 6.78
108 6113 6.78
108 6114 6.78
108 6115 6.78
108 6116 6.78
108 6117 6.78
108 6118 6.78
108 6119 6.78
108 6120 6.78
108 6121 6.78
108 6122 6.78
108 6123 6.78
108 6124 6.78
108 6125 6.78
108 6126 6.78
108 6127 6.78
108 6128 6.78
108 6129 6.78
108 6130 6.78
108 6131 6.78
108 6132 6.78
108 6133 6.78
108 6134 6.78
108 6135 6.78
108 6136 6.78
108 6137 6.78
108 6138 6.78
108 6139 6.78
108 6140 6.78
108 6141 6.78
108 6142 6.78
108 6143 6.78
109 6144 6.78
109 6145 6.78
109 6146 6.78
109 6147 6.78
109 6148 6.78
109 6149 6.78
109 6150 6.78
109 6151 6.78
109 6152 6.78
109 6153 6.78
109 6154 6.78
109 6155 6.78
109 6156 6.78
109 6157 6.78
109 6158 6.78
109 6159 6.78
109 6160 6.78
109 6161 6.78
109 6162 6.78
109 6163 6.78
109 6164 6.78
109 6165 6.78
109 6166 6.78
109 6167 6.78
109 6168 6.78
109 6169 6.78
109 6170 6.78
109 6171 6.78
109 6172 6.78
109 6173 6.78
109 6174 6.78
109 6175 6.78
109 6176 6.78
109 6177 6.78
109 6178 6.78
109 6179 6.78
109 6180 6.78
109 6181 6.78
109 6182 6.78
109 6183 6.78
109 6184 6.78
109 6185 6.78
109 6186 6.78
109 6187 6.78
109 6188 6.78
109 6189 6.78
109 6190 6.78
109 6191 6.78
109 6192 6.78
109 6193 6.78
109 6194 6.78
109 6195 6.78
109 6196 6.78
109 6197 6.78
109 6198 6.78
109 6199 6.78
109 6200 6.78
110 6201 6.78
110 6202 6.78
110 6203 6.78
110 6204 6.78
110 6205 6.78
110 6206 6.78
110 6207 6.78
110 6208 6.78
110 6209 6.78
110 6210 6.78
110 6211 6.78
110 6212 6.78
110 6213 6.78
110 6214 6.78
110 6215 6.78
110 6216 6.78
110 6217 6.78
110 6218 6.78
110 6219 6.78
110 6220 6.78
110 6221 6.78
110 6222 6.78
110 6223 6.78
110 6224 6.78
110 6225 6.78
110 6226 6.78
110 6227 6.78
110 6228 6.78
110 6229 6.78
110 6230 6.78
110 6231 6.78
110 6232 6.78
110 6233 6.78
110 6234 6.78
110 6235 6.78
110 6236 6.78
110 6237 6.78
110 6238 6.78
110 6239 6.78
110 6240 6.78
110 6241 6.78
110 6242 6.78
110 6243 6.78
110 6244 6.78
110 6245 6.78
110 6246 6.78
110 6247 6.78
110 6248 6.78
110 6249 6.78
110 6250 6.78
110 6251 6.78
110 6252 6.78
110 6253 6.78
110 6254 6.78
110 6255 6.78
110 6256 6.78
110 6257 6.78
110 6258 6.78
111 6259 6.78
111 6260 6.78
111 6261 6.78
111 6262 6.78
111 6263 6.78
111 6264 6.78
111 6265 6.78
111 6266 6.78
111 6267 6.78
111 6268 6.78
111 6269 6.78
111 6270 6.78
111 6271 6.78
111 6272 6.78
111 6273 6.78
111 6274 6.78
111 6275 6.78
111 6276 6.78
111 6277 6.78
111 6278 6.78
111 6279 6.78
111 6280 6.78
111 6281 6.78
111 6282 6.78
111 6283 6.78
111 6284 6.78
111 6285 6.78
111 6286 6.78
111 6287 6.78
111 6288 6.78
111 6289 6.78
111 6290 6.78
111 6291 6.78
111 6292 6.78
111 6293 6.78
111 6294 6.78
111 6295 6.78
111 6296 6.78
111 6297 6.78
111 6298 6.78
111 6299 6.78
111 6300 6.78
111 6301 6.78
111 6302 6.78
111 6303 6.78
111 6304 6.78
111 6305 6.78
111 6306 6.78
111 6307 6.78
111 6308 6.78
111 6309 6.78
111 6310 6.78
111 6311 6.78
111 6312 6.78
111 6313 6.78
112 6314 6.78
112 6315 6.78
112 6316 6.78
112 6317 6.78
112 6318 6.78
112 6319 6.78
112 6320 6.78
112 6321 6.78
112 6322 6.78
112 6323 6.78
112 6324 6.78
112 6325 6.78
112 6326 6.78
112 6327 6.78
112 6328 6.78
112 6329 6.78
112 6330 6.78
112 6331 6.78
112 6332 6.78
112 6333 6.78
112 6334 6.78
112 6335 6.78
112 6336 6.78
112 6337 6.78
112 6338 6.78
112 6339 6.78
112 6340 6.78
112 6341 6.78
112 6342 6.78
112 6343 6.78
112 6344 6.78
112 6345 6.78
112 6346 6.78
112 6347 6.78
112 6348 6.78
112 6349 6.78
112 6350 6.78
112 6351 6.78
112 6352 6.78
112 6353 6.78
112 6354 6.78
112 6355 6.78
112 6356 6.78
112 6357 6.78
112 6358 6.78
112 6359 6.78
112 6360 6.78
112 6361 6.78
112 6362 6.78
112 6363 6.78
112 6364 6.78
112 6365 6.78
112 6366 6.78
112 6367 6.78
112 6368 6.78
112 6369 6.78
113 6370 6.78
113 6371 6.78
113 6372 6.78
113 6373 6.78
113 6374 6.78
113 6375 6.78
113 6376 6.78
113 6377 6.78
113 6378 6.78
113 6379 6.78
113 6380 6.78
113 6381 6.78
113 6382 6.78
113 6383 6.78
113 6384 6.78
113 6385 6.78
113 6386 6.78
113 6387 6.78
113 6388 6.78
113 6389 6.78
113 6390 6.78
113 6391 6.78
113 6392 6.78
113 6393 6.78
113 6394 6.78
113 6395 6.78
113 6396 6.78
113 6397 6.78
113 6398 6.78
113 6399 6.78
113 6400 6.78
113 6401 6.78
113 6402 6.78
113 6403 6.78
113 6404 6.78
113 6405 6.78
113 6406 6.78
113 6407 6.78
113 6408 6.78
113 6409 6.78
113 6410 6.78
113 6411 6.78
113 6412 6.78
113 6413 6.78
113 6414 6.78
113 6415 6.78
113 6416 6.78
114 6417 6.78
114 6418 6.78
114 6419 6.78
114 6420 6.78
114 6421 6.78
114 6422 6.78
114 6423 6.78
114 6424 6.78
114 6425 6.78
114 6426 6.78
114 6427 6.78
114 6428 6.78
114 6429 6.78
114 6430 6.78
114 6431 6.78
114 6432 6.78
114 6433 6.78
114 6434 6.78
114 6435 6.78
114 6436 6.78
114 6437 6.78
114 6438 6.78
114 6439 6.78
114 6440 6.78
114 6441 6.78
114 6442 6.78
114 6443 6.78
114 6444 6.78
114 6445 6.78
114 6446 6.78
114 6447 6.78
114 6448 6.78
114 6449 6.78
114 6450 6.78
114 6451 6.78
114 6452 6.78
114 6453 6.78
114 6454 6.78
114 6455 6.78
114 6456 6.78
114 6457 6.78
114 6458 6.78
114 6459 6.78
114 6460 6.78
114 6461 6.78
114 6462 6.78
114 6463 6.78
114 6464 6.78
114 6465 6.78
114 6466 6.78
114 6467 6.78
114 6468 6.78
114 6469 6.78
114 6470 6.78
115 6471 6.78
115 6472 6.78
115 6473 6.78
115 6474 6.78
115 6475 6.78
115 6476 6.78
115 6477 6.78
115 6478 6.78
115 6479 6.78
115 6480 6.78
115 6481 6.78
115 6482 6.78
115 6483 6.78
115 6484 6.78
115 6485 6.78
115 6486 6.78
115 6487 6.78
115 6488 6.78
115 6489 6.78
115 6490 6.78
115 6491 6.78
115 6492 6.78
115 6493 6.78
115 6494 6.78
115 6495 6.78
115 6496 6.78
115 6497 6.78
115 6498 6.78
115 6499 6.78
115 6500 6.78
115 6501 6.78
115 6502 6.78
115 6503 6.78
115 6504 6.78
115 6505 6.78
115 6506 6.78
115 6507 6.78
115 6508 6.78
115 6509 6.78
115 6510 6.78
115 6511 6.78
115 6512 6.78
115 6513 6.78
115 6514 6.78
115 6515 6.78
115 6516 6.78
115 6517 6.78
115 6518 6.78
115 6519 6.78
115 6520 6.78
115 6521 6.78
115 6522 6.78
115 6523 6.78
116 6524 6.78
116 6525 6.78
116 6526 6.78
116 6527 6.78
116 6528 6.78
116 6529 6.78
116 6530 6.78
116 6531 6.78
116 6532 6.78
116 6533 6.78
116 6534 6.78
116 6535 6.78
116 6536 6.78
116 6537 6.78
116 6538 6.78
116 6539 6.78
116 6540 6.78
116 6541 6.78
116 6542 6.78
116 6543 6.78
116 6544 6.78
116 6545 6.78
116 6546 6.78
116 6547 6.78
116 6548 6.78
116 6549 6.78
116 6550 6.78
116 6551 6.78
116 6552 6.78
116 6553 6.78
116 6554 6.78
116 6555 6.78
116 6556 6.78
116 6557 6.78
116 6558 6.78
116 6559 6.78
116 6560 6.78
116 6561 6.78
116 6562 6.78
116 6563 6.78
116 6564 6.78
116 6565 6.78
116 6566 6.78
116 6567 6.78
116 6568 6.78
116 6569 6.78
116 6570 6.78
116 6571 6.78
116 6572 6.78
116 6573 6.78
116 6574 6.78
116 6575 6.78
116 6576 6.78
116 6577 6.78
116 6578 6.78
116 6579 6.78
117 6580 6.78
117 6581 6.78
117 6582 6.78
117 6583 6.78
117 6584 6.78
117 6585 6.78
117 6586 6.78
117 6587 6.78
117 6588 6.78
117 6589 6.78
117 6590 6.78
117 6591 6.78
117 6592 6.78
117 6593 6.78
117 6594 6.78
117 6595 6.78
117 6596 6.78
117 6597 6.78
117 6598 6.78
117 6599 6.78
117 6600 6.78
117 6601 6.78
117 6602 6.78
117 6603 6.78
117 6604 6.78
117 6605 6.78
117 6606 6.78
117 6607 6.78
117 6608 6.78
117 6609 6.78
117 6610 6.78
117 6611 6.78
117 6612 6.78
117 6613 6.78
117 6614 6.78
117 6615 6.78
117 6616 6.78
117 6617 6.78
117 6618 6.78
117 6619 6.78
117 6620 6.78
117 6621 6.78
117 6622 6.78
117 6623 6.78
118 6624 6.78
118 6625 6.78
118 6626 6.78
118 6627 6.78
118 6628 6.78
118 6629 6.78
118 6630 6.78
118 6631 6.78
118 6632 6.78
118 6633 6.78
118 6634 6.78
118 6635 6.78
118 6636 6.78
118 6637 6.78
118 6638 6.78
118 6639 6.78
118 6640 6.78
118 6641 6.78
118 6642 6.78
118 6643 6.78
118 6644 6.78
118 6645 6.78
118 6646 6.78
118 6647 6.78
118 6648 6.78
118 6649 6.78
118 6650 6.78
118 6651 6.78
118 6652 6.78
118 6653 6.78
118 6654 6.78
118 6655 6.78
118 6656 6.78
118 6657 6.78
118 6658 6.78
118 6659 6.78
118 6660 6.78
118 6661 6.78
118 6662 6.78
118 6663 6.78
118 6664 6.78
118 6665 6.78
118 6666 6.78
118 6667 6.78
118 6668 6.78
118 6669 6.78
118 6670 6.78
118 6671 6.78
118 6672 6.78
118 6673 6.78
118 6674 6.78
118 6675 6.78
118 6676 6.78
118 6677 6.78
118 6678 6.78
118 6679 6.78
118 6680 6.78
118 6681 6.78
119 6682 6.78
119 6683 6.78
119 6684 6.78
119 6685 6.78
119 6686 6.78
119 6687 6.78
119 6688 6.78
119 6689 6.78
119 6690 6.78
119 6691 6.78
119 6692 6.78
119 6693 6.78
119 6694 6.78
119 6695 6.78
119 6696 6.78
119 6697 6.78
119 6698 6.78
119 6699 6.78
119 6700 6.78
119 6701 6.78
119 6702 6.78
119 6703 6.78
119 6704 6.78
119 6705 6.78
119 6706 6.78
119 6707 6.78
119 6708 6.78
119 6709 6.78
119 6710 6.78
119 6711 6.78
119 6712 6.78
119 6713 6.78
119 6714 6.78
119 6715 6.78
119 6716 6.78
119 6717 6.78
119 6718 6.78
119 6719 6.78
119 6720 6.78
119 6721 6.78
119 6722 6.78
119 6723 6.78
119 6724 6.78
119 6725 6.78
119 6726 6.78
119 6727 6.78
119 6728 6.78
119 6729 6.78
119 6730 6.78
119 6731 6.78
119 6732 6.78
119 6733 6.78
119 6734 6.78
119 6735 6.78
119 6736 6.78
119 6737 6.78
119 6738 6.78
120 6739 6.78
120 6740 6.78
120 6741 6.78
120 6742 6.78
120 6743 6.78
120 6744 6.78
120 6745 6.78
120 6746 6.78
120 6747 6.78
120 6748 6.78
120 6749 6.78
120 6750 6.78
120 6751 6.78
120 6752 6.78
120 6753 6.78
120 6754 6.78
120 6755 6.78
120 6756 6.78
120 6757 6.78
120 6758 6.78
120 6759 6.78
120 6760 6.78
120 6761 6.78
120 6762 6.78
120 6763 6.78
120 6764 6.78
120 6765 6.78
120 6766 6.78
120 6767 6.78
120 6768 6.78
120 6769 6.78
120 6770 6.78
120 6771 6.78
120 6772 6.78
120 6773 6.78
120 6774 6.78
120 6775 6.78
120 6776 6.78
120 6777 6.78
120 6778 6.78
120 6779 6.78
120 6780 6.78
120 6781 6.78
120 6782 6.78
120 6783 6.78
120 6784 6.78
120 6785 6.78
120 6786 6.78
120 6787 6.78
120 6788 6.78
120 6789 6.78
120 6790 6.78
120 6791 6.78
120 6792 6.78
120 6793 6.78
120 6794 6.78
120 6795 6.78
121 6796 6.78
