0 1 99.02999999999999
1 2 86.75
1 3 86.75
1 4 86.75
1 5 84.75
1 6 84.75
1 7 82.19
1 8 82.19
1 9 80.78999999999999
1 10 80.42999999999999
1 11 78.22999999999999
1 12 71.97999999999999
1 13 71.97999999999999
1 14 71.66
1 15 70.04000000000002
1 16 68.78
1 17 68.62
1 18 66.84
1 19 65.86000000000001
1 20 65.86000000000001
1 21 63.76000000000001
1 22 63.190000000000005
1 23 63.190000000000005
1 24 63.17000000000001
1 25 61.910000000000004
1 26 61.21000000000001
1 27 59.46
1 28 59.46
1 29 58.82
1 30 58.18
1 31 57.86
1 32 57.82
1 33 57.77
1 34 57.66
1 35 57.370000000000005
1 36 57.17
1 37 56.730000000000004
1 38 56.57000000000001
1 39 55.98
1 40 55.98
1 41 55.339999999999996
1 42 55.339999999999996
1 43 55.06
1 44 55.06
1 45 54.900000000000006
1 46 54.900000000000006
1 47 52.34
1 48 52.34
1 49 52.300000000000004
1 50 51.64
2 51 51.64
2 52 50.64
2 53 50.64
2 54 50.0
2 55 50.0
2 56 50.0
2 57 50.0
2 58 49.84
2 59 49.84
2 60 49.42
2 61 49.4
2 62 49.26
2 63 49.14
2 64 47.339999999999996
2 65 47.339999999999996
2 66 47.02
2 67 46.53999999999999
2 68 46.53999999999999
2 69 46.49999999999999
2 70 46.22
2 71 46.21999999999999
2 72 45.88999999999999
2 73 45.739999999999995
2 74 45.56999999999999
2 75 45.56999999999999
2 76 45.41
2 77 45.24999999999999
2 78 45.24999999999999
2 79 45.209999999999994
2 80 45.209999999999994
2 81 44.88999999999999
2 82 44.88999999999999
2 83 44.849999999999994
2 84 44.11
2 85 44.11
2 86 43.79
2 87 43.709999999999994
2 88 43.709999999999994
2 89 43.699999999999996
2 90 42.949999999999996
2 91 42.949999999999996
2 92 42.91
2 93 42.88999999999999
2 94 42.589999999999996
2 95 41.949999999999996
2 96 41.949999999999996
2 97 41.949999999999996
2 98 41.94
2 99 41.42999999999999
2 100 41.10999999999999
2 101 41.10999999999999
2 102 40.78999999999999
2 103 40.78999999999999
2 104 39.49999999999999
2 105 39.49999999999999
2 106 39.339999999999996
2 107 39.339999999999996
3 108 39.339999999999996
3 109 39.26
3 110 39.26
3 111 39.26
3 112 39.1
3 113 39.1
3 114 38.989999999999995
3 115 38.83
3 116 38.83
3 117 38.65
3 118 38.65
3 119 38.63999999999999
3 120 38.63999999999999
3 121 38.599999999999994
3 122 38.599999999999994
3 123 38.309999999999995
3 124 38.309999999999995
3 125 38.269999999999996
3 126 38.269999999999996
3 127 38.24999999999999
3 128 38.24999999999999
3 129 38.089999999999996
3 130 38.089999999999996
3 131 37.93
3 132 37.93
3 133 37.92
3 134 37.92
3 135 37.85
3 136 37.85
3 137 37.85
3 138 37.85
3 139 37.81
3 140 37.67
3 141 37.57
3 142 37.41
3 143 37.39
3 144 37.39
3 145 37.37
3 146 37.31
3 147 37.31
3 148 37.290000000000006
3 149 37.25000000000001
3 150 37.25000000000001
3 151 35.68
3 152 35.68
3 153 35.52
4 154 35.52
4 155 33.949999999999996
4 156 33.949999999999996
4 157 33.79
4 158 33.79
4 159 32.79
4 160 32.79
4 161 32.79
4 162 32.79
4 163 32.75
4 164 31.509999999999998
4 165 31.5
4 166 31.47
4 167 31.47
4 168 31.43
4 169 31.43
4 170 31.43
4 171 31.39
4 172 30.41
4 173 30.41
4 174 30.41
4 175 30.25
4 176 30.25
4 177 30.25
4 178 30.25
4 179 30.21
4 180 30.21
4 181 30.2
4 182 29.85
4 183 29.85
4 184 29.84
4 185 29.84
4 186 29.84
4 187 29.2
4 188 29.2
4 189 28.56
4 190 28.56
4 191 28.55
4 192 28.52
4 193 27.91
4 194 27.91
4 195 27.91
4 196 27.89
4 197 27.89
4 198 27.89
4 199 26.77
4 200 26.77
4 201 26.6
4 202 26.6
4 203 26.6
4 204 26.560000000000002
4 205 26.560000000000002
4 206 26.560000000000002
4 207 26.4
4 208 26.4
4 209 26.4
5 210 26.4
5 211 26.4
5 212 26.11
5 213 26.11
5 214 26.07
5 215 26.07
5 216 26.07
5 217 26.060000000000002
5 218 25.060000000000002
5 219 25.060000000000002
5 220 25.060000000000002
5 221 25.04
5 222 25.04
5 223 25.02
5 224 25.02
5 225 24.890000000000004
5 226 24.890000000000004
5 227 24.890000000000004
5 228 24.87
5 229 23.610000000000003
5 230 23.610000000000003
5 231 23.610000000000003
5 232 23.610000000000003
5 233 22.970000000000002
5 234 22.970000000000002
5 235 22.950000000000003
5 236 22.940000000000005
5 237 22.940000000000005
5 238 22.940000000000005
5 239 22.940000000000005
5 240 21.660000000000004
5 241 21.660000000000004
5 242 21.64
5 243 21.080000000000002
5 244 21.080000000000002
5 245 21.080000000000002
5 246 21.080000000000002
5 247 21.080000000000002
5 248 21.060000000000002
5 249 21.060000000000002
5 250 19.8
5 251 19.78
5 252 19.78
5 253 19.48
5 254 19.48
5 255 19.48
5 256 19.48
5 257 19.46
5 258 19.46
5 259 19.46
5 260 19.46
5 261 19.46
5 262 19.46
5 263 19.46
6 264 19.42
6 265 19.42
6 266 19.42
6 267 19.400000000000002
6 268 19.400000000000002
6 269 19.400000000000002
6 270 19.400000000000002
6 271 19.380000000000003
6 272 19.380000000000003
6 273 19.380000000000003
6 274 19.380000000000003
6 275 19.380000000000003
6 276 19.380000000000003
6 277 19.380000000000003
6 278 17.38
6 279 17.38
6 280 17.38
6 281 17.38
6 282 16.099999999999998
6 283 16.099999999999998
6 284 16.099999999999998
6 285 16.099999999999998
6 286 14.82
6 287 14.82
6 288 14.8
6 289 14.8
6 290 14.8
6 291 14.780000000000001
6 292 14.780000000000001
6 293 14.780000000000001
6 294 14.780000000000001
6 295 14.760000000000002
6 296 14.760000000000002
6 297 12.219999999999999
6 298 12.219999999999999
6 299 11.899999999999999
6 300 11.899999999999999
6 301 11.899999999999999
6 302 11.899999999999999
6 303 11.899999999999999
6 304 11.899999999999999
6 305 11.899999999999999
6 306 11.899999999999999
6 307 11.899999999999999
6 308 11.899999999999999
6 309 11.899999999999999
6 310 11.899999999999999
6 311 11.899999999999999
6 312 11.899999999999999
6 313 11.899999999999999
6 314 11.899999999999999
6 315 11.899999999999999
6 316 11.899999999999999
6 317 11.899999999999999
6 318 11.899999999999999
6 319 11.899999999999999
6 320 11.899999999999999
6 321 11.899999999999999
7 322 11.899999999999999
7 323 11.899999999999999
7 324 11.899999999999999
7 325 11.899999999999999
7 326 11.899999999999999
7 327 10.579999999999998
7 328 10.579999999999998
7 329 10.579999999999998
7 330 10.579999999999998
7 331 9.3
7 332 9.3
7 333 9.3
7 334 9.3
7 335 9.3
7 336 9.3
7 337 9.3
7 338 9.3
7 339 9.3
7 340 8.02
7 341 8.02
7 342 8.02
7 343 8.02
7 344 8.02
7 345 8.02
7 346 8.02
7 347 8.02
7 348 8.02
7 349 8.02
7 350 8.02
7 351 8.02
7 352 8.02
7 353 8.02
7 354 8.0
7 355 8.0
7 356 6.74
7 357 6.74
7 358 6.74
7 359 6.74
7 360 6.74
7 361 6.74
7 362 6.74
7 363 6.74
7 364 6.74
7 365 6.74
7 366 6.74
7 367 6.74
7 368 6.74
7 369 6.74
7 370 6.74
7 371 6.720000000000001
7 372 6.720000000000001
7 373 6.720000000000001
7 374 6.720000000000001
7 375 6.720000000000001
7 376 6.720000000000001
7 377 6.720000000000001
7 378 6.720000000000001
8 379 6.720000000000001
8 380 6.720000000000001
8 381 6.720000000000001
8 382 6.720000000000001
8 383 6.720000000000001
8 384 6.720000000000001
8 385 5.44
8 386 5.44
8 387 5.44
8 388 5.44
8 389 5.44
8 390 5.44
8 391 5.44
8 392 5.44
8 393 5.44
8 394 5.44
8 395 5.44
8 396 5.44
8 397 5.44
8 398 5.44
8 399 5.44
8 400 5.44
8 401 5.44
8 402 5.44
8 403 5.44
8 404 5.44
8 405 5.44
8 406 5.44
8 407 5.44
8 408 5.44
8 409 5.44
8 410 5.44
8 411 5.44
8 412 5.44
8 413 5.44
8 414 5.44
8 415 5.44
8 416 5.44
8 417 5.44
8 418 5.44
8 419 5.44
8 420 5.44
8 421 5.44
8 422 5.44
8 423 5.44
8 424 5.44
8 425 5.44
8 426 5.44
8 427 5.44
8 428 5.44
8 429 5.44
8 430 5.44
8 431 5.44
8 432 5.44
8 433 5.44
8 434 5.44
8 435 5.44
9 436 5.44
9 437 5.44
9 438 5.44
9 439 5.44
9 440 5.44
9 441 5.44
9 442 5.44
9 443 5.44
9 444 5.44
9 445 5.44
9 446 5.44
9 447 5.44
9 448 5.44
9 449 5.44
9 450 5.44
9 451 5.44
9 452 5.44
9 453 5.44
9 454 5.44
9 455 5.44
9 456 5.44
9 457 5.44
9 458 5.44
9 459 5.44
9 460 5.44
9 461 5.44
9 462 5.44
9 463 5.44
9 464 5.44
9 465 5.44
9 466 5.44
9 467 5.44
9 468 5.44
9 469 5.44
9 470 5.44
9 471 5.44
9 472 5.44
9 473 5.44
9 474 5.44
9 475 5.44
9 476 5.44
9 477 5.44
9 478 5.44
9 479 5.44
9 480 5.44
9 481 5.44
9 482 5.44
9 483 5.44
9 484 5.44
9 485 5.44
9 486 5.44
10 487 5.44
10 488 5.44
10 489 5.44
10 490 5.44
10 491 5.44
10 492 5.44
10 493 5.44
10 494 5.44
10 495 5.44
10 496 5.44
10 497 5.44
10 498 5.44
10 499 5.44
10 500 5.44
10 501 5.44
10 502 5.44
10 503 5.44
10 504 5.44
10 505 5.44
10 506 5.44
10 507 5.44
10 508 5.44
10 509 5.44
10 510 5.44
10 511 5.44
10 512 5.44
10 513 5.44
10 514 5.44
10 515 5.44
10 516 5.44
10 517 5.44
10 518 5.44
10 519 5.44
10 520 5.44
10 521 5.44
10 522 5.44
10 523 5.44
10 524 5.44
10 525 5.44
10 526 5.44
10 527 5.44
10 528 5.44
10 529 5.44
10 530 5.44
10 531 5.44
10 532 5.44
10 533 5.44
10 534 5.44
10 535 5.44
10 536 5.44
10 537 5.44
10 538 5.44
10 539 5.44
10 540 5.44
10 541 5.44
10 542 5.44
11 543 5.44
11 544 5.44
11 545 5.44
11 546 5.44
11 547 5.44
11 548 5.44
11 549 5.44
11 550 5.44
11 551 5.44
11 552 5.44
11 553 5.44
11 554 5.44
11 555 5.44
11 556 5.44
11 557 5.44
11 558 5.44
11 559 5.44
11 560 5.44
11 561 5.44
11 562 5.44
11 563 5.44
11 564 5.44
11 565 5.44
11 566 5.44
11 567 5.44
11 568 5.44
11 569 5.44
11 570 5.44
11 571 5.44
11 572 5.44
11 573 5.44
11 574 5.44
11 575 5.44
11 576 5.44
11 577 5.44
11 578 5.44
11 579 5.44
11 580 5.44
11 581 5.44
11 582 5.44
11 583 5.44
11 584 5.44
11 585 5.44
11 586 5.44
11 587 5.44
11 588 5.44
11 589 5.44
11 590 5.44
11 591 5.44
11 592 5.44
11 593 5.44
11 594 5.44
11 595 5.44
11 596 5.44
11 597 5.44
11 598 5.44
12 599 5.44
12 600 5.44
12 601 5.44
12 602 5.44
12 603 5.44
12 604 5.44
12 605 5.44
12 606 5.44
12 607 5.44
12 608 5.44
12 609 5.44
12 610 5.44
12 611 5.44
12 612 5.44
12 613 5.44
12 614 5.44
12 615 5.44
12 616 5.44
12 617 5.44
12 618 5.44
12 619 5.44
12 620 5.44
12 621 5.44
12 622 5.44
12 623 5.44
12 624 5.44
12 625 5.44
12 626 5.44
12 627 5.44
12 628 5.44
12 629 5.44
12 630 5.44
12 631 5.44
12 632 5.44
12 633 5.44
12 634 5.44
12 635 5.44
12 636 5.44
12 637 5.44
12 638 5.44
12 639 5.44
12 640 5.44
12 641 5.44
12 642 5.44
12 643 5.44
12 644 5.44
12 645 5.44
12 646 5.44
12 647 5.44
12 648 5.44
12 649 5.44
12 650 5.44
12 651 5.44
12 652 5.44
12 653 5.44
12 654 5.44
12 655 5.44
12 656 5.44
13 657 5.44
13 658 5.44
13 659 5.44
13 660 5.44
13 661 5.44
13 662 5.44
13 663 5.44
13 664 5.44
13 665 5.44
13 666 5.44
13 667 5.44
13 668 5.44
13 669 5.44
13 670 5.44
13 671 5.44
13 672 5.44
13 673 5.44
13 674 5.44
13 675 5.44
13 676 5.44
13 677 5.44
13 678 5.44
13 679 5.44
13 680 5.44
13 681 5.44
13 682 5.44
13 683 5.44
13 684 5.44
13 685 5.44
13 686 5.44
13 687 5.44
13 688 5.44
13 689 5.44
13 690 5.44
13 691 5.44
13 692 5.44
13 693 5.44
13 694 5.44
13 695 5.44
13 696 5.44
13 697 5.44
13 698 5.44
13 699 5.44
13 700 5.44
13 701 5.44
13 702 5.44
13 703 5.44
13 704 5.44
13 705 5.44
13 706 5.44
13 707 5.44
13 708 5.44
13 709 5.44
13 710 5.44
13 711 5.44
14 712 5.44
14 713 5.44
14 714 5.44
14 715 5.44
14 716 5.44
14 717 5.44
14 718 5.44
14 719 5.44
14 720 5.44
14 721 5.44
14 722 5.44
14 723 5.44
14 724 5.44
14 725 5.44
14 726 5.44
14 727 5.44
14 728 5.44
14 729 5.44
14 730 5.44
14 731 5.44
14 732 5.44
14 733 5.44
14 734 5.44
14 735 5.44
14 736 5.44
14 737 5.44
14 738 5.44
14 739 5.44
14 740 5.44
14 741 5.44
14 742 5.44
14 743 5.44
14 744 5.44
14 745 5.44
14 746 5.44
14 747 5.44
14 748 5.44
14 749 5.44
14 750 5.44
14 751 5.44
14 752 5.44
14 753 5.44
14 754 5.44
14 755 5.44
14 756 5.44
14 757 5.44
14 758 5.44
14 759 5.44
14 760 5.44
14 761 5.44
14 762 5.44
14 763 5.44
14 764 5.44
14 765 5.44
14 766 5.44
14 767 5.44
14 768 5.44
14 769 5.44
14 770 5.44
15 771 5.44
15 772 5.44
15 773 5.44
15 774 5.44
15 775 5.44
15 776 5.44
15 777 5.44
15 778 5.44
15 779 5.44
15 780 5.44
15 781 5.44
15 782 5.44
15 783 5.44
15 784 5.44
15 785 5.44
15 786 5.44
15 787 5.44
15 788 5.44
15 789 5.44
15 790 5.44
15 791 5.44
15 792 5.44
15 793 5.44
15 794 5.44
15 795 5.44
15 796 5.44
15 797 5.44
15 798 5.44
15 799 5.44
15 800 5.44
15 801 5.44
15 802 5.44
15 803 5.44
15 804 5.44
15 805 5.44
15 806 5.44
15 807 5.44
15 808 5.44
15 809 5.44
15 810 5.44
15 811 5.44
15 812 5.44
15 813 5.44
15 814 5.44
15 815 5.44
15 816 5.44
15 817 5.44
15 818 5.44
15 819 5.44
15 820 5.44
15 821 5.44
15 822 5.44
15 823 5.44
15 824 5.44
15 825 5.44
15 826 5.44
16 827 5.44
16 828 5.44
16 829 5.44
16 830 5.44
16 831 5.44
16 832 5.44
16 833 5.44
16 834 5.44
16 835 5.44
16 836 5.44
16 837 5.44
16 838 5.44
16 839 5.44
16 840 5.44
16 841 5.44
16 842 5.44
16 843 5.44
16 844 5.44
16 845 5.44
16 846 5.44
16 847 5.44
16 848 5.44
16 849 5.44
16 850 5.44
16 851 5.44
16 852 5.44
16 853 5.44
16 854 5.44
16 855 5.44
16 856 5.44
16 857 5.44
16 858 5.44
16 859 5.44
16 860 5.44
16 861 5.44
16 862 5.44
16 863 5.44
16 864 5.44
16 865 5.44
16 866 5.44
16 867 5.44
16 868 5.44
16 869 5.44
16 870 5.44
16 871 5.44
16 872 5.44
16 873 5.44
16 874 5.44
16 875 5.44
16 876 5.44
16 877 5.44
16 878 5.44
16 879 5.44
16 880 5.44
16 881 5.44
16 882 5.44
17 883 5.44
17 884 5.44
17 885 5.44
17 886 5.44
17 887 5.44
17 888 5.44
17 889 5.44
17 890 5.44
17 891 5.44
17 892 5.44
17 893 5.44
17 894 5.44
17 895 5.44
17 896 5.44
17 897 5.44
17 898 5.44
17 899 5.44
17 900 5.44
17 901 5.44
17 902 5.44
17 903 5.44
17 904 5.44
17 905 5.44
17 906 5.44
17 907 5.44
17 908 5.44
17 909 5.44
17 910 5.44
17 911 5.44
17 912 5.44
17 913 5.44
17 914 5.44
17 915 5.44
17 916 5.44
17 917 5.44
17 918 5.44
17 919 5.44
17 920 5.44
17 921 5.44
17 922 5.44
17 923 5.44
17 924 5.44
17 925 5.44
17 926 5.44
17 927 5.44
17 928 5.44
17 929 5.44
17 930 5.44
17 931 5.44
17 932 5.44
17 933 5.44
17 934 5.44
17 935 5.44
17 936 5.44
17 937 5.44
18 938 5.44
18 939 5.44
18 940 5.44
18 941 5.44
18 942 5.44
18 943 5.44
18 944 5.44
18 945 5.44
18 946 5.44
18 947 5.44
18 948 5.44
18 949 5.44
18 950 5.44
18 951 5.44
18 952 5.44
18 953 5.44
18 954 5.44
18 955 5.44
18 956 5.44
18 957 5.44
18 958 5.44
18 959 5.44
18 960 5.44
18 961 5.44
18 962 5.44
18 963 5.44
18 964 5.44
18 965 5.44
18 966 5.44
18 967 5.44
18 968 5.44
18 969 5.44
18 970 5.44
18 971 5.44
18 972 5.44
18 973 5.44
18 974 5.44
18 975 5.44
18 976 5.44
18 977 5.44
18 978 5.44
18 979 5.44
18 980 5.44
18 981 5.44
18 982 5.44
18 983 5.44
18 984 5.44
18 985 5.44
18 986 5.44
18 987 5.44
18 988 5.44
18 989 5.44
18 990 5.44
18 991 5.44
18 992 5.44
19 993 5.44
19 994 5.44
19 995 5.44
19 996 5.44
19 997 5.44
19 998 5.44
19 999 5.44
19 1000 5.44
19 1001 5.44
19 1002 5.44
19 1003 5.44
19 1004 5.44
19 1005 5.44
19 1006 5.44
19 1007 5.44
19 1008 5.44
19 1009 5.44
19 1010 5.44
19 1011 5.44
19 1012 5.44
19 1013 5.44
19 1014 5.44
19 1015 5.44
19 1016 5.44
19 1017 5.44
19 1018 5.44
19 1019 5.44
19 1020 5.44
19 1021 5.44
19 1022 5.44
19 1023 5.44
19 1024 5.44
19 1025 5.44
19 1026 5.44
19 1027 5.44
19 1028 5.44
19 1029 5.44
19 1030 5.44
19 1031 5.44
19 1032 5.44
19 1033 5.44
19 1034 5.44
19 1035 5.44
19 1036 5.44
19 1037 5.44
19 1038 5.44
19 1039 5.44
19 1040 5.44
19 1041 5.44
19 1042 5.44
19 1043 5.44
19 1044 5.44
19 1045 5.44
19 1046 5.44
19 1047 5.44
19 1048 5.44
19 1049 5.44
19 1050 5.44
19 1051 5.44
20 1052 5.44
20 1053 5.44
20 1054 5.44
20 1055 5.44
20 1056 5.44
20 1057 5.44
20 1058 5.44
20 1059 5.44
20 1060 5.44
20 1061 5.44
20 1062 5.44
20 1063 5.44
20 1064 5.44
20 1065 5.44
20 1066 5.44
20 1067 5.44
20 1068 5.44
20 1069 5.44
20 1070 5.44
20 1071 5.44
20 1072 5.44
20 1073 5.44
20 1074 5.44
20 1075 5.44
20 1076 5.44
20 1077 5.44
20 1078 5.44
20 1079 5.44
20 1080 5.44
20 1081 5.44
20 1082 5.44
20 1083 5.44
20 1084 5.44
20 1085 5.44
20 1086 5.44
20 1087 5.44
20 1088 5.44
20 1089 5.44
20 1090 5.44
20 1091 5.44
20 1092 5.44
20 1093 5.44
20 1094 5.44
20 1095 5.44
20 1096 5.44
20 1097 5.44
20 1098 5.44
20 1099 5.44
20 1100 5.44
20 1101 5.44
20 1102 5.44
20 1103 5.44
20 1104 5.44
20 1105 5.44
20 1106 5.44
21 1107 5.44
21 1108 5.44
21 1109 5.44
21 1110 5.44
21 1111 5.44
21 1112 5.44
21 1113 5.44
21 1114 5.44
21 1115 5.44
21 1116 5.44
21 1117 5.44
21 1118 5.44
21 1119 5.44
21 1120 5.44
21 1121 5.44
21 1122 5.44
21 1123 5.44
21 1124 5.44
21 1125 5.44
21 1126 5.44
21 1127 5.44
21 1128 5.44
21 1129 5.44
21 1130 5.44
21 1131 5.44
21 1132 5.44
21 1133 5.44
21 1134 5.44
21 1135 5.44
21 1136 5.44
21 1137 5.44
21 1138 5.44
21 1139 5.44
21 1140 5.44
21 1141 5.44
21 1142 5.44
21 1143 5.44
21 1144 5.44
21 1145 5.44
21 1146 5.44
21 1147 5.44
21 1148 5.44
21 1149 5.44
21 1150 5.44
21 1151 5.44
21 1152 5.44
21 1153 5.44
21 1154 5.44
21 1155 5.44
21 1156 5.44
21 1157 5.44
21 1158 5.44
21 1159 5.44
21 1160 5.44
21 1161 5.44
21 1162 5.44
22 1163 5.44
22 1164 5.44
22 1165 5.44
22 1166 5.44
22 1167 5.44
22 1168 5.44
22 1169 5.44
22 1170 5.44
22 1171 5.44
22 1172 5.44
22 1173 5.44
22 1174 5.44
22 1175 5.44
22 1176 5.44
22 1177 5.44
22 1178 5.44
22 1179 5.44
22 1180 5.44
22 1181 5.44
22 1182 5.44
22 1183 5.44
22 1184 5.44
22 1185 5.44
22 1186 5.44
22 1187 5.44
22 1188 5.44
22 1189 5.44
22 1190 5.44
22 1191 5.44
22 1192 5.44
22 1193 5.44
22 1194 5.44
22 1195 5.44
22 1196 5.44
22 1197 5.44
22 1198 5.44
22 1199 5.44
22 1200 5.44
22 1201 5.44
22 1202 5.44
22 1203 5.44
22 1204 5.44
22 1205 5.44
22 1206 5.44
22 1207 5.44
22 1208 5.44
22 1209 5.44
22 1210 5.44
22 1211 5.44
22 1212 5.44
22 1213 5.44
22 1214 5.44
22 1215 5.44
22 1216 5.44
22 1217 5.44
23 1218 5.44
23 1219 5.44
23 1220 5.44
23 1221 5.44
23 1222 5.44
23 1223 5.44
23 1224 5.44
23 1225 5.44
23 1226 5.44
23 1227 5.44
23 1228 5.44
23 1229 5.44
23 1230 5.44
23 1231 5.44
23 1232 5.44
23 1233 5.44
23 1234 5.44
23 1235 5.44
23 1236 5.44
23 1237 5.44
23 1238 5.44
23 1239 5.44
23 1240 5.44
23 1241 5.44
23 1242 5.44
23 1243 5.44
23 1244 5.44
23 1245 5.44
23 1246 5.44
23 1247 5.44
23 1248 5.44
23 1249 5.44
23 1250 5.44
23 1251 5.44
23 1252 5.44
23 1253 5.44
23 1254 5.44
23 1255 5.44
23 1256 5.44
23 1257 5.44
23 1258 5.44
23 1259 5.44
23 1260 5.44
23 1261 5.44
23 1262 5.44
23 1263 5.44
23 1264 5.44
23 1265 5.44
23 1266 5.44
23 1267 5.44
24 1268 5.44
24 1269 5.44
24 1270 5.44
24 1271 5.44
24 1272 5.44
24 1273 5.44
24 1274 5.44
24 1275 5.44
24 1276 5.44
24 1277 5.44
24 1278 5.44
24 1279 5.44
24 1280 5.44
24 1281 5.44
24 1282 5.44
24 1283 5.44
24 1284 5.44
24 1285 5.44
24 1286 5.44
24 1287 5.44
24 1288 5.44
24 1289 5.44
24 1290 5.44
24 1291 5.44
24 1292 5.44
24 1293 5.44
24 1294 5.44
24 1295 5.44
24 1296 5.44
24 1297 5.44
24 1298 5.44
24 1299 5.44
24 1300 5.44
24 1301 5.44
24 1302 5.44
24 1303 5.44
24 1304 5.44
24 1305 5.44
24 1306 5.44
24 1307 5.44
24 1308 5.44
24 1309 5.44
24 1310 5.44
24 1311 5.44
24 1312 5.44
24 1313 5.44
24 1314 5.44
24 1315 5.44
24 1316 5.44
24 1317 5.44
24 1318 5.44
24 1319 5.44
24 1320 5.44
24 1321 5.44
24 1322 5.44
25 1323 5.44
25 1324 5.44
25 1325 5.44
25 1326 5.44
25 1327 5.44
25 1328 5.44
25 1329 5.44
25 1330 5.44
25 1331 5.44
25 1332 5.44
25 1333 5.44
25 1334 5.44
25 1335 5.44
25 1336 5.44
25 1337 5.44
25 1338 5.44
25 1339 5.44
25 1340 5.44
25 1341 5.44
25 1342 5.44
25 1343 5.44
25 1344 5.44
25 1345 5.44
25 1346 5.44
25 1347 5.44
25 1348 5.44
25 1349 5.44
25 1350 5.44
25 1351 5.44
25 1352 5.44
25 1353 5.44
25 1354 5.44
25 1355 5.44
25 1356 5.44
25 1357 5.44
25 1358 5.44
25 1359 5.44
25 1360 5.44
25 1361 5.44
25 1362 5.44
25 1363 5.44
25 1364 5.44
25 1365 5.44
25 1366 5.44
25 1367 5.44
25 1368 5.44
25 1369 5.44
25 1370 5.44
25 1371 5.44
25 1372 5.44
25 1373 5.44
25 1374 5.44
26 1375 5.44
26 1376 5.44
26 1377 5.44
26 1378 5.44
26 1379 5.44
26 1380 5.44
26 1381 5.44
26 1382 5.44
26 1383 5.44
26 1384 5.44
26 1385 5.44
26 1386 5.44
26 1387 5.44
26 1388 5.44
26 1389 5.44
26 1390 5.44
26 1391 5.44
26 1392 5.44
26 1393 5.44
26 1394 5.44
26 1395 5.44
26 1396 5.44
26 1397 5.44
26 1398 5.44
26 1399 5.44
26 1400 5.44
26 1401 5.44
26 1402 5.44
26 1403 5.44
26 1404 5.44
26 1405 5.44
26 1406 5.44
26 1407 5.44
26 1408 5.44
26 1409 5.44
26 1410 5.44
26 1411 5.44
26 1412 5.44
26 1413 5.44
26 1414 5.44
26 1415 5.44
26 1416 5.44
26 1417 5.44
26 1418 5.44
26 1419 5.44
26 1420 5.44
26 1421 5.44
26 1422 5.44
26 1423 5.44
26 1424 5.44
26 1425 5.44
26 1426 5.44
26 1427 5.44
27 1428 5.44
27 1429 5.44
27 1430 5.44
27 1431 5.44
27 1432 5.44
27 1433 5.44
27 1434 5.44
27 1435 5.44
27 1436 5.44
27 1437 5.44
27 1438 5.44
27 1439 5.44
27 1440 5.44
27 1441 5.44
27 1442 5.44
27 1443 5.44
27 1444 5.44
27 1445 5.44
27 1446 5.44
27 1447 5.44
27 1448 5.44
27 1449 5.44
27 1450 5.44
27 1451 5.44
27 1452 5.44
27 1453 5.44
27 1454 5.44
27 1455 5.44
27 1456 5.44
27 1457 5.44
27 1458 5.44
27 1459 5.44
27 1460 5.44
27 1461 5.44
27 1462 5.44
27 1463 5.44
27 1464 5.44
27 1465 5.44
27 1466 5.44
27 1467 5.44
27 1468 5.44
27 1469 5.44
27 1470 5.44
27 1471 5.44
27 1472 5.44
27 1473 5.44
27 1474 5.44
27 1475 5.44
27 1476 5.44
27 1477 5.44
27 1478 5.44
27 1479 5.44
27 1480 5.44
27 1481 5.44
27 1482 5.44
28 1483 5.44
28 1484 5.44
28 1485 5.44
28 1486 5.44
28 1487 5.44
28 1488 5.44
28 1489 5.44
28 1490 5.44
28 1491 5.44
28 1492 5.44
28 1493 5.44
28 1494 5.44
28 1495 5.44
28 1496 5.44
28 1497 5.44
28 1498 5.44
28 1499 5.44
28 1500 5.44
28 1501 5.44
28 1502 5.44
28 1503 5.44
28 1504 5.44
28 1505 5.44
28 1506 5.44
28 1507 5.44
28 1508 5.44
28 1509 5.44
28 1510 5.44
28 1511 5.44
28 1512 5.44
28 1513 5.44
28 1514 5.44
28 1515 5.44
28 1516 5.44
28 1517 5.44
28 1518 5.44
28 1519 5.44
28 1520 5.44
28 1521 5.44
28 1522 5.44
28 1523 5.44
28 1524 5.44
28 1525 5.44
28 1526 5.44
28 1527 5.44
28 1528 5.44
28 1529 5.44
28 1530 5.44
28 1531 5.44
28 1532 5.44
28 1533 5.44
28 1534 5.44
28 1535 5.44
28 1536 5.44
28 1537 5.44
28 1538 5.44
28 1539 5.44
28 1540 5.44
29 1541 5.44
29 1542 5.44
29 1543 5.44
29 1544 5.44
29 1545 5.44
29 1546 5.44
29 1547 5.44
29 1548 5.44
29 1549 5.44
29 1550 5.44
29 1551 5.44
29 1552 5.44
29 1553 5.44
29 1554 5.44
29 1555 5.44
29 1556 5.44
29 1557 5.44
29 1558 5.44
29 1559 5.44
29 1560 5.44
29 1561 5.44
29 1562 5.44
29 1563 5.44
29 1564 5.44
29 1565 5.44
29 1566 5.44
29 1567 5.44
29 1568 5.44
29 1569 5.44
29 1570 5.44
29 1571 5.44
29 1572 5.44
29 1573 5.44
29 1574 5.44
29 1575 5.44
29 1576 5.44
29 1577 5.44
29 1578 5.44
29 1579 5.44
29 1580 5.44
29 1581 5.44
29 1582 5.44
29 1583 5.44
29 1584 5.44
29 1585 5.44
29 1586 5.44
29 1587 5.44
29 1588 5.44
29 1589 5.44
29 1590 5.44
29 1591 5.44
29 1592 5.44
29 1593 5.44
29 1594 5.44
29 1595 5.44
30 1596 5.44
30 1597 5.44
30 1598 5.44
30 1599 5.44
30 1600 5.44
30 1601 5.44
30 1602 5.44
30 1603 5.44
30 1604 5.44
30 1605 5.44
30 1606 5.44
30 1607 5.44
30 1608 5.44
30 1609 5.44
30 1610 5.44
30 1611 5.44
30 1612 5.44
30 1613 5.44
30 1614 5.44
30 1615 5.44
30 1616 5.44
30 1617 5.44
30 1618 5.44
30 1619 5.44
30 1620 5.44
30 1621 5.44
30 1622 5.44
30 1623 5.44
30 1624 5.44
30 1625 5.44
30 1626 5.44
30 1627 5.44
30 1628 5.44
30 1629 5.44
30 1630 5.44
30 1631 5.44
30 1632 5.44
30 1633 5.44
30 1634 5.44
30 1635 5.44
30 1636 5.44
30 1637 5.44
30 1638 5.44
30 1639 5.44
30 1640 5.44
30 1641 5.44
30 1642 5.44
30 1643 5.44
30 1644 5.44
30 1645 5.44
30 1646 5.44
30 1647 5.44
30 1648 5.44
30 1649 5.44
30 1650 5.44
31 1651 5.44
31 1652 5.44
31 1653 5.44
31 1654 5.44
31 1655 5.44
31 1656 5.44
31 1657 5.44
31 1658 5.44
31 1659 5.44
31 1660 5.44
31 1661 5.44
31 1662 5.44
31 1663 5.44
31 1664 5.44
31 1665 5.44
31 1666 5.44
31 1667 5.44
31 1668 5.44
31 1669 5.44
31 1670 5.44
31 1671 5.44
31 1672 5.44
31 1673 5.44
31 1674 5.44
31 1675 5.44
31 1676 5.44
31 1677 5.44
31 1678 5.44
31 1679 5.44
31 1680 5.44
31 1681 5.44
31 1682 5.44
31 1683 5.44
31 1684 5.44
31 1685 5.44
31 1686 5.44
31 1687 5.44
31 1688 5.44
31 1689 5.44
31 1690 5.44
31 1691 5.44
31 1692 5.44
31 1693 5.44
31 1694 5.44
31 1695 5.44
31 1696 5.44
31 1697 5.44
31 1698 5.44
31 1699 5.44
31 1700 5.44
31 1701 5.44
32 1702 5.44
32 1703 5.44
32 1704 5.44
32 1705 5.44
32 1706 5.44
32 1707 5.44
32 1708 5.44
32 1709 5.44
32 1710 5.44
32 1711 5.44
32 1712 5.44
32 1713 5.44
32 1714 5.44
32 1715 5.44
32 1716 5.44
32 1717 5.44
32 1718 5.44
32 1719 5.44
32 1720 5.44
32 1721 5.44
32 1722 5.44
32 1723 5.44
32 1724 5.44
32 1725 5.44
32 1726 5.44
32 1727 5.44
32 1728 5.44
32 1729 5.44
32 1730 5.44
32 1731 5.44
32 1732 5.44
32 1733 5.44
32 1734 5.44
32 1735 5.44
32 1736 5.44
32 1737 5.44
32 1738 5.44
32 1739 5.44
32 1740 5.44
32 1741 5.44
32 1742 5.44
32 1743 5.44
32 1744 5.44
32 1745 5.44
32 1746 5.44
32 1747 5.44
32 1748 5.44
32 1749 5.44
32 1750 5.44
32 1751 5.44
32 1752 5.44
32 1753 5.44
33 1754 5.44
33 1755 5.44
33 1756 5.44
33 1757 5.44
33 1758 5.44
33 1759 5.44
33 1760 5.44
33 1761 5.44
33 1762 5.44
33 1763 5.44
33 1764 5.44
33 1765 5.44
33 1766 5.44
33 1767 5.44
33 1768 5.44
33 1769 5.44
33 1770 5.44
33 1771 5.44
33 1772 5.44
33 1773 5.44
33 1774 5.44
33 1775 5.44
33 1776 5.44
33 1777 5.44
33 1778 5.44
33 1779 5.44
33 1780 5.44
33 1781 5.44
33 1782 5.44
33 1783 5.44
33 1784 5.44
33 1785 5.44
33 1786 5.44
33 1787 5.44
33 1788 5.44
33 1789 5.44
33 1790 5.44
33 1791 5.44
33 1792 5.44
33 1793 5.44
33 1794 5.44
33 1795 5.44
33 1796 5.44
33 1797 5.44
33 1798 5.44
33 1799 5.44
33 1800 5.44
33 1801 5.44
33 1802 5.44
33 1803 5.44
33 1804 5.44
33 1805 5.44
33 1806 5.44
34 1807 5.44
34 1808 5.44
34 1809 5.44
34 1810 5.44
34 1811 5.44
34 1812 5.44
34 1813 5.44
34 1814 5.44
34 1815 5.44
34 1816 5.44
34 1817 5.44
34 1818 5.44
34 1819 5.44
34 1820 5.44
34 1821 5.44
34 1822 5.44
34 1823 5.44
34 1824 5.44
34 1825 5.44
34 1826 5.44
34 1827 5.44
34 1828 5.44
34 1829 5.44
34 1830 5.44
34 1831 5.44
34 1832 5.44
34 1833 5.44
34 1834 5.44
34 1835 5.44
34 1836 5.44
34 1837 5.44
34 1838 5.44
34 1839 5.44
34 1840 5.44
34 1841 5.44
34 1842 5.44
34 1843 5.44
34 1844 5.44
34 1845 5.44
34 1846 5.44
34 1847 5.44
34 1848 5.44
34 1849 5.44
34 1850 5.44
34 1851 5.44
34 1852 5.44
34 1853 5.44
34 1854 5.44
34 1855 5.44
34 1856 5.44
34 1857 5.44
34 1858 5.44
34 1859 5.44
34 1860 5.44
34 1861 5.44
34 1862 5.44
34 1863 5.44
34 1864 5.44
35 1865 5.44
35 1866 5.44
35 1867 5.44
35 1868 5.44
35 1869 5.44
35 1870 5.44
35 1871 5.44
35 1872 5.44
35 1873 5.44
35 1874 5.44
35 1875 5.44
35 1876 5.44
35 1877 5.44
35 1878 5.44
35 1879 5.44
35 1880 5.44
35 1881 5.44
35 1882 5.44
35 1883 5.44
35 1884 5.44
35 1885 5.44
35 1886 5.44
35 1887 5.44
35 1888 5.44
35 1889 5.44
35 1890 5.44
35 1891 5.44
35 1892 5.44
35 1893 5.44
35 1894 5.44
35 1895 5.44
35 1896 5.44
35 1897 5.44
35 1898 5.44
35 1899 5.44
35 1900 5.44
35 1901 5.44
35 1902 5.44
35 1903 5.44
35 1904 5.44
35 1905 5.44
35 1906 5.44
35 1907 5.44
35 1908 5.44
35 1909 5.44
35 1910 5.44
35 1911 5.44
35 1912 5.44
35 1913 5.44
35 1914 5.44
35 1915 5.44
35 1916 5.44
35 1917 5.44
36 1918 5.44
36 1919 5.44
36 1920 5.44
36 1921 5.44
36 1922 5.44
36 1923 5.44
36 1924 5.44
36 1925 5.44
36 1926 5.44
36 1927 5.44
36 1928 5.44
36 1929 5.44
36 1930 5.44
36 1931 5.44
36 1932 5.44
36 1933 5.44
36 1934 5.44
36 1935 5.44
36 1936 5.44
36 1937 5.44
36 1938 5.44
36 1939 5.44
36 1940 5.44
36 1941 5.44
36 1942 5.44
36 1943 5.44
36 1944 5.44
36 1945 5.44
36 1946 5.44
36 1947 5.44
36 1948 5.44
36 1949 5.44
36 1950 5.44
36 1951 5.44
36 1952 5.44
36 1953 5.44
36 1954 5.44
36 1955 5.44
36 1956 5.44
36 1957 5.44
36 1958 5.44
36 1959 5.44
36 1960 5.44
36 1961 5.44
36 1962 5.44
36 1963 5.44
36 1964 5.44
36 1965 5.44
36 1966 5.44
36 1967 5.44
36 1968 5.44
36 1969 5.44
36 1970 5.44
36 1971 5.44
36 1972 5.44
36 1973 5.44
36 1974 5.44
36 1975 5.44
36 1976 5.44
37 1977 5.44
37 1978 5.44
37 1979 5.44
37 1980 5.44
37 1981 5.44
37 1982 5.44
37 1983 5.44
37 1984 5.44
37 1985 5.44
37 1986 5.44
37 1987 5.44
37 1988 5.44
37 1989 5.44
37 1990 5.44
37 1991 5.44
37 1992 5.44
37 1993 5.44
37 1994 5.44
37 1995 5.44
37 1996 5.44
37 1997 5.44
37 1998 5.44
37 1999 5.44
37 2000 5.44
37 2001 5.44
37 2002 5.44
37 2003 5.44
37 2004 5.44
37 2005 5.44
37 2006 5.44
37 2007 5.44
37 2008 5.44
37 2009 5.44
37 2010 5.44
37 2011 5.44
37 2012 5.44
37 2013 5.44
37 2014 5.44
37 2015 5.44
37 2016 5.44
37 2017 5.44
37 2018 5.44
37 2019 5.44
37 2020 5.44
37 2021 5.44
37 2022 5.44
37 2023 5.44
37 2024 5.44
37 2025 5.44
37 2026 5.44
37 2027 5.44
37 2028 5.44
37 2029 5.44
37 2030 5.44
37 2031 5.44
38 2032 5.44
38 2033 5.44
38 2034 5.44
38 2035 5.44
38 2036 5.44
38 2037 5.44
38 2038 5.44
38 2039 5.44
38 2040 5.44
38 2041 5.44
38 2042 5.44
38 2043 5.44
38 2044 5.44
38 2045 5.44
38 2046 5.44
38 2047 5.44
38 2048 5.44
38 2049 5.44
38 2050 5.44
38 2051 5.44
38 2052 5.44
38 2053 5.44
38 2054 5.44
38 2055 5.44
38 2056 5.44
38 2057 5.44
38 2058 5.44
38 2059 5.44
38 2060 5.44
38 2061 5.44
38 2062 5.44
38 2063 5.44
38 2064 5.44
38 2065 5.44
38 2066 5.44
38 2067 5.44
38 2068 5.44
38 2069 5.44
38 2070 5.44
38 2071 5.44
38 2072 5.44
38 2073 5.44
38 2074 5.44
38 2075 5.44
38 2076 5.44
38 2077 5.44
38 2078 5.44
38 2079 5.44
38 2080 5.44
38 2081 5.44
38 2082 5.44
38 2083 5.44
38 2084 5.44
38 2085 5.44
38 2086 5.44
38 2087 5.44
38 2088 5.44
39 2089 5.44
39 2090 5.44
39 2091 5.44
39 2092 5.44
39 2093 5.44
39 2094 5.44
39 2095 5.44
39 2096 5.44
39 2097 5.44
39 2098 5.44
39 2099 5.44
39 2100 5.44
39 2101 5.44
39 2102 5.44
39 2103 5.44
39 2104 5.44
39 2105 5.44
39 2106 5.44
39 2107 5.44
39 2108 5.44
39 2109 5.44
39 2110 5.44
39 2111 5.44
39 2112 5.44
39 2113 5.44
39 2114 5.44
39 2115 5.44
39 2116 5.44
39 2117 5.44
39 2118 5.44
39 2119 5.44
39 2120 5.44
39 2121 5.44
39 2122 5.44
39 2123 5.44
39 2124 5.44
39 2125 5.44
39 2126 5.44
39 2127 5.44
39 2128 5.44
39 2129 5.44
39 2130 5.44
39 2131 5.44
39 2132 5.44
39 2133 5.44
39 2134 5.44
39 2135 5.44
39 2136 5.44
39 2137 5.44
39 2138 5.44
39 2139 5.44
39 2140 5.44
40 2141 5.44
40 2142 5.44
40 2143 5.44
40 2144 5.44
40 2145 5.44
40 2146 5.44
40 2147 5.44
40 2148 5.44
40 2149 5.44
40 2150 5.44
40 2151 5.44
40 2152 5.44
40 2153 5.44
40 2154 5.44
40 2155 5.44
40 2156 5.44
40 2157 5.44
40 2158 5.44
40 2159 5.44
40 2160 5.44
40 2161 5.44
40 2162 5.44
40 2163 5.44
40 2164 5.44
40 2165 5.44
40 2166 5.44
40 2167 5.44
40 2168 5.44
40 2169 5.44
40 2170 5.44
40 2171 5.44
40 2172 5.44
40 2173 5.44
40 2174 5.44
40 2175 5.44
40 2176 5.44
40 2177 5.44
40 2178 5.44
40 2179 5.44
40 2180 5.44
40 2181 5.44
40 2182 5.44
40 2183 5.44
40 2184 5.44
40 2185 5.44
40 2186 5.44
40 2187 5.44
40 2188 5.44
40 2189 5.44
40 2190 5.44
40 2191 5.44
40 2192 5.44
40 2193 5.44
41 2194 5.44
41 2195 5.44
41 2196 5.44
41 2197 5.44
41 2198 5.44
41 2199 5.44
41 2200 5.44
41 2201 5.44
41 2202 5.44
41 2203 5.44
41 2204 5.44
41 2205 5.44
41 2206 5.44
41 2207 5.44
41 2208 5.44
41 2209 5.44
41 2210 5.44
41 2211 5.44
41 2212 5.44
41 2213 5.44
41 2214 5.44
41 2215 5.44
41 2216 5.44
41 2217 5.44
41 2218 5.44
41 2219 5.44
41 2220 5.44
41 2221 5.44
41 2222 5.44
41 2223 5.44
41 2224 5.44
41 2225 5.44
41 2226 5.44
41 2227 5.44
41 2228 5.44
41 2229 5.44
41 2230 5.44
41 2231 5.44
41 2232 5.44
41 2233 5.44
41 2234 5.44
41 2235 5.44
41 2236 5.44
41 2237 5.44
41 2238 5.44
41 2239 5.44
41 2240 5.44
41 2241 5.44
41 2242 5.44
41 2243 5.44
41 2244 5.44
41 2245 5.44
41 2246 5.44
41 2247 5.44
41 2248 5.44
41 2249 5.44
41 2250 5.44
41 2251 5.44
42 2252 5.44
42 2253 5.44
42 2254 5.44
42 2255 5.44
42 2256 5.44
42 2257 5.44
42 2258 5.44
42 2259 5.44
42 2260 5.44
42 2261 5.44
42 2262 5.44
42 2263 5.44
42 2264 5.44
42 2265 5.44
42 2266 5.44
42 2267 5.44
42 2268 5.44
42 2269 5.44
42 2270 5.44
42 2271 5.44
42 2272 5.44
42 2273 5.44
42 2274 5.44
42 2275 5.44
42 2276 5.44
42 2277 5.44
42 2278 5.44
42 2279 5.44
42 2280 5.44
42 2281 5.44
42 2282 5.44
42 2283 5.44
42 2284 5.44
42 2285 5.44
42 2286 5.44
42 2287 5.44
42 2288 5.44
42 2289 5.44
42 2290 5.44
42 2291 5.44
42 2292 5.44
42 2293 5.44
42 2294 5.44
42 2295 5.44
42 2296 5.44
42 2297 5.44
42 2298 5.44
42 2299 5.44
42 2300 5.44
42 2301 5.44
42 2302 5.44
42 2303 5.44
42 2304 5.44
42 2305 5.44
42 2306 5.44
42 2307 5.44
43 2308 5.44
43 2309 5.44
43 2310 5.44
43 2311 5.44
43 2312 5.44
43 2313 5.44
43 2314 5.44
43 2315 5.44
43 2316 5.44
43 2317 5.44
43 2318 5.44
43 2319 5.44
43 2320 5.44
43 2321 5.44
43 2322 5.44
43 2323 5.44
43 2324 5.44
43 2325 5.44
43 2326 5.44
43 2327 5.44
43 2328 5.44
43 2329 5.44
43 2330 5.44
43 2331 5.44
43 2332 5.44
43 2333 5.44
43 2334 5.44
43 2335 5.44
43 2336 5.44
43 2337 5.44
43 2338 5.44
43 2339 5.44
43 2340 5.44
43 2341 5.44
43 2342 5.44
43 2343 5.44
43 2344 5.44
43 2345 5.44
43 2346 5.44
43 2347 5.44
43 2348 5.44
43 2349 5.44
43 2350 5.44
43 2351 5.44
43 2352 5.44
43 2353 5.44
43 2354 5.44
43 2355 5.44
43 2356 5.44
43 2357 5.44
43 2358 5.44
43 2359 5.44
43 2360 5.44
43 2361 5.44
43 2362 5.44
43 2363 5.44
43 2364 5.44
44 2365 5.44
44 2366 5.44
44 2367 5.44
44 2368 5.44
44 2369 5.44
44 2370 5.44
44 2371 5.44
44 2372 5.44
44 2373 5.44
44 2374 5.44
44 2375 5.44
44 2376 5.44
44 2377 5.44
44 2378 5.44
44 2379 5.44
44 2380 5.44
44 2381 5.44
44 2382 5.44
44 2383 5.44
44 2384 5.44
44 2385 5.44
44 2386 5.44
44 2387 5.44
44 2388 5.44
44 2389 5.44
44 2390 5.44
44 2391 5.44
44 2392 5.44
44 2393 5.44
44 2394 5.44
44 2395 5.44
44 2396 5.44
44 2397 5.44
44 2398 5.44
44 2399 5.44
44 2400 5.44
44 2401 5.44
44 2402 5.44
44 2403 5.44
44 2404 5.44
44 2405 5.44
44 2406 5.44
44 2407 5.44
44 2408 5.44
44 2409 5.44
44 2410 5.44
44 2411 5.44
44 2412 5.44
44 2413 5.44
44 2414 5.44
44 2415 5.44
44 2416 5.44
44 2417 5.44
44 2418 5.44
44 2419 5.44
45 2420 5.44
45 2421 5.44
45 2422 5.44
45 2423 5.44
45 2424 5.44
45 2425 5.44
45 2426 5.44
45 2427 5.44
45 2428 5.44
45 2429 5.44
45 2430 5.44
45 2431 5.44
45 2432 5.44
45 2433 5.44
45 2434 5.44
45 2435 5.44
45 2436 5.44
45 2437 5.44
45 2438 5.44
45 2439 5.44
45 2440 5.44
45 2441 5.44
45 2442 5.44
45 2443 5.44
45 2444 5.44
45 2445 5.44
45 2446 5.44
45 2447 5.44
45 2448 5.44
45 2449 5.44
45 2450 5.44
45 2451 5.44
45 2452 5.44
45 2453 5.44
45 2454 5.44
45 2455 5.44
45 2456 5.44
45 2457 5.44
45 2458 5.44
45 2459 5.44
45 2460 5.44
45 2461 5.44
45 2462 5.44
45 2463 5.44
45 2464 5.44
45 2465 5.44
45 2466 5.44
45 2467 5.44
45 2468 5.44
45 2469 5.44
45 2470 5.44
45 2471 5.44
45 2472 5.44
45 2473 5.44
45 2474 5.44
45 2475 5.44
45 2476 5.44
46 2477 5.44
46 2478 5.44
46 2479 5.44
46 2480 5.44
46 2481 5.44
46 2482 5.44
46 2483 5.44
46 2484 5.44
46 2485 5.44
46 2486 5.44
46 2487 5.44
46 2488 5.44
46 2489 5.44
46 2490 5.44
46 2491 5.44
46 2492 5.44
46 2493 5.44
46 2494 5.44
46 2495 5.44
46 2496 5.44
46 2497 5.44
46 2498 5.44
46 2499 5.44
46 2500 5.44
46 2501 5.44
46 2502 5.44
46 2503 5.44
46 2504 5.44
46 2505 5.44
46 2506 5.44
46 2507 5.44
46 2508 5.44
46 2509 5.44
46 2510 5.44
46 2511 5.44
46 2512 5.44
46 2513 5.44
46 2514 5.44
46 2515 5.44
46 2516 5.44
46 2517 5.44
46 2518 5.44
46 2519 5.44
46 2520 5.44
46 2521 5.44
46 2522 5.44
46 2523 5.44
46 2524 5.44
46 2525 5.44
46 2526 5.44
46 2527 5.44
46 2528 5.44
46 2529 5.44
46 2530 5.44
46 2531 5.44
46 2532 5.44
46 2533 5.44
46 2534 5.44
47 2535 5.44
47 2536 5.44
47 2537 5.44
47 2538 5.44
47 2539 5.44
47 2540 5.44
47 2541 5.44
47 2542 5.44
47 2543 5.44
47 2544 5.44
47 2545 5.44
47 2546 5.44
47 2547 5.44
47 2548 5.44
47 2549 5.44
47 2550 5.44
47 2551 5.44
47 2552 5.44
47 2553 5.44
47 2554 5.44
47 2555 5.44
47 2556 5.44
47 2557 5.44
47 2558 5.44
47 2559 5.44
47 2560 5.44
47 2561 5.44
47 2562 5.44
47 2563 5.44
47 2564 5.44
47 2565 5.44
47 2566 5.44
47 2567 5.44
47 2568 5.44
47 2569 5.44
47 2570 5.44
47 2571 5.44
47 2572 5.44
47 2573 5.44
47 2574 5.44
47 2575 5.44
47 2576 5.44
47 2577 5.44
47 2578 5.44
47 2579 5.44
47 2580 5.44
47 2581 5.44
47 2582 5.44
47 2583 5.44
47 2584 5.44
47 2585 5.44
47 2586 5.44
47 2587 5.44
47 2588 5.44
47 2589 5.44
48 2590 5.44
48 2591 5.44
48 2592 5.44
48 2593 5.44
48 2594 5.44
48 2595 5.44
48 2596 5.44
48 2597 5.44
48 2598 5.44
48 2599 5.44
48 2600 5.44
48 2601 5.44
48 2602 5.44
48 2603 5.44
48 2604 5.44
48 2605 5.44
48 2606 5.44
48 2607 5.44
48 2608 5.44
48 2609 5.44
48 2610 5.44
48 2611 5.44
48 2612 5.44
48 2613 5.44
48 2614 5.44
48 2615 5.44
48 2616 5.44
48 2617 5.44
48 2618 5.44
48 2619 5.44
48 2620 5.44
48 2621 5.44
48 2622 5.44
48 2623 5.44
48 2624 5.44
48 2625 5.44
48 2626 5.44
48 2627 5.44
48 2628 5.44
48 2629 5.44
48 2630 5.44
48 2631 5.44
48 2632 5.44
48 2633 5.44
48 2634 5.44
48 2635 5.44
48 2636 5.44
48 2637 5.44
48 2638 5.44
48 2639 5.44
48 2640 5.44
48 2641 5.44
48 2642 5.44
48 2643 5.44
48 2644 5.44
48 2645 5.44
48 2646 5.44
49 2647 5.44
49 2648 5.44
49 2649 5.44
49 2650 5.44
49 2651 5.44
49 2652 5.44
49 2653 5.44
49 2654 5.44
49 2655 5.44
49 2656 5.44
49 2657 5.44
49 2658 5.44
49 2659 5.44
49 2660 5.44
49 2661 5.44
49 2662 5.44
49 2663 5.44
49 2664 5.44
49 2665 5.44
49 2666 5.44
49 2667 5.44
49 2668 5.44
49 2669 5.44
49 2670 5.44
49 2671 5.44
49 2672 5.44
49 2673 5.44
49 2674 5.44
49 2675 5.44
49 2676 5.44
49 2677 5.44
49 2678 5.44
49 2679 5.44
49 2680 5.44
49 2681 5.44
49 2682 5.44
49 2683 5.44
49 2684 5.44
49 2685 5.44
49 2686 5.44
49 2687 5.44
49 2688 5.44
49 2689 5.44
49 2690 5.44
49 2691 5.44
49 2692 5.44
49 2693 5.44
49 2694 5.44
49 2695 5.44
49 2696 5.44
49 2697 5.44
49 2698 5.44
49 2699 5.44
49 2700 5.44
49 2701 5.44
49 2702 5.44
49 2703 5.44
49 2704 5.44
49 2705 5.44
50 2706 5.44
50 2707 5.44
50 2708 5.44
50 2709 5.44
50 2710 5.44
50 2711 5.44
50 2712 5.44
50 2713 5.44
50 2714 5.44
50 2715 5.44
50 2716 5.44
50 2717 5.44
50 2718 5.44
50 2719 5.44
50 2720 5.44
50 2721 5.44
50 2722 5.44
50 2723 5.44
50 2724 5.44
50 2725 5.44
50 2726 5.44
50 2727 5.44
50 2728 5.44
50 2729 5.44
50 2730 5.44
50 2731 5.44
50 2732 5.44
50 2733 5.44
50 2734 5.44
50 2735 5.44
50 2736 5.44
50 2737 5.44
50 2738 5.44
50 2739 5.44
50 2740 5.44
50 2741 5.44
50 2742 5.44
50 2743 5.44
50 2744 5.44
50 2745 5.44
50 2746 5.44
50 2747 5.44
50 2748 5.44
50 2749 5.44
50 2750 5.44
50 2751 5.44
50 2752 5.44
50 2753 5.44
50 2754 5.44
50 2755 5.44
50 2756 5.44
50 2757 5.44
50 2758 5.44
50 2759 5.44
50 2760 5.44
50 2761 5.44
50 2762 5.44
50 2763 5.44
51 2764 5.44
51 2765 5.44
51 2766 5.44
51 2767 5.44
51 2768 5.44
51 2769 5.44
51 2770 5.44
51 2771 5.44
51 2772 5.44
51 2773 5.44
51 2774 5.44
51 2775 5.44
51 2776 5.44
51 2777 5.44
51 2778 5.44
51 2779 5.44
51 2780 5.44
51 2781 5.44
51 2782 5.44
51 2783 5.44
51 2784 5.44
51 2785 5.44
51 2786 5.44
51 2787 5.44
51 2788 5.44
51 2789 5.44
51 2790 5.44
51 2791 5.44
51 2792 5.44
51 2793 5.44
51 2794 5.44
51 2795 5.44
51 2796 5.44
51 2797 5.44
51 2798 5.44
51 2799 5.44
51 2800 5.44
51 2801 5.44
51 2802 5.44
51 2803 5.44
51 2804 5.44
51 2805 5.44
51 2806 5.44
51 2807 5.44
51 2808 5.44
51 2809 5.44
51 2810 5.44
51 2811 5.44
51 2812 5.44
51 2813 5.44
51 2814 5.44
51 2815 5.44
51 2816 5.44
51 2817 5.44
52 2818 5.44
52 2819 5.44
52 2820 5.44
52 2821 5.44
52 2822 5.44
52 2823 5.44
52 2824 5.44
52 2825 5.44
52 2826 5.44
52 2827 5.44
52 2828 5.44
52 2829 5.44
52 2830 5.44
52 2831 5.44
52 2832 5.44
52 2833 5.44
52 2834 5.44
52 2835 5.44
52 2836 5.44
52 2837 5.44
52 2838 5.44
52 2839 5.44
52 2840 5.44
52 2841 5.44
52 2842 5.44
52 2843 5.44
52 2844 5.44
52 2845 5.44
52 2846 5.44
52 2847 5.44
52 2848 5.44
52 2849 5.44
52 2850 5.44
52 2851 5.44
52 2852 5.44
52 2853 5.44
52 2854 5.44
52 2855 5.44
52 2856 5.44
52 2857 5.44
52 2858 5.44
52 2859 5.44
52 2860 5.44
52 2861 5.44
52 2862 5.44
52 2863 5.44
52 2864 5.44
52 2865 5.44
52 2866 5.44
52 2867 5.44
52 2868 5.44
52 2869 5.44
52 2870 5.44
52 2871 5.44
52 2872 5.44
52 2873 5.44
52 2874 5.44
52 2875 5.44
53 2876 5.44
53 2877 5.44
53 2878 5.44
53 2879 5.44
53 2880 5.44
53 2881 5.44
53 2882 5.44
53 2883 5.44
53 2884 5.44
53 2885 5.44
53 2886 5.44
53 2887 5.44
53 2888 5.44
53 2889 5.44
53 2890 5.44
53 2891 5.44
53 2892 5.44
53 2893 5.44
53 2894 5.44
53 2895 5.44
53 2896 5.44
53 2897 5.44
53 2898 5.44
53 2899 5.44
53 2900 5.44
53 2901 5.44
53 2902 5.44
53 2903 5.44
53 2904 5.44
53 2905 5.44
53 2906 5.44
53 2907 5.44
53 2908 5.44
53 2909 5.44
53 2910 5.44
53 2911 5.44
53 2912 5.44
53 2913 5.44
53 2914 5.44
53 2915 5.44
53 2916 5.44
53 2917 5.44
53 2918 5.44
53 2919 5.44
53 2920 5.44
53 2921 5.44
53 2922 5.44
53 2923 5.44
53 2924 5.44
53 2925 5.44
53 2926 5.44
53 2927 5.44
53 2928 5.44
53 2929 5.44
53 2930 5.44
53 2931 5.44
53 2932 5.44
53 2933 5.44
53 2934 5.44
53 2935 5.44
54 2936 5.44
54 2937 5.44
54 2938 5.44
54 2939 5.44
54 2940 5.44
54 2941 5.44
54 2942 5.44
54 2943 5.44
54 2944 5.44
54 2945 5.44
54 2946 5.44
54 2947 5.44
54 2948 5.44
54 2949 5.44
54 2950 5.44
54 2951 5.44
54 2952 5.44
54 2953 5.44
54 2954 5.44
54 2955 5.44
54 2956 5.44
54 2957 5.44
54 2958 5.44
54 2959 5.44
54 2960 5.44
54 2961 5.44
54 2962 5.44
54 2963 5.44
54 2964 5.44
54 2965 5.44
54 2966 5.44
54 2967 5.44
54 2968 5.44
54 2969 5.44
54 2970 5.44
54 2971 5.44
54 2972 5.44
54 2973 5.44
54 2974 5.44
54 2975 5.44
54 2976 5.44
54 2977 5.44
54 2978 5.44
54 2979 5.44
54 2980 5.44
54 2981 5.44
54 2982 5.44
54 2983 5.44
54 2984 5.44
54 2985 5.44
54 2986 5.44
54 2987 5.44
54 2988 5.44
54 2989 5.44
55 2990 5.44
55 2991 5.44
55 2992 5.44
55 2993 5.44
55 2994 5.44
55 2995 5.44
55 2996 5.44
55 2997 5.44
55 2998 5.44
55 2999 5.44
55 3000 5.44
55 3001 5.44
55 3002 5.44
55 3003 5.44
55 3004 5.44
55 3005 5.44
55 3006 5.44
55 3007 5.44
55 3008 5.44
55 3009 5.44
55 3010 5.44
55 3011 5.44
55 3012 5.44
55 3013 5.44
55 3014 5.44
55 3015 5.44
55 3016 5.44
55 3017 5.44
55 3018 5.44
55 3019 5.44
55 3020 5.44
55 3021 5.44
55 3022 5.44
55 3023 5.44
55 3024 5.44
55 3025 5.44
55 3026 5.44
55 3027 5.44
55 3028 5.44
55 3029 5.44
55 3030 5.44
55 3031 5.44
55 3032 5.44
55 3033 5.44
55 3034 5.44
55 3035 5.44
55 3036 5.44
55 3037 5.44
55 3038 5.44
55 3039 5.44
55 3040 5.44
55 3041 5.44
55 3042 5.44
55 3043 5.44
55 3044 5.44
55 3045 5.44
55 3046 5.44
55 3047 5.44
55 3048 5.44
55 3049 5.44
55 3050 5.44
56 3051 5.44
56 3052 5.44
56 3053 5.44
56 3054 5.44
56 3055 5.44
56 3056 5.44
56 3057 5.44
56 3058 5.44
56 3059 5.44
56 3060 5.44
56 3061 5.44
56 3062 5.44
56 3063 5.44
56 3064 5.44
56 3065 5.44
56 3066 5.44
56 3067 5.44
56 3068 5.44
56 3069 5.44
56 3070 5.44
56 3071 5.44
56 3072 5.44
56 3073 5.44
56 3074 5.44
56 3075 5.44
56 3076 5.44
56 3077 5.44
56 3078 5.44
56 3079 5.44
56 3080 5.44
56 3081 5.44
56 3082 5.44
56 3083 5.44
56 3084 5.44
56 3085 5.44
56 3086 5.44
56 3087 5.44
56 3088 5.44
56 3089 5.44
56 3090 5.44
56 3091 5.44
56 3092 5.44
56 3093 5.44
56 3094 5.44
56 3095 5.44
56 3096 5.44
56 3097 5.44
56 3098 5.44
56 3099 5.44
56 3100 5.44
56 3101 5.44
56 3102 5.44
56 3103 5.44
56 3104 5.44
56 3105 5.44
56 3106 5.44
56 3107 5.44
57 3108 5.44
57 3109 5.44
57 3110 5.44
57 3111 5.44
57 3112 5.44
57 3113 5.44
57 3114 5.44
57 3115 5.44
57 3116 5.44
57 3117 5.44
57 3118 5.44
57 3119 5.44
57 3120 5.44
57 3121 5.44
57 3122 5.44
57 3123 5.44
57 3124 5.44
57 3125 5.44
57 3126 5.44
57 3127 5.44
57 3128 5.44
57 3129 5.44
57 3130 5.44
57 3131 5.44
57 3132 5.44
57 3133 5.44
57 3134 5.44
57 3135 5.44
57 3136 5.44
57 3137 5.44
57 3138 5.44
57 3139 5.44
57 3140 5.44
57 3141 5.44
57 3142 5.44
57 3143 5.44
57 3144 5.44
57 3145 5.44
57 3146 5.44
57 3147 5.44
57 3148 5.44
57 3149 5.44
57 3150 5.44
57 3151 5.44
57 3152 5.44
57 3153 5.44
57 3154 5.44
57 3155 5.44
57 3156 5.44
57 3157 5.44
57 3158 5.44
57 3159 5.44
57 3160 5.44
57 3161 5.44
57 3162 5.44
57 3163 5.44
57 3164 5.44
57 3165 5.44
57 3166 5.44
57 3167 5.44
58 3168 5.44
58 3169 5.44
58 3170 5.44
58 3171 5.44
58 3172 5.44
58 3173 5.44
58 3174 5.44
58 3175 5.44
58 3176 5.44
58 3177 5.44
58 3178 5.44
58 3179 5.44
58 3180 5.44
58 3181 5.44
58 3182 5.44
58 3183 5.44
58 3184 5.44
58 3185 5.44
58 3186 5.44
58 3187 5.44
58 3188 5.44
58 3189 5.44
58 3190 5.44
58 3191 5.44
58 3192 5.44
58 3193 5.44
58 3194 5.44
58 3195 5.44
58 3196 5.44
58 3197 5.44
58 3198 5.44
58 3199 5.44
58 3200 5.44
58 3201 5.44
58 3202 5.44
58 3203 5.44
58 3204 5.44
58 3205 5.44
58 3206 5.44
58 3207 5.44
58 3208 5.44
58 3209 5.44
58 3210 5.44
58 3211 5.44
58 3212 5.44
58 3213 5.44
58 3214 5.44
58 3215 5.44
58 3216 5.44
58 3217 5.44
58 3218 5.44
58 3219 5.44
58 3220 5.44
58 3221 5.44
58 3222 5.44
58 3223 5.44
58 3224 5.44
58 3225 5.44
59 3226 5.44
59 3227 5.44
59 3228 5.44
59 3229 5.44
59 3230 5.44
59 3231 5.44
59 3232 5.44
59 3233 5.44
59 3234 5.44
59 3235 5.44
59 3236 5.44
59 3237 5.44
59 3238 5.44
59 3239 5.44
59 3240 5.44
59 3241 5.44
59 3242 5.44
59 3243 5.44
59 3244 5.44
59 3245 5.44
59 3246 5.44
59 3247 5.44
59 3248 5.44
59 3249 5.44
59 3250 5.44
59 3251 5.44
59 3252 5.44
59 3253 5.44
59 3254 5.44
59 3255 5.44
59 3256 5.44
59 3257 5.44
59 3258 5.44
59 3259 5.44
59 3260 5.44
59 3261 5.44
59 3262 5.44
59 3263 5.44
59 3264 5.44
59 3265 5.44
59 3266 5.44
59 3267 5.44
59 3268 5.44
59 3269 5.44
59 3270 5.44
59 3271 5.44
59 3272 5.44
59 3273 5.44
59 3274 5.44
59 3275 5.44
59 3276 5.44
59 3277 5.44
59 3278 5.44
59 3279 5.44
59 3280 5.44
60 3281 5.44
60 3282 5.44
60 3283 5.44
60 3284 5.44
60 3285 5.44
60 3286 5.44
60 3287 5.44
60 3288 5.44
60 3289 5.44
60 3290 5.44
60 3291 5.44
60 3292 5.44
60 3293 5.44
60 3294 5.44
60 3295 5.44
60 3296 5.44
60 3297 5.44
60 3298 5.44
60 3299 5.44
60 3300 5.44
60 3301 5.44
60 3302 5.44
60 3303 5.44
60 3304 5.44
60 3305 5.44
60 3306 5.44
60 3307 5.44
60 3308 5.44
60 3309 5.44
60 3310 5.44
60 3311 5.44
60 3312 5.44
60 3313 5.44
60 3314 5.44
60 3315 5.44
60 3316 5.44
60 3317 5.44
60 3318 5.44
60 3319 5.44
60 3320 5.44
60 3321 5.44
60 3322 5.44
60 3323 5.44
60 3324 5.44
60 3325 5.44
60 3326 5.44
60 3327 5.44
60 3328 5.44
60 3329 5.44
60 3330 5.44
60 3331 5.44
60 3332 5.44
60 3333 5.44
60 3334 5.44
60 3335 5.44
60 3336 5.44
61 3337 5.44
61 3338 5.44
61 3339 5.44
61 3340 5.44
61 3341 5.44
61 3342 5.44
61 3343 5.44
61 3344 5.44
61 3345 5.44
61 3346 5.44
61 3347 5.44
61 3348 5.44
61 3349 5.44
61 3350 5.44
61 3351 5.44
61 3352 5.44
61 3353 5.44
61 3354 5.44
61 3355 5.44
61 3356 5.44
61 3357 5.44
61 3358 5.44
61 3359 5.44
61 3360 5.44
61 3361 5.44
61 3362 5.44
61 3363 5.44
61 3364 5.44
61 3365 5.44
61 3366 5.44
61 3367 5.44
61 3368 5.44
61 3369 5.44
61 3370 5.44
61 3371 5.44
61 3372 5.44
61 3373 5.44
61 3374 5.44
61 3375 5.44
61 3376 5.44
61 3377 5.44
61 3378 5.44
61 3379 5.44
61 3380 5.44
61 3381 5.44
61 3382 5.44
61 3383 5.44
61 3384 5.44
61 3385 5.44
61 3386 5.44
61 3387 5.44
61 3388 5.44
61 3389 5.44
61 3390 5.44
61 3391 5.44
61 3392 5.44
61 3393 5.44
61 3394 5.44
61 3395 5.44
62 3396 5.44
62 3397 5.44
62 3398 5.44
62 3399 5.44
62 3400 5.44
62 3401 5.44
62 3402 5.44
62 3403 5.44
62 3404 5.44
62 3405 5.44
62 3406 5.44
62 3407 5.44
62 3408 5.44
62 3409 5.44
62 3410 5.44
62 3411 5.44
62 3412 5.44
62 3413 5.44
62 3414 5.44
62 3415 5.44
62 3416 5.44
62 3417 5.44
62 3418 5.44
62 3419 5.44
62 3420 5.44
62 3421 5.44
62 3422 5.44
62 3423 5.44
62 3424 5.44
62 3425 5.44
62 3426 5.44
62 3427 5.44
62 3428 5.44
62 3429 5.44
62 3430 5.44
62 3431 5.44
62 3432 5.44
62 3433 5.44
62 3434 5.44
62 3435 5.44
62 3436 5.44
62 3437 5.44
62 3438 5.44
62 3439 5.44
62 3440 5.44
62 3441 5.44
62 3442 5.44
62 3443 5.44
62 3444 5.44
62 3445 5.44
62 3446 5.44
62 3447 5.44
62 3448 5.44
62 3449 5.44
62 3450 5.44
63 3451 5.44
63 3452 5.44
63 3453 5.44
63 3454 5.44
63 3455 5.44
63 3456 5.44
63 3457 5.44
63 3458 5.44
63 3459 5.44
63 3460 5.44
63 3461 5.44
63 3462 5.44
63 3463 5.44
63 3464 5.44
63 3465 5.44
63 3466 5.44
63 3467 5.44
63 3468 5.44
63 3469 5.44
63 3470 5.44
63 3471 5.44
63 3472 5.44
63 3473 5.44
63 3474 5.44
63 3475 5.44
63 3476 5.44
63 3477 5.44
63 3478 5.44
63 3479 5.44
63 3480 5.44
63 3481 5.44
63 3482 5.44
63 3483 5.44
63 3484 5.44
63 3485 5.44
63 3486 5.44
63 3487 5.44
63 3488 5.44
63 3489 5.44
63 3490 5.44
63 3491 5.44
63 3492 5.44
63 3493 5.44
63 3494 5.44
63 3495 5.44
63 3496 5.44
63 3497 5.44
63 3498 5.44
63 3499 5.44
63 3500 5.44
63 3501 5.44
63 3502 5.44
63 3503 5.44
63 3504 5.44
63 3505 5.44
63 3506 5.44
63 3507 5.44
63 3508 5.44
63 3509 5.44
64 3510 5.44
64 3511 5.44
64 3512 5.44
64 3513 5.44
64 3514 5.44
64 3515 5.44
64 3516 5.44
64 3517 5.44
64 3518 5.44
64 3519 5.44
64 3520 5.44
64 3521 5.44
64 3522 5.44
64 3523 5.44
64 3524 5.44
64 3525 5.44
64 3526 5.44
64 3527 5.44
64 3528 5.44
64 3529 5.44
64 3530 5.44
64 3531 5.44
64 3532 5.44
64 3533 5.44
64 3534 5.44
64 3535 5.44
64 3536 5.44
64 3537 5.44
64 3538 5.44
64 3539 5.44
64 3540 5.44
64 3541 5.44
64 3542 5.44
64 3543 5.44
64 3544 5.44
64 3545 5.44
64 3546 5.44
64 3547 5.44
64 3548 5.44
64 3549 5.44
64 3550 5.44
64 3551 5.44
64 3552 5.44
64 3553 5.44
64 3554 5.44
64 3555 5.44
64 3556 5.44
64 3557 5.44
64 3558 5.44
64 3559 5.44
64 3560 5.44
64 3561 5.44
64 3562 5.44
64 3563 5.44
64 3564 5.44
64 3565 5.44
64 3566 5.44
64 3567 5.44
65 3568 5.44
65 3569 5.44
65 3570 5.44
65 3571 5.44
65 3572 5.44
65 3573 5.44
65 3574 5.44
65 3575 5.44
65 3576 5.44
65 3577 5.44
65 3578 5.44
65 3579 5.44
65 3580 5.44
65 3581 5.44
65 3582 5.44
65 3583 5.44
65 3584 5.44
65 3585 5.44
65 3586 5.44
65 3587 5.44
65 3588 5.44
65 3589 5.44
65 3590 5.44
65 3591 5.44
65 3592 5.44
65 3593 5.44
65 3594 5.44
65 3595 5.44
65 3596 5.44
65 3597 5.44
65 3598 5.44
65 3599 5.44
65 3600 5.44
65 3601 5.44
65 3602 5.44
65 3603 5.44
65 3604 5.44
65 3605 5.44
65 3606 5.44
65 3607 5.44
65 3608 5.44
65 3609 5.44
65 3610 5.44
65 3611 5.44
65 3612 5.44
65 3613 5.44
65 3614 5.44
65 3615 5.44
65 3616 5.44
65 3617 5.44
65 3618 5.44
65 3619 5.44
65 3620 5.44
65 3621 5.44
65 3622 5.44
66 3623 5.44
66 3624 5.44
66 3625 5.44
66 3626 5.44
66 3627 5.44
66 3628 5.44
66 3629 5.44
66 3630 5.44
66 3631 5.44
66 3632 5.44
66 3633 5.44
66 3634 5.44
66 3635 5.44
66 3636 5.44
66 3637 5.44
66 3638 5.44
66 3639 5.44
66 3640 5.44
66 3641 5.44
66 3642 5.44
66 3643 5.44
66 3644 5.44
66 3645 5.44
66 3646 5.44
66 3647 5.44
66 3648 5.44
66 3649 5.44
66 3650 5.44
66 3651 5.44
66 3652 5.44
66 3653 5.44
66 3654 5.44
66 3655 5.44
66 3656 5.44
66 3657 5.44
66 3658 5.44
66 3659 5.44
66 3660 5.44
66 3661 5.44
66 3662 5.44
66 3663 5.44
66 3664 5.44
66 3665 5.44
66 3666 5.44
66 3667 5.44
66 3668 5.44
66 3669 5.44
66 3670 5.44
66 3671 5.44
66 3672 5.44
66 3673 5.44
66 3674 5.44
66 3675 5.44
66 3676 5.44
66 3677 5.44
66 3678 5.44
66 3679 5.44
67 3680 5.44
67 3681 5.44
67 3682 5.44
67 3683 5.44
67 3684 5.44
67 3685 5.44
67 3686 5.44
67 3687 5.44
67 3688 5.44
67 3689 5.44
67 3690 5.44
67 3691 5.44
67 3692 5.44
67 3693 5.44
67 3694 5.44
67 3695 5.44
67 3696 5.44
67 3697 5.44
67 3698 5.44
67 3699 5.44
67 3700 5.44
67 3701 5.44
67 3702 5.44
67 3703 5.44
67 3704 5.44
67 3705 5.44
67 3706 5.44
67 3707 5.44
67 3708 5.44
67 3709 5.44
67 3710 5.44
67 3711 5.44
67 3712 5.44
67 3713 5.44
67 3714 5.44
67 3715 5.44
67 3716 5.44
67 3717 5.44
67 3718 5.44
67 3719 5.44
67 3720 5.44
67 3721 5.44
67 3722 5.44
67 3723 5.44
67 3724 5.44
67 3725 5.44
67 3726 5.44
67 3727 5.44
67 3728 5.44
67 3729 5.44
67 3730 5.44
67 3731 5.44
67 3732 5.44
67 3733 5.44
67 3734 5.44
67 3735 5.44
67 3736 5.44
67 3737 5.44
67 3738 5.44
68 3739 5.44
68 3740 5.44
68 3741 5.44
68 3742 5.44
68 3743 5.44
68 3744 5.44
68 3745 5.44
68 3746 5.44
68 3747 5.44
68 3748 5.44
68 3749 5.44
68 3750 5.44
68 3751 5.44
68 3752 5.44
68 3753 5.44
68 3754 5.44
68 3755 5.44
68 3756 5.44
68 3757 5.44
68 3758 5.44
68 3759 5.44
68 3760 5.44
68 3761 5.44
68 3762 5.44
68 3763 5.44
68 3764 5.44
68 3765 5.44
68 3766 5.44
68 3767 5.44
68 3768 5.44
68 3769 5.44
68 3770 5.44
68 3771 5.44
68 3772 5.44
68 3773 5.44
68 3774 5.44
68 3775 5.44
68 3776 5.44
68 3777 5.44
68 3778 5.44
68 3779 5.44
68 3780 5.44
68 3781 5.44
68 3782 5.44
68 3783 5.44
68 3784 5.44
68 3785 5.44
68 3786 5.44
68 3787 5.44
68 3788 5.44
68 3789 5.44
68 3790 5.44
68 3791 5.44
68 3792 5.44
68 3793 5.44
69 3794 5.44
69 3795 5.44
69 3796 5.44
69 3797 5.44
69 3798 5.44
69 3799 5.44
69 3800 5.44
69 3801 5.44
69 3802 5.44
69 3803 5.44
69 3804 5.44
69 3805 5.44
69 3806 5.44
69 3807 5.44
69 3808 5.44
69 3809 5.44
69 3810 5.44
69 3811 5.44
69 3812 5.44
69 3813 5.44
69 3814 5.44
69 3815 5.44
69 3816 5.44
69 3817 5.44
69 3818 5.44
69 3819 5.44
69 3820 5.44
69 3821 5.44
69 3822 5.44
69 3823 5.44
69 3824 5.44
69 3825 5.44
69 3826 5.44
69 3827 5.44
69 3828 5.44
69 3829 5.44
69 3830 5.44
69 3831 5.44
69 3832 5.44
69 3833 5.44
69 3834 5.44
69 3835 5.44
69 3836 5.44
69 3837 5.44
69 3838 5.44
69 3839 5.44
69 3840 5.44
69 3841 5.44
69 3842 5.44
69 3843 5.44
69 3844 5.44
69 3845 5.44
69 3846 5.44
69 3847 5.44
69 3848 5.44
69 3849 5.44
69 3850 5.44
69 3851 5.44
69 3852 5.44
70 3853 5.44
70 3854 5.44
70 3855 5.44
70 3856 5.44
70 3857 5.44
70 3858 5.44
70 3859 5.44
70 3860 5.44
70 3861 5.44
70 3862 5.44
70 3863 5.44
70 3864 5.44
70 3865 5.44
70 3866 5.44
70 3867 5.44
70 3868 5.44
70 3869 5.44
70 3870 5.44
70 3871 5.44
70 3872 5.44
70 3873 5.44
70 3874 5.44
70 3875 5.44
70 3876 5.44
70 3877 5.44
70 3878 5.44
70 3879 5.44
70 3880 5.44
70 3881 5.44
70 3882 5.44
70 3883 5.44
70 3884 5.44
70 3885 5.44
70 3886 5.44
70 3887 5.44
70 3888 5.44
70 3889 5.44
70 3890 5.44
70 3891 5.44
70 3892 5.44
70 3893 5.44
70 3894 5.44
70 3895 5.44
70 3896 5.44
70 3897 5.44
70 3898 5.44
70 3899 5.44
70 3900 5.44
70 3901 5.44
70 3902 5.44
70 3903 5.44
70 3904 5.44
70 3905 5.44
70 3906 5.44
70 3907 5.44
70 3908 5.44
70 3909 5.44
71 3910 5.44
71 3911 5.44
71 3912 5.44
71 3913 5.44
71 3914 5.44
71 3915 5.44
71 3916 5.44
71 3917 5.44
71 3918 5.44
71 3919 5.44
71 3920 5.44
71 3921 5.44
71 3922 5.44
71 3923 5.44
71 3924 5.44
71 3925 5.44
71 3926 5.44
71 3927 5.44
71 3928 5.44
71 3929 5.44
71 3930 5.44
71 3931 5.44
71 3932 5.44
71 3933 5.44
71 3934 5.44
71 3935 5.44
71 3936 5.44
71 3937 5.44
71 3938 5.44
71 3939 5.44
71 3940 5.44
71 3941 5.44
71 3942 5.44
71 3943 5.44
71 3944 5.44
71 3945 5.44
71 3946 5.44
71 3947 5.44
71 3948 5.44
71 3949 5.44
71 3950 5.44
71 3951 5.44
71 3952 5.44
71 3953 5.44
71 3954 5.44
71 3955 5.44
71 3956 5.44
71 3957 5.44
71 3958 5.44
71 3959 5.44
71 3960 5.44
71 3961 5.44
71 3962 5.44
71 3963 5.44
71 3964 5.44
71 3965 5.44
72 3966 5.44
72 3967 5.44
72 3968 5.44
72 3969 5.44
72 3970 5.44
72 3971 5.44
72 3972 5.44
72 3973 5.44
72 3974 5.44
72 3975 5.44
72 3976 5.44
72 3977 5.44
72 3978 5.44
72 3979 5.44
72 3980 5.44
72 3981 5.44
72 3982 5.44
72 3983 5.44
72 3984 5.44
72 3985 5.44
72 3986 5.44
72 3987 5.44
72 3988 5.44
72 3989 5.44
72 3990 5.44
72 3991 5.44
72 3992 5.44
72 3993 5.44
72 3994 5.44
72 3995 5.44
72 3996 5.44
72 3997 5.44
72 3998 5.44
72 3999 5.44
72 4000 5.44
72 4001 5.44
72 4002 5.44
72 4003 5.44
72 4004 5.44
72 4005 5.44
72 4006 5.44
72 4007 5.44
72 4008 5.44
72 4009 5.44
72 4010 5.44
72 4011 5.44
72 4012 5.44
72 4013 5.44
72 4014 5.44
72 4015 5.44
72 4016 5.44
72 4017 5.44
72 4018 5.44
72 4019 5.44
72 4020 5.44
72 4021 5.44
72 4022 5.44
72 4023 5.44
72 4024 5.44
72 4025 5.44
72 4026 5.44
73 4027 5.44
73 4028 5.44
73 4029 5.44
73 4030 5.44
73 4031 5.44
73 4032 5.44
73 4033 5.44
73 4034 5.44
73 4035 5.44
73 4036 5.44
73 4037 5.44
73 4038 5.44
73 4039 5.44
73 4040 5.44
73 4041 5.44
73 4042 5.44
73 4043 5.44
73 4044 5.44
73 4045 5.44
73 4046 5.44
73 4047 5.44
73 4048 5.44
73 4049 5.44
73 4050 5.44
73 4051 5.44
73 4052 5.44
73 4053 5.44
73 4054 5.44
73 4055 5.44
73 4056 5.44
73 4057 5.44
73 4058 5.44
73 4059 5.44
73 4060 5.44
73 4061 5.44
73 4062 5.44
73 4063 5.44
73 4064 5.44
73 4065 5.44
73 4066 5.44
73 4067 5.44
73 4068 5.44
73 4069 5.44
73 4070 5.44
73 4071 5.44
73 4072 5.44
73 4073 5.44
73 4074 5.44
73 4075 5.44
73 4076 5.44
73 4077 5.44
73 4078 5.44
73 4079 5.44
73 4080 5.44
73 4081 5.44
74 4082 5.44
74 4083 5.44
74 4084 5.44
74 4085 5.44
74 4086 5.44
74 4087 5.44
74 4088 5.44
74 4089 5.44
74 4090 5.44
74 4091 5.44
74 4092 5.44
74 4093 5.44
74 4094 5.44
74 4095 5.44
74 4096 5.44
74 4097 5.44
74 4098 5.44
74 4099 5.44
74 4100 5.44
74 4101 5.44
74 4102 5.44
74 4103 5.44
74 4104 5.44
74 4105 5.44
74 4106 5.44
74 4107 5.44
74 4108 5.44
74 4109 5.44
74 4110 5.44
74 4111 5.44
74 4112 5.44
74 4113 5.44
74 4114 5.44
74 4115 5.44
74 4116 5.44
74 4117 5.44
74 4118 5.44
74 4119 5.44
74 4120 5.44
74 4121 5.44
74 4122 5.44
74 4123 5.44
74 4124 5.44
74 4125 5.44
74 4126 5.44
74 4127 5.44
74 4128 5.44
74 4129 5.44
74 4130 5.44
74 4131 5.44
74 4132 5.44
74 4133 5.44
74 4134 5.44
74 4135 5.44
74 4136 5.44
74 4137 5.44
74 4138 5.44
74 4139 5.44
74 4140 5.44
74 4141 5.44
75 4142 5.44
75 4143 5.44
75 4144 5.44
75 4145 5.44
75 4146 5.44
75 4147 5.44
75 4148 5.44
75 4149 5.44
75 4150 5.44
75 4151 5.44
75 4152 5.44
75 4153 5.44
75 4154 5.44
75 4155 5.44
75 4156 5.44
75 4157 5.44
75 4158 5.44
75 4159 5.44
75 4160 5.44
75 4161 5.44
75 4162 5.44
75 4163 5.44
75 4164 5.44
75 4165 5.44
75 4166 5.44
75 4167 5.44
75 4168 5.44
75 4169 5.44
75 4170 5.44
75 4171 5.44
75 4172 5.44
75 4173 5.44
75 4174 5.44
75 4175 5.44
75 4176 5.44
75 4177 5.44
75 4178 5.44
75 4179 5.44
75 4180 5.44
75 4181 5.44
75 4182 5.44
75 4183 5.44
75 4184 5.44
75 4185 5.44
75 4186 5.44
75 4187 5.44
75 4188 5.44
75 4189 5.44
75 4190 5.44
75 4191 5.44
75 4192 5.44
75 4193 5.44
75 4194 5.44
75 4195 5.44
75 4196 5.44
75 4197 5.44
76 4198 5.44
76 4199 5.44
76 4200 5.44
76 4201 5.44
76 4202 5.44
76 4203 5.44
76 4204 5.44
76 4205 5.44
76 4206 5.44
76 4207 5.44
76 4208 5.44
76 4209 5.44
76 4210 5.44
76 4211 5.44
76 4212 5.44
76 4213 5.44
76 4214 5.44
76 4215 5.44
76 4216 5.44
76 4217 5.44
76 4218 5.44
76 4219 5.44
76 4220 5.44
76 4221 5.44
76 4222 5.44
76 4223 5.44
76 4224 5.44
76 4225 5.44
76 4226 5.44
76 4227 5.44
76 4228 5.44
76 4229 5.44
76 4230 5.44
76 4231 5.44
76 4232 5.44
76 4233 5.44
76 4234 5.44
76 4235 5.44
76 4236 5.44
76 4237 5.44
76 4238 5.44
76 4239 5.44
76 4240 5.44
76 4241 5.44
76 4242 5.44
76 4243 5.44
76 4244 5.44
76 4245 5.44
76 4246 5.44
76 4247 5.44
76 4248 5.44
76 4249 5.44
76 4250 5.44
76 4251 5.44
76 4252 5.44
76 4253 5.44
76 4254 5.44
76 4255 5.44
76 4256 5.44
77 4257 5.44
77 4258 5.44
77 4259 5.44
77 4260 5.44
77 4261 5.44
77 4262 5.44
77 4263 5.44
77 4264 5.44
77 4265 5.44
77 4266 5.44
77 4267 5.44
77 4268 5.44
77 4269 5.44
77 4270 5.44
77 4271 5.44
77 4272 5.44
77 4273 5.44
77 4274 5.44
77 4275 5.44
77 4276 5.44
77 4277 5.44
77 4278 5.44
77 4279 5.44
77 4280 5.44
77 4281 5.44
77 4282 5.44
77 4283 5.44
77 4284 5.44
77 4285 5.44
77 4286 5.44
77 4287 5.44
77 4288 5.44
77 4289 5.44
77 4290 5.44
77 4291 5.44
77 4292 5.44
77 4293 5.44
77 4294 5.44
77 4295 5.44
77 4296 5.44
77 4297 5.44
77 4298 5.44
77 4299 5.44
77 4300 5.44
77 4301 5.44
77 4302 5.44
77 4303 5.44
77 4304 5.44
77 4305 5.44
77 4306 5.44
77 4307 5.44
77 4308 5.44
77 4309 5.44
77 4310 5.44
77 4311 5.44
77 4312 5.44
77 4313 5.44
78 4314 5.44
78 4315 5.44
78 4316 5.44
78 4317 5.44
78 4318 5.44
78 4319 5.44
78 4320 5.44
78 4321 5.44
78 4322 5.44
78 4323 5.44
78 4324 5.44
78 4325 5.44
78 4326 5.44
78 4327 5.44
78 4328 5.44
78 4329 5.44
78 4330 5.44
78 4331 5.44
78 4332 5.44
78 4333 5.44
78 4334 5.44
78 4335 5.44
78 4336 5.44
78 4337 5.44
78 4338 5.44
78 4339 5.44
78 4340 5.44
78 4341 5.44
78 4342 5.44
78 4343 5.44
78 4344 5.44
78 4345 5.44
78 4346 5.44
78 4347 5.44
78 4348 5.44
78 4349 5.44
78 4350 5.44
78 4351 5.44
78 4352 5.44
78 4353 5.44
78 4354 5.44
78 4355 5.44
78 4356 5.44
78 4357 5.44
78 4358 5.44
78 4359 5.44
78 4360 5.44
78 4361 5.44
78 4362 5.44
78 4363 5.44
78 4364 5.44
78 4365 5.44
78 4366 5.44
78 4367 5.44
78 4368 5.44
78 4369 5.44
79 4370 5.44
79 4371 5.44
79 4372 5.44
79 4373 5.44
79 4374 5.44
79 4375 5.44
79 4376 5.44
79 4377 5.44
79 4378 5.44
79 4379 5.44
79 4380 5.44
79 4381 5.44
79 4382 5.44
79 4383 5.44
79 4384 5.44
79 4385 5.44
79 4386 5.44
79 4387 5.44
79 4388 5.44
79 4389 5.44
79 4390 5.44
79 4391 5.44
79 4392 5.44
79 4393 5.44
79 4394 5.44
79 4395 5.44
79 4396 5.44
79 4397 5.44
79 4398 5.44
79 4399 5.44
79 4400 5.44
79 4401 5.44
79 4402 5.44
79 4403 5.44
79 4404 5.44
79 4405 5.44
79 4406 5.44
79 4407 5.44
79 4408 5.44
79 4409 5.44
79 4410 5.44
79 4411 5.44
79 4412 5.44
79 4413 5.44
79 4414 5.44
79 4415 5.44
79 4416 5.44
79 4417 5.44
79 4418 5.44
79 4419 5.44
79 4420 5.44
79 4421 5.44
79 4422 5.44
79 4423 5.44
80 4424 5.44
80 4425 5.44
80 4426 5.44
80 4427 5.44
80 4428 5.44
80 4429 5.44
80 4430 5.44
80 4431 5.44
80 4432 5.44
80 4433 5.44
80 4434 5.44
80 4435 5.44
80 4436 5.44
80 4437 5.44
80 4438 5.44
80 4439 5.44
80 4440 5.44
80 4441 5.44
80 4442 5.44
80 4443 5.44
80 4444 5.44
80 4445 5.44
80 4446 5.44
80 4447 5.44
80 4448 5.44
80 4449 5.44
80 4450 5.44
80 4451 5.44
80 4452 5.44
80 4453 5.44
80 4454 5.44
80 4455 5.44
80 4456 5.44
80 4457 5.44
80 4458 5.44
80 4459 5.44
80 4460 5.44
80 4461 5.44
80 4462 5.44
80 4463 5.44
80 4464 5.44
80 4465 5.44
80 4466 5.44
80 4467 5.44
80 4468 5.44
80 4469 5.44
80 4470 5.44
80 4471 5.44
80 4472 5.44
80 4473 5.44
80 4474 5.44
80 4475 5.44
80 4476 5.44
80 4477 5.44
80 4478 5.44
80 4479 5.44
80 4480 5.44
80 4481 5.44
80 4482 5.44
81 4483 5.44
81 4484 5.44
81 4485 5.44
81 4486 5.44
81 4487 5.44
81 4488 5.44
81 4489 5.44
81 4490 5.44
81 4491 5.44
81 4492 5.44
81 4493 5.44
81 4494 5.44
81 4495 5.44
81 4496 5.44
81 4497 5.44
81 4498 5.44
81 4499 5.44
81 4500 5.44
81 4501 5.44
81 4502 5.44
81 4503 5.44
81 4504 5.44
81 4505 5.44
81 4506 5.44
81 4507 5.44
81 4508 5.44
81 4509 5.44
81 4510 5.44
81 4511 5.44
81 4512 5.44
81 4513 5.44
81 4514 5.44
81 4515 5.44
81 4516 5.44
81 4517 5.44
81 4518 5.44
81 4519 5.44
81 4520 5.44
81 4521 5.44
81 4522 5.44
81 4523 5.44
81 4524 5.44
81 4525 5.44
81 4526 5.44
81 4527 5.44
81 4528 5.44
81 4529 5.44
81 4530 5.44
81 4531 5.44
81 4532 5.44
81 4533 5.44
81 4534 5.44
81 4535 5.44
81 4536 5.44
81 4537 5.44
82 4538 5.44
82 4539 5.44
82 4540 5.44
82 4541 5.44
82 4542 5.44
82 4543 5.44
82 4544 5.44
82 4545 5.44
82 4546 5.44
82 4547 5.44
82 4548 5.44
82 4549 5.44
82 4550 5.44
82 4551 5.44
82 4552 5.44
82 4553 5.44
82 4554 5.44
82 4555 5.44
82 4556 5.44
82 4557 5.44
82 4558 5.44
82 4559 5.44
82 4560 5.44
82 4561 5.44
82 4562 5.44
82 4563 5.44
82 4564 5.44
82 4565 5.44
82 4566 5.44
82 4567 5.44
82 4568 5.44
82 4569 5.44
82 4570 5.44
82 4571 5.44
82 4572 5.44
82 4573 5.44
82 4574 5.44
82 4575 5.44
82 4576 5.44
82 4577 5.44
82 4578 5.44
82 4579 5.44
82 4580 5.44
82 4581 5.44
82 4582 5.44
82 4583 5.44
82 4584 5.44
82 4585 5.44
82 4586 5.44
82 4587 5.44
82 4588 5.44
82 4589 5.44
82 4590 5.44
82 4591 5.44
82 4592 5.44
82 4593 5.44
83 4594 5.44
83 4595 5.44
83 4596 5.44
83 4597 5.44
83 4598 5.44
83 4599 5.44
83 4600 5.44
83 4601 5.44
83 4602 5.44
83 4603 5.44
83 4604 5.44
83 4605 5.44
83 4606 5.44
83 4607 5.44
83 4608 5.44
83 4609 5.44
83 4610 5.44
83 4611 5.44
83 4612 5.44
83 4613 5.44
83 4614 5.44
83 4615 5.44
83 4616 5.44
83 4617 5.44
83 4618 5.44
83 4619 5.44
83 4620 5.44
83 4621 5.44
83 4622 5.44
83 4623 5.44
83 4624 5.44
83 4625 5.44
83 4626 5.44
83 4627 5.44
83 4628 5.44
83 4629 5.44
83 4630 5.44
83 4631 5.44
83 4632 5.44
83 4633 5.44
83 4634 5.44
83 4635 5.44
83 4636 5.44
83 4637 5.44
83 4638 5.44
83 4639 5.44
83 4640 5.44
83 4641 5.44
83 4642 5.44
83 4643 5.44
83 4644 5.44
83 4645 5.44
83 4646 5.44
84 4647 5.44
84 4648 5.44
84 4649 5.44
84 4650 5.44
84 4651 5.44
84 4652 5.44
84 4653 5.44
84 4654 5.44
84 4655 5.44
84 4656 5.44
84 4657 5.44
84 4658 5.44
84 4659 5.44
84 4660 5.44
84 4661 5.44
84 4662 5.44
84 4663 5.44
84 4664 5.44
84 4665 5.44
84 4666 5.44
84 4667 5.44
84 4668 5.44
84 4669 5.44
84 4670 5.44
84 4671 5.44
84 4672 5.44
84 4673 5.44
84 4674 5.44
84 4675 5.44
84 4676 5.44
84 4677 5.44
84 4678 5.44
84 4679 5.44
84 4680 5.44
84 4681 5.44
84 4682 5.44
84 4683 5.44
84 4684 5.44
84 4685 5.44
84 4686 5.44
84 4687 5.44
84 4688 5.44
84 4689 5.44
84 4690 5.44
84 4691 5.44
84 4692 5.44
84 4693 5.44
84 4694 5.44
84 4695 5.44
84 4696 5.44
84 4697 5.44
84 4698 5.44
84 4699 5.44
84 4700 5.44
84 4701 5.44
84 4702 5.44
84 4703 5.44
84 4704 5.44
85 4705 5.44
85 4706 5.44
85 4707 5.44
85 4708 5.44
85 4709 5.44
85 4710 5.44
85 4711 5.44
85 4712 5.44
85 4713 5.44
85 4714 5.44
85 4715 5.44
85 4716 5.44
85 4717 5.44
85 4718 5.44
85 4719 5.44
85 4720 5.44
85 4721 5.44
85 4722 5.44
85 4723 5.44
85 4724 5.44
85 4725 5.44
85 4726 5.44
85 4727 5.44
85 4728 5.44
85 4729 5.44
85 4730 5.44
85 4731 5.44
85 4732 5.44
85 4733 5.44
85 4734 5.44
85 4735 5.44
85 4736 5.44
85 4737 5.44
85 4738 5.44
85 4739 5.44
85 4740 5.44
85 4741 5.44
85 4742 5.44
85 4743 5.44
85 4744 5.44
85 4745 5.44
85 4746 5.44
85 4747 5.44
85 4748 5.44
85 4749 5.44
85 4750 5.44
85 4751 5.44
85 4752 5.44
85 4753 5.44
85 4754 5.44
85 4755 5.44
85 4756 5.44
85 4757 5.44
85 4758 5.44
85 4759 5.44
86 4760 5.44
86 4761 5.44
86 4762 5.44
86 4763 5.44
86 4764 5.44
86 4765 5.44
86 4766 5.44
86 4767 5.44
86 4768 5.44
86 4769 5.44
86 4770 5.44
86 4771 5.44
86 4772 5.44
86 4773 5.44
86 4774 5.44
86 4775 5.44
86 4776 5.44
86 4777 5.44
86 4778 5.44
86 4779 5.44
86 4780 5.44
86 4781 5.44
86 4782 5.44
86 4783 5.44
86 4784 5.44
86 4785 5.44
86 4786 5.44
86 4787 5.44
86 4788 5.44
86 4789 5.44
86 4790 5.44
86 4791 5.44
86 4792 5.44
86 4793 5.44
86 4794 5.44
86 4795 5.44
86 4796 5.44
86 4797 5.44
86 4798 5.44
86 4799 5.44
86 4800 5.44
86 4801 5.44
86 4802 5.44
86 4803 5.44
86 4804 5.44
86 4805 5.44
86 4806 5.44
86 4807 5.44
86 4808 5.44
86 4809 5.44
86 4810 5.44
86 4811 5.44
86 4812 5.44
86 4813 5.44
87 4814 5.44
87 4815 5.44
87 4816 5.44
87 4817 5.44
87 4818 5.44
87 4819 5.44
87 4820 5.44
87 4821 5.44
87 4822 5.44
87 4823 5.44
87 4824 5.44
87 4825 5.44
87 4826 5.44
87 4827 5.44
87 4828 5.44
87 4829 5.44
87 4830 5.44
87 4831 5.44
87 4832 5.44
87 4833 5.44
87 4834 5.44
87 4835 5.44
87 4836 5.44
87 4837 5.44
87 4838 5.44
87 4839 5.44
87 4840 5.44
87 4841 5.44
87 4842 5.44
87 4843 5.44
87 4844 5.44
87 4845 5.44
87 4846 5.44
87 4847 5.44
87 4848 5.44
87 4849 5.44
87 4850 5.44
87 4851 5.44
87 4852 5.44
87 4853 5.44
87 4854 5.44
87 4855 5.44
87 4856 5.44
87 4857 5.44
87 4858 5.44
87 4859 5.44
87 4860 5.44
87 4861 5.44
87 4862 5.44
87 4863 5.44
87 4864 5.44
87 4865 5.44
87 4866 5.44
87 4867 5.44
87 4868 5.44
87 4869 5.44
87 4870 5.44
87 4871 5.44
87 4872 5.44
88 4873 5.44
88 4874 5.44
88 4875 5.44
88 4876 5.44
88 4877 5.44
88 4878 5.44
88 4879 5.44
88 4880 5.44
88 4881 5.44
88 4882 5.44
88 4883 5.44
88 4884 5.44
88 4885 5.44
88 4886 5.44
88 4887 5.44
88 4888 5.44
88 4889 5.44
88 4890 5.44
88 4891 5.44
88 4892 5.44
88 4893 5.44
88 4894 5.44
88 4895 5.44
88 4896 5.44
88 4897 5.44
88 4898 5.44
88 4899 5.44
88 4900 5.44
88 4901 5.44
88 4902 5.44
88 4903 5.44
88 4904 5.44
88 4905 5.44
88 4906 5.44
88 4907 5.44
88 4908 5.44
88 4909 5.44
88 4910 5.44
88 4911 5.44
88 4912 5.44
88 4913 5.44
88 4914 5.44
88 4915 5.44
88 4916 5.44
88 4917 5.44
88 4918 5.44
88 4919 5.44
88 4920 5.44
88 4921 5.44
88 4922 5.44
88 4923 5.44
88 4924 5.44
88 4925 5.44
88 4926 5.44
88 4927 5.44
88 4928 5.44
88 4929 5.44
89 4930 5.44
89 4931 5.44
89 4932 5.44
89 4933 5.44
89 4934 5.44
89 4935 5.44
89 4936 5.44
89 4937 5.44
89 4938 5.44
89 4939 5.44
89 4940 5.44
89 4941 5.44
89 4942 5.44
89 4943 5.44
89 4944 5.44
89 4945 5.44
89 4946 5.44
89 4947 5.44
89 4948 5.44
89 4949 5.44
89 4950 5.44
89 4951 5.44
89 4952 5.44
89 4953 5.44
89 4954 5.44
89 4955 5.44
89 4956 5.44
89 4957 5.44
89 4958 5.44
89 4959 5.44
89 4960 5.44
89 4961 5.44
89 4962 5.44
89 4963 5.44
89 4964 5.44
89 4965 5.44
89 4966 5.44
89 4967 5.44
89 4968 5.44
89 4969 5.44
89 4970 5.44
89 4971 5.44
89 4972 5.44
89 4973 5.44
89 4974 5.44
89 4975 5.44
89 4976 5.44
89 4977 5.44
89 4978 5.44
89 4979 5.44
89 4980 5.44
89 4981 5.44
89 4982 5.44
89 4983 5.44
89 4984 5.44
89 4985 5.44
89 4986 5.44
90 4987 5.44
90 4988 5.44
90 4989 5.44
90 4990 5.44
90 4991 5.44
90 4992 5.44
90 4993 5.44
90 4994 5.44
90 4995 5.44
90 4996 5.44
90 4997 5.44
90 4998 5.44
90 4999 5.44
90 5000 5.44
90 5001 5.44
90 5002 5.44
90 5003 5.44
90 5004 5.44
90 5005 5.44
90 5006 5.44
90 5007 5.44
90 5008 5.44
90 5009 5.44
90 5010 5.44
90 5011 5.44
90 5012 5.44
90 5013 5.44
90 5014 5.44
90 5015 5.44
90 5016 5.44
90 5017 5.44
90 5018 5.44
90 5019 5.44
90 5020 5.44
90 5021 5.44
90 5022 5.44
90 5023 5.44
90 5024 5.44
90 5025 5.44
90 5026 5.44
90 5027 5.44
90 5028 5.44
90 5029 5.44
90 5030 5.44
90 5031 5.44
90 5032 5.44
90 5033 5.44
90 5034 5.44
90 5035 5.44
90 5036 5.44
90 5037 5.44
90 5038 5.44
90 5039 5.44
90 5040 5.44
90 5041 5.44
91 5042 5.44
91 5043 5.44
91 5044 5.44
91 5045 5.44
91 5046 5.44
91 5047 5.44
91 5048 5.44
91 5049 5.44
91 5050 5.44
91 5051 5.44
91 5052 5.44
91 5053 5.44
91 5054 5.44
91 5055 5.44
91 5056 5.44
91 5057 5.44
91 5058 5.44
91 5059 5.44
91 5060 5.44
91 5061 5.44
91 5062 5.44
91 5063 5.44
91 5064 5.44
91 5065 5.44
91 5066 5.44
91 5067 5.44
91 5068 5.44
91 5069 5.44
91 5070 5.44
91 5071 5.44
91 5072 5.44
91 5073 5.44
91 5074 5.44
91 5075 5.44
91 5076 5.44
91 5077 5.44
91 5078 5.44
91 5079 5.44
91 5080 5.44
91 5081 5.44
91 5082 5.44
91 5083 5.44
91 5084 5.44
91 5085 5.44
91 5086 5.44
91 5087 5.44
91 5088 5.44
91 5089 5.44
91 5090 5.44
91 5091 5.44
91 5092 5.44
91 5093 5.44
91 5094 5.44
91 5095 5.44
92 5096 5.44
92 5097 5.44
92 5098 5.44
92 5099 5.44
92 5100 5.44
92 5101 5.44
92 5102 5.44
92 5103 5.44
92 5104 5.44
92 5105 5.44
92 5106 5.44
92 5107 5.44
92 5108 5.44
92 5109 5.44
92 5110 5.44
92 5111 5.44
92 5112 5.44
92 5113 5.44
92 5114 5.44
92 5115 5.44
92 5116 5.44
92 5117 5.44
92 5118 5.44
92 5119 5.44
92 5120 5.44
92 5121 5.44
92 5122 5.44
92 5123 5.44
92 5124 5.44
92 5125 5.44
92 5126 5.44
92 5127 5.44
92 5128 5.44
92 5129 5.44
92 5130 5.44
92 5131 5.44
92 5132 5.44
92 5133 5.44
92 5134 5.44
92 5135 5.44
92 5136 5.44
92 5137 5.44
92 5138 5.44
92 5139 5.44
92 5140 5.44
92 5141 5.44
92 5142 5.44
92 5143 5.44
92 5144 5.44
92 5145 5.44
92 5146 5.44
92 5147 5.44
92 5148 5.44
92 5149 5.44
92 5150 5.44
92 5151 5.44
93 5152 5.44
93 5153 5.44
93 5154 5.44
93 5155 5.44
93 5156 5.44
93 5157 5.44
93 5158 5.44
93 5159 5.44
93 5160 5.44
93 5161 5.44
93 5162 5.44
93 5163 5.44
93 5164 5.44
93 5165 5.44
93 5166 5.44
93 5167 5.44
93 5168 5.44
93 5169 5.44
93 5170 5.44
93 5171 5.44
93 5172 5.44
93 5173 5.44
93 5174 5.44
93 5175 5.44
93 5176 5.44
93 5177 5.44
93 5178 5.44
93 5179 5.44
93 5180 5.44
93 5181 5.44
93 5182 5.44
93 5183 5.44
93 5184 5.44
93 5185 5.44
93 5186 5.44
93 5187 5.44
93 5188 5.44
93 5189 5.44
93 5190 5.44
93 5191 5.44
93 5192 5.44
93 5193 5.44
93 5194 5.44
93 5195 5.44
93 5196 5.44
93 5197 5.44
93 5198 5.44
93 5199 5.44
93 5200 5.44
93 5201 5.44
93 5202 5.44
93 5203 5.44
93 5204 5.44
93 5205 5.44
93 5206 5.44
93 5207 5.44
93 5208 5.44
93 5209 5.44
94 5210 5.44
94 5211 5.44
94 5212 5.44
94 5213 5.44
94 5214 5.44
94 5215 5.44
94 5216 5.44
94 5217 5.44
94 5218 5.44
94 5219 5.44
94 5220 5.44
94 5221 5.44
94 5222 5.44
94 5223 5.44
94 5224 5.44
94 5225 5.44
94 5226 5.44
94 5227 5.44
94 5228 5.44
94 5229 5.44
94 5230 5.44
94 5231 5.44
94 5232 5.44
94 5233 5.44
94 5234 5.44
94 5235 5.44
94 5236 5.44
94 5237 5.44
94 5238 5.44
94 5239 5.44
94 5240 5.44
94 5241 5.44
94 5242 5.44
94 5243 5.44
94 5244 5.44
94 5245 5.44
94 5246 5.44
94 5247 5.44
94 5248 5.44
94 5249 5.44
94 5250 5.44
94 5251 5.44
94 5252 5.44
94 5253 5.44
94 5254 5.44
94 5255 5.44
94 5256 5.44
94 5257 5.44
94 5258 5.44
94 5259 5.44
94 5260 5.44
94 5261 5.44
94 5262 5.44
94 5263 5.44
94 5264 5.44
94 5265 5.44
94 5266 5.44
94 5267 5.44
94 5268 5.44
95 5269 5.44
95 5270 5.44
95 5271 5.44
95 5272 5.44
95 5273 5.44
95 5274 5.44
95 5275 5.44
95 5276 5.44
95 5277 5.44
95 5278 5.44
95 5279 5.44
95 5280 5.44
95 5281 5.44
95 5282 5.44
95 5283 5.44
95 5284 5.44
95 5285 5.44
95 5286 5.44
95 5287 5.44
95 5288 5.44
95 5289 5.44
95 5290 5.44
95 5291 5.44
95 5292 5.44
95 5293 5.44
95 5294 5.44
95 5295 5.44
95 5296 5.44
95 5297 5.44
95 5298 5.44
95 5299 5.44
95 5300 5.44
95 5301 5.44
95 5302 5.44
95 5303 5.44
95 5304 5.44
95 5305 5.44
95 5306 5.44
95 5307 5.44
95 5308 5.44
95 5309 5.44
95 5310 5.44
95 5311 5.44
95 5312 5.44
95 5313 5.44
95 5314 5.44
95 5315 5.44
95 5316 5.44
95 5317 5.44
95 5318 5.44
95 5319 5.44
95 5320 5.44
95 5321 5.44
95 5322 5.44
96 5323 5.44
96 5324 5.44
96 5325 5.44
96 5326 5.44
96 5327 5.44
96 5328 5.44
96 5329 5.44
96 5330 5.44
96 5331 5.44
96 5332 5.44
96 5333 5.44
96 5334 5.44
96 5335 5.44
96 5336 5.44
96 5337 5.44
96 5338 5.44
96 5339 5.44
96 5340 5.44
96 5341 5.44
96 5342 5.44
96 5343 5.44
96 5344 5.44
96 5345 5.44
96 5346 5.44
96 5347 5.44
96 5348 5.44
96 5349 5.44
96 5350 5.44
96 5351 5.44
96 5352 5.44
96 5353 5.44
96 5354 5.44
96 5355 5.44
96 5356 5.44
96 5357 5.44
96 5358 5.44
96 5359 5.44
96 5360 5.44
96 5361 5.44
96 5362 5.44
96 5363 5.44
96 5364 5.44
96 5365 5.44
96 5366 5.44
96 5367 5.44
96 5368 5.44
96 5369 5.44
96 5370 5.44
96 5371 5.44
97 5372 5.44
97 5373 5.44
97 5374 5.44
97 5375 5.44
97 5376 5.44
97 5377 5.44
97 5378 5.44
97 5379 5.44
97 5380 5.44
97 5381 5.44
97 5382 5.44
97 5383 5.44
97 5384 5.44
97 5385 5.44
97 5386 5.44
97 5387 5.44
97 5388 5.44
97 5389 5.44
97 5390 5.44
97 5391 5.44
97 5392 5.44
97 5393 5.44
97 5394 5.44
97 5395 5.44
97 5396 5.44
97 5397 5.44
97 5398 5.44
97 5399 5.44
97 5400 5.44
97 5401 5.44
97 5402 5.44
97 5403 5.44
97 5404 5.44
97 5405 5.44
97 5406 5.44
97 5407 5.44
97 5408 5.44
97 5409 5.44
97 5410 5.44
97 5411 5.44
97 5412 5.44
97 5413 5.44
97 5414 5.44
97 5415 5.44
97 5416 5.44
97 5417 5.44
97 5418 5.44
97 5419 5.44
97 5420 5.44
97 5421 5.44
97 5422 5.44
97 5423 5.44
98 5424 5.44
98 5425 5.44
98 5426 5.44
98 5427 5.44
98 5428 5.44
98 5429 5.44
98 5430 5.44
98 5431 5.44
98 5432 5.44
98 5433 5.44
98 5434 5.44
98 5435 5.44
98 5436 5.44
98 5437 5.44
98 5438 5.44
98 5439 5.44
98 5440 5.44
98 5441 5.44
98 5442 5.44
98 5443 5.44
98 5444 5.44
98 5445 5.44
98 5446 5.44
98 5447 5.44
98 5448 5.44
98 5449 5.44
98 5450 5.44
98 5451 5.44
98 5452 5.44
98 5453 5.44
98 5454 5.44
98 5455 5.44
98 5456 5.44
98 5457 5.44
98 5458 5.44
98 5459 5.44
98 5460 5.44
98 5461 5.44
98 5462 5.44
98 5463 5.44
98 5464 5.44
98 5465 5.44
98 5466 5.44
98 5467 5.44
98 5468 5.44
98 5469 5.44
98 5470 5.44
98 5471 5.44
98 5472 5.44
98 5473 5.44
98 5474 5.44
98 5475 5.44
98 5476 5.44
98 5477 5.44
98 5478 5.44
98 5479 5.44
98 5480 5.44
99 5481 5.44
99 5482 5.44
99 5483 5.44
99 5484 5.44
99 5485 5.44
99 5486 5.44
99 5487 5.44
99 5488 5.44
99 5489 5.44
99 5490 5.44
99 5491 5.44
99 5492 5.44
99 5493 5.44
99 5494 5.44
99 5495 5.44
99 5496 5.44
99 5497 5.44
99 5498 5.44
99 5499 5.44
99 5500 5.44
99 5501 5.44
99 5502 5.44
99 5503 5.44
99 5504 5.44
99 5505 5.44
99 5506 5.44
99 5507 5.44
99 5508 5.44
99 5509 5.44
99 5510 5.44
99 5511 5.44
99 5512 5.44
99 5513 5.44
99 5514 5.44
99 5515 5.44
99 5516 5.44
99 5517 5.44
99 5518 5.44
99 5519 5.44
99 5520 5.44
99 5521 5.44
99 5522 5.44
99 5523 5.44
99 5524 5.44
99 5525 5.44
99 5526 5.44
99 5527 5.44
99 5528 5.44
99 5529 5.44
99 5530 5.44
99 5531 5.44
99 5532 5.44
99 5533 5.44
99 5534 5.44
99 5535 5.44
100 5536 5.44
100 5537 5.44
100 5538 5.44
100 5539 5.44
100 5540 5.44
100 5541 5.44
100 5542 5.44
100 5543 5.44
100 5544 5.44
100 5545 5.44
100 5546 5.44
100 5547 5.44
100 5548 5.44
100 5549 5.44
100 5550 5.44
100 5551 5.44
100 5552 5.44
100 5553 5.44
100 5554 5.44
100 5555 5.44
100 5556 5.44
100 5557 5.44
100 5558 5.44
100 5559 5.44
100 5560 5.44
100 5561 5.44
100 5562 5.44
100 5563 5.44
100 5564 5.44
100 5565 5.44
100 5566 5.44
100 5567 5.44
100 5568 5.44
100 5569 5.44
100 5570 5.44
100 5571 5.44
100 5572 5.44
100 5573 5.44
100 5574 5.44
100 5575 5.44
100 5576 5.44
100 5577 5.44
100 5578 5.44
100 5579 5.44
100 5580 5.44
100 5581 5.44
100 5582 5.44
100 5583 5.44
100 5584 5.44
100 5585 5.44
100 5586 5.44
100 5587 5.44
100 5588 5.44
100 5589 5.44
101 5590 5.44
101 5591 5.44
101 5592 5.44
101 5593 5.44
101 5594 5.44
101 5595 5.44
101 5596 5.44
101 5597 5.44
101 5598 5.44
101 5599 5.44
101 5600 5.44
101 5601 5.44
101 5602 5.44
101 5603 5.44
101 5604 5.44
101 5605 5.44
101 5606 5.44
101 5607 5.44
101 5608 5.44
101 5609 5.44
101 5610 5.44
101 5611 5.44
101 5612 5.44
101 5613 5.44
101 5614 5.44
101 5615 5.44
101 5616 5.44
101 5617 5.44
101 5618 5.44
101 5619 5.44
101 5620 5.44
101 5621 5.44
101 5622 5.44
101 5623 5.44
101 5624 5.44
101 5625 5.44
101 5626 5.44
101 5627 5.44
101 5628 5.44
101 5629 5.44
101 5630 5.44
101 5631 5.44
101 5632 5.44
101 5633 5.44
101 5634 5.44
101 5635 5.44
101 5636 5.44
101 5637 5.44
101 5638 5.44
101 5639 5.44
101 5640 5.44
101 5641 5.44
101 5642 5.44
101 5643 5.44
101 5644 5.44
101 5645 5.44
101 5646 5.44
101 5647 5.44
102 5648 5.44
102 5649 5.44
102 5650 5.44
102 5651 5.44
102 5652 5.44
102 5653 5.44
102 5654 5.44
102 5655 5.44
102 5656 5.44
102 5657 5.44
102 5658 5.44
102 5659 5.44
102 5660 5.44
102 5661 5.44
102 5662 5.44
102 5663 5.44
102 5664 5.44
102 5665 5.44
102 5666 5.44
102 5667 5.44
102 5668 5.44
102 5669 5.44
102 5670 5.44
102 5671 5.44
102 5672 5.44
102 5673 5.44
102 5674 5.44
102 5675 5.44
102 5676 5.44
102 5677 5.44
102 5678 5.44
102 5679 5.44
102 5680 5.44
102 5681 5.44
102 5682 5.44
102 5683 5.44
102 5684 5.44
102 5685 5.44
102 5686 5.44
102 5687 5.44
102 5688 5.44
102 5689 5.44
102 5690 5.44
102 5691 5.44
102 5692 5.44
102 5693 5.44
102 5694 5.44
102 5695 5.44
102 5696 5.44
102 5697 5.44
102 5698 5.44
102 5699 5.44
102 5700 5.44
102 5701 5.44
102 5702 5.44
103 5703 5.44
103 5704 5.44
103 5705 5.44
103 5706 5.44
103 5707 5.44
103 5708 5.44
103 5709 5.44
103 5710 5.44
103 5711 5.44
103 5712 5.44
103 5713 5.44
103 5714 5.44
103 5715 5.44
103 5716 5.44
103 5717 5.44
103 5718 5.44
103 5719 5.44
103 5720 5.44
103 5721 5.44
103 5722 5.44
103 5723 5.44
103 5724 5.44
103 5725 5.44
103 5726 5.44
103 5727 5.44
103 5728 5.44
103 5729 5.44
103 5730 5.44
103 5731 5.44
103 5732 5.44
103 5733 5.44
103 5734 5.44
103 5735 5.44
103 5736 5.44
103 5737 5.44
103 5738 5.44
103 5739 5.44
103 5740 5.44
103 5741 5.44
103 5742 5.44
103 5743 5.44
103 5744 5.44
103 5745 5.44
103 5746 5.44
103 5747 5.44
103 5748 5.44
103 5749 5.44
103 5750 5.44
103 5751 5.44
103 5752 5.44
103 5753 5.44
103 5754 5.44
103 5755 5.44
103 5756 5.44
103 5757 5.44
103 5758 5.44
104 5759 5.44
104 5760 5.44
104 5761 5.44
104 5762 5.44
104 5763 5.44
104 5764 5.44
104 5765 5.44
104 5766 5.44
104 5767 5.44
104 5768 5.44
104 5769 5.44
104 5770 5.44
104 5771 5.44
104 5772 5.44
104 5773 5.44
104 5774 5.44
104 5775 5.44
104 5776 5.44
104 5777 5.44
104 5778 5.44
104 5779 5.44
104 5780 5.44
104 5781 5.44
104 5782 5.44
104 5783 5.44
104 5784 5.44
104 5785 5.44
104 5786 5.44
104 5787 5.44
104 5788 5.44
104 5789 5.44
104 5790 5.44
104 5791 5.44
104 5792 5.44
104 5793 5.44
104 5794 5.44
104 5795 5.44
104 5796 5.44
104 5797 5.44
104 5798 5.44
104 5799 5.44
104 5800 5.44
104 5801 5.44
104 5802 5.44
104 5803 5.44
104 5804 5.44
104 5805 5.44
104 5806 5.44
104 5807 5.44
104 5808 5.44
104 5809 5.44
104 5810 5.44
104 5811 5.44
105 5812 5.44
105 5813 5.44
105 5814 5.44
105 5815 5.44
105 5816 5.44
105 5817 5.44
105 5818 5.44
105 5819 5.44
105 5820 5.44
105 5821 5.44
105 5822 5.44
105 5823 5.44
105 5824 5.44
105 5825 5.44
105 5826 5.44
105 5827 5.44
105 5828 5.44
105 5829 5.44
105 5830 5.44
105 5831 5.44
105 5832 5.44
105 5833 5.44
105 5834 5.44
105 5835 5.44
105 5836 5.44
105 5837 5.44
105 5838 5.44
105 5839 5.44
105 5840 5.44
105 5841 5.44
105 5842 5.44
105 5843 5.44
105 5844 5.44
105 5845 5.44
105 5846 5.44
105 5847 5.44
105 5848 5.44
105 5849 5.44
105 5850 5.44
105 5851 5.44
105 5852 5.44
105 5853 5.44
105 5854 5.44
105 5855 5.44
105 5856 5.44
105 5857 5.44
105 5858 5.44
105 5859 5.44
105 5860 5.44
105 5861 5.44
105 5862 5.44
105 5863 5.44
105 5864 5.44
105 5865 5.44
105 5866 5.44
105 5867 5.44
105 5868 5.44
106 5869 5.44
106 5870 5.44
106 5871 5.44
106 5872 5.44
106 5873 5.44
106 5874 5.44
106 5875 5.44
106 5876 5.44
106 5877 5.44
106 5878 5.44
106 5879 5.44
106 5880 5.44
106 5881 5.44
106 5882 5.44
106 5883 5.44
106 5884 5.44
106 5885 5.44
106 5886 5.44
106 5887 5.44
106 5888 5.44
106 5889 5.44
106 5890 5.44
106 5891 5.44
106 5892 5.44
106 5893 5.44
106 5894 5.44
106 5895 5.44
106 5896 5.44
106 5897 5.44
106 5898 5.44
106 5899 5.44
106 5900 5.44
106 5901 5.44
106 5902 5.44
106 5903 5.44
106 5904 5.44
106 5905 5.44
106 5906 5.44
106 5907 5.44
106 5908 5.44
106 5909 5.44
106 5910 5.44
106 5911 5.44
106 5912 5.44
106 5913 5.44
106 5914 5.44
106 5915 5.44
106 5916 5.44
106 5917 5.44
106 5918 5.44
106 5919 5.44
106 5920 5.44
106 5921 5.44
106 5922 5.44
106 5923 5.44
107 5924 5.44
107 5925 5.44
107 5926 5.44
107 5927 5.44
107 5928 5.44
107 5929 5.44
107 5930 5.44
107 5931 5.44
107 5932 5.44
107 5933 5.44
107 5934 5.44
107 5935 5.44
107 5936 5.44
107 5937 5.44
107 5938 5.44
107 5939 5.44
107 5940 5.44
107 5941 5.44
107 5942 5.44
107 5943 5.44
107 5944 5.44
107 5945 5.44
107 5946 5.44
107 5947 5.44
107 5948 5.44
107 5949 5.44
107 5950 5.44
107 5951 5.44
107 5952 5.44
107 5953 5.44
107 5954 5.44
107 5955 5.44
107 5956 5.44
107 5957 5.44
107 5958 5.44
107 5959 5.44
107 5960 5.44
107 5961 5.44
107 5962 5.44
107 5963 5.44
107 5964 5.44
107 5965 5.44
107 5966 5.44
107 5967 5.44
107 5968 5.44
107 5969 5.44
107 5970 5.44
107 5971 5.44
107 5972 5.44
107 5973 5.44
107 5974 5.44
107 5975 5.44
107 5976 5.44
108 5977 5.44
108 5978 5.44
108 5979 5.44
108 5980 5.44
108 5981 5.44
108 5982 5.44
108 5983 5.44
108 5984 5.44
108 5985 5.44
108 5986 5.44
108 5987 5.44
108 5988 5.44
108 5989 5.44
108 5990 5.44
108 5991 5.44
108 5992 5.44
108 5993 5.44
108 5994 5.44
108 5995 5.44
108 5996 5.44
108 5997 5.44
108 5998 5.44
108 5999 5.44
108 6000 5.44
108 6001 5.44
108 6002 5.44
108 6003 5.44
108 6004 5.44
108 6005 5.44
108 6006 5.44
108 6007 5.44
108 6008 5.44
108 6009 5.44
108 6010 5.44
108 6011 5.44
108 6012 5.44
108 6013 5.44
108 6014 5.44
108 6015 5.44
108 6016 5.44
108 6017 5.44
108 6018 5.44
108 6019 5.44
108 6020 5.44
108 6021 5.44
108 6022 5.44
108 6023 5.44
108 6024 5.44
108 6025 5.44
108 6026 5.44
108 6027 5.44
108 6028 5.44
108 6029 5.44
108 6030 5.44
108 6031 5.44
108 6032 5.44
109 6033 5.44
109 6034 5.44
109 6035 5.44
109 6036 5.44
109 6037 5.44
109 6038 5.44
109 6039 5.44
109 6040 5.44
109 6041 5.44
109 6042 5.44
109 6043 5.44
109 6044 5.44
109 6045 5.44
109 6046 5.44
109 6047 5.44
109 6048 5.44
109 6049 5.44
109 6050 5.44
109 6051 5.44
109 6052 5.44
109 6053 5.44
109 6054 5.44
109 6055 5.44
109 6056 5.44
109 6057 5.44
109 6058 5.44
109 6059 5.44
109 6060 5.44
109 6061 5.44
109 6062 5.44
109 6063 5.44
109 6064 5.44
109 6065 5.44
109 6066 5.44
109 6067 5.44
109 6068 5.44
109 6069 5.44
109 6070 5.44
109 6071 5.44
109 6072 5.44
109 6073 5.44
109 6074 5.44
109 6075 5.44
109 6076 5.44
109 6077 5.44
109 6078 5.44
109 6079 5.44
109 6080 5.44
109 6081 5.44
109 6082 5.44
109 6083 5.44
109 6084 5.44
109 6085 5.44
109 6086 5.44
109 6087 5.44
109 6088 5.44
109 6089 5.44
110 6090 5.44
110 6091 5.44
110 6092 5.44
110 6093 5.44
110 6094 5.44
110 6095 5.44
110 6096 5.44
110 6097 5.44
110 6098 5.44
110 6099 5.44
110 6100 5.44
110 6101 5.44
110 6102 5.44
110 6103 5.44
110 6104 5.44
110 6105 5.44
110 6106 5.44
110 6107 5.44
110 6108 5.44
110 6109 5.44
110 6110 5.44
110 6111 5.44
110 6112 5.44
110 6113 5.44
110 6114 5.44
110 6115 5.44
110 6116 5.44
110 6117 5.44
110 6118 5.44
110 6119 5.44
110 6120 5.44
110 6121 5.44
110 6122 5.44
110 6123 5.44
110 6124 5.44
110 6125 5.44
110 6126 5.44
110 6127 5.44
110 6128 5.44
110 6129 5.44
110 6130 5.44
110 6131 5.44
110 6132 5.44
110 6133 5.44
110 6134 5.44
110 6135 5.44
110 6136 5.44
110 6137 5.44
110 6138 5.44
110 6139 5.44
110 6140 5.44
110 6141 5.44
110 6142 5.44
110 6143 5.44
110 6144 5.44
111 6145 5.44
111 6146 5.44
111 6147 5.44
111 6148 5.44
111 6149 5.44
111 6150 5.44
111 6151 5.44
111 6152 5.44
111 6153 5.44
111 6154 5.44
111 6155 5.44
111 6156 5.44
111 6157 5.44
111 6158 5.44
111 6159 5.44
111 6160 5.44
111 6161 5.44
111 6162 5.44
111 6163 5.44
111 6164 5.44
111 6165 5.44
111 6166 5.44
111 6167 5.44
111 6168 5.44
111 6169 5.44
111 6170 5.44
111 6171 5.44
111 6172 5.44
111 6173 5.44
111 6174 5.44
111 6175 5.44
111 6176 5.44
111 6177 5.44
111 6178 5.44
111 6179 5.44
111 6180 5.44
111 6181 5.44
111 6182 5.44
111 6183 5.44
111 6184 5.44
111 6185 5.44
111 6186 5.44
111 6187 5.44
111 6188 5.44
111 6189 5.44
111 6190 5.44
111 6191 5.44
111 6192 5.44
111 6193 5.44
111 6194 5.44
111 6195 5.44
111 6196 5.44
111 6197 5.44
111 6198 5.44
111 6199 5.44
111 6200 5.44
111 6201 5.44
111 6202 5.44
112 6203 5.44
112 6204 5.44
112 6205 5.44
112 6206 5.44
112 6207 5.44
112 6208 5.44
112 6209 5.44
112 6210 5.44
112 6211 5.44
112 6212 5.44
112 6213 5.44
112 6214 5.44
112 6215 5.44
112 6216 5.44
112 6217 5.44
112 6218 5.44
112 6219 5.44
112 6220 5.44
112 6221 5.44
112 6222 5.44
112 6223 5.44
112 6224 5.44
112 6225 5.44
112 6226 5.44
112 6227 5.44
112 6228 5.44
112 6229 5.44
112 6230 5.44
112 6231 5.44
112 6232 5.44
112 6233 5.44
112 6234 5.44
112 6235 5.44
112 6236 5.44
112 6237 5.44
112 6238 5.44
112 6239 5.44
112 6240 5.44
112 6241 5.44
112 6242 5.44
112 6243 5.44
112 6244 5.44
112 6245 5.44
112 6246 5.44
112 6247 5.44
112 6248 5.44
112 6249 5.44
112 6250 5.44
112 6251 5.44
112 6252 5.44
112 6253 5.44
112 6254 5.44
112 6255 5.44
112 6256 5.44
112 6257 5.44
112 6258 5.44
113 6259 5.44
113 6260 5.44
113 6261 5.44
113 6262 5.44
113 6263 5.44
113 6264 5.44
113 6265 5.44
113 6266 5.44
113 6267 5.44
113 6268 5.44
113 6269 5.44
113 6270 5.44
113 6271 5.44
113 6272 5.44
113 6273 5.44
113 6274 5.44
113 6275 5.44
113 6276 5.44
113 6277 5.44
113 6278 5.44
113 6279 5.44
113 6280 5.44
113 6281 5.44
113 6282 5.44
113 6283 5.44
113 6284 5.44
113 6285 5.44
113 6286 5.44
113 6287 5.44
113 6288 5.44
113 6289 5.44
113 6290 5.44
113 6291 5.44
113 6292 5.44
113 6293 5.44
113 6294 5.44
113 6295 5.44
113 6296 5.44
113 6297 5.44
113 6298 5.44
113 6299 5.44
113 6300 5.44
113 6301 5.44
113 6302 5.44
113 6303 5.44
113 6304 5.44
113 6305 5.44
113 6306 5.44
113 6307 5.44
113 6308 5.44
113 6309 5.44
113 6310 5.44
113 6311 5.44
113 6312 5.44
113 6313 5.44
113 6314 5.44
114 6315 5.44
114 6316 5.44
114 6317 5.44
114 6318 5.44
114 6319 5.44
114 6320 5.44
114 6321 5.44
114 6322 5.44
114 6323 5.44
114 6324 5.44
114 6325 5.44
114 6326 5.44
114 6327 5.44
114 6328 5.44
114 6329 5.44
114 6330 5.44
114 6331 5.44
114 6332 5.44
114 6333 5.44
114 6334 5.44
114 6335 5.44
114 6336 5.44
114 6337 5.44
114 6338 5.44
114 6339 5.44
114 6340 5.44
114 6341 5.44
114 6342 5.44
114 6343 5.44
114 6344 5.44
114 6345 5.44
114 6346 5.44
114 6347 5.44
114 6348 5.44
114 6349 5.44
114 6350 5.44
114 6351 5.44
114 6352 5.44
114 6353 5.44
114 6354 5.44
114 6355 5.44
114 6356 5.44
114 6357 5.44
114 6358 5.44
114 6359 5.44
114 6360 5.44
114 6361 5.44
114 6362 5.44
114 6363 5.44
114 6364 5.44
114 6365 5.44
114 6366 5.44
114 6367 5.44
114 6368 5.44
114 6369 5.44
114 6370 5.44
115 6371 5.44
115 6372 5.44
115 6373 5.44
115 6374 5.44
115 6375 5.44
115 6376 5.44
115 6377 5.44
115 6378 5.44
115 6379 5.44
115 6380 5.44
115 6381 5.44
115 6382 5.44
115 6383 5.44
115 6384 5.44
115 6385 5.44
115 6386 5.44
115 6387 5.44
115 6388 5.44
115 6389 5.44
115 6390 5.44
115 6391 5.44
115 6392 5.44
115 6393 5.44
115 6394 5.44
115 6395 5.44
115 6396 5.44
115 6397 5.44
115 6398 5.44
115 6399 5.44
115 6400 5.44
115 6401 5.44
115 6402 5.44
115 6403 5.44
115 6404 5.44
115 6405 5.44
115 6406 5.44
115 6407 5.44
115 6408 5.44
115 6409 5.44
115 6410 5.44
115 6411 5.44
115 6412 5.44
115 6413 5.44
115 6414 5.44
115 6415 5.44
115 6416 5.44
115 6417 5.44
115 6418 5.44
115 6419 5.44
115 6420 5.44
115 6421 5.44
115 6422 5.44
115 6423 5.44
116 6424 5.44
116 6425 5.44
116 6426 5.44
116 6427 5.44
116 6428 5.44
116 6429 5.44
116 6430 5.44
116 6431 5.44
116 6432 5.44
116 6433 5.44
116 6434 5.44
116 6435 5.44
116 6436 5.44
116 6437 5.44
116 6438 5.44
116 6439 5.44
116 6440 5.44
116 6441 5.44
116 6442 5.44
116 6443 5.44
116 6444 5.44
116 6445 5.44
116 6446 5.44
116 6447 5.44
116 6448 5.44
116 6449 5.44
116 6450 5.44
116 6451 5.44
116 6452 5.44
116 6453 5.44
116 6454 5.44
116 6455 5.44
116 6456 5.44
116 6457 5.44
116 6458 5.44
116 6459 5.44
116 6460 5.44
116 6461 5.44
116 6462 5.44
116 6463 5.44
116 6464 5.44
116 6465 5.44
116 6466 5.44
116 6467 5.44
116 6468 5.44
116 6469 5.44
116 6470 5.44
116 6471 5.44
116 6472 5.44
116 6473 5.44
116 6474 5.44
116 6475 5.44
116 6476 5.44
117 6477 5.44
117 6478 5.44
117 6479 5.44
117 6480 5.44
117 6481 5.44
117 6482 5.44
117 6483 5.44
117 6484 5.44
117 6485 5.44
117 6486 5.44
117 6487 5.44
117 6488 5.44
117 6489 5.44
117 6490 5.44
117 6491 5.44
117 6492 5.44
117 6493 5.44
117 6494 5.44
117 6495 5.44
117 6496 5.44
117 6497 5.44
117 6498 5.44
117 6499 5.44
117 6500 5.44
117 6501 5.44
117 6502 5.44
117 6503 5.44
117 6504 5.44
117 6505 5.44
117 6506 5.44
117 6507 5.44
117 6508 5.44
117 6509 5.44
117 6510 5.44
117 6511 5.44
117 6512 5.44
117 6513 5.44
117 6514 5.44
117 6515 5.44
117 6516 5.44
117 6517 5.44
117 6518 5.44
117 6519 5.44
117 6520 5.44
117 6521 5.44
117 6522 5.44
117 6523 5.44
117 6524 5.44
117 6525 5.44
117 6526 5.44
118 6527 5.44
118 6528 5.44
118 6529 5.44
118 6530 5.44
118 6531 5.44
118 6532 5.44
118 6533 5.44
118 6534 5.44
118 6535 5.44
118 6536 5.44
118 6537 5.44
118 6538 5.44
118 6539 5.44
118 6540 5.44
118 6541 5.44
118 6542 5.44
118 6543 5.44
118 6544 5.44
118 6545 5.44
118 6546 5.44
118 6547 5.44
118 6548 5.44
118 6549 5.44
118 6550 5.44
118 6551 5.44
118 6552 5.44
118 6553 5.44
118 6554 5.44
118 6555 5.44
118 6556 5.44
118 6557 5.44
118 6558 5.44
118 6559 5.44
118 6560 5.44
118 6561 5.44
118 6562 5.44
118 6563 5.44
118 6564 5.44
118 6565 5.44
118 6566 5.44
118 6567 5.44
118 6568 5.44
118 6569 5.44
118 6570 5.44
118 6571 5.44
118 6572 5.44
118 6573 5.44
118 6574 5.44
118 6575 5.44
118 6576 5.44
118 6577 5.44
118 6578 5.44
118 6579 5.44
118 6580 5.44
118 6581 5.44
118 6582 5.44
118 6583 5.44
119 6584 5.44
119 6585 5.44
119 6586 5.44
119 6587 5.44
119 6588 5.44
119 6589 5.44
119 6590 5.44
119 6591 5.44
119 6592 5.44
119 6593 5.44
119 6594 5.44
119 6595 5.44
119 6596 5.44
119 6597 5.44
119 6598 5.44
119 6599 5.44
119 6600 5.44
119 6601 5.44
119 6602 5.44
119 6603 5.44
119 6604 5.44
119 6605 5.44
119 6606 5.44
119 6607 5.44
119 6608 5.44
119 6609 5.44
119 6610 5.44
119 6611 5.44
119 6612 5.44
119 6613 5.44
119 6614 5.44
119 6615 5.44
119 6616 5.44
119 6617 5.44
119 6618 5.44
119 6619 5.44
119 6620 5.44
119 6621 5.44
119 6622 5.44
119 6623 5.44
119 6624 5.44
119 6625 5.44
119 6626 5.44
119 6627 5.44
119 6628 5.44
119 6629 5.44
119 6630 5.44
119 6631 5.44
119 6632 5.44
119 6633 5.44
119 6634 5.44
119 6635 5.44
119 6636 5.44
119 6637 5.44
119 6638 5.44
119 6639 5.44
119 6640 5.44
119 6641 5.44
120 6642 5.44
120 6643 5.44
120 6644 5.44
120 6645 5.44
120 6646 5.44
120 6647 5.44
120 6648 5.44
120 6649 5.44
120 6650 5.44
120 6651 5.44
120 6652 5.44
120 6653 5.44
120 6654 5.44
120 6655 5.44
120 6656 5.44
120 6657 5.44
120 6658 5.44
120 6659 5.44
120 6660 5.44
120 6661 5.44
120 6662 5.44
120 6663 5.44
120 6664 5.44
120 6665 5.44
120 6666 5.44
120 6667 5.44
120 6668 5.44
120 6669 5.44
120 6670 5.44
120 6671 5.44
120 6672 5.44
120 6673 5.44
120 6674 5.44
120 6675 5.44
120 6676 5.44
120 6677 5.44
120 6678 5.44
120 6679 5.44
120 6680 5.44
120 6681 5.44
120 6682 5.44
120 6683 5.44
120 6684 5.44
120 6685 5.44
120 6686 5.44
120 6687 5.44
120 6688 5.44
120 6689 5.44
120 6690 5.44
120 6691 5.44
120 6692 5.44
120 6693 5.44
120 6694 5.44
120 6695 5.44
120 6696 5.44
120 6697 5.44
120 6698 5.44
120 6699 5.44
120 6700 5.44
121 6701 5.44
