0 1 99.02999999999999
0 2 93.77999999999997
0 3 93.77999999999997
0 4 93.32999999999998
1 5 87.37999999999998
1 6 87.37999999999998
1 7 86.73999999999998
1 8 86.73999999999998
1 9 85.46
1 10 84.17999999999998
1 11 82.26999999999998
1 12 81.42999999999998
1 13 81.42999999999998
1 14 79.16999999999999
1 15 78.86999999999998
1 16 78.86999999999998
1 17 77.58999999999997
1 18 77.57999999999998
1 19 76.01999999999997
1 20 76.01999999999997
1 21 75.82999999999997
1 22 74.85999999999997
1 23 74.58999999999997
1 24 72.27999999999997
1 25 72.19999999999997
1 26 69.72
1 27 69.72
1 28 68.92
1 29 68.4
1 30 68.24000000000001
1 31 68.17
1 32 68.08
1 33 66.80000000000001
1 34 66.80000000000001
1 35 66.79
1 36 66.79
1 37 66.71
1 38 66.55
1 39 66.45
1 40 65.92
2 41 65.92
2 42 63.849999999999994
2 43 63.80999999999999
2 44 63.209999999999994
2 45 63.209999999999994
2 46 63.17
2 47 62.150000000000006
2 48 62.150000000000006
2 49 61.989999999999995
2 50 60.390000000000015
2 51 60.390000000000015
2 52 59.95
2 53 59.95
2 54 59.81
2 55 59.650000000000006
2 56 59.55
2 57 58.47
2 58 58.47
2 59 58.39
2 60 57.879999999999995
2 61 57.8
2 62 56.620000000000005
2 63 56.620000000000005
2 64 56.3
2 65 56.3
2 66 56.059999999999995
2 67 55.82
2 68 55.14000000000001
2 69 55.14000000000001
2 70 55.13
2 71 54.98000000000001
2 72 53.86000000000001
2 73 53.86000000000001
2 74 53.86000000000001
2 75 53.220000000000006
2 76 52.580000000000005
2 77 52.580000000000005
2 78 52.46
2 79 52.46
2 80 52.26000000000001
2 81 51.940000000000005
2 82 50.45000000000001
2 83 50.45000000000001
2 84 50.37
2 85 50.12000000000001
2 86 50.12000000000001
2 87 49.970000000000006
3 88 49.949999999999996
3 89 49.330000000000005
3 90 49.330000000000005
3 91 49.25000000000001
3 92 49.11000000000001
3 93 47.92000000000001
3 94 47.92000000000001
3 95 47.910000000000004
3 96 47.680000000000014
3 97 47.680000000000014
3 98 47.660000000000004
3 99 47.36000000000001
3 100 47.350000000000016
3 101 47.2
3 102 47.19000000000001
3 103 47.12000000000001
3 104 46.56000000000001
3 105 46.56000000000001
3 106 46.56000000000001
3 107 45.28
3 108 45.28
3 109 45.24
3 110 43.68
3 111 43.68
3 112 43.6
3 113 43.6
3 114 43.540000000000006
3 115 43.540000000000006
3 116 43.52
3 117 43.52
3 118 43.50000000000001
3 119 43.18000000000001
3 120 43.02
3 121 43.02
3 122 42.97
3 123 42.97
3 124 42.97
3 125 41.61
3 126 41.61
4 127 41.61
4 128 41.57
4 129 41.03
4 130 41.03
4 131 38.99
4 132 38.99
4 133 38.470000000000006
4 134 38.470000000000006
4 135 38.31000000000001
4 136 37.470000000000006
4 137 37.470000000000006
4 138 37.470000000000006
4 139 35.9
4 140 35.9
4 141 35.74
4 142 35.699999999999996
4 143 35.62
4 144 35.62
4 145 35.61
4 146 35.46
4 147 35.46
4 148 35.38
4 149 34.76
4 150 34.76
4 151 32.82
4 152 32.82
4 153 32.62
4 154 32.53
4 155 32.53
4 156 32.53
4 157 32.49
4 158 32.49
4 159 32.480000000000004
4 160 30.490000000000002
4 161 30.48
4 162 30.48
4 163 29.909999999999997
4 164 29.869999999999997
4 165 29.869999999999997
4 166 29.869999999999997
4 167 29.79
5 168 28.869999999999997
5 169 28.869999999999997
5 170 27.870000000000005
5 171 27.870000000000005
5 172 27.870000000000005
5 173 27.870000000000005
5 174 27.17
5 175 27.17
5 176 27.17
5 177 27.060000000000002
5 178 27.060000000000002
5 179 27.060000000000002
5 180 27.060000000000002
5 181 27.050000000000004
5 182 25.490000000000002
5 183 25.490000000000002
5 184 25.490000000000002
5 185 25.410000000000004
5 186 25.410000000000004
5 187 25.410000000000004
5 188 25.410000000000004
5 189 25.410000000000004
5 190 25.410000000000004
5 191 25.400000000000006
5 192 25.400000000000006
5 193 25.310000000000002
5 194 25.300000000000004
5 195 25.260000000000005
5 196 25.260000000000005
5 197 25.260000000000005
5 198 25.260000000000005
5 199 25.260000000000005
5 200 25.1
5 201 25.1
5 202 25.060000000000002
5 203 25.060000000000002
5 204 25.060000000000002
5 205 25.060000000000002
5 206 25.050000000000004
5 207 25.020000000000003
5 208 24.86
5 209 24.86
5 210 24.839999999999996
5 211 24.839999999999996
5 212 24.799999999999997
5 213 24.519999999999996
5 214 24.519999999999996
6 215 24.519999999999996
6 216 24.509999999999998
6 217 24.439999999999998
6 218 24.439999999999998
6 219 24.439999999999998
6 220 24.439999999999998
6 221 24.399999999999995
6 222 24.399999999999995
6 223 24.339999999999996
6 224 23.82
6 225 23.119999999999997
6 226 23.119999999999997
6 227 23.119999999999997
6 228 23.08
6 229 23.08
6 230 23.08
6 231 23.019999999999996
6 232 23.019999999999996
6 233 23.009999999999998
6 234 22.999999999999996
6 235 22.72
6 236 22.72
6 237 22.72
6 238 22.7
6 239 22.68
6 240 22.639999999999997
6 241 22.619999999999997
6 242 22.619999999999997
6 243 22.599999999999998
6 244 22.599999999999998
6 245 22.599999999999998
6 246 22.56
6 247 21.599999999999998
6 248 21.599999999999998
6 249 21.599999999999998
6 250 21.56
6 251 21.56
6 252 21.56
6 253 21.56
6 254 21.56
6 255 21.52
6 256 21.52
6 257 21.52
6 258 21.499999999999996
6 259 21.499999999999996
6 260 20.22
6 261 20.22
6 262 18.939999999999998
6 263 18.939999999999998
7 264 18.939999999999998
7 265 18.939999999999998
7 266 18.919999999999998
7 267 18.919999999999998
7 268 18.919999999999998
7 269 18.919999999999998
7 270 18.919999999999998
7 271 17.959999999999997
7 272 17.959999999999997
7 273 17.959999999999997
7 274 17.939999999999998
7 275 15.399999999999999
7 276 15.399999999999999
7 277 15.399999999999999
7 278 15.399999999999999
7 279 15.399999999999999
7 280 15.399999999999999
7 281 15.36
7 282 15.36
7 283 15.36
7 284 15.36
7 285 15.349999999999998
7 286 15.34
7 287 14.079999999999998
7 288 14.079999999999998
7 289 14.079999999999998
7 290 14.079999999999998
7 291 14.079999999999998
7 292 14.079999999999998
7 293 14.079999999999998
7 294 14.04
7 295 14.04
7 296 14.03
7 297 12.469999999999999
7 298 12.469999999999999
7 299 12.469999999999999
7 300 12.469999999999999
7 301 12.45
7 302 12.45
7 303 12.45
7 304 12.45
7 305 12.129999999999999
7 306 12.129999999999999
7 307 11.45
7 308 11.45
7 309 11.45
7 310 11.439999999999998
7 311 11.41
7 312 11.41
7 313 11.41
7 314 11.41
7 315 11.39
8 316 11.39
8 317 11.39
8 318 11.39
8 319 11.39
8 320 11.39
8 321 11.39
8 322 11.39
8 323 11.39
8 324 11.099999999999998
8 325 11.099999999999998
8 326 11.099999999999998
8 327 11.099999999999998
8 328 11.099999999999998
8 329 11.09
8 330 10.780000000000001
8 331 10.780000000000001
8 332 10.780000000000001
8 333 8.22
8 334 8.22
8 335 8.22
8 336 8.22
8 337 8.22
8 338 8.22
8 339 8.22
8 340 8.22
8 341 8.22
8 342 8.22
8 343 8.22
8 344 8.22
8 345 8.22
8 346 8.22
8 347 8.22
8 348 8.22
8 349 8.22
8 350 7.220000000000001
8 351 7.220000000000001
8 352 7.220000000000001
8 353 7.220000000000001
8 354 7.220000000000001
8 355 7.210000000000001
8 356 7.210000000000001
8 357 7.210000000000001
8 358 7.210000000000001
8 359 7.210000000000001
9 360 7.210000000000001
9 361 7.210000000000001
9 362 7.210000000000001
9 363 7.210000000000001
9 364 7.210000000000001
9 365 7.210000000000001
9 366 7.210000000000001
9 367 7.210000000000001
9 368 7.210000000000001
9 369 7.210000000000001
9 370 7.210000000000001
9 371 7.210000000000001
9 372 7.210000000000001
9 373 7.210000000000001
9 374 7.210000000000001
9 375 7.210000000000001
9 376 7.210000000000001
9 377 7.210000000000001
9 378 7.200000000000001
9 379 7.200000000000001
9 380 5.920000000000001
9 381 5.920000000000001
9 382 4.640000000000001
9 383 4.640000000000001
9 384 4.640000000000001
9 385 4.640000000000001
9 386 4.640000000000001
9 387 4.640000000000001
9 388 4.640000000000001
9 389 4.640000000000001
9 390 4.640000000000001
9 391 4.640000000000001
9 392 4.640000000000001
9 393 4.640000000000001
9 394 4.640000000000001
9 395 4.640000000000001
9 396 4.640000000000001
9 397 4.640000000000001
9 398 4.640000000000001
9 399 4.640000000000001
9 400 4.640000000000001
9 401 4.640000000000001
9 402 4.640000000000001
9 403 4.640000000000001
10 404 4.640000000000001
10 405 4.640000000000001
10 406 4.640000000000001
10 407 4.640000000000001
10 408 4.640000000000001
10 409 4.640000000000001
10 410 4.640000000000001
10 411 4.640000000000001
10 412 4.640000000000001
10 413 4.640000000000001
10 414 4.640000000000001
10 415 4.640000000000001
10 416 4.640000000000001
10 417 4.640000000000001
10 418 4.640000000000001
10 419 4.640000000000001
10 420 4.640000000000001
10 421 4.640000000000001
10 422 4.640000000000001
10 423 4.640000000000001
10 424 4.640000000000001
10 425 4.640000000000001
10 426 4.640000000000001
10 427 4.640000000000001
10 428 4.640000000000001
10 429 4.640000000000001
10 430 4.640000000000001
10 431 4.640000000000001
10 432 4.640000000000001
10 433 4.640000000000001
10 434 4.640000000000001
10 435 4.640000000000001
10 436 4.640000000000001
10 437 4.640000000000001
10 438 4.640000000000001
10 439 4.640000000000001
10 440 4.640000000000001
10 441 4.640000000000001
10 442 4.640000000000001
10 443 4.640000000000001
10 444 4.640000000000001
10 445 4.640000000000001
10 446 4.640000000000001
10 447 4.640000000000001
10 448 4.640000000000001
10 449 4.640000000000001
10 450 4.640000000000001
11 451 4.640000000000001
11 452 4.640000000000001
11 453 4.640000000000001
11 454 4.640000000000001
11 455 4.640000000000001
11 456 4.640000000000001
11 457 4.640000000000001
11 458 4.640000000000001
11 459 4.640000000000001
11 460 4.640000000000001
11 461 4.640000000000001
11 462 4.640000000000001
11 463 4.640000000000001
11 464 4.640000000000001
11 465 4.640000000000001
11 466 4.640000000000001
11 467 4.640000000000001
11 468 4.640000000000001
11 469 4.640000000000001
11 470 4.640000000000001
11 471 4.640000000000001
11 472 4.640000000000001
11 473 4.640000000000001
11 474 4.640000000000001
11 475 4.640000000000001
11 476 4.640000000000001
11 477 4.640000000000001
11 478 4.640000000000001
11 479 4.640000000000001
11 480 4.640000000000001
11 481 4.640000000000001
11 482 4.640000000000001
11 483 4.640000000000001
11 484 4.640000000000001
11 485 4.640000000000001
11 486 4.640000000000001
11 487 4.640000000000001
11 488 4.640000000000001
11 489 4.640000000000001
11 490 4.640000000000001
11 491 4.640000000000001
11 492 4.640000000000001
11 493 4.640000000000001
11 494 4.640000000000001
11 495 4.640000000000001
11 496 4.640000000000001
12 497 4.640000000000001
12 498 4.640000000000001
12 499 4.640000000000001
12 500 4.640000000000001
12 501 4.640000000000001
12 502 4.640000000000001
12 503 4.640000000000001
12 504 4.640000000000001
12 505 4.640000000000001
12 506 4.640000000000001
12 507 4.640000000000001
12 508 4.640000000000001
12 509 4.640000000000001
12 510 4.640000000000001
12 511 4.640000000000001
12 512 4.640000000000001
12 513 4.640000000000001
12 514 4.640000000000001
12 515 4.640000000000001
12 516 4.640000000000001
12 517 4.640000000000001
12 518 4.640000000000001
12 519 4.640000000000001
12 520 4.640000000000001
12 521 4.640000000000001
12 522 4.640000000000001
12 523 4.640000000000001
12 524 4.640000000000001
12 525 4.5200000000000005
12 526 4.5200000000000005
12 527 4.5200000000000005
12 528 4.5200000000000005
12 529 4.5200000000000005
12 530 4.5200000000000005
12 531 4.5200000000000005
12 532 4.5200000000000005
12 533 4.5200000000000005
12 534 4.5200000000000005
12 535 4.5200000000000005
12 536 4.5200000000000005
12 537 4.5200000000000005
12 538 4.5200000000000005
12 539 4.5200000000000005
12 540 4.5200000000000005
13 541 4.5200000000000005
13 542 4.5200000000000005
13 543 4.5200000000000005
13 544 4.5200000000000005
13 545 4.48
13 546 4.48
13 547 4.48
13 548 4.48
13 549 4.48
13 550 4.48
13 551 4.48
13 552 4.48
13 553 4.48
13 554 4.48
13 555 4.48
13 556 4.48
13 557 4.48
13 558 4.48
13 559 4.48
13 560 4.48
13 561 4.48
13 562 4.48
13 563 4.48
13 564 4.48
13 565 4.48
13 566 4.48
13 567 4.48
13 568 4.48
13 569 4.48
13 570 4.48
13 571 4.48
13 572 4.48
13 573 4.48
13 574 4.48
13 575 4.48
13 576 4.48
13 577 4.48
13 578 4.48
13 579 4.48
13 580 4.48
13 581 4.48
13 582 4.48
13 583 4.48
13 584 4.48
14 585 4.48
14 586 4.48
14 587 4.48
14 588 4.48
14 589 4.48
14 590 4.48
14 591 4.48
14 592 4.48
14 593 4.48
14 594 4.48
14 595 4.48
14 596 4.48
14 597 4.48
14 598 4.48
14 599 4.48
14 600 4.48
14 601 4.48
14 602 4.48
14 603 4.48
14 604 4.48
14 605 4.48
14 606 4.48
14 607 4.48
14 608 4.48
14 609 4.48
14 610 4.48
14 611 4.48
14 612 4.48
14 613 4.48
14 614 4.48
14 615 4.48
14 616 4.48
14 617 4.48
14 618 4.48
14 619 4.48
14 620 4.48
14 621 4.48
14 622 4.48
14 623 4.48
14 624 4.48
14 625 4.48
14 626 4.48
14 627 4.48
14 628 4.48
14 629 4.48
15 630 4.48
15 631 4.48
15 632 4.48
15 633 4.48
15 634 4.48
15 635 4.48
15 636 4.48
15 637 4.48
15 638 4.48
15 639 4.48
15 640 4.48
15 641 4.48
15 642 4.48
15 643 4.48
15 644 4.48
15 645 4.48
15 646 4.48
15 647 4.48
15 648 4.48
15 649 4.48
15 650 4.48
15 651 4.48
15 652 4.48
15 653 4.48
15 654 4.48
15 655 4.48
15 656 4.48
15 657 4.48
15 658 4.48
15 659 4.48
15 660 4.48
15 661 4.48
15 662 4.48
15 663 4.48
15 664 4.48
15 665 4.48
15 666 4.48
15 667 4.48
15 668 4.48
15 669 4.48
15 670 4.48
15 671 4.48
15 672 4.48
16 673 4.48
16 674 4.48
16 675 4.48
16 676 4.48
16 677 4.48
16 678 4.48
16 679 4.48
16 680 4.48
16 681 4.48
16 682 4.48
16 683 4.48
16 684 4.48
16 685 4.48
16 686 4.48
16 687 4.48
16 688 4.48
16 689 4.48
16 690 4.48
16 691 4.48
16 692 4.48
16 693 4.48
16 694 4.48
16 695 4.48
16 696 4.48
16 697 4.48
16 698 4.48
16 699 4.48
16 700 4.48
16 701 4.48
16 702 4.48
16 703 4.48
16 704 4.48
16 705 4.48
16 706 4.48
16 707 4.48
16 708 4.48
16 709 4.48
16 710 4.48
16 711 4.48
16 712 4.48
16 713 4.48
16 714 4.48
16 715 4.48
16 716 4.48
16 717 4.48
17 718 4.48
17 719 4.48
17 720 4.48
17 721 4.48
17 722 4.48
17 723 4.48
17 724 4.48
17 725 4.48
17 726 4.48
17 727 4.48
17 728 4.48
17 729 4.48
17 730 4.48
17 731 4.48
17 732 4.48
17 733 4.48
17 734 4.48
17 735 4.48
17 736 4.48
17 737 4.48
17 738 4.48
17 739 4.48
17 740 4.48
17 741 4.48
17 742 4.48
17 743 4.48
17 744 4.48
17 745 4.48
17 746 4.48
17 747 4.48
17 748 4.48
17 749 4.48
17 750 4.48
17 751 4.48
17 752 4.48
17 753 4.48
17 754 4.48
17 755 4.48
17 756 4.48
17 757 4.48
17 758 4.48
17 759 4.48
17 760 4.48
17 761 4.48
18 762 4.48
18 763 4.48
18 764 4.48
18 765 4.48
18 766 4.48
18 767 4.48
18 768 4.48
18 769 4.48
18 770 4.48
18 771 4.48
18 772 4.48
18 773 4.48
18 774 4.48
18 775 4.48
18 776 4.48
18 777 4.48
18 778 4.48
18 779 4.48
18 780 4.48
18 781 4.48
18 782 4.48
18 783 4.48
18 784 4.48
18 785 4.48
18 786 4.48
18 787 4.48
18 788 4.48
18 789 4.48
18 790 4.48
18 791 4.48
18 792 4.48
18 793 4.48
18 794 4.48
18 795 4.48
18 796 4.48
18 797 4.48
18 798 4.48
18 799 4.48
18 800 4.48
18 801 4.48
18 802 4.48
18 803 4.48
18 804 4.48
18 805 4.48
18 806 4.48
18 807 4.48
18 808 4.48
18 809 4.48
19 810 4.48
19 811 4.48
19 812 4.48
19 813 4.48
19 814 4.48
19 815 4.48
19 816 4.48
19 817 4.48
19 818 4.48
19 819 4.48
19 820 4.48
19 821 4.48
19 822 4.48
19 823 4.48
19 824 4.48
19 825 4.48
19 826 4.48
19 827 4.48
19 828 4.48
19 829 4.48
19 830 4.48
19 831 4.48
19 832 4.48
19 833 4.48
19 834 4.48
19 835 4.48
19 836 4.48
19 837 4.48
19 838 4.48
19 839 4.48
19 840 4.48
19 841 4.48
19 842 4.48
19 843 4.48
19 844 4.48
19 845 4.48
19 846 4.48
19 847 4.48
19 848 4.48
19 849 4.48
19 850 4.48
19 851 4.48
19 852 4.48
19 853 4.48
19 854 4.48
19 855 4.48
19 856 4.48
20 857 4.48
20 858 4.48
20 859 4.48
20 860 4.48
20 861 4.48
20 862 4.48
20 863 4.48
20 864 4.48
20 865 4.48
20 866 4.48
20 867 4.48
20 868 4.48
20 869 4.48
20 870 4.48
20 871 4.48
20 872 4.48
20 873 4.48
20 874 4.48
20 875 4.48
20 876 4.48
20 877 4.48
20 878 4.48
20 879 4.48
20 880 4.48
20 881 4.48
20 882 4.48
20 883 4.48
20 884 4.48
20 885 4.48
20 886 4.48
20 887 4.48
20 888 4.48
20 889 4.48
20 890 4.48
20 891 4.48
20 892 4.48
20 893 4.48
20 894 4.48
20 895 4.48
20 896 4.48
20 897 4.48
20 898 4.48
20 899 4.48
20 900 4.48
21 901 4.48
21 902 4.48
21 903 4.48
21 904 4.48
21 905 4.48
21 906 4.48
21 907 4.48
21 908 4.48
21 909 4.48
21 910 4.48
21 911 4.48
21 912 4.48
21 913 4.48
21 914 4.48
21 915 4.48
21 916 4.48
21 917 4.48
21 918 4.48
21 919 4.48
21 920 4.48
21 921 4.48
21 922 4.48
21 923 4.48
21 924 4.48
21 925 4.48
21 926 4.48
21 927 4.48
21 928 4.48
21 929 4.48
21 930 4.48
21 931 4.48
21 932 4.48
21 933 4.48
21 934 4.48
21 935 4.48
21 936 4.48
21 937 4.48
21 938 4.48
21 939 4.48
21 940 4.48
21 941 4.48
21 942 4.48
21 943 4.48
21 944 4.48
21 945 4.48
21 946 4.48
21 947 4.48
22 948 4.48
22 949 4.48
22 950 4.48
22 951 4.48
22 952 4.48
22 953 4.48
22 954 4.48
22 955 4.48
22 956 4.48
22 957 4.48
22 958 4.48
22 959 4.48
22 960 4.48
22 961 4.48
22 962 4.48
22 963 4.48
22 964 4.48
22 965 4.48
22 966 4.48
22 967 4.48
22 968 4.48
22 969 4.48
22 970 4.48
22 971 4.48
22 972 4.48
22 973 4.48
22 974 4.48
22 975 4.48
22 976 4.48
22 977 4.48
22 978 4.48
22 979 4.48
22 980 4.48
22 981 4.48
22 982 4.48
22 983 4.48
22 984 4.48
22 985 4.48
22 986 4.48
22 987 4.48
22 988 4.48
22 989 4.48
22 990 4.48
22 991 4.48
22 992 4.48
23 993 4.48
23 994 4.48
23 995 4.48
23 996 4.48
23 997 4.48
23 998 4.48
23 999 4.48
23 1000 4.48
23 1001 4.48
23 1002 4.48
23 1003 4.48
23 1004 4.48
23 1005 4.48
23 1006 4.48
23 1007 4.48
23 1008 4.48
23 1009 4.48
23 1010 4.48
23 1011 4.48
23 1012 4.48
23 1013 4.48
23 1014 4.48
23 1015 4.48
23 1016 4.48
23 1017 4.48
23 1018 4.48
23 1019 4.48
23 1020 4.48
23 1021 4.48
23 1022 4.48
23 1023 4.48
23 1024 4.48
23 1025 4.48
23 1026 4.48
23 1027 4.48
23 1028 4.48
23 1029 4.48
23 1030 4.48
23 1031 4.48
23 1032 4.48
23 1033 4.48
23 1034 4.48
23 1035 4.48
24 1036 4.48
24 1037 4.48
24 1038 4.48
24 1039 4.48
24 1040 4.48
24 1041 4.48
24 1042 4.48
24 1043 4.48
24 1044 4.48
24 1045 4.48
24 1046 4.48
24 1047 4.48
24 1048 4.48
24 1049 4.48
24 1050 4.48
24 1051 4.48
24 1052 4.48
24 1053 4.48
24 1054 4.48
24 1055 4.48
24 1056 4.48
24 1057 4.48
24 1058 4.48
24 1059 4.48
24 1060 4.48
24 1061 4.48
24 1062 4.48
24 1063 4.48
24 1064 4.48
24 1065 4.48
24 1066 4.48
24 1067 4.48
24 1068 4.48
24 1069 4.48
24 1070 4.48
24 1071 4.48
24 1072 4.48
24 1073 4.48
24 1074 4.48
24 1075 4.48
24 1076 4.48
24 1077 4.48
24 1078 4.48
24 1079 4.48
24 1080 4.48
24 1081 4.48
25 1082 4.48
25 1083 4.48
25 1084 4.48
25 1085 4.48
25 1086 4.48
25 1087 4.48
25 1088 4.48
25 1089 4.48
25 1090 4.48
25 1091 4.48
25 1092 4.48
25 1093 4.48
25 1094 4.48
25 1095 4.48
25 1096 4.48
25 1097 4.48
25 1098 4.48
25 1099 4.48
25 1100 4.48
25 1101 4.48
25 1102 4.48
25 1103 4.48
25 1104 4.48
25 1105 4.48
25 1106 4.48
25 1107 4.48
25 1108 4.48
25 1109 4.48
25 1110 4.48
25 1111 4.48
25 1112 4.48
25 1113 4.48
25 1114 4.48
25 1115 4.48
25 1116 4.48
25 1117 4.48
25 1118 4.48
25 1119 4.48
25 1120 4.48
25 1121 4.48
25 1122 4.48
25 1123 4.48
25 1124 4.48
25 1125 4.48
25 1126 4.48
26 1127 4.48
26 1128 4.48
26 1129 4.48
26 1130 4.48
26 1131 4.48
26 1132 4.48
26 1133 4.48
26 1134 4.48
26 1135 4.48
26 1136 4.48
26 1137 4.48
26 1138 4.48
26 1139 4.48
26 1140 4.48
26 1141 4.48
26 1142 4.48
26 1143 4.48
26 1144 4.48
26 1145 4.48
26 1146 4.48
26 1147 4.48
26 1148 4.48
26 1149 4.48
26 1150 4.48
26 1151 4.48
26 1152 4.48
26 1153 4.48
26 1154 4.48
26 1155 4.48
26 1156 4.48
26 1157 4.48
26 1158 4.48
26 1159 4.48
26 1160 4.48
26 1161 4.48
26 1162 4.48
26 1163 4.48
26 1164 4.48
26 1165 4.48
26 1166 4.48
26 1167 4.48
26 1168 4.48
26 1169 4.48
26 1170 4.48
26 1171 4.48
26 1172 4.48
27 1173 4.48
27 1174 4.48
27 1175 4.48
27 1176 4.48
27 1177 4.48
27 1178 4.48
27 1179 4.48
27 1180 4.48
27 1181 4.48
27 1182 4.48
27 1183 4.48
27 1184 4.48
27 1185 4.48
27 1186 4.48
27 1187 4.48
27 1188 4.48
27 1189 4.48
27 1190 4.48
27 1191 4.48
27 1192 4.48
27 1193 4.48
27 1194 4.48
27 1195 4.48
27 1196 4.48
27 1197 4.48
27 1198 4.48
27 1199 4.48
27 1200 4.48
27 1201 4.48
27 1202 4.48
27 1203 4.48
27 1204 4.48
27 1205 4.48
27 1206 4.48
27 1207 4.48
27 1208 4.48
27 1209 4.48
27 1210 4.48
27 1211 4.48
27 1212 4.48
27 1213 4.48
27 1214 4.48
27 1215 4.48
28 1216 4.48
28 1217 4.48
28 1218 4.48
28 1219 4.48
28 1220 4.48
28 1221 4.48
28 1222 4.48
28 1223 4.48
28 1224 4.48
28 1225 4.48
28 1226 4.48
28 1227 4.48
28 1228 4.48
28 1229 4.48
28 1230 4.48
28 1231 4.48
28 1232 4.48
28 1233 4.48
28 1234 4.48
28 1235 4.48
28 1236 4.48
28 1237 4.48
28 1238 4.48
28 1239 4.48
28 1240 4.48
28 1241 4.48
28 1242 4.48
28 1243 4.48
28 1244 4.48
28 1245 4.48
28 1246 4.48
28 1247 4.48
28 1248 4.48
28 1249 4.48
28 1250 4.48
28 1251 4.48
28 1252 4.48
28 1253 4.48
28 1254 4.48
28 1255 4.48
28 1256 4.48
28 1257 4.48
28 1258 4.48
28 1259 4.48
29 1260 4.48
29 1261 4.48
29 1262 4.48
29 1263 4.48
29 1264 4.48
29 1265 4.48
29 1266 4.48
29 1267 4.48
29 1268 4.48
29 1269 4.48
29 1270 4.48
29 1271 4.48
29 1272 4.48
29 1273 4.48
29 1274 4.48
29 1275 4.48
29 1276 4.48
29 1277 4.48
29 1278 4.48
29 1279 4.48
29 1280 4.48
29 1281 4.48
29 1282 4.48
29 1283 4.48
29 1284 4.48
29 1285 4.48
29 1286 4.48
29 1287 4.48
29 1288 4.48
29 1289 4.48
29 1290 4.48
29 1291 4.48
29 1292 4.48
29 1293 4.48
29 1294 4.48
29 1295 4.48
29 1296 4.48
29 1297 4.48
29 1298 4.48
29 1299 4.48
29 1300 4.48
29 1301 4.48
29 1302 4.48
29 1303 4.48
29 1304 4.48
29 1305 4.48
30 1306 4.48
30 1307 4.48
30 1308 4.48
30 1309 4.48
30 1310 4.48
30 1311 4.48
30 1312 4.48
30 1313 4.48
30 1314 4.48
30 1315 4.48
30 1316 4.48
30 1317 4.48
30 1318 4.48
30 1319 4.48
30 1320 4.48
30 1321 4.48
30 1322 4.48
30 1323 4.48
30 1324 4.48
30 1325 4.48
30 1326 4.48
30 1327 4.48
30 1328 4.48
30 1329 4.48
30 1330 4.48
30 1331 4.48
30 1332 4.48
30 1333 4.48
30 1334 4.48
30 1335 4.48
30 1336 4.48
30 1337 4.48
30 1338 4.48
30 1339 4.48
30 1340 4.48
30 1341 4.48
30 1342 4.48
30 1343 4.48
30 1344 4.48
30 1345 4.48
30 1346 4.48
30 1347 4.48
30 1348 4.48
31 1349 4.48
31 1350 4.48
31 1351 4.48
31 1352 4.48
31 1353 4.48
31 1354 4.48
31 1355 4.48
31 1356 4.48
31 1357 4.48
31 1358 4.48
31 1359 4.48
31 1360 4.48
31 1361 4.48
31 1362 4.48
31 1363 4.48
31 1364 4.48
31 1365 4.48
31 1366 4.48
31 1367 4.48
31 1368 4.48
31 1369 4.48
31 1370 4.48
31 1371 4.48
31 1372 4.48
31 1373 4.48
31 1374 4.48
31 1375 4.48
31 1376 4.48
31 1377 4.48
31 1378 4.48
31 1379 4.48
31 1380 4.48
31 1381 4.48
31 1382 4.48
31 1383 4.48
31 1384 4.48
31 1385 4.48
31 1386 4.48
31 1387 4.48
31 1388 4.48
31 1389 4.48
31 1390 4.48
31 1391 4.48
31 1392 4.48
31 1393 4.48
31 1394 4.48
31 1395 4.48
31 1396 4.48
32 1397 4.48
32 1398 4.48
32 1399 4.48
32 1400 4.48
32 1401 4.48
32 1402 4.48
32 1403 4.48
32 1404 4.48
32 1405 4.48
32 1406 4.48
32 1407 4.48
32 1408 4.48
32 1409 4.48
32 1410 4.48
32 1411 4.48
32 1412 4.48
32 1413 4.48
32 1414 4.48
32 1415 4.48
32 1416 4.48
32 1417 4.48
32 1418 4.48
32 1419 4.48
32 1420 4.48
32 1421 4.48
32 1422 4.48
32 1423 4.48
32 1424 4.48
32 1425 4.48
32 1426 4.48
32 1427 4.48
32 1428 4.48
32 1429 4.48
32 1430 4.48
32 1431 4.48
32 1432 4.48
32 1433 4.48
32 1434 4.48
32 1435 4.48
32 1436 4.48
32 1437 4.48
32 1438 4.48
32 1439 4.48
32 1440 4.48
32 1441 4.48
32 1442 4.48
32 1443 4.48
33 1444 4.48
33 1445 4.48
33 1446 4.48
33 1447 4.48
33 1448 4.48
33 1449 4.48
33 1450 4.48
33 1451 4.48
33 1452 4.48
33 1453 4.48
33 1454 4.48
33 1455 4.48
33 1456 4.48
33 1457 4.48
33 1458 4.48
33 1459 4.48
33 1460 4.48
33 1461 4.48
33 1462 4.48
33 1463 4.48
33 1464 4.48
33 1465 4.48
33 1466 4.48
33 1467 4.48
33 1468 4.48
33 1469 4.48
33 1470 4.48
33 1471 4.48
33 1472 4.48
33 1473 4.48
33 1474 4.48
33 1475 4.48
33 1476 4.48
33 1477 4.48
33 1478 4.48
33 1479 4.48
33 1480 4.48
33 1481 4.48
33 1482 4.48
33 1483 4.48
33 1484 4.48
33 1485 4.48
33 1486 4.48
33 1487 4.48
33 1488 4.48
34 1489 4.48
34 1490 4.48
34 1491 4.48
34 1492 4.48
34 1493 4.48
34 1494 4.48
34 1495 4.48
34 1496 4.48
34 1497 4.48
34 1498 4.48
34 1499 4.48
34 1500 4.48
34 1501 4.48
34 1502 4.48
34 1503 4.48
34 1504 4.48
34 1505 4.48
34 1506 4.48
34 1507 4.48
34 1508 4.48
34 1509 4.48
34 1510 4.48
34 1511 4.48
34 1512 4.48
34 1513 4.48
34 1514 4.48
34 1515 4.48
34 1516 4.48
34 1517 4.48
34 1518 4.48
34 1519 4.48
34 1520 4.48
34 1521 4.48
34 1522 4.48
34 1523 4.48
34 1524 4.48
34 1525 4.48
34 1526 4.48
34 1527 4.48
34 1528 4.48
34 1529 4.48
34 1530 4.48
34 1531 4.48
34 1532 4.48
34 1533 4.48
34 1534 4.48
34 1535 4.48
35 1536 4.48
35 1537 4.48
35 1538 4.48
35 1539 4.48
35 1540 4.48
35 1541 4.48
35 1542 4.48
35 1543 4.48
35 1544 4.48
35 1545 4.48
35 1546 4.48
35 1547 4.48
35 1548 4.48
35 1549 4.48
35 1550 4.48
35 1551 4.48
35 1552 4.48
35 1553 4.48
35 1554 4.48
35 1555 4.48
35 1556 4.48
35 1557 4.48
35 1558 4.48
35 1559 4.48
35 1560 4.48
35 1561 4.48
35 1562 4.48
35 1563 4.48
35 1564 4.48
35 1565 4.48
35 1566 4.48
35 1567 4.48
35 1568 4.48
35 1569 4.48
35 1570 4.48
35 1571 4.48
35 1572 4.48
35 1573 4.48
35 1574 4.48
35 1575 4.48
35 1576 4.48
35 1577 4.48
35 1578 4.48
35 1579 4.48
35 1580 4.48
35 1581 4.48
35 1582 4.48
36 1583 4.48
36 1584 4.48
36 1585 4.48
36 1586 4.48
36 1587 4.48
36 1588 4.48
36 1589 4.48
36 1590 4.48
36 1591 4.48
36 1592 4.48
36 1593 4.48
36 1594 4.48
36 1595 4.48
36 1596 4.48
36 1597 4.48
36 1598 4.48
36 1599 4.48
36 1600 4.48
36 1601 4.48
36 1602 4.48
36 1603 4.48
36 1604 4.48
36 1605 4.48
36 1606 4.48
36 1607 4.48
36 1608 4.48
36 1609 4.48
36 1610 4.48
36 1611 4.48
36 1612 4.48
36 1613 4.48
36 1614 4.48
36 1615 4.48
36 1616 4.48
36 1617 4.48
36 1618 4.48
36 1619 4.48
36 1620 4.48
36 1621 4.48
36 1622 4.48
36 1623 4.48
36 1624 4.48
36 1625 4.48
37 1626 4.48
37 1627 4.48
37 1628 4.48
37 1629 4.48
37 1630 4.48
37 1631 4.48
37 1632 4.48
37 1633 4.48
37 1634 4.48
37 1635 4.48
37 1636 4.48
37 1637 4.48
37 1638 4.48
37 1639 4.48
37 1640 4.48
37 1641 4.48
37 1642 4.48
37 1643 4.48
37 1644 4.48
37 1645 4.48
37 1646 4.48
37 1647 4.48
37 1648 4.48
37 1649 4.48
37 1650 4.48
37 1651 4.48
37 1652 4.48
37 1653 4.48
37 1654 4.48
37 1655 4.48
37 1656 4.48
37 1657 4.48
37 1658 4.48
37 1659 4.48
37 1660 4.48
37 1661 4.48
37 1662 4.48
37 1663 4.48
38 1664 4.48
38 1665 4.48
38 1666 4.48
38 1667 4.48
38 1668 4.48
38 1669 4.48
38 1670 4.48
38 1671 4.48
38 1672 4.48
38 1673 4.48
38 1674 4.48
38 1675 4.48
38 1676 4.48
38 1677 4.48
38 1678 4.48
38 1679 4.48
38 1680 4.48
38 1681 4.48
38 1682 4.48
38 1683 4.48
38 1684 4.48
38 1685 4.48
38 1686 4.48
38 1687 4.48
38 1688 4.48
38 1689 4.48
38 1690 4.48
38 1691 4.48
38 1692 4.48
38 1693 4.48
38 1694 4.48
38 1695 4.48
38 1696 4.48
38 1697 4.48
38 1698 4.48
38 1699 4.48
38 1700 4.48
38 1701 4.48
38 1702 4.48
38 1703 4.48
38 1704 4.48
38 1705 4.48
38 1706 4.48
38 1707 4.48
38 1708 4.48
38 1709 4.48
38 1710 4.48
39 1711 4.48
39 1712 4.48
39 1713 4.48
39 1714 4.48
39 1715 4.48
39 1716 4.48
39 1717 4.48
39 1718 4.48
39 1719 4.48
39 1720 4.48
39 1721 4.48
39 1722 4.48
39 1723 4.48
39 1724 4.48
39 1725 4.48
39 1726 4.48
39 1727 4.48
39 1728 4.48
39 1729 4.48
39 1730 4.48
39 1731 4.48
39 1732 4.48
39 1733 4.48
39 1734 4.48
39 1735 4.48
39 1736 4.48
39 1737 4.48
39 1738 4.48
39 1739 4.48
39 1740 4.48
39 1741 4.48
39 1742 4.48
39 1743 4.48
39 1744 4.48
39 1745 4.48
39 1746 4.48
39 1747 4.48
39 1748 4.48
39 1749 4.48
39 1750 4.48
39 1751 4.48
39 1752 4.48
39 1753 4.48
39 1754 4.48
39 1755 4.48
39 1756 4.48
40 1757 4.48
40 1758 4.48
40 1759 4.48
40 1760 4.48
40 1761 4.48
40 1762 4.48
40 1763 4.48
40 1764 4.48
40 1765 4.48
40 1766 4.48
40 1767 4.48
40 1768 4.48
40 1769 4.48
40 1770 4.48
40 1771 4.48
40 1772 4.48
40 1773 4.48
40 1774 4.48
40 1775 4.48
40 1776 4.48
40 1777 4.48
40 1778 4.48
40 1779 4.48
40 1780 4.48
40 1781 4.48
40 1782 4.48
40 1783 4.48
40 1784 4.48
40 1785 4.48
40 1786 4.48
40 1787 4.48
40 1788 4.48
40 1789 4.48
40 1790 4.48
40 1791 4.48
40 1792 4.48
40 1793 4.48
40 1794 4.48
40 1795 4.48
40 1796 4.48
40 1797 4.48
40 1798 4.48
40 1799 4.48
40 1800 4.48
40 1801 4.48
40 1802 4.48
40 1803 4.48
41 1804 4.48
41 1805 4.48
41 1806 4.48
41 1807 4.48
41 1808 4.48
41 1809 4.48
41 1810 4.48
41 1811 4.48
41 1812 4.48
41 1813 4.48
41 1814 4.48
41 1815 4.48
41 1816 4.48
41 1817 4.48
41 1818 4.48
41 1819 4.48
41 1820 4.48
41 1821 4.48
41 1822 4.48
41 1823 4.48
41 1824 4.48
41 1825 4.48
41 1826 4.48
41 1827 4.48
41 1828 4.48
41 1829 4.48
41 1830 4.48
41 1831 4.48
41 1832 4.48
41 1833 4.48
41 1834 4.48
41 1835 4.48
41 1836 4.48
41 1837 4.48
41 1838 4.48
41 1839 4.48
41 1840 4.48
41 1841 4.48
41 1842 4.48
41 1843 4.48
41 1844 4.48
41 1845 4.48
41 1846 4.48
41 1847 4.48
41 1848 4.48
41 1849 4.48
41 1850 4.48
42 1851 4.48
42 1852 4.48
42 1853 4.48
42 1854 4.48
42 1855 4.48
42 1856 4.48
42 1857 4.48
42 1858 4.48
42 1859 4.48
42 1860 4.48
42 1861 4.48
42 1862 4.48
42 1863 4.48
42 1864 4.48
42 1865 4.48
42 1866 4.48
42 1867 4.48
42 1868 4.48
42 1869 4.48
42 1870 4.48
42 1871 4.48
42 1872 4.48
42 1873 4.48
42 1874 4.48
42 1875 4.48
42 1876 4.48
42 1877 4.48
42 1878 4.48
42 1879 4.48
42 1880 4.48
42 1881 4.48
42 1882 4.48
42 1883 4.48
42 1884 4.48
42 1885 4.48
42 1886 4.48
42 1887 4.48
42 1888 4.48
42 1889 4.48
42 1890 4.48
42 1891 4.48
42 1892 4.48
42 1893 4.48
42 1894 4.48
42 1895 4.48
42 1896 4.48
43 1897 4.48
43 1898 4.48
43 1899 4.48
43 1900 4.48
43 1901 4.48
43 1902 4.48
43 1903 4.48
43 1904 4.48
43 1905 4.48
43 1906 4.48
43 1907 4.48
43 1908 4.48
43 1909 4.48
43 1910 4.48
43 1911 4.48
43 1912 4.48
43 1913 4.48
43 1914 4.48
43 1915 4.48
43 1916 4.48
43 1917 4.48
43 1918 4.48
43 1919 4.48
43 1920 4.48
43 1921 4.48
43 1922 4.48
43 1923 4.48
43 1924 4.48
43 1925 4.48
43 1926 4.48
43 1927 4.48
43 1928 4.48
43 1929 4.48
43 1930 4.48
43 1931 4.48
43 1932 4.48
43 1933 4.48
43 1934 4.48
43 1935 4.48
43 1936 4.48
43 1937 4.48
43 1938 4.48
43 1939 4.48
43 1940 4.48
43 1941 4.48
43 1942 4.48
44 1943 4.48
44 1944 4.48
44 1945 4.48
44 1946 4.48
44 1947 4.48
44 1948 4.48
44 1949 4.48
44 1950 4.48
44 1951 4.48
44 1952 4.48
44 1953 4.48
44 1954 4.48
44 1955 4.48
44 1956 4.48
44 1957 4.48
44 1958 4.48
44 1959 4.48
44 1960 4.48
44 1961 4.48
44 1962 4.48
44 1963 4.48
44 1964 4.48
44 1965 4.48
44 1966 4.48
44 1967 4.48
44 1968 4.48
44 1969 4.48
44 1970 4.48
44 1971 4.48
44 1972 4.48
44 1973 4.48
44 1974 4.48
44 1975 4.48
44 1976 4.48
44 1977 4.48
44 1978 4.48
44 1979 4.48
44 1980 4.48
44 1981 4.48
44 1982 4.48
44 1983 4.48
44 1984 4.48
44 1985 4.48
45 1986 4.48
45 1987 4.48
45 1988 4.48
45 1989 4.48
45 1990 4.48
45 1991 4.48
45 1992 4.48
45 1993 4.48
45 1994 4.48
45 1995 4.48
45 1996 4.48
45 1997 4.48
45 1998 4.48
45 1999 4.48
45 2000 4.48
45 2001 4.48
45 2002 4.48
45 2003 4.48
45 2004 4.48
45 2005 4.48
45 2006 4.48
45 2007 4.48
45 2008 4.48
45 2009 4.48
45 2010 4.48
45 2011 4.48
45 2012 4.48
45 2013 4.48
45 2014 4.48
45 2015 4.48
45 2016 4.48
45 2017 4.48
45 2018 4.48
45 2019 4.48
45 2020 4.48
45 2021 4.48
45 2022 4.48
45 2023 4.48
45 2024 4.48
45 2025 4.48
45 2026 4.48
45 2027 4.48
46 2028 4.48
46 2029 4.48
46 2030 4.48
46 2031 4.48
46 2032 4.48
46 2033 4.48
46 2034 4.48
46 2035 4.48
46 2036 4.48
46 2037 4.48
46 2038 4.48
46 2039 4.48
46 2040 4.48
46 2041 4.48
46 2042 4.48
46 2043 4.48
46 2044 4.48
46 2045 4.48
46 2046 4.48
46 2047 4.48
46 2048 4.48
46 2049 4.48
46 2050 4.48
46 2051 4.48
46 2052 4.48
46 2053 4.48
46 2054 4.48
46 2055 4.48
46 2056 4.48
46 2057 4.48
46 2058 4.48
46 2059 4.48
46 2060 4.48
46 2061 4.48
46 2062 4.48
46 2063 4.48
46 2064 4.48
46 2065 4.48
46 2066 4.48
46 2067 4.48
46 2068 4.48
47 2069 4.48
47 2070 4.48
47 2071 4.48
47 2072 4.48
47 2073 4.48
47 2074 4.48
47 2075 4.48
47 2076 4.48
47 2077 4.48
47 2078 4.48
47 2079 4.48
47 2080 4.48
47 2081 4.48
47 2082 4.48
47 2083 4.48
47 2084 4.48
47 2085 4.48
47 2086 4.48
47 2087 4.48
47 2088 4.48
47 2089 4.48
47 2090 4.48
47 2091 4.48
47 2092 4.48
47 2093 4.48
47 2094 4.48
47 2095 4.48
47 2096 4.48
47 2097 4.48
47 2098 4.48
47 2099 4.48
47 2100 4.48
47 2101 4.48
47 2102 4.48
47 2103 4.48
47 2104 4.48
47 2105 4.48
47 2106 4.48
47 2107 4.48
47 2108 4.48
47 2109 4.48
47 2110 4.48
47 2111 4.48
47 2112 4.48
48 2113 4.48
48 2114 4.48
48 2115 4.48
48 2116 4.48
48 2117 4.48
48 2118 4.48
48 2119 4.48
48 2120 4.48
48 2121 4.48
48 2122 4.48
48 2123 4.48
48 2124 4.48
48 2125 4.48
48 2126 4.48
48 2127 4.48
48 2128 4.48
48 2129 4.48
48 2130 4.48
48 2131 4.48
48 2132 4.48
48 2133 4.48
48 2134 4.48
48 2135 4.48
48 2136 4.48
48 2137 4.48
48 2138 4.48
48 2139 4.48
48 2140 4.48
48 2141 4.48
48 2142 4.48
48 2143 4.48
48 2144 4.48
48 2145 4.48
48 2146 4.48
48 2147 4.48
48 2148 4.48
48 2149 4.48
48 2150 4.48
48 2151 4.48
48 2152 4.48
48 2153 4.48
48 2154 4.48
48 2155 4.48
48 2156 4.48
48 2157 4.48
48 2158 4.48
48 2159 4.48
49 2160 4.48
49 2161 4.48
49 2162 4.48
49 2163 4.48
49 2164 4.48
49 2165 4.48
49 2166 4.48
49 2167 4.48
49 2168 4.48
49 2169 4.48
49 2170 4.48
49 2171 4.48
49 2172 4.48
49 2173 4.48
49 2174 4.48
49 2175 4.48
49 2176 4.48
49 2177 4.48
49 2178 4.48
49 2179 4.48
49 2180 4.48
49 2181 4.48
49 2182 4.48
49 2183 4.48
49 2184 4.48
49 2185 4.48
49 2186 4.48
49 2187 4.48
49 2188 4.48
49 2189 4.48
49 2190 4.48
49 2191 4.48
49 2192 4.48
49 2193 4.48
49 2194 4.48
49 2195 4.48
49 2196 4.48
49 2197 4.48
49 2198 4.48
49 2199 4.48
49 2200 4.48
49 2201 4.48
49 2202 4.48
49 2203 4.48
49 2204 4.48
49 2205 4.48
49 2206 4.48
50 2207 4.48
50 2208 4.48
50 2209 4.48
50 2210 4.48
50 2211 4.48
50 2212 4.48
50 2213 4.48
50 2214 4.48
50 2215 4.48
50 2216 4.48
50 2217 4.48
50 2218 4.48
50 2219 4.48
50 2220 4.48
50 2221 4.48
50 2222 4.48
50 2223 4.48
50 2224 4.48
50 2225 4.48
50 2226 4.48
50 2227 4.48
50 2228 4.48
50 2229 4.48
50 2230 4.48
50 2231 4.48
50 2232 4.48
50 2233 4.48
50 2234 4.48
50 2235 4.48
50 2236 4.48
50 2237 4.48
50 2238 4.48
50 2239 4.48
50 2240 4.48
50 2241 4.48
50 2242 4.48
50 2243 4.48
50 2244 4.48
50 2245 4.48
50 2246 4.48
50 2247 4.48
50 2248 4.48
50 2249 4.48
50 2250 4.48
50 2251 4.48
50 2252 4.48
51 2253 4.48
51 2254 4.48
51 2255 4.48
51 2256 4.48
51 2257 4.48
51 2258 4.48
51 2259 4.48
51 2260 4.48
51 2261 4.48
51 2262 4.48
51 2263 4.48
51 2264 4.48
51 2265 4.48
51 2266 4.48
51 2267 4.48
51 2268 4.48
51 2269 4.48
51 2270 4.48
51 2271 4.48
51 2272 4.48
51 2273 4.48
51 2274 4.48
51 2275 4.48
51 2276 4.48
51 2277 4.48
51 2278 4.48
51 2279 4.48
51 2280 4.48
51 2281 4.48
51 2282 4.48
51 2283 4.48
51 2284 4.48
51 2285 4.48
51 2286 4.48
51 2287 4.48
51 2288 4.48
51 2289 4.48
51 2290 4.48
51 2291 4.48
51 2292 4.48
51 2293 4.48
51 2294 4.48
51 2295 4.48
51 2296 4.48
51 2297 4.48
51 2298 4.48
51 2299 4.48
52 2300 4.48
52 2301 4.48
52 2302 4.48
52 2303 4.48
52 2304 4.48
52 2305 4.48
52 2306 4.48
52 2307 4.48
52 2308 4.48
52 2309 4.48
52 2310 4.48
52 2311 4.48
52 2312 4.48
52 2313 4.48
52 2314 4.48
52 2315 4.48
52 2316 4.48
52 2317 4.48
52 2318 4.48
52 2319 4.48
52 2320 4.48
52 2321 4.48
52 2322 4.48
52 2323 4.48
52 2324 4.48
52 2325 4.48
52 2326 4.48
52 2327 4.48
52 2328 4.48
52 2329 4.48
52 2330 4.48
52 2331 4.48
52 2332 4.48
52 2333 4.48
52 2334 4.48
52 2335 4.48
52 2336 4.48
52 2337 4.48
52 2338 4.48
52 2339 4.48
52 2340 4.48
52 2341 4.48
52 2342 4.48
52 2343 4.48
52 2344 4.48
52 2345 4.48
52 2346 4.48
53 2347 4.48
53 2348 4.48
53 2349 4.48
53 2350 4.48
53 2351 4.48
53 2352 4.48
53 2353 4.48
53 2354 4.48
53 2355 4.48
53 2356 4.48
53 2357 4.48
53 2358 4.48
53 2359 4.48
53 2360 4.48
53 2361 4.48
53 2362 4.48
53 2363 4.48
53 2364 4.48
53 2365 4.48
53 2366 4.48
53 2367 4.48
53 2368 4.48
53 2369 4.48
53 2370 4.48
53 2371 4.48
53 2372 4.48
53 2373 4.48
53 2374 4.48
53 2375 4.48
53 2376 4.48
53 2377 4.48
53 2378 4.48
53 2379 4.48
53 2380 4.48
53 2381 4.48
53 2382 4.48
53 2383 4.48
53 2384 4.48
53 2385 4.48
53 2386 4.48
53 2387 4.48
53 2388 4.48
53 2389 4.48
53 2390 4.48
53 2391 4.48
53 2392 4.48
54 2393 4.48
54 2394 4.48
54 2395 4.48
54 2396 4.48
54 2397 4.48
54 2398 4.48
54 2399 4.48
54 2400 4.48
54 2401 4.48
54 2402 4.48
54 2403 4.48
54 2404 4.48
54 2405 4.48
54 2406 4.48
54 2407 4.48
54 2408 4.48
54 2409 4.48
54 2410 4.48
54 2411 4.48
54 2412 4.48
54 2413 4.48
54 2414 4.48
54 2415 4.48
54 2416 4.48
54 2417 4.48
54 2418 4.48
54 2419 4.48
54 2420 4.48
54 2421 4.48
54 2422 4.48
54 2423 4.48
54 2424 4.48
54 2425 4.48
54 2426 4.48
54 2427 4.48
54 2428 4.48
54 2429 4.48
54 2430 4.48
54 2431 4.48
54 2432 4.48
54 2433 4.48
54 2434 4.48
54 2435 4.48
54 2436 4.48
54 2437 4.48
54 2438 4.48
54 2439 4.48
54 2440 4.48
55 2441 4.48
55 2442 4.48
55 2443 4.48
55 2444 4.48
55 2445 4.48
55 2446 4.48
55 2447 4.48
55 2448 4.48
55 2449 4.48
55 2450 4.48
55 2451 4.48
55 2452 4.48
55 2453 4.48
55 2454 4.48
55 2455 4.48
55 2456 4.48
55 2457 4.48
55 2458 4.48
55 2459 4.48
55 2460 4.48
55 2461 4.48
55 2462 4.48
55 2463 4.48
55 2464 4.48
55 2465 4.48
55 2466 4.48
55 2467 4.48
55 2468 4.48
55 2469 4.48
55 2470 4.48
55 2471 4.48
55 2472 4.48
55 2473 4.48
55 2474 4.48
55 2475 4.48
55 2476 4.48
55 2477 4.48
55 2478 4.48
55 2479 4.48
55 2480 4.48
55 2481 4.48
55 2482 4.48
55 2483 4.48
55 2484 4.48
56 2485 4.48
56 2486 4.48
56 2487 4.48
56 2488 4.48
56 2489 4.48
56 2490 4.48
56 2491 4.48
56 2492 4.48
56 2493 4.48
56 2494 4.48
56 2495 4.48
56 2496 4.48
56 2497 4.48
56 2498 4.48
56 2499 4.48
56 2500 4.48
56 2501 4.48
56 2502 4.48
56 2503 4.48
56 2504 4.48
56 2505 4.48
56 2506 4.48
56 2507 4.48
56 2508 4.48
56 2509 4.48
56 2510 4.48
56 2511 4.48
56 2512 4.48
56 2513 4.48
56 2514 4.48
56 2515 4.48
56 2516 4.48
56 2517 4.48
56 2518 4.48
56 2519 4.48
56 2520 4.48
56 2521 4.48
56 2522 4.48
56 2523 4.48
56 2524 4.48
56 2525 4.48
56 2526 4.48
56 2527 4.48
56 2528 4.48
56 2529 4.48
56 2530 4.48
56 2531 4.48
57 2532 4.48
57 2533 4.48
57 2534 4.48
57 2535 4.48
57 2536 4.48
57 2537 4.48
57 2538 4.48
57 2539 4.48
57 2540 4.48
57 2541 4.48
57 2542 4.48
57 2543 4.48
57 2544 4.48
57 2545 4.48
57 2546 4.48
57 2547 4.48
57 2548 4.48
57 2549 4.48
57 2550 4.48
57 2551 4.48
57 2552 4.48
57 2553 4.48
57 2554 4.48
57 2555 4.48
57 2556 4.48
57 2557 4.48
57 2558 4.48
57 2559 4.48
57 2560 4.48
57 2561 4.48
57 2562 4.48
57 2563 4.48
57 2564 4.48
57 2565 4.48
57 2566 4.48
57 2567 4.48
57 2568 4.48
57 2569 4.48
57 2570 4.48
57 2571 4.48
57 2572 4.48
57 2573 4.48
57 2574 4.48
57 2575 4.48
58 2576 4.48
58 2577 4.48
58 2578 4.48
58 2579 4.48
58 2580 4.48
58 2581 4.48
58 2582 4.48
58 2583 4.48
58 2584 4.48
58 2585 4.48
58 2586 4.48
58 2587 4.48
58 2588 4.48
58 2589 4.48
58 2590 4.48
58 2591 4.48
58 2592 4.48
58 2593 4.48
58 2594 4.48
58 2595 4.48
58 2596 4.48
58 2597 4.48
58 2598 4.48
58 2599 4.48
58 2600 4.48
58 2601 4.48
58 2602 4.48
58 2603 4.48
58 2604 4.48
58 2605 4.48
58 2606 4.48
58 2607 4.48
58 2608 4.48
58 2609 4.48
58 2610 4.48
58 2611 4.48
58 2612 4.48
58 2613 4.48
58 2614 4.48
58 2615 4.48
58 2616 4.48
58 2617 4.48
58 2618 4.48
58 2619 4.48
58 2620 4.48
58 2621 4.48
59 2622 4.48
59 2623 4.48
59 2624 4.48
59 2625 4.48
59 2626 4.48
59 2627 4.48
59 2628 4.48
59 2629 4.48
59 2630 4.48
59 2631 4.48
59 2632 4.48
59 2633 4.48
59 2634 4.48
59 2635 4.48
59 2636 4.48
59 2637 4.48
59 2638 4.48
59 2639 4.48
59 2640 4.48
59 2641 4.48
59 2642 4.48
59 2643 4.48
59 2644 4.48
59 2645 4.48
59 2646 4.48
59 2647 4.48
59 2648 4.48
59 2649 4.48
59 2650 4.48
59 2651 4.48
59 2652 4.48
59 2653 4.48
59 2654 4.48
59 2655 4.48
59 2656 4.48
59 2657 4.48
59 2658 4.48
59 2659 4.48
59 2660 4.48
59 2661 4.48
59 2662 4.48
59 2663 4.48
59 2664 4.48
59 2665 4.48
59 2666 4.48
59 2667 4.48
59 2668 4.48
60 2669 4.48
60 2670 4.48
60 2671 4.48
60 2672 4.48
60 2673 4.48
60 2674 4.48
60 2675 4.48
60 2676 4.48
60 2677 4.48
60 2678 4.48
60 2679 4.48
60 2680 4.48
60 2681 4.48
60 2682 4.48
60 2683 4.48
60 2684 4.48
60 2685 4.48
60 2686 4.48
60 2687 4.48
60 2688 4.48
60 2689 4.48
60 2690 4.48
60 2691 4.48
60 2692 4.48
60 2693 4.48
60 2694 4.48
60 2695 4.48
60 2696 4.48
60 2697 4.48
60 2698 4.48
60 2699 4.48
60 2700 4.48
60 2701 4.48
60 2702 4.48
60 2703 4.48
60 2704 4.48
60 2705 4.48
60 2706 4.48
60 2707 4.48
60 2708 4.48
60 2709 4.48
60 2710 4.48
60 2711 4.48
60 2712 4.48
60 2713 4.48
60 2714 4.48
61 2715 4.48
61 2716 4.48
61 2717 4.48
61 2718 4.48
61 2719 4.48
61 2720 4.48
61 2721 4.48
61 2722 4.48
61 2723 4.48
61 2724 4.48
61 2725 4.48
61 2726 4.48
61 2727 4.48
61 2728 4.48
61 2729 4.48
61 2730 4.48
61 2731 4.48
61 2732 4.48
61 2733 4.48
61 2734 4.48
61 2735 4.48
61 2736 4.48
61 2737 4.48
61 2738 4.48
61 2739 4.48
61 2740 4.48
61 2741 4.48
61 2742 4.48
61 2743 4.48
61 2744 4.48
61 2745 4.48
61 2746 4.48
61 2747 4.48
61 2748 4.48
61 2749 4.48
61 2750 4.48
61 2751 4.48
61 2752 4.48
61 2753 4.48
61 2754 4.48
61 2755 4.48
61 2756 4.48
61 2757 4.48
61 2758 4.48
61 2759 4.48
61 2760 4.48
62 2761 4.48
62 2762 4.48
62 2763 4.48
62 2764 4.48
62 2765 4.48
62 2766 4.48
62 2767 4.48
62 2768 4.48
62 2769 4.48
62 2770 4.48
62 2771 4.48
62 2772 4.48
62 2773 4.48
62 2774 4.48
62 2775 4.48
62 2776 4.48
62 2777 4.48
62 2778 4.48
62 2779 4.48
62 2780 4.48
62 2781 4.48
62 2782 4.48
62 2783 4.48
62 2784 4.48
62 2785 4.48
62 2786 4.48
62 2787 4.48
62 2788 4.48
62 2789 4.48
62 2790 4.48
62 2791 4.48
62 2792 4.48
62 2793 4.48
62 2794 4.48
62 2795 4.48
62 2796 4.48
62 2797 4.48
62 2798 4.48
62 2799 4.48
62 2800 4.48
62 2801 4.48
62 2802 4.48
62 2803 4.48
62 2804 4.48
62 2805 4.48
63 2806 4.48
63 2807 4.48
63 2808 4.48
63 2809 4.48
63 2810 4.48
63 2811 4.48
63 2812 4.48
63 2813 4.48
63 2814 4.48
63 2815 4.48
63 2816 4.48
63 2817 4.48
63 2818 4.48
63 2819 4.48
63 2820 4.48
63 2821 4.48
63 2822 4.48
63 2823 4.48
63 2824 4.48
63 2825 4.48
63 2826 4.48
63 2827 4.48
63 2828 4.48
63 2829 4.48
63 2830 4.48
63 2831 4.48
63 2832 4.48
63 2833 4.48
63 2834 4.48
63 2835 4.48
63 2836 4.48
63 2837 4.48
63 2838 4.48
63 2839 4.48
63 2840 4.48
63 2841 4.48
63 2842 4.48
63 2843 4.48
63 2844 4.48
63 2845 4.48
63 2846 4.48
63 2847 4.48
63 2848 4.48
63 2849 4.48
63 2850 4.48
64 2851 4.48
64 2852 4.48
64 2853 4.48
64 2854 4.48
64 2855 4.48
64 2856 4.48
64 2857 4.48
64 2858 4.48
64 2859 4.48
64 2860 4.48
64 2861 4.48
64 2862 4.48
64 2863 4.48
64 2864 4.48
64 2865 4.48
64 2866 4.48
64 2867 4.48
64 2868 4.48
64 2869 4.48
64 2870 4.48
64 2871 4.48
64 2872 4.48
64 2873 4.48
64 2874 4.48
64 2875 4.48
64 2876 4.48
64 2877 4.48
64 2878 4.48
64 2879 4.48
64 2880 4.48
64 2881 4.48
64 2882 4.48
64 2883 4.48
64 2884 4.48
64 2885 4.48
64 2886 4.48
64 2887 4.48
64 2888 4.48
64 2889 4.48
64 2890 4.48
64 2891 4.48
64 2892 4.48
64 2893 4.48
64 2894 4.48
64 2895 4.48
64 2896 4.48
65 2897 4.48
65 2898 4.48
65 2899 4.48
65 2900 4.48
65 2901 4.48
65 2902 4.48
65 2903 4.48
65 2904 4.48
65 2905 4.48
65 2906 4.48
65 2907 4.48
65 2908 4.48
65 2909 4.48
65 2910 4.48
65 2911 4.48
65 2912 4.48
65 2913 4.48
65 2914 4.48
65 2915 4.48
65 2916 4.48
65 2917 4.48
65 2918 4.48
65 2919 4.48
65 2920 4.48
65 2921 4.48
65 2922 4.48
65 2923 4.48
65 2924 4.48
65 2925 4.48
65 2926 4.48
65 2927 4.48
65 2928 4.48
65 2929 4.48
65 2930 4.48
65 2931 4.48
65 2932 4.48
65 2933 4.48
65 2934 4.48
65 2935 4.48
65 2936 4.48
65 2937 4.48
65 2938 4.48
65 2939 4.48
65 2940 4.48
65 2941 4.48
65 2942 4.48
66 2943 4.48
66 2944 4.48
66 2945 4.48
66 2946 4.48
66 2947 4.48
66 2948 4.48
66 2949 4.48
66 2950 4.48
66 2951 4.48
66 2952 4.48
66 2953 4.48
66 2954 4.48
66 2955 4.48
66 2956 4.48
66 2957 4.48
66 2958 4.48
66 2959 4.48
66 2960 4.48
66 2961 4.48
66 2962 4.48
66 2963 4.48
66 2964 4.48
66 2965 4.48
66 2966 4.48
66 2967 4.48
66 2968 4.48
66 2969 4.48
66 2970 4.48
66 2971 4.48
66 2972 4.48
66 2973 4.48
66 2974 4.48
66 2975 4.48
66 2976 4.48
66 2977 4.48
66 2978 4.48
66 2979 4.48
66 2980 4.48
66 2981 4.48
66 2982 4.48
66 2983 4.48
66 2984 4.48
66 2985 4.48
66 2986 4.48
66 2987 4.48
66 2988 4.48
66 2989 4.48
66 2990 4.48
67 2991 4.48
67 2992 4.48
67 2993 4.48
67 2994 4.48
67 2995 4.48
67 2996 4.48
67 2997 4.48
67 2998 4.48
67 2999 4.48
67 3000 4.48
67 3001 4.48
67 3002 4.48
67 3003 4.48
67 3004 4.48
67 3005 4.48
67 3006 4.48
67 3007 4.48
67 3008 4.48
67 3009 4.48
67 3010 4.48
67 3011 4.48
67 3012 4.48
67 3013 4.48
67 3014 4.48
67 3015 4.48
67 3016 4.48
67 3017 4.48
67 3018 4.48
67 3019 4.48
67 3020 4.48
67 3021 4.48
67 3022 4.48
67 3023 4.48
67 3024 4.48
67 3025 4.48
67 3026 4.48
67 3027 4.48
67 3028 4.48
67 3029 4.48
67 3030 4.48
67 3031 4.48
67 3032 4.48
67 3033 4.48
67 3034 4.48
67 3035 4.48
67 3036 4.48
68 3037 4.48
68 3038 4.48
68 3039 4.48
68 3040 4.48
68 3041 4.48
68 3042 4.48
68 3043 4.48
68 3044 4.48
68 3045 4.48
68 3046 4.48
68 3047 4.48
68 3048 4.48
68 3049 4.48
68 3050 4.48
68 3051 4.48
68 3052 4.48
68 3053 4.48
68 3054 4.48
68 3055 4.48
68 3056 4.48
68 3057 4.48
68 3058 4.48
68 3059 4.48
68 3060 4.48
68 3061 4.48
68 3062 4.48
68 3063 4.48
68 3064 4.48
68 3065 4.48
68 3066 4.48
68 3067 4.48
68 3068 4.48
68 3069 4.48
68 3070 4.48
68 3071 4.48
68 3072 4.48
68 3073 4.48
68 3074 4.48
68 3075 4.48
68 3076 4.48
68 3077 4.48
68 3078 4.48
68 3079 4.48
68 3080 4.48
68 3081 4.48
68 3082 4.48
68 3083 4.48
69 3084 4.48
69 3085 4.48
69 3086 4.48
69 3087 4.48
69 3088 4.48
69 3089 4.48
69 3090 4.48
69 3091 4.48
69 3092 4.48
69 3093 4.48
69 3094 4.48
69 3095 4.48
69 3096 4.48
69 3097 4.48
69 3098 4.48
69 3099 4.48
69 3100 4.48
69 3101 4.48
69 3102 4.48
69 3103 4.48
69 3104 4.48
69 3105 4.48
69 3106 4.48
69 3107 4.48
69 3108 4.48
69 3109 4.48
69 3110 4.48
69 3111 4.48
69 3112 4.48
69 3113 4.48
69 3114 4.48
69 3115 4.48
69 3116 4.48
69 3117 4.48
69 3118 4.48
69 3119 4.48
69 3120 4.48
69 3121 4.48
69 3122 4.48
69 3123 4.48
69 3124 4.48
69 3125 4.48
69 3126 4.48
69 3127 4.48
69 3128 4.48
69 3129 4.48
69 3130 4.48
70 3131 4.48
70 3132 4.48
70 3133 4.48
70 3134 4.48
70 3135 4.48
70 3136 4.48
70 3137 4.48
70 3138 4.48
70 3139 4.48
70 3140 4.48
70 3141 4.48
70 3142 4.48
70 3143 4.48
70 3144 4.48
70 3145 4.48
70 3146 4.48
70 3147 4.48
70 3148 4.48
70 3149 4.48
70 3150 4.48
70 3151 4.48
70 3152 4.48
70 3153 4.48
70 3154 4.48
70 3155 4.48
70 3156 4.48
70 3157 4.48
70 3158 4.48
70 3159 4.48
70 3160 4.48
70 3161 4.48
70 3162 4.48
70 3163 4.48
70 3164 4.48
70 3165 4.48
70 3166 4.48
70 3167 4.48
70 3168 4.48
70 3169 4.48
70 3170 4.48
70 3171 4.48
70 3172 4.48
70 3173 4.48
70 3174 4.48
70 3175 4.48
70 3176 4.48
71 3177 4.48
71 3178 4.48
71 3179 4.48
71 3180 4.48
71 3181 4.48
71 3182 4.48
71 3183 4.48
71 3184 4.48
71 3185 4.48
71 3186 4.48
71 3187 4.48
71 3188 4.48
71 3189 4.48
71 3190 4.48
71 3191 4.48
71 3192 4.48
71 3193 4.48
71 3194 4.48
71 3195 4.48
71 3196 4.48
71 3197 4.48
71 3198 4.48
71 3199 4.48
71 3200 4.48
71 3201 4.48
71 3202 4.48
71 3203 4.48
71 3204 4.48
71 3205 4.48
71 3206 4.48
71 3207 4.48
71 3208 4.48
71 3209 4.48
71 3210 4.48
71 3211 4.48
71 3212 4.48
71 3213 4.48
71 3214 4.48
71 3215 4.48
71 3216 4.48
71 3217 4.48
71 3218 4.48
71 3219 4.48
71 3220 4.48
71 3221 4.48
71 3222 4.48
71 3223 4.48
71 3224 4.48
71 3225 4.48
72 3226 4.48
72 3227 4.48
72 3228 4.48
72 3229 4.48
72 3230 4.48
72 3231 4.48
72 3232 4.48
72 3233 4.48
72 3234 4.48
72 3235 4.48
72 3236 4.48
72 3237 4.48
72 3238 4.48
72 3239 4.48
72 3240 4.48
72 3241 4.48
72 3242 4.48
72 3243 4.48
72 3244 4.48
72 3245 4.48
72 3246 4.48
72 3247 4.48
72 3248 4.48
72 3249 4.48
72 3250 4.48
72 3251 4.48
72 3252 4.48
72 3253 4.48
72 3254 4.48
72 3255 4.48
72 3256 4.48
72 3257 4.48
72 3258 4.48
72 3259 4.48
72 3260 4.48
72 3261 4.48
72 3262 4.48
72 3263 4.48
72 3264 4.48
72 3265 4.48
72 3266 4.48
72 3267 4.48
72 3268 4.48
72 3269 4.48
72 3270 4.48
72 3271 4.48
73 3272 4.48
73 3273 4.48
73 3274 4.48
73 3275 4.48
73 3276 4.48
73 3277 4.48
73 3278 4.48
73 3279 4.48
73 3280 4.48
73 3281 4.48
73 3282 4.48
73 3283 4.48
73 3284 4.48
73 3285 4.48
73 3286 4.48
73 3287 4.48
73 3288 4.48
73 3289 4.48
73 3290 4.48
73 3291 4.48
73 3292 4.48
73 3293 4.48
73 3294 4.48
73 3295 4.48
73 3296 4.48
73 3297 4.48
73 3298 4.48
73 3299 4.48
73 3300 4.48
73 3301 4.48
73 3302 4.48
73 3303 4.48
73 3304 4.48
73 3305 4.48
73 3306 4.48
73 3307 4.48
73 3308 4.48
73 3309 4.48
73 3310 4.48
73 3311 4.48
73 3312 4.48
73 3313 4.48
73 3314 4.48
73 3315 4.48
73 3316 4.48
73 3317 4.48
73 3318 4.48
74 3319 4.48
74 3320 4.48
74 3321 4.48
74 3322 4.48
74 3323 4.48
74 3324 4.48
74 3325 4.48
74 3326 4.48
74 3327 4.48
74 3328 4.48
74 3329 4.48
74 3330 4.48
74 3331 4.48
74 3332 4.48
74 3333 4.48
74 3334 4.48
74 3335 4.48
74 3336 4.48
74 3337 4.48
74 3338 4.48
74 3339 4.48
74 3340 4.48
74 3341 4.48
74 3342 4.48
74 3343 4.48
74 3344 4.48
74 3345 4.48
74 3346 4.48
74 3347 4.48
74 3348 4.48
74 3349 4.48
74 3350 4.48
74 3351 4.48
74 3352 4.48
74 3353 4.48
74 3354 4.48
74 3355 4.48
74 3356 4.48
74 3357 4.48
74 3358 4.48
74 3359 4.48
74 3360 4.48
74 3361 4.48
74 3362 4.48
74 3363 4.48
74 3364 4.48
75 3365 4.48
75 3366 4.48
75 3367 4.48
75 3368 4.48
75 3369 4.48
75 3370 4.48
75 3371 4.48
75 3372 4.48
75 3373 4.48
75 3374 4.48
75 3375 4.48
75 3376 4.48
75 3377 4.48
75 3378 4.48
75 3379 4.48
75 3380 4.48
75 3381 4.48
75 3382 4.48
75 3383 4.48
75 3384 4.48
75 3385 4.48
75 3386 4.48
75 3387 4.48
75 3388 4.48
75 3389 4.48
75 3390 4.48
75 3391 4.48
75 3392 4.48
75 3393 4.48
75 3394 4.48
75 3395 4.48
75 3396 4.48
75 3397 4.48
75 3398 4.48
75 3399 4.48
75 3400 4.48
75 3401 4.48
75 3402 4.48
75 3403 4.48
75 3404 4.48
75 3405 4.48
75 3406 4.48
75 3407 4.48
75 3408 4.48
75 3409 4.48
75 3410 4.48
75 3411 4.48
76 3412 4.48
76 3413 4.48
76 3414 4.48
76 3415 4.48
76 3416 4.48
76 3417 4.48
76 3418 4.48
76 3419 4.48
76 3420 4.48
76 3421 4.48
76 3422 4.48
76 3423 4.48
76 3424 4.48
76 3425 4.48
76 3426 4.48
76 3427 4.48
76 3428 4.48
76 3429 4.48
76 3430 4.48
76 3431 4.48
76 3432 4.48
76 3433 4.48
76 3434 4.48
76 3435 4.48
76 3436 4.48
76 3437 4.48
76 3438 4.48
76 3439 4.48
76 3440 4.48
76 3441 4.48
76 3442 4.48
76 3443 4.48
76 3444 4.48
76 3445 4.48
76 3446 4.48
76 3447 4.48
76 3448 4.48
76 3449 4.48
76 3450 4.48
76 3451 4.48
76 3452 4.48
76 3453 4.48
76 3454 4.48
76 3455 4.48
76 3456 4.48
77 3457 4.48
77 3458 4.48
77 3459 4.48
77 3460 4.48
77 3461 4.48
77 3462 4.48
77 3463 4.48
77 3464 4.48
77 3465 4.48
77 3466 4.48
77 3467 4.48
77 3468 4.48
77 3469 4.48
77 3470 4.48
77 3471 4.48
77 3472 4.48
77 3473 4.48
77 3474 4.48
77 3475 4.48
77 3476 4.48
77 3477 4.48
77 3478 4.48
77 3479 4.48
77 3480 4.48
77 3481 4.48
77 3482 4.48
77 3483 4.48
77 3484 4.48
77 3485 4.48
77 3486 4.48
77 3487 4.48
77 3488 4.48
77 3489 4.48
77 3490 4.48
77 3491 4.48
77 3492 4.48
77 3493 4.48
77 3494 4.48
77 3495 4.48
77 3496 4.48
77 3497 4.48
77 3498 4.48
77 3499 4.48
77 3500 4.48
77 3501 4.48
77 3502 4.48
77 3503 4.48
77 3504 4.48
78 3505 4.48
78 3506 4.48
78 3507 4.48
78 3508 4.48
78 3509 4.48
78 3510 4.48
78 3511 4.48
78 3512 4.48
78 3513 4.48
78 3514 4.48
78 3515 4.48
78 3516 4.48
78 3517 4.48
78 3518 4.48
78 3519 4.48
78 3520 4.48
78 3521 4.48
78 3522 4.48
78 3523 4.48
78 3524 4.48
78 3525 4.48
78 3526 4.48
78 3527 4.48
78 3528 4.48
78 3529 4.48
78 3530 4.48
78 3531 4.48
78 3532 4.48
78 3533 4.48
78 3534 4.48
78 3535 4.48
78 3536 4.48
78 3537 4.48
78 3538 4.48
78 3539 4.48
78 3540 4.48
78 3541 4.48
78 3542 4.48
78 3543 4.48
78 3544 4.48
78 3545 4.48
78 3546 4.48
78 3547 4.48
78 3548 4.48
78 3549 4.48
78 3550 4.48
78 3551 4.48
78 3552 4.48
79 3553 4.48
79 3554 4.48
79 3555 4.48
79 3556 4.48
79 3557 4.48
79 3558 4.48
79 3559 4.48
79 3560 4.48
79 3561 4.48
79 3562 4.48
79 3563 4.48
79 3564 4.48
79 3565 4.48
79 3566 4.48
79 3567 4.48
79 3568 4.48
79 3569 4.48
79 3570 4.48
79 3571 4.48
79 3572 4.48
79 3573 4.48
79 3574 4.48
79 3575 4.48
79 3576 4.48
79 3577 4.48
79 3578 4.48
79 3579 4.48
79 3580 4.48
79 3581 4.48
79 3582 4.48
79 3583 4.48
79 3584 4.48
79 3585 4.48
79 3586 4.48
79 3587 4.48
79 3588 4.48
79 3589 4.48
79 3590 4.48
79 3591 4.48
79 3592 4.48
79 3593 4.48
79 3594 4.48
79 3595 4.48
79 3596 4.48
79 3597 4.48
79 3598 4.48
79 3599 4.48
79 3600 4.48
79 3601 4.48
79 3602 4.48
80 3603 4.48
80 3604 4.48
80 3605 4.48
80 3606 4.48
80 3607 4.48
80 3608 4.48
80 3609 4.48
80 3610 4.48
80 3611 4.48
80 3612 4.48
80 3613 4.48
80 3614 4.48
80 3615 4.48
80 3616 4.48
80 3617 4.48
80 3618 4.48
80 3619 4.48
80 3620 4.48
80 3621 4.48
80 3622 4.48
80 3623 4.48
80 3624 4.48
80 3625 4.48
80 3626 4.48
80 3627 4.48
80 3628 4.48
80 3629 4.48
80 3630 4.48
80 3631 4.48
80 3632 4.48
80 3633 4.48
80 3634 4.48
80 3635 4.48
80 3636 4.48
80 3637 4.48
80 3638 4.48
80 3639 4.48
80 3640 4.48
80 3641 4.48
80 3642 4.48
80 3643 4.48
80 3644 4.48
80 3645 4.48
80 3646 4.48
80 3647 4.48
80 3648 4.48
81 3649 4.48
81 3650 4.48
81 3651 4.48
81 3652 4.48
81 3653 4.48
81 3654 4.48
81 3655 4.48
81 3656 4.48
81 3657 4.48
81 3658 4.48
81 3659 4.48
81 3660 4.48
81 3661 4.48
81 3662 4.48
81 3663 4.48
81 3664 4.48
81 3665 4.48
81 3666 4.48
81 3667 4.48
81 3668 4.48
81 3669 4.48
81 3670 4.48
81 3671 4.48
81 3672 4.48
81 3673 4.48
81 3674 4.48
81 3675 4.48
81 3676 4.48
81 3677 4.48
81 3678 4.48
81 3679 4.48
81 3680 4.48
81 3681 4.48
81 3682 4.48
81 3683 4.48
81 3684 4.48
81 3685 4.48
81 3686 4.48
81 3687 4.48
81 3688 4.48
81 3689 4.48
81 3690 4.48
81 3691 4.48
81 3692 4.48
81 3693 4.48
82 3694 4.48
82 3695 4.48
82 3696 4.48
82 3697 4.48
82 3698 4.48
82 3699 4.48
82 3700 4.48
82 3701 4.48
82 3702 4.48
82 3703 4.48
82 3704 4.48
82 3705 4.48
82 3706 4.48
82 3707 4.48
82 3708 4.48
82 3709 4.48
82 3710 4.48
82 3711 4.48
82 3712 4.48
82 3713 4.48
82 3714 4.48
82 3715 4.48
82 3716 4.48
82 3717 4.48
82 3718 4.48
82 3719 4.48
82 3720 4.48
82 3721 4.48
82 3722 4.48
82 3723 4.48
82 3724 4.48
82 3725 4.48
82 3726 4.48
82 3727 4.48
82 3728 4.48
82 3729 4.48
82 3730 4.48
82 3731 4.48
82 3732 4.48
82 3733 4.48
82 3734 4.48
82 3735 4.48
82 3736 4.48
82 3737 4.48
82 3738 4.48
82 3739 4.48
82 3740 4.48
83 3741 4.48
83 3742 4.48
83 3743 4.48
83 3744 4.48
83 3745 4.48
83 3746 4.48
83 3747 4.48
83 3748 4.48
83 3749 4.48
83 3750 4.48
83 3751 4.48
83 3752 4.48
83 3753 4.48
83 3754 4.48
83 3755 4.48
83 3756 4.48
83 3757 4.48
83 3758 4.48
83 3759 4.48
83 3760 4.48
83 3761 4.48
83 3762 4.48
83 3763 4.48
83 3764 4.48
83 3765 4.48
83 3766 4.48
83 3767 4.48
83 3768 4.48
83 3769 4.48
83 3770 4.48
83 3771 4.48
83 3772 4.48
83 3773 4.48
83 3774 4.48
83 3775 4.48
83 3776 4.48
83 3777 4.48
83 3778 4.48
83 3779 4.48
83 3780 4.48
83 3781 4.48
83 3782 4.48
83 3783 4.48
83 3784 4.48
83 3785 4.48
83 3786 4.48
84 3787 4.48
84 3788 4.48
84 3789 4.48
84 3790 4.48
84 3791 4.48
84 3792 4.48
84 3793 4.48
84 3794 4.48
84 3795 4.48
84 3796 4.48
84 3797 4.48
84 3798 4.48
84 3799 4.48
84 3800 4.48
84 3801 4.48
84 3802 4.48
84 3803 4.48
84 3804 4.48
84 3805 4.48
84 3806 4.48
84 3807 4.48
84 3808 4.48
84 3809 4.48
84 3810 4.48
84 3811 4.48
84 3812 4.48
84 3813 4.48
84 3814 4.48
84 3815 4.48
84 3816 4.48
84 3817 4.48
84 3818 4.48
84 3819 4.48
84 3820 4.48
84 3821 4.48
84 3822 4.48
84 3823 4.48
84 3824 4.48
84 3825 4.48
84 3826 4.48
84 3827 4.48
84 3828 4.48
84 3829 4.48
84 3830 4.48
85 3831 4.48
85 3832 4.48
85 3833 4.48
85 3834 4.48
85 3835 4.48
85 3836 4.48
85 3837 4.48
85 3838 4.48
85 3839 4.48
85 3840 4.48
85 3841 4.48
85 3842 4.48
85 3843 4.48
85 3844 4.48
85 3845 4.48
85 3846 4.48
85 3847 4.48
85 3848 4.48
85 3849 4.48
85 3850 4.48
85 3851 4.48
85 3852 4.48
85 3853 4.48
85 3854 4.48
85 3855 4.48
85 3856 4.48
85 3857 4.48
85 3858 4.48
85 3859 4.48
85 3860 4.48
85 3861 4.48
85 3862 4.48
85 3863 4.48
85 3864 4.48
85 3865 4.48
85 3866 4.48
85 3867 4.48
85 3868 4.48
85 3869 4.48
85 3870 4.48
85 3871 4.48
85 3872 4.48
85 3873 4.48
86 3874 4.48
86 3875 4.48
86 3876 4.48
86 3877 4.48
86 3878 4.48
86 3879 4.48
86 3880 4.48
86 3881 4.48
86 3882 4.48
86 3883 4.48
86 3884 4.48
86 3885 4.48
86 3886 4.48
86 3887 4.48
86 3888 4.48
86 3889 4.48
86 3890 4.48
86 3891 4.48
86 3892 4.48
86 3893 4.48
86 3894 4.48
86 3895 4.48
86 3896 4.48
86 3897 4.48
86 3898 4.48
86 3899 4.48
86 3900 4.48
86 3901 4.48
86 3902 4.48
86 3903 4.48
86 3904 4.48
86 3905 4.48
86 3906 4.48
86 3907 4.48
86 3908 4.48
86 3909 4.48
86 3910 4.48
86 3911 4.48
86 3912 4.48
86 3913 4.48
86 3914 4.48
86 3915 4.48
86 3916 4.48
86 3917 4.48
86 3918 4.48
87 3919 4.48
87 3920 4.48
87 3921 4.48
87 3922 4.48
87 3923 4.48
87 3924 4.48
87 3925 4.48
87 3926 4.48
87 3927 4.48
87 3928 4.48
87 3929 4.48
87 3930 4.48
87 3931 4.48
87 3932 4.48
87 3933 4.48
87 3934 4.48
87 3935 4.48
87 3936 4.48
87 3937 4.48
87 3938 4.48
87 3939 4.48
87 3940 4.48
87 3941 4.48
87 3942 4.48
87 3943 4.48
87 3944 4.48
87 3945 4.48
87 3946 4.48
87 3947 4.48
87 3948 4.48
87 3949 4.48
87 3950 4.48
87 3951 4.48
87 3952 4.48
87 3953 4.48
87 3954 4.48
87 3955 4.48
87 3956 4.48
87 3957 4.48
87 3958 4.48
87 3959 4.48
87 3960 4.48
87 3961 4.48
87 3962 4.48
87 3963 4.48
88 3964 4.48
88 3965 4.48
88 3966 4.48
88 3967 4.48
88 3968 4.48
88 3969 4.48
88 3970 4.48
88 3971 4.48
88 3972 4.48
88 3973 4.48
88 3974 4.48
88 3975 4.48
88 3976 4.48
88 3977 4.48
88 3978 4.48
88 3979 4.48
88 3980 4.48
88 3981 4.48
88 3982 4.48
88 3983 4.48
88 3984 4.48
88 3985 4.48
88 3986 4.48
88 3987 4.48
88 3988 4.48
88 3989 4.48
88 3990 4.48
88 3991 4.48
88 3992 4.48
88 3993 4.48
88 3994 4.48
88 3995 4.48
88 3996 4.48
88 3997 4.48
88 3998 4.48
88 3999 4.48
88 4000 4.48
88 4001 4.48
88 4002 4.48
88 4003 4.48
88 4004 4.48
88 4005 4.48
88 4006 4.48
88 4007 4.48
89 4008 4.48
89 4009 4.48
89 4010 4.48
89 4011 4.48
89 4012 4.48
89 4013 4.48
89 4014 4.48
89 4015 4.48
89 4016 4.48
89 4017 4.48
89 4018 4.48
89 4019 4.48
89 4020 4.48
89 4021 4.48
89 4022 4.48
89 4023 4.48
89 4024 4.48
89 4025 4.48
89 4026 4.48
89 4027 4.48
89 4028 4.48
89 4029 4.48
89 4030 4.48
89 4031 4.48
89 4032 4.48
89 4033 4.48
89 4034 4.48
89 4035 4.48
89 4036 4.48
89 4037 4.48
89 4038 4.48
89 4039 4.48
89 4040 4.48
89 4041 4.48
89 4042 4.48
89 4043 4.48
89 4044 4.48
89 4045 4.48
89 4046 4.48
89 4047 4.48
89 4048 4.48
89 4049 4.48
89 4050 4.48
89 4051 4.48
89 4052 4.48
89 4053 4.48
89 4054 4.48
90 4055 4.48
90 4056 4.48
90 4057 4.48
90 4058 4.48
90 4059 4.48
90 4060 4.48
90 4061 4.48
90 4062 4.48
90 4063 4.48
90 4064 4.48
90 4065 4.48
90 4066 4.48
90 4067 4.48
90 4068 4.48
90 4069 4.48
90 4070 4.48
90 4071 4.48
90 4072 4.48
90 4073 4.48
90 4074 4.48
90 4075 4.48
90 4076 4.48
90 4077 4.48
90 4078 4.48
90 4079 4.48
90 4080 4.48
90 4081 4.48
90 4082 4.48
90 4083 4.48
90 4084 4.48
90 4085 4.48
90 4086 4.48
90 4087 4.48
90 4088 4.48
90 4089 4.48
90 4090 4.48
90 4091 4.48
90 4092 4.48
90 4093 4.48
90 4094 4.48
90 4095 4.48
90 4096 4.48
90 4097 4.48
90 4098 4.48
90 4099 4.48
90 4100 4.48
91 4101 4.48
91 4102 4.48
91 4103 4.48
91 4104 4.48
91 4105 4.48
91 4106 4.48
91 4107 4.48
91 4108 4.48
91 4109 4.48
91 4110 4.48
91 4111 4.48
91 4112 4.48
91 4113 4.48
91 4114 4.48
91 4115 4.48
91 4116 4.48
91 4117 4.48
91 4118 4.48
91 4119 4.48
91 4120 4.48
91 4121 4.48
91 4122 4.48
91 4123 4.48
91 4124 4.48
91 4125 4.48
91 4126 4.48
91 4127 4.48
91 4128 4.48
91 4129 4.48
91 4130 4.48
91 4131 4.48
91 4132 4.48
91 4133 4.48
91 4134 4.48
91 4135 4.48
91 4136 4.48
91 4137 4.48
91 4138 4.48
91 4139 4.48
91 4140 4.48
91 4141 4.48
91 4142 4.48
91 4143 4.48
91 4144 4.48
91 4145 4.48
92 4146 4.48
92 4147 4.48
92 4148 4.48
92 4149 4.48
92 4150 4.48
92 4151 4.48
92 4152 4.48
92 4153 4.48
92 4154 4.48
92 4155 4.48
92 4156 4.48
92 4157 4.48
92 4158 4.48
92 4159 4.48
92 4160 4.48
92 4161 4.48
92 4162 4.48
92 4163 4.48
92 4164 4.48
92 4165 4.48
92 4166 4.48
92 4167 4.48
92 4168 4.48
92 4169 4.48
92 4170 4.48
92 4171 4.48
92 4172 4.48
92 4173 4.48
92 4174 4.48
92 4175 4.48
92 4176 4.48
92 4177 4.48
92 4178 4.48
92 4179 4.48
92 4180 4.48
92 4181 4.48
92 4182 4.48
92 4183 4.48
92 4184 4.48
92 4185 4.48
92 4186 4.48
92 4187 4.48
92 4188 4.48
93 4189 4.48
93 4190 4.48
93 4191 4.48
93 4192 4.48
93 4193 4.48
93 4194 4.48
93 4195 4.48
93 4196 4.48
93 4197 4.48
93 4198 4.48
93 4199 4.48
93 4200 4.48
93 4201 4.48
93 4202 4.48
93 4203 4.48
93 4204 4.48
93 4205 4.48
93 4206 4.48
93 4207 4.48
93 4208 4.48
93 4209 4.48
93 4210 4.48
93 4211 4.48
93 4212 4.48
93 4213 4.48
93 4214 4.48
93 4215 4.48
93 4216 4.48
93 4217 4.48
93 4218 4.48
93 4219 4.48
93 4220 4.48
93 4221 4.48
93 4222 4.48
93 4223 4.48
93 4224 4.48
93 4225 4.48
93 4226 4.48
93 4227 4.48
93 4228 4.48
93 4229 4.48
93 4230 4.48
93 4231 4.48
93 4232 4.48
94 4233 4.48
94 4234 4.48
94 4235 4.48
94 4236 4.48
94 4237 4.48
94 4238 4.48
94 4239 4.48
94 4240 4.48
94 4241 4.48
94 4242 4.48
94 4243 4.48
94 4244 4.48
94 4245 4.48
94 4246 4.48
94 4247 4.48
94 4248 4.48
94 4249 4.48
94 4250 4.48
94 4251 4.48
94 4252 4.48
94 4253 4.48
94 4254 4.48
94 4255 4.48
94 4256 4.48
94 4257 4.48
94 4258 4.48
94 4259 4.48
94 4260 4.48
94 4261 4.48
94 4262 4.48
94 4263 4.48
94 4264 4.48
94 4265 4.48
94 4266 4.48
94 4267 4.48
94 4268 4.48
94 4269 4.48
94 4270 4.48
94 4271 4.48
94 4272 4.48
94 4273 4.48
94 4274 4.48
94 4275 4.48
95 4276 4.48
95 4277 4.48
95 4278 4.48
95 4279 4.48
95 4280 4.48
95 4281 4.48
95 4282 4.48
95 4283 4.48
95 4284 4.48
95 4285 4.48
95 4286 4.48
95 4287 4.48
95 4288 4.48
95 4289 4.48
95 4290 4.48
95 4291 4.48
95 4292 4.48
95 4293 4.48
95 4294 4.48
95 4295 4.48
95 4296 4.48
95 4297 4.48
95 4298 4.48
95 4299 4.48
95 4300 4.48
95 4301 4.48
95 4302 4.48
95 4303 4.48
95 4304 4.48
95 4305 4.48
95 4306 4.48
95 4307 4.48
95 4308 4.48
95 4309 4.48
95 4310 4.48
95 4311 4.48
95 4312 4.48
95 4313 4.48
95 4314 4.48
95 4315 4.48
95 4316 4.48
95 4317 4.48
95 4318 4.48
95 4319 4.48
95 4320 4.48
96 4321 4.48
96 4322 4.48
96 4323 4.48
96 4324 4.48
96 4325 4.48
96 4326 4.48
96 4327 4.48
96 4328 4.48
96 4329 4.48
96 4330 4.48
96 4331 4.48
96 4332 4.48
96 4333 4.48
96 4334 4.48
96 4335 4.48
96 4336 4.48
96 4337 4.48
96 4338 4.48
96 4339 4.48
96 4340 4.48
96 4341 4.48
96 4342 4.48
96 4343 4.48
96 4344 4.48
96 4345 4.48
96 4346 4.48
96 4347 4.48
96 4348 4.48
96 4349 4.48
96 4350 4.48
96 4351 4.48
96 4352 4.48
96 4353 4.48
96 4354 4.48
96 4355 4.48
96 4356 4.48
96 4357 4.48
96 4358 4.48
96 4359 4.48
96 4360 4.48
96 4361 4.48
96 4362 4.48
96 4363 4.48
96 4364 4.48
96 4365 4.48
96 4366 4.48
96 4367 4.48
96 4368 4.48
97 4369 4.48
97 4370 4.48
97 4371 4.48
97 4372 4.48
97 4373 4.48
97 4374 4.48
97 4375 4.48
97 4376 4.48
97 4377 4.48
97 4378 4.48
97 4379 4.48
97 4380 4.48
97 4381 4.48
97 4382 4.48
97 4383 4.48
97 4384 4.48
97 4385 4.48
97 4386 4.48
97 4387 4.48
97 4388 4.48
97 4389 4.48
97 4390 4.48
97 4391 4.48
97 4392 4.48
97 4393 4.48
97 4394 4.48
97 4395 4.48
97 4396 4.48
97 4397 4.48
97 4398 4.48
97 4399 4.48
97 4400 4.48
97 4401 4.48
97 4402 4.48
97 4403 4.48
97 4404 4.48
97 4405 4.48
97 4406 4.48
97 4407 4.48
97 4408 4.48
97 4409 4.48
97 4410 4.48
97 4411 4.48
97 4412 4.48
97 4413 4.48
98 4414 4.48
98 4415 4.48
98 4416 4.48
98 4417 4.48
98 4418 4.48
98 4419 4.48
98 4420 4.48
98 4421 4.48
98 4422 4.48
98 4423 4.48
98 4424 4.48
98 4425 4.48
98 4426 4.48
98 4427 4.48
98 4428 4.48
98 4429 4.48
98 4430 4.48
98 4431 4.48
98 4432 4.48
98 4433 4.48
98 4434 4.48
98 4435 4.48
98 4436 4.48
98 4437 4.48
98 4438 4.48
98 4439 4.48
98 4440 4.48
98 4441 4.48
98 4442 4.48
98 4443 4.48
98 4444 4.48
98 4445 4.48
98 4446 4.48
98 4447 4.48
98 4448 4.48
98 4449 4.48
98 4450 4.48
98 4451 4.48
98 4452 4.48
98 4453 4.48
98 4454 4.48
98 4455 4.48
98 4456 4.48
98 4457 4.48
98 4458 4.48
98 4459 4.48
98 4460 4.48
98 4461 4.48
99 4462 4.48
99 4463 4.48
99 4464 4.48
99 4465 4.48
99 4466 4.48
99 4467 4.48
99 4468 4.48
99 4469 4.48
99 4470 4.48
99 4471 4.48
99 4472 4.48
99 4473 4.48
99 4474 4.48
99 4475 4.48
99 4476 4.48
99 4477 4.48
99 4478 4.48
99 4479 4.48
99 4480 4.48
99 4481 4.48
99 4482 4.48
99 4483 4.48
99 4484 4.48
99 4485 4.48
99 4486 4.48
99 4487 4.48
99 4488 4.48
99 4489 4.48
99 4490 4.48
99 4491 4.48
99 4492 4.48
99 4493 4.48
99 4494 4.48
99 4495 4.48
99 4496 4.48
99 4497 4.48
99 4498 4.48
99 4499 4.48
99 4500 4.48
99 4501 4.48
99 4502 4.48
99 4503 4.48
99 4504 4.48
99 4505 4.48
99 4506 4.48
99 4507 4.48
99 4508 4.48
100 4509 4.48
100 4510 4.48
100 4511 4.48
100 4512 4.48
100 4513 4.48
100 4514 4.48
100 4515 4.48
100 4516 4.48
100 4517 4.48
100 4518 4.48
100 4519 4.48
100 4520 4.48
100 4521 4.48
100 4522 4.48
100 4523 4.48
100 4524 4.48
100 4525 4.48
100 4526 4.48
100 4527 4.48
100 4528 4.48
100 4529 4.48
100 4530 4.48
100 4531 4.48
100 4532 4.48
100 4533 4.48
100 4534 4.48
100 4535 4.48
100 4536 4.48
100 4537 4.48
100 4538 4.48
100 4539 4.48
100 4540 4.48
100 4541 4.48
100 4542 4.48
100 4543 4.48
100 4544 4.48
100 4545 4.48
100 4546 4.48
100 4547 4.48
100 4548 4.48
100 4549 4.48
100 4550 4.48
100 4551 4.48
100 4552 4.48
100 4553 4.48
101 4554 4.48
101 4555 4.48
101 4556 4.48
101 4557 4.48
101 4558 4.48
101 4559 4.48
101 4560 4.48
101 4561 4.48
101 4562 4.48
101 4563 4.48
101 4564 4.48
101 4565 4.48
101 4566 4.48
101 4567 4.48
101 4568 4.48
101 4569 4.48
101 4570 4.48
101 4571 4.48
101 4572 4.48
101 4573 4.48
101 4574 4.48
101 4575 4.48
101 4576 4.48
101 4577 4.48
101 4578 4.48
101 4579 4.48
101 4580 4.48
101 4581 4.48
101 4582 4.48
101 4583 4.48
101 4584 4.48
101 4585 4.48
101 4586 4.48
101 4587 4.48
101 4588 4.48
101 4589 4.48
101 4590 4.48
101 4591 4.48
101 4592 4.48
101 4593 4.48
101 4594 4.48
101 4595 4.48
101 4596 4.48
101 4597 4.48
101 4598 4.48
101 4599 4.48
102 4600 4.48
102 4601 4.48
102 4602 4.48
102 4603 4.48
102 4604 4.48
102 4605 4.48
102 4606 4.48
102 4607 4.48
102 4608 4.48
102 4609 4.48
102 4610 4.48
102 4611 4.48
102 4612 4.48
102 4613 4.48
102 4614 4.48
102 4615 4.48
102 4616 4.48
102 4617 4.48
102 4618 4.48
102 4619 4.48
102 4620 4.48
102 4621 4.48
102 4622 4.48
102 4623 4.48
102 4624 4.48
102 4625 4.48
102 4626 4.48
102 4627 4.48
102 4628 4.48
102 4629 4.48
102 4630 4.48
102 4631 4.48
102 4632 4.48
102 4633 4.48
102 4634 4.48
102 4635 4.48
102 4636 4.48
102 4637 4.48
102 4638 4.48
102 4639 4.48
102 4640 4.48
102 4641 4.48
102 4642 4.48
103 4643 4.48
103 4644 4.48
103 4645 4.48
103 4646 4.48
103 4647 4.48
103 4648 4.48
103 4649 4.48
103 4650 4.48
103 4651 4.48
103 4652 4.48
103 4653 4.48
103 4654 4.48
103 4655 4.48
103 4656 4.48
103 4657 4.48
103 4658 4.48
103 4659 4.48
103 4660 4.48
103 4661 4.48
103 4662 4.48
103 4663 4.48
103 4664 4.48
103 4665 4.48
103 4666 4.48
103 4667 4.48
103 4668 4.48
103 4669 4.48
103 4670 4.48
103 4671 4.48
103 4672 4.48
103 4673 4.48
103 4674 4.48
103 4675 4.48
103 4676 4.48
103 4677 4.48
103 4678 4.48
103 4679 4.48
103 4680 4.48
103 4681 4.48
103 4682 4.48
103 4683 4.48
103 4684 4.48
103 4685 4.48
103 4686 4.48
104 4687 4.48
104 4688 4.48
104 4689 4.48
104 4690 4.48
104 4691 4.48
104 4692 4.48
104 4693 4.48
104 4694 4.48
104 4695 4.48
104 4696 4.48
104 4697 4.48
104 4698 4.48
104 4699 4.48
104 4700 4.48
104 4701 4.48
104 4702 4.48
104 4703 4.48
104 4704 4.48
104 4705 4.48
104 4706 4.48
104 4707 4.48
104 4708 4.48
104 4709 4.48
104 4710 4.48
104 4711 4.48
104 4712 4.48
104 4713 4.48
104 4714 4.48
104 4715 4.48
104 4716 4.48
104 4717 4.48
104 4718 4.48
104 4719 4.48
104 4720 4.48
104 4721 4.48
104 4722 4.48
104 4723 4.48
104 4724 4.48
104 4725 4.48
104 4726 4.48
104 4727 4.48
104 4728 4.48
104 4729 4.48
104 4730 4.48
104 4731 4.48
104 4732 4.48
105 4733 4.48
105 4734 4.48
105 4735 4.48
105 4736 4.48
105 4737 4.48
105 4738 4.48
105 4739 4.48
105 4740 4.48
105 4741 4.48
105 4742 4.48
105 4743 4.48
105 4744 4.48
105 4745 4.48
105 4746 4.48
105 4747 4.48
105 4748 4.48
105 4749 4.48
105 4750 4.48
105 4751 4.48
105 4752 4.48
105 4753 4.48
105 4754 4.48
105 4755 4.48
105 4756 4.48
105 4757 4.48
105 4758 4.48
105 4759 4.48
105 4760 4.48
105 4761 4.48
105 4762 4.48
105 4763 4.48
105 4764 4.48
105 4765 4.48
105 4766 4.48
105 4767 4.48
105 4768 4.48
105 4769 4.48
105 4770 4.48
105 4771 4.48
105 4772 4.48
105 4773 4.48
105 4774 4.48
105 4775 4.48
105 4776 4.48
105 4777 4.48
106 4778 4.48
106 4779 4.48
106 4780 4.48
106 4781 4.48
106 4782 4.48
106 4783 4.48
106 4784 4.48
106 4785 4.48
106 4786 4.48
106 4787 4.48
106 4788 4.48
106 4789 4.48
106 4790 4.48
106 4791 4.48
106 4792 4.48
106 4793 4.48
106 4794 4.48
106 4795 4.48
106 4796 4.48
106 4797 4.48
106 4798 4.48
106 4799 4.48
106 4800 4.48
106 4801 4.48
106 4802 4.48
106 4803 4.48
106 4804 4.48
106 4805 4.48
106 4806 4.48
106 4807 4.48
106 4808 4.48
106 4809 4.48
106 4810 4.48
106 4811 4.48
106 4812 4.48
106 4813 4.48
106 4814 4.48
106 4815 4.48
106 4816 4.48
106 4817 4.48
106 4818 4.48
106 4819 4.48
106 4820 4.48
106 4821 4.48
107 4822 4.48
107 4823 4.48
107 4824 4.48
107 4825 4.48
107 4826 4.48
107 4827 4.48
107 4828 4.48
107 4829 4.48
107 4830 4.48
107 4831 4.48
107 4832 4.48
107 4833 4.48
107 4834 4.48
107 4835 4.48
107 4836 4.48
107 4837 4.48
107 4838 4.48
107 4839 4.48
107 4840 4.48
107 4841 4.48
107 4842 4.48
107 4843 4.48
107 4844 4.48
107 4845 4.48
107 4846 4.48
107 4847 4.48
107 4848 4.48
107 4849 4.48
107 4850 4.48
107 4851 4.48
107 4852 4.48
107 4853 4.48
107 4854 4.48
107 4855 4.48
107 4856 4.48
107 4857 4.48
107 4858 4.48
107 4859 4.48
107 4860 4.48
107 4861 4.48
107 4862 4.48
107 4863 4.48
107 4864 4.48
107 4865 4.48
107 4866 4.48
107 4867 4.48
107 4868 4.48
108 4869 4.48
108 4870 4.48
108 4871 4.48
108 4872 4.48
108 4873 4.48
108 4874 4.48
108 4875 4.48
108 4876 4.48
108 4877 4.48
108 4878 4.48
108 4879 4.48
108 4880 4.48
108 4881 4.48
108 4882 4.48
108 4883 4.48
108 4884 4.48
108 4885 4.48
108 4886 4.48
108 4887 4.48
108 4888 4.48
108 4889 4.48
108 4890 4.48
108 4891 4.48
108 4892 4.48
108 4893 4.48
108 4894 4.48
108 4895 4.48
108 4896 4.48
108 4897 4.48
108 4898 4.48
108 4899 4.48
108 4900 4.48
108 4901 4.48
108 4902 4.48
108 4903 4.48
108 4904 4.48
108 4905 4.48
108 4906 4.48
108 4907 4.48
108 4908 4.48
108 4909 4.48
108 4910 4.48
108 4911 4.48
108 4912 4.48
108 4913 4.48
108 4914 4.48
109 4915 4.48
109 4916 4.48
109 4917 4.48
109 4918 4.48
109 4919 4.48
109 4920 4.48
109 4921 4.48
109 4922 4.48
109 4923 4.48
109 4924 4.48
109 4925 4.48
109 4926 4.48
109 4927 4.48
109 4928 4.48
109 4929 4.48
109 4930 4.48
109 4931 4.48
109 4932 4.48
109 4933 4.48
109 4934 4.48
109 4935 4.48
109 4936 4.48
109 4937 4.48
109 4938 4.48
109 4939 4.48
109 4940 4.48
109 4941 4.48
109 4942 4.48
109 4943 4.48
109 4944 4.48
109 4945 4.48
109 4946 4.48
109 4947 4.48
109 4948 4.48
109 4949 4.48
109 4950 4.48
109 4951 4.48
109 4952 4.48
109 4953 4.48
109 4954 4.48
109 4955 4.48
109 4956 4.48
109 4957 4.48
109 4958 4.48
109 4959 4.48
109 4960 4.48
110 4961 4.48
110 4962 4.48
110 4963 4.48
110 4964 4.48
110 4965 4.48
110 4966 4.48
110 4967 4.48
110 4968 4.48
110 4969 4.48
110 4970 4.48
110 4971 4.48
110 4972 4.48
110 4973 4.48
110 4974 4.48
110 4975 4.48
110 4976 4.48
110 4977 4.48
110 4978 4.48
110 4979 4.48
110 4980 4.48
110 4981 4.48
110 4982 4.48
110 4983 4.48
110 4984 4.48
110 4985 4.48
110 4986 4.48
110 4987 4.48
110 4988 4.48
110 4989 4.48
110 4990 4.48
110 4991 4.48
110 4992 4.48
110 4993 4.48
110 4994 4.48
110 4995 4.48
110 4996 4.48
110 4997 4.48
110 4998 4.48
110 4999 4.48
110 5000 4.48
110 5001 4.48
110 5002 4.48
110 5003 4.48
110 5004 4.48
110 5005 4.48
110 5006 4.48
110 5007 4.48
110 5008 4.48
111 5009 4.48
111 5010 4.48
111 5011 4.48
111 5012 4.48
111 5013 4.48
111 5014 4.48
111 5015 4.48
111 5016 4.48
111 5017 4.48
111 5018 4.48
111 5019 4.48
111 5020 4.48
111 5021 4.48
111 5022 4.48
111 5023 4.48
111 5024 4.48
111 5025 4.48
111 5026 4.48
111 5027 4.48
111 5028 4.48
111 5029 4.48
111 5030 4.48
111 5031 4.48
111 5032 4.48
111 5033 4.48
111 5034 4.48
111 5035 4.48
111 5036 4.48
111 5037 4.48
111 5038 4.48
111 5039 4.48
111 5040 4.48
111 5041 4.48
111 5042 4.48
111 5043 4.48
111 5044 4.48
111 5045 4.48
111 5046 4.48
111 5047 4.48
111 5048 4.48
111 5049 4.48
111 5050 4.48
111 5051 4.48
111 5052 4.48
111 5053 4.48
112 5054 4.48
112 5055 4.48
112 5056 4.48
112 5057 4.48
112 5058 4.48
112 5059 4.48
112 5060 4.48
112 5061 4.48
112 5062 4.48
112 5063 4.48
112 5064 4.48
112 5065 4.48
112 5066 4.48
112 5067 4.48
112 5068 4.48
112 5069 4.48
112 5070 4.48
112 5071 4.48
112 5072 4.48
112 5073 4.48
112 5074 4.48
112 5075 4.48
112 5076 4.48
112 5077 4.48
112 5078 4.48
112 5079 4.48
112 5080 4.48
112 5081 4.48
112 5082 4.48
112 5083 4.48
112 5084 4.48
112 5085 4.48
112 5086 4.48
112 5087 4.48
112 5088 4.48
112 5089 4.48
112 5090 4.48
112 5091 4.48
112 5092 4.48
112 5093 4.48
112 5094 4.48
112 5095 4.48
112 5096 4.48
112 5097 4.48
112 5098 4.48
112 5099 4.48
112 5100 4.48
113 5101 4.48
113 5102 4.48
113 5103 4.48
113 5104 4.48
113 5105 4.48
113 5106 4.48
113 5107 4.48
113 5108 4.48
113 5109 4.48
113 5110 4.48
113 5111 4.48
113 5112 4.48
113 5113 4.48
113 5114 4.48
113 5115 4.48
113 5116 4.48
113 5117 4.48
113 5118 4.48
113 5119 4.48
113 5120 4.48
113 5121 4.48
113 5122 4.48
113 5123 4.48
113 5124 4.48
113 5125 4.48
113 5126 4.48
113 5127 4.48
113 5128 4.48
113 5129 4.48
113 5130 4.48
113 5131 4.48
113 5132 4.48
113 5133 4.48
113 5134 4.48
113 5135 4.48
113 5136 4.48
113 5137 4.48
113 5138 4.48
113 5139 4.48
113 5140 4.48
113 5141 4.48
113 5142 4.48
113 5143 4.48
113 5144 4.48
113 5145 4.48
113 5146 4.48
114 5147 4.48
114 5148 4.48
114 5149 4.48
114 5150 4.48
114 5151 4.48
114 5152 4.48
114 5153 4.48
114 5154 4.48
114 5155 4.48
114 5156 4.48
114 5157 4.48
114 5158 4.48
114 5159 4.48
114 5160 4.48
114 5161 4.48
114 5162 4.48
114 5163 4.48
114 5164 4.48
114 5165 4.48
114 5166 4.48
114 5167 4.48
114 5168 4.48
114 5169 4.48
114 5170 4.48
114 5171 4.48
114 5172 4.48
114 5173 4.48
114 5174 4.48
114 5175 4.48
114 5176 4.48
114 5177 4.48
114 5178 4.48
114 5179 4.48
114 5180 4.48
114 5181 4.48
114 5182 4.48
114 5183 4.48
114 5184 4.48
114 5185 4.48
114 5186 4.48
114 5187 4.48
114 5188 4.48
114 5189 4.48
114 5190 4.48
114 5191 4.48
114 5192 4.48
114 5193 4.48
114 5194 4.48
114 5195 4.48
114 5196 4.48
114 5197 4.48
115 5198 4.48
115 5199 4.48
115 5200 4.48
115 5201 4.48
115 5202 4.48
115 5203 4.48
115 5204 4.48
115 5205 4.48
115 5206 4.48
115 5207 4.48
115 5208 4.48
115 5209 4.48
115 5210 4.48
115 5211 4.48
115 5212 4.48
115 5213 4.48
115 5214 4.48
115 5215 4.48
115 5216 4.48
115 5217 4.48
115 5218 4.48
115 5219 4.48
115 5220 4.48
115 5221 4.48
115 5222 4.48
115 5223 4.48
115 5224 4.48
115 5225 4.48
115 5226 4.48
115 5227 4.48
115 5228 4.48
115 5229 4.48
115 5230 4.48
115 5231 4.48
115 5232 4.48
115 5233 4.48
115 5234 4.48
115 5235 4.48
115 5236 4.48
115 5237 4.48
115 5238 4.48
115 5239 4.48
115 5240 4.48
115 5241 4.48
115 5242 4.48
115 5243 4.48
115 5244 4.48
116 5245 4.48
116 5246 4.48
116 5247 4.48
116 5248 4.48
116 5249 4.48
116 5250 4.48
116 5251 4.48
116 5252 4.48
116 5253 4.48
116 5254 4.48
116 5255 4.48
116 5256 4.48
116 5257 4.48
116 5258 4.48
116 5259 4.48
116 5260 4.48
116 5261 4.48
116 5262 4.48
116 5263 4.48
116 5264 4.48
116 5265 4.48
116 5266 4.48
116 5267 4.48
116 5268 4.48
116 5269 4.48
116 5270 4.48
116 5271 4.48
116 5272 4.48
116 5273 4.48
116 5274 4.48
116 5275 4.48
116 5276 4.48
116 5277 4.48
116 5278 4.48
116 5279 4.48
116 5280 4.48
116 5281 4.48
116 5282 4.48
116 5283 4.48
116 5284 4.48
116 5285 4.48
116 5286 4.48
116 5287 4.48
116 5288 4.48
116 5289 4.48
116 5290 4.48
116 5291 4.48
116 5292 4.48
116 5293 4.48
117 5294 4.48
117 5295 4.48
117 5296 4.48
117 5297 4.48
117 5298 4.48
117 5299 4.48
117 5300 4.48
117 5301 4.48
117 5302 4.48
117 5303 4.48
117 5304 4.48
117 5305 4.48
117 5306 4.48
117 5307 4.48
117 5308 4.48
117 5309 4.48
117 5310 4.48
117 5311 4.48
117 5312 4.48
117 5313 4.48
117 5314 4.48
117 5315 4.48
117 5316 4.48
117 5317 4.48
117 5318 4.48
117 5319 4.48
117 5320 4.48
117 5321 4.48
117 5322 4.48
117 5323 4.48
117 5324 4.48
117 5325 4.48
117 5326 4.48
117 5327 4.48
117 5328 4.48
117 5329 4.48
117 5330 4.48
117 5331 4.48
117 5332 4.48
117 5333 4.48
117 5334 4.48
117 5335 4.48
117 5336 4.48
117 5337 4.48
117 5338 4.48
117 5339 4.48
117 5340 4.48
118 5341 4.48
118 5342 4.48
118 5343 4.48
118 5344 4.48
118 5345 4.48
118 5346 4.48
118 5347 4.48
118 5348 4.48
118 5349 4.48
118 5350 4.48
118 5351 4.48
118 5352 4.48
118 5353 4.48
118 5354 4.48
118 5355 4.48
118 5356 4.48
118 5357 4.48
118 5358 4.48
118 5359 4.48
118 5360 4.48
118 5361 4.48
118 5362 4.48
118 5363 4.48
118 5364 4.48
118 5365 4.48
118 5366 4.48
118 5367 4.48
118 5368 4.48
118 5369 4.48
118 5370 4.48
118 5371 4.48
118 5372 4.48
118 5373 4.48
118 5374 4.48
118 5375 4.48
118 5376 4.48
118 5377 4.48
118 5378 4.48
118 5379 4.48
118 5380 4.48
119 5381 4.48
119 5382 4.48
119 5383 4.48
119 5384 4.48
119 5385 4.48
119 5386 4.48
119 5387 4.48
119 5388 4.48
119 5389 4.48
119 5390 4.48
119 5391 4.48
119 5392 4.48
119 5393 4.48
119 5394 4.48
119 5395 4.48
119 5396 4.48
119 5397 4.48
119 5398 4.48
119 5399 4.48
119 5400 4.48
119 5401 4.48
119 5402 4.48
119 5403 4.48
119 5404 4.48
119 5405 4.48
119 5406 4.48
119 5407 4.48
119 5408 4.48
119 5409 4.48
119 5410 4.48
119 5411 4.48
119 5412 4.48
119 5413 4.48
119 5414 4.48
119 5415 4.48
119 5416 4.48
119 5417 4.48
119 5418 4.48
119 5419 4.48
119 5420 4.48
119 5421 4.48
119 5422 4.48
119 5423 4.48
119 5424 4.48
119 5425 4.48
119 5426 4.48
120 5427 4.48
120 5428 4.48
120 5429 4.48
120 5430 4.48
120 5431 4.48
120 5432 4.48
120 5433 4.48
120 5434 4.48
120 5435 4.48
120 5436 4.48
120 5437 4.48
120 5438 4.48
120 5439 4.48
120 5440 4.48
120 5441 4.48
120 5442 4.48
120 5443 4.48
120 5444 4.48
120 5445 4.48
120 5446 4.48
120 5447 4.48
120 5448 4.48
120 5449 4.48
120 5450 4.48
120 5451 4.48
120 5452 4.48
120 5453 4.48
120 5454 4.48
120 5455 4.48
120 5456 4.48
120 5457 4.48
120 5458 4.48
120 5459 4.48
120 5460 4.48
120 5461 4.48
120 5462 4.48
120 5463 4.48
120 5464 4.48
120 5465 4.48
120 5466 4.48
120 5467 4.48
120 5468 4.48
120 5469 4.48
120 5470 4.48
120 5471 4.48
120 5472 4.48
121 5473 4.48
