0 1 99.02999999999999
0 2 93.57
1 3 93.57
1 4 92.0
1 5 90.69999999999999
1 6 85.30999999999999
1 7 85.30999999999999
1 8 81.54
1 9 81.07999999999998
1 10 81.07999999999998
1 11 80.87999999999998
1 12 78.51999999999998
1 13 78.51999999999998
1 14 77.86999999999998
1 15 77.86999999999998
1 16 75.30999999999999
1 17 75.30999999999999
1 18 74.87999999999998
1 19 74.83999999999999
1 20 74.24
1 21 74.22999999999999
1 22 73.91999999999999
1 23 73.6
1 24 73.28999999999999
1 25 72.58000000000001
1 26 72.58000000000001
1 27 72.42
1 28 71.92
1 29 71.76
1 30 71.74000000000001
1 31 71.58
1 32 71.26
1 33 70.53000000000002
1 34 70.53000000000002
1 35 70.37
1 36 69.73
1 37 69.73
1 38 67.17
1 39 67.13000000000001
1 40 67.01
1 41 66.5
1 42 65.85000000000001
1 43 64.45
1 44 64.45
1 45 64.25
1 46 64.03
1 47 63.60999999999999
1 48 63.60999999999999
1 49 63.32
1 50 63.32
1 51 62.68
1 52 62.04
1 53 61.28999999999999
1 54 61.28999999999999
1 55 61.209999999999994
1 56 60.96999999999999
1 57 59.67999999999999
2 58 59.67999999999999
2 59 59.459999999999994
2 60 59.44
2 61 59.44
2 62 59.44
2 63 59.12
2 64 59.12
2 65 57.97
2 66 57.29
2 67 57.29
2 68 56.81
2 69 56.510000000000005
2 70 56.49
2 71 55.82000000000001
2 72 55.19000000000001
2 73 55.110000000000014
2 74 55.030000000000015
2 75 54.95
2 76 54.95
2 77 54.95
2 78 54.91000000000001
2 79 54.790000000000006
2 80 53.790000000000006
2 81 53.53
2 82 53.53
2 83 52.53
2 84 52.53
2 85 52.21000000000001
2 86 52.21000000000001
2 87 52.21000000000001
2 88 52.190000000000005
2 89 52.09
2 90 52.03000000000001
2 91 51.52
2 92 51.52
2 93 51.06
2 94 48.96
2 95 48.96
2 96 48.96
2 97 48.87
2 98 48.87
2 99 48.79999999999999
2 100 48.55
2 101 48.55
2 102 48.55
2 103 48.449999999999996
2 104 48.449999999999996
2 105 48.28999999999999
2 106 48.129999999999995
2 107 47.88999999999999
2 108 47.809999999999995
2 109 47.809999999999995
2 110 47.6
2 111 47.6
2 112 47.56999999999999
2 113 47.56999999999999
2 114 47.529999999999994
2 115 47.529999999999994
2 116 47.50999999999999
3 117 47.36999999999999
3 118 46.92999999999999
3 119 46.92999999999999
3 120 46.63999999999999
3 121 46.589999999999996
3 122 46.449999999999996
3 123 46.449999999999996
3 124 46.129999999999995
3 125 46.129999999999995
3 126 46.089999999999996
3 127 45.809999999999995
3 128 45.809999999999995
3 129 45.11
3 130 45.11
3 131 45.089999999999996
3 132 44.61000000000001
3 133 44.45
3 134 44.370000000000005
3 135 44.32000000000001
3 136 44.13
3 137 44.13
3 138 44.13
3 139 42.85
3 140 42.81
3 141 42.81
3 142 42.52
3 143 42.52
3 144 42.370000000000005
3 145 42.370000000000005
3 146 42.370000000000005
3 147 42.370000000000005
3 148 41.92
3 149 41.92
3 150 41.76
3 151 41.76
3 152 41.76
3 153 40.48
3 154 40.48
3 155 39.38
3 156 39.38
3 157 39.38
3 158 39.36
3 159 39.32
3 160 39.0
3 161 38.64
3 162 38.64
3 163 37.53
3 164 37.49
3 165 36.53
3 166 36.53
3 167 36.53
3 168 34.96
3 169 34.96
3 170 34.96
3 171 34.879999999999995
3 172 34.879999999999995
3 173 34.779999999999994
3 174 34.779999999999994
3 175 34.76
3 176 34.739999999999995
4 177 33.58
4 178 33.58
4 179 33.46
4 180 33.46
4 181 33.46
4 182 33.46
4 183 33.42
4 184 33.42
4 185 33.4
4 186 33.38
4 187 32.4
4 188 31.4
4 189 31.36
4 190 31.36
4 191 31.36
4 192 31.32
4 193 31.32
4 194 31.32
4 195 31.03
4 196 31.03
4 197 30.990000000000002
4 198 30.990000000000002
4 199 30.990000000000002
4 200 30.990000000000002
4 201 30.910000000000004
4 202 29.990000000000002
4 203 29.97
4 204 29.910000000000004
4 205 29.910000000000004
4 206 29.83
4 207 29.83
4 208 29.83
4 209 29.83
4 210 29.82
4 211 29.78
4 212 29.78
4 213 28.5
4 214 28.5
4 215 28.5
4 216 27.660000000000004
4 217 27.660000000000004
4 218 27.369999999999997
4 219 27.369999999999997
4 220 26.25
4 221 26.25
4 222 26.25
4 223 26.25
4 224 26.25
4 225 26.21
4 226 26.21
4 227 26.21
4 228 26.19
4 229 26.19
4 230 26.19
4 231 24.99
4 232 24.99
4 233 24.99
4 234 24.789999999999996
4 235 24.789999999999996
4 236 24.789999999999996
5 237 24.789999999999996
5 238 24.779999999999998
5 239 24.769999999999996
5 240 24.769999999999996
5 241 24.769999999999996
5 242 24.769999999999996
5 243 24.769999999999996
5 244 24.769999999999996
5 245 24.769999999999996
5 246 24.769999999999996
5 247 23.489999999999995
5 248 23.489999999999995
5 249 23.489999999999995
5 250 23.489999999999995
5 251 23.489999999999995
5 252 23.489999999999995
5 253 23.489999999999995
5 254 23.469999999999995
5 255 23.469999999999995
5 256 23.469999999999995
5 257 23.469999999999995
5 258 23.459999999999997
5 259 23.459999999999997
5 260 23.459999999999997
5 261 23.459999999999997
5 262 23.459999999999997
5 263 23.459999999999997
5 264 23.299999999999997
5 265 23.299999999999997
5 266 23.299999999999997
5 267 23.299999999999997
5 268 23.299999999999997
5 269 23.279999999999998
5 270 23.279999999999998
5 271 23.279999999999998
5 272 20.72
5 273 20.72
5 274 20.72
5 275 20.71
5 276 20.42
5 277 20.42
5 278 20.42
5 279 20.13
5 280 20.13
5 281 19.13
5 282 19.13
5 283 19.13
5 284 19.09
5 285 19.09
5 286 17.85
5 287 17.85
5 288 17.85
5 289 17.81
5 290 17.81
5 291 17.81
5 292 17.79
5 293 17.79
5 294 17.79
5 295 17.79
6 296 16.509999999999998
6 297 16.509999999999998
6 298 16.5
6 299 16.5
6 300 15.5
6 301 15.5
6 302 15.5
6 303 15.399999999999999
6 304 15.399999999999999
6 305 15.399999999999999
6 306 15.36
6 307 15.36
6 308 15.36
6 309 14.8
6 310 14.8
6 311 14.8
6 312 14.8
6 313 14.599999999999998
6 314 14.599999999999998
6 315 14.599999999999998
6 316 14.599999999999998
6 317 14.599999999999998
6 318 14.599999999999998
6 319 14.599999999999998
6 320 14.599999999999998
6 321 14.599999999999998
6 322 14.599999999999998
6 323 14.399999999999999
6 324 13.599999999999998
6 325 13.599999999999998
6 326 13.599999999999998
6 327 13.599999999999998
6 328 13.399999999999999
6 329 13.399999999999999
6 330 13.399999999999999
6 331 13.399999999999999
6 332 13.399999999999999
6 333 13.399999999999999
6 334 11.8
6 335 11.8
6 336 11.8
6 337 11.8
6 338 10.52
6 339 10.52
6 340 10.52
6 341 10.52
6 342 10.52
6 343 10.52
6 344 10.52
7 345 10.52
7 346 10.52
7 347 10.5
7 348 10.5
7 349 10.5
7 350 10.5
7 351 10.5
7 352 10.5
7 353 10.5
7 354 10.5
7 355 10.5
7 356 10.5
7 357 10.5
7 358 10.5
7 359 10.5
7 360 10.5
7 361 10.5
7 362 10.5
7 363 10.5
7 364 10.5
7 365 10.5
7 366 10.5
7 367 10.5
7 368 10.5
7 369 10.5
7 370 10.5
7 371 10.5
7 372 10.5
7 373 10.5
7 374 9.219999999999999
7 375 9.219999999999999
7 376 9.219999999999999
7 377 9.219999999999999
7 378 9.219999999999999
7 379 9.219999999999999
7 380 9.219999999999999
7 381 9.219999999999999
7 382 9.219999999999999
7 383 9.219999999999999
7 384 9.219999999999999
7 385 9.219999999999999
7 386 9.219999999999999
7 387 9.219999999999999
7 388 9.219999999999999
7 389 9.219999999999999
7 390 9.219999999999999
7 391 9.219999999999999
7 392 9.219999999999999
7 393 9.219999999999999
7 394 9.219999999999999
7 395 9.219999999999999
7 396 9.219999999999999
7 397 9.219999999999999
7 398 9.219999999999999
8 399 9.219999999999999
8 400 9.219999999999999
8 401 9.219999999999999
8 402 9.219999999999999
8 403 9.219999999999999
8 404 9.219999999999999
8 405 9.219999999999999
8 406 9.219999999999999
8 407 9.219999999999999
8 408 9.219999999999999
8 409 9.219999999999999
8 410 7.94
8 411 7.94
8 412 7.94
8 413 7.94
8 414 7.94
8 415 7.94
8 416 7.94
8 417 7.94
8 418 7.94
8 419 7.94
8 420 7.94
8 421 7.94
8 422 7.94
8 423 7.94
8 424 7.94
8 425 7.94
8 426 7.94
8 427 7.94
8 428 7.94
8 429 7.94
8 430 7.94
8 431 7.94
8 432 7.94
8 433 7.94
8 434 7.94
8 435 7.94
8 436 7.94
8 437 7.94
8 438 7.94
8 439 7.94
8 440 7.94
8 441 7.94
8 442 7.94
8 443 7.94
8 444 7.94
8 445 7.94
8 446 7.94
8 447 7.94
8 448 7.94
9 449 7.94
9 450 7.94
9 451 7.94
9 452 7.94
9 453 7.94
9 454 7.94
9 455 7.94
9 456 7.94
9 457 7.94
9 458 7.94
9 459 7.94
9 460 7.94
9 461 7.94
9 462 7.94
9 463 7.94
9 464 7.94
9 465 7.94
9 466 7.94
9 467 7.94
9 468 7.94
9 469 7.94
9 470 7.94
9 471 7.94
9 472 7.94
9 473 7.94
9 474 7.94
9 475 7.94
9 476 7.94
9 477 7.94
9 478 7.94
9 479 7.94
9 480 7.94
9 481 7.94
9 482 7.94
9 483 7.94
9 484 7.94
9 485 7.94
9 486 7.94
9 487 7.94
9 488 7.94
9 489 7.94
9 490 7.94
9 491 7.94
9 492 7.94
9 493 7.94
9 494 7.94
9 495 7.94
9 496 7.94
9 497 7.94
9 498 7.94
9 499 7.94
9 500 7.94
10 501 7.94
10 502 7.94
10 503 7.94
10 504 7.94
10 505 7.94
10 506 7.94
10 507 7.94
10 508 7.94
10 509 7.94
10 510 7.94
10 511 7.94
10 512 7.94
10 513 7.94
10 514 7.94
10 515 7.94
10 516 7.94
10 517 7.94
10 518 7.94
10 519 7.94
10 520 7.94
10 521 7.94
10 522 7.94
10 523 7.94
10 524 7.94
10 525 7.94
10 526 7.94
10 527 7.94
10 528 7.94
10 529 7.94
10 530 7.94
10 531 7.94
10 532 7.94
10 533 7.94
10 534 7.94
10 535 7.94
10 536 7.94
10 537 7.94
10 538 7.94
10 539 7.94
10 540 7.94
10 541 7.94
10 542 7.94
10 543 7.94
10 544 7.94
10 545 7.94
10 546 7.94
10 547 7.94
10 548 7.94
10 549 7.94
10 550 7.94
10 551 7.94
10 552 7.94
10 553 7.94
10 554 7.94
10 555 7.94
11 556 7.94
11 557 7.94
11 558 7.94
11 559 7.94
11 560 7.94
11 561 7.94
11 562 7.94
11 563 7.94
11 564 7.94
11 565 7.94
11 566 7.94
11 567 7.94
11 568 7.94
11 569 7.94
11 570 7.94
11 571 7.94
11 572 7.94
11 573 7.94
11 574 7.94
11 575 7.94
11 576 7.94
11 577 7.94
11 578 7.94
11 579 7.94
11 580 7.94
11 581 7.94
11 582 7.94
11 583 7.94
11 584 7.94
11 585 7.94
11 586 7.94
11 587 7.94
11 588 7.94
11 589 7.94
11 590 7.94
11 591 7.94
11 592 7.94
11 593 7.94
11 594 7.94
11 595 7.94
11 596 7.94
11 597 7.94
11 598 7.94
11 599 7.94
11 600 7.94
11 601 7.94
11 602 7.94
11 603 7.94
11 604 7.94
11 605 7.94
11 606 7.94
11 607 7.94
11 608 7.94
11 609 7.94
12 610 7.94
12 611 7.94
12 612 7.94
12 613 7.94
12 614 7.94
12 615 7.94
12 616 7.94
12 617 7.94
12 618 7.94
12 619 7.94
12 620 7.94
12 621 7.94
12 622 7.94
12 623 7.94
12 624 7.94
12 625 7.94
12 626 7.94
12 627 7.94
12 628 7.94
12 629 7.94
12 630 7.94
12 631 7.94
12 632 7.94
12 633 7.94
12 634 7.94
12 635 7.94
12 636 7.94
12 637 7.94
12 638 7.94
12 639 7.94
12 640 7.94
12 641 7.94
12 642 7.94
12 643 7.94
12 644 7.94
12 645 7.94
12 646 7.94
12 647 7.94
12 648 7.94
12 649 7.94
12 650 7.94
12 651 7.94
12 652 7.94
12 653 7.94
12 654 7.94
12 655 7.94
12 656 7.94
12 657 7.94
12 658 7.94
12 659 7.94
12 660 7.94
12 661 7.94
12 662 7.94
12 663 7.94
12 664 7.94
13 665 7.94
13 666 7.94
13 667 7.94
13 668 7.94
13 669 7.94
13 670 7.94
13 671 7.94
13 672 7.94
13 673 7.94
13 674 7.94
13 675 7.94
13 676 7.94
13 677 7.94
13 678 7.94
13 679 7.94
13 680 7.94
13 681 7.94
13 682 7.94
13 683 7.94
13 684 7.94
13 685 7.94
13 686 7.94
13 687 7.94
13 688 7.94
13 689 7.94
13 690 7.94
13 691 7.94
13 692 7.94
13 693 7.94
13 694 7.94
13 695 7.94
13 696 7.94
13 697 7.94
13 698 7.94
13 699 7.94
13 700 7.94
13 701 7.94
13 702 7.94
13 703 7.94
13 704 7.94
13 705 7.94
13 706 7.94
13 707 7.94
13 708 7.94
13 709 7.94
13 710 7.94
13 711 7.94
13 712 7.94
13 713 7.94
13 714 7.94
13 715 7.94
13 716 7.94
13 717 7.94
13 718 7.94
13 719 7.94
14 720 7.94
14 721 7.94
14 722 7.94
14 723 7.94
14 724 7.94
14 725 7.94
14 726 7.94
14 727 7.94
14 728 7.94
14 729 7.94
14 730 7.94
14 731 7.94
14 732 7.94
14 733 7.94
14 734 7.94
14 735 7.94
14 736 7.94
14 737 7.94
14 738 7.94
14 739 7.94
14 740 7.94
14 741 7.94
14 742 7.94
14 743 7.94
14 744 7.94
14 745 7.94
14 746 7.94
14 747 7.94
14 748 7.94
14 749 7.94
14 750 7.94
14 751 7.94
14 752 7.94
14 753 7.94
14 754 7.94
14 755 7.94
14 756 7.94
14 757 7.94
14 758 7.94
14 759 7.94
14 760 7.94
14 761 7.94
14 762 7.94
14 763 7.94
14 764 7.94
14 765 7.94
14 766 7.94
14 767 7.94
14 768 7.94
14 769 7.94
14 770 7.94
14 771 7.94
14 772 7.94
14 773 7.94
14 774 7.94
14 775 7.94
15 776 7.94
15 777 7.94
15 778 7.94
15 779 7.94
15 780 7.94
15 781 7.94
15 782 7.94
15 783 7.94
15 784 7.94
15 785 7.94
15 786 7.94
15 787 7.94
15 788 7.94
15 789 7.94
15 790 7.94
15 791 7.94
15 792 7.94
15 793 7.94
15 794 7.94
15 795 7.94
15 796 7.94
15 797 7.94
15 798 7.94
15 799 7.94
15 800 7.94
15 801 7.94
15 802 7.94
15 803 7.94
15 804 7.94
15 805 7.94
15 806 7.94
15 807 7.94
15 808 7.94
15 809 7.94
15 810 7.94
15 811 7.94
15 812 7.94
15 813 7.94
15 814 7.94
15 815 7.94
15 816 7.94
15 817 7.94
15 818 7.94
15 819 7.94
15 820 7.94
15 821 7.94
15 822 7.94
15 823 7.94
15 824 7.94
15 825 7.94
15 826 7.94
15 827 7.94
15 828 7.94
16 829 7.94
16 830 7.94
16 831 7.94
16 832 7.94
16 833 7.94
16 834 7.94
16 835 7.94
16 836 7.94
16 837 7.94
16 838 7.94
16 839 7.94
16 840 7.94
16 841 7.94
16 842 7.94
16 843 7.94
16 844 7.94
16 845 7.94
16 846 7.94
16 847 7.94
16 848 7.94
16 849 7.94
16 850 7.94
16 851 7.94
16 852 7.94
16 853 7.94
16 854 7.94
16 855 7.94
16 856 7.94
16 857 7.94
16 858 7.94
16 859 7.94
16 860 7.94
16 861 7.94
16 862 7.94
16 863 7.94
16 864 7.94
16 865 7.94
16 866 7.94
16 867 7.94
16 868 7.94
16 869 7.94
16 870 7.94
16 871 7.94
16 872 7.94
16 873 7.94
16 874 7.94
16 875 7.94
16 876 7.94
16 877 7.94
17 878 7.94
17 879 7.94
17 880 7.94
17 881 7.94
17 882 7.94
17 883 7.94
17 884 7.94
17 885 7.94
17 886 7.94
17 887 7.94
17 888 7.94
17 889 7.94
17 890 7.94
17 891 7.94
17 892 7.94
17 893 7.94
17 894 7.94
17 895 7.94
17 896 7.94
17 897 7.94
17 898 7.94
17 899 7.94
17 900 7.94
17 901 7.94
17 902 7.94
17 903 7.94
17 904 7.94
17 905 7.94
17 906 7.94
17 907 7.94
17 908 7.94
17 909 7.94
17 910 7.94
17 911 7.94
17 912 7.94
17 913 7.94
17 914 7.94
17 915 7.94
17 916 7.94
17 917 7.94
17 918 7.94
17 919 7.94
17 920 7.94
17 921 7.94
17 922 7.94
17 923 7.94
17 924 7.94
17 925 7.94
17 926 7.94
17 927 7.94
17 928 7.94
17 929 7.94
18 930 7.94
18 931 7.94
18 932 7.94
18 933 7.94
18 934 7.94
18 935 7.94
18 936 7.94
18 937 7.94
18 938 7.94
18 939 7.94
18 940 7.94
18 941 7.94
18 942 7.94
18 943 7.94
18 944 7.94
18 945 7.94
18 946 7.94
18 947 7.94
18 948 7.94
18 949 7.94
18 950 7.94
18 951 7.94
18 952 7.94
18 953 7.94
18 954 7.94
18 955 7.94
18 956 7.94
18 957 7.94
18 958 7.94
18 959 7.94
18 960 7.94
18 961 7.94
18 962 7.94
18 963 7.94
18 964 7.94
18 965 7.94
18 966 7.94
18 967 7.94
18 968 7.94
18 969 7.94
18 970 7.94
18 971 7.94
18 972 7.94
18 973 7.94
18 974 7.94
18 975 7.94
18 976 7.94
18 977 7.94
18 978 7.94
18 979 7.94
18 980 7.94
18 981 7.94
18 982 7.94
18 983 7.94
18 984 7.94
18 985 7.94
18 986 7.94
18 987 7.94
18 988 7.94
18 989 7.94
19 990 7.94
19 991 7.94
19 992 7.94
19 993 7.94
19 994 7.94
19 995 7.94
19 996 7.94
19 997 7.94
19 998 7.94
19 999 7.94
19 1000 7.94
19 1001 7.94
19 1002 7.94
19 1003 7.94
19 1004 7.94
19 1005 7.94
19 1006 7.94
19 1007 7.94
19 1008 7.94
19 1009 7.94
19 1010 7.94
19 1011 7.94
19 1012 7.94
19 1013 7.94
19 1014 7.94
19 1015 7.94
19 1016 7.94
19 1017 7.94
19 1018 7.94
19 1019 7.94
19 1020 7.94
19 1021 7.94
19 1022 7.94
19 1023 7.94
19 1024 7.94
19 1025 7.94
19 1026 7.94
19 1027 7.94
19 1028 7.94
19 1029 7.94
19 1030 7.94
19 1031 7.94
19 1032 7.94
19 1033 7.94
19 1034 7.94
19 1035 7.94
19 1036 7.94
19 1037 7.94
19 1038 7.94
20 1039 7.94
20 1040 7.94
20 1041 7.94
20 1042 7.94
20 1043 7.94
20 1044 7.94
20 1045 7.94
20 1046 7.94
20 1047 7.94
20 1048 7.94
20 1049 7.94
20 1050 7.94
20 1051 7.94
20 1052 7.94
20 1053 7.94
20 1054 7.94
20 1055 7.94
20 1056 7.94
20 1057 7.94
20 1058 7.94
20 1059 7.94
20 1060 7.94
20 1061 7.94
20 1062 7.94
20 1063 7.94
20 1064 7.94
20 1065 7.94
20 1066 7.94
20 1067 7.94
20 1068 7.94
20 1069 7.94
20 1070 7.94
20 1071 7.94
20 1072 7.94
20 1073 7.94
20 1074 7.94
20 1075 7.94
20 1076 7.94
20 1077 7.94
20 1078 7.94
20 1079 7.94
20 1080 7.94
20 1081 7.94
20 1082 7.94
20 1083 7.94
20 1084 7.94
20 1085 7.94
20 1086 7.94
20 1087 7.94
20 1088 7.94
20 1089 7.94
20 1090 7.94
20 1091 7.94
20 1092 7.94
20 1093 7.94
20 1094 7.94
20 1095 7.94
21 1096 7.94
21 1097 7.94
21 1098 7.94
21 1099 7.94
21 1100 7.94
21 1101 7.94
21 1102 7.94
21 1103 7.94
21 1104 7.94
21 1105 7.94
21 1106 7.94
21 1107 7.94
21 1108 7.94
21 1109 7.94
21 1110 7.94
21 1111 7.94
21 1112 7.94
21 1113 7.94
21 1114 7.94
21 1115 7.94
21 1116 7.94
21 1117 7.94
21 1118 7.94
21 1119 7.94
21 1120 7.94
21 1121 7.94
21 1122 7.94
21 1123 7.94
21 1124 7.94
21 1125 7.94
21 1126 7.94
21 1127 7.94
21 1128 7.94
21 1129 7.94
21 1130 7.94
21 1131 7.94
21 1132 7.94
21 1133 7.94
21 1134 7.94
21 1135 7.94
21 1136 7.94
21 1137 7.94
21 1138 7.94
21 1139 7.94
21 1140 7.94
21 1141 7.94
21 1142 7.94
21 1143 7.94
21 1144 7.94
21 1145 7.94
21 1146 7.94
21 1147 7.94
21 1148 7.94
21 1149 7.94
21 1150 7.94
21 1151 7.94
22 1152 7.94
22 1153 7.94
22 1154 7.94
22 1155 7.94
22 1156 7.94
22 1157 7.94
22 1158 7.94
22 1159 7.94
22 1160 7.94
22 1161 7.94
22 1162 7.94
22 1163 7.94
22 1164 7.94
22 1165 7.94
22 1166 7.94
22 1167 7.94
22 1168 7.94
22 1169 7.94
22 1170 7.94
22 1171 7.94
22 1172 7.94
22 1173 7.94
22 1174 7.94
22 1175 7.94
22 1176 7.94
22 1177 7.94
22 1178 7.94
22 1179 7.94
22 1180 7.94
22 1181 7.94
22 1182 7.94
22 1183 7.94
22 1184 7.94
22 1185 7.94
22 1186 7.94
22 1187 7.94
22 1188 7.94
22 1189 7.94
22 1190 7.94
22 1191 7.94
22 1192 7.94
22 1193 7.94
22 1194 7.94
22 1195 7.94
22 1196 7.94
22 1197 7.94
22 1198 7.94
22 1199 7.94
22 1200 7.94
22 1201 7.94
22 1202 7.94
22 1203 7.94
23 1204 7.94
23 1205 7.94
23 1206 7.94
23 1207 7.94
23 1208 7.94
23 1209 7.94
23 1210 7.94
23 1211 7.94
23 1212 7.94
23 1213 7.94
23 1214 7.94
23 1215 7.94
23 1216 7.94
23 1217 7.94
23 1218 7.94
23 1219 7.94
23 1220 7.94
23 1221 7.94
23 1222 7.94
23 1223 7.94
23 1224 7.94
23 1225 7.94
23 1226 7.94
23 1227 7.94
23 1228 7.94
23 1229 7.94
23 1230 7.94
23 1231 7.94
23 1232 7.94
23 1233 7.94
23 1234 7.94
23 1235 7.94
23 1236 7.94
23 1237 7.94
23 1238 7.94
23 1239 7.94
23 1240 7.94
23 1241 7.94
23 1242 7.94
23 1243 7.94
23 1244 7.94
23 1245 7.94
23 1246 7.94
23 1247 7.94
23 1248 7.94
23 1249 7.94
23 1250 7.94
23 1251 7.94
23 1252 7.94
23 1253 7.94
23 1254 7.94
23 1255 7.94
23 1256 7.94
24 1257 7.94
24 1258 7.94
24 1259 7.94
24 1260 7.94
24 1261 7.94
24 1262 7.94
24 1263 7.94
24 1264 7.94
24 1265 7.94
24 1266 7.94
24 1267 7.94
24 1268 7.94
24 1269 7.94
24 1270 7.94
24 1271 7.94
24 1272 7.94
24 1273 7.94
24 1274 7.94
24 1275 7.94
24 1276 7.94
24 1277 7.94
24 1278 7.94
24 1279 7.94
24 1280 7.94
24 1281 7.94
24 1282 7.94
24 1283 7.94
24 1284 7.94
24 1285 7.94
24 1286 7.94
24 1287 7.94
24 1288 7.94
24 1289 7.94
24 1290 7.94
24 1291 7.94
24 1292 7.94
24 1293 7.94
24 1294 7.94
24 1295 7.94
24 1296 7.94
24 1297 7.94
24 1298 7.94
24 1299 7.94
24 1300 7.94
24 1301 7.94
24 1302 7.94
24 1303 7.94
24 1304 7.94
24 1305 7.94
24 1306 7.94
24 1307 7.94
24 1308 7.94
24 1309 7.94
24 1310 7.94
24 1311 7.94
24 1312 7.94
24 1313 7.94
25 1314 7.94
25 1315 7.94
25 1316 7.94
25 1317 7.94
25 1318 7.94
25 1319 7.94
25 1320 7.94
25 1321 7.94
25 1322 7.94
25 1323 7.94
25 1324 7.94
25 1325 7.94
25 1326 7.94
25 1327 7.94
25 1328 7.94
25 1329 7.94
25 1330 7.94
25 1331 7.94
25 1332 7.94
25 1333 7.94
25 1334 7.94
25 1335 7.94
25 1336 7.94
25 1337 7.94
25 1338 7.94
25 1339 7.94
25 1340 7.94
25 1341 7.94
25 1342 7.94
25 1343 7.94
25 1344 7.94
25 1345 7.94
25 1346 7.94
25 1347 7.94
25 1348 7.94
25 1349 7.94
25 1350 7.94
25 1351 7.94
25 1352 7.94
25 1353 7.94
25 1354 7.94
25 1355 7.94
25 1356 7.94
25 1357 7.94
25 1358 7.94
25 1359 7.94
25 1360 7.94
25 1361 7.94
25 1362 7.94
25 1363 7.94
25 1364 7.94
25 1365 7.94
25 1366 7.94
25 1367 7.94
25 1368 7.94
25 1369 7.94
26 1370 7.94
26 1371 7.94
26 1372 7.94
26 1373 7.94
26 1374 7.94
26 1375 7.94
26 1376 7.94
26 1377 7.94
26 1378 7.94
26 1379 7.94
26 1380 7.94
26 1381 7.94
26 1382 7.94
26 1383 7.94
26 1384 7.94
26 1385 7.94
26 1386 7.94
26 1387 7.94
26 1388 7.94
26 1389 7.94
26 1390 7.94
26 1391 7.94
26 1392 7.94
26 1393 7.94
26 1394 7.94
26 1395 7.94
26 1396 7.94
26 1397 7.94
26 1398 7.94
26 1399 7.94
26 1400 7.94
26 1401 7.94
26 1402 7.94
26 1403 7.94
26 1404 7.94
26 1405 7.94
26 1406 7.94
26 1407 7.94
26 1408 7.94
26 1409 7.94
26 1410 7.94
26 1411 7.94
26 1412 7.94
26 1413 7.94
26 1414 7.94
26 1415 7.94
26 1416 7.94
26 1417 7.94
26 1418 7.94
26 1419 7.94
26 1420 7.94
26 1421 7.94
26 1422 7.94
26 1423 7.94
26 1424 7.94
27 1425 7.94
27 1426 7.94
27 1427 7.94
27 1428 7.94
27 1429 7.94
27 1430 7.94
27 1431 7.94
27 1432 7.94
27 1433 7.94
27 1434 7.94
27 1435 7.94
27 1436 7.94
27 1437 7.94
27 1438 7.94
27 1439 7.94
27 1440 7.94
27 1441 7.94
27 1442 7.94
27 1443 7.94
27 1444 7.94
27 1445 7.94
27 1446 7.94
27 1447 7.94
27 1448 7.94
27 1449 7.94
27 1450 7.94
27 1451 7.94
27 1452 7.94
27 1453 7.94
27 1454 7.94
27 1455 7.94
27 1456 7.94
27 1457 7.94
27 1458 7.94
27 1459 7.94
27 1460 7.94
27 1461 7.94
27 1462 7.94
27 1463 7.94
27 1464 7.94
27 1465 7.94
27 1466 7.94
27 1467 7.94
27 1468 7.94
27 1469 7.94
27 1470 7.94
27 1471 7.94
27 1472 7.94
27 1473 7.94
27 1474 7.94
27 1475 7.94
27 1476 7.94
27 1477 7.94
28 1478 7.94
28 1479 7.94
28 1480 7.94
28 1481 7.94
28 1482 7.94
28 1483 7.94
28 1484 7.94
28 1485 7.94
28 1486 7.94
28 1487 7.94
28 1488 7.94
28 1489 7.94
28 1490 7.94
28 1491 7.94
28 1492 7.94
28 1493 7.94
28 1494 7.94
28 1495 7.94
28 1496 7.94
28 1497 7.94
28 1498 7.94
28 1499 7.94
28 1500 7.94
28 1501 7.94
28 1502 7.94
28 1503 7.94
28 1504 7.94
28 1505 7.94
28 1506 7.94
28 1507 7.94
28 1508 7.94
28 1509 7.94
28 1510 7.94
28 1511 7.94
28 1512 7.94
28 1513 7.94
28 1514 7.94
28 1515 7.94
28 1516 7.94
28 1517 7.94
28 1518 7.94
28 1519 7.94
28 1520 7.94
28 1521 7.94
28 1522 7.94
28 1523 7.94
28 1524 7.94
28 1525 7.94
28 1526 7.94
28 1527 7.94
28 1528 7.94
29 1529 7.94
29 1530 7.94
29 1531 7.94
29 1532 7.94
29 1533 7.94
29 1534 7.94
29 1535 7.94
29 1536 7.94
29 1537 7.94
29 1538 7.94
29 1539 7.94
29 1540 7.94
29 1541 7.94
29 1542 7.94
29 1543 7.94
29 1544 7.94
29 1545 7.94
29 1546 7.94
29 1547 7.94
29 1548 7.94
29 1549 7.94
29 1550 7.94
29 1551 7.94
29 1552 7.94
29 1553 7.94
29 1554 7.94
29 1555 7.94
29 1556 7.94
29 1557 7.94
29 1558 7.94
29 1559 7.94
29 1560 7.94
29 1561 7.94
29 1562 7.94
29 1563 7.94
29 1564 7.94
29 1565 7.94
29 1566 7.94
29 1567 7.94
29 1568 7.94
29 1569 7.94
29 1570 7.94
29 1571 7.94
29 1572 7.94
29 1573 7.94
29 1574 7.94
29 1575 7.94
29 1576 7.94
29 1577 7.94
29 1578 7.94
29 1579 7.94
30 1580 7.94
30 1581 7.94
30 1582 7.94
30 1583 7.94
30 1584 7.94
30 1585 7.94
30 1586 7.94
30 1587 7.94
30 1588 7.94
30 1589 7.94
30 1590 7.94
30 1591 7.94
30 1592 7.94
30 1593 7.94
30 1594 7.94
30 1595 7.94
30 1596 7.94
30 1597 7.94
30 1598 7.94
30 1599 7.94
30 1600 7.94
30 1601 7.94
30 1602 7.94
30 1603 7.94
30 1604 7.94
30 1605 7.94
30 1606 7.94
30 1607 7.94
30 1608 7.94
30 1609 7.94
30 1610 7.94
30 1611 7.94
30 1612 7.94
30 1613 7.94
30 1614 7.94
30 1615 7.94
30 1616 7.94
30 1617 7.94
30 1618 7.94
30 1619 7.94
30 1620 7.94
30 1621 7.94
30 1622 7.94
30 1623 7.94
30 1624 7.94
30 1625 7.94
30 1626 7.94
30 1627 7.94
30 1628 7.94
30 1629 7.94
30 1630 7.94
30 1631 7.94
30 1632 7.94
30 1633 7.94
30 1634 7.94
31 1635 7.94
31 1636 7.94
31 1637 7.94
31 1638 7.94
31 1639 7.94
31 1640 7.94
31 1641 7.94
31 1642 7.94
31 1643 7.94
31 1644 7.94
31 1645 7.94
31 1646 7.94
31 1647 7.94
31 1648 7.94
31 1649 7.94
31 1650 7.94
31 1651 7.94
31 1652 7.94
31 1653 7.94
31 1654 7.94
31 1655 7.94
31 1656 7.94
31 1657 7.94
31 1658 7.94
31 1659 7.94
31 1660 7.94
31 1661 7.94
31 1662 7.94
31 1663 7.94
31 1664 7.94
31 1665 7.94
31 1666 7.94
31 1667 7.94
31 1668 7.94
31 1669 7.94
31 1670 7.94
31 1671 7.94
31 1672 7.94
31 1673 7.94
31 1674 7.94
31 1675 7.94
31 1676 7.94
31 1677 7.94
31 1678 7.94
31 1679 7.94
31 1680 7.94
31 1681 7.94
31 1682 7.94
31 1683 7.94
31 1684 7.94
31 1685 7.94
31 1686 7.94
31 1687 7.94
31 1688 7.94
31 1689 7.94
32 1690 7.94
32 1691 7.94
32 1692 7.94
32 1693 7.94
32 1694 7.94
32 1695 7.94
32 1696 7.94
32 1697 7.94
32 1698 7.94
32 1699 7.94
32 1700 7.94
32 1701 7.94
32 1702 7.94
32 1703 7.94
32 1704 7.94
32 1705 7.94
32 1706 7.94
32 1707 7.94
32 1708 7.94
32 1709 7.94
32 1710 7.94
32 1711 7.94
32 1712 7.94
32 1713 7.94
32 1714 7.94
32 1715 7.94
32 1716 7.94
32 1717 7.94
32 1718 7.94
32 1719 7.94
32 1720 7.94
32 1721 7.94
32 1722 7.94
32 1723 7.94
32 1724 7.94
32 1725 7.94
32 1726 7.94
32 1727 7.94
32 1728 7.94
32 1729 7.94
32 1730 7.94
32 1731 7.94
32 1732 7.94
32 1733 7.94
32 1734 7.94
32 1735 7.94
32 1736 7.94
32 1737 7.94
32 1738 7.94
32 1739 7.94
32 1740 7.94
32 1741 7.94
32 1742 7.94
32 1743 7.94
32 1744 7.94
32 1745 7.94
32 1746 7.94
32 1747 7.94
32 1748 7.94
33 1749 7.94
33 1750 7.94
33 1751 7.94
33 1752 7.94
33 1753 7.94
33 1754 7.94
33 1755 7.94
33 1756 7.94
33 1757 7.94
33 1758 7.94
33 1759 7.94
33 1760 7.94
33 1761 7.94
33 1762 7.94
33 1763 7.94
33 1764 7.94
33 1765 7.94
33 1766 7.94
33 1767 7.94
33 1768 7.94
33 1769 7.94
33 1770 7.94
33 1771 7.94
33 1772 7.94
33 1773 7.94
33 1774 7.94
33 1775 7.94
33 1776 7.94
33 1777 7.94
33 1778 7.94
33 1779 7.94
33 1780 7.94
33 1781 7.94
33 1782 7.94
33 1783 7.94
33 1784 7.94
33 1785 7.94
33 1786 7.94
33 1787 7.94
33 1788 7.94
33 1789 7.94
33 1790 7.94
33 1791 7.94
33 1792 7.94
33 1793 7.94
33 1794 7.94
33 1795 7.94
33 1796 7.94
33 1797 7.94
33 1798 7.94
33 1799 7.94
33 1800 7.94
33 1801 7.94
33 1802 7.94
33 1803 7.94
33 1804 7.94
33 1805 7.94
34 1806 7.94
34 1807 7.94
34 1808 7.94
34 1809 7.94
34 1810 7.94
34 1811 7.94
34 1812 7.94
34 1813 7.94
34 1814 7.94
34 1815 7.94
34 1816 7.94
34 1817 7.94
34 1818 7.94
34 1819 7.94
34 1820 7.94
34 1821 7.94
34 1822 7.94
34 1823 7.94
34 1824 7.94
34 1825 7.94
34 1826 7.94
34 1827 7.94
34 1828 7.94
34 1829 7.94
34 1830 7.94
34 1831 7.94
34 1832 7.94
34 1833 7.94
34 1834 7.94
34 1835 7.94
34 1836 7.94
34 1837 7.94
34 1838 7.94
34 1839 7.94
34 1840 7.94
34 1841 7.94
34 1842 7.94
34 1843 7.94
34 1844 7.94
34 1845 7.94
34 1846 7.94
34 1847 7.94
34 1848 7.94
34 1849 7.94
34 1850 7.94
34 1851 7.94
34 1852 7.94
34 1853 7.94
34 1854 7.94
34 1855 7.94
34 1856 7.94
34 1857 7.94
34 1858 7.94
34 1859 7.94
35 1860 7.94
35 1861 7.94
35 1862 7.94
35 1863 7.94
35 1864 7.94
35 1865 7.94
35 1866 7.94
35 1867 7.94
35 1868 7.94
35 1869 7.94
35 1870 7.94
35 1871 7.94
35 1872 7.94
35 1873 7.94
35 1874 7.94
35 1875 7.94
35 1876 7.94
35 1877 7.94
35 1878 7.94
35 1879 7.94
35 1880 7.94
35 1881 7.94
35 1882 7.94
35 1883 7.94
35 1884 7.94
35 1885 7.94
35 1886 7.94
35 1887 7.94
35 1888 7.94
35 1889 7.94
35 1890 7.94
35 1891 7.94
35 1892 7.94
35 1893 7.94
35 1894 7.94
35 1895 7.94
35 1896 7.94
35 1897 7.94
35 1898 7.94
35 1899 7.94
35 1900 7.94
35 1901 7.94
35 1902 7.94
35 1903 7.94
35 1904 7.94
35 1905 7.94
35 1906 7.94
35 1907 7.94
35 1908 7.94
35 1909 7.94
35 1910 7.94
35 1911 7.94
35 1912 7.94
35 1913 7.94
35 1914 7.94
35 1915 7.94
36 1916 7.94
36 1917 7.94
36 1918 7.94
36 1919 7.94
36 1920 7.94
36 1921 7.94
36 1922 7.94
36 1923 7.94
36 1924 7.94
36 1925 7.94
36 1926 7.94
36 1927 7.94
36 1928 7.94
36 1929 7.94
36 1930 7.94
36 1931 7.94
36 1932 7.94
36 1933 7.94
36 1934 7.94
36 1935 7.94
36 1936 7.94
36 1937 7.94
36 1938 7.94
36 1939 7.94
36 1940 7.94
36 1941 7.94
36 1942 7.94
36 1943 7.94
36 1944 7.94
36 1945 7.94
36 1946 7.94
36 1947 7.94
36 1948 7.94
36 1949 7.94
36 1950 7.94
36 1951 7.94
36 1952 7.94
36 1953 7.94
36 1954 7.94
36 1955 7.94
36 1956 7.94
36 1957 7.94
36 1958 7.94
36 1959 7.94
36 1960 7.94
36 1961 7.94
36 1962 7.94
36 1963 7.94
36 1964 7.94
36 1965 7.94
36 1966 7.94
36 1967 7.94
36 1968 7.94
36 1969 7.94
36 1970 7.94
36 1971 7.94
36 1972 7.94
36 1973 7.94
36 1974 7.94
37 1975 7.94
37 1976 7.94
37 1977 7.94
37 1978 7.94
37 1979 7.94
37 1980 7.94
37 1981 7.94
37 1982 7.94
37 1983 7.94
37 1984 7.94
37 1985 7.94
37 1986 7.94
37 1987 7.94
37 1988 7.94
37 1989 7.94
37 1990 7.94
37 1991 7.94
37 1992 7.94
37 1993 7.94
37 1994 7.94
37 1995 7.94
37 1996 7.94
37 1997 7.94
37 1998 7.94
37 1999 7.94
37 2000 7.94
37 2001 7.94
37 2002 7.94
37 2003 7.94
37 2004 7.94
37 2005 7.94
37 2006 7.94
37 2007 7.94
37 2008 7.94
37 2009 7.94
37 2010 7.94
37 2011 7.94
37 2012 7.94
37 2013 7.94
37 2014 7.94
37 2015 7.94
37 2016 7.94
37 2017 7.94
37 2018 7.94
37 2019 7.94
37 2020 7.94
37 2021 7.94
37 2022 7.94
37 2023 7.94
37 2024 7.94
37 2025 7.94
37 2026 7.94
37 2027 7.94
38 2028 7.94
38 2029 7.94
38 2030 7.94
38 2031 7.94
38 2032 7.94
38 2033 7.94
38 2034 7.94
38 2035 7.94
38 2036 7.94
38 2037 7.94
38 2038 7.94
38 2039 7.94
38 2040 7.94
38 2041 7.94
38 2042 7.94
38 2043 7.94
38 2044 7.94
38 2045 7.94
38 2046 7.94
38 2047 7.94
38 2048 7.94
38 2049 7.94
38 2050 7.94
38 2051 7.94
38 2052 7.94
38 2053 7.94
38 2054 7.94
38 2055 7.94
38 2056 7.94
38 2057 7.94
38 2058 7.94
38 2059 7.94
38 2060 7.94
38 2061 7.94
38 2062 7.94
38 2063 7.94
38 2064 7.94
38 2065 7.94
38 2066 7.94
38 2067 7.94
38 2068 7.94
38 2069 7.94
38 2070 7.94
38 2071 7.94
38 2072 7.94
38 2073 7.94
38 2074 7.94
38 2075 7.94
38 2076 7.94
38 2077 7.94
38 2078 7.94
38 2079 7.94
38 2080 7.94
38 2081 7.94
38 2082 7.94
38 2083 7.94
38 2084 7.94
38 2085 7.94
39 2086 7.94
39 2087 7.94
39 2088 7.94
39 2089 7.94
39 2090 7.94
39 2091 7.94
39 2092 7.94
39 2093 7.94
39 2094 7.94
39 2095 7.94
39 2096 7.94
39 2097 7.94
39 2098 7.94
39 2099 7.94
39 2100 7.94
39 2101 7.94
39 2102 7.94
39 2103 7.94
39 2104 7.94
39 2105 7.94
39 2106 7.94
39 2107 7.94
39 2108 7.94
39 2109 7.94
39 2110 7.94
39 2111 7.94
39 2112 7.94
39 2113 7.94
39 2114 7.94
39 2115 7.94
39 2116 7.94
39 2117 7.94
39 2118 7.94
39 2119 7.94
39 2120 7.94
39 2121 7.94
39 2122 7.94
39 2123 7.94
39 2124 7.94
39 2125 7.94
39 2126 7.94
39 2127 7.94
39 2128 7.94
39 2129 7.94
39 2130 7.94
39 2131 7.94
39 2132 7.94
39 2133 7.94
39 2134 7.94
39 2135 7.94
39 2136 7.94
39 2137 7.94
39 2138 7.94
39 2139 7.94
39 2140 7.94
39 2141 7.94
39 2142 7.94
39 2143 7.94
39 2144 7.94
40 2145 7.94
40 2146 7.94
40 2147 7.94
40 2148 7.94
40 2149 7.94
40 2150 7.94
40 2151 7.94
40 2152 7.94
40 2153 7.94
40 2154 7.94
40 2155 7.94
40 2156 7.94
40 2157 7.94
40 2158 7.94
40 2159 7.94
40 2160 7.94
40 2161 7.94
40 2162 7.94
40 2163 7.94
40 2164 7.94
40 2165 7.94
40 2166 7.94
40 2167 7.94
40 2168 7.94
40 2169 7.94
40 2170 7.94
40 2171 7.94
40 2172 7.94
40 2173 7.94
40 2174 7.94
40 2175 7.94
40 2176 7.94
40 2177 7.94
40 2178 7.94
40 2179 7.94
40 2180 7.94
40 2181 7.94
40 2182 7.94
40 2183 7.94
40 2184 7.94
40 2185 7.94
40 2186 7.94
40 2187 7.94
40 2188 7.94
40 2189 7.94
40 2190 7.94
40 2191 7.94
40 2192 7.94
40 2193 7.94
40 2194 7.94
40 2195 7.94
40 2196 7.94
40 2197 7.94
40 2198 7.94
40 2199 7.94
40 2200 7.94
41 2201 7.94
41 2202 7.94
41 2203 7.94
41 2204 7.94
41 2205 7.94
41 2206 7.94
41 2207 7.94
41 2208 7.94
41 2209 7.94
41 2210 7.94
41 2211 7.94
41 2212 7.94
41 2213 7.94
41 2214 7.94
41 2215 7.94
41 2216 7.94
41 2217 7.94
41 2218 7.94
41 2219 7.94
41 2220 7.94
41 2221 7.94
41 2222 7.94
41 2223 7.94
41 2224 7.94
41 2225 7.94
41 2226 7.94
41 2227 7.94
41 2228 7.94
41 2229 7.94
41 2230 7.94
41 2231 7.94
41 2232 7.94
41 2233 7.94
41 2234 7.94
41 2235 7.94
41 2236 7.94
41 2237 7.94
41 2238 7.94
41 2239 7.94
41 2240 7.94
41 2241 7.94
41 2242 7.94
41 2243 7.94
41 2244 7.94
41 2245 7.94
41 2246 7.94
41 2247 7.94
41 2248 7.94
41 2249 7.94
41 2250 7.94
41 2251 7.94
41 2252 7.94
41 2253 7.94
41 2254 7.94
41 2255 7.94
42 2256 7.94
42 2257 7.94
42 2258 7.94
42 2259 7.94
42 2260 7.94
42 2261 7.94
42 2262 7.94
42 2263 7.94
42 2264 7.94
42 2265 7.94
42 2266 7.94
42 2267 7.94
42 2268 7.94
42 2269 7.94
42 2270 7.94
42 2271 7.94
42 2272 7.94
42 2273 7.94
42 2274 7.94
42 2275 7.94
42 2276 7.94
42 2277 7.94
42 2278 7.94
42 2279 7.94
42 2280 7.94
42 2281 7.94
42 2282 7.94
42 2283 7.94
42 2284 7.94
42 2285 7.94
42 2286 7.94
42 2287 7.94
42 2288 7.94
42 2289 7.94
42 2290 7.94
42 2291 7.94
42 2292 7.94
42 2293 7.94
42 2294 7.94
42 2295 7.94
42 2296 7.94
42 2297 7.94
42 2298 7.94
42 2299 7.94
42 2300 7.94
42 2301 7.94
42 2302 7.94
42 2303 7.94
42 2304 7.94
42 2305 7.94
42 2306 7.94
42 2307 7.94
42 2308 7.94
42 2309 7.94
42 2310 7.94
42 2311 7.94
42 2312 7.94
42 2313 7.94
42 2314 7.94
42 2315 7.94
43 2316 7.94
43 2317 7.94
43 2318 7.94
43 2319 7.94
43 2320 7.94
43 2321 7.94
43 2322 7.94
43 2323 7.94
43 2324 7.94
43 2325 7.94
43 2326 7.94
43 2327 7.94
43 2328 7.94
43 2329 7.94
43 2330 7.94
43 2331 7.94
43 2332 7.94
43 2333 7.94
43 2334 7.94
43 2335 7.94
43 2336 7.94
43 2337 7.94
43 2338 7.94
43 2339 7.94
43 2340 7.94
43 2341 7.94
43 2342 7.94
43 2343 7.94
43 2344 7.94
43 2345 7.94
43 2346 7.94
43 2347 7.94
43 2348 7.94
43 2349 7.94
43 2350 7.94
43 2351 7.94
43 2352 7.94
43 2353 7.94
43 2354 7.94
43 2355 7.94
43 2356 7.94
43 2357 7.94
43 2358 7.94
43 2359 7.94
43 2360 7.94
43 2361 7.94
43 2362 7.94
43 2363 7.94
43 2364 7.94
43 2365 7.94
43 2366 7.94
43 2367 7.94
43 2368 7.94
43 2369 7.94
43 2370 7.94
43 2371 7.94
43 2372 7.94
43 2373 7.94
43 2374 7.94
43 2375 7.94
44 2376 7.94
44 2377 7.94
44 2378 7.94
44 2379 7.94
44 2380 7.94
44 2381 7.94
44 2382 7.94
44 2383 7.94
44 2384 7.94
44 2385 7.94
44 2386 7.94
44 2387 7.94
44 2388 7.94
44 2389 7.94
44 2390 7.94
44 2391 7.94
44 2392 7.94
44 2393 7.94
44 2394 7.94
44 2395 7.94
44 2396 7.94
44 2397 7.94
44 2398 7.94
44 2399 7.94
44 2400 7.94
44 2401 7.94
44 2402 7.94
44 2403 7.94
44 2404 7.94
44 2405 7.94
44 2406 7.94
44 2407 7.94
44 2408 7.94
44 2409 7.94
44 2410 7.94
44 2411 7.94
44 2412 7.94
44 2413 7.94
44 2414 7.94
44 2415 7.94
44 2416 7.94
44 2417 7.94
44 2418 7.94
44 2419 7.94
44 2420 7.94
44 2421 7.94
44 2422 7.94
44 2423 7.94
44 2424 7.94
44 2425 7.94
44 2426 7.94
44 2427 7.94
44 2428 7.94
44 2429 7.94
44 2430 7.94
44 2431 7.94
44 2432 7.94
44 2433 7.94
44 2434 7.94
44 2435 7.94
45 2436 7.94
45 2437 7.94
45 2438 7.94
45 2439 7.94
45 2440 7.94
45 2441 7.94
45 2442 7.94
45 2443 7.94
45 2444 7.94
45 2445 7.94
45 2446 7.94
45 2447 7.94
45 2448 7.94
45 2449 7.94
45 2450 7.94
45 2451 7.94
45 2452 7.94
45 2453 7.94
45 2454 7.94
45 2455 7.94
45 2456 7.94
45 2457 7.94
45 2458 7.94
45 2459 7.94
45 2460 7.94
45 2461 7.94
45 2462 7.94
45 2463 7.94
45 2464 7.94
45 2465 7.94
45 2466 7.94
45 2467 7.94
45 2468 7.94
45 2469 7.94
45 2470 7.94
45 2471 7.94
45 2472 7.94
45 2473 7.94
45 2474 7.94
45 2475 7.94
45 2476 7.94
45 2477 7.94
45 2478 7.94
45 2479 7.94
45 2480 7.94
45 2481 7.94
45 2482 7.94
45 2483 7.94
45 2484 7.94
45 2485 7.94
45 2486 7.94
45 2487 7.94
45 2488 7.94
45 2489 7.94
45 2490 7.94
45 2491 7.94
45 2492 7.94
45 2493 7.94
46 2494 7.94
46 2495 7.94
46 2496 7.94
46 2497 7.94
46 2498 7.94
46 2499 7.94
46 2500 7.94
46 2501 7.94
46 2502 7.94
46 2503 7.94
46 2504 7.94
46 2505 7.94
46 2506 7.94
46 2507 7.94
46 2508 7.94
46 2509 7.94
46 2510 7.94
46 2511 7.94
46 2512 7.94
46 2513 7.94
46 2514 7.94
46 2515 7.94
46 2516 7.94
46 2517 7.94
46 2518 7.94
46 2519 7.94
46 2520 7.94
46 2521 7.94
46 2522 7.94
46 2523 7.94
46 2524 7.94
46 2525 7.94
46 2526 7.94
46 2527 7.94
46 2528 7.94
46 2529 7.94
46 2530 7.94
46 2531 7.94
46 2532 7.94
46 2533 7.94
46 2534 7.94
46 2535 7.94
46 2536 7.94
46 2537 7.94
46 2538 7.94
46 2539 7.94
46 2540 7.94
46 2541 7.94
46 2542 7.94
46 2543 7.94
46 2544 7.94
46 2545 7.94
46 2546 7.94
46 2547 7.94
46 2548 7.94
46 2549 7.94
47 2550 7.94
47 2551 7.94
47 2552 7.94
47 2553 7.94
47 2554 7.94
47 2555 7.94
47 2556 7.94
47 2557 7.94
47 2558 7.94
47 2559 7.94
47 2560 7.94
47 2561 7.94
47 2562 7.94
47 2563 7.94
47 2564 7.94
47 2565 7.94
47 2566 7.94
47 2567 7.94
47 2568 7.94
47 2569 7.94
47 2570 7.94
47 2571 7.94
47 2572 7.94
47 2573 7.94
47 2574 7.94
47 2575 7.94
47 2576 7.94
47 2577 7.94
47 2578 7.94
47 2579 7.94
47 2580 7.94
47 2581 7.94
47 2582 7.94
47 2583 7.94
47 2584 7.94
47 2585 7.94
47 2586 7.94
47 2587 7.94
47 2588 7.94
47 2589 7.94
47 2590 7.94
47 2591 7.94
47 2592 7.94
47 2593 7.94
47 2594 7.94
47 2595 7.94
47 2596 7.94
47 2597 7.94
47 2598 7.94
47 2599 7.94
47 2600 7.94
47 2601 7.94
47 2602 7.94
47 2603 7.94
48 2604 7.94
48 2605 7.94
48 2606 7.94
48 2607 7.94
48 2608 7.94
48 2609 7.94
48 2610 7.94
48 2611 7.94
48 2612 7.94
48 2613 7.94
48 2614 7.94
48 2615 7.94
48 2616 7.94
48 2617 7.94
48 2618 7.94
48 2619 7.94
48 2620 7.94
48 2621 7.94
48 2622 7.94
48 2623 7.94
48 2624 7.94
48 2625 7.94
48 2626 7.94
48 2627 7.94
48 2628 7.94
48 2629 7.94
48 2630 7.94
48 2631 7.94
48 2632 7.94
48 2633 7.94
48 2634 7.94
48 2635 7.94
48 2636 7.94
48 2637 7.94
48 2638 7.94
48 2639 7.94
48 2640 7.94
48 2641 7.94
48 2642 7.94
48 2643 7.94
48 2644 7.94
48 2645 7.94
48 2646 7.94
48 2647 7.94
48 2648 7.94
48 2649 7.94
48 2650 7.94
48 2651 7.94
48 2652 7.94
48 2653 7.94
48 2654 7.94
48 2655 7.94
48 2656 7.94
48 2657 7.94
48 2658 7.94
48 2659 7.94
49 2660 7.94
49 2661 7.94
49 2662 7.94
49 2663 7.94
49 2664 7.94
49 2665 7.94
49 2666 7.94
49 2667 7.94
49 2668 7.94
49 2669 7.94
49 2670 7.94
49 2671 7.94
49 2672 7.94
49 2673 7.94
49 2674 7.94
49 2675 7.94
49 2676 7.94
49 2677 7.94
49 2678 7.94
49 2679 7.94
49 2680 7.94
49 2681 7.94
49 2682 7.94
49 2683 7.94
49 2684 7.94
49 2685 7.94
49 2686 7.94
49 2687 7.94
49 2688 7.94
49 2689 7.94
49 2690 7.94
49 2691 7.94
49 2692 7.94
49 2693 7.94
49 2694 7.94
49 2695 7.94
49 2696 7.94
49 2697 7.94
49 2698 7.94
49 2699 7.94
49 2700 7.94
49 2701 7.94
49 2702 7.94
49 2703 7.94
49 2704 7.94
49 2705 7.94
49 2706 7.94
49 2707 7.94
49 2708 7.94
49 2709 7.94
49 2710 7.94
49 2711 7.94
49 2712 7.94
49 2713 7.94
49 2714 7.94
49 2715 7.94
50 2716 7.94
50 2717 7.94
50 2718 7.94
50 2719 7.94
50 2720 7.94
50 2721 7.94
50 2722 7.94
50 2723 7.94
50 2724 7.94
50 2725 7.94
50 2726 7.94
50 2727 7.94
50 2728 7.94
50 2729 7.94
50 2730 7.94
50 2731 7.94
50 2732 7.94
50 2733 7.94
50 2734 7.94
50 2735 7.94
50 2736 7.94
50 2737 7.94
50 2738 7.94
50 2739 7.94
50 2740 7.94
50 2741 7.94
50 2742 7.94
50 2743 7.94
50 2744 7.94
50 2745 7.94
50 2746 7.94
50 2747 7.94
50 2748 7.94
50 2749 7.94
50 2750 7.94
50 2751 7.94
50 2752 7.94
50 2753 7.94
50 2754 7.94
50 2755 7.94
50 2756 7.94
50 2757 7.94
50 2758 7.94
50 2759 7.94
50 2760 7.94
50 2761 7.94
50 2762 7.94
50 2763 7.94
50 2764 7.94
50 2765 7.94
50 2766 7.94
50 2767 7.94
50 2768 7.94
50 2769 7.94
50 2770 7.94
50 2771 7.94
50 2772 7.94
50 2773 7.94
51 2774 7.94
51 2775 7.94
51 2776 7.94
51 2777 7.94
51 2778 7.94
51 2779 7.94
51 2780 7.94
51 2781 7.94
51 2782 7.94
51 2783 7.94
51 2784 7.94
51 2785 7.94
51 2786 7.94
51 2787 7.94
51 2788 7.94
51 2789 7.94
51 2790 7.94
51 2791 7.94
51 2792 7.94
51 2793 7.94
51 2794 7.94
51 2795 7.94
51 2796 7.94
51 2797 7.94
51 2798 7.94
51 2799 7.94
51 2800 7.94
51 2801 7.94
51 2802 7.94
51 2803 7.94
51 2804 7.94
51 2805 7.94
51 2806 7.94
51 2807 7.94
51 2808 7.94
51 2809 7.94
51 2810 7.94
51 2811 7.94
51 2812 7.94
51 2813 7.94
51 2814 7.94
51 2815 7.94
51 2816 7.94
51 2817 7.94
51 2818 7.94
51 2819 7.94
51 2820 7.94
51 2821 7.94
51 2822 7.94
51 2823 7.94
51 2824 7.94
51 2825 7.94
51 2826 7.94
51 2827 7.94
52 2828 7.94
52 2829 7.94
52 2830 7.94
52 2831 7.94
52 2832 7.94
52 2833 7.94
52 2834 7.94
52 2835 7.94
52 2836 7.94
52 2837 7.94
52 2838 7.94
52 2839 7.94
52 2840 7.94
52 2841 7.94
52 2842 7.94
52 2843 7.94
52 2844 7.94
52 2845 7.94
52 2846 7.94
52 2847 7.94
52 2848 7.94
52 2849 7.94
52 2850 7.94
52 2851 7.94
52 2852 7.94
52 2853 7.94
52 2854 7.94
52 2855 7.94
52 2856 7.94
52 2857 7.94
52 2858 7.94
52 2859 7.94
52 2860 7.94
52 2861 7.94
52 2862 7.94
52 2863 7.94
52 2864 7.94
52 2865 7.94
52 2866 7.94
52 2867 7.94
52 2868 7.94
52 2869 7.94
52 2870 7.94
52 2871 7.94
52 2872 7.94
52 2873 7.94
52 2874 7.94
52 2875 7.94
52 2876 7.94
52 2877 7.94
52 2878 7.94
52 2879 7.94
52 2880 7.94
52 2881 7.94
52 2882 7.94
52 2883 7.94
52 2884 7.94
52 2885 7.94
53 2886 7.94
53 2887 7.94
53 2888 7.94
53 2889 7.94
53 2890 7.94
53 2891 7.94
53 2892 7.94
53 2893 7.94
53 2894 7.94
53 2895 7.94
53 2896 7.94
53 2897 7.94
53 2898 7.94
53 2899 7.94
53 2900 7.94
53 2901 7.94
53 2902 7.94
53 2903 7.94
53 2904 7.94
53 2905 7.94
53 2906 7.94
53 2907 7.94
53 2908 7.94
53 2909 7.94
53 2910 7.94
53 2911 7.94
53 2912 7.94
53 2913 7.94
53 2914 7.94
53 2915 7.94
53 2916 7.94
53 2917 7.94
53 2918 7.94
53 2919 7.94
53 2920 7.94
53 2921 7.94
53 2922 7.94
53 2923 7.94
53 2924 7.94
53 2925 7.94
53 2926 7.94
53 2927 7.94
53 2928 7.94
53 2929 7.94
53 2930 7.94
53 2931 7.94
53 2932 7.94
53 2933 7.94
53 2934 7.94
53 2935 7.94
53 2936 7.94
53 2937 7.94
53 2938 7.94
53 2939 7.94
53 2940 7.94
53 2941 7.94
54 2942 7.94
54 2943 7.94
54 2944 7.94
54 2945 7.94
54 2946 7.94
54 2947 7.94
54 2948 7.94
54 2949 7.94
54 2950 7.94
54 2951 7.94
54 2952 7.94
54 2953 7.94
54 2954 7.94
54 2955 7.94
54 2956 7.94
54 2957 7.94
54 2958 7.94
54 2959 7.94
54 2960 7.94
54 2961 7.94
54 2962 7.94
54 2963 7.94
54 2964 7.94
54 2965 7.94
54 2966 7.94
54 2967 7.94
54 2968 7.94
54 2969 7.94
54 2970 7.94
54 2971 7.94
54 2972 7.94
54 2973 7.94
54 2974 7.94
54 2975 7.94
54 2976 7.94
54 2977 7.94
54 2978 7.94
54 2979 7.94
54 2980 7.94
54 2981 7.94
54 2982 7.94
54 2983 7.94
54 2984 7.94
54 2985 7.94
54 2986 7.94
54 2987 7.94
54 2988 7.94
54 2989 7.94
54 2990 7.94
54 2991 7.94
54 2992 7.94
54 2993 7.94
54 2994 7.94
54 2995 7.94
54 2996 7.94
54 2997 7.94
54 2998 7.94
55 2999 7.94
55 3000 7.94
55 3001 7.94
55 3002 7.94
55 3003 7.94
55 3004 7.94
55 3005 7.94
55 3006 7.94
55 3007 7.94
55 3008 7.94
55 3009 7.94
55 3010 7.94
55 3011 7.94
55 3012 7.94
55 3013 7.94
55 3014 7.94
55 3015 7.94
55 3016 7.94
55 3017 7.94
55 3018 7.94
55 3019 7.94
55 3020 7.94
55 3021 7.94
55 3022 7.94
55 3023 7.94
55 3024 7.94
55 3025 7.94
55 3026 7.94
55 3027 7.94
55 3028 7.94
55 3029 7.94
55 3030 7.94
55 3031 7.94
55 3032 7.94
55 3033 7.94
55 3034 7.94
55 3035 7.94
55 3036 7.94
55 3037 7.94
55 3038 7.94
55 3039 7.94
55 3040 7.94
55 3041 7.94
55 3042 7.94
55 3043 7.94
55 3044 7.94
55 3045 7.94
55 3046 7.94
56 3047 7.94
56 3048 7.94
56 3049 7.94
56 3050 7.94
56 3051 7.94
56 3052 7.94
56 3053 7.94
56 3054 7.94
56 3055 7.94
56 3056 7.94
56 3057 7.94
56 3058 7.94
56 3059 7.94
56 3060 7.94
56 3061 7.94
56 3062 7.94
56 3063 7.94
56 3064 7.94
56 3065 7.94
56 3066 7.94
56 3067 7.94
56 3068 7.94
56 3069 7.94
56 3070 7.94
56 3071 7.94
56 3072 7.94
56 3073 7.94
56 3074 7.94
56 3075 7.94
56 3076 7.94
56 3077 7.94
56 3078 7.94
56 3079 7.94
56 3080 7.94
56 3081 7.94
56 3082 7.94
56 3083 7.94
56 3084 7.94
56 3085 7.94
56 3086 7.94
56 3087 7.94
56 3088 7.94
56 3089 7.94
56 3090 7.94
56 3091 7.94
57 3092 7.94
57 3093 7.94
57 3094 7.94
57 3095 7.94
57 3096 7.94
57 3097 7.94
57 3098 7.94
57 3099 7.94
57 3100 7.94
57 3101 7.94
57 3102 7.94
57 3103 7.94
57 3104 7.94
57 3105 7.94
57 3106 7.94
57 3107 7.94
57 3108 7.94
57 3109 7.94
57 3110 7.94
57 3111 7.94
57 3112 7.94
57 3113 7.94
57 3114 7.94
57 3115 7.94
57 3116 7.94
57 3117 7.94
57 3118 7.94
57 3119 7.94
57 3120 7.94
57 3121 7.94
57 3122 7.94
57 3123 7.94
57 3124 7.94
57 3125 7.94
57 3126 7.94
57 3127 7.94
57 3128 7.94
57 3129 7.94
57 3130 7.94
57 3131 7.94
57 3132 7.94
57 3133 7.94
57 3134 7.94
57 3135 7.94
57 3136 7.94
57 3137 7.94
57 3138 7.94
57 3139 7.94
57 3140 7.94
57 3141 7.94
57 3142 7.94
57 3143 7.94
58 3144 7.94
58 3145 7.94
58 3146 7.94
58 3147 7.94
58 3148 7.94
58 3149 7.94
58 3150 7.94
58 3151 7.94
58 3152 7.94
58 3153 7.94
58 3154 7.94
58 3155 7.94
58 3156 7.94
58 3157 7.94
58 3158 7.94
58 3159 7.94
58 3160 7.94
58 3161 7.94
58 3162 7.94
58 3163 7.94
58 3164 7.94
58 3165 7.94
58 3166 7.94
58 3167 7.94
58 3168 7.94
58 3169 7.94
58 3170 7.94
58 3171 7.94
58 3172 7.94
58 3173 7.94
58 3174 7.94
58 3175 7.94
58 3176 7.94
58 3177 7.94
58 3178 7.94
58 3179 7.94
58 3180 7.94
58 3181 7.94
58 3182 7.94
58 3183 7.94
58 3184 7.94
58 3185 7.94
58 3186 7.94
58 3187 7.94
58 3188 7.94
58 3189 7.94
58 3190 7.94
58 3191 7.94
58 3192 7.94
58 3193 7.94
58 3194 7.94
58 3195 7.94
58 3196 7.94
58 3197 7.94
58 3198 7.94
59 3199 7.94
59 3200 7.94
59 3201 7.94
59 3202 7.94
59 3203 7.94
59 3204 7.94
59 3205 7.94
59 3206 7.94
59 3207 7.94
59 3208 7.94
59 3209 7.94
59 3210 7.94
59 3211 7.94
59 3212 7.94
59 3213 7.94
59 3214 7.94
59 3215 7.94
59 3216 7.94
59 3217 7.94
59 3218 7.94
59 3219 7.94
59 3220 7.94
59 3221 7.94
59 3222 7.94
59 3223 7.94
59 3224 7.94
59 3225 7.94
59 3226 7.94
59 3227 7.94
59 3228 7.94
59 3229 7.94
59 3230 7.94
59 3231 7.94
59 3232 7.94
59 3233 7.94
59 3234 7.94
59 3235 7.94
59 3236 7.94
59 3237 7.94
59 3238 7.94
59 3239 7.94
59 3240 7.94
59 3241 7.94
59 3242 7.94
59 3243 7.94
59 3244 7.94
59 3245 7.94
59 3246 7.94
59 3247 7.94
59 3248 7.94
59 3249 7.94
59 3250 7.94
59 3251 7.94
60 3252 7.94
60 3253 7.94
60 3254 7.94
60 3255 7.94
60 3256 7.94
60 3257 7.94
60 3258 7.94
60 3259 7.94
60 3260 7.94
60 3261 7.94
60 3262 7.94
60 3263 7.94
60 3264 7.94
60 3265 7.94
60 3266 7.94
60 3267 7.94
60 3268 7.94
60 3269 7.94
60 3270 7.94
60 3271 7.94
60 3272 7.94
60 3273 7.94
60 3274 7.94
60 3275 7.94
60 3276 7.94
60 3277 7.94
60 3278 7.94
60 3279 7.94
60 3280 7.94
60 3281 7.94
60 3282 7.94
60 3283 7.94
60 3284 7.94
60 3285 7.94
60 3286 7.94
60 3287 7.94
60 3288 7.94
60 3289 7.94
60 3290 7.94
60 3291 7.94
60 3292 7.94
60 3293 7.94
60 3294 7.94
60 3295 7.94
60 3296 7.94
60 3297 7.94
60 3298 7.94
60 3299 7.94
60 3300 7.94
60 3301 7.94
60 3302 7.94
60 3303 7.94
60 3304 7.94
60 3305 7.94
61 3306 7.94
61 3307 7.94
61 3308 7.94
61 3309 7.94
61 3310 7.94
61 3311 7.94
61 3312 7.94
61 3313 7.94
61 3314 7.94
61 3315 7.94
61 3316 7.94
61 3317 7.94
61 3318 7.94
61 3319 7.94
61 3320 7.94
61 3321 7.94
61 3322 7.94
61 3323 7.94
61 3324 7.94
61 3325 7.94
61 3326 7.94
61 3327 7.94
61 3328 7.94
61 3329 7.94
61 3330 7.94
61 3331 7.94
61 3332 7.94
61 3333 7.94
61 3334 7.94
61 3335 7.94
61 3336 7.94
61 3337 7.94
61 3338 7.94
61 3339 7.94
61 3340 7.94
61 3341 7.94
61 3342 7.94
61 3343 7.94
61 3344 7.94
61 3345 7.94
61 3346 7.94
61 3347 7.94
61 3348 7.94
61 3349 7.94
61 3350 7.94
61 3351 7.94
61 3352 7.94
61 3353 7.94
61 3354 7.94
61 3355 7.94
61 3356 7.94
61 3357 7.94
61 3358 7.94
61 3359 7.94
61 3360 7.94
62 3361 7.94
62 3362 7.94
62 3363 7.94
62 3364 7.94
62 3365 7.94
62 3366 7.94
62 3367 7.94
62 3368 7.94
62 3369 7.94
62 3370 7.94
62 3371 7.94
62 3372 7.94
62 3373 7.94
62 3374 7.94
62 3375 7.94
62 3376 7.94
62 3377 7.94
62 3378 7.94
62 3379 7.94
62 3380 7.94
62 3381 7.94
62 3382 7.94
62 3383 7.94
62 3384 7.94
62 3385 7.94
62 3386 7.94
62 3387 7.94
62 3388 7.94
62 3389 7.94
62 3390 7.94
62 3391 7.94
62 3392 7.94
62 3393 7.94
62 3394 7.94
62 3395 7.94
62 3396 7.94
62 3397 7.94
62 3398 7.94
62 3399 7.94
62 3400 7.94
62 3401 7.94
62 3402 7.94
62 3403 7.94
62 3404 7.94
62 3405 7.94
62 3406 7.94
62 3407 7.94
62 3408 7.94
62 3409 7.94
62 3410 7.94
62 3411 7.94
62 3412 7.94
62 3413 7.94
63 3414 7.94
63 3415 7.94
63 3416 7.94
63 3417 7.94
63 3418 7.94
63 3419 7.94
63 3420 7.94
63 3421 7.94
63 3422 7.94
63 3423 7.94
63 3424 7.94
63 3425 7.94
63 3426 7.94
63 3427 7.94
63 3428 7.94
63 3429 7.94
63 3430 7.94
63 3431 7.94
63 3432 7.94
63 3433 7.94
63 3434 7.94
63 3435 7.94
63 3436 7.94
63 3437 7.94
63 3438 7.94
63 3439 7.94
63 3440 7.94
63 3441 7.94
63 3442 7.94
63 3443 7.94
63 3444 7.94
63 3445 7.94
63 3446 7.94
63 3447 7.94
63 3448 7.94
63 3449 7.94
63 3450 7.94
63 3451 7.94
63 3452 7.94
63 3453 7.94
63 3454 7.94
63 3455 7.94
63 3456 7.94
63 3457 7.94
63 3458 7.94
63 3459 7.94
63 3460 7.94
63 3461 7.94
63 3462 7.94
63 3463 7.94
63 3464 7.94
63 3465 7.94
63 3466 7.94
64 3467 7.94
64 3468 7.94
64 3469 7.94
64 3470 7.94
64 3471 7.94
64 3472 7.94
64 3473 7.94
64 3474 7.94
64 3475 7.94
64 3476 7.94
64 3477 7.94
64 3478 7.94
64 3479 7.94
64 3480 7.94
64 3481 7.94
64 3482 7.94
64 3483 7.94
64 3484 7.94
64 3485 7.94
64 3486 7.94
64 3487 7.94
64 3488 7.94
64 3489 7.94
64 3490 7.94
64 3491 7.94
64 3492 7.94
64 3493 7.94
64 3494 7.94
64 3495 7.94
64 3496 7.94
64 3497 7.94
64 3498 7.94
64 3499 7.94
64 3500 7.94
64 3501 7.94
64 3502 7.94
64 3503 7.94
64 3504 7.94
64 3505 7.94
64 3506 7.94
64 3507 7.94
64 3508 7.94
64 3509 7.94
64 3510 7.94
64 3511 7.94
64 3512 7.94
64 3513 7.94
64 3514 7.94
64 3515 7.94
64 3516 7.94
64 3517 7.94
64 3518 7.94
64 3519 7.94
64 3520 7.94
64 3521 7.94
65 3522 7.94
65 3523 7.94
65 3524 7.94
65 3525 7.94
65 3526 7.94
65 3527 7.94
65 3528 7.94
65 3529 7.94
65 3530 7.94
65 3531 7.94
65 3532 7.94
65 3533 7.94
65 3534 7.94
65 3535 7.94
65 3536 7.94
65 3537 7.94
65 3538 7.94
65 3539 7.94
65 3540 7.94
65 3541 7.94
65 3542 7.94
65 3543 7.94
65 3544 7.94
65 3545 7.94
65 3546 7.94
65 3547 7.94
65 3548 7.94
65 3549 7.94
65 3550 7.94
65 3551 7.94
65 3552 7.94
65 3553 7.94
65 3554 7.94
65 3555 7.94
65 3556 7.94
65 3557 7.94
65 3558 7.94
65 3559 7.94
65 3560 7.94
65 3561 7.94
65 3562 7.94
65 3563 7.94
65 3564 7.94
65 3565 7.94
65 3566 7.94
65 3567 7.94
65 3568 7.94
65 3569 7.94
65 3570 7.94
65 3571 7.94
65 3572 7.94
65 3573 7.94
65 3574 7.94
66 3575 7.94
66 3576 7.94
66 3577 7.94
66 3578 7.94
66 3579 7.94
66 3580 7.94
66 3581 7.94
66 3582 7.94
66 3583 7.94
66 3584 7.94
66 3585 7.94
66 3586 7.94
66 3587 7.94
66 3588 7.94
66 3589 7.94
66 3590 7.94
66 3591 7.94
66 3592 7.94
66 3593 7.94
66 3594 7.94
66 3595 7.94
66 3596 7.94
66 3597 7.94
66 3598 7.94
66 3599 7.94
66 3600 7.94
66 3601 7.94
66 3602 7.94
66 3603 7.94
66 3604 7.94
66 3605 7.94
66 3606 7.94
66 3607 7.94
66 3608 7.94
66 3609 7.94
66 3610 7.94
66 3611 7.94
66 3612 7.94
66 3613 7.94
66 3614 7.94
66 3615 7.94
66 3616 7.94
66 3617 7.94
66 3618 7.94
66 3619 7.94
66 3620 7.94
66 3621 7.94
66 3622 7.94
66 3623 7.94
66 3624 7.94
66 3625 7.94
66 3626 7.94
67 3627 7.94
67 3628 7.94
67 3629 7.94
67 3630 7.94
67 3631 7.94
67 3632 7.94
67 3633 7.94
67 3634 7.94
67 3635 7.94
67 3636 7.94
67 3637 7.94
67 3638 7.94
67 3639 7.94
67 3640 7.94
67 3641 7.94
67 3642 7.94
67 3643 7.94
67 3644 7.94
67 3645 7.94
67 3646 7.94
67 3647 7.94
67 3648 7.94
67 3649 7.94
67 3650 7.94
67 3651 7.94
67 3652 7.94
67 3653 7.94
67 3654 7.94
67 3655 7.94
67 3656 7.94
67 3657 7.94
67 3658 7.94
67 3659 7.94
67 3660 7.94
67 3661 7.94
67 3662 7.94
67 3663 7.94
67 3664 7.94
67 3665 7.94
67 3666 7.94
67 3667 7.94
67 3668 7.94
67 3669 7.94
67 3670 7.94
67 3671 7.94
67 3672 7.94
67 3673 7.94
67 3674 7.94
67 3675 7.94
67 3676 7.94
67 3677 7.94
67 3678 7.94
67 3679 7.94
67 3680 7.94
67 3681 7.94
67 3682 7.94
68 3683 7.94
68 3684 7.94
68 3685 7.94
68 3686 7.94
68 3687 7.94
68 3688 7.94
68 3689 7.94
68 3690 7.94
68 3691 7.94
68 3692 7.94
68 3693 7.94
68 3694 7.94
68 3695 7.94
68 3696 7.94
68 3697 7.94
68 3698 7.94
68 3699 7.94
68 3700 7.94
68 3701 7.94
68 3702 7.94
68 3703 7.94
68 3704 7.94
68 3705 7.94
68 3706 7.94
68 3707 7.94
68 3708 7.94
68 3709 7.94
68 3710 7.94
68 3711 7.94
68 3712 7.94
68 3713 7.94
68 3714 7.94
68 3715 7.94
68 3716 7.94
68 3717 7.94
68 3718 7.94
68 3719 7.94
68 3720 7.94
68 3721 7.94
68 3722 7.94
68 3723 7.94
68 3724 7.94
68 3725 7.94
68 3726 7.94
68 3727 7.94
68 3728 7.94
68 3729 7.94
68 3730 7.94
68 3731 7.94
68 3732 7.94
68 3733 7.94
68 3734 7.94
68 3735 7.94
68 3736 7.94
68 3737 7.94
68 3738 7.94
69 3739 7.94
69 3740 7.94
69 3741 7.94
69 3742 7.94
69 3743 7.94
69 3744 7.94
69 3745 7.94
69 3746 7.94
69 3747 7.94
69 3748 7.94
69 3749 7.94
69 3750 7.94
69 3751 7.94
69 3752 7.94
69 3753 7.94
69 3754 7.94
69 3755 7.94
69 3756 7.94
69 3757 7.94
69 3758 7.94
69 3759 7.94
69 3760 7.94
69 3761 7.94
69 3762 7.94
69 3763 7.94
69 3764 7.94
69 3765 7.94
69 3766 7.94
69 3767 7.94
69 3768 7.94
69 3769 7.94
69 3770 7.94
69 3771 7.94
69 3772 7.94
69 3773 7.94
69 3774 7.94
69 3775 7.94
69 3776 7.94
69 3777 7.94
69 3778 7.94
69 3779 7.94
69 3780 7.94
69 3781 7.94
69 3782 7.94
69 3783 7.94
69 3784 7.94
69 3785 7.94
69 3786 7.94
69 3787 7.94
69 3788 7.94
69 3789 7.94
69 3790 7.94
69 3791 7.94
69 3792 7.94
70 3793 7.94
70 3794 7.94
70 3795 7.94
70 3796 7.94
70 3797 7.94
70 3798 7.94
70 3799 7.94
70 3800 7.94
70 3801 7.94
70 3802 7.94
70 3803 7.94
70 3804 7.94
70 3805 7.94
70 3806 7.94
70 3807 7.94
70 3808 7.94
70 3809 7.94
70 3810 7.94
70 3811 7.94
70 3812 7.94
70 3813 7.94
70 3814 7.94
70 3815 7.94
70 3816 7.94
70 3817 7.94
70 3818 7.94
70 3819 7.94
70 3820 7.94
70 3821 7.94
70 3822 7.94
70 3823 7.94
70 3824 7.94
70 3825 7.94
70 3826 7.94
70 3827 7.94
70 3828 7.94
70 3829 7.94
70 3830 7.94
70 3831 7.94
70 3832 7.94
70 3833 7.94
70 3834 7.94
70 3835 7.94
70 3836 7.94
70 3837 7.94
70 3838 7.94
70 3839 7.94
70 3840 7.94
70 3841 7.94
70 3842 7.94
70 3843 7.94
70 3844 7.94
70 3845 7.94
70 3846 7.94
71 3847 7.94
71 3848 7.94
71 3849 7.94
71 3850 7.94
71 3851 7.94
71 3852 7.94
71 3853 7.94
71 3854 7.94
71 3855 7.94
71 3856 7.94
71 3857 7.94
71 3858 7.94
71 3859 7.94
71 3860 7.94
71 3861 7.94
71 3862 7.94
71 3863 7.94
71 3864 7.94
71 3865 7.94
71 3866 7.94
71 3867 7.94
71 3868 7.94
71 3869 7.94
71 3870 7.94
71 3871 7.94
71 3872 7.94
71 3873 7.94
71 3874 7.94
71 3875 7.94
71 3876 7.94
71 3877 7.94
71 3878 7.94
71 3879 7.94
71 3880 7.94
71 3881 7.94
71 3882 7.94
71 3883 7.94
71 3884 7.94
71 3885 7.94
71 3886 7.94
71 3887 7.94
71 3888 7.94
71 3889 7.94
71 3890 7.94
71 3891 7.94
71 3892 7.94
71 3893 7.94
71 3894 7.94
71 3895 7.94
71 3896 7.94
71 3897 7.94
71 3898 7.94
71 3899 7.94
72 3900 7.94
72 3901 7.94
72 3902 7.94
72 3903 7.94
72 3904 7.94
72 3905 7.94
72 3906 7.94
72 3907 7.94
72 3908 7.94
72 3909 7.94
72 3910 7.94
72 3911 7.94
72 3912 7.94
72 3913 7.94
72 3914 7.94
72 3915 7.94
72 3916 7.94
72 3917 7.94
72 3918 7.94
72 3919 7.94
72 3920 7.94
72 3921 7.94
72 3922 7.94
72 3923 7.94
72 3924 7.94
72 3925 7.94
72 3926 7.94
72 3927 7.94
72 3928 7.94
72 3929 7.94
72 3930 7.94
72 3931 7.94
72 3932 7.94
72 3933 7.94
72 3934 7.94
72 3935 7.94
72 3936 7.94
72 3937 7.94
72 3938 7.94
72 3939 7.94
72 3940 7.94
72 3941 7.94
72 3942 7.94
72 3943 7.94
72 3944 7.94
72 3945 7.94
72 3946 7.94
72 3947 7.94
72 3948 7.94
72 3949 7.94
72 3950 7.94
72 3951 7.94
72 3952 7.94
72 3953 7.94
73 3954 7.94
73 3955 7.94
73 3956 7.94
73 3957 7.94
73 3958 7.94
73 3959 7.94
73 3960 7.94
73 3961 7.94
73 3962 7.94
73 3963 7.94
73 3964 7.94
73 3965 7.94
73 3966 7.94
73 3967 7.94
73 3968 7.94
73 3969 7.94
73 3970 7.94
73 3971 7.94
73 3972 7.94
73 3973 7.94
73 3974 7.94
73 3975 7.94
73 3976 7.94
73 3977 7.94
73 3978 7.94
73 3979 7.94
73 3980 7.94
73 3981 7.94
73 3982 7.94
73 3983 7.94
73 3984 7.94
73 3985 7.94
73 3986 7.94
73 3987 7.94
73 3988 7.94
73 3989 7.94
73 3990 7.94
73 3991 7.94
73 3992 7.94
73 3993 7.94
73 3994 7.94
73 3995 7.94
73 3996 7.94
73 3997 7.94
73 3998 7.94
73 3999 7.94
73 4000 7.94
73 4001 7.94
73 4002 7.94
73 4003 7.94
73 4004 7.94
73 4005 7.94
73 4006 7.94
73 4007 7.94
73 4008 7.94
74 4009 7.94
74 4010 7.94
74 4011 7.94
74 4012 7.94
74 4013 7.94
74 4014 7.94
74 4015 7.94
74 4016 7.94
74 4017 7.94
74 4018 7.94
74 4019 7.94
74 4020 7.94
74 4021 7.94
74 4022 7.94
74 4023 7.94
74 4024 7.94
74 4025 7.94
74 4026 7.94
74 4027 7.94
74 4028 7.94
74 4029 7.94
74 4030 7.94
74 4031 7.94
74 4032 7.94
74 4033 7.94
74 4034 7.94
74 4035 7.94
74 4036 7.94
74 4037 7.94
74 4038 7.94
74 4039 7.94
74 4040 7.94
74 4041 7.94
74 4042 7.94
74 4043 7.94
74 4044 7.94
74 4045 7.94
74 4046 7.94
74 4047 7.94
74 4048 7.94
74 4049 7.94
74 4050 7.94
74 4051 7.94
74 4052 7.94
74 4053 7.94
74 4054 7.94
74 4055 7.94
74 4056 7.94
74 4057 7.94
74 4058 7.94
74 4059 7.94
74 4060 7.94
74 4061 7.94
74 4062 7.94
74 4063 7.94
75 4064 7.94
75 4065 7.94
75 4066 7.94
75 4067 7.94
75 4068 7.94
75 4069 7.94
75 4070 7.94
75 4071 7.94
75 4072 7.94
75 4073 7.94
75 4074 7.94
75 4075 7.94
75 4076 7.94
75 4077 7.94
75 4078 7.94
75 4079 7.94
75 4080 7.94
75 4081 7.94
75 4082 7.94
75 4083 7.94
75 4084 7.94
75 4085 7.94
75 4086 7.94
75 4087 7.94
75 4088 7.94
75 4089 7.94
75 4090 7.94
75 4091 7.94
75 4092 7.94
75 4093 7.94
75 4094 7.94
75 4095 7.94
75 4096 7.94
75 4097 7.94
75 4098 7.94
75 4099 7.94
75 4100 7.94
75 4101 7.94
75 4102 7.94
75 4103 7.94
75 4104 7.94
75 4105 7.94
75 4106 7.94
75 4107 7.94
75 4108 7.94
75 4109 7.94
75 4110 7.94
75 4111 7.94
75 4112 7.94
75 4113 7.94
75 4114 7.94
75 4115 7.94
75 4116 7.94
75 4117 7.94
75 4118 7.94
75 4119 7.94
76 4120 7.94
76 4121 7.94
76 4122 7.94
76 4123 7.94
76 4124 7.94
76 4125 7.94
76 4126 7.94
76 4127 7.94
76 4128 7.94
76 4129 7.94
76 4130 7.94
76 4131 7.94
76 4132 7.94
76 4133 7.94
76 4134 7.94
76 4135 7.94
76 4136 7.94
76 4137 7.94
76 4138 7.94
76 4139 7.94
76 4140 7.94
76 4141 7.94
76 4142 7.94
76 4143 7.94
76 4144 7.94
76 4145 7.94
76 4146 7.94
76 4147 7.94
76 4148 7.94
76 4149 7.94
76 4150 7.94
76 4151 7.94
76 4152 7.94
76 4153 7.94
76 4154 7.94
76 4155 7.94
76 4156 7.94
76 4157 7.94
76 4158 7.94
76 4159 7.94
76 4160 7.94
76 4161 7.94
76 4162 7.94
76 4163 7.94
76 4164 7.94
76 4165 7.94
76 4166 7.94
76 4167 7.94
76 4168 7.94
76 4169 7.94
76 4170 7.94
76 4171 7.94
76 4172 7.94
76 4173 7.94
77 4174 7.94
77 4175 7.94
77 4176 7.94
77 4177 7.94
77 4178 7.94
77 4179 7.94
77 4180 7.94
77 4181 7.94
77 4182 7.94
77 4183 7.94
77 4184 7.94
77 4185 7.94
77 4186 7.94
77 4187 7.94
77 4188 7.94
77 4189 7.94
77 4190 7.94
77 4191 7.94
77 4192 7.94
77 4193 7.94
77 4194 7.94
77 4195 7.94
77 4196 7.94
77 4197 7.94
77 4198 7.94
77 4199 7.94
77 4200 7.94
77 4201 7.94
77 4202 7.94
77 4203 7.94
77 4204 7.94
77 4205 7.94
77 4206 7.94
77 4207 7.94
77 4208 7.94
77 4209 7.94
77 4210 7.94
77 4211 7.94
77 4212 7.94
77 4213 7.94
77 4214 7.94
77 4215 7.94
77 4216 7.94
77 4217 7.94
77 4218 7.94
77 4219 7.94
77 4220 7.94
77 4221 7.94
77 4222 7.94
77 4223 7.94
77 4224 7.94
77 4225 7.94
77 4226 7.94
77 4227 7.94
77 4228 7.94
78 4229 7.94
78 4230 7.94
78 4231 7.94
78 4232 7.94
78 4233 7.94
78 4234 7.94
78 4235 7.94
78 4236 7.94
78 4237 7.94
78 4238 7.94
78 4239 7.94
78 4240 7.94
78 4241 7.94
78 4242 7.94
78 4243 7.94
78 4244 7.94
78 4245 7.94
78 4246 7.94
78 4247 7.94
78 4248 7.94
78 4249 7.94
78 4250 7.94
78 4251 7.94
78 4252 7.94
78 4253 7.94
78 4254 7.94
78 4255 7.94
78 4256 7.94
78 4257 7.94
78 4258 7.94
78 4259 7.94
78 4260 7.94
78 4261 7.94
78 4262 7.94
78 4263 7.94
78 4264 7.94
78 4265 7.94
78 4266 7.94
78 4267 7.94
78 4268 7.94
78 4269 7.94
78 4270 7.94
78 4271 7.94
78 4272 7.94
78 4273 7.94
78 4274 7.94
78 4275 7.94
78 4276 7.94
78 4277 7.94
78 4278 7.94
78 4279 7.94
78 4280 7.94
78 4281 7.94
78 4282 7.94
78 4283 7.94
78 4284 7.94
78 4285 7.94
78 4286 7.94
79 4287 7.94
79 4288 7.94
79 4289 7.94
79 4290 7.94
79 4291 7.94
79 4292 7.94
79 4293 7.94
79 4294 7.94
79 4295 7.94
79 4296 7.94
79 4297 7.94
79 4298 7.94
79 4299 7.94
79 4300 7.94
79 4301 7.94
79 4302 7.94
79 4303 7.94
79 4304 7.94
79 4305 7.94
79 4306 7.94
79 4307 7.94
79 4308 7.94
79 4309 7.94
79 4310 7.94
79 4311 7.94
79 4312 7.94
79 4313 7.94
79 4314 7.94
79 4315 7.94
79 4316 7.94
79 4317 7.94
79 4318 7.94
79 4319 7.94
79 4320 7.94
79 4321 7.94
79 4322 7.94
79 4323 7.94
79 4324 7.94
79 4325 7.94
79 4326 7.94
79 4327 7.94
79 4328 7.94
79 4329 7.94
79 4330 7.94
79 4331 7.94
79 4332 7.94
79 4333 7.94
79 4334 7.94
79 4335 7.94
79 4336 7.94
79 4337 7.94
79 4338 7.94
79 4339 7.94
79 4340 7.94
79 4341 7.94
80 4342 7.94
80 4343 7.94
80 4344 7.94
80 4345 7.94
80 4346 7.94
80 4347 7.94
80 4348 7.94
80 4349 7.94
80 4350 7.94
80 4351 7.94
80 4352 7.94
80 4353 7.94
80 4354 7.94
80 4355 7.94
80 4356 7.94
80 4357 7.94
80 4358 7.94
80 4359 7.94
80 4360 7.94
80 4361 7.94
80 4362 7.94
80 4363 7.94
80 4364 7.94
80 4365 7.94
80 4366 7.94
80 4367 7.94
80 4368 7.94
80 4369 7.94
80 4370 7.94
80 4371 7.94
80 4372 7.94
80 4373 7.94
80 4374 7.94
80 4375 7.94
80 4376 7.94
80 4377 7.94
80 4378 7.94
80 4379 7.94
80 4380 7.94
80 4381 7.94
80 4382 7.94
80 4383 7.94
80 4384 7.94
80 4385 7.94
80 4386 7.94
80 4387 7.94
80 4388 7.94
80 4389 7.94
80 4390 7.94
80 4391 7.94
80 4392 7.94
80 4393 7.94
80 4394 7.94
80 4395 7.94
80 4396 7.94
80 4397 7.94
80 4398 7.94
81 4399 7.94
81 4400 7.94
81 4401 7.94
81 4402 7.94
81 4403 7.94
81 4404 7.94
81 4405 7.94
81 4406 7.94
81 4407 7.94
81 4408 7.94
81 4409 7.94
81 4410 7.94
81 4411 7.94
81 4412 7.94
81 4413 7.94
81 4414 7.94
81 4415 7.94
81 4416 7.94
81 4417 7.94
81 4418 7.94
81 4419 7.94
81 4420 7.94
81 4421 7.94
81 4422 7.94
81 4423 7.94
81 4424 7.94
81 4425 7.94
81 4426 7.94
81 4427 7.94
81 4428 7.94
81 4429 7.94
81 4430 7.94
81 4431 7.94
81 4432 7.94
81 4433 7.94
81 4434 7.94
81 4435 7.94
81 4436 7.94
81 4437 7.94
81 4438 7.94
81 4439 7.94
81 4440 7.94
81 4441 7.94
81 4442 7.94
81 4443 7.94
81 4444 7.94
81 4445 7.94
81 4446 7.94
81 4447 7.94
81 4448 7.94
81 4449 7.94
81 4450 7.94
81 4451 7.94
81 4452 7.94
81 4453 7.94
81 4454 7.94
81 4455 7.94
81 4456 7.94
81 4457 7.94
82 4458 7.94
82 4459 7.94
82 4460 7.94
82 4461 7.94
82 4462 7.94
82 4463 7.94
82 4464 7.94
82 4465 7.94
82 4466 7.94
82 4467 7.94
82 4468 7.94
82 4469 7.94
82 4470 7.94
82 4471 7.94
82 4472 7.94
82 4473 7.94
82 4474 7.94
82 4475 7.94
82 4476 7.94
82 4477 7.94
82 4478 7.94
82 4479 7.94
82 4480 7.94
82 4481 7.94
82 4482 7.94
82 4483 7.94
82 4484 7.94
82 4485 7.94
82 4486 7.94
82 4487 7.94
82 4488 7.94
82 4489 7.94
82 4490 7.94
82 4491 7.94
82 4492 7.94
82 4493 7.94
82 4494 7.94
82 4495 7.94
82 4496 7.94
82 4497 7.94
82 4498 7.94
82 4499 7.94
82 4500 7.94
82 4501 7.94
82 4502 7.94
82 4503 7.94
82 4504 7.94
82 4505 7.94
82 4506 7.94
82 4507 7.94
82 4508 7.94
82 4509 7.94
82 4510 7.94
82 4511 7.94
82 4512 7.94
82 4513 7.94
82 4514 7.94
83 4515 7.94
83 4516 7.94
83 4517 7.94
83 4518 7.94
83 4519 7.94
83 4520 7.94
83 4521 7.94
83 4522 7.94
83 4523 7.94
83 4524 7.94
83 4525 7.94
83 4526 7.94
83 4527 7.94
83 4528 7.94
83 4529 7.94
83 4530 7.94
83 4531 7.94
83 4532 7.94
83 4533 7.94
83 4534 7.94
83 4535 7.94
83 4536 7.94
83 4537 7.94
83 4538 7.94
83 4539 7.94
83 4540 7.94
83 4541 7.94
83 4542 7.94
83 4543 7.94
83 4544 7.94
83 4545 7.94
83 4546 7.94
83 4547 7.94
83 4548 7.94
83 4549 7.94
83 4550 7.94
83 4551 7.94
83 4552 7.94
83 4553 7.94
83 4554 7.94
83 4555 7.94
83 4556 7.94
83 4557 7.94
83 4558 7.94
83 4559 7.94
83 4560 7.94
83 4561 7.94
83 4562 7.94
83 4563 7.94
83 4564 7.94
83 4565 7.94
83 4566 7.94
83 4567 7.94
83 4568 7.94
84 4569 7.94
84 4570 7.94
84 4571 7.94
84 4572 7.94
84 4573 7.94
84 4574 7.94
84 4575 7.94
84 4576 7.94
84 4577 7.94
84 4578 7.94
84 4579 7.94
84 4580 7.94
84 4581 7.94
84 4582 7.94
84 4583 7.94
84 4584 7.94
84 4585 7.94
84 4586 7.94
84 4587 7.94
84 4588 7.94
84 4589 7.94
84 4590 7.94
84 4591 7.94
84 4592 7.94
84 4593 7.94
84 4594 7.94
84 4595 7.94
84 4596 7.94
84 4597 7.94
84 4598 7.94
84 4599 7.94
84 4600 7.94
84 4601 7.94
84 4602 7.94
84 4603 7.94
84 4604 7.94
84 4605 7.94
84 4606 7.94
84 4607 7.94
84 4608 7.94
84 4609 7.94
84 4610 7.94
84 4611 7.94
84 4612 7.94
84 4613 7.94
84 4614 7.94
84 4615 7.94
84 4616 7.94
84 4617 7.94
84 4618 7.94
84 4619 7.94
84 4620 7.94
84 4621 7.94
84 4622 7.94
84 4623 7.94
84 4624 7.94
84 4625 7.94
84 4626 7.94
85 4627 7.94
85 4628 7.94
85 4629 7.94
85 4630 7.94
85 4631 7.94
85 4632 7.94
85 4633 7.94
85 4634 7.94
85 4635 7.94
85 4636 7.94
85 4637 7.94
85 4638 7.94
85 4639 7.94
85 4640 7.94
85 4641 7.94
85 4642 7.94
85 4643 7.94
85 4644 7.94
85 4645 7.94
85 4646 7.94
85 4647 7.94
85 4648 7.94
85 4649 7.94
85 4650 7.94
85 4651 7.94
85 4652 7.94
85 4653 7.94
85 4654 7.94
85 4655 7.94
85 4656 7.94
85 4657 7.94
85 4658 7.94
85 4659 7.94
85 4660 7.94
85 4661 7.94
85 4662 7.94
85 4663 7.94
85 4664 7.94
85 4665 7.94
85 4666 7.94
85 4667 7.94
85 4668 7.94
85 4669 7.94
85 4670 7.94
85 4671 7.94
85 4672 7.94
85 4673 7.94
85 4674 7.94
85 4675 7.94
85 4676 7.94
85 4677 7.94
85 4678 7.94
85 4679 7.94
85 4680 7.94
86 4681 7.94
86 4682 7.94
86 4683 7.94
86 4684 7.94
86 4685 7.94
86 4686 7.94
86 4687 7.94
86 4688 7.94
86 4689 7.94
86 4690 7.94
86 4691 7.94
86 4692 7.94
86 4693 7.94
86 4694 7.94
86 4695 7.94
86 4696 7.94
86 4697 7.94
86 4698 7.94
86 4699 7.94
86 4700 7.94
86 4701 7.94
86 4702 7.94
86 4703 7.94
86 4704 7.94
86 4705 7.94
86 4706 7.94
86 4707 7.94
86 4708 7.94
86 4709 7.94
86 4710 7.94
86 4711 7.94
86 4712 7.94
86 4713 7.94
86 4714 7.94
86 4715 7.94
86 4716 7.94
86 4717 7.94
86 4718 7.94
86 4719 7.94
86 4720 7.94
86 4721 7.94
86 4722 7.94
86 4723 7.94
86 4724 7.94
86 4725 7.94
86 4726 7.94
86 4727 7.94
86 4728 7.94
86 4729 7.94
86 4730 7.94
86 4731 7.94
86 4732 7.94
86 4733 7.94
86 4734 7.94
86 4735 7.94
87 4736 7.94
87 4737 7.94
87 4738 7.94
87 4739 7.94
87 4740 7.94
87 4741 7.94
87 4742 7.94
87 4743 7.94
87 4744 7.94
87 4745 7.94
87 4746 7.94
87 4747 7.94
87 4748 7.94
87 4749 7.94
87 4750 7.94
87 4751 7.94
87 4752 7.94
87 4753 7.94
87 4754 7.94
87 4755 7.94
87 4756 7.94
87 4757 7.94
87 4758 7.94
87 4759 7.94
87 4760 7.94
87 4761 7.94
87 4762 7.94
87 4763 7.94
87 4764 7.94
87 4765 7.94
87 4766 7.94
87 4767 7.94
87 4768 7.94
87 4769 7.94
87 4770 7.94
87 4771 7.94
87 4772 7.94
87 4773 7.94
87 4774 7.94
87 4775 7.94
87 4776 7.94
87 4777 7.94
87 4778 7.94
87 4779 7.94
87 4780 7.94
87 4781 7.94
87 4782 7.94
87 4783 7.94
87 4784 7.94
87 4785 7.94
87 4786 7.94
87 4787 7.94
87 4788 7.94
87 4789 7.94
87 4790 7.94
87 4791 7.94
88 4792 7.94
88 4793 7.94
88 4794 7.94
88 4795 7.94
88 4796 7.94
88 4797 7.94
88 4798 7.94
88 4799 7.94
88 4800 7.94
88 4801 7.94
88 4802 7.94
88 4803 7.94
88 4804 7.94
88 4805 7.94
88 4806 7.94
88 4807 7.94
88 4808 7.94
88 4809 7.94
88 4810 7.94
88 4811 7.94
88 4812 7.94
88 4813 7.94
88 4814 7.94
88 4815 7.94
88 4816 7.94
88 4817 7.94
88 4818 7.94
88 4819 7.94
88 4820 7.94
88 4821 7.94
88 4822 7.94
88 4823 7.94
88 4824 7.94
88 4825 7.94
88 4826 7.94
88 4827 7.94
88 4828 7.94
88 4829 7.94
88 4830 7.94
88 4831 7.94
88 4832 7.94
88 4833 7.94
88 4834 7.94
88 4835 7.94
88 4836 7.94
88 4837 7.94
88 4838 7.94
88 4839 7.94
88 4840 7.94
88 4841 7.94
88 4842 7.94
88 4843 7.94
88 4844 7.94
88 4845 7.94
88 4846 7.94
89 4847 7.94
89 4848 7.94
89 4849 7.94
89 4850 7.94
89 4851 7.94
89 4852 7.94
89 4853 7.94
89 4854 7.94
89 4855 7.94
89 4856 7.94
89 4857 7.94
89 4858 7.94
89 4859 7.94
89 4860 7.94
89 4861 7.94
89 4862 7.94
89 4863 7.94
89 4864 7.94
89 4865 7.94
89 4866 7.94
89 4867 7.94
89 4868 7.94
89 4869 7.94
89 4870 7.94
89 4871 7.94
89 4872 7.94
89 4873 7.94
89 4874 7.94
89 4875 7.94
89 4876 7.94
89 4877 7.94
89 4878 7.94
89 4879 7.94
89 4880 7.94
89 4881 7.94
89 4882 7.94
89 4883 7.94
89 4884 7.94
89 4885 7.94
89 4886 7.94
89 4887 7.94
89 4888 7.94
89 4889 7.94
89 4890 7.94
89 4891 7.94
89 4892 7.94
89 4893 7.94
89 4894 7.94
89 4895 7.94
89 4896 7.94
89 4897 7.94
89 4898 7.94
89 4899 7.94
89 4900 7.94
90 4901 7.94
90 4902 7.94
90 4903 7.94
90 4904 7.94
90 4905 7.94
90 4906 7.94
90 4907 7.94
90 4908 7.94
90 4909 7.94
90 4910 7.94
90 4911 7.94
90 4912 7.94
90 4913 7.94
90 4914 7.94
90 4915 7.94
90 4916 7.94
90 4917 7.94
90 4918 7.94
90 4919 7.94
90 4920 7.94
90 4921 7.94
90 4922 7.94
90 4923 7.94
90 4924 7.94
90 4925 7.94
90 4926 7.94
90 4927 7.94
90 4928 7.94
90 4929 7.94
90 4930 7.94
90 4931 7.94
90 4932 7.94
90 4933 7.94
90 4934 7.94
90 4935 7.94
90 4936 7.94
90 4937 7.94
90 4938 7.94
90 4939 7.94
90 4940 7.94
90 4941 7.94
90 4942 7.94
90 4943 7.94
90 4944 7.94
90 4945 7.94
90 4946 7.94
90 4947 7.94
90 4948 7.94
90 4949 7.94
90 4950 7.94
90 4951 7.94
90 4952 7.94
90 4953 7.94
90 4954 7.94
90 4955 7.94
90 4956 7.94
90 4957 7.94
90 4958 7.94
90 4959 7.94
91 4960 7.94
91 4961 7.94
91 4962 7.94
91 4963 7.94
91 4964 7.94
91 4965 7.94
91 4966 7.94
91 4967 7.94
91 4968 7.94
91 4969 7.94
91 4970 7.94
91 4971 7.94
91 4972 7.94
91 4973 7.94
91 4974 7.94
91 4975 7.94
91 4976 7.94
91 4977 7.94
91 4978 7.94
91 4979 7.94
91 4980 7.94
91 4981 7.94
91 4982 7.94
91 4983 7.94
91 4984 7.94
91 4985 7.94
91 4986 7.94
91 4987 7.94
91 4988 7.94
91 4989 7.94
91 4990 7.94
91 4991 7.94
91 4992 7.94
91 4993 7.94
91 4994 7.94
91 4995 7.94
91 4996 7.94
91 4997 7.94
91 4998 7.94
91 4999 7.94
91 5000 7.94
91 5001 7.94
91 5002 7.94
91 5003 7.94
91 5004 7.94
91 5005 7.94
91 5006 7.94
91 5007 7.94
91 5008 7.94
91 5009 7.94
91 5010 7.94
91 5011 7.94
91 5012 7.94
91 5013 7.94
91 5014 7.94
92 5015 7.94
92 5016 7.94
92 5017 7.94
92 5018 7.94
92 5019 7.94
92 5020 7.94
92 5021 7.94
92 5022 7.94
92 5023 7.94
92 5024 7.94
92 5025 7.94
92 5026 7.94
92 5027 7.94
92 5028 7.94
92 5029 7.94
92 5030 7.94
92 5031 7.94
92 5032 7.94
92 5033 7.94
92 5034 7.94
92 5035 7.94
92 5036 7.94
92 5037 7.94
92 5038 7.94
92 5039 7.94
92 5040 7.94
92 5041 7.94
92 5042 7.94
92 5043 7.94
92 5044 7.94
92 5045 7.94
92 5046 7.94
92 5047 7.94
92 5048 7.94
92 5049 7.94
92 5050 7.94
92 5051 7.94
92 5052 7.94
92 5053 7.94
92 5054 7.94
92 5055 7.94
92 5056 7.94
92 5057 7.94
92 5058 7.94
92 5059 7.94
92 5060 7.94
92 5061 7.94
92 5062 7.94
92 5063 7.94
92 5064 7.94
92 5065 7.94
92 5066 7.94
92 5067 7.94
92 5068 7.94
92 5069 7.94
92 5070 7.94
93 5071 7.94
93 5072 7.94
93 5073 7.94
93 5074 7.94
93 5075 7.94
93 5076 7.94
93 5077 7.94
93 5078 7.94
93 5079 7.94
93 5080 7.94
93 5081 7.94
93 5082 7.94
93 5083 7.94
93 5084 7.94
93 5085 7.94
93 5086 7.94
93 5087 7.94
93 5088 7.94
93 5089 7.94
93 5090 7.94
93 5091 7.94
93 5092 7.94
93 5093 7.94
93 5094 7.94
93 5095 7.94
93 5096 7.94
93 5097 7.94
93 5098 7.94
93 5099 7.94
93 5100 7.94
93 5101 7.94
93 5102 7.94
93 5103 7.94
93 5104 7.94
93 5105 7.94
93 5106 7.94
93 5107 7.94
93 5108 7.94
93 5109 7.94
93 5110 7.94
93 5111 7.94
93 5112 7.94
93 5113 7.94
93 5114 7.94
93 5115 7.94
93 5116 7.94
93 5117 7.94
93 5118 7.94
93 5119 7.94
93 5120 7.94
93 5121 7.94
93 5122 7.94
93 5123 7.94
93 5124 7.94
93 5125 7.94
93 5126 7.94
94 5127 7.94
94 5128 7.94
94 5129 7.94
94 5130 7.94
94 5131 7.94
94 5132 7.94
94 5133 7.94
94 5134 7.94
94 5135 7.94
94 5136 7.94
94 5137 7.94
94 5138 7.94
94 5139 7.94
94 5140 7.94
94 5141 7.94
94 5142 7.94
94 5143 7.94
94 5144 7.94
94 5145 7.94
94 5146 7.94
94 5147 7.94
94 5148 7.94
94 5149 7.94
94 5150 7.94
94 5151 7.94
94 5152 7.94
94 5153 7.94
94 5154 7.94
94 5155 7.94
94 5156 7.94
94 5157 7.94
94 5158 7.94
94 5159 7.94
94 5160 7.94
94 5161 7.94
94 5162 7.94
94 5163 7.94
94 5164 7.94
94 5165 7.94
94 5166 7.94
94 5167 7.94
94 5168 7.94
94 5169 7.94
94 5170 7.94
94 5171 7.94
94 5172 7.94
94 5173 7.94
94 5174 7.94
94 5175 7.94
94 5176 7.94
94 5177 7.94
94 5178 7.94
94 5179 7.94
94 5180 7.94
94 5181 7.94
95 5182 7.94
95 5183 7.94
95 5184 7.94
95 5185 7.94
95 5186 7.94
95 5187 7.94
95 5188 7.94
95 5189 7.94
95 5190 7.94
95 5191 7.94
95 5192 7.94
95 5193 7.94
95 5194 7.94
95 5195 7.94
95 5196 7.94
95 5197 7.94
95 5198 7.94
95 5199 7.94
95 5200 7.94
95 5201 7.94
95 5202 7.94
95 5203 7.94
95 5204 7.94
95 5205 7.94
95 5206 7.94
95 5207 7.94
95 5208 7.94
95 5209 7.94
95 5210 7.94
95 5211 7.94
95 5212 7.94
95 5213 7.94
95 5214 7.94
95 5215 7.94
95 5216 7.94
95 5217 7.94
95 5218 7.94
95 5219 7.94
95 5220 7.94
95 5221 7.94
95 5222 7.94
95 5223 7.94
95 5224 7.94
95 5225 7.94
95 5226 7.94
95 5227 7.94
95 5228 7.94
95 5229 7.94
95 5230 7.94
95 5231 7.94
95 5232 7.94
95 5233 7.94
95 5234 7.94
96 5235 7.94
96 5236 7.94
96 5237 7.94
96 5238 7.94
96 5239 7.94
96 5240 7.94
96 5241 7.94
96 5242 7.94
96 5243 7.94
96 5244 7.94
96 5245 7.94
96 5246 7.94
96 5247 7.94
96 5248 7.94
96 5249 7.94
96 5250 7.94
96 5251 7.94
96 5252 7.94
96 5253 7.94
96 5254 7.94
96 5255 7.94
96 5256 7.94
96 5257 7.94
96 5258 7.94
96 5259 7.94
96 5260 7.94
96 5261 7.94
96 5262 7.94
96 5263 7.94
96 5264 7.94
96 5265 7.94
96 5266 7.94
96 5267 7.94
96 5268 7.94
96 5269 7.94
96 5270 7.94
96 5271 7.94
96 5272 7.94
96 5273 7.94
96 5274 7.94
96 5275 7.94
96 5276 7.94
96 5277 7.94
96 5278 7.94
96 5279 7.94
96 5280 7.94
96 5281 7.94
96 5282 7.94
96 5283 7.94
96 5284 7.94
96 5285 7.94
96 5286 7.94
96 5287 7.94
96 5288 7.94
97 5289 7.94
97 5290 7.94
97 5291 7.94
97 5292 7.94
97 5293 7.94
97 5294 7.94
97 5295 7.94
97 5296 7.94
97 5297 7.94
97 5298 7.94
97 5299 7.94
97 5300 7.94
97 5301 7.94
97 5302 7.94
97 5303 7.94
97 5304 7.94
97 5305 7.94
97 5306 7.94
97 5307 7.94
97 5308 7.94
97 5309 7.94
97 5310 7.94
97 5311 7.94
97 5312 7.94
97 5313 7.94
97 5314 7.94
97 5315 7.94
97 5316 7.94
97 5317 7.94
97 5318 7.94
97 5319 7.94
97 5320 7.94
97 5321 7.94
97 5322 7.94
97 5323 7.94
97 5324 7.94
97 5325 7.94
97 5326 7.94
97 5327 7.94
97 5328 7.94
97 5329 7.94
97 5330 7.94
97 5331 7.94
97 5332 7.94
97 5333 7.94
97 5334 7.94
97 5335 7.94
97 5336 7.94
97 5337 7.94
97 5338 7.94
97 5339 7.94
97 5340 7.94
97 5341 7.94
97 5342 7.94
97 5343 7.94
97 5344 7.94
98 5345 7.94
98 5346 7.94
98 5347 7.94
98 5348 7.94
98 5349 7.94
98 5350 7.94
98 5351 7.94
98 5352 7.94
98 5353 7.94
98 5354 7.94
98 5355 7.94
98 5356 7.94
98 5357 7.94
98 5358 7.94
98 5359 7.94
98 5360 7.94
98 5361 7.94
98 5362 7.94
98 5363 7.94
98 5364 7.94
98 5365 7.94
98 5366 7.94
98 5367 7.94
98 5368 7.94
98 5369 7.94
98 5370 7.94
98 5371 7.94
98 5372 7.94
98 5373 7.94
98 5374 7.94
98 5375 7.94
98 5376 7.94
98 5377 7.94
98 5378 7.94
98 5379 7.94
98 5380 7.94
98 5381 7.94
98 5382 7.94
98 5383 7.94
98 5384 7.94
98 5385 7.94
98 5386 7.94
98 5387 7.94
98 5388 7.94
98 5389 7.94
98 5390 7.94
98 5391 7.94
98 5392 7.94
98 5393 7.94
98 5394 7.94
98 5395 7.94
99 5396 7.94
99 5397 7.94
99 5398 7.94
99 5399 7.94
99 5400 7.94
99 5401 7.94
99 5402 7.94
99 5403 7.94
99 5404 7.94
99 5405 7.94
99 5406 7.94
99 5407 7.94
99 5408 7.94
99 5409 7.94
99 5410 7.94
99 5411 7.94
99 5412 7.94
99 5413 7.94
99 5414 7.94
99 5415 7.94
99 5416 7.94
99 5417 7.94
99 5418 7.94
99 5419 7.94
99 5420 7.94
99 5421 7.94
99 5422 7.94
99 5423 7.94
99 5424 7.94
99 5425 7.94
99 5426 7.94
99 5427 7.94
99 5428 7.94
99 5429 7.94
99 5430 7.94
99 5431 7.94
99 5432 7.94
99 5433 7.94
99 5434 7.94
99 5435 7.94
99 5436 7.94
99 5437 7.94
99 5438 7.94
99 5439 7.94
99 5440 7.94
99 5441 7.94
99 5442 7.94
99 5443 7.94
99 5444 7.94
99 5445 7.94
99 5446 7.94
99 5447 7.94
99 5448 7.94
99 5449 7.94
99 5450 7.94
100 5451 7.94
100 5452 7.94
100 5453 7.94
100 5454 7.94
100 5455 7.94
100 5456 7.94
100 5457 7.94
100 5458 7.94
100 5459 7.94
100 5460 7.94
100 5461 7.94
100 5462 7.94
100 5463 7.94
100 5464 7.94
100 5465 7.94
100 5466 7.94
100 5467 7.94
100 5468 7.94
100 5469 7.94
100 5470 7.94
100 5471 7.94
100 5472 7.94
100 5473 7.94
100 5474 7.94
100 5475 7.94
100 5476 7.94
100 5477 7.94
100 5478 7.94
100 5479 7.94
100 5480 7.94
100 5481 7.94
100 5482 7.94
100 5483 7.94
100 5484 7.94
100 5485 7.94
100 5486 7.94
100 5487 7.94
100 5488 7.94
100 5489 7.94
100 5490 7.94
100 5491 7.94
100 5492 7.94
100 5493 7.94
100 5494 7.94
100 5495 7.94
100 5496 7.94
100 5497 7.94
100 5498 7.94
100 5499 7.94
100 5500 7.94
100 5501 7.94
100 5502 7.94
100 5503 7.94
100 5504 7.94
100 5505 7.94
101 5506 7.94
101 5507 7.94
101 5508 7.94
101 5509 7.94
101 5510 7.94
101 5511 7.94
101 5512 7.94
101 5513 7.94
101 5514 7.94
101 5515 7.94
101 5516 7.94
101 5517 7.94
101 5518 7.94
101 5519 7.94
101 5520 7.94
101 5521 7.94
101 5522 7.94
101 5523 7.94
101 5524 7.94
101 5525 7.94
101 5526 7.94
101 5527 7.94
101 5528 7.94
101 5529 7.94
101 5530 7.94
101 5531 7.94
101 5532 7.94
101 5533 7.94
101 5534 7.94
101 5535 7.94
101 5536 7.94
101 5537 7.94
101 5538 7.94
101 5539 7.94
101 5540 7.94
101 5541 7.94
101 5542 7.94
101 5543 7.94
101 5544 7.94
101 5545 7.94
101 5546 7.94
101 5547 7.94
101 5548 7.94
101 5549 7.94
101 5550 7.94
101 5551 7.94
101 5552 7.94
101 5553 7.94
101 5554 7.94
101 5555 7.94
101 5556 7.94
101 5557 7.94
101 5558 7.94
101 5559 7.94
101 5560 7.94
101 5561 7.94
101 5562 7.94
102 5563 7.94
102 5564 7.94
102 5565 7.94
102 5566 7.94
102 5567 7.94
102 5568 7.94
102 5569 7.94
102 5570 7.94
102 5571 7.94
102 5572 7.94
102 5573 7.94
102 5574 7.94
102 5575 7.94
102 5576 7.94
102 5577 7.94
102 5578 7.94
102 5579 7.94
102 5580 7.94
102 5581 7.94
102 5582 7.94
102 5583 7.94
102 5584 7.94
102 5585 7.94
102 5586 7.94
102 5587 7.94
102 5588 7.94
102 5589 7.94
102 5590 7.94
102 5591 7.94
102 5592 7.94
102 5593 7.94
102 5594 7.94
102 5595 7.94
102 5596 7.94
102 5597 7.94
102 5598 7.94
102 5599 7.94
102 5600 7.94
102 5601 7.94
102 5602 7.94
102 5603 7.94
102 5604 7.94
102 5605 7.94
102 5606 7.94
102 5607 7.94
102 5608 7.94
102 5609 7.94
102 5610 7.94
102 5611 7.94
102 5612 7.94
102 5613 7.94
102 5614 7.94
102 5615 7.94
103 5616 7.94
103 5617 7.94
103 5618 7.94
103 5619 7.94
103 5620 7.94
103 5621 7.94
103 5622 7.94
103 5623 7.94
103 5624 7.94
103 5625 7.94
103 5626 7.94
103 5627 7.94
103 5628 7.94
103 5629 7.94
103 5630 7.94
103 5631 7.94
103 5632 7.94
103 5633 7.94
103 5634 7.94
103 5635 7.94
103 5636 7.94
103 5637 7.94
103 5638 7.94
103 5639 7.94
103 5640 7.94
103 5641 7.94
103 5642 7.94
103 5643 7.94
103 5644 7.94
103 5645 7.94
103 5646 7.94
103 5647 7.94
103 5648 7.94
103 5649 7.94
103 5650 7.94
103 5651 7.94
103 5652 7.94
103 5653 7.94
103 5654 7.94
103 5655 7.94
103 5656 7.94
103 5657 7.94
103 5658 7.94
103 5659 7.94
103 5660 7.94
103 5661 7.94
103 5662 7.94
103 5663 7.94
103 5664 7.94
103 5665 7.94
103 5666 7.94
103 5667 7.94
103 5668 7.94
103 5669 7.94
103 5670 7.94
103 5671 7.94
104 5672 7.94
104 5673 7.94
104 5674 7.94
104 5675 7.94
104 5676 7.94
104 5677 7.94
104 5678 7.94
104 5679 7.94
104 5680 7.94
104 5681 7.94
104 5682 7.94
104 5683 7.94
104 5684 7.94
104 5685 7.94
104 5686 7.94
104 5687 7.94
104 5688 7.94
104 5689 7.94
104 5690 7.94
104 5691 7.94
104 5692 7.94
104 5693 7.94
104 5694 7.94
104 5695 7.94
104 5696 7.94
104 5697 7.94
104 5698 7.94
104 5699 7.94
104 5700 7.94
104 5701 7.94
104 5702 7.94
104 5703 7.94
104 5704 7.94
104 5705 7.94
104 5706 7.94
104 5707 7.94
104 5708 7.94
104 5709 7.94
104 5710 7.94
104 5711 7.94
104 5712 7.94
104 5713 7.94
104 5714 7.94
104 5715 7.94
104 5716 7.94
104 5717 7.94
104 5718 7.94
104 5719 7.94
104 5720 7.94
104 5721 7.94
104 5722 7.94
104 5723 7.94
104 5724 7.94
104 5725 7.94
104 5726 7.94
104 5727 7.94
104 5728 7.94
104 5729 7.94
105 5730 7.94
105 5731 7.94
105 5732 7.94
105 5733 7.94
105 5734 7.94
105 5735 7.94
105 5736 7.94
105 5737 7.94
105 5738 7.94
105 5739 7.94
105 5740 7.94
105 5741 7.94
105 5742 7.94
105 5743 7.94
105 5744 7.94
105 5745 7.94
105 5746 7.94
105 5747 7.94
105 5748 7.94
105 5749 7.94
105 5750 7.94
105 5751 7.94
105 5752 7.94
105 5753 7.94
105 5754 7.94
105 5755 7.94
105 5756 7.94
105 5757 7.94
105 5758 7.94
105 5759 7.94
105 5760 7.94
105 5761 7.94
105 5762 7.94
105 5763 7.94
105 5764 7.94
105 5765 7.94
105 5766 7.94
105 5767 7.94
105 5768 7.94
105 5769 7.94
105 5770 7.94
105 5771 7.94
105 5772 7.94
105 5773 7.94
105 5774 7.94
105 5775 7.94
105 5776 7.94
105 5777 7.94
105 5778 7.94
105 5779 7.94
105 5780 7.94
105 5781 7.94
105 5782 7.94
106 5783 7.94
106 5784 7.94
106 5785 7.94
106 5786 7.94
106 5787 7.94
106 5788 7.94
106 5789 7.94
106 5790 7.94
106 5791 7.94
106 5792 7.94
106 5793 7.94
106 5794 7.94
106 5795 7.94
106 5796 7.94
106 5797 7.94
106 5798 7.94
106 5799 7.94
106 5800 7.94
106 5801 7.94
106 5802 7.94
106 5803 7.94
106 5804 7.94
106 5805 7.94
106 5806 7.94
106 5807 7.94
106 5808 7.94
106 5809 7.94
106 5810 7.94
106 5811 7.94
106 5812 7.94
106 5813 7.94
106 5814 7.94
106 5815 7.94
106 5816 7.94
106 5817 7.94
106 5818 7.94
106 5819 7.94
106 5820 7.94
106 5821 7.94
106 5822 7.94
106 5823 7.94
106 5824 7.94
106 5825 7.94
106 5826 7.94
106 5827 7.94
106 5828 7.94
106 5829 7.94
106 5830 7.94
106 5831 7.94
106 5832 7.94
106 5833 7.94
106 5834 7.94
106 5835 7.94
106 5836 7.94
107 5837 7.94
107 5838 7.94
107 5839 7.94
107 5840 7.94
107 5841 7.94
107 5842 7.94
107 5843 7.94
107 5844 7.94
107 5845 7.94
107 5846 7.94
107 5847 7.94
107 5848 7.94
107 5849 7.94
107 5850 7.94
107 5851 7.94
107 5852 7.94
107 5853 7.94
107 5854 7.94
107 5855 7.94
107 5856 7.94
107 5857 7.94
107 5858 7.94
107 5859 7.94
107 5860 7.94
107 5861 7.94
107 5862 7.94
107 5863 7.94
107 5864 7.94
107 5865 7.94
107 5866 7.94
107 5867 7.94
107 5868 7.94
107 5869 7.94
107 5870 7.94
107 5871 7.94
107 5872 7.94
107 5873 7.94
107 5874 7.94
107 5875 7.94
107 5876 7.94
107 5877 7.94
107 5878 7.94
107 5879 7.94
107 5880 7.94
107 5881 7.94
107 5882 7.94
107 5883 7.94
107 5884 7.94
107 5885 7.94
107 5886 7.94
107 5887 7.94
107 5888 7.94
107 5889 7.94
107 5890 7.94
107 5891 7.94
107 5892 7.94
108 5893 7.94
108 5894 7.94
108 5895 7.94
108 5896 7.94
108 5897 7.94
108 5898 7.94
108 5899 7.94
108 5900 7.94
108 5901 7.94
108 5902 7.94
108 5903 7.94
108 5904 7.94
108 5905 7.94
108 5906 7.94
108 5907 7.94
108 5908 7.94
108 5909 7.94
108 5910 7.94
108 5911 7.94
108 5912 7.94
108 5913 7.94
108 5914 7.94
108 5915 7.94
108 5916 7.94
108 5917 7.94
108 5918 7.94
108 5919 7.94
108 5920 7.94
108 5921 7.94
108 5922 7.94
108 5923 7.94
108 5924 7.94
108 5925 7.94
108 5926 7.94
108 5927 7.94
108 5928 7.94
108 5929 7.94
108 5930 7.94
108 5931 7.94
108 5932 7.94
108 5933 7.94
108 5934 7.94
108 5935 7.94
108 5936 7.94
108 5937 7.94
108 5938 7.94
108 5939 7.94
108 5940 7.94
108 5941 7.94
108 5942 7.94
108 5943 7.94
108 5944 7.94
108 5945 7.94
108 5946 7.94
108 5947 7.94
108 5948 7.94
109 5949 7.94
109 5950 7.94
109 5951 7.94
109 5952 7.94
109 5953 7.94
109 5954 7.94
109 5955 7.94
109 5956 7.94
109 5957 7.94
109 5958 7.94
109 5959 7.94
109 5960 7.94
109 5961 7.94
109 5962 7.94
109 5963 7.94
109 5964 7.94
109 5965 7.94
109 5966 7.94
109 5967 7.94
109 5968 7.94
109 5969 7.94
109 5970 7.94
109 5971 7.94
109 5972 7.94
109 5973 7.94
109 5974 7.94
109 5975 7.94
109 5976 7.94
109 5977 7.94
109 5978 7.94
109 5979 7.94
109 5980 7.94
109 5981 7.94
109 5982 7.94
109 5983 7.94
109 5984 7.94
109 5985 7.94
109 5986 7.94
109 5987 7.94
109 5988 7.94
109 5989 7.94
109 5990 7.94
109 5991 7.94
109 5992 7.94
109 5993 7.94
109 5994 7.94
109 5995 7.94
109 5996 7.94
109 5997 7.94
109 5998 7.94
109 5999 7.94
109 6000 7.94
109 6001 7.94
110 6002 7.94
110 6003 7.94
110 6004 7.94
110 6005 7.94
110 6006 7.94
110 6007 7.94
110 6008 7.94
110 6009 7.94
110 6010 7.94
110 6011 7.94
110 6012 7.94
110 6013 7.94
110 6014 7.94
110 6015 7.94
110 6016 7.94
110 6017 7.94
110 6018 7.94
110 6019 7.94
110 6020 7.94
110 6021 7.94
110 6022 7.94
110 6023 7.94
110 6024 7.94
110 6025 7.94
110 6026 7.94
110 6027 7.94
110 6028 7.94
110 6029 7.94
110 6030 7.94
110 6031 7.94
110 6032 7.94
110 6033 7.94
110 6034 7.94
110 6035 7.94
110 6036 7.94
110 6037 7.94
110 6038 7.94
110 6039 7.94
110 6040 7.94
110 6041 7.94
110 6042 7.94
110 6043 7.94
110 6044 7.94
110 6045 7.94
110 6046 7.94
110 6047 7.94
110 6048 7.94
110 6049 7.94
110 6050 7.94
110 6051 7.94
110 6052 7.94
110 6053 7.94
110 6054 7.94
110 6055 7.94
110 6056 7.94
110 6057 7.94
110 6058 7.94
110 6059 7.94
111 6060 7.94
111 6061 7.94
111 6062 7.94
111 6063 7.94
111 6064 7.94
111 6065 7.94
111 6066 7.94
111 6067 7.94
111 6068 7.94
111 6069 7.94
111 6070 7.94
111 6071 7.94
111 6072 7.94
111 6073 7.94
111 6074 7.94
111 6075 7.94
111 6076 7.94
111 6077 7.94
111 6078 7.94
111 6079 7.94
111 6080 7.94
111 6081 7.94
111 6082 7.94
111 6083 7.94
111 6084 7.94
111 6085 7.94
111 6086 7.94
111 6087 7.94
111 6088 7.94
111 6089 7.94
111 6090 7.94
111 6091 7.94
111 6092 7.94
111 6093 7.94
111 6094 7.94
111 6095 7.94
111 6096 7.94
111 6097 7.94
111 6098 7.94
111 6099 7.94
111 6100 7.94
111 6101 7.94
111 6102 7.94
111 6103 7.94
111 6104 7.94
111 6105 7.94
111 6106 7.94
111 6107 7.94
111 6108 7.94
111 6109 7.94
111 6110 7.94
111 6111 7.94
111 6112 7.94
111 6113 7.94
111 6114 7.94
111 6115 7.94
111 6116 7.94
112 6117 7.94
112 6118 7.94
112 6119 7.94
112 6120 7.94
112 6121 7.94
112 6122 7.94
112 6123 7.94
112 6124 7.94
112 6125 7.94
112 6126 7.94
112 6127 7.94
112 6128 7.94
112 6129 7.94
112 6130 7.94
112 6131 7.94
112 6132 7.94
112 6133 7.94
112 6134 7.94
112 6135 7.94
112 6136 7.94
112 6137 7.94
112 6138 7.94
112 6139 7.94
112 6140 7.94
112 6141 7.94
112 6142 7.94
112 6143 7.94
112 6144 7.94
112 6145 7.94
112 6146 7.94
112 6147 7.94
112 6148 7.94
112 6149 7.94
112 6150 7.94
112 6151 7.94
112 6152 7.94
112 6153 7.94
112 6154 7.94
112 6155 7.94
112 6156 7.94
112 6157 7.94
112 6158 7.94
112 6159 7.94
112 6160 7.94
112 6161 7.94
112 6162 7.94
112 6163 7.94
112 6164 7.94
112 6165 7.94
112 6166 7.94
112 6167 7.94
112 6168 7.94
112 6169 7.94
112 6170 7.94
112 6171 7.94
113 6172 7.94
113 6173 7.94
113 6174 7.94
113 6175 7.94
113 6176 7.94
113 6177 7.94
113 6178 7.94
113 6179 7.94
113 6180 7.94
113 6181 7.94
113 6182 7.94
113 6183 7.94
113 6184 7.94
113 6185 7.94
113 6186 7.94
113 6187 7.94
113 6188 7.94
113 6189 7.94
113 6190 7.94
113 6191 7.94
113 6192 7.94
113 6193 7.94
113 6194 7.94
113 6195 7.94
113 6196 7.94
113 6197 7.94
113 6198 7.94
113 6199 7.94
113 6200 7.94
113 6201 7.94
113 6202 7.94
113 6203 7.94
113 6204 7.94
113 6205 7.94
113 6206 7.94
113 6207 7.94
113 6208 7.94
113 6209 7.94
113 6210 7.94
113 6211 7.94
113 6212 7.94
113 6213 7.94
113 6214 7.94
113 6215 7.94
113 6216 7.94
113 6217 7.94
113 6218 7.94
113 6219 7.94
113 6220 7.94
113 6221 7.94
113 6222 7.94
113 6223 7.94
113 6224 7.94
114 6225 7.94
114 6226 7.94
114 6227 7.94
114 6228 7.94
114 6229 7.94
114 6230 7.94
114 6231 7.94
114 6232 7.94
114 6233 7.94
114 6234 7.94
114 6235 7.94
114 6236 7.94
114 6237 7.94
114 6238 7.94
114 6239 7.94
114 6240 7.94
114 6241 7.94
114 6242 7.94
114 6243 7.94
114 6244 7.94
114 6245 7.94
114 6246 7.94
114 6247 7.94
114 6248 7.94
114 6249 7.94
114 6250 7.94
114 6251 7.94
114 6252 7.94
114 6253 7.94
114 6254 7.94
114 6255 7.94
114 6256 7.94
114 6257 7.94
114 6258 7.94
114 6259 7.94
114 6260 7.94
114 6261 7.94
114 6262 7.94
114 6263 7.94
114 6264 7.94
114 6265 7.94
114 6266 7.94
114 6267 7.94
114 6268 7.94
114 6269 7.94
114 6270 7.94
114 6271 7.94
114 6272 7.94
114 6273 7.94
114 6274 7.94
114 6275 7.94
114 6276 7.94
114 6277 7.94
114 6278 7.94
114 6279 7.94
114 6280 7.94
115 6281 7.94
115 6282 7.94
115 6283 7.94
115 6284 7.94
115 6285 7.94
115 6286 7.94
115 6287 7.94
115 6288 7.94
115 6289 7.94
115 6290 7.94
115 6291 7.94
115 6292 7.94
115 6293 7.94
115 6294 7.94
115 6295 7.94
115 6296 7.94
115 6297 7.94
115 6298 7.94
115 6299 7.94
115 6300 7.94
115 6301 7.94
115 6302 7.94
115 6303 7.94
115 6304 7.94
115 6305 7.94
115 6306 7.94
115 6307 7.94
115 6308 7.94
115 6309 7.94
115 6310 7.94
115 6311 7.94
115 6312 7.94
115 6313 7.94
115 6314 7.94
115 6315 7.94
115 6316 7.94
115 6317 7.94
115 6318 7.94
115 6319 7.94
115 6320 7.94
115 6321 7.94
115 6322 7.94
115 6323 7.94
115 6324 7.94
115 6325 7.94
115 6326 7.94
115 6327 7.94
115 6328 7.94
115 6329 7.94
115 6330 7.94
115 6331 7.94
115 6332 7.94
115 6333 7.94
115 6334 7.94
115 6335 7.94
115 6336 7.94
115 6337 7.94
116 6338 7.94
116 6339 7.94
116 6340 7.94
116 6341 7.94
116 6342 7.94
116 6343 7.94
116 6344 7.94
116 6345 7.94
116 6346 7.94
116 6347 7.94
116 6348 7.94
116 6349 7.94
116 6350 7.94
116 6351 7.94
116 6352 7.94
116 6353 7.94
116 6354 7.94
116 6355 7.94
116 6356 7.94
116 6357 7.94
116 6358 7.94
116 6359 7.94
116 6360 7.94
116 6361 7.94
116 6362 7.94
116 6363 7.94
116 6364 7.94
116 6365 7.94
116 6366 7.94
116 6367 7.94
116 6368 7.94
116 6369 7.94
116 6370 7.94
116 6371 7.94
116 6372 7.94
116 6373 7.94
116 6374 7.94
116 6375 7.94
116 6376 7.94
116 6377 7.94
116 6378 7.94
116 6379 7.94
116 6380 7.94
116 6381 7.94
116 6382 7.94
116 6383 7.94
116 6384 7.94
116 6385 7.94
116 6386 7.94
116 6387 7.94
116 6388 7.94
116 6389 7.94
116 6390 7.94
116 6391 7.94
116 6392 7.94
116 6393 7.94
116 6394 7.94
116 6395 7.94
117 6396 7.94
117 6397 7.94
117 6398 7.94
117 6399 7.94
117 6400 7.94
117 6401 7.94
117 6402 7.94
117 6403 7.94
117 6404 7.94
117 6405 7.94
117 6406 7.94
117 6407 7.94
117 6408 7.94
117 6409 7.94
117 6410 7.94
117 6411 7.94
117 6412 7.94
117 6413 7.94
117 6414 7.94
117 6415 7.94
117 6416 7.94
117 6417 7.94
117 6418 7.94
117 6419 7.94
117 6420 7.94
117 6421 7.94
117 6422 7.94
117 6423 7.94
117 6424 7.94
117 6425 7.94
117 6426 7.94
117 6427 7.94
117 6428 7.94
117 6429 7.94
117 6430 7.94
117 6431 7.94
117 6432 7.94
117 6433 7.94
117 6434 7.94
117 6435 7.94
117 6436 7.94
117 6437 7.94
117 6438 7.94
117 6439 7.94
117 6440 7.94
117 6441 7.94
117 6442 7.94
117 6443 7.94
117 6444 7.94
117 6445 7.94
117 6446 7.94
117 6447 7.94
117 6448 7.94
118 6449 7.94
118 6450 7.94
118 6451 7.94
118 6452 7.94
118 6453 7.94
118 6454 7.94
118 6455 7.94
118 6456 7.94
118 6457 7.94
118 6458 7.94
118 6459 7.94
118 6460 7.94
118 6461 7.94
118 6462 7.94
118 6463 7.94
118 6464 7.94
118 6465 7.94
118 6466 7.94
118 6467 7.94
118 6468 7.94
118 6469 7.94
118 6470 7.94
118 6471 7.94
118 6472 7.94
118 6473 7.94
118 6474 7.94
118 6475 7.94
118 6476 7.94
118 6477 7.94
118 6478 7.94
118 6479 7.94
118 6480 7.94
118 6481 7.94
118 6482 7.94
118 6483 7.94
118 6484 7.94
118 6485 7.94
118 6486 7.94
118 6487 7.94
118 6488 7.94
118 6489 7.94
118 6490 7.94
118 6491 7.94
118 6492 7.94
118 6493 7.94
118 6494 7.94
118 6495 7.94
118 6496 7.94
118 6497 7.94
118 6498 7.94
118 6499 7.94
118 6500 7.94
118 6501 7.94
118 6502 7.94
118 6503 7.94
118 6504 7.94
118 6505 7.94
118 6506 7.94
119 6507 7.94
119 6508 7.94
119 6509 7.94
119 6510 7.94
119 6511 7.94
119 6512 7.94
119 6513 7.94
119 6514 7.94
119 6515 7.94
119 6516 7.94
119 6517 7.94
119 6518 7.94
119 6519 7.94
119 6520 7.94
119 6521 7.94
119 6522 7.94
119 6523 7.94
119 6524 7.94
119 6525 7.94
119 6526 7.94
119 6527 7.94
119 6528 7.94
119 6529 7.94
119 6530 7.94
119 6531 7.94
119 6532 7.94
119 6533 7.94
119 6534 7.94
119 6535 7.94
119 6536 7.94
119 6537 7.94
119 6538 7.94
119 6539 7.94
119 6540 7.94
119 6541 7.94
119 6542 7.94
119 6543 7.94
119 6544 7.94
119 6545 7.94
119 6546 7.94
119 6547 7.94
119 6548 7.94
119 6549 7.94
119 6550 7.94
119 6551 7.94
119 6552 7.94
119 6553 7.94
119 6554 7.94
119 6555 7.94
119 6556 7.94
119 6557 7.94
119 6558 7.94
119 6559 7.94
119 6560 7.94
119 6561 7.94
120 6562 7.94
120 6563 7.94
120 6564 7.94
120 6565 7.94
120 6566 7.94
120 6567 7.94
120 6568 7.94
120 6569 7.94
120 6570 7.94
120 6571 7.94
120 6572 7.94
120 6573 7.94
120 6574 7.94
120 6575 7.94
120 6576 7.94
120 6577 7.94
120 6578 7.94
120 6579 7.94
120 6580 7.94
120 6581 7.94
120 6582 7.94
120 6583 7.94
120 6584 7.94
120 6585 7.94
120 6586 7.94
120 6587 7.94
120 6588 7.94
120 6589 7.94
120 6590 7.94
120 6591 7.94
120 6592 7.94
120 6593 7.94
120 6594 7.94
120 6595 7.94
120 6596 7.94
120 6597 7.94
120 6598 7.94
120 6599 7.94
120 6600 7.94
120 6601 7.94
120 6602 7.94
120 6603 7.94
120 6604 7.94
120 6605 7.94
120 6606 7.94
120 6607 7.94
120 6608 7.94
120 6609 7.94
120 6610 7.94
120 6611 7.94
120 6612 7.94
120 6613 7.94
120 6614 7.94
120 6615 7.94
120 6616 7.94
120 6617 7.94
121 6618 7.94
