0 1 99.02999999999999
0 2 99.02999999999999
0 3 99.02999999999999
0 4 95.49
0 5 92.60999999999997
1 6 92.58999999999999
1 7 91.96999999999997
1 8 90.01
1 9 89.38999999999999
1 10 88.14
1 11 86.83
1 12 85.55
1 13 84.83
1 14 84.81
1 15 82.05
1 16 82.02999999999999
1 17 82.02999999999999
1 18 81.71
1 19 81.41
1 20 79.14999999999999
1 21 79.14999999999999
1 22 78.99
1 23 76.58999999999999
1 24 76.58999999999999
1 25 75.94999999999999
1 26 74.34999999999998
1 27 72.90999999999998
1 28 72.90999999999998
1 29 72.90999999999998
1 30 72.58999999999999
1 31 70.32999999999998
1 32 70.32999999999998
1 33 64.58999999999999
1 34 64.58999999999999
1 35 64.50999999999999
1 36 64.42999999999999
1 37 64.35
1 38 64.11
1 39 64.03
1 40 63.41
1 41 63.41
1 42 63.33
1 43 62.769999999999996
1 44 62.69
1 45 62.69
1 46 61.41
1 47 61.41
1 48 60.769999999999996
1 49 60.769999999999996
1 50 59.17
1 51 59.17
1 52 58.53
1 53 58.489999999999995
1 54 58.370000000000005
1 55 58.05
1 56 58.05
1 57 57.209999999999994
1 58 57.209999999999994
1 59 56.81
1 60 56.78
1 61 56.46000000000001
1 62 56.42
1 63 56.32000000000001
1 64 55.03
1 65 54.99000000000001
1 66 54.32000000000001
1 67 54.32000000000001
1 68 53.68000000000001
1 69 53.68000000000001
1 70 53.64
2 71 53.64
2 72 53.64
2 73 53.480000000000004
2 74 52.980000000000004
2 75 52.91
2 76 52.81999999999999
2 77 52.61
2 78 52.59
2 79 51.370000000000005
2 80 50.09
2 81 49.94
2 82 49.92999999999999
2 83 49.92999999999999
2 84 49.92999999999999
2 85 49.61
2 86 49.61
2 87 49.45
2 88 49.28999999999999
2 89 49.28999999999999
2 90 49.17
2 91 49.129999999999995
2 92 49.10999999999999
2 93 49.04999999999998
2 94 48.95
2 95 48.95
2 96 48.889999999999986
2 97 48.79
2 98 48.56999999999999
2 99 48.56999999999999
2 100 48.52999999999999
2 101 47.719999999999985
2 102 47.719999999999985
2 103 47.67999999999999
2 104 47.61999999999999
2 105 47.04
2 106 47.04
2 107 47.029999999999994
2 108 47.0
2 109 46.94
2 110 46.839999999999996
2 111 46.839999999999996
2 112 46.519999999999996
2 113 46.42
2 114 46.26
2 115 46.26
2 116 46.22
2 117 45.94
2 118 45.94
2 119 45.92
2 120 45.65
2 121 45.49
2 122 45.49
2 123 45.49
2 124 45.17
2 125 44.85
2 126 44.85
2 127 44.69
2 128 44.05
2 129 44.05
2 130 43.97
2 131 43.76
2 132 42.58
2 133 42.58
2 134 42.58
3 135 42.54
3 136 42.519999999999996
3 137 42.269999999999996
3 138 42.23
3 139 42.15
3 140 42.15
3 141 42.11
3 142 42.11
3 143 42.1
3 144 42.1
3 145 41.98
3 146 41.98
3 147 41.9
3 148 41.9
3 149 41.86
3 150 41.81999999999999
3 151 41.81999999999999
3 152 41.8
3 153 41.8
3 154 41.8
3 155 41.8
3 156 41.79
3 157 41.779999999999994
3 158 40.22
3 159 40.209999999999994
3 160 40.209999999999994
3 161 40.209999999999994
3 162 40.209999999999994
3 163 40.209999999999994
3 164 40.199999999999996
3 165 40.199999999999996
3 166 37.64
3 167 37.64
3 168 37.54
3 169 37.54
3 170 37.54
3 171 34.980000000000004
3 172 34.980000000000004
3 173 34.980000000000004
3 174 34.980000000000004
3 175 34.94
3 176 34.94
3 177 34.900000000000006
3 178 34.900000000000006
3 179 34.900000000000006
3 180 34.74
3 181 34.74
3 182 34.72
3 183 34.72
3 184 34.7
3 185 34.7
3 186 34.68000000000001
3 187 34.68000000000001
3 188 34.68000000000001
3 189 33.4
3 190 33.4
3 191 33.32
3 192 33.32
3 193 32.04
3 194 32.04
3 195 32.04
3 196 31.959999999999997
4 197 31.84
4 198 31.84
4 199 29.4
4 200 29.28
4 201 29.2
4 202 29.2
4 203 29.18
4 204 29.1
4 205 29.1
4 206 29.1
4 207 29.1
4 208 29.1
4 209 29.1
4 210 29.080000000000002
4 211 29.080000000000002
4 212 29.080000000000002
4 213 28.240000000000002
4 214 28.240000000000002
4 215 28.240000000000002
4 216 27.21
4 217 27.169999999999998
4 218 26.919999999999998
4 219 26.919999999999998
4 220 26.360000000000003
4 221 26.360000000000003
4 222 26.360000000000003
4 223 26.26
4 224 24.46
4 225 24.46
4 226 23.46
4 227 23.419999999999998
4 228 23.419999999999998
4 229 23.419999999999998
4 230 23.319999999999997
4 231 23.299999999999997
4 232 23.299999999999997
4 233 23.299999999999997
4 234 21.699999999999996
4 235 21.699999999999996
4 236 21.699999999999996
4 237 21.699999999999996
4 238 19.139999999999997
4 239 19.139999999999997
4 240 19.139999999999997
4 241 18.849999999999998
4 242 18.849999999999998
4 243 18.849999999999998
4 244 18.809999999999995
4 245 18.809999999999995
4 246 18.809999999999995
4 247 17.529999999999998
4 248 17.529999999999998
4 249 17.529999999999998
4 250 17.529999999999998
4 251 17.529999999999998
4 252 17.529999999999998
4 253 17.529999999999998
4 254 17.529999999999998
4 255 17.529999999999998
4 256 17.529999999999998
4 257 17.529999999999998
5 258 17.529999999999998
5 259 17.529999999999998
5 260 17.529999999999998
5 261 17.529999999999998
5 262 17.529999999999998
5 263 17.529999999999998
5 264 17.529999999999998
5 265 17.529999999999998
5 266 17.509999999999998
5 267 17.509999999999998
5 268 17.509999999999998
5 269 17.509999999999998
5 270 17.509999999999998
5 271 17.509999999999998
5 272 17.509999999999998
5 273 17.41
5 274 17.41
5 275 17.41
5 276 16.13
5 277 16.13
5 278 15.129999999999999
5 279 15.129999999999999
5 280 14.849999999999998
5 281 14.849999999999998
5 282 14.849999999999998
5 283 14.849999999999998
5 284 14.849999999999998
5 285 14.849999999999998
5 286 14.849999999999998
5 287 14.849999999999998
5 288 14.849999999999998
5 289 14.849999999999998
5 290 14.849999999999998
5 291 14.849999999999998
5 292 14.849999999999998
5 293 14.849999999999998
5 294 14.849999999999998
5 295 14.849999999999998
5 296 14.849999999999998
5 297 14.849999999999998
5 298 14.849999999999998
5 299 14.849999999999998
5 300 14.849999999999998
5 301 14.849999999999998
5 302 14.849999999999998
5 303 14.849999999999998
5 304 14.849999999999998
5 305 13.849999999999998
5 306 13.849999999999998
5 307 13.849999999999998
5 308 13.849999999999998
5 309 13.849999999999998
5 310 13.849999999999998
5 311 13.849999999999998
5 312 13.849999999999998
5 313 13.849999999999998
5 314 13.849999999999998
5 315 13.849999999999998
5 316 13.849999999999998
5 317 13.849999999999998
5 318 13.849999999999998
5 319 13.849999999999998
5 320 13.849999999999998
6 321 13.849999999999998
6 322 13.849999999999998
6 323 13.849999999999998
6 324 13.849999999999998
6 325 13.849999999999998
6 326 13.849999999999998
6 327 13.849999999999998
6 328 13.849999999999998
6 329 13.849999999999998
6 330 13.849999999999998
6 331 12.57
6 332 12.57
6 333 12.57
6 334 12.57
6 335 12.57
6 336 12.57
6 337 12.57
6 338 12.57
6 339 12.57
6 340 12.57
6 341 12.57
6 342 12.57
6 343 12.57
6 344 12.57
6 345 12.57
6 346 12.57
6 347 12.57
6 348 12.57
6 349 12.57
6 350 12.57
6 351 12.57
6 352 12.57
6 353 12.57
6 354 12.57
6 355 12.57
6 356 12.57
6 357 12.57
6 358 12.57
6 359 12.57
6 360 12.57
6 361 12.57
6 362 12.57
6 363 12.57
6 364 12.57
6 365 12.57
6 366 12.57
6 367 12.57
6 368 12.57
6 369 12.57
6 370 12.57
6 371 12.57
6 372 12.57
6 373 12.57
6 374 12.57
6 375 12.57
6 376 12.57
7 377 12.57
7 378 12.57
7 379 12.57
7 380 12.57
7 381 12.57
7 382 12.57
7 383 12.57
7 384 12.57
7 385 12.57
7 386 12.57
7 387 12.57
7 388 12.57
7 389 12.57
7 390 12.57
7 391 12.57
7 392 12.57
7 393 12.57
7 394 12.57
7 395 12.57
7 396 12.57
7 397 12.57
7 398 12.57
7 399 12.57
7 400 12.57
7 401 12.57
7 402 12.57
7 403 12.57
7 404 12.57
7 405 12.57
7 406 12.57
7 407 12.57
7 408 12.57
7 409 12.57
7 410 12.57
7 411 12.57
7 412 12.57
7 413 12.57
7 414 12.57
7 415 12.57
7 416 12.57
7 417 12.57
7 418 12.57
7 419 12.57
7 420 12.57
7 421 12.57
7 422 12.57
7 423 12.57
7 424 12.57
7 425 12.57
7 426 12.57
7 427 12.57
7 428 12.57
7 429 12.57
7 430 12.57
7 431 12.57
7 432 12.57
7 433 12.57
8 434 12.57
8 435 12.57
8 436 12.57
8 437 12.57
8 438 12.57
8 439 12.57
8 440 12.57
8 441 12.57
8 442 12.57
8 443 12.57
8 444 12.57
8 445 12.57
8 446 12.57
8 447 12.57
8 448 12.57
8 449 12.57
8 450 12.57
8 451 12.57
8 452 12.57
8 453 12.57
8 454 12.57
8 455 12.57
8 456 12.57
8 457 12.57
8 458 12.57
8 459 12.57
8 460 12.57
8 461 12.57
8 462 12.57
8 463 12.57
8 464 12.57
8 465 12.57
8 466 12.57
8 467 12.57
8 468 12.57
8 469 12.57
8 470 12.57
8 471 12.57
8 472 12.57
8 473 12.57
8 474 12.57
8 475 12.57
8 476 12.57
8 477 12.57
8 478 12.57
8 479 12.57
8 480 12.57
8 481 12.57
8 482 12.57
8 483 12.57
8 484 12.57
8 485 12.57
8 486 12.57
8 487 12.57
8 488 12.57
8 489 12.57
8 490 12.57
8 491 12.57
9 492 12.57
9 493 12.57
9 494 12.57
9 495 12.57
9 496 12.57
9 497 12.57
9 498 12.57
9 499 12.57
9 500 12.57
9 501 12.57
9 502 12.57
9 503 12.57
9 504 12.57
9 505 12.57
9 506 12.57
9 507 12.57
9 508 12.57
9 509 12.57
9 510 12.57
9 511 12.57
9 512 12.57
9 513 12.57
9 514 12.57
9 515 12.57
9 516 12.57
9 517 12.57
9 518 12.57
9 519 12.57
9 520 12.57
9 521 12.57
9 522 12.57
9 523 12.57
9 524 12.57
9 525 12.57
9 526 12.57
9 527 12.57
9 528 12.57
9 529 12.57
9 530 12.57
9 531 12.57
9 532 12.57
9 533 12.57
9 534 12.57
9 535 12.57
9 536 12.57
9 537 12.57
9 538 12.57
9 539 12.57
9 540 12.57
9 541 12.57
9 542 12.57
9 543 12.57
9 544 12.57
9 545 12.57
9 546 12.57
9 547 12.57
9 548 12.57
10 549 12.57
10 550 12.57
10 551 12.57
10 552 12.57
10 553 12.57
10 554 12.57
10 555 12.57
10 556 12.57
10 557 12.57
10 558 12.57
10 559 12.57
10 560 12.57
10 561 12.57
10 562 12.57
10 563 12.57
10 564 12.57
10 565 12.57
10 566 12.57
10 567 12.57
10 568 12.57
10 569 12.57
10 570 12.57
10 571 12.57
10 572 12.57
10 573 12.57
10 574 12.57
10 575 12.57
10 576 12.57
10 577 12.57
10 578 12.57
10 579 12.57
10 580 12.57
10 581 12.57
10 582 12.57
10 583 12.57
10 584 12.57
10 585 12.57
10 586 12.57
10 587 12.57
10 588 12.57
10 589 12.57
10 590 12.57
10 591 12.57
10 592 12.57
10 593 12.57
10 594 12.57
10 595 12.57
10 596 12.57
10 597 12.57
10 598 12.57
10 599 12.57
10 600 12.57
10 601 12.57
10 602 12.57
10 603 12.57
10 604 12.57
10 605 12.57
11 606 12.57
11 607 12.57
11 608 12.57
11 609 12.57
11 610 12.57
11 611 12.57
11 612 12.57
11 613 12.57
11 614 12.57
11 615 12.57
11 616 12.57
11 617 12.57
11 618 12.57
11 619 12.57
11 620 12.57
11 621 12.57
11 622 12.57
11 623 12.57
11 624 12.57
11 625 12.57
11 626 12.57
11 627 12.57
11 628 12.57
11 629 12.57
11 630 12.57
11 631 12.57
11 632 12.57
11 633 12.57
11 634 12.57
11 635 12.57
11 636 12.57
11 637 12.57
11 638 12.57
11 639 12.57
11 640 12.57
11 641 12.57
11 642 12.57
11 643 12.57
11 644 12.57
11 645 12.57
11 646 12.57
11 647 12.57
11 648 12.57
11 649 12.57
11 650 12.57
11 651 12.57
11 652 12.57
11 653 12.57
11 654 12.57
11 655 12.57
11 656 12.57
11 657 12.57
11 658 12.57
11 659 12.57
11 660 12.57
11 661 12.57
11 662 12.57
11 663 12.57
11 664 12.57
11 665 12.57
12 666 12.57
12 667 12.57
12 668 12.57
12 669 12.57
12 670 12.57
12 671 12.57
12 672 12.57
12 673 12.57
12 674 12.57
12 675 12.57
12 676 12.57
12 677 12.57
12 678 12.57
12 679 12.57
12 680 12.57
12 681 12.57
12 682 12.57
12 683 12.57
12 684 12.57
12 685 12.57
12 686 12.57
12 687 12.57
12 688 12.57
12 689 12.57
12 690 12.57
12 691 12.57
12 692 12.57
12 693 12.57
12 694 12.57
12 695 12.57
12 696 12.57
12 697 12.57
12 698 12.57
12 699 12.57
12 700 12.57
12 701 12.57
12 702 12.57
12 703 12.57
12 704 12.57
12 705 12.57
12 706 12.57
12 707 12.57
12 708 12.57
12 709 12.57
12 710 12.57
12 711 12.57
12 712 12.57
12 713 12.57
12 714 12.57
12 715 12.57
12 716 12.57
12 717 12.57
12 718 12.57
12 719 12.57
12 720 12.57
12 721 12.57
13 722 12.57
13 723 12.57
13 724 12.57
13 725 12.57
13 726 12.57
13 727 12.57
13 728 12.57
13 729 12.57
13 730 12.57
13 731 12.57
13 732 12.57
13 733 12.57
13 734 12.57
13 735 12.57
13 736 12.57
13 737 12.57
13 738 12.57
13 739 12.57
13 740 12.57
13 741 12.57
13 742 12.57
13 743 12.57
13 744 12.57
13 745 12.57
13 746 12.57
13 747 12.57
13 748 12.57
13 749 12.57
13 750 12.57
13 751 12.57
13 752 12.57
13 753 12.57
13 754 12.57
13 755 12.57
13 756 12.57
13 757 12.57
13 758 12.57
13 759 12.57
13 760 12.57
13 761 12.57
13 762 12.57
13 763 12.57
13 764 12.57
13 765 12.57
13 766 12.57
13 767 12.57
13 768 12.57
13 769 12.57
13 770 12.57
13 771 12.57
13 772 12.57
13 773 12.57
13 774 12.57
13 775 12.57
13 776 12.57
13 777 12.57
13 778 12.57
13 779 12.57
14 780 12.57
14 781 12.57
14 782 12.57
14 783 12.57
14 784 12.57
14 785 12.57
14 786 12.57
14 787 12.57
14 788 12.57
14 789 12.57
14 790 12.57
14 791 12.57
14 792 12.57
14 793 12.57
14 794 12.57
14 795 12.57
14 796 12.57
14 797 12.57
14 798 12.57
14 799 12.57
14 800 12.57
14 801 12.57
14 802 12.57
14 803 12.57
14 804 12.57
14 805 12.57
14 806 12.57
14 807 12.57
14 808 12.57
14 809 12.57
14 810 12.57
14 811 12.57
14 812 12.57
14 813 12.57
14 814 12.57
14 815 12.57
14 816 12.57
14 817 12.57
14 818 12.57
14 819 12.57
14 820 12.57
14 821 12.57
14 822 12.57
14 823 12.57
14 824 12.57
14 825 12.57
14 826 12.57
14 827 12.57
14 828 12.57
14 829 12.57
14 830 12.57
14 831 12.57
14 832 12.57
14 833 12.57
14 834 12.57
14 835 12.57
14 836 12.57
14 837 12.57
15 838 12.57
15 839 12.57
15 840 12.57
15 841 12.57
15 842 12.57
15 843 12.57
15 844 12.57
15 845 12.57
15 846 12.57
15 847 12.57
15 848 12.57
15 849 12.57
15 850 12.57
15 851 12.57
15 852 12.57
15 853 12.57
15 854 12.57
15 855 12.57
15 856 12.57
15 857 12.57
15 858 12.57
15 859 12.57
15 860 12.57
15 861 12.57
15 862 12.57
15 863 12.57
15 864 12.57
15 865 12.57
15 866 12.57
15 867 12.57
15 868 12.57
15 869 12.57
15 870 12.57
15 871 12.57
15 872 12.57
15 873 12.57
15 874 12.57
15 875 12.57
15 876 12.57
15 877 12.57
15 878 12.57
15 879 12.57
15 880 12.57
15 881 12.57
15 882 12.57
15 883 12.57
15 884 12.57
15 885 12.57
15 886 12.57
15 887 12.57
15 888 12.57
15 889 12.57
15 890 12.57
15 891 12.57
15 892 12.57
16 893 12.57
16 894 12.57
16 895 12.57
16 896 12.57
16 897 12.57
16 898 12.57
16 899 12.57
16 900 12.57
16 901 12.57
16 902 12.57
16 903 12.57
16 904 12.57
16 905 12.57
16 906 12.57
16 907 12.57
16 908 12.57
16 909 12.57
16 910 12.57
16 911 12.57
16 912 12.57
16 913 12.57
16 914 12.57
16 915 12.57
16 916 12.57
16 917 12.57
16 918 12.57
16 919 12.57
16 920 12.57
16 921 12.57
16 922 12.57
16 923 12.57
16 924 12.57
16 925 12.57
16 926 12.57
16 927 12.57
16 928 12.57
16 929 12.57
16 930 12.57
16 931 12.57
16 932 12.57
16 933 12.57
16 934 12.57
16 935 12.57
16 936 12.57
16 937 12.57
16 938 12.57
16 939 12.57
16 940 12.57
16 941 12.57
16 942 12.57
16 943 12.57
16 944 12.57
16 945 12.57
16 946 12.57
17 947 12.57
17 948 12.57
17 949 12.57
17 950 12.57
17 951 12.57
17 952 12.57
17 953 12.57
17 954 12.57
17 955 12.57
17 956 12.57
17 957 12.57
17 958 12.57
17 959 12.57
17 960 12.57
17 961 12.57
17 962 12.57
17 963 12.57
17 964 12.57
17 965 12.57
17 966 12.57
17 967 12.57
17 968 12.57
17 969 12.57
17 970 12.57
17 971 12.57
17 972 12.57
17 973 12.57
17 974 12.57
17 975 12.57
17 976 12.57
17 977 12.57
17 978 12.57
17 979 12.57
17 980 12.57
17 981 12.57
17 982 12.57
17 983 12.57
17 984 12.57
17 985 12.57
17 986 12.57
17 987 12.57
17 988 12.57
17 989 12.57
17 990 12.57
17 991 12.57
17 992 12.57
17 993 12.57
17 994 12.57
17 995 12.57
17 996 12.57
17 997 12.57
17 998 12.57
17 999 12.57
17 1000 12.57
18 1001 12.57
18 1002 12.57
18 1003 12.57
18 1004 12.57
18 1005 12.57
18 1006 12.57
18 1007 12.57
18 1008 12.57
18 1009 12.57
18 1010 12.57
18 1011 12.57
18 1012 12.57
18 1013 12.57
18 1014 12.57
18 1015 12.57
18 1016 12.57
18 1017 12.57
18 1018 12.57
18 1019 12.57
18 1020 12.57
18 1021 12.57
18 1022 12.57
18 1023 12.57
18 1024 12.57
18 1025 12.57
18 1026 12.57
18 1027 12.57
18 1028 12.57
18 1029 12.57
18 1030 12.57
18 1031 12.57
18 1032 12.57
18 1033 12.57
18 1034 12.57
18 1035 12.57
18 1036 12.57
18 1037 12.57
18 1038 12.57
18 1039 12.57
18 1040 12.57
18 1041 12.57
18 1042 12.57
18 1043 12.57
18 1044 12.57
18 1045 12.57
18 1046 12.57
18 1047 12.57
18 1048 12.57
18 1049 12.57
18 1050 12.57
18 1051 12.57
18 1052 12.57
18 1053 12.57
18 1054 12.57
19 1055 12.57
19 1056 12.57
19 1057 12.57
19 1058 12.57
19 1059 12.57
19 1060 12.57
19 1061 12.57
19 1062 12.57
19 1063 12.57
19 1064 12.57
19 1065 12.57
19 1066 12.57
19 1067 12.57
19 1068 12.57
19 1069 12.57
19 1070 12.57
19 1071 12.57
19 1072 12.57
19 1073 12.57
19 1074 12.57
19 1075 12.57
19 1076 12.57
19 1077 12.57
19 1078 12.57
19 1079 12.57
19 1080 12.57
19 1081 12.57
19 1082 12.57
19 1083 12.57
19 1084 12.57
19 1085 12.57
19 1086 12.57
19 1087 12.57
19 1088 12.57
19 1089 12.57
19 1090 12.57
19 1091 12.57
19 1092 12.57
19 1093 12.57
19 1094 12.57
19 1095 12.57
19 1096 12.57
19 1097 12.57
19 1098 12.57
19 1099 12.57
19 1100 12.57
20 1101 12.57
20 1102 12.57
20 1103 12.57
20 1104 12.57
20 1105 12.57
20 1106 12.57
20 1107 12.57
20 1108 12.57
20 1109 12.57
20 1110 12.57
20 1111 12.57
20 1112 12.57
20 1113 12.57
20 1114 12.57
20 1115 12.57
20 1116 12.57
20 1117 12.57
20 1118 12.57
20 1119 12.57
20 1120 12.57
20 1121 12.57
20 1122 12.57
20 1123 12.57
20 1124 12.57
20 1125 12.57
20 1126 12.57
20 1127 12.57
20 1128 12.57
20 1129 12.57
20 1130 12.57
20 1131 12.57
20 1132 12.57
20 1133 12.57
20 1134 12.57
20 1135 12.57
20 1136 12.57
20 1137 12.57
20 1138 12.57
20 1139 12.57
20 1140 12.57
20 1141 12.57
20 1142 12.57
20 1143 12.57
20 1144 12.57
20 1145 12.57
20 1146 12.57
20 1147 12.57
20 1148 12.57
20 1149 12.57
20 1150 12.57
20 1151 12.57
20 1152 12.57
21 1153 12.57
21 1154 12.57
21 1155 12.57
21 1156 12.57
21 1157 12.57
21 1158 12.57
21 1159 12.57
21 1160 12.57
21 1161 12.57
21 1162 12.57
21 1163 12.57
21 1164 12.57
21 1165 12.57
21 1166 12.57
21 1167 12.57
21 1168 12.57
21 1169 12.57
21 1170 12.57
21 1171 12.57
21 1172 12.57
21 1173 12.57
21 1174 12.57
21 1175 12.57
21 1176 12.57
21 1177 12.57
21 1178 12.57
21 1179 12.57
21 1180 12.57
21 1181 12.57
21 1182 12.57
21 1183 12.57
21 1184 12.57
21 1185 12.57
21 1186 12.57
21 1187 12.57
21 1188 12.57
21 1189 12.57
21 1190 12.57
21 1191 12.57
21 1192 12.57
21 1193 12.57
21 1194 12.57
21 1195 12.57
21 1196 12.57
21 1197 12.57
21 1198 12.57
21 1199 12.57
21 1200 12.57
21 1201 12.57
21 1202 12.57
21 1203 12.57
21 1204 12.57
21 1205 12.57
22 1206 12.57
22 1207 12.57
22 1208 12.57
22 1209 12.57
22 1210 12.57
22 1211 12.57
22 1212 12.57
22 1213 12.57
22 1214 12.57
22 1215 12.57
22 1216 12.57
22 1217 12.57
22 1218 12.57
22 1219 12.57
22 1220 12.57
22 1221 12.57
22 1222 12.57
22 1223 12.57
22 1224 12.57
22 1225 12.57
22 1226 12.57
22 1227 12.57
22 1228 12.57
22 1229 12.57
22 1230 12.57
22 1231 12.57
22 1232 12.57
22 1233 12.57
22 1234 12.57
22 1235 12.57
22 1236 12.57
22 1237 12.57
22 1238 12.57
22 1239 12.57
22 1240 12.57
22 1241 12.57
22 1242 12.57
22 1243 12.57
22 1244 12.57
22 1245 12.57
22 1246 12.57
22 1247 12.57
22 1248 12.57
22 1249 12.57
22 1250 12.57
22 1251 12.57
22 1252 12.57
22 1253 12.57
22 1254 12.57
23 1255 12.57
23 1256 12.57
23 1257 12.57
23 1258 12.57
23 1259 12.57
23 1260 12.57
23 1261 12.57
23 1262 12.57
23 1263 12.57
23 1264 12.57
23 1265 12.57
23 1266 12.57
23 1267 12.57
23 1268 12.57
23 1269 12.57
23 1270 12.57
23 1271 12.57
23 1272 12.57
23 1273 12.57
23 1274 12.57
23 1275 12.57
23 1276 12.57
23 1277 12.57
23 1278 12.57
23 1279 12.57
23 1280 12.57
23 1281 12.57
23 1282 12.57
23 1283 12.57
23 1284 12.57
23 1285 12.57
23 1286 12.57
23 1287 12.57
23 1288 12.57
23 1289 12.57
23 1290 12.57
23 1291 12.57
23 1292 12.57
23 1293 12.57
23 1294 12.57
23 1295 12.57
23 1296 12.57
23 1297 12.57
23 1298 12.57
23 1299 12.57
23 1300 12.57
23 1301 12.57
23 1302 12.57
23 1303 12.57
23 1304 12.57
23 1305 12.57
23 1306 12.57
24 1307 12.57
24 1308 12.57
24 1309 12.57
24 1310 12.57
24 1311 12.57
24 1312 12.57
24 1313 12.57
24 1314 12.57
24 1315 12.57
24 1316 12.57
24 1317 12.57
24 1318 12.57
24 1319 12.57
24 1320 12.57
24 1321 12.57
24 1322 12.57
24 1323 12.57
24 1324 12.57
24 1325 12.57
24 1326 12.57
24 1327 12.57
24 1328 12.57
24 1329 12.57
24 1330 12.57
24 1331 12.57
24 1332 12.57
24 1333 12.57
24 1334 12.57
24 1335 12.57
24 1336 12.57
24 1337 12.57
24 1338 12.57
24 1339 12.57
24 1340 12.57
24 1341 12.57
24 1342 12.57
24 1343 12.57
24 1344 12.57
24 1345 12.57
24 1346 12.57
24 1347 12.57
24 1348 12.57
24 1349 12.57
24 1350 12.57
24 1351 12.57
24 1352 12.57
24 1353 12.57
24 1354 12.57
24 1355 12.57
24 1356 12.57
24 1357 12.57
24 1358 12.57
24 1359 12.57
24 1360 12.57
24 1361 12.57
24 1362 12.57
24 1363 12.57
24 1364 12.57
25 1365 12.57
25 1366 12.57
25 1367 12.57
25 1368 12.57
25 1369 12.57
25 1370 12.57
25 1371 12.57
25 1372 12.57
25 1373 12.57
25 1374 12.57
25 1375 12.57
25 1376 12.57
25 1377 12.57
25 1378 12.57
25 1379 12.57
25 1380 12.57
25 1381 12.57
25 1382 12.57
25 1383 12.57
25 1384 12.57
25 1385 12.57
25 1386 12.57
25 1387 12.57
25 1388 12.57
25 1389 12.57
25 1390 12.57
25 1391 12.57
25 1392 12.57
25 1393 12.57
25 1394 12.57
25 1395 12.57
25 1396 12.57
25 1397 12.57
25 1398 12.57
25 1399 12.57
25 1400 12.57
25 1401 12.57
25 1402 12.57
25 1403 12.57
25 1404 12.57
25 1405 12.57
25 1406 12.57
25 1407 12.57
25 1408 12.57
25 1409 12.57
25 1410 12.57
25 1411 12.57
25 1412 12.57
25 1413 12.57
25 1414 12.57
25 1415 12.57
25 1416 12.57
25 1417 12.57
26 1418 12.57
26 1419 12.57
26 1420 12.57
26 1421 12.57
26 1422 12.57
26 1423 12.57
26 1424 12.57
26 1425 12.57
26 1426 12.57
26 1427 12.57
26 1428 12.57
26 1429 12.57
26 1430 12.57
26 1431 12.57
26 1432 12.57
26 1433 12.57
26 1434 12.57
26 1435 12.57
26 1436 12.57
26 1437 12.57
26 1438 12.57
26 1439 12.57
26 1440 12.57
26 1441 12.57
26 1442 12.57
26 1443 12.57
26 1444 12.57
26 1445 12.57
26 1446 12.57
26 1447 12.57
26 1448 12.57
26 1449 12.57
26 1450 12.57
26 1451 12.57
26 1452 12.57
26 1453 12.57
26 1454 12.57
26 1455 12.57
26 1456 12.57
26 1457 12.57
26 1458 12.57
26 1459 12.57
26 1460 12.57
26 1461 12.57
26 1462 12.57
26 1463 12.57
26 1464 12.57
26 1465 12.57
26 1466 12.57
26 1467 12.57
26 1468 12.57
27 1469 12.57
27 1470 12.57
27 1471 12.57
27 1472 12.57
27 1473 12.57
27 1474 12.57
27 1475 12.57
27 1476 12.57
27 1477 12.57
27 1478 12.57
27 1479 12.57
27 1480 12.57
27 1481 12.57
27 1482 12.57
27 1483 12.57
27 1484 12.57
27 1485 12.57
27 1486 12.57
27 1487 12.57
27 1488 12.57
27 1489 12.57
27 1490 12.57
27 1491 12.57
27 1492 12.57
27 1493 12.57
27 1494 12.57
27 1495 12.57
27 1496 12.57
27 1497 12.57
27 1498 12.57
27 1499 12.57
27 1500 12.57
27 1501 12.57
27 1502 12.57
27 1503 12.57
27 1504 12.57
27 1505 12.57
27 1506 12.57
27 1507 12.57
27 1508 12.57
27 1509 12.57
27 1510 12.57
27 1511 12.57
27 1512 12.57
27 1513 12.57
27 1514 12.57
27 1515 12.57
28 1516 12.57
28 1517 12.57
28 1518 12.57
28 1519 12.57
28 1520 12.57
28 1521 12.57
28 1522 12.57
28 1523 12.57
28 1524 12.57
28 1525 12.57
28 1526 12.57
28 1527 12.57
28 1528 12.57
28 1529 12.57
28 1530 12.57
28 1531 12.57
28 1532 12.57
28 1533 12.57
28 1534 12.57
28 1535 12.57
28 1536 12.57
28 1537 12.57
28 1538 12.57
28 1539 12.57
28 1540 12.57
28 1541 12.57
28 1542 12.57
28 1543 12.57
28 1544 12.57
28 1545 12.57
28 1546 12.57
28 1547 12.57
28 1548 12.57
28 1549 12.57
28 1550 12.57
28 1551 12.57
28 1552 12.57
28 1553 12.57
28 1554 12.57
28 1555 12.57
28 1556 12.57
28 1557 12.57
28 1558 12.57
28 1559 12.57
28 1560 12.57
28 1561 12.57
28 1562 12.57
28 1563 12.57
29 1564 12.57
29 1565 12.57
29 1566 12.57
29 1567 12.57
29 1568 12.57
29 1569 12.57
29 1570 12.57
29 1571 12.57
29 1572 12.57
29 1573 12.57
29 1574 12.57
29 1575 12.57
29 1576 12.57
29 1577 12.57
29 1578 12.57
29 1579 12.57
29 1580 12.57
29 1581 12.57
29 1582 12.57
29 1583 12.57
29 1584 12.57
29 1585 12.57
29 1586 12.57
29 1587 12.57
29 1588 12.57
29 1589 12.57
29 1590 12.57
29 1591 12.57
29 1592 12.57
29 1593 12.57
29 1594 12.57
29 1595 12.57
29 1596 12.57
29 1597 12.57
29 1598 12.57
29 1599 12.57
29 1600 12.57
29 1601 12.57
29 1602 12.57
29 1603 12.57
29 1604 12.57
29 1605 12.57
29 1606 12.57
29 1607 12.57
30 1608 12.57
30 1609 12.57
30 1610 12.57
30 1611 12.57
30 1612 12.57
30 1613 12.57
30 1614 12.57
30 1615 12.57
30 1616 12.57
30 1617 12.57
30 1618 12.57
30 1619 12.57
30 1620 12.57
30 1621 12.57
30 1622 12.57
30 1623 12.57
30 1624 12.57
30 1625 12.57
30 1626 12.57
30 1627 12.57
30 1628 12.57
30 1629 12.57
30 1630 12.57
30 1631 12.57
30 1632 12.57
30 1633 12.57
30 1634 12.57
30 1635 12.57
30 1636 12.57
30 1637 12.57
30 1638 12.57
30 1639 12.57
30 1640 12.57
30 1641 12.57
30 1642 12.57
30 1643 12.57
30 1644 12.57
30 1645 12.57
30 1646 12.57
30 1647 12.57
30 1648 12.57
30 1649 12.57
30 1650 12.57
30 1651 12.57
30 1652 12.57
30 1653 12.57
30 1654 12.57
30 1655 12.57
30 1656 12.57
30 1657 12.57
30 1658 12.57
30 1659 12.57
30 1660 12.57
30 1661 12.57
30 1662 12.57
31 1663 12.57
31 1664 12.57
31 1665 12.57
31 1666 12.57
31 1667 12.57
31 1668 12.57
31 1669 12.57
31 1670 12.57
31 1671 12.57
31 1672 12.57
31 1673 12.57
31 1674 12.57
31 1675 12.57
31 1676 12.57
31 1677 12.57
31 1678 12.57
31 1679 12.57
31 1680 12.57
31 1681 12.57
31 1682 12.57
31 1683 12.57
31 1684 12.57
31 1685 12.57
31 1686 12.57
31 1687 12.57
31 1688 12.57
31 1689 12.57
31 1690 12.57
31 1691 12.57
31 1692 12.57
31 1693 12.57
31 1694 12.57
31 1695 12.57
31 1696 12.57
31 1697 12.57
31 1698 12.57
31 1699 12.57
31 1700 12.57
31 1701 12.57
31 1702 12.57
31 1703 12.57
31 1704 12.57
31 1705 12.57
31 1706 12.57
31 1707 12.57
31 1708 12.57
31 1709 12.57
31 1710 12.57
31 1711 12.57
31 1712 12.57
31 1713 12.57
31 1714 12.57
31 1715 12.57
31 1716 12.57
32 1717 12.57
32 1718 12.57
32 1719 12.57
32 1720 12.57
32 1721 12.57
32 1722 12.57
32 1723 12.57
32 1724 12.57
32 1725 12.57
32 1726 12.57
32 1727 12.57
32 1728 12.57
32 1729 12.57
32 1730 12.57
32 1731 12.57
32 1732 12.57
32 1733 12.57
32 1734 12.57
32 1735 12.57
32 1736 12.57
32 1737 12.57
32 1738 12.57
32 1739 12.57
32 1740 12.57
32 1741 12.57
32 1742 12.57
32 1743 12.57
32 1744 12.57
32 1745 12.57
32 1746 12.57
32 1747 12.57
32 1748 12.57
32 1749 12.57
32 1750 12.57
32 1751 12.57
32 1752 12.57
32 1753 12.57
32 1754 12.57
32 1755 12.57
32 1756 12.57
32 1757 12.57
32 1758 12.57
32 1759 12.57
32 1760 12.57
32 1761 12.57
32 1762 12.57
32 1763 12.57
32 1764 12.57
32 1765 12.57
32 1766 12.57
32 1767 12.57
32 1768 12.57
32 1769 12.57
33 1770 12.57
33 1771 12.57
33 1772 12.57
33 1773 12.57
33 1774 12.57
33 1775 12.57
33 1776 12.57
33 1777 12.57
33 1778 12.57
33 1779 12.57
33 1780 12.57
33 1781 12.57
33 1782 12.57
33 1783 12.57
33 1784 12.57
33 1785 12.57
33 1786 12.57
33 1787 12.57
33 1788 12.57
33 1789 12.57
33 1790 12.57
33 1791 12.57
33 1792 12.57
33 1793 12.57
33 1794 12.57
33 1795 12.57
33 1796 12.57
33 1797 12.57
33 1798 12.57
33 1799 12.57
33 1800 12.57
33 1801 12.57
33 1802 12.57
33 1803 12.57
33 1804 12.57
33 1805 12.57
33 1806 12.57
33 1807 12.57
33 1808 12.57
33 1809 12.57
33 1810 12.57
33 1811 12.57
33 1812 12.57
33 1813 12.57
33 1814 12.57
33 1815 12.57
33 1816 12.57
33 1817 12.57
33 1818 12.57
33 1819 12.57
33 1820 12.57
33 1821 12.57
33 1822 12.57
34 1823 12.57
34 1824 12.57
34 1825 12.57
34 1826 12.57
34 1827 12.57
34 1828 12.57
34 1829 12.57
34 1830 12.57
34 1831 12.57
34 1832 12.57
34 1833 12.57
34 1834 12.57
34 1835 12.57
34 1836 12.57
34 1837 12.57
34 1838 12.57
34 1839 12.57
34 1840 12.57
34 1841 12.57
34 1842 12.57
34 1843 12.57
34 1844 12.57
34 1845 12.57
34 1846 12.57
34 1847 12.57
34 1848 12.57
34 1849 12.57
34 1850 12.57
34 1851 12.57
34 1852 12.57
34 1853 12.57
34 1854 12.57
34 1855 12.57
34 1856 12.57
34 1857 12.57
34 1858 12.57
34 1859 12.57
34 1860 12.57
34 1861 12.57
34 1862 12.57
34 1863 12.57
34 1864 12.57
34 1865 12.57
34 1866 12.57
34 1867 12.57
34 1868 12.57
34 1869 12.57
34 1870 12.57
34 1871 12.57
34 1872 12.57
34 1873 12.57
34 1874 12.57
34 1875 12.57
34 1876 12.57
34 1877 12.57
34 1878 12.57
35 1879 12.57
35 1880 12.57
35 1881 12.57
35 1882 12.57
35 1883 12.57
35 1884 12.57
35 1885 12.57
35 1886 12.57
35 1887 12.57
35 1888 12.57
35 1889 12.57
35 1890 12.57
35 1891 12.57
35 1892 12.57
35 1893 12.57
35 1894 12.57
35 1895 12.57
35 1896 12.57
35 1897 12.57
35 1898 12.57
35 1899 12.57
35 1900 12.57
35 1901 12.57
35 1902 12.57
35 1903 12.57
35 1904 12.57
35 1905 12.57
35 1906 12.57
35 1907 12.57
35 1908 12.57
35 1909 12.57
35 1910 12.57
35 1911 12.57
35 1912 12.57
35 1913 12.57
35 1914 12.57
35 1915 12.57
35 1916 12.57
35 1917 12.57
35 1918 12.57
35 1919 12.57
35 1920 12.57
35 1921 12.57
35 1922 12.57
35 1923 12.57
35 1924 12.57
35 1925 12.57
36 1926 12.57
36 1927 12.57
36 1928 12.57
36 1929 12.57
36 1930 12.57
36 1931 12.57
36 1932 12.57
36 1933 12.57
36 1934 12.57
36 1935 12.57
36 1936 12.57
36 1937 12.57
36 1938 12.57
36 1939 12.57
36 1940 12.57
36 1941 12.57
36 1942 12.57
36 1943 12.57
36 1944 12.57
36 1945 12.57
36 1946 12.57
36 1947 12.57
36 1948 12.57
36 1949 12.57
36 1950 12.57
36 1951 12.57
36 1952 12.57
36 1953 12.57
36 1954 12.57
36 1955 12.57
36 1956 12.57
36 1957 12.57
36 1958 12.57
36 1959 12.57
36 1960 12.57
36 1961 12.57
36 1962 12.57
36 1963 12.57
36 1964 12.57
36 1965 12.57
36 1966 12.57
36 1967 12.57
36 1968 12.57
36 1969 12.57
36 1970 12.57
36 1971 12.57
36 1972 12.57
37 1973 12.57
37 1974 12.57
37 1975 12.57
37 1976 12.57
37 1977 12.57
37 1978 12.57
37 1979 12.57
37 1980 12.57
37 1981 12.57
37 1982 12.57
37 1983 12.57
37 1984 12.57
37 1985 12.57
37 1986 12.57
37 1987 12.57
37 1988 12.57
37 1989 12.57
37 1990 12.57
37 1991 12.57
37 1992 12.57
37 1993 12.57
37 1994 12.57
37 1995 12.57
37 1996 12.57
37 1997 12.57
37 1998 12.57
37 1999 12.57
37 2000 12.57
37 2001 12.57
37 2002 12.57
37 2003 12.57
37 2004 12.57
37 2005 12.57
37 2006 12.57
37 2007 12.57
37 2008 12.57
37 2009 12.57
37 2010 12.57
37 2011 12.57
37 2012 12.57
37 2013 12.57
37 2014 12.57
37 2015 12.57
37 2016 12.57
37 2017 12.57
37 2018 12.57
37 2019 12.57
37 2020 12.57
37 2021 12.57
37 2022 12.57
38 2023 12.57
38 2024 12.57
38 2025 12.57
38 2026 12.57
38 2027 12.57
38 2028 12.57
38 2029 12.57
38 2030 12.57
38 2031 12.57
38 2032 12.57
38 2033 12.57
38 2034 12.57
38 2035 12.57
38 2036 12.57
38 2037 12.57
38 2038 12.57
38 2039 12.57
38 2040 12.57
38 2041 12.57
38 2042 12.57
38 2043 12.57
38 2044 12.57
38 2045 12.57
38 2046 12.57
38 2047 12.57
38 2048 12.57
38 2049 12.57
38 2050 12.57
38 2051 12.57
38 2052 12.57
38 2053 12.57
38 2054 12.57
38 2055 12.57
38 2056 12.57
38 2057 12.57
38 2058 12.57
38 2059 12.57
38 2060 12.57
38 2061 12.57
38 2062 12.57
38 2063 12.57
38 2064 12.57
38 2065 12.57
38 2066 12.57
38 2067 12.57
38 2068 12.57
38 2069 12.57
38 2070 12.57
38 2071 12.57
38 2072 12.57
38 2073 12.57
39 2074 12.57
39 2075 12.57
39 2076 12.57
39 2077 12.57
39 2078 12.57
39 2079 12.57
39 2080 12.57
39 2081 12.57
39 2082 12.57
39 2083 12.57
39 2084 12.57
39 2085 12.57
39 2086 12.57
39 2087 12.57
39 2088 12.57
39 2089 12.57
39 2090 12.57
39 2091 12.57
39 2092 12.57
39 2093 12.57
39 2094 12.57
39 2095 12.57
39 2096 12.57
39 2097 12.57
39 2098 12.57
39 2099 12.57
39 2100 12.57
39 2101 12.57
39 2102 12.57
39 2103 12.57
39 2104 12.57
39 2105 12.57
39 2106 12.57
39 2107 12.57
39 2108 12.57
39 2109 12.57
39 2110 12.57
39 2111 12.57
39 2112 12.57
39 2113 12.57
39 2114 12.57
39 2115 12.57
39 2116 12.57
39 2117 12.57
39 2118 12.57
39 2119 12.57
39 2120 12.57
39 2121 12.57
39 2122 12.57
39 2123 12.57
39 2124 12.57
39 2125 12.57
39 2126 12.57
39 2127 12.57
39 2128 12.57
39 2129 12.57
39 2130 12.57
39 2131 12.57
39 2132 12.57
40 2133 12.57
40 2134 12.57
40 2135 12.57
40 2136 12.57
40 2137 12.57
40 2138 12.57
40 2139 12.57
40 2140 12.57
40 2141 12.57
40 2142 12.57
40 2143 12.57
40 2144 12.57
40 2145 12.57
40 2146 12.57
40 2147 12.57
40 2148 12.57
40 2149 12.57
40 2150 12.57
40 2151 12.57
40 2152 12.57
40 2153 12.57
40 2154 12.57
40 2155 12.57
40 2156 12.57
40 2157 12.57
40 2158 12.57
40 2159 12.57
40 2160 12.57
40 2161 12.57
40 2162 12.57
40 2163 12.57
40 2164 12.57
40 2165 12.57
40 2166 12.57
40 2167 12.57
40 2168 12.57
40 2169 12.57
40 2170 12.57
40 2171 12.57
40 2172 12.57
40 2173 12.57
40 2174 12.57
40 2175 12.57
40 2176 12.57
40 2177 12.57
40 2178 12.57
40 2179 12.57
40 2180 12.57
40 2181 12.57
40 2182 12.57
40 2183 12.57
41 2184 12.57
41 2185 12.57
41 2186 12.57
41 2187 12.57
41 2188 12.57
41 2189 12.57
41 2190 12.57
41 2191 12.57
41 2192 12.57
41 2193 12.57
41 2194 12.57
41 2195 12.57
41 2196 12.57
41 2197 12.57
41 2198 12.57
41 2199 12.57
41 2200 12.57
41 2201 12.57
41 2202 12.57
41 2203 12.57
41 2204 12.57
41 2205 12.57
41 2206 12.57
41 2207 12.57
41 2208 12.57
41 2209 12.57
41 2210 12.57
41 2211 12.57
41 2212 12.57
41 2213 12.57
41 2214 12.57
41 2215 12.57
41 2216 12.57
41 2217 12.57
41 2218 12.57
41 2219 12.57
41 2220 12.57
41 2221 12.57
41 2222 12.57
41 2223 12.57
41 2224 12.57
41 2225 12.57
41 2226 12.57
41 2227 12.57
42 2228 12.57
42 2229 12.57
42 2230 12.57
42 2231 12.57
42 2232 12.57
42 2233 12.57
42 2234 12.57
42 2235 12.57
42 2236 12.57
42 2237 12.57
42 2238 12.57
42 2239 12.57
42 2240 12.57
42 2241 12.57
42 2242 12.57
42 2243 12.57
42 2244 12.57
42 2245 12.57
42 2246 12.57
42 2247 12.57
42 2248 12.57
42 2249 12.57
42 2250 12.57
42 2251 12.57
42 2252 12.57
42 2253 12.57
42 2254 12.57
42 2255 12.57
42 2256 12.57
42 2257 12.57
42 2258 12.57
42 2259 12.57
42 2260 12.57
42 2261 12.57
42 2262 12.57
42 2263 12.57
42 2264 12.57
42 2265 12.57
42 2266 12.57
42 2267 12.57
42 2268 12.57
42 2269 12.57
42 2270 12.57
42 2271 12.57
42 2272 12.57
42 2273 12.57
42 2274 12.57
42 2275 12.57
42 2276 12.57
43 2277 12.57
43 2278 12.57
43 2279 12.57
43 2280 12.57
43 2281 12.57
43 2282 12.57
43 2283 12.57
43 2284 12.57
43 2285 12.57
43 2286 12.57
43 2287 12.57
43 2288 12.57
43 2289 12.57
43 2290 12.57
43 2291 12.57
43 2292 12.57
43 2293 12.57
43 2294 12.57
43 2295 12.57
43 2296 12.57
43 2297 12.57
43 2298 12.57
43 2299 12.57
43 2300 12.57
43 2301 12.57
43 2302 12.57
43 2303 12.57
43 2304 12.57
43 2305 12.57
43 2306 12.57
43 2307 12.57
43 2308 12.57
43 2309 12.57
43 2310 12.57
43 2311 12.57
43 2312 12.57
43 2313 12.57
43 2314 12.57
43 2315 12.57
43 2316 12.57
43 2317 12.57
43 2318 12.57
43 2319 12.57
43 2320 12.57
43 2321 12.57
43 2322 12.57
43 2323 12.57
43 2324 12.57
43 2325 12.57
44 2326 12.57
44 2327 12.57
44 2328 12.57
44 2329 12.57
44 2330 12.57
44 2331 12.57
44 2332 12.57
44 2333 12.57
44 2334 12.57
44 2335 12.57
44 2336 12.57
44 2337 12.57
44 2338 12.57
44 2339 12.57
44 2340 12.57
44 2341 12.57
44 2342 12.57
44 2343 12.57
44 2344 12.57
44 2345 12.57
44 2346 12.57
44 2347 12.57
44 2348 12.57
44 2349 12.57
44 2350 12.57
44 2351 12.57
44 2352 12.57
44 2353 12.57
44 2354 12.57
44 2355 12.57
44 2356 12.57
44 2357 12.57
44 2358 12.57
44 2359 12.57
44 2360 12.57
44 2361 12.57
44 2362 12.57
44 2363 12.57
44 2364 12.57
44 2365 12.57
44 2366 12.57
44 2367 12.57
45 2368 12.57
45 2369 12.57
45 2370 12.57
45 2371 12.57
45 2372 12.57
45 2373 12.57
45 2374 12.57
45 2375 12.57
45 2376 12.57
45 2377 12.57
45 2378 12.57
45 2379 12.57
45 2380 12.57
45 2381 12.57
45 2382 12.57
45 2383 12.57
45 2384 12.57
45 2385 12.57
45 2386 12.57
45 2387 12.57
45 2388 12.57
45 2389 12.57
45 2390 12.57
45 2391 12.57
45 2392 12.57
45 2393 12.57
45 2394 12.57
45 2395 12.57
45 2396 12.57
45 2397 12.57
45 2398 12.57
45 2399 12.57
45 2400 12.57
45 2401 12.57
45 2402 12.57
45 2403 12.57
45 2404 12.57
45 2405 12.57
45 2406 12.57
45 2407 12.57
45 2408 12.57
45 2409 12.57
45 2410 12.57
45 2411 12.57
45 2412 12.57
45 2413 12.57
45 2414 12.57
45 2415 12.57
45 2416 12.57
45 2417 12.57
46 2418 12.57
46 2419 12.57
46 2420 12.57
46 2421 12.57
46 2422 12.57
46 2423 12.57
46 2424 12.57
46 2425 12.57
46 2426 12.57
46 2427 12.57
46 2428 12.57
46 2429 12.57
46 2430 12.57
46 2431 12.57
46 2432 12.57
46 2433 12.57
46 2434 12.57
46 2435 12.57
46 2436 12.57
46 2437 12.57
46 2438 12.57
46 2439 12.57
46 2440 12.57
46 2441 12.57
46 2442 12.57
46 2443 12.57
46 2444 12.57
46 2445 12.57
46 2446 12.57
46 2447 12.57
46 2448 12.57
46 2449 12.57
46 2450 12.57
46 2451 12.57
46 2452 12.57
46 2453 12.57
46 2454 12.57
46 2455 12.57
46 2456 12.57
46 2457 12.57
46 2458 12.57
46 2459 12.57
46 2460 12.57
46 2461 12.57
46 2462 12.57
46 2463 12.57
46 2464 12.57
46 2465 12.57
46 2466 12.57
46 2467 12.57
46 2468 12.57
46 2469 12.57
46 2470 12.57
46 2471 12.57
47 2472 12.57
47 2473 12.57
47 2474 12.57
47 2475 12.57
47 2476 12.57
47 2477 12.57
47 2478 12.57
47 2479 12.57
47 2480 12.57
47 2481 12.57
47 2482 12.57
47 2483 12.57
47 2484 12.57
47 2485 12.57
47 2486 12.57
47 2487 12.57
47 2488 12.57
47 2489 12.57
47 2490 12.57
47 2491 12.57
47 2492 12.57
47 2493 12.57
47 2494 12.57
47 2495 12.57
47 2496 12.57
47 2497 12.57
47 2498 12.57
47 2499 12.57
47 2500 12.57
47 2501 12.57
47 2502 12.57
47 2503 12.57
47 2504 12.57
47 2505 12.57
47 2506 12.57
47 2507 12.57
47 2508 12.57
47 2509 12.57
47 2510 12.57
47 2511 12.57
47 2512 12.57
47 2513 12.57
47 2514 12.57
47 2515 12.57
47 2516 12.57
47 2517 12.57
47 2518 12.57
47 2519 12.57
47 2520 12.57
47 2521 12.57
47 2522 12.57
47 2523 12.57
47 2524 12.57
47 2525 12.57
47 2526 12.57
48 2527 12.57
48 2528 12.57
48 2529 12.57
48 2530 12.57
48 2531 12.57
48 2532 12.57
48 2533 12.57
48 2534 12.57
48 2535 12.57
48 2536 12.57
48 2537 12.57
48 2538 12.57
48 2539 12.57
48 2540 12.57
48 2541 12.57
48 2542 12.57
48 2543 12.57
48 2544 12.57
48 2545 12.57
48 2546 12.57
48 2547 12.57
48 2548 12.57
48 2549 12.57
48 2550 12.57
48 2551 12.57
48 2552 12.57
48 2553 12.57
48 2554 12.57
48 2555 12.57
48 2556 12.57
48 2557 12.57
48 2558 12.57
48 2559 12.57
48 2560 12.57
48 2561 12.57
48 2562 12.57
48 2563 12.57
48 2564 12.57
48 2565 12.57
48 2566 12.57
48 2567 12.57
48 2568 12.57
48 2569 12.57
48 2570 12.57
48 2571 12.57
48 2572 12.57
49 2573 12.57
49 2574 12.57
49 2575 12.57
49 2576 12.57
49 2577 12.57
49 2578 12.57
49 2579 12.57
49 2580 12.57
49 2581 12.57
49 2582 12.57
49 2583 12.57
49 2584 12.57
49 2585 12.57
49 2586 12.57
49 2587 12.57
49 2588 12.57
49 2589 12.57
49 2590 12.57
49 2591 12.57
49 2592 12.57
49 2593 12.57
49 2594 12.57
49 2595 12.57
49 2596 12.57
49 2597 12.57
49 2598 12.57
49 2599 12.57
49 2600 12.57
49 2601 12.57
49 2602 12.57
49 2603 12.57
49 2604 12.57
49 2605 12.57
49 2606 12.57
49 2607 12.57
49 2608 12.57
49 2609 12.57
49 2610 12.57
49 2611 12.57
49 2612 12.57
49 2613 12.57
49 2614 12.57
49 2615 12.57
49 2616 12.57
49 2617 12.57
49 2618 12.57
49 2619 12.57
49 2620 12.57
49 2621 12.57
49 2622 12.57
49 2623 12.57
49 2624 12.57
49 2625 12.57
49 2626 12.57
49 2627 12.57
49 2628 12.57
50 2629 12.57
50 2630 12.57
50 2631 12.57
50 2632 12.57
50 2633 12.57
50 2634 12.57
50 2635 12.57
50 2636 12.57
50 2637 12.57
50 2638 12.57
50 2639 12.57
50 2640 12.57
50 2641 12.57
50 2642 12.57
50 2643 12.57
50 2644 12.57
50 2645 12.57
50 2646 12.57
50 2647 12.57
50 2648 12.57
50 2649 12.57
50 2650 12.57
50 2651 12.57
50 2652 12.57
50 2653 12.57
50 2654 12.57
50 2655 12.57
50 2656 12.57
50 2657 12.57
50 2658 12.57
50 2659 12.57
50 2660 12.57
50 2661 12.57
50 2662 12.57
50 2663 12.57
50 2664 12.57
50 2665 12.57
50 2666 12.57
50 2667 12.57
50 2668 12.57
50 2669 12.57
50 2670 12.57
50 2671 12.57
50 2672 12.57
50 2673 12.57
50 2674 12.57
50 2675 12.57
50 2676 12.57
50 2677 12.57
50 2678 12.57
50 2679 12.57
50 2680 12.57
50 2681 12.57
50 2682 12.57
50 2683 12.57
50 2684 12.450000000000001
50 2685 12.450000000000001
51 2686 12.450000000000001
51 2687 12.450000000000001
51 2688 12.450000000000001
51 2689 12.450000000000001
51 2690 12.450000000000001
51 2691 12.450000000000001
51 2692 12.450000000000001
51 2693 12.41
51 2694 12.41
51 2695 12.41
51 2696 12.41
51 2697 12.41
51 2698 12.41
51 2699 12.41
51 2700 12.41
51 2701 12.41
51 2702 12.41
51 2703 12.41
51 2704 12.41
51 2705 12.41
51 2706 12.41
51 2707 12.41
51 2708 12.41
51 2709 12.41
51 2710 12.41
51 2711 12.41
51 2712 12.41
51 2713 12.41
51 2714 12.41
51 2715 12.41
51 2716 12.41
51 2717 12.41
51 2718 12.41
51 2719 12.41
51 2720 12.41
51 2721 12.41
51 2722 12.41
51 2723 12.41
51 2724 12.41
51 2725 12.41
51 2726 12.41
51 2727 12.41
51 2728 12.41
51 2729 12.41
51 2730 12.41
52 2731 12.41
52 2732 12.41
52 2733 12.41
52 2734 12.41
52 2735 12.41
52 2736 12.41
52 2737 12.41
52 2738 12.41
52 2739 12.41
52 2740 12.41
52 2741 12.41
52 2742 12.41
52 2743 12.41
52 2744 12.41
52 2745 12.41
52 2746 12.41
52 2747 12.41
52 2748 12.41
52 2749 12.41
52 2750 12.41
52 2751 12.41
52 2752 12.41
52 2753 12.41
52 2754 12.41
52 2755 12.41
52 2756 12.41
52 2757 12.41
52 2758 12.41
52 2759 12.41
52 2760 12.41
52 2761 12.41
52 2762 12.41
52 2763 12.41
52 2764 12.41
52 2765 12.41
52 2766 12.41
52 2767 12.41
52 2768 12.41
52 2769 12.41
52 2770 12.41
52 2771 12.41
52 2772 12.41
52 2773 12.41
52 2774 12.41
52 2775 12.41
52 2776 12.41
52 2777 12.41
52 2778 12.41
52 2779 12.41
52 2780 12.41
52 2781 12.41
53 2782 12.41
53 2783 12.41
53 2784 12.41
53 2785 12.41
53 2786 12.41
53 2787 12.41
53 2788 12.41
53 2789 12.41
53 2790 12.41
53 2791 12.41
53 2792 12.41
53 2793 12.41
53 2794 12.41
53 2795 12.41
53 2796 12.41
53 2797 12.41
53 2798 12.41
53 2799 12.41
53 2800 12.41
53 2801 12.41
53 2802 12.41
53 2803 12.41
53 2804 12.41
53 2805 12.41
53 2806 12.41
53 2807 12.41
53 2808 12.41
53 2809 12.41
53 2810 12.41
53 2811 12.41
53 2812 12.41
53 2813 12.41
53 2814 12.41
53 2815 12.41
53 2816 12.41
53 2817 12.41
53 2818 12.41
53 2819 12.41
53 2820 12.41
53 2821 12.41
53 2822 12.41
53 2823 12.41
53 2824 12.41
53 2825 12.41
53 2826 12.41
53 2827 12.41
53 2828 12.41
53 2829 12.41
53 2830 12.41
53 2831 12.41
53 2832 12.41
53 2833 12.41
53 2834 12.41
53 2835 12.41
53 2836 12.41
54 2837 12.41
54 2838 12.41
54 2839 12.41
54 2840 12.41
54 2841 12.41
54 2842 12.41
54 2843 12.41
54 2844 12.41
54 2845 12.41
54 2846 12.41
54 2847 12.41
54 2848 12.41
54 2849 12.41
54 2850 12.41
54 2851 12.41
54 2852 12.41
54 2853 12.41
54 2854 12.41
54 2855 12.41
54 2856 12.41
54 2857 12.41
54 2858 12.41
54 2859 12.41
54 2860 12.41
54 2861 12.41
54 2862 12.41
54 2863 12.41
54 2864 12.41
54 2865 12.41
54 2866 12.41
54 2867 12.41
54 2868 12.41
54 2869 12.41
54 2870 12.41
54 2871 12.41
54 2872 12.41
54 2873 12.41
54 2874 12.41
54 2875 12.41
54 2876 12.41
54 2877 12.41
54 2878 12.41
54 2879 12.41
54 2880 12.41
54 2881 12.41
54 2882 12.41
54 2883 12.41
54 2884 12.41
54 2885 12.41
54 2886 12.41
54 2887 12.41
54 2888 12.41
54 2889 12.41
54 2890 12.41
54 2891 12.41
54 2892 12.41
55 2893 12.41
55 2894 12.41
55 2895 12.41
55 2896 12.41
55 2897 12.41
55 2898 12.41
55 2899 12.41
55 2900 12.41
55 2901 12.41
55 2902 12.41
55 2903 12.41
55 2904 12.41
55 2905 12.41
55 2906 12.41
55 2907 12.41
55 2908 12.41
55 2909 12.41
55 2910 12.41
55 2911 12.41
55 2912 12.41
55 2913 12.41
55 2914 12.41
55 2915 12.41
55 2916 12.41
55 2917 12.41
55 2918 12.41
55 2919 12.41
55 2920 12.41
55 2921 12.41
55 2922 12.41
55 2923 12.41
55 2924 12.41
55 2925 12.41
55 2926 12.41
55 2927 12.41
55 2928 12.41
55 2929 12.41
55 2930 12.41
55 2931 12.41
55 2932 12.41
55 2933 12.41
55 2934 12.41
55 2935 12.41
55 2936 12.41
55 2937 12.41
55 2938 12.41
55 2939 12.41
55 2940 12.41
55 2941 12.41
55 2942 12.41
55 2943 12.41
56 2944 12.41
56 2945 12.41
56 2946 12.41
56 2947 12.41
56 2948 12.41
56 2949 12.41
56 2950 12.41
56 2951 12.41
56 2952 12.41
56 2953 12.41
56 2954 12.41
56 2955 12.41
56 2956 12.41
56 2957 12.41
56 2958 12.41
56 2959 12.41
56 2960 12.41
56 2961 12.41
56 2962 12.41
56 2963 12.41
56 2964 12.41
56 2965 12.41
56 2966 12.41
56 2967 12.41
56 2968 12.41
56 2969 12.41
56 2970 12.41
56 2971 12.41
56 2972 12.41
56 2973 12.41
56 2974 12.41
56 2975 12.41
56 2976 12.41
56 2977 12.41
56 2978 12.41
56 2979 12.41
56 2980 12.41
56 2981 12.41
56 2982 12.41
56 2983 12.41
56 2984 12.41
56 2985 12.41
56 2986 12.41
56 2987 12.41
56 2988 12.41
57 2989 12.41
57 2990 12.41
57 2991 12.41
57 2992 12.41
57 2993 12.41
57 2994 12.41
57 2995 12.41
57 2996 12.41
57 2997 12.41
57 2998 12.41
57 2999 12.41
57 3000 12.41
57 3001 12.41
57 3002 12.41
57 3003 12.41
57 3004 12.41
57 3005 12.41
57 3006 12.41
57 3007 12.41
57 3008 12.41
57 3009 12.41
57 3010 12.41
57 3011 12.41
57 3012 12.41
57 3013 12.41
57 3014 12.41
57 3015 12.41
57 3016 12.41
57 3017 12.41
57 3018 12.41
57 3019 12.41
57 3020 12.41
57 3021 12.41
57 3022 12.41
57 3023 12.41
57 3024 12.41
57 3025 12.41
58 3026 12.41
58 3027 12.41
58 3028 12.41
58 3029 12.41
58 3030 12.41
58 3031 12.41
58 3032 12.41
58 3033 12.41
58 3034 12.41
58 3035 12.41
58 3036 12.41
58 3037 12.41
58 3038 12.41
58 3039 12.41
58 3040 12.41
58 3041 12.41
58 3042 12.41
58 3043 12.41
58 3044 12.41
58 3045 12.41
58 3046 12.41
58 3047 12.41
58 3048 12.41
58 3049 12.41
58 3050 12.41
58 3051 12.41
58 3052 12.41
58 3053 12.41
58 3054 12.41
58 3055 12.41
58 3056 12.41
58 3057 12.41
58 3058 12.41
58 3059 12.41
58 3060 12.41
58 3061 12.41
58 3062 12.41
58 3063 12.41
58 3064 12.41
58 3065 12.41
58 3066 12.41
58 3067 12.41
58 3068 12.41
58 3069 12.41
58 3070 12.41
58 3071 12.41
58 3072 12.41
58 3073 12.41
58 3074 12.41
58 3075 12.41
58 3076 12.41
58 3077 12.41
59 3078 12.41
59 3079 12.41
59 3080 12.41
59 3081 12.41
59 3082 12.41
59 3083 12.41
59 3084 12.41
59 3085 12.41
59 3086 12.41
59 3087 12.41
59 3088 12.41
59 3089 12.41
59 3090 12.41
59 3091 12.41
59 3092 12.41
59 3093 12.41
59 3094 12.41
59 3095 12.41
59 3096 12.41
59 3097 12.41
59 3098 12.41
59 3099 12.41
59 3100 12.41
59 3101 12.41
59 3102 12.41
59 3103 12.41
59 3104 12.41
59 3105 12.41
59 3106 12.41
59 3107 12.41
59 3108 12.41
59 3109 12.41
59 3110 12.41
59 3111 12.41
59 3112 12.41
59 3113 12.41
59 3114 12.41
59 3115 12.41
59 3116 12.41
59 3117 12.41
59 3118 12.41
59 3119 12.41
59 3120 12.41
59 3121 12.41
59 3122 12.41
59 3123 12.41
59 3124 12.41
59 3125 12.41
59 3126 12.41
59 3127 12.41
59 3128 12.41
59 3129 12.41
59 3130 12.41
59 3131 12.41
59 3132 12.41
59 3133 12.41
60 3134 12.41
60 3135 12.41
60 3136 12.41
60 3137 12.41
60 3138 12.41
60 3139 12.41
60 3140 12.41
60 3141 12.41
60 3142 12.41
60 3143 12.41
60 3144 12.41
60 3145 12.41
60 3146 12.41
60 3147 12.41
60 3148 12.41
60 3149 12.41
60 3150 12.41
60 3151 12.41
60 3152 12.41
60 3153 12.41
60 3154 12.41
60 3155 12.41
60 3156 12.41
60 3157 12.41
60 3158 12.41
60 3159 12.41
60 3160 12.41
60 3161 12.41
60 3162 12.41
60 3163 12.41
60 3164 12.41
60 3165 12.41
60 3166 12.41
60 3167 12.41
60 3168 12.41
60 3169 12.41
60 3170 12.41
60 3171 12.41
60 3172 12.41
60 3173 12.41
60 3174 12.41
60 3175 12.41
60 3176 12.41
60 3177 12.41
60 3178 12.41
60 3179 12.41
60 3180 12.41
60 3181 12.41
60 3182 12.41
60 3183 12.41
60 3184 12.41
60 3185 12.41
60 3186 12.41
60 3187 12.41
61 3188 12.41
61 3189 12.41
61 3190 12.41
61 3191 12.41
61 3192 12.41
61 3193 12.41
61 3194 12.41
61 3195 12.41
61 3196 12.41
61 3197 12.41
61 3198 12.41
61 3199 12.41
61 3200 12.41
61 3201 12.41
61 3202 12.41
61 3203 12.41
61 3204 12.41
61 3205 12.41
61 3206 12.41
61 3207 12.41
61 3208 12.41
61 3209 12.41
61 3210 12.41
61 3211 12.41
61 3212 12.41
61 3213 12.41
61 3214 12.41
61 3215 12.41
61 3216 12.41
61 3217 12.41
61 3218 12.41
61 3219 12.41
61 3220 12.41
61 3221 12.41
61 3222 12.41
61 3223 12.41
61 3224 12.41
61 3225 12.41
61 3226 12.41
61 3227 12.41
61 3228 12.41
61 3229 12.41
61 3230 12.41
61 3231 12.41
61 3232 12.41
61 3233 12.41
61 3234 12.41
61 3235 12.41
61 3236 12.41
61 3237 12.41
61 3238 12.41
61 3239 12.41
61 3240 12.41
62 3241 12.41
62 3242 12.41
62 3243 12.41
62 3244 12.41
62 3245 12.41
62 3246 12.41
62 3247 12.41
62 3248 12.41
62 3249 12.41
62 3250 12.41
62 3251 12.41
62 3252 12.41
62 3253 12.41
62 3254 12.41
62 3255 12.41
62 3256 12.41
62 3257 12.41
62 3258 12.41
62 3259 12.41
62 3260 12.41
62 3261 12.41
62 3262 12.41
62 3263 12.41
62 3264 12.41
62 3265 12.41
62 3266 12.41
62 3267 12.41
62 3268 12.41
62 3269 12.41
62 3270 12.41
62 3271 12.41
62 3272 12.41
62 3273 12.41
62 3274 12.41
62 3275 12.41
62 3276 12.41
62 3277 12.41
62 3278 12.41
62 3279 12.41
62 3280 12.41
62 3281 12.41
62 3282 12.41
62 3283 12.41
62 3284 12.41
62 3285 12.41
62 3286 12.41
62 3287 12.41
62 3288 12.41
62 3289 12.41
62 3290 12.41
62 3291 12.41
62 3292 12.41
62 3293 12.41
63 3294 12.41
63 3295 12.41
63 3296 12.41
63 3297 12.41
63 3298 12.41
63 3299 12.41
63 3300 12.41
63 3301 12.41
63 3302 12.41
63 3303 12.41
63 3304 12.41
63 3305 12.41
63 3306 12.41
63 3307 12.41
63 3308 12.41
63 3309 12.41
63 3310 12.41
63 3311 12.41
63 3312 12.41
63 3313 12.41
63 3314 12.41
63 3315 12.41
63 3316 12.41
63 3317 12.41
63 3318 12.41
63 3319 12.41
63 3320 12.41
63 3321 12.41
63 3322 12.41
63 3323 12.41
63 3324 12.41
63 3325 12.41
63 3326 12.41
63 3327 12.41
63 3328 12.41
63 3329 12.41
63 3330 12.41
63 3331 12.41
63 3332 12.41
63 3333 12.41
63 3334 12.41
63 3335 12.41
63 3336 12.41
63 3337 12.41
63 3338 12.41
63 3339 12.41
63 3340 12.41
63 3341 12.41
63 3342 12.41
63 3343 12.41
63 3344 12.41
64 3345 12.41
64 3346 12.41
64 3347 12.41
64 3348 12.41
64 3349 12.41
64 3350 12.41
64 3351 12.41
64 3352 12.41
64 3353 12.41
64 3354 12.41
64 3355 12.41
64 3356 12.41
64 3357 12.41
64 3358 12.41
64 3359 12.41
64 3360 12.41
64 3361 12.41
64 3362 12.41
64 3363 12.41
64 3364 12.41
64 3365 12.41
64 3366 12.41
64 3367 12.41
64 3368 12.41
64 3369 12.41
64 3370 12.41
64 3371 12.41
64 3372 12.41
64 3373 12.41
64 3374 12.41
64 3375 12.41
64 3376 12.41
64 3377 12.41
64 3378 12.41
64 3379 12.41
64 3380 12.41
64 3381 12.41
64 3382 12.41
64 3383 12.41
64 3384 12.41
64 3385 12.41
64 3386 12.41
64 3387 12.41
64 3388 12.41
64 3389 12.41
64 3390 12.41
64 3391 12.41
64 3392 12.41
64 3393 12.41
64 3394 12.41
64 3395 12.41
65 3396 12.41
65 3397 12.41
65 3398 12.41
65 3399 12.41
65 3400 12.41
65 3401 12.41
65 3402 12.41
65 3403 12.41
65 3404 12.41
65 3405 12.41
65 3406 12.41
65 3407 12.41
65 3408 12.41
65 3409 12.41
65 3410 12.41
65 3411 12.41
65 3412 12.41
65 3413 12.41
65 3414 12.41
65 3415 12.41
65 3416 12.41
65 3417 12.41
65 3418 12.41
65 3419 12.41
65 3420 12.41
65 3421 12.41
65 3422 12.41
65 3423 12.41
65 3424 12.41
65 3425 12.41
65 3426 12.41
65 3427 12.41
65 3428 12.41
65 3429 12.41
65 3430 12.41
65 3431 12.41
65 3432 12.41
65 3433 12.41
65 3434 12.41
65 3435 12.41
65 3436 12.41
65 3437 12.41
65 3438 12.41
65 3439 12.41
65 3440 12.41
65 3441 12.41
65 3442 12.41
65 3443 12.41
65 3444 12.41
65 3445 12.41
65 3446 12.41
65 3447 12.41
65 3448 12.41
66 3449 12.41
66 3450 12.41
66 3451 12.41
66 3452 12.41
66 3453 12.41
66 3454 12.41
66 3455 12.41
66 3456 12.41
66 3457 12.41
66 3458 12.41
66 3459 12.41
66 3460 12.41
66 3461 12.41
66 3462 12.41
66 3463 12.41
66 3464 12.41
66 3465 12.41
66 3466 12.41
66 3467 12.41
66 3468 12.41
66 3469 12.41
66 3470 12.41
66 3471 12.41
66 3472 12.41
66 3473 12.41
66 3474 12.41
66 3475 12.41
66 3476 12.41
66 3477 12.41
66 3478 12.41
66 3479 12.41
66 3480 12.41
66 3481 12.41
66 3482 12.41
66 3483 12.41
66 3484 12.41
66 3485 12.41
66 3486 12.41
66 3487 12.41
66 3488 12.41
66 3489 12.41
66 3490 12.41
66 3491 12.41
66 3492 12.41
66 3493 12.41
66 3494 12.41
66 3495 12.41
66 3496 12.41
67 3497 12.41
67 3498 12.41
67 3499 12.41
67 3500 12.41
67 3501 12.41
67 3502 12.41
67 3503 12.41
67 3504 12.41
67 3505 12.41
67 3506 12.41
67 3507 12.41
67 3508 12.41
67 3509 12.41
67 3510 12.41
67 3511 12.41
67 3512 12.41
67 3513 12.41
67 3514 12.41
67 3515 12.41
67 3516 12.41
67 3517 12.41
67 3518 12.41
67 3519 12.41
67 3520 12.41
67 3521 12.41
67 3522 12.41
67 3523 12.41
67 3524 12.41
67 3525 12.41
67 3526 12.41
67 3527 12.41
67 3528 12.41
67 3529 12.41
67 3530 12.41
67 3531 12.41
67 3532 12.41
67 3533 12.41
67 3534 12.41
67 3535 12.41
67 3536 12.41
67 3537 12.41
67 3538 12.41
67 3539 12.41
67 3540 12.41
67 3541 12.41
67 3542 12.41
67 3543 12.41
67 3544 12.41
67 3545 12.41
67 3546 12.41
68 3547 12.41
68 3548 12.41
68 3549 12.41
68 3550 12.41
68 3551 12.41
68 3552 12.41
68 3553 12.41
68 3554 12.41
68 3555 12.41
68 3556 12.41
68 3557 12.41
68 3558 12.41
68 3559 12.41
68 3560 12.41
68 3561 12.41
68 3562 12.41
68 3563 12.41
68 3564 12.41
68 3565 12.41
68 3566 12.41
68 3567 12.41
68 3568 12.41
68 3569 12.41
68 3570 12.41
68 3571 12.41
68 3572 12.41
68 3573 12.41
68 3574 12.41
68 3575 12.41
68 3576 12.41
68 3577 12.41
68 3578 12.41
68 3579 12.41
68 3580 12.41
68 3581 12.41
68 3582 12.41
68 3583 12.41
68 3584 12.41
68 3585 12.41
68 3586 12.41
68 3587 12.41
68 3588 12.41
68 3589 12.41
68 3590 12.41
68 3591 12.41
68 3592 12.41
68 3593 12.41
68 3594 12.41
68 3595 12.41
68 3596 12.41
68 3597 12.41
68 3598 12.41
68 3599 12.41
68 3600 12.41
68 3601 12.41
69 3602 12.41
69 3603 12.41
69 3604 12.41
69 3605 12.41
69 3606 12.41
69 3607 12.41
69 3608 12.41
69 3609 12.41
69 3610 12.41
69 3611 12.41
69 3612 12.41
69 3613 12.41
69 3614 12.41
69 3615 12.41
69 3616 12.41
69 3617 12.41
69 3618 12.41
69 3619 12.41
69 3620 12.41
69 3621 12.41
69 3622 12.41
69 3623 12.41
69 3624 12.41
69 3625 12.41
69 3626 12.41
69 3627 12.41
69 3628 12.41
69 3629 12.41
69 3630 12.41
69 3631 12.41
69 3632 12.41
69 3633 12.41
69 3634 12.41
69 3635 12.41
69 3636 12.41
69 3637 12.41
69 3638 12.41
69 3639 12.41
69 3640 12.41
69 3641 12.41
69 3642 12.41
69 3643 12.41
69 3644 12.41
69 3645 12.41
69 3646 12.41
69 3647 12.41
69 3648 12.41
69 3649 12.41
69 3650 12.41
69 3651 12.41
69 3652 12.41
69 3653 12.41
69 3654 12.41
69 3655 12.41
69 3656 12.41
69 3657 12.41
70 3658 12.41
70 3659 12.41
70 3660 12.41
70 3661 12.41
70 3662 12.41
70 3663 12.41
70 3664 12.41
70 3665 12.41
70 3666 12.41
70 3667 12.41
70 3668 12.41
70 3669 12.41
70 3670 12.41
70 3671 12.41
70 3672 12.41
70 3673 12.41
70 3674 12.41
70 3675 12.41
70 3676 12.41
70 3677 12.41
70 3678 12.41
70 3679 12.41
70 3680 12.41
70 3681 12.41
70 3682 12.41
70 3683 12.41
70 3684 12.41
70 3685 12.41
70 3686 12.41
70 3687 12.41
70 3688 12.41
70 3689 12.41
70 3690 12.41
70 3691 12.41
70 3692 12.41
70 3693 12.41
70 3694 12.41
70 3695 12.41
70 3696 12.41
70 3697 12.41
70 3698 12.41
70 3699 12.41
70 3700 12.41
70 3701 12.41
70 3702 12.41
70 3703 12.41
70 3704 12.41
70 3705 12.41
70 3706 12.41
70 3707 12.41
70 3708 12.41
70 3709 12.41
70 3710 12.41
70 3711 12.41
71 3712 12.41
71 3713 12.41
71 3714 12.41
71 3715 12.41
71 3716 12.41
71 3717 12.41
71 3718 12.41
71 3719 12.41
71 3720 12.41
71 3721 12.41
71 3722 12.41
71 3723 12.41
71 3724 12.41
71 3725 12.41
71 3726 12.41
71 3727 12.41
71 3728 12.41
71 3729 12.41
71 3730 12.41
71 3731 12.41
71 3732 12.41
71 3733 12.41
71 3734 12.41
71 3735 12.41
71 3736 12.41
71 3737 12.41
71 3738 12.41
71 3739 12.41
71 3740 12.41
71 3741 12.41
71 3742 12.41
71 3743 12.41
71 3744 12.41
71 3745 12.41
71 3746 12.41
71 3747 12.41
71 3748 12.41
71 3749 12.41
71 3750 12.41
71 3751 12.41
71 3752 12.41
71 3753 12.41
71 3754 12.41
71 3755 12.41
71 3756 12.41
71 3757 12.41
71 3758 12.41
71 3759 12.41
71 3760 12.41
71 3761 12.41
71 3762 12.41
71 3763 12.41
71 3764 12.41
71 3765 12.41
71 3766 12.41
71 3767 12.41
71 3768 12.41
71 3769 12.41
72 3770 12.41
72 3771 12.41
72 3772 12.41
72 3773 12.41
72 3774 12.41
72 3775 12.41
72 3776 12.41
72 3777 12.41
72 3778 12.41
72 3779 12.41
72 3780 12.41
72 3781 12.41
72 3782 12.41
72 3783 12.41
72 3784 12.41
72 3785 12.41
72 3786 12.41
72 3787 12.41
72 3788 12.41
72 3789 12.41
72 3790 12.41
72 3791 12.41
72 3792 12.41
72 3793 12.41
72 3794 12.41
72 3795 12.41
72 3796 12.41
72 3797 12.41
72 3798 12.41
72 3799 12.41
72 3800 12.41
72 3801 12.41
72 3802 12.41
72 3803 12.41
72 3804 12.41
72 3805 12.41
72 3806 12.41
72 3807 12.41
72 3808 12.41
72 3809 12.41
72 3810 12.41
72 3811 12.41
72 3812 12.41
72 3813 12.41
72 3814 12.41
72 3815 12.41
72 3816 12.41
72 3817 12.41
73 3818 12.41
73 3819 12.41
73 3820 12.41
73 3821 12.41
73 3822 12.41
73 3823 12.41
73 3824 12.41
73 3825 12.41
73 3826 12.41
73 3827 12.41
73 3828 12.41
73 3829 12.41
73 3830 12.41
73 3831 12.41
73 3832 12.41
73 3833 12.41
73 3834 12.41
73 3835 12.41
73 3836 12.41
73 3837 12.41
73 3838 12.41
73 3839 12.41
73 3840 12.41
73 3841 12.41
73 3842 12.41
73 3843 12.41
73 3844 12.41
73 3845 12.41
73 3846 12.41
73 3847 12.41
73 3848 12.41
73 3849 12.41
73 3850 12.41
73 3851 12.41
73 3852 12.41
73 3853 12.41
73 3854 12.41
73 3855 12.41
73 3856 12.41
73 3857 12.41
73 3858 12.41
73 3859 12.41
73 3860 12.41
73 3861 12.41
73 3862 12.41
73 3863 12.41
73 3864 12.41
73 3865 12.41
73 3866 12.41
73 3867 12.41
73 3868 12.41
73 3869 12.41
73 3870 12.41
73 3871 12.41
74 3872 12.41
74 3873 12.41
74 3874 12.41
74 3875 12.41
74 3876 12.41
74 3877 12.41
74 3878 12.41
74 3879 12.41
74 3880 12.41
74 3881 12.41
74 3882 12.41
74 3883 12.41
74 3884 12.41
74 3885 12.41
74 3886 12.41
74 3887 12.41
74 3888 12.41
74 3889 12.41
74 3890 12.41
74 3891 12.41
74 3892 12.41
74 3893 12.41
74 3894 12.41
74 3895 12.41
74 3896 12.41
74 3897 12.41
74 3898 12.41
74 3899 12.41
74 3900 12.41
74 3901 12.41
74 3902 12.41
74 3903 12.41
74 3904 12.41
74 3905 12.41
74 3906 12.41
74 3907 12.41
74 3908 12.41
74 3909 12.41
74 3910 12.41
74 3911 12.41
74 3912 12.41
74 3913 12.41
74 3914 12.41
74 3915 12.41
74 3916 12.41
74 3917 12.41
74 3918 12.41
74 3919 12.41
74 3920 12.41
75 3921 12.41
75 3922 12.41
75 3923 12.41
75 3924 12.41
75 3925 12.41
75 3926 12.41
75 3927 12.41
75 3928 12.41
75 3929 12.41
75 3930 12.41
75 3931 12.41
75 3932 12.41
75 3933 12.41
75 3934 12.41
75 3935 12.41
75 3936 12.41
75 3937 12.41
75 3938 12.41
75 3939 12.41
75 3940 12.41
75 3941 12.41
75 3942 12.41
75 3943 12.41
75 3944 12.41
75 3945 12.41
75 3946 12.41
75 3947 12.41
75 3948 12.41
75 3949 12.41
75 3950 12.41
75 3951 12.41
75 3952 12.41
75 3953 12.41
75 3954 12.41
75 3955 12.41
75 3956 12.41
75 3957 12.41
75 3958 12.41
75 3959 12.41
75 3960 12.41
75 3961 12.41
75 3962 12.41
75 3963 12.41
75 3964 12.41
75 3965 12.41
75 3966 12.41
75 3967 12.41
75 3968 12.41
75 3969 12.41
75 3970 12.41
75 3971 12.41
75 3972 12.41
75 3973 12.41
75 3974 12.41
75 3975 12.41
75 3976 12.41
76 3977 12.41
76 3978 12.41
76 3979 12.41
76 3980 12.41
76 3981 12.41
76 3982 12.41
76 3983 12.41
76 3984 12.41
76 3985 12.41
76 3986 12.41
76 3987 12.41
76 3988 12.41
76 3989 12.41
76 3990 12.41
76 3991 12.41
76 3992 12.41
76 3993 12.41
76 3994 12.41
76 3995 12.41
76 3996 12.41
76 3997 12.41
76 3998 12.41
76 3999 12.41
76 4000 12.41
76 4001 12.41
76 4002 12.41
76 4003 12.41
76 4004 12.41
76 4005 12.41
76 4006 12.41
76 4007 12.41
76 4008 12.41
76 4009 12.41
76 4010 12.41
76 4011 12.41
76 4012 12.41
76 4013 12.41
76 4014 12.41
76 4015 12.41
76 4016 12.41
76 4017 12.41
76 4018 12.41
76 4019 12.41
76 4020 12.41
76 4021 12.41
76 4022 12.41
76 4023 12.41
76 4024 12.41
76 4025 12.41
76 4026 12.41
76 4027 12.41
76 4028 12.41
76 4029 12.41
77 4030 12.41
77 4031 12.41
77 4032 12.41
77 4033 12.41
77 4034 12.41
77 4035 12.41
77 4036 12.41
77 4037 12.41
77 4038 12.41
77 4039 12.41
77 4040 12.41
77 4041 12.41
77 4042 12.41
77 4043 12.41
77 4044 12.41
77 4045 12.41
77 4046 12.41
77 4047 12.41
77 4048 12.41
77 4049 12.41
77 4050 12.41
77 4051 12.41
77 4052 12.41
77 4053 12.41
77 4054 12.41
77 4055 12.41
77 4056 12.41
77 4057 12.41
77 4058 12.41
77 4059 12.41
77 4060 12.41
77 4061 12.41
77 4062 12.41
77 4063 12.41
77 4064 12.41
77 4065 12.41
77 4066 12.41
77 4067 12.41
77 4068 12.41
77 4069 12.41
77 4070 12.41
77 4071 12.41
77 4072 12.41
77 4073 12.41
77 4074 12.41
77 4075 12.41
77 4076 12.41
77 4077 12.41
77 4078 12.41
78 4079 12.41
78 4080 12.41
78 4081 12.41
78 4082 12.41
78 4083 12.41
78 4084 12.41
78 4085 12.41
78 4086 12.41
78 4087 12.41
78 4088 12.41
78 4089 12.41
78 4090 12.41
78 4091 12.41
78 4092 12.41
78 4093 12.41
78 4094 12.41
78 4095 12.41
78 4096 12.41
78 4097 12.41
78 4098 12.41
78 4099 12.41
78 4100 12.41
78 4101 12.41
78 4102 12.41
78 4103 12.41
78 4104 12.41
78 4105 12.41
78 4106 12.41
78 4107 12.41
78 4108 12.41
78 4109 12.41
78 4110 12.41
78 4111 12.41
78 4112 12.41
78 4113 12.41
78 4114 12.41
78 4115 12.41
78 4116 12.41
78 4117 12.41
78 4118 12.41
78 4119 12.41
78 4120 12.41
78 4121 12.41
78 4122 12.41
78 4123 12.41
78 4124 12.41
78 4125 12.41
78 4126 12.41
78 4127 12.41
78 4128 12.41
79 4129 12.41
79 4130 12.41
79 4131 12.41
79 4132 12.41
79 4133 12.41
79 4134 12.41
79 4135 12.41
79 4136 12.41
79 4137 12.41
79 4138 12.41
79 4139 12.41
79 4140 12.41
79 4141 12.41
79 4142 12.41
79 4143 12.41
79 4144 12.41
79 4145 12.41
79 4146 12.41
79 4147 12.41
79 4148 12.41
79 4149 12.41
79 4150 12.41
79 4151 12.41
79 4152 12.41
79 4153 12.41
79 4154 12.41
79 4155 12.41
79 4156 12.41
79 4157 12.41
79 4158 12.41
79 4159 12.41
79 4160 12.41
79 4161 12.41
79 4162 12.41
79 4163 12.41
79 4164 12.41
79 4165 12.41
79 4166 12.41
79 4167 12.41
79 4168 12.41
79 4169 12.41
79 4170 12.41
79 4171 12.41
79 4172 12.41
79 4173 12.41
79 4174 12.41
79 4175 12.41
79 4176 12.41
79 4177 12.41
79 4178 12.41
79 4179 12.41
80 4180 12.41
80 4181 12.41
80 4182 12.41
80 4183 12.41
80 4184 12.41
80 4185 12.41
80 4186 12.41
80 4187 12.41
80 4188 12.41
80 4189 12.41
80 4190 12.41
80 4191 12.41
80 4192 12.41
80 4193 12.41
80 4194 12.41
80 4195 12.41
80 4196 12.41
80 4197 12.41
80 4198 12.41
80 4199 12.41
80 4200 12.41
80 4201 12.41
80 4202 12.41
80 4203 12.41
80 4204 12.41
80 4205 12.41
80 4206 12.41
80 4207 12.41
80 4208 12.41
80 4209 12.41
80 4210 12.41
80 4211 12.41
80 4212 12.41
80 4213 12.41
80 4214 12.41
80 4215 12.41
80 4216 12.41
80 4217 12.41
80 4218 12.41
80 4219 12.41
80 4220 12.41
80 4221 12.41
80 4222 12.41
80 4223 12.41
80 4224 12.41
80 4225 12.41
80 4226 12.41
80 4227 12.41
80 4228 12.41
80 4229 12.41
80 4230 12.41
80 4231 12.41
81 4232 12.41
81 4233 12.41
81 4234 12.41
81 4235 12.41
81 4236 12.41
81 4237 12.41
81 4238 12.41
81 4239 12.41
81 4240 12.41
81 4241 12.41
81 4242 12.41
81 4243 12.41
81 4244 12.41
81 4245 12.41
81 4246 12.41
81 4247 12.41
81 4248 12.41
81 4249 12.41
81 4250 12.41
81 4251 12.41
81 4252 12.41
81 4253 12.41
81 4254 12.41
81 4255 12.41
81 4256 12.41
81 4257 12.41
81 4258 12.41
81 4259 12.41
81 4260 12.41
81 4261 12.41
81 4262 12.41
81 4263 12.41
81 4264 12.41
81 4265 12.41
81 4266 12.41
81 4267 12.41
81 4268 12.41
81 4269 12.41
81 4270 12.41
81 4271 12.41
81 4272 12.41
81 4273 12.41
81 4274 12.41
81 4275 12.41
81 4276 12.41
81 4277 12.41
82 4278 12.41
82 4279 12.41
82 4280 12.41
82 4281 12.41
82 4282 12.41
82 4283 12.41
82 4284 12.41
82 4285 12.41
82 4286 12.41
82 4287 12.41
82 4288 12.41
82 4289 12.41
82 4290 12.41
82 4291 12.41
82 4292 12.41
82 4293 12.41
82 4294 12.41
82 4295 12.41
82 4296 12.41
82 4297 12.41
82 4298 12.41
82 4299 12.41
82 4300 12.41
82 4301 12.41
82 4302 12.41
82 4303 12.41
82 4304 12.41
82 4305 12.41
82 4306 12.41
82 4307 12.41
82 4308 12.41
82 4309 12.41
82 4310 12.41
82 4311 12.41
82 4312 12.41
82 4313 12.41
82 4314 12.41
82 4315 12.41
82 4316 12.41
82 4317 12.41
82 4318 12.41
82 4319 12.41
82 4320 12.41
82 4321 12.41
82 4322 12.41
82 4323 12.41
82 4324 12.41
82 4325 12.41
82 4326 12.41
82 4327 12.41
82 4328 12.41
82 4329 12.41
82 4330 12.41
82 4331 12.41
82 4332 12.41
83 4333 12.41
83 4334 12.41
83 4335 12.41
83 4336 12.41
83 4337 12.41
83 4338 12.41
83 4339 12.41
83 4340 12.41
83 4341 12.41
83 4342 12.41
83 4343 12.41
83 4344 12.41
83 4345 12.41
83 4346 12.41
83 4347 12.41
83 4348 12.41
83 4349 12.41
83 4350 12.41
83 4351 12.41
83 4352 12.41
83 4353 12.41
83 4354 12.41
83 4355 12.41
83 4356 12.41
83 4357 12.41
83 4358 12.41
83 4359 12.41
83 4360 12.41
83 4361 12.41
83 4362 12.41
83 4363 12.41
83 4364 12.41
83 4365 12.41
83 4366 12.41
83 4367 12.41
83 4368 12.41
83 4369 12.41
83 4370 12.41
83 4371 12.41
83 4372 12.41
83 4373 12.41
83 4374 12.41
83 4375 12.41
83 4376 12.41
83 4377 12.41
83 4378 12.41
84 4379 12.41
84 4380 12.41
84 4381 12.41
84 4382 12.41
84 4383 12.41
84 4384 12.41
84 4385 12.41
84 4386 12.41
84 4387 12.41
84 4388 12.41
84 4389 12.41
84 4390 12.41
84 4391 12.41
84 4392 12.41
84 4393 12.41
84 4394 12.41
84 4395 12.41
84 4396 12.41
84 4397 12.41
84 4398 12.41
84 4399 12.41
84 4400 12.41
84 4401 12.41
84 4402 12.41
84 4403 12.41
84 4404 12.41
84 4405 12.41
84 4406 12.41
84 4407 12.41
84 4408 12.41
84 4409 12.41
84 4410 12.41
84 4411 12.41
84 4412 12.41
84 4413 12.41
84 4414 12.41
84 4415 12.41
84 4416 12.41
84 4417 12.41
84 4418 12.41
84 4419 12.41
84 4420 12.41
84 4421 12.41
84 4422 12.41
84 4423 12.41
84 4424 12.41
84 4425 12.41
84 4426 12.41
84 4427 12.41
84 4428 12.41
85 4429 12.41
85 4430 12.41
85 4431 12.41
85 4432 12.41
85 4433 12.41
85 4434 12.41
85 4435 12.41
85 4436 12.41
85 4437 12.41
85 4438 12.41
85 4439 12.41
85 4440 12.41
85 4441 12.41
85 4442 12.41
85 4443 12.41
85 4444 12.41
85 4445 12.41
85 4446 12.41
85 4447 12.41
85 4448 12.41
85 4449 12.41
85 4450 12.41
85 4451 12.41
85 4452 12.41
85 4453 12.41
85 4454 12.41
85 4455 12.41
85 4456 12.41
85 4457 12.41
85 4458 12.41
85 4459 12.41
85 4460 12.41
85 4461 12.41
85 4462 12.41
85 4463 12.41
85 4464 12.41
85 4465 12.41
85 4466 12.41
85 4467 12.41
85 4468 12.41
85 4469 12.41
85 4470 12.41
85 4471 12.41
85 4472 12.41
85 4473 12.41
85 4474 12.41
85 4475 12.41
85 4476 12.41
85 4477 12.41
85 4478 12.41
85 4479 12.41
85 4480 12.41
85 4481 12.41
85 4482 12.41
85 4483 12.41
85 4484 12.41
85 4485 12.41
85 4486 12.41
85 4487 12.41
86 4488 12.41
86 4489 12.41
86 4490 12.41
86 4491 12.41
86 4492 12.41
86 4493 12.41
86 4494 12.41
86 4495 12.41
86 4496 12.41
86 4497 12.41
86 4498 12.41
86 4499 12.41
86 4500 12.41
86 4501 12.41
86 4502 12.41
86 4503 12.41
86 4504 12.41
86 4505 12.41
86 4506 12.41
86 4507 12.41
86 4508 12.41
86 4509 12.41
86 4510 12.41
86 4511 12.41
86 4512 12.41
86 4513 12.41
86 4514 12.41
86 4515 12.41
86 4516 12.41
86 4517 12.41
86 4518 12.41
86 4519 12.41
86 4520 12.41
86 4521 12.41
86 4522 12.41
86 4523 12.41
86 4524 12.41
86 4525 12.41
86 4526 12.41
86 4527 12.41
86 4528 12.41
86 4529 12.41
86 4530 12.41
86 4531 12.41
86 4532 12.41
86 4533 12.41
86 4534 12.41
86 4535 12.41
86 4536 12.41
86 4537 12.41
86 4538 12.41
86 4539 12.41
86 4540 12.41
87 4541 12.41
87 4542 12.41
87 4543 12.41
87 4544 12.41
87 4545 12.41
87 4546 12.41
87 4547 12.41
87 4548 12.41
87 4549 12.41
87 4550 12.41
87 4551 12.41
87 4552 12.41
87 4553 12.41
87 4554 12.41
87 4555 12.41
87 4556 12.41
87 4557 12.41
87 4558 12.41
87 4559 12.41
87 4560 12.41
87 4561 12.41
87 4562 12.41
87 4563 12.41
87 4564 12.41
87 4565 12.41
87 4566 12.41
87 4567 12.41
87 4568 12.41
87 4569 12.41
87 4570 12.41
87 4571 12.41
87 4572 12.41
87 4573 12.41
87 4574 12.41
87 4575 12.41
87 4576 12.41
87 4577 12.41
87 4578 12.41
87 4579 12.41
87 4580 12.41
87 4581 12.41
87 4582 12.41
87 4583 12.41
87 4584 12.41
87 4585 12.41
87 4586 12.41
87 4587 12.41
87 4588 12.41
87 4589 12.41
87 4590 12.41
87 4591 12.41
87 4592 12.41
87 4593 12.41
87 4594 12.41
88 4595 12.41
88 4596 12.41
88 4597 12.41
88 4598 12.41
88 4599 12.41
88 4600 12.41
88 4601 12.41
88 4602 12.41
88 4603 12.41
88 4604 12.41
88 4605 12.41
88 4606 12.41
88 4607 12.41
88 4608 12.41
88 4609 12.41
88 4610 12.41
88 4611 12.41
88 4612 12.41
88 4613 12.41
88 4614 12.41
88 4615 12.41
88 4616 12.41
88 4617 12.41
88 4618 12.41
88 4619 12.41
88 4620 12.41
88 4621 12.41
88 4622 12.41
88 4623 12.41
88 4624 12.41
88 4625 12.41
88 4626 12.41
88 4627 12.41
88 4628 12.41
88 4629 12.41
88 4630 12.41
88 4631 12.41
88 4632 12.41
88 4633 12.41
88 4634 12.41
88 4635 12.41
88 4636 12.41
88 4637 12.41
88 4638 12.41
88 4639 12.41
88 4640 12.41
88 4641 12.41
88 4642 12.41
88 4643 12.41
88 4644 12.41
88 4645 12.41
88 4646 12.41
88 4647 12.41
88 4648 12.41
88 4649 12.41
88 4650 12.41
88 4651 12.41
89 4652 12.41
89 4653 12.41
89 4654 12.41
89 4655 12.41
89 4656 12.41
89 4657 12.41
89 4658 12.41
89 4659 12.41
89 4660 12.41
89 4661 12.41
89 4662 12.41
89 4663 12.41
89 4664 12.41
89 4665 12.41
89 4666 12.41
89 4667 12.41
89 4668 12.41
89 4669 12.41
89 4670 12.41
89 4671 12.41
89 4672 12.41
89 4673 12.41
89 4674 12.41
89 4675 12.41
89 4676 12.41
89 4677 12.41
89 4678 12.41
89 4679 12.41
89 4680 12.41
89 4681 12.41
89 4682 12.41
89 4683 12.41
89 4684 12.41
89 4685 12.41
89 4686 12.41
89 4687 12.41
89 4688 12.41
89 4689 12.41
89 4690 12.41
89 4691 12.41
89 4692 12.41
89 4693 12.41
89 4694 12.41
89 4695 12.41
89 4696 12.41
89 4697 12.41
89 4698 12.41
89 4699 12.41
89 4700 12.41
89 4701 12.41
89 4702 12.41
89 4703 12.41
89 4704 12.41
90 4705 12.41
90 4706 12.41
90 4707 12.41
90 4708 12.41
90 4709 12.41
90 4710 12.41
90 4711 12.41
90 4712 12.41
90 4713 12.41
90 4714 12.41
90 4715 12.41
90 4716 12.41
90 4717 12.41
90 4718 12.41
90 4719 12.41
90 4720 12.41
90 4721 12.41
90 4722 12.41
90 4723 12.41
90 4724 12.41
90 4725 12.41
90 4726 12.41
90 4727 12.41
90 4728 12.41
90 4729 12.41
90 4730 12.41
90 4731 12.41
90 4732 12.41
90 4733 12.41
90 4734 12.41
90 4735 12.41
90 4736 12.41
90 4737 12.41
90 4738 12.41
90 4739 12.41
90 4740 12.41
90 4741 12.41
90 4742 12.41
90 4743 12.41
90 4744 12.41
90 4745 12.41
90 4746 12.41
90 4747 12.41
90 4748 12.41
90 4749 12.41
90 4750 12.41
90 4751 12.41
90 4752 12.41
90 4753 12.41
90 4754 12.41
90 4755 12.41
90 4756 12.41
90 4757 12.41
90 4758 12.41
90 4759 12.41
91 4760 12.41
91 4761 12.41
91 4762 12.41
91 4763 12.41
91 4764 12.41
91 4765 12.41
91 4766 12.41
91 4767 12.41
91 4768 12.41
91 4769 12.41
91 4770 12.41
91 4771 12.41
91 4772 12.41
91 4773 12.41
91 4774 12.41
91 4775 12.41
91 4776 12.41
91 4777 12.41
91 4778 12.41
91 4779 12.41
91 4780 12.41
91 4781 12.41
91 4782 12.41
91 4783 12.41
91 4784 12.41
91 4785 12.41
91 4786 12.41
91 4787 12.41
91 4788 12.41
91 4789 12.41
91 4790 12.41
91 4791 12.41
91 4792 12.41
91 4793 12.41
91 4794 12.41
91 4795 12.41
91 4796 12.41
91 4797 12.41
91 4798 12.41
91 4799 12.41
91 4800 12.41
91 4801 12.41
91 4802 12.41
91 4803 12.41
91 4804 12.41
91 4805 12.41
91 4806 12.41
91 4807 12.41
91 4808 12.41
91 4809 12.41
91 4810 12.41
91 4811 12.41
91 4812 12.41
91 4813 12.41
91 4814 12.41
91 4815 12.41
92 4816 12.41
92 4817 12.41
92 4818 12.41
92 4819 12.41
92 4820 12.41
92 4821 12.41
92 4822 12.41
92 4823 12.41
92 4824 12.41
92 4825 12.41
92 4826 12.41
92 4827 12.41
92 4828 12.41
92 4829 12.41
92 4830 12.41
92 4831 12.41
92 4832 12.41
92 4833 12.41
92 4834 12.41
92 4835 12.41
92 4836 12.41
92 4837 12.41
92 4838 12.41
92 4839 12.41
92 4840 12.41
92 4841 12.41
92 4842 12.41
92 4843 12.41
92 4844 12.41
92 4845 12.41
92 4846 12.41
92 4847 12.41
92 4848 12.41
92 4849 12.41
92 4850 12.41
92 4851 12.41
92 4852 12.41
92 4853 12.41
92 4854 12.41
92 4855 12.41
92 4856 12.41
92 4857 12.41
92 4858 12.41
92 4859 12.41
92 4860 12.41
92 4861 12.41
92 4862 12.41
92 4863 12.41
92 4864 12.41
92 4865 12.41
92 4866 12.41
92 4867 12.41
92 4868 12.41
92 4869 12.41
92 4870 12.41
92 4871 12.41
93 4872 12.41
93 4873 12.41
93 4874 12.41
93 4875 12.41
93 4876 12.41
93 4877 12.41
93 4878 12.41
93 4879 12.41
93 4880 12.41
93 4881 12.41
93 4882 12.41
93 4883 12.41
93 4884 12.41
93 4885 12.41
93 4886 12.41
93 4887 12.41
93 4888 12.41
93 4889 12.41
93 4890 12.41
93 4891 12.41
93 4892 12.41
93 4893 12.41
93 4894 12.41
93 4895 12.41
93 4896 12.41
93 4897 12.41
93 4898 12.41
93 4899 12.41
93 4900 12.41
93 4901 12.41
93 4902 12.41
93 4903 12.41
93 4904 12.41
93 4905 12.41
93 4906 12.41
93 4907 12.41
93 4908 12.41
93 4909 12.41
93 4910 12.41
93 4911 12.41
93 4912 12.41
93 4913 12.41
93 4914 12.41
93 4915 12.41
93 4916 12.41
93 4917 12.41
93 4918 12.41
93 4919 12.41
93 4920 12.41
93 4921 12.41
93 4922 12.41
93 4923 12.41
93 4924 12.41
93 4925 12.41
94 4926 12.41
94 4927 12.41
94 4928 12.41
94 4929 12.41
94 4930 12.41
94 4931 12.41
94 4932 12.41
94 4933 12.41
94 4934 12.41
94 4935 12.41
94 4936 12.41
94 4937 12.41
94 4938 12.41
94 4939 12.41
94 4940 12.41
94 4941 12.41
94 4942 12.41
94 4943 12.41
94 4944 12.41
94 4945 12.41
94 4946 12.41
94 4947 12.41
94 4948 12.41
94 4949 12.41
94 4950 12.41
94 4951 12.41
94 4952 12.41
94 4953 12.41
94 4954 12.41
94 4955 12.41
94 4956 12.41
94 4957 12.41
94 4958 12.41
94 4959 12.41
94 4960 12.41
94 4961 12.41
94 4962 12.41
94 4963 12.41
94 4964 12.41
94 4965 12.41
94 4966 12.41
94 4967 12.41
94 4968 12.41
94 4969 12.41
94 4970 12.41
94 4971 12.41
94 4972 12.41
94 4973 12.41
94 4974 12.41
94 4975 12.41
94 4976 12.41
94 4977 12.41
94 4978 12.41
94 4979 12.41
94 4980 12.41
95 4981 12.41
95 4982 12.41
95 4983 12.41
95 4984 12.41
95 4985 12.41
95 4986 12.41
95 4987 12.41
95 4988 12.41
95 4989 12.41
95 4990 12.41
95 4991 12.41
95 4992 12.41
95 4993 12.41
95 4994 12.41
95 4995 12.41
95 4996 12.41
95 4997 12.41
95 4998 12.41
95 4999 12.41
95 5000 12.41
95 5001 12.41
95 5002 12.41
95 5003 12.41
95 5004 12.41
95 5005 12.41
95 5006 12.41
95 5007 12.41
95 5008 12.41
95 5009 12.41
95 5010 12.41
95 5011 12.41
95 5012 12.41
95 5013 12.41
95 5014 12.41
95 5015 12.41
95 5016 12.41
95 5017 12.41
95 5018 12.41
95 5019 12.41
95 5020 12.41
95 5021 12.41
95 5022 12.41
95 5023 12.41
95 5024 12.41
95 5025 12.41
95 5026 12.41
95 5027 12.41
95 5028 12.41
95 5029 12.41
95 5030 12.41
95 5031 12.41
95 5032 12.41
95 5033 12.41
96 5034 12.41
96 5035 12.41
96 5036 12.41
96 5037 12.41
96 5038 12.41
96 5039 12.41
96 5040 12.41
96 5041 12.41
96 5042 12.41
96 5043 12.41
96 5044 12.41
96 5045 12.41
96 5046 12.41
96 5047 12.41
96 5048 12.41
96 5049 12.41
96 5050 12.41
96 5051 12.41
96 5052 12.41
96 5053 12.41
96 5054 12.41
96 5055 12.41
96 5056 12.41
96 5057 12.41
96 5058 12.41
96 5059 12.41
96 5060 12.41
96 5061 12.41
96 5062 12.41
96 5063 12.41
96 5064 12.41
96 5065 12.41
96 5066 12.41
96 5067 12.41
96 5068 12.41
96 5069 12.41
96 5070 12.41
96 5071 12.41
96 5072 12.41
96 5073 12.41
96 5074 12.41
96 5075 12.41
96 5076 12.41
96 5077 12.41
96 5078 12.41
96 5079 12.41
96 5080 12.41
96 5081 12.41
96 5082 12.41
96 5083 12.41
96 5084 12.41
96 5085 12.41
96 5086 12.41
97 5087 12.41
97 5088 12.41
97 5089 12.41
97 5090 12.41
97 5091 12.41
97 5092 12.41
97 5093 12.41
97 5094 12.41
97 5095 12.41
97 5096 12.41
97 5097 12.41
97 5098 12.41
97 5099 12.41
97 5100 12.41
97 5101 12.41
97 5102 12.41
97 5103 12.41
97 5104 12.41
97 5105 12.41
97 5106 12.41
97 5107 12.41
97 5108 12.41
97 5109 12.41
97 5110 12.41
97 5111 12.41
97 5112 12.41
97 5113 12.41
97 5114 12.41
97 5115 12.41
97 5116 12.41
97 5117 12.41
97 5118 12.41
97 5119 12.41
97 5120 12.41
97 5121 12.41
97 5122 12.41
97 5123 12.41
97 5124 12.41
97 5125 12.41
97 5126 12.41
97 5127 12.41
97 5128 12.41
97 5129 12.41
97 5130 12.41
97 5131 12.41
97 5132 12.41
97 5133 12.41
97 5134 12.41
97 5135 12.41
97 5136 12.41
97 5137 12.41
97 5138 12.41
97 5139 12.41
97 5140 12.41
97 5141 12.41
98 5142 12.41
98 5143 12.41
98 5144 12.41
98 5145 12.41
98 5146 12.41
98 5147 12.41
98 5148 12.41
98 5149 12.41
98 5150 12.41
98 5151 12.41
98 5152 12.41
98 5153 12.41
98 5154 12.41
98 5155 12.41
98 5156 12.41
98 5157 12.41
98 5158 12.41
98 5159 12.41
98 5160 12.41
98 5161 12.41
98 5162 12.41
98 5163 12.41
98 5164 12.41
98 5165 12.41
98 5166 12.41
98 5167 12.41
98 5168 12.41
98 5169 12.41
98 5170 12.41
98 5171 12.41
98 5172 12.41
98 5173 12.41
98 5174 12.41
98 5175 12.41
98 5176 12.41
98 5177 12.41
98 5178 12.41
98 5179 12.41
98 5180 12.41
98 5181 12.41
98 5182 12.41
98 5183 12.41
98 5184 12.41
98 5185 12.41
98 5186 12.41
98 5187 12.41
98 5188 12.41
98 5189 12.41
98 5190 12.41
98 5191 12.41
98 5192 12.41
98 5193 12.41
98 5194 12.41
98 5195 12.41
99 5196 12.41
99 5197 12.41
99 5198 12.41
99 5199 12.41
99 5200 12.41
99 5201 12.41
99 5202 12.41
99 5203 12.41
99 5204 12.41
99 5205 12.41
99 5206 12.41
99 5207 12.41
99 5208 12.41
99 5209 12.41
99 5210 12.41
99 5211 12.41
99 5212 12.41
99 5213 12.41
99 5214 12.41
99 5215 12.41
99 5216 12.41
99 5217 12.41
99 5218 12.41
99 5219 12.41
99 5220 12.41
99 5221 12.41
99 5222 12.41
99 5223 12.41
99 5224 12.41
99 5225 12.41
99 5226 12.41
99 5227 12.41
99 5228 12.41
99 5229 12.41
99 5230 12.41
99 5231 12.41
99 5232 12.41
99 5233 12.41
99 5234 12.41
99 5235 12.41
99 5236 12.41
99 5237 12.41
99 5238 12.41
99 5239 12.41
99 5240 12.41
99 5241 12.41
99 5242 12.41
99 5243 12.41
99 5244 12.41
99 5245 12.41
99 5246 12.41
99 5247 12.41
99 5248 12.41
99 5249 12.41
100 5250 12.41
100 5251 12.41
100 5252 12.41
100 5253 12.41
100 5254 12.41
100 5255 12.41
100 5256 12.41
100 5257 12.41
100 5258 12.41
100 5259 12.41
100 5260 12.41
100 5261 12.41
100 5262 12.41
100 5263 12.41
100 5264 12.41
100 5265 12.41
100 5266 12.41
100 5267 12.41
100 5268 12.41
100 5269 12.41
100 5270 12.41
100 5271 12.41
100 5272 12.41
100 5273 12.41
100 5274 12.41
100 5275 12.41
100 5276 12.41
100 5277 12.41
100 5278 12.41
100 5279 12.41
100 5280 12.41
100 5281 12.41
100 5282 12.41
100 5283 12.41
100 5284 12.41
100 5285 12.41
100 5286 12.41
100 5287 12.41
100 5288 12.41
100 5289 12.41
100 5290 12.41
100 5291 12.41
100 5292 12.41
100 5293 12.41
100 5294 12.41
100 5295 12.41
100 5296 12.41
100 5297 12.41
100 5298 12.41
100 5299 12.41
100 5300 12.41
100 5301 12.41
100 5302 12.41
100 5303 12.41
100 5304 12.41
101 5305 12.41
101 5306 12.41
101 5307 12.41
101 5308 12.41
101 5309 12.41
101 5310 12.41
101 5311 12.41
101 5312 12.41
101 5313 12.41
101 5314 12.41
101 5315 12.41
101 5316 12.41
101 5317 12.41
101 5318 12.41
101 5319 12.41
101 5320 12.41
101 5321 12.41
101 5322 12.41
101 5323 12.41
101 5324 12.41
101 5325 12.41
101 5326 12.41
101 5327 12.41
101 5328 12.41
101 5329 12.41
101 5330 12.41
101 5331 12.41
101 5332 12.41
101 5333 12.41
101 5334 12.41
101 5335 12.41
101 5336 12.41
101 5337 12.41
101 5338 12.41
101 5339 12.41
101 5340 12.41
101 5341 12.41
101 5342 12.41
101 5343 12.41
101 5344 12.41
101 5345 12.41
101 5346 12.41
101 5347 12.41
101 5348 12.41
101 5349 12.41
101 5350 12.41
102 5351 12.41
102 5352 12.41
102 5353 12.41
102 5354 12.41
102 5355 12.41
102 5356 12.41
102 5357 12.41
102 5358 12.41
102 5359 12.41
102 5360 12.41
102 5361 12.41
102 5362 12.41
102 5363 12.41
102 5364 12.41
102 5365 12.41
102 5366 12.41
102 5367 12.41
102 5368 12.41
102 5369 12.41
102 5370 12.41
102 5371 12.41
102 5372 12.41
102 5373 12.41
102 5374 12.41
102 5375 12.41
102 5376 12.41
102 5377 12.41
102 5378 12.41
102 5379 12.41
102 5380 12.41
102 5381 12.41
102 5382 12.41
102 5383 12.41
102 5384 12.41
102 5385 12.41
102 5386 12.41
102 5387 12.41
103 5388 12.41
103 5389 12.41
103 5390 12.41
103 5391 12.41
103 5392 12.41
103 5393 12.41
103 5394 12.41
103 5395 12.41
103 5396 12.41
103 5397 12.41
103 5398 12.41
103 5399 12.41
103 5400 12.41
103 5401 12.41
103 5402 12.41
103 5403 12.41
103 5404 12.41
103 5405 12.41
103 5406 12.41
103 5407 12.41
103 5408 12.41
103 5409 12.41
103 5410 12.41
103 5411 12.41
103 5412 12.41
103 5413 12.41
103 5414 12.41
103 5415 12.41
103 5416 12.41
103 5417 12.41
103 5418 12.41
103 5419 12.41
103 5420 12.41
103 5421 12.41
103 5422 12.41
103 5423 12.41
103 5424 12.41
103 5425 12.41
103 5426 12.41
103 5427 12.41
103 5428 12.41
103 5429 12.41
103 5430 12.41
104 5431 12.41
104 5432 12.41
104 5433 12.41
104 5434 12.41
104 5435 12.41
104 5436 12.41
104 5437 12.41
104 5438 12.41
104 5439 12.41
104 5440 12.41
104 5441 12.41
104 5442 12.41
104 5443 12.41
104 5444 12.41
104 5445 12.41
104 5446 12.41
104 5447 12.41
104 5448 12.41
104 5449 12.41
104 5450 12.41
104 5451 12.41
104 5452 12.41
104 5453 12.41
104 5454 12.41
104 5455 12.41
104 5456 12.41
104 5457 12.41
104 5458 12.41
104 5459 12.41
104 5460 12.41
104 5461 12.41
104 5462 12.41
104 5463 12.41
104 5464 12.41
104 5465 12.41
104 5466 12.41
104 5467 12.41
104 5468 12.41
104 5469 12.41
104 5470 12.41
104 5471 12.41
104 5472 12.41
104 5473 12.41
104 5474 12.41
104 5475 12.41
104 5476 12.41
104 5477 12.41
104 5478 12.41
104 5479 12.41
104 5480 12.41
104 5481 12.41
105 5482 12.41
105 5483 12.41
105 5484 12.41
105 5485 12.41
105 5486 12.41
105 5487 12.41
105 5488 12.41
105 5489 12.41
105 5490 12.41
105 5491 12.41
105 5492 12.41
105 5493 12.41
105 5494 12.41
105 5495 12.41
105 5496 12.41
105 5497 12.41
105 5498 12.41
105 5499 12.41
105 5500 12.41
105 5501 12.41
105 5502 12.41
105 5503 12.41
105 5504 12.41
105 5505 12.41
105 5506 12.41
105 5507 12.41
105 5508 12.41
105 5509 12.41
105 5510 12.41
105 5511 12.41
105 5512 12.41
105 5513 12.41
105 5514 12.41
105 5515 12.41
105 5516 12.41
105 5517 12.41
105 5518 12.41
105 5519 12.41
105 5520 12.41
105 5521 12.41
105 5522 12.41
105 5523 12.41
105 5524 12.41
105 5525 12.41
105 5526 12.41
105 5527 12.41
105 5528 12.41
105 5529 12.41
105 5530 12.41
105 5531 12.41
105 5532 12.41
105 5533 12.41
106 5534 12.41
106 5535 12.41
106 5536 12.41
106 5537 12.41
106 5538 12.41
106 5539 12.41
106 5540 12.41
106 5541 12.41
106 5542 12.41
106 5543 12.41
106 5544 12.41
106 5545 12.41
106 5546 12.41
106 5547 12.41
106 5548 12.41
106 5549 12.41
106 5550 12.41
106 5551 12.41
106 5552 12.41
106 5553 12.41
106 5554 12.41
106 5555 12.41
106 5556 12.41
106 5557 12.41
106 5558 12.41
106 5559 12.41
106 5560 12.41
106 5561 12.41
106 5562 12.41
106 5563 12.41
106 5564 12.41
106 5565 12.41
106 5566 12.41
106 5567 12.41
106 5568 12.41
106 5569 12.41
106 5570 12.41
106 5571 12.41
106 5572 12.41
106 5573 12.41
106 5574 12.41
106 5575 12.41
106 5576 12.41
106 5577 12.41
106 5578 12.41
106 5579 12.41
106 5580 12.41
106 5581 12.41
106 5582 12.41
106 5583 12.41
106 5584 12.41
106 5585 12.41
106 5586 12.41
107 5587 12.41
107 5588 12.41
107 5589 12.41
107 5590 12.41
107 5591 12.41
107 5592 12.41
107 5593 12.41
107 5594 12.41
107 5595 12.41
107 5596 12.41
107 5597 12.41
107 5598 12.41
107 5599 12.41
107 5600 12.41
107 5601 12.41
107 5602 12.41
107 5603 12.41
107 5604 12.41
107 5605 12.41
107 5606 12.41
107 5607 12.41
107 5608 12.41
107 5609 12.41
107 5610 12.41
107 5611 12.41
107 5612 12.41
107 5613 12.41
107 5614 12.41
107 5615 12.41
107 5616 12.41
107 5617 12.41
107 5618 12.41
107 5619 12.41
107 5620 12.41
107 5621 12.41
107 5622 12.41
107 5623 12.41
107 5624 12.41
107 5625 12.41
107 5626 12.41
107 5627 12.41
107 5628 12.41
107 5629 12.41
107 5630 12.41
107 5631 12.41
107 5632 12.41
107 5633 12.41
107 5634 12.41
107 5635 12.41
107 5636 12.41
108 5637 12.41
108 5638 12.41
108 5639 12.41
108 5640 12.41
108 5641 12.41
108 5642 12.41
108 5643 12.41
108 5644 12.41
108 5645 12.41
108 5646 12.41
108 5647 12.41
108 5648 12.41
108 5649 12.41
108 5650 12.41
108 5651 12.41
108 5652 12.41
108 5653 12.41
108 5654 12.41
108 5655 12.41
108 5656 12.41
108 5657 12.41
108 5658 12.41
108 5659 12.41
108 5660 12.41
108 5661 12.41
108 5662 12.41
108 5663 12.41
108 5664 12.41
108 5665 12.41
108 5666 12.41
108 5667 12.41
108 5668 12.41
108 5669 12.41
108 5670 12.41
108 5671 12.41
108 5672 12.41
108 5673 12.41
108 5674 12.41
108 5675 12.41
108 5676 12.41
108 5677 12.41
108 5678 12.41
108 5679 12.41
108 5680 12.41
108 5681 12.41
108 5682 12.41
108 5683 12.41
108 5684 12.41
108 5685 12.41
108 5686 12.41
108 5687 12.41
108 5688 12.41
109 5689 12.41
109 5690 12.41
109 5691 12.41
109 5692 12.41
109 5693 12.41
109 5694 12.41
109 5695 12.41
109 5696 12.41
109 5697 12.41
109 5698 12.41
109 5699 12.41
109 5700 12.41
109 5701 12.41
109 5702 12.41
109 5703 12.41
109 5704 12.41
109 5705 12.41
109 5706 12.41
109 5707 12.41
109 5708 12.41
109 5709 12.41
109 5710 12.41
109 5711 12.41
109 5712 12.41
109 5713 12.41
109 5714 12.41
109 5715 12.41
109 5716 12.41
109 5717 12.41
109 5718 12.41
109 5719 12.41
109 5720 12.41
109 5721 12.41
109 5722 12.41
109 5723 12.41
109 5724 12.41
109 5725 12.41
109 5726 12.41
109 5727 12.41
109 5728 12.41
109 5729 12.41
109 5730 12.41
109 5731 12.41
109 5732 12.41
109 5733 12.41
109 5734 12.41
109 5735 12.41
110 5736 12.41
110 5737 12.41
110 5738 12.41
110 5739 12.41
110 5740 12.41
110 5741 12.41
110 5742 12.41
110 5743 12.41
110 5744 12.41
110 5745 12.41
110 5746 12.41
110 5747 12.41
110 5748 12.41
110 5749 12.41
110 5750 12.41
110 5751 12.41
110 5752 12.41
110 5753 12.41
110 5754 12.41
110 5755 12.41
110 5756 12.41
110 5757 12.41
110 5758 12.41
110 5759 12.41
110 5760 12.41
110 5761 12.41
110 5762 12.41
110 5763 12.41
110 5764 12.41
110 5765 12.41
110 5766 12.41
110 5767 12.41
110 5768 12.41
110 5769 12.41
110 5770 12.41
110 5771 12.41
110 5772 12.41
110 5773 12.41
110 5774 12.41
110 5775 12.41
110 5776 12.41
110 5777 12.41
110 5778 12.41
110 5779 12.41
110 5780 12.41
110 5781 12.41
110 5782 12.41
110 5783 12.41
111 5784 12.41
111 5785 12.41
111 5786 12.41
111 5787 12.41
111 5788 12.41
111 5789 12.41
111 5790 12.41
111 5791 12.41
111 5792 12.41
111 5793 12.41
111 5794 12.41
111 5795 12.41
111 5796 12.41
111 5797 12.41
111 5798 12.41
111 5799 12.41
111 5800 12.41
111 5801 12.41
111 5802 12.41
111 5803 12.41
111 5804 12.41
111 5805 12.41
111 5806 12.41
111 5807 12.41
111 5808 12.41
111 5809 12.41
111 5810 12.41
111 5811 12.41
111 5812 12.41
111 5813 12.41
111 5814 12.41
111 5815 12.41
111 5816 12.41
111 5817 12.41
111 5818 12.41
111 5819 12.41
111 5820 12.41
111 5821 12.41
111 5822 12.41
111 5823 12.41
111 5824 12.41
111 5825 12.41
111 5826 12.41
111 5827 12.41
111 5828 12.41
111 5829 12.41
112 5830 12.41
112 5831 12.41
112 5832 12.41
112 5833 12.41
112 5834 12.41
112 5835 12.41
112 5836 12.41
112 5837 12.41
112 5838 12.41
112 5839 12.41
112 5840 12.41
112 5841 12.41
112 5842 12.41
112 5843 12.41
112 5844 12.41
112 5845 12.41
112 5846 12.41
112 5847 12.41
112 5848 12.41
112 5849 12.41
112 5850 12.41
112 5851 12.41
112 5852 12.41
112 5853 12.41
112 5854 12.41
112 5855 12.41
112 5856 12.41
112 5857 12.41
112 5858 12.41
112 5859 12.41
112 5860 12.41
112 5861 12.41
112 5862 12.41
112 5863 12.41
112 5864 12.41
112 5865 12.41
112 5866 12.41
112 5867 12.41
112 5868 12.41
112 5869 12.41
112 5870 12.41
112 5871 12.41
112 5872 12.41
112 5873 12.41
112 5874 12.41
112 5875 12.41
112 5876 12.41
112 5877 12.41
112 5878 12.41
113 5879 12.41
113 5880 12.41
113 5881 12.41
113 5882 12.41
113 5883 12.41
113 5884 12.41
113 5885 12.41
113 5886 12.41
113 5887 12.41
113 5888 12.41
113 5889 12.41
113 5890 12.41
113 5891 12.41
113 5892 12.41
113 5893 12.41
113 5894 12.41
113 5895 12.41
113 5896 12.41
113 5897 12.41
113 5898 12.41
113 5899 12.41
113 5900 12.41
113 5901 12.41
113 5902 12.41
113 5903 12.41
113 5904 12.41
113 5905 12.41
113 5906 12.41
113 5907 12.41
113 5908 12.41
113 5909 12.41
113 5910 12.41
113 5911 12.41
113 5912 12.41
113 5913 12.41
113 5914 12.41
113 5915 12.41
113 5916 12.41
113 5917 12.41
113 5918 12.41
113 5919 12.41
113 5920 12.41
113 5921 12.41
113 5922 12.41
113 5923 12.41
113 5924 12.41
113 5925 12.41
113 5926 12.41
113 5927 12.41
113 5928 12.41
113 5929 12.41
113 5930 12.41
113 5931 12.41
114 5932 12.41
114 5933 12.41
114 5934 12.41
114 5935 12.41
114 5936 12.41
114 5937 12.41
114 5938 12.41
114 5939 12.41
114 5940 12.41
114 5941 12.41
114 5942 12.41
114 5943 12.41
114 5944 12.41
114 5945 12.41
114 5946 12.41
114 5947 12.41
114 5948 12.41
114 5949 12.41
114 5950 12.41
114 5951 12.41
114 5952 12.41
114 5953 12.41
114 5954 12.41
114 5955 12.41
114 5956 12.41
114 5957 12.41
114 5958 12.41
114 5959 12.41
114 5960 12.41
114 5961 12.41
114 5962 12.41
114 5963 12.41
114 5964 12.41
114 5965 12.41
114 5966 12.41
114 5967 12.41
114 5968 12.41
114 5969 12.41
114 5970 12.41
114 5971 12.41
114 5972 12.41
114 5973 12.41
114 5974 12.41
114 5975 12.41
114 5976 12.41
114 5977 12.41
114 5978 12.41
114 5979 12.41
114 5980 12.41
114 5981 12.41
114 5982 12.41
114 5983 12.41
114 5984 12.41
115 5985 12.41
115 5986 12.41
115 5987 12.41
115 5988 12.41
115 5989 12.41
115 5990 12.41
115 5991 12.41
115 5992 12.41
115 5993 12.41
115 5994 12.41
115 5995 12.41
115 5996 12.41
115 5997 12.41
115 5998 12.41
115 5999 12.41
115 6000 12.41
115 6001 12.41
115 6002 12.41
115 6003 12.41
115 6004 12.41
115 6005 12.41
115 6006 12.41
115 6007 12.41
115 6008 12.41
115 6009 12.41
115 6010 12.41
115 6011 12.41
115 6012 12.41
115 6013 12.41
115 6014 12.41
115 6015 12.41
115 6016 12.41
115 6017 12.41
115 6018 12.41
115 6019 12.41
115 6020 12.41
115 6021 12.41
115 6022 12.41
115 6023 12.41
115 6024 12.41
115 6025 12.41
115 6026 12.41
115 6027 12.41
115 6028 12.41
115 6029 12.41
115 6030 12.41
115 6031 12.41
115 6032 12.41
115 6033 12.41
115 6034 12.41
115 6035 12.41
115 6036 12.41
115 6037 12.41
115 6038 12.41
116 6039 12.41
116 6040 12.41
116 6041 12.41
116 6042 12.41
116 6043 12.41
116 6044 12.41
116 6045 12.41
116 6046 12.41
116 6047 12.41
116 6048 12.41
116 6049 12.41
116 6050 12.41
116 6051 12.41
116 6052 12.41
116 6053 12.41
116 6054 12.41
116 6055 12.41
116 6056 12.41
116 6057 12.41
116 6058 12.41
116 6059 12.41
116 6060 12.41
116 6061 12.41
116 6062 12.41
116 6063 12.41
116 6064 12.41
116 6065 12.41
116 6066 12.41
116 6067 12.41
116 6068 12.41
116 6069 12.41
116 6070 12.41
116 6071 12.41
116 6072 12.41
116 6073 12.41
116 6074 12.41
116 6075 12.41
116 6076 12.41
116 6077 12.41
116 6078 12.41
116 6079 12.41
116 6080 12.41
116 6081 12.41
116 6082 12.41
116 6083 12.41
116 6084 12.41
116 6085 12.41
116 6086 12.41
116 6087 12.41
116 6088 12.41
116 6089 12.41
116 6090 12.41
116 6091 12.41
116 6092 12.41
117 6093 12.41
117 6094 12.41
117 6095 12.41
117 6096 12.41
117 6097 12.41
117 6098 12.41
117 6099 12.41
117 6100 12.41
117 6101 12.41
117 6102 12.41
117 6103 12.41
117 6104 12.41
117 6105 12.41
117 6106 12.41
117 6107 12.41
117 6108 12.41
117 6109 12.41
117 6110 12.41
117 6111 12.41
117 6112 12.41
117 6113 12.41
117 6114 12.41
117 6115 12.41
117 6116 12.41
117 6117 12.41
117 6118 12.41
117 6119 12.41
117 6120 12.41
117 6121 12.41
117 6122 12.41
117 6123 12.41
117 6124 12.41
117 6125 12.41
117 6126 12.41
117 6127 12.41
117 6128 12.41
117 6129 12.41
117 6130 12.41
117 6131 12.41
117 6132 12.41
117 6133 12.41
117 6134 12.41
117 6135 12.41
117 6136 12.41
117 6137 12.41
117 6138 12.41
117 6139 12.41
117 6140 12.41
117 6141 12.41
117 6142 12.41
117 6143 12.41
117 6144 12.41
117 6145 12.41
117 6146 12.41
117 6147 12.41
117 6148 12.41
117 6149 12.41
118 6150 12.41
118 6151 12.41
118 6152 12.41
118 6153 12.41
118 6154 12.41
118 6155 12.41
118 6156 12.41
118 6157 12.41
118 6158 12.41
118 6159 12.41
118 6160 12.41
118 6161 12.41
118 6162 12.41
118 6163 12.41
118 6164 12.41
118 6165 12.41
118 6166 12.41
118 6167 12.41
118 6168 12.41
118 6169 12.41
118 6170 12.41
118 6171 12.41
118 6172 12.41
118 6173 12.41
118 6174 12.41
118 6175 12.41
118 6176 12.41
118 6177 12.41
118 6178 12.41
118 6179 12.41
118 6180 12.41
118 6181 12.41
118 6182 12.41
118 6183 12.41
118 6184 12.41
118 6185 12.41
118 6186 12.41
118 6187 12.41
118 6188 12.41
118 6189 12.41
118 6190 12.41
118 6191 12.41
118 6192 12.41
118 6193 12.41
118 6194 12.41
118 6195 12.41
118 6196 12.41
118 6197 12.41
118 6198 12.41
118 6199 12.41
118 6200 12.41
118 6201 12.41
118 6202 12.41
119 6203 12.41
119 6204 12.41
119 6205 12.41
119 6206 12.41
119 6207 12.41
119 6208 12.41
119 6209 12.41
119 6210 12.41
119 6211 12.41
119 6212 12.41
119 6213 12.41
119 6214 12.41
119 6215 12.41
119 6216 12.41
119 6217 12.41
119 6218 12.41
119 6219 12.41
119 6220 12.41
119 6221 12.41
119 6222 12.41
119 6223 12.41
119 6224 12.41
119 6225 12.41
119 6226 12.41
119 6227 12.41
119 6228 12.41
119 6229 12.41
119 6230 12.41
119 6231 12.41
119 6232 12.41
119 6233 12.41
119 6234 12.41
119 6235 12.41
119 6236 12.41
119 6237 12.41
119 6238 12.41
119 6239 12.41
119 6240 12.41
119 6241 12.41
119 6242 12.41
119 6243 12.41
119 6244 12.41
119 6245 12.41
119 6246 12.41
119 6247 12.41
119 6248 12.41
119 6249 12.41
119 6250 12.41
119 6251 12.41
119 6252 12.41
119 6253 12.41
119 6254 12.41
119 6255 12.41
119 6256 12.41
119 6257 12.41
119 6258 12.41
120 6259 12.41
120 6260 12.41
120 6261 12.41
120 6262 12.41
120 6263 12.41
120 6264 12.41
120 6265 12.41
120 6266 12.41
120 6267 12.41
120 6268 12.41
120 6269 12.41
120 6270 12.41
120 6271 12.41
120 6272 12.41
120 6273 12.41
120 6274 12.41
120 6275 12.41
120 6276 12.41
120 6277 12.41
120 6278 12.41
120 6279 12.41
120 6280 12.41
120 6281 12.41
120 6282 12.41
120 6283 12.41
120 6284 12.41
120 6285 12.41
120 6286 12.41
120 6287 12.41
120 6288 12.41
120 6289 12.41
120 6290 12.41
120 6291 12.41
120 6292 12.41
120 6293 12.41
120 6294 12.41
120 6295 12.41
120 6296 12.41
120 6297 12.41
120 6298 12.41
120 6299 12.41
120 6300 12.41
120 6301 12.41
120 6302 12.41
120 6303 12.41
120 6304 12.41
120 6305 12.41
120 6306 12.41
120 6307 12.41
120 6308 12.41
120 6309 12.41
120 6310 12.41
120 6311 12.41
120 6312 12.41
120 6313 12.41
120 6314 12.41
120 6315 12.41
121 6316 12.41
