0 1 99.02999999999999
0 2 99.00999999999999
0 3 98.38999999999999
0 4 95.32999999999997
0 5 92.46999999999998
0 6 92.10999999999999
1 7 92.02999999999999
1 8 89.92999999999998
1 9 89.24999999999999
1 10 88.11
1 11 83.36999999999999
1 12 83.36999999999999
1 13 81.8
1 14 80.80999999999999
1 15 79.24
1 16 78.91999999999999
1 17 78.91999999999999
1 18 78.87999999999998
1 19 77.96
1 20 75.96
1 21 75.96
1 22 75.76
1 23 75.52000000000001
1 24 74.88000000000001
1 25 74.88000000000001
1 26 74.07999999999998
1 27 74.07999999999998
1 28 74.07999999999998
1 29 73.43999999999998
1 30 73.27999999999999
1 31 72.96
1 32 72.96
1 33 71.83999999999999
1 34 71.51999999999998
1 35 71.5
1 36 71.48
1 37 71.17999999999999
1 38 70.84
1 39 70.84
1 40 68.48
1 41 68.46
1 42 67.84
1 43 67.84
1 44 67.25999999999999
1 45 67.15999999999998
1 46 66.94
1 47 66.12999999999998
1 48 66.12999999999998
1 49 65.69999999999999
1 50 65.69
1 51 65.61999999999999
1 52 65.36999999999999
1 53 65.22
1 54 64.08999999999999
1 55 63.929999999999986
1 56 62.69999999999998
1 57 62.69999999999998
1 58 62.539999999999985
1 59 62.05999999999998
1 60 59.97999999999998
1 61 59.97999999999998
1 62 59.33999999999998
1 63 59.33999999999998
1 64 59.179999999999986
1 65 59.179999999999986
2 66 59.179999999999986
2 67 59.07999999999999
2 68 59.04
2 69 58.99999999999999
2 70 58.96
2 71 58.35999999999999
2 72 58.35999999999999
2 73 58.35999999999999
2 74 58.199999999999996
2 75 58.199999999999996
2 76 57.32
2 77 57.279999999999994
2 78 57.24
2 79 57.12
2 80 57.12
2 81 56.57999999999999
2 82 56.57999999999999
2 83 56.57999999999999
2 84 56.26
2 85 56.059999999999995
2 86 55.779999999999994
2 87 55.779999999999994
2 88 55.74
2 89 55.74
2 90 55.440000000000005
2 91 55.440000000000005
2 92 55.12
2 93 55.01
2 94 55.01
2 95 54.65
2 96 54.65
2 97 53.669999999999995
2 98 53.370000000000005
2 99 53.370000000000005
2 100 53.029999999999994
2 101 51.77
2 102 51.77
2 103 51.410000000000004
2 104 51.25000000000001
2 105 50.04
2 106 50.04
2 107 49.96
2 108 49.96
2 109 49.8
2 110 49.8
2 111 49.779999999999994
2 112 49.7
2 113 49.69999999999999
2 114 49.690000000000005
2 115 48.39
2 116 48.39
2 117 47.910000000000004
2 118 47.910000000000004
2 119 47.63
2 120 47.63
2 121 47.61000000000001
2 122 47.61000000000001
2 123 47.61000000000001
2 124 47.57000000000001
2 125 47.57000000000001
2 126 47.56000000000001
2 127 47.53000000000001
3 128 47.41000000000001
3 129 47.31000000000001
3 130 47.31000000000001
3 131 47.25000000000001
3 132 46.96000000000001
3 133 46.96000000000001
3 134 46.96000000000001
3 135 45.68000000000001
3 136 45.68000000000001
3 137 45.67000000000001
3 138 45.64000000000001
3 139 45.64000000000001
3 140 45.44000000000001
3 141 45.44000000000001
3 142 43.760000000000005
3 143 42.88000000000001
3 144 42.84000000000001
3 145 42.84000000000001
3 146 42.64000000000001
3 147 41.56000000000001
3 148 41.56000000000001
3 149 41.56000000000001
3 150 41.52
3 151 41.510000000000005
3 152 40.24
3 153 40.24
3 154 40.080000000000005
3 155 40.080000000000005
3 156 40.080000000000005
3 157 40.06
3 158 39.760000000000005
3 159 39.760000000000005
3 160 39.760000000000005
3 161 39.760000000000005
3 162 39.6
3 163 39.6
3 164 39.36000000000001
3 165 39.36000000000001
3 166 39.36000000000001
3 167 39.36000000000001
3 168 39.34000000000001
3 169 38.24000000000001
3 170 38.24000000000001
3 171 38.16000000000001
3 172 38.080000000000005
3 173 38.080000000000005
3 174 38.080000000000005
3 175 38.080000000000005
3 176 38.080000000000005
3 177 38.00000000000001
3 178 37.080000000000005
3 179 37.080000000000005
3 180 36.410000000000004
3 181 36.410000000000004
3 182 36.410000000000004
3 183 36.330000000000005
3 184 36.330000000000005
3 185 36.330000000000005
3 186 35.730000000000004
3 187 35.720000000000006
3 188 35.65
4 189 35.61
4 190 35.61
4 191 35.61
4 192 35.53
4 193 35.45
4 194 35.45
4 195 35.33
4 196 35.33
4 197 35.309999999999995
4 198 35.29
4 199 35.29
4 200 35.29
4 201 35.09
4 202 35.09
4 203 35.09
4 204 35.09
4 205 35.07
4 206 33.17
4 207 33.17
4 208 33.17
4 209 33.150000000000006
4 210 33.150000000000006
4 211 33.150000000000006
4 212 33.150000000000006
4 213 33.11000000000001
4 214 33.11000000000001
4 215 32.470000000000006
4 216 32.470000000000006
4 217 32.470000000000006
4 218 31.210000000000004
4 219 31.210000000000004
4 220 31.210000000000004
4 221 31.19
4 222 31.19
4 223 31.169999999999998
4 224 31.169999999999998
4 225 31.169999999999998
4 226 31.13
4 227 29.599999999999998
4 228 29.599999999999998
4 229 29.599999999999998
4 230 29.599999999999998
4 231 28.959999999999997
4 232 28.959999999999997
4 233 28.959999999999997
4 234 28.959999999999997
4 235 28.959999999999997
4 236 28.959999999999997
4 237 28.88
4 238 28.88
4 239 28.869999999999997
4 240 27.31
4 241 27.31
4 242 26.31
4 243 26.23
4 244 24.74
4 245 24.74
4 246 24.73
4 247 23.74
4 248 23.74
4 249 23.74
4 250 21.18
4 251 21.18
4 252 21.18
4 253 21.18
5 254 21.18
5 255 21.14
5 256 21.14
5 257 21.02
5 258 20.14
5 259 20.14
5 260 20.08
5 261 20.08
5 262 20.08
5 263 20.08
5 264 20.069999999999997
5 265 20.069999999999997
5 266 20.06
5 267 20.06
5 268 20.06
5 269 20.06
5 270 20.06
5 271 20.06
5 272 20.05
5 273 20.02
5 274 20.02
5 275 20.01
5 276 19.999999999999996
5 277 19.999999999999996
5 278 19.999999999999996
5 279 19.999999999999996
5 280 18.429999999999996
5 281 18.429999999999996
5 282 18.429999999999996
5 283 18.419999999999998
5 284 18.419999999999998
5 285 18.419999999999998
5 286 17.419999999999998
5 287 17.419999999999998
5 288 17.419999999999998
5 289 17.419999999999998
5 290 17.419999999999998
5 291 17.419999999999998
5 292 17.4
5 293 17.38
5 294 17.38
5 295 17.359999999999996
5 296 17.359999999999996
5 297 17.359999999999996
5 298 17.069999999999997
5 299 17.069999999999997
5 300 16.779999999999998
5 301 16.779999999999998
5 302 16.779999999999998
5 303 16.759999999999998
5 304 16.759999999999998
5 305 15.759999999999998
5 306 15.759999999999998
5 307 15.719999999999999
5 308 15.719999999999999
5 309 15.599999999999998
5 310 15.599999999999998
5 311 15.599999999999998
5 312 14.599999999999998
5 313 14.599999999999998
6 314 14.599999999999998
6 315 14.599999999999998
6 316 14.599999999999998
6 317 14.599999999999998
6 318 14.599999999999998
6 319 14.599999999999998
6 320 14.599999999999998
6 321 14.319999999999999
6 322 14.319999999999999
6 323 14.319999999999999
6 324 14.04
6 325 14.04
6 326 14.04
6 327 14.04
6 328 12.759999999999998
6 329 12.759999999999998
6 330 12.759999999999998
6 331 12.759999999999998
6 332 12.759999999999998
6 333 12.719999999999999
6 334 12.659999999999998
6 335 12.659999999999998
6 336 12.62
6 337 12.62
6 338 11.62
6 339 10.059999999999999
6 340 10.059999999999999
6 341 10.059999999999999
6 342 10.059999999999999
6 343 10.059999999999999
6 344 10.059999999999999
6 345 10.059999999999999
6 346 10.059999999999999
6 347 10.059999999999999
6 348 10.059999999999999
6 349 10.059999999999999
6 350 10.059999999999999
6 351 10.059999999999999
6 352 10.059999999999999
6 353 10.059999999999999
6 354 10.059999999999999
6 355 10.059999999999999
6 356 10.059999999999999
6 357 10.059999999999999
6 358 10.059999999999999
6 359 10.059999999999999
6 360 9.06
6 361 9.06
6 362 9.06
6 363 9.06
6 364 9.06
6 365 9.06
6 366 9.06
6 367 9.06
6 368 9.06
6 369 9.06
6 370 9.06
7 371 9.06
7 372 9.06
7 373 9.06
7 374 9.06
7 375 9.06
7 376 9.06
7 377 9.06
7 378 9.06
7 379 9.06
7 380 9.06
7 381 9.06
7 382 9.06
7 383 9.06
7 384 9.06
7 385 8.940000000000001
7 386 8.940000000000001
7 387 8.940000000000001
7 388 8.940000000000001
7 389 8.940000000000001
7 390 8.940000000000001
7 391 8.940000000000001
7 392 8.940000000000001
7 393 7.94
7 394 7.94
7 395 7.94
7 396 7.94
7 397 7.94
7 398 7.94
7 399 7.94
7 400 7.94
7 401 7.94
7 402 7.94
7 403 7.94
7 404 7.94
7 405 7.94
7 406 7.94
7 407 7.94
7 408 7.94
7 409 7.94
7 410 7.94
7 411 7.94
7 412 7.94
7 413 7.94
7 414 7.94
7 415 7.94
7 416 7.94
7 417 7.94
7 418 7.94
7 419 7.94
7 420 7.94
7 421 7.94
7 422 7.94
7 423 7.94
7 424 7.94
7 425 7.94
7 426 7.94
7 427 7.94
8 428 7.94
8 429 7.94
8 430 7.94
8 431 7.94
8 432 7.94
8 433 7.94
8 434 7.94
8 435 7.94
8 436 7.94
8 437 7.94
8 438 7.94
8 439 7.94
8 440 7.94
8 441 7.94
8 442 7.94
8 443 7.94
8 444 7.94
8 445 7.94
8 446 7.94
8 447 7.94
8 448 7.94
8 449 7.94
8 450 7.94
8 451 7.94
8 452 7.94
8 453 7.94
8 454 7.94
8 455 7.94
8 456 7.9
8 457 7.9
8 458 7.9
8 459 7.9
8 460 7.9
8 461 7.9
8 462 7.9
8 463 7.9
8 464 7.9
8 465 7.9
8 466 7.9
8 467 7.9
8 468 7.9
8 469 7.9
8 470 7.9
8 471 7.9
8 472 7.9
8 473 7.9
8 474 7.9
8 475 7.9
8 476 7.9
8 477 7.9
8 478 7.9
8 479 7.9
8 480 7.9
8 481 7.9
8 482 7.9
8 483 7.9
8 484 7.9
8 485 7.9
8 486 7.9
9 487 7.9
9 488 7.9
9 489 7.9
9 490 7.9
9 491 7.9
9 492 7.9
9 493 7.9
9 494 7.9
9 495 7.9
9 496 7.9
9 497 7.9
9 498 7.9
9 499 7.9
9 500 7.9
9 501 7.9
9 502 7.9
9 503 7.9
9 504 7.9
9 505 7.9
9 506 7.9
9 507 7.9
9 508 7.9
9 509 7.9
9 510 7.9
9 511 7.9
9 512 7.9
9 513 7.9
9 514 7.9
9 515 7.9
9 516 7.9
9 517 7.9
9 518 7.9
9 519 7.9
9 520 7.9
9 521 7.9
9 522 7.9
9 523 7.9
9 524 7.9
9 525 7.9
9 526 7.9
9 527 7.9
9 528 7.9
9 529 7.9
9 530 7.9
9 531 7.9
9 532 7.9
9 533 7.9
9 534 7.9
9 535 7.9
9 536 7.9
9 537 7.9
9 538 7.9
9 539 7.9
9 540 7.9
9 541 7.9
9 542 7.9
9 543 7.9
10 544 7.9
10 545 7.9
10 546 7.9
10 547 7.9
10 548 7.9
10 549 7.9
10 550 7.9
10 551 7.9
10 552 7.9
10 553 7.9
10 554 7.9
10 555 7.9
10 556 7.9
10 557 7.9
10 558 7.9
10 559 7.9
10 560 7.9
10 561 7.9
10 562 7.9
10 563 7.9
10 564 7.9
10 565 7.9
10 566 7.9
10 567 7.9
10 568 7.9
10 569 7.9
10 570 7.9
10 571 7.9
10 572 7.9
10 573 7.9
10 574 7.9
10 575 7.9
10 576 7.9
10 577 7.9
10 578 7.9
10 579 7.9
10 580 7.9
10 581 7.9
10 582 7.9
10 583 7.9
10 584 7.9
10 585 7.9
10 586 7.9
10 587 7.9
10 588 7.9
10 589 7.9
10 590 7.9
10 591 7.9
10 592 7.9
10 593 7.9
10 594 7.9
10 595 7.9
10 596 7.9
10 597 7.9
10 598 7.9
10 599 7.9
11 600 7.9
11 601 7.9
11 602 7.9
11 603 7.9
11 604 7.9
11 605 7.9
11 606 7.9
11 607 7.9
11 608 7.9
11 609 7.9
11 610 7.9
11 611 7.9
11 612 7.9
11 613 7.9
11 614 7.9
11 615 7.9
11 616 7.9
11 617 7.9
11 618 7.9
11 619 7.9
11 620 7.9
11 621 7.9
11 622 7.9
11 623 7.9
11 624 7.9
11 625 7.9
11 626 7.9
11 627 7.9
11 628 7.9
11 629 7.9
11 630 7.9
11 631 7.9
11 632 7.9
11 633 7.9
11 634 7.9
11 635 7.9
11 636 7.9
11 637 7.9
11 638 7.9
11 639 7.9
11 640 7.9
11 641 7.9
11 642 7.9
11 643 7.9
11 644 7.9
11 645 7.9
11 646 7.9
11 647 7.9
11 648 7.9
11 649 7.9
11 650 7.9
11 651 7.9
11 652 7.9
11 653 7.9
11 654 7.9
11 655 7.9
11 656 7.9
11 657 7.9
12 658 7.9
12 659 7.9
12 660 7.9
12 661 7.9
12 662 7.9
12 663 7.9
12 664 7.9
12 665 7.9
12 666 7.9
12 667 7.9
12 668 7.9
12 669 7.9
12 670 7.9
12 671 7.9
12 672 7.9
12 673 7.9
12 674 7.9
12 675 7.9
12 676 7.9
12 677 7.9
12 678 7.9
12 679 7.9
12 680 7.9
12 681 7.9
12 682 7.9
12 683 7.9
12 684 7.9
12 685 7.9
12 686 7.9
12 687 7.9
12 688 7.9
12 689 7.9
12 690 7.9
12 691 7.9
12 692 7.9
12 693 7.9
12 694 7.9
12 695 7.9
12 696 7.9
12 697 7.9
12 698 7.9
12 699 7.9
12 700 7.9
12 701 7.9
12 702 7.9
12 703 7.9
12 704 7.9
12 705 7.9
12 706 7.9
12 707 7.9
12 708 7.9
12 709 7.9
12 710 7.9
12 711 7.9
12 712 7.9
12 713 7.9
12 714 7.9
13 715 7.9
13 716 7.9
13 717 7.9
13 718 7.9
13 719 7.9
13 720 7.9
13 721 7.9
13 722 7.9
13 723 7.9
13 724 7.9
13 725 7.9
13 726 7.9
13 727 7.9
13 728 7.9
13 729 7.9
13 730 7.9
13 731 7.9
13 732 7.9
13 733 7.9
13 734 7.9
13 735 7.9
13 736 7.9
13 737 7.9
13 738 7.9
13 739 7.9
13 740 7.9
13 741 7.9
13 742 7.9
13 743 7.9
13 744 7.9
13 745 7.9
13 746 7.9
13 747 7.9
13 748 7.9
13 749 7.9
13 750 7.9
13 751 7.9
13 752 7.9
13 753 7.9
13 754 7.9
13 755 7.9
13 756 7.9
13 757 7.9
13 758 7.9
13 759 7.9
13 760 7.9
13 761 7.9
13 762 7.9
13 763 7.9
13 764 7.9
13 765 7.9
13 766 7.9
13 767 7.9
13 768 7.9
13 769 7.9
14 770 7.9
14 771 7.9
14 772 7.9
14 773 7.9
14 774 7.9
14 775 7.9
14 776 7.9
14 777 7.9
14 778 7.9
14 779 7.9
14 780 7.9
14 781 7.9
14 782 7.9
14 783 7.9
14 784 7.9
14 785 7.9
14 786 7.9
14 787 7.9
14 788 7.9
14 789 7.9
14 790 7.9
14 791 7.9
14 792 7.9
14 793 7.9
14 794 7.9
14 795 7.9
14 796 7.9
14 797 7.9
14 798 7.9
14 799 7.9
14 800 7.9
14 801 7.9
14 802 7.9
14 803 7.9
14 804 7.9
14 805 7.9
14 806 7.9
14 807 7.9
14 808 7.9
14 809 7.9
14 810 7.9
14 811 7.9
14 812 7.9
14 813 7.9
14 814 7.9
14 815 7.9
14 816 7.9
14 817 7.9
14 818 7.9
14 819 7.9
14 820 7.9
14 821 7.9
14 822 7.9
14 823 7.9
14 824 7.9
14 825 7.9
15 826 7.9
15 827 7.9
15 828 7.9
15 829 7.9
15 830 7.9
15 831 7.9
15 832 7.9
15 833 7.9
15 834 7.9
15 835 7.9
15 836 7.9
15 837 7.9
15 838 7.9
15 839 7.9
15 840 7.9
15 841 7.9
15 842 7.9
15 843 7.9
15 844 7.9
15 845 7.9
15 846 7.9
15 847 7.9
15 848 7.9
15 849 7.9
15 850 7.9
15 851 7.9
15 852 7.9
15 853 7.9
15 854 7.9
15 855 7.9
15 856 7.9
15 857 7.9
15 858 7.9
15 859 7.9
15 860 7.9
15 861 7.9
15 862 7.9
15 863 7.9
15 864 7.9
15 865 7.9
15 866 7.9
15 867 7.9
15 868 7.9
15 869 7.9
15 870 7.9
15 871 7.9
15 872 7.9
15 873 7.9
15 874 7.9
15 875 7.9
15 876 7.9
15 877 7.9
15 878 7.9
15 879 7.9
15 880 7.9
15 881 7.9
16 882 7.9
16 883 7.9
16 884 7.9
16 885 7.9
16 886 7.9
16 887 7.9
16 888 7.9
16 889 7.9
16 890 7.9
16 891 7.9
16 892 7.9
16 893 7.9
16 894 7.9
16 895 7.9
16 896 7.9
16 897 7.9
16 898 7.9
16 899 7.9
16 900 7.9
16 901 7.9
16 902 7.9
16 903 7.9
16 904 7.9
16 905 7.9
16 906 7.9
16 907 7.9
16 908 7.9
16 909 7.9
16 910 7.9
16 911 7.9
16 912 7.9
16 913 7.9
16 914 7.9
16 915 7.9
16 916 7.9
16 917 7.9
16 918 7.9
16 919 7.9
16 920 7.9
16 921 7.9
16 922 7.9
16 923 7.9
16 924 7.9
16 925 7.9
16 926 7.9
16 927 7.9
16 928 7.9
16 929 7.9
16 930 7.9
16 931 7.9
16 932 7.9
16 933 7.9
16 934 7.9
16 935 7.9
16 936 7.9
16 937 7.9
17 938 7.9
17 939 7.9
17 940 7.9
17 941 7.9
17 942 7.9
17 943 7.9
17 944 7.9
17 945 7.9
17 946 7.9
17 947 7.9
17 948 7.9
17 949 7.9
17 950 7.9
17 951 7.9
17 952 7.9
17 953 7.9
17 954 7.9
17 955 7.9
17 956 7.9
17 957 7.9
17 958 7.9
17 959 7.9
17 960 7.9
17 961 7.9
17 962 7.9
17 963 7.9
17 964 7.9
17 965 7.9
17 966 7.9
17 967 7.9
17 968 7.9
17 969 7.9
17 970 7.9
17 971 7.9
17 972 7.9
17 973 7.9
17 974 7.9
17 975 7.9
17 976 7.9
17 977 7.9
17 978 7.9
17 979 7.9
17 980 7.9
17 981 7.9
17 982 7.9
17 983 7.9
17 984 7.9
17 985 7.9
17 986 7.9
17 987 7.9
17 988 7.9
17 989 7.9
17 990 7.9
17 991 7.9
17 992 7.9
18 993 7.9
18 994 7.9
18 995 7.9
18 996 7.9
18 997 7.9
18 998 7.9
18 999 7.9
18 1000 7.9
18 1001 7.9
18 1002 7.9
18 1003 7.9
18 1004 7.9
18 1005 7.9
18 1006 7.9
18 1007 7.9
18 1008 7.9
18 1009 7.9
18 1010 7.9
18 1011 7.9
18 1012 7.9
18 1013 7.9
18 1014 7.9
18 1015 7.9
18 1016 7.9
18 1017 7.9
18 1018 7.9
18 1019 7.9
18 1020 7.9
18 1021 7.9
18 1022 7.9
18 1023 7.9
18 1024 7.9
18 1025 7.9
18 1026 7.9
18 1027 7.9
18 1028 7.9
18 1029 7.9
18 1030 7.9
18 1031 7.9
18 1032 7.9
18 1033 7.9
18 1034 7.9
18 1035 7.9
18 1036 7.9
18 1037 7.9
18 1038 7.9
18 1039 7.9
18 1040 7.9
18 1041 7.9
18 1042 7.9
18 1043 7.9
18 1044 7.9
18 1045 7.9
18 1046 7.9
18 1047 7.9
18 1048 7.9
19 1049 7.9
19 1050 7.9
19 1051 7.9
19 1052 7.9
19 1053 7.9
19 1054 7.9
19 1055 7.9
19 1056 7.9
19 1057 7.9
19 1058 7.9
19 1059 7.9
19 1060 7.9
19 1061 7.9
19 1062 7.9
19 1063 7.9
19 1064 7.9
19 1065 7.9
19 1066 7.9
19 1067 7.9
19 1068 7.9
19 1069 7.9
19 1070 7.9
19 1071 7.9
19 1072 7.9
19 1073 7.9
19 1074 7.9
19 1075 7.9
19 1076 7.9
19 1077 7.9
19 1078 7.9
19 1079 7.9
19 1080 7.9
19 1081 7.9
19 1082 7.9
19 1083 7.9
19 1084 7.9
19 1085 7.9
19 1086 7.9
19 1087 7.9
19 1088 7.9
19 1089 7.9
19 1090 7.9
19 1091 7.9
19 1092 7.9
19 1093 7.9
19 1094 7.9
19 1095 7.9
19 1096 7.9
19 1097 7.9
19 1098 7.9
19 1099 7.9
19 1100 7.9
19 1101 7.9
19 1102 7.9
20 1103 7.9
20 1104 7.9
20 1105 7.9
20 1106 7.9
20 1107 7.9
20 1108 7.9
20 1109 7.9
20 1110 7.9
20 1111 7.9
20 1112 7.9
20 1113 7.9
20 1114 7.9
20 1115 7.9
20 1116 7.9
20 1117 7.9
20 1118 7.9
20 1119 7.9
20 1120 7.9
20 1121 7.9
20 1122 7.9
20 1123 7.9
20 1124 7.9
20 1125 7.9
20 1126 7.9
20 1127 7.9
20 1128 7.9
20 1129 7.9
20 1130 7.9
20 1131 7.9
20 1132 7.9
20 1133 7.9
20 1134 7.9
20 1135 7.9
20 1136 7.9
20 1137 7.9
20 1138 7.9
20 1139 7.9
20 1140 7.9
20 1141 7.9
20 1142 7.9
20 1143 7.9
20 1144 7.9
20 1145 7.9
20 1146 7.9
20 1147 7.9
20 1148 7.9
20 1149 7.9
20 1150 7.9
20 1151 7.9
20 1152 7.9
20 1153 7.9
20 1154 7.9
20 1155 7.9
20 1156 7.9
20 1157 7.9
20 1158 7.9
21 1159 7.9
21 1160 7.9
21 1161 7.9
21 1162 7.9
21 1163 7.9
21 1164 7.9
21 1165 7.9
21 1166 7.9
21 1167 7.9
21 1168 7.9
21 1169 7.9
21 1170 7.9
21 1171 7.9
21 1172 7.9
21 1173 7.9
21 1174 7.9
21 1175 7.9
21 1176 7.9
21 1177 7.9
21 1178 7.9
21 1179 7.9
21 1180 7.9
21 1181 7.9
21 1182 7.9
21 1183 7.9
21 1184 7.9
21 1185 7.9
21 1186 7.9
21 1187 7.9
21 1188 7.9
21 1189 7.9
21 1190 7.9
21 1191 7.9
21 1192 7.9
21 1193 7.9
21 1194 7.9
21 1195 7.9
21 1196 7.9
21 1197 7.9
21 1198 7.9
21 1199 7.9
21 1200 7.9
21 1201 7.9
21 1202 7.9
21 1203 7.9
21 1204 7.9
21 1205 7.9
21 1206 7.9
21 1207 7.9
21 1208 7.9
21 1209 7.9
21 1210 7.9
21 1211 7.9
22 1212 7.9
22 1213 7.9
22 1214 7.9
22 1215 7.9
22 1216 7.9
22 1217 7.9
22 1218 7.9
22 1219 7.9
22 1220 7.9
22 1221 7.9
22 1222 7.9
22 1223 7.9
22 1224 7.9
22 1225 7.9
22 1226 7.9
22 1227 7.9
22 1228 7.9
22 1229 7.9
22 1230 7.9
22 1231 7.9
22 1232 7.9
22 1233 7.9
22 1234 7.9
22 1235 7.9
22 1236 7.9
22 1237 7.9
22 1238 7.9
22 1239 7.9
22 1240 7.9
22 1241 7.9
22 1242 7.9
22 1243 7.9
22 1244 7.9
22 1245 7.9
22 1246 7.9
22 1247 7.9
22 1248 7.9
22 1249 7.9
22 1250 7.9
22 1251 7.9
22 1252 7.9
22 1253 7.9
22 1254 7.9
22 1255 7.9
22 1256 7.9
22 1257 7.9
22 1258 7.9
22 1259 7.9
22 1260 7.9
22 1261 7.9
22 1262 7.9
22 1263 7.9
22 1264 7.9
22 1265 7.9
22 1266 7.9
22 1267 7.9
23 1268 7.9
23 1269 7.9
23 1270 7.9
23 1271 7.9
23 1272 7.9
23 1273 7.9
23 1274 7.9
23 1275 7.9
23 1276 7.9
23 1277 7.9
23 1278 7.9
23 1279 7.9
23 1280 7.9
23 1281 7.9
23 1282 7.9
23 1283 7.9
23 1284 7.9
23 1285 7.9
23 1286 7.9
23 1287 7.9
23 1288 7.9
23 1289 7.9
23 1290 7.9
23 1291 7.9
23 1292 7.9
23 1293 7.9
23 1294 7.9
23 1295 7.9
23 1296 7.9
23 1297 7.9
23 1298 7.9
23 1299 7.9
23 1300 7.9
23 1301 7.9
23 1302 7.9
23 1303 7.9
23 1304 7.9
23 1305 7.9
23 1306 7.9
23 1307 7.9
23 1308 7.9
23 1309 7.9
23 1310 7.9
23 1311 7.9
23 1312 7.9
23 1313 7.9
23 1314 7.9
23 1315 7.9
23 1316 7.9
23 1317 7.9
23 1318 7.9
23 1319 7.9
23 1320 7.9
23 1321 7.9
23 1322 7.9
23 1323 7.9
24 1324 7.9
24 1325 7.9
24 1326 7.9
24 1327 7.9
24 1328 7.9
24 1329 7.9
24 1330 7.9
24 1331 7.9
24 1332 7.9
24 1333 7.9
24 1334 7.9
24 1335 7.9
24 1336 7.9
24 1337 7.9
24 1338 7.9
24 1339 7.9
24 1340 7.9
24 1341 7.9
24 1342 7.9
24 1343 7.9
24 1344 7.9
24 1345 7.9
24 1346 7.9
24 1347 7.9
24 1348 7.9
24 1349 7.9
24 1350 7.9
24 1351 7.9
24 1352 7.9
24 1353 7.9
24 1354 7.9
24 1355 7.9
24 1356 7.9
24 1357 7.9
24 1358 7.9
24 1359 7.9
24 1360 7.9
24 1361 7.9
24 1362 7.9
24 1363 7.9
24 1364 7.9
24 1365 7.9
24 1366 7.9
24 1367 7.9
24 1368 7.9
24 1369 7.9
24 1370 7.9
24 1371 7.9
24 1372 7.9
24 1373 7.9
24 1374 7.9
24 1375 7.9
24 1376 7.9
24 1377 7.9
24 1378 7.9
24 1379 7.9
24 1380 7.9
24 1381 7.9
24 1382 7.9
24 1383 7.9
25 1384 7.9
25 1385 7.9
25 1386 7.9
25 1387 7.9
25 1388 7.9
25 1389 7.9
25 1390 7.9
25 1391 7.9
25 1392 7.9
25 1393 7.9
25 1394 7.9
25 1395 7.9
25 1396 7.9
25 1397 7.9
25 1398 7.9
25 1399 7.9
25 1400 7.9
25 1401 7.9
25 1402 7.9
25 1403 7.9
25 1404 7.9
25 1405 7.9
25 1406 7.9
25 1407 7.9
25 1408 7.9
25 1409 7.9
25 1410 7.9
25 1411 7.9
25 1412 7.9
25 1413 7.9
25 1414 7.9
25 1415 7.9
25 1416 7.9
25 1417 7.9
25 1418 7.9
25 1419 7.9
25 1420 7.9
25 1421 7.9
25 1422 7.9
25 1423 7.9
25 1424 7.9
25 1425 7.9
25 1426 7.9
25 1427 7.9
25 1428 7.9
25 1429 7.9
25 1430 7.9
25 1431 7.9
25 1432 7.9
25 1433 7.9
25 1434 7.9
25 1435 7.9
25 1436 7.9
25 1437 7.9
25 1438 7.9
25 1439 7.9
25 1440 7.9
26 1441 7.9
26 1442 7.9
26 1443 7.9
26 1444 7.9
26 1445 7.9
26 1446 7.9
26 1447 7.9
26 1448 7.9
26 1449 7.9
26 1450 7.9
26 1451 7.9
26 1452 7.9
26 1453 7.9
26 1454 7.9
26 1455 7.9
26 1456 7.9
26 1457 7.9
26 1458 7.9
26 1459 7.9
26 1460 7.9
26 1461 7.9
26 1462 7.9
26 1463 7.9
26 1464 7.9
26 1465 7.9
26 1466 7.9
26 1467 7.9
26 1468 7.9
26 1469 7.9
26 1470 7.9
26 1471 7.9
26 1472 7.9
26 1473 7.9
26 1474 7.9
26 1475 7.9
26 1476 7.9
26 1477 7.9
26 1478 7.9
26 1479 7.9
26 1480 7.9
26 1481 7.9
26 1482 7.9
26 1483 7.9
26 1484 7.9
26 1485 7.9
26 1486 7.9
26 1487 7.9
26 1488 7.9
26 1489 7.9
26 1490 7.9
26 1491 7.9
26 1492 7.9
26 1493 7.9
26 1494 7.9
26 1495 7.9
26 1496 7.9
27 1497 7.9
27 1498 7.9
27 1499 7.9
27 1500 7.9
27 1501 7.9
27 1502 7.9
27 1503 7.9
27 1504 7.9
27 1505 7.9
27 1506 7.9
27 1507 7.9
27 1508 7.9
27 1509 7.9
27 1510 7.9
27 1511 7.9
27 1512 7.9
27 1513 7.9
27 1514 7.9
27 1515 7.9
27 1516 7.9
27 1517 7.9
27 1518 7.9
27 1519 7.9
27 1520 7.9
27 1521 7.9
27 1522 7.9
27 1523 7.9
27 1524 7.9
27 1525 7.9
27 1526 7.9
27 1527 7.9
27 1528 7.9
27 1529 7.9
27 1530 7.9
27 1531 7.9
27 1532 7.9
27 1533 7.9
27 1534 7.9
27 1535 7.9
27 1536 7.9
27 1537 7.9
27 1538 7.9
27 1539 7.9
27 1540 7.9
27 1541 7.9
27 1542 7.9
27 1543 7.9
27 1544 7.9
27 1545 7.9
27 1546 7.9
27 1547 7.9
27 1548 7.9
27 1549 7.9
27 1550 7.9
27 1551 7.9
28 1552 7.9
28 1553 7.9
28 1554 7.9
28 1555 7.9
28 1556 7.9
28 1557 7.9
28 1558 7.9
28 1559 7.9
28 1560 7.9
28 1561 7.9
28 1562 7.9
28 1563 7.9
28 1564 7.9
28 1565 7.9
28 1566 7.9
28 1567 7.9
28 1568 7.9
28 1569 7.9
28 1570 7.9
28 1571 7.9
28 1572 7.9
28 1573 7.9
28 1574 7.9
28 1575 7.9
28 1576 7.9
28 1577 7.9
28 1578 7.9
28 1579 7.9
28 1580 7.9
28 1581 7.9
28 1582 7.9
28 1583 7.9
28 1584 7.9
28 1585 7.9
28 1586 7.9
28 1587 7.9
28 1588 7.9
28 1589 7.9
28 1590 7.9
28 1591 7.9
28 1592 7.9
28 1593 7.9
28 1594 7.9
28 1595 7.9
28 1596 7.9
28 1597 7.9
28 1598 7.9
28 1599 7.9
28 1600 7.9
28 1601 7.9
28 1602 7.9
28 1603 7.9
28 1604 7.9
28 1605 7.9
28 1606 7.9
28 1607 7.9
28 1608 7.9
29 1609 7.9
29 1610 7.9
29 1611 7.9
29 1612 7.9
29 1613 7.9
29 1614 7.9
29 1615 7.9
29 1616 7.9
29 1617 7.9
29 1618 7.9
29 1619 7.9
29 1620 7.9
29 1621 7.9
29 1622 7.9
29 1623 7.9
29 1624 7.9
29 1625 7.9
29 1626 7.9
29 1627 7.9
29 1628 7.9
29 1629 7.9
29 1630 7.9
29 1631 7.9
29 1632 7.9
29 1633 7.9
29 1634 7.9
29 1635 7.9
29 1636 7.9
29 1637 7.9
29 1638 7.9
29 1639 7.9
29 1640 7.9
29 1641 7.9
29 1642 7.9
29 1643 7.9
29 1644 7.9
29 1645 7.9
29 1646 7.9
29 1647 7.9
29 1648 7.9
29 1649 7.9
29 1650 7.9
29 1651 7.9
29 1652 7.9
29 1653 7.9
29 1654 7.9
29 1655 7.9
29 1656 7.9
29 1657 7.9
29 1658 7.9
29 1659 7.9
29 1660 7.9
29 1661 7.9
29 1662 7.9
30 1663 7.9
30 1664 7.9
30 1665 7.9
30 1666 7.9
30 1667 7.9
30 1668 7.9
30 1669 7.9
30 1670 7.9
30 1671 7.9
30 1672 7.9
30 1673 7.9
30 1674 7.9
30 1675 7.9
30 1676 7.9
30 1677 7.9
30 1678 7.9
30 1679 7.9
30 1680 7.9
30 1681 7.9
30 1682 7.9
30 1683 7.9
30 1684 7.9
30 1685 7.9
30 1686 7.9
30 1687 7.9
30 1688 7.9
30 1689 7.9
30 1690 7.9
30 1691 7.9
30 1692 7.9
30 1693 7.9
30 1694 7.9
30 1695 7.9
30 1696 7.9
30 1697 7.9
30 1698 7.9
30 1699 7.9
30 1700 7.9
30 1701 7.9
30 1702 7.9
30 1703 7.9
30 1704 7.9
30 1705 7.9
30 1706 7.9
30 1707 7.9
30 1708 7.9
30 1709 7.9
30 1710 7.9
30 1711 7.9
30 1712 7.9
30 1713 7.9
30 1714 7.9
30 1715 7.9
30 1716 7.9
30 1717 7.9
30 1718 7.9
31 1719 7.9
31 1720 7.9
31 1721 7.9
31 1722 7.9
31 1723 7.9
31 1724 7.9
31 1725 7.9
31 1726 7.9
31 1727 7.9
31 1728 7.9
31 1729 7.9
31 1730 7.9
31 1731 7.9
31 1732 7.9
31 1733 7.9
31 1734 7.9
31 1735 7.9
31 1736 7.9
31 1737 7.9
31 1738 7.9
31 1739 7.9
31 1740 7.9
31 1741 7.9
31 1742 7.9
31 1743 7.9
31 1744 7.9
31 1745 7.9
31 1746 7.9
31 1747 7.9
31 1748 7.9
31 1749 7.9
31 1750 7.9
31 1751 7.9
31 1752 7.9
31 1753 7.9
31 1754 7.9
31 1755 7.9
31 1756 7.9
31 1757 7.9
31 1758 7.9
31 1759 7.9
31 1760 7.9
31 1761 7.9
31 1762 7.9
31 1763 7.9
31 1764 7.9
31 1765 7.9
31 1766 7.9
31 1767 7.9
31 1768 7.9
31 1769 7.9
31 1770 7.9
31 1771 7.9
32 1772 7.9
32 1773 7.9
32 1774 7.9
32 1775 7.9
32 1776 7.9
32 1777 7.9
32 1778 7.9
32 1779 7.9
32 1780 7.9
32 1781 7.9
32 1782 7.9
32 1783 7.9
32 1784 7.9
32 1785 7.9
32 1786 7.9
32 1787 7.9
32 1788 7.9
32 1789 7.9
32 1790 7.9
32 1791 7.9
32 1792 7.9
32 1793 7.9
32 1794 7.9
32 1795 7.9
32 1796 7.9
32 1797 7.9
32 1798 7.9
32 1799 7.9
32 1800 7.9
32 1801 7.9
32 1802 7.9
32 1803 7.9
32 1804 7.9
32 1805 7.9
32 1806 7.9
32 1807 7.9
32 1808 7.9
32 1809 7.9
32 1810 7.9
32 1811 7.9
32 1812 7.9
32 1813 7.9
32 1814 7.9
32 1815 7.9
32 1816 7.9
32 1817 7.9
32 1818 7.9
32 1819 7.9
32 1820 7.9
32 1821 7.9
32 1822 7.9
32 1823 7.9
32 1824 7.9
32 1825 7.9
32 1826 7.9
32 1827 7.9
32 1828 7.9
32 1829 7.9
33 1830 7.9
33 1831 7.9
33 1832 7.9
33 1833 7.9
33 1834 7.9
33 1835 7.9
33 1836 7.9
33 1837 7.9
33 1838 7.9
33 1839 7.9
33 1840 7.9
33 1841 7.9
33 1842 7.9
33 1843 7.9
33 1844 7.9
33 1845 7.9
33 1846 7.9
33 1847 7.9
33 1848 7.9
33 1849 7.9
33 1850 7.9
33 1851 7.9
33 1852 7.9
33 1853 7.9
33 1854 7.9
33 1855 7.9
33 1856 7.9
33 1857 7.9
33 1858 7.9
33 1859 7.9
33 1860 7.9
33 1861 7.9
33 1862 7.9
33 1863 7.9
33 1864 7.9
33 1865 7.9
33 1866 7.9
33 1867 7.9
33 1868 7.9
33 1869 7.9
33 1870 7.9
33 1871 7.9
33 1872 7.9
33 1873 7.9
33 1874 7.9
33 1875 7.9
33 1876 7.9
33 1877 7.9
33 1878 7.9
33 1879 7.9
33 1880 7.9
33 1881 7.9
33 1882 7.9
33 1883 7.9
33 1884 7.9
33 1885 7.9
34 1886 7.9
34 1887 7.9
34 1888 7.9
34 1889 7.9
34 1890 7.9
34 1891 7.9
34 1892 7.9
34 1893 7.9
34 1894 7.9
34 1895 7.9
34 1896 7.9
34 1897 7.9
34 1898 7.9
34 1899 7.9
34 1900 7.9
34 1901 7.9
34 1902 7.9
34 1903 7.9
34 1904 7.9
34 1905 7.9
34 1906 7.9
34 1907 7.9
34 1908 7.9
34 1909 7.9
34 1910 7.9
34 1911 7.9
34 1912 7.9
34 1913 7.9
34 1914 7.9
34 1915 7.9
34 1916 7.9
34 1917 7.9
34 1918 7.9
34 1919 7.9
34 1920 7.9
34 1921 7.9
34 1922 7.9
34 1923 7.9
34 1924 7.9
34 1925 7.9
34 1926 7.9
34 1927 7.9
34 1928 7.9
34 1929 7.9
34 1930 7.9
34 1931 7.9
34 1932 7.9
34 1933 7.9
34 1934 7.9
34 1935 7.9
34 1936 7.9
34 1937 7.9
34 1938 7.9
34 1939 7.9
34 1940 7.9
34 1941 7.9
34 1942 7.9
35 1943 7.9
35 1944 7.9
35 1945 7.9
35 1946 7.9
35 1947 7.9
35 1948 7.9
35 1949 7.9
35 1950 7.9
35 1951 7.9
35 1952 7.9
35 1953 7.9
35 1954 7.9
35 1955 7.9
35 1956 7.9
35 1957 7.9
35 1958 7.9
35 1959 7.9
35 1960 7.9
35 1961 7.9
35 1962 7.9
35 1963 7.9
35 1964 7.9
35 1965 7.9
35 1966 7.9
35 1967 7.9
35 1968 7.9
35 1969 7.9
35 1970 7.9
35 1971 7.9
35 1972 7.9
35 1973 7.9
35 1974 7.9
35 1975 7.9
35 1976 7.9
35 1977 7.9
35 1978 7.9
35 1979 7.9
35 1980 7.9
35 1981 7.9
35 1982 7.9
35 1983 7.9
35 1984 7.9
35 1985 7.9
35 1986 7.9
35 1987 7.9
35 1988 7.9
35 1989 7.9
35 1990 7.9
35 1991 7.9
35 1992 7.9
35 1993 7.9
35 1994 7.9
35 1995 7.9
35 1996 7.9
35 1997 7.9
35 1998 7.9
36 1999 7.9
36 2000 7.9
36 2001 7.9
36 2002 7.9
36 2003 7.9
36 2004 7.9
36 2005 7.9
36 2006 7.9
36 2007 7.9
36 2008 7.9
36 2009 7.9
36 2010 7.9
36 2011 7.9
36 2012 7.9
36 2013 7.9
36 2014 7.9
36 2015 7.9
36 2016 7.9
36 2017 7.9
36 2018 7.9
36 2019 7.9
36 2020 7.9
36 2021 7.9
36 2022 7.9
36 2023 7.9
36 2024 7.9
36 2025 7.9
36 2026 7.9
36 2027 7.9
36 2028 7.9
36 2029 7.9
36 2030 7.9
36 2031 7.9
36 2032 7.9
36 2033 7.9
36 2034 7.9
36 2035 7.9
36 2036 7.9
36 2037 7.9
36 2038 7.9
36 2039 7.9
36 2040 7.9
36 2041 7.9
36 2042 7.9
36 2043 7.9
36 2044 7.9
36 2045 7.9
36 2046 7.9
36 2047 7.9
36 2048 7.9
36 2049 7.9
36 2050 7.9
36 2051 7.9
36 2052 7.9
36 2053 7.9
36 2054 7.9
36 2055 7.9
36 2056 7.9
36 2057 7.9
36 2058 7.9
37 2059 7.9
37 2060 7.9
37 2061 7.9
37 2062 7.9
37 2063 7.9
37 2064 7.9
37 2065 7.9
37 2066 7.9
37 2067 7.9
37 2068 7.9
37 2069 7.9
37 2070 7.9
37 2071 7.9
37 2072 7.9
37 2073 7.9
37 2074 7.9
37 2075 7.9
37 2076 7.9
37 2077 7.9
37 2078 7.9
37 2079 7.9
37 2080 7.9
37 2081 7.9
37 2082 7.9
37 2083 7.9
37 2084 7.9
37 2085 7.9
37 2086 7.9
37 2087 7.9
37 2088 7.9
37 2089 7.9
37 2090 7.9
37 2091 7.9
37 2092 7.9
37 2093 7.9
37 2094 7.9
37 2095 7.9
37 2096 7.9
37 2097 7.9
37 2098 7.9
37 2099 7.9
37 2100 7.9
37 2101 7.9
37 2102 7.9
37 2103 7.9
37 2104 7.9
37 2105 7.9
37 2106 7.9
37 2107 7.9
37 2108 7.9
37 2109 7.9
37 2110 7.9
37 2111 7.9
37 2112 7.9
38 2113 7.9
38 2114 7.9
38 2115 7.9
38 2116 7.9
38 2117 7.9
38 2118 7.9
38 2119 7.9
38 2120 7.9
38 2121 7.9
38 2122 7.9
38 2123 7.9
38 2124 7.9
38 2125 7.9
38 2126 7.9
38 2127 7.9
38 2128 7.9
38 2129 7.9
38 2130 7.9
38 2131 7.9
38 2132 7.9
38 2133 7.9
38 2134 7.9
38 2135 7.9
38 2136 7.9
38 2137 7.9
38 2138 7.9
38 2139 7.9
38 2140 7.9
38 2141 7.9
38 2142 7.9
38 2143 7.9
38 2144 7.9
38 2145 7.9
38 2146 7.9
38 2147 7.9
38 2148 7.9
38 2149 7.9
38 2150 7.9
38 2151 7.9
38 2152 7.9
38 2153 7.9
38 2154 7.9
38 2155 7.9
38 2156 7.9
38 2157 7.9
38 2158 7.9
38 2159 7.9
38 2160 7.9
38 2161 7.9
38 2162 7.9
38 2163 7.9
38 2164 7.9
38 2165 7.9
38 2166 7.9
38 2167 7.9
38 2168 7.9
39 2169 7.9
39 2170 7.9
39 2171 7.9
39 2172 7.9
39 2173 7.9
39 2174 7.9
39 2175 7.9
39 2176 7.9
39 2177 7.9
39 2178 7.9
39 2179 7.9
39 2180 7.9
39 2181 7.9
39 2182 7.9
39 2183 7.9
39 2184 7.9
39 2185 7.9
39 2186 7.9
39 2187 7.9
39 2188 7.9
39 2189 7.9
39 2190 7.9
39 2191 7.9
39 2192 7.9
39 2193 7.9
39 2194 7.9
39 2195 7.9
39 2196 7.9
39 2197 7.9
39 2198 7.9
39 2199 7.9
39 2200 7.9
39 2201 7.9
39 2202 7.9
39 2203 7.9
39 2204 7.9
39 2205 7.9
39 2206 7.9
39 2207 7.9
39 2208 7.9
39 2209 7.9
39 2210 7.9
39 2211 7.9
39 2212 7.9
39 2213 7.9
39 2214 7.9
39 2215 7.9
39 2216 7.9
39 2217 7.9
39 2218 7.9
39 2219 7.9
39 2220 7.9
39 2221 7.9
39 2222 7.9
39 2223 7.9
40 2224 7.9
40 2225 7.9
40 2226 7.9
40 2227 7.9
40 2228 7.9
40 2229 7.9
40 2230 7.9
40 2231 7.9
40 2232 7.9
40 2233 7.9
40 2234 7.9
40 2235 7.9
40 2236 7.9
40 2237 7.9
40 2238 7.9
40 2239 7.9
40 2240 7.9
40 2241 7.9
40 2242 7.9
40 2243 7.9
40 2244 7.9
40 2245 7.9
40 2246 7.9
40 2247 7.9
40 2248 7.9
40 2249 7.9
40 2250 7.9
40 2251 7.9
40 2252 7.9
40 2253 7.9
40 2254 7.9
40 2255 7.9
40 2256 7.9
40 2257 7.9
40 2258 7.9
40 2259 7.9
40 2260 7.9
40 2261 7.9
40 2262 7.9
40 2263 7.9
40 2264 7.9
40 2265 7.9
40 2266 7.9
40 2267 7.9
40 2268 7.9
40 2269 7.9
40 2270 7.9
40 2271 7.9
40 2272 7.9
40 2273 7.9
40 2274 7.9
40 2275 7.9
40 2276 7.9
40 2277 7.9
40 2278 7.9
40 2279 7.9
40 2280 7.9
40 2281 7.9
41 2282 7.9
41 2283 7.9
41 2284 7.9
41 2285 7.9
41 2286 7.9
41 2287 7.9
41 2288 7.9
41 2289 7.9
41 2290 7.9
41 2291 7.9
41 2292 7.9
41 2293 7.9
41 2294 7.9
41 2295 7.9
41 2296 7.9
41 2297 7.9
41 2298 7.9
41 2299 7.9
41 2300 7.9
41 2301 7.9
41 2302 7.9
41 2303 7.9
41 2304 7.9
41 2305 7.9
41 2306 7.9
41 2307 7.9
41 2308 7.9
41 2309 7.9
41 2310 7.9
41 2311 7.9
41 2312 7.9
41 2313 7.9
41 2314 7.9
41 2315 7.9
41 2316 7.9
41 2317 7.9
41 2318 7.9
41 2319 7.9
41 2320 7.9
41 2321 7.9
41 2322 7.9
41 2323 7.9
41 2324 7.9
41 2325 7.9
41 2326 7.9
41 2327 7.9
41 2328 7.9
41 2329 7.9
41 2330 7.9
41 2331 7.9
41 2332 7.9
41 2333 7.9
41 2334 7.9
41 2335 7.9
41 2336 7.9
41 2337 7.9
41 2338 7.9
41 2339 7.9
41 2340 7.9
42 2341 7.9
42 2342 7.9
42 2343 7.9
42 2344 7.9
42 2345 7.9
42 2346 7.9
42 2347 7.9
42 2348 7.9
42 2349 7.9
42 2350 7.9
42 2351 7.9
42 2352 7.9
42 2353 7.9
42 2354 7.9
42 2355 7.9
42 2356 7.9
42 2357 7.9
42 2358 7.9
42 2359 7.9
42 2360 7.9
42 2361 7.9
42 2362 7.9
42 2363 7.9
42 2364 7.9
42 2365 7.9
42 2366 7.9
42 2367 7.9
42 2368 7.9
42 2369 7.9
42 2370 7.9
42 2371 7.9
42 2372 7.9
42 2373 7.9
42 2374 7.9
42 2375 7.9
42 2376 7.9
42 2377 7.9
42 2378 7.9
42 2379 7.9
42 2380 7.9
42 2381 7.9
42 2382 7.9
42 2383 7.9
42 2384 7.9
42 2385 7.9
42 2386 7.9
42 2387 7.9
42 2388 7.9
42 2389 7.9
42 2390 7.9
42 2391 7.9
42 2392 7.9
42 2393 7.9
42 2394 7.9
42 2395 7.9
42 2396 7.9
43 2397 7.9
43 2398 7.9
43 2399 7.9
43 2400 7.9
43 2401 7.9
43 2402 7.9
43 2403 7.9
43 2404 7.9
43 2405 7.9
43 2406 7.9
43 2407 7.9
43 2408 7.9
43 2409 7.9
43 2410 7.9
43 2411 7.9
43 2412 7.9
43 2413 7.9
43 2414 7.9
43 2415 7.9
43 2416 7.9
43 2417 7.9
43 2418 7.9
43 2419 7.9
43 2420 7.9
43 2421 7.9
43 2422 7.9
43 2423 7.9
43 2424 7.9
43 2425 7.9
43 2426 7.9
43 2427 7.9
43 2428 7.9
43 2429 7.9
43 2430 7.9
43 2431 7.9
43 2432 7.9
43 2433 7.9
43 2434 7.9
43 2435 7.9
43 2436 7.9
43 2437 7.9
43 2438 7.9
43 2439 7.9
43 2440 7.9
43 2441 7.9
43 2442 7.9
43 2443 7.9
43 2444 7.9
43 2445 7.9
43 2446 7.9
43 2447 7.9
43 2448 7.9
43 2449 7.9
43 2450 7.9
43 2451 7.9
43 2452 7.9
44 2453 7.9
44 2454 7.9
44 2455 7.9
44 2456 7.9
44 2457 7.9
44 2458 7.9
44 2459 7.9
44 2460 7.9
44 2461 7.9
44 2462 7.9
44 2463 7.9
44 2464 7.9
44 2465 7.9
44 2466 7.9
44 2467 7.9
44 2468 7.9
44 2469 7.9
44 2470 7.9
44 2471 7.9
44 2472 7.9
44 2473 7.9
44 2474 7.9
44 2475 7.9
44 2476 7.9
44 2477 7.9
44 2478 7.9
44 2479 7.9
44 2480 7.9
44 2481 7.9
44 2482 7.9
44 2483 7.9
44 2484 7.9
44 2485 7.9
44 2486 7.9
44 2487 7.9
44 2488 7.9
44 2489 7.9
44 2490 7.9
44 2491 7.9
44 2492 7.9
44 2493 7.9
44 2494 7.9
44 2495 7.9
44 2496 7.9
44 2497 7.9
44 2498 7.9
44 2499 7.9
44 2500 7.9
44 2501 7.9
44 2502 7.9
44 2503 7.9
44 2504 7.9
44 2505 7.9
44 2506 7.9
44 2507 7.9
44 2508 7.9
44 2509 7.9
44 2510 7.9
44 2511 7.9
45 2512 7.9
45 2513 7.9
45 2514 7.9
45 2515 7.9
45 2516 7.9
45 2517 7.9
45 2518 7.9
45 2519 7.9
45 2520 7.9
45 2521 7.9
45 2522 7.9
45 2523 7.9
45 2524 7.9
45 2525 7.9
45 2526 7.9
45 2527 7.9
45 2528 7.9
45 2529 7.9
45 2530 7.9
45 2531 7.9
45 2532 7.9
45 2533 7.9
45 2534 7.9
45 2535 7.9
45 2536 7.9
45 2537 7.9
45 2538 7.9
45 2539 7.9
45 2540 7.9
45 2541 7.9
45 2542 7.9
45 2543 7.9
45 2544 7.9
45 2545 7.9
45 2546 7.9
45 2547 7.9
45 2548 7.9
45 2549 7.9
45 2550 7.9
45 2551 7.9
45 2552 7.9
45 2553 7.9
45 2554 7.9
45 2555 7.9
45 2556 7.9
45 2557 7.9
45 2558 7.9
45 2559 7.9
45 2560 7.9
45 2561 7.9
45 2562 7.9
45 2563 7.9
45 2564 7.9
45 2565 7.9
45 2566 7.9
45 2567 7.9
46 2568 7.9
46 2569 7.9
46 2570 7.9
46 2571 7.9
46 2572 7.9
46 2573 7.9
46 2574 7.9
46 2575 7.9
46 2576 7.9
46 2577 7.9
46 2578 7.9
46 2579 7.9
46 2580 7.9
46 2581 7.9
46 2582 7.9
46 2583 7.9
46 2584 7.9
46 2585 7.9
46 2586 7.9
46 2587 7.9
46 2588 7.9
46 2589 7.9
46 2590 7.9
46 2591 7.9
46 2592 7.9
46 2593 7.9
46 2594 7.9
46 2595 7.9
46 2596 7.9
46 2597 7.9
46 2598 7.9
46 2599 7.9
46 2600 7.9
46 2601 7.9
46 2602 7.9
46 2603 7.9
46 2604 7.9
46 2605 7.9
46 2606 7.9
46 2607 7.9
46 2608 7.9
46 2609 7.9
46 2610 7.9
46 2611 7.9
46 2612 7.9
46 2613 7.9
46 2614 7.9
46 2615 7.9
46 2616 7.9
46 2617 7.9
46 2618 7.9
46 2619 7.9
46 2620 7.9
46 2621 7.9
46 2622 7.9
46 2623 7.9
46 2624 7.9
47 2625 7.9
47 2626 7.9
47 2627 7.9
47 2628 7.9
47 2629 7.9
47 2630 7.9
47 2631 7.9
47 2632 7.9
47 2633 7.9
47 2634 7.9
47 2635 7.9
47 2636 7.9
47 2637 7.9
47 2638 7.9
47 2639 7.9
47 2640 7.9
47 2641 7.9
47 2642 7.9
47 2643 7.9
47 2644 7.9
47 2645 7.9
47 2646 7.9
47 2647 7.9
47 2648 7.9
47 2649 7.9
47 2650 7.9
47 2651 7.9
47 2652 7.9
47 2653 7.9
47 2654 7.9
47 2655 7.9
47 2656 7.9
47 2657 7.9
47 2658 7.9
47 2659 7.9
47 2660 7.9
47 2661 7.9
47 2662 7.9
47 2663 7.9
47 2664 7.9
47 2665 7.9
47 2666 7.9
47 2667 7.9
47 2668 7.9
47 2669 7.9
47 2670 7.9
47 2671 7.9
47 2672 7.9
47 2673 7.9
47 2674 7.9
47 2675 7.9
47 2676 7.9
47 2677 7.9
47 2678 7.9
47 2679 7.9
47 2680 7.9
47 2681 7.9
48 2682 7.9
48 2683 7.9
48 2684 7.9
48 2685 7.9
48 2686 7.9
48 2687 7.9
48 2688 7.9
48 2689 7.9
48 2690 7.9
48 2691 7.9
48 2692 7.9
48 2693 7.9
48 2694 7.9
48 2695 7.9
48 2696 7.9
48 2697 7.9
48 2698 7.9
48 2699 7.9
48 2700 7.9
48 2701 7.9
48 2702 7.9
48 2703 7.9
48 2704 7.9
48 2705 7.9
48 2706 7.9
48 2707 7.9
48 2708 7.9
48 2709 7.9
48 2710 7.9
48 2711 7.9
48 2712 7.9
48 2713 7.9
48 2714 7.9
48 2715 7.9
48 2716 7.9
48 2717 7.9
48 2718 7.9
48 2719 7.9
48 2720 7.9
48 2721 7.9
48 2722 7.9
48 2723 7.9
48 2724 7.9
48 2725 7.9
48 2726 7.9
48 2727 7.9
48 2728 7.9
48 2729 7.9
48 2730 7.9
48 2731 7.9
48 2732 7.9
48 2733 7.9
48 2734 7.9
48 2735 7.9
48 2736 7.9
48 2737 7.9
48 2738 7.9
49 2739 7.9
49 2740 7.9
49 2741 7.9
49 2742 7.9
49 2743 7.9
49 2744 7.9
49 2745 7.9
49 2746 7.9
49 2747 7.9
49 2748 7.9
49 2749 7.9
49 2750 7.9
49 2751 7.9
49 2752 7.9
49 2753 7.9
49 2754 7.9
49 2755 7.9
49 2756 7.9
49 2757 7.9
49 2758 7.9
49 2759 7.9
49 2760 7.9
49 2761 7.9
49 2762 7.9
49 2763 7.9
49 2764 7.9
49 2765 7.9
49 2766 7.9
49 2767 7.9
49 2768 7.9
49 2769 7.9
49 2770 7.9
49 2771 7.9
49 2772 7.9
49 2773 7.9
49 2774 7.9
49 2775 7.9
49 2776 7.9
49 2777 7.9
49 2778 7.9
49 2779 7.9
49 2780 7.9
49 2781 7.9
49 2782 7.9
49 2783 7.9
49 2784 7.9
49 2785 7.9
49 2786 7.9
49 2787 7.9
49 2788 7.9
49 2789 7.9
49 2790 7.9
49 2791 7.9
49 2792 7.9
50 2793 7.9
50 2794 7.9
50 2795 7.9
50 2796 7.9
50 2797 7.9
50 2798 7.9
50 2799 7.9
50 2800 7.9
50 2801 7.9
50 2802 7.9
50 2803 7.9
50 2804 7.9
50 2805 7.9
50 2806 7.9
50 2807 7.9
50 2808 7.9
50 2809 7.9
50 2810 7.9
50 2811 7.9
50 2812 7.9
50 2813 7.9
50 2814 7.9
50 2815 7.9
50 2816 7.9
50 2817 7.9
50 2818 7.9
50 2819 7.9
50 2820 7.9
50 2821 7.9
50 2822 7.9
50 2823 7.9
50 2824 7.9
50 2825 7.9
50 2826 7.9
50 2827 7.9
50 2828 7.9
50 2829 7.9
50 2830 7.9
50 2831 7.9
50 2832 7.9
50 2833 7.9
50 2834 7.9
50 2835 7.9
50 2836 7.9
50 2837 7.9
50 2838 7.9
50 2839 7.9
50 2840 7.9
50 2841 7.9
50 2842 7.9
50 2843 7.9
50 2844 7.9
50 2845 7.9
50 2846 7.9
50 2847 7.9
50 2848 7.9
50 2849 7.9
50 2850 7.9
50 2851 7.9
51 2852 7.9
51 2853 7.9
51 2854 7.9
51 2855 7.9
51 2856 7.9
51 2857 7.9
51 2858 7.9
51 2859 7.9
51 2860 7.9
51 2861 7.9
51 2862 7.9
51 2863 7.9
51 2864 7.9
51 2865 7.9
51 2866 7.9
51 2867 7.9
51 2868 7.9
51 2869 7.9
51 2870 7.9
51 2871 7.9
51 2872 7.9
51 2873 7.9
51 2874 7.9
51 2875 7.9
51 2876 7.9
51 2877 7.9
51 2878 7.9
51 2879 7.9
51 2880 7.9
51 2881 7.9
51 2882 7.9
51 2883 7.9
51 2884 7.9
51 2885 7.9
51 2886 7.9
51 2887 7.9
51 2888 7.9
51 2889 7.9
51 2890 7.9
51 2891 7.9
51 2892 7.9
51 2893 7.9
51 2894 7.9
51 2895 7.9
51 2896 7.9
51 2897 7.9
51 2898 7.9
51 2899 7.9
51 2900 7.9
51 2901 7.9
51 2902 7.9
51 2903 7.9
51 2904 7.9
51 2905 7.9
51 2906 7.9
51 2907 7.9
51 2908 7.9
51 2909 7.9
52 2910 7.9
52 2911 7.9
52 2912 7.9
52 2913 7.9
52 2914 7.9
52 2915 7.9
52 2916 7.9
52 2917 7.9
52 2918 7.9
52 2919 7.9
52 2920 7.9
52 2921 7.9
52 2922 7.9
52 2923 7.9
52 2924 7.9
52 2925 7.9
52 2926 7.9
52 2927 7.9
52 2928 7.9
52 2929 7.9
52 2930 7.9
52 2931 7.9
52 2932 7.9
52 2933 7.9
52 2934 7.9
52 2935 7.9
52 2936 7.9
52 2937 7.9
52 2938 7.9
52 2939 7.9
52 2940 7.9
52 2941 7.9
52 2942 7.9
52 2943 7.9
52 2944 7.9
52 2945 7.9
52 2946 7.9
52 2947 7.9
52 2948 7.9
52 2949 7.9
52 2950 7.9
52 2951 7.9
52 2952 7.9
52 2953 7.9
52 2954 7.9
52 2955 7.9
52 2956 7.9
52 2957 7.9
52 2958 7.9
52 2959 7.9
52 2960 7.9
52 2961 7.9
52 2962 7.9
52 2963 7.9
52 2964 7.9
52 2965 7.9
52 2966 7.9
52 2967 7.9
53 2968 7.9
53 2969 7.9
53 2970 7.9
53 2971 7.9
53 2972 7.9
53 2973 7.9
53 2974 7.9
53 2975 7.9
53 2976 7.9
53 2977 7.9
53 2978 7.9
53 2979 7.9
53 2980 7.9
53 2981 7.9
53 2982 7.9
53 2983 7.9
53 2984 7.9
53 2985 7.9
53 2986 7.9
53 2987 7.9
53 2988 7.9
53 2989 7.9
53 2990 7.9
53 2991 7.9
53 2992 7.9
53 2993 7.9
53 2994 7.9
53 2995 7.9
53 2996 7.9
53 2997 7.9
53 2998 7.9
53 2999 7.9
53 3000 7.9
53 3001 7.9
53 3002 7.9
53 3003 7.9
53 3004 7.9
53 3005 7.9
53 3006 7.9
53 3007 7.9
53 3008 7.9
53 3009 7.9
53 3010 7.9
53 3011 7.9
53 3012 7.9
53 3013 7.9
53 3014 7.9
53 3015 7.9
53 3016 7.9
53 3017 7.9
53 3018 7.9
53 3019 7.9
53 3020 7.9
53 3021 7.9
53 3022 7.9
53 3023 7.9
53 3024 7.9
53 3025 7.9
54 3026 7.9
54 3027 7.9
54 3028 7.9
54 3029 7.9
54 3030 7.9
54 3031 7.9
54 3032 7.9
54 3033 7.9
54 3034 7.9
54 3035 7.9
54 3036 7.9
54 3037 7.9
54 3038 7.9
54 3039 7.9
54 3040 7.9
54 3041 7.9
54 3042 7.9
54 3043 7.9
54 3044 7.9
54 3045 7.9
54 3046 7.9
54 3047 7.9
54 3048 7.9
54 3049 7.9
54 3050 7.9
54 3051 7.9
54 3052 7.9
54 3053 7.9
54 3054 7.9
54 3055 7.9
54 3056 7.9
54 3057 7.9
54 3058 7.9
54 3059 7.9
54 3060 7.9
54 3061 7.9
54 3062 7.9
54 3063 7.9
54 3064 7.9
54 3065 7.9
54 3066 7.9
54 3067 7.9
54 3068 7.9
54 3069 7.9
54 3070 7.9
54 3071 7.9
54 3072 7.9
54 3073 7.9
54 3074 7.9
54 3075 7.9
54 3076 7.9
54 3077 7.9
54 3078 7.9
54 3079 7.9
54 3080 7.9
55 3081 7.9
55 3082 7.9
55 3083 7.9
55 3084 7.9
55 3085 7.9
55 3086 7.9
55 3087 7.9
55 3088 7.9
55 3089 7.9
55 3090 7.9
55 3091 7.9
55 3092 7.9
55 3093 7.9
55 3094 7.9
55 3095 7.9
55 3096 7.9
55 3097 7.9
55 3098 7.9
55 3099 7.9
55 3100 7.9
55 3101 7.9
55 3102 7.9
55 3103 7.9
55 3104 7.9
55 3105 7.9
55 3106 7.9
55 3107 7.9
55 3108 7.9
55 3109 7.9
55 3110 7.9
55 3111 7.9
55 3112 7.9
55 3113 7.9
55 3114 7.9
55 3115 7.9
55 3116 7.9
55 3117 7.9
55 3118 7.9
55 3119 7.9
55 3120 7.9
55 3121 7.9
55 3122 7.9
55 3123 7.9
55 3124 7.9
55 3125 7.9
55 3126 7.9
55 3127 7.9
55 3128 7.9
55 3129 7.9
55 3130 7.9
55 3131 7.9
55 3132 7.9
55 3133 7.9
55 3134 7.9
55 3135 7.9
56 3136 7.9
56 3137 7.9
56 3138 7.9
56 3139 7.9
56 3140 7.9
56 3141 7.9
56 3142 7.9
56 3143 7.9
56 3144 7.9
56 3145 7.9
56 3146 7.9
56 3147 7.9
56 3148 7.9
56 3149 7.9
56 3150 7.9
56 3151 7.9
56 3152 7.9
56 3153 7.9
56 3154 7.9
56 3155 7.9
56 3156 7.9
56 3157 7.9
56 3158 7.9
56 3159 7.9
56 3160 7.9
56 3161 7.9
56 3162 7.9
56 3163 7.9
56 3164 7.9
56 3165 7.9
56 3166 7.9
56 3167 7.9
56 3168 7.9
56 3169 7.9
56 3170 7.9
56 3171 7.9
56 3172 7.9
56 3173 7.9
56 3174 7.9
56 3175 7.9
56 3176 7.9
56 3177 7.9
56 3178 7.9
56 3179 7.9
56 3180 7.9
56 3181 7.9
56 3182 7.9
56 3183 7.9
56 3184 7.9
56 3185 7.9
56 3186 7.9
56 3187 7.9
56 3188 7.9
56 3189 7.9
56 3190 7.9
56 3191 7.9
56 3192 7.9
57 3193 7.9
57 3194 7.9
57 3195 7.9
57 3196 7.9
57 3197 7.9
57 3198 7.9
57 3199 7.9
57 3200 7.9
57 3201 7.9
57 3202 7.9
57 3203 7.9
57 3204 7.9
57 3205 7.9
57 3206 7.9
57 3207 7.9
57 3208 7.9
57 3209 7.9
57 3210 7.9
57 3211 7.9
57 3212 7.9
57 3213 7.9
57 3214 7.9
57 3215 7.9
57 3216 7.9
57 3217 7.9
57 3218 7.9
57 3219 7.9
57 3220 7.9
57 3221 7.9
57 3222 7.9
57 3223 7.9
57 3224 7.9
57 3225 7.9
57 3226 7.9
57 3227 7.9
57 3228 7.9
57 3229 7.9
57 3230 7.9
57 3231 7.9
57 3232 7.9
57 3233 7.9
57 3234 7.9
57 3235 7.9
57 3236 7.9
57 3237 7.9
57 3238 7.9
57 3239 7.9
57 3240 7.9
57 3241 7.9
57 3242 7.9
57 3243 7.9
57 3244 7.9
57 3245 7.9
57 3246 7.9
57 3247 7.9
57 3248 7.9
58 3249 7.9
58 3250 7.9
58 3251 7.9
58 3252 7.9
58 3253 7.9
58 3254 7.9
58 3255 7.9
58 3256 7.9
58 3257 7.9
58 3258 7.9
58 3259 7.9
58 3260 7.9
58 3261 7.9
58 3262 7.9
58 3263 7.9
58 3264 7.9
58 3265 7.9
58 3266 7.9
58 3267 7.9
58 3268 7.9
58 3269 7.9
58 3270 7.9
58 3271 7.9
58 3272 7.9
58 3273 7.9
58 3274 7.9
58 3275 7.9
58 3276 7.9
58 3277 7.9
58 3278 7.9
58 3279 7.9
58 3280 7.9
58 3281 7.9
58 3282 7.9
58 3283 7.9
58 3284 7.9
58 3285 7.9
58 3286 7.9
58 3287 7.9
58 3288 7.9
58 3289 7.9
58 3290 7.9
58 3291 7.9
58 3292 7.9
58 3293 7.9
58 3294 7.9
58 3295 7.9
58 3296 7.9
58 3297 7.9
58 3298 7.9
58 3299 7.9
58 3300 7.9
58 3301 7.9
59 3302 7.9
59 3303 7.9
59 3304 7.9
59 3305 7.9
59 3306 7.9
59 3307 7.9
59 3308 7.9
59 3309 7.9
59 3310 7.9
59 3311 7.9
59 3312 7.9
59 3313 7.9
59 3314 7.9
59 3315 7.9
59 3316 7.9
59 3317 7.9
59 3318 7.9
59 3319 7.9
59 3320 7.9
59 3321 7.9
59 3322 7.9
59 3323 7.9
59 3324 7.9
59 3325 7.9
59 3326 7.9
59 3327 7.9
59 3328 7.9
59 3329 7.9
59 3330 7.9
59 3331 7.9
59 3332 7.9
59 3333 7.9
59 3334 7.9
59 3335 7.9
59 3336 7.9
59 3337 7.9
59 3338 7.9
59 3339 7.9
59 3340 7.9
59 3341 7.9
59 3342 7.9
59 3343 7.9
59 3344 7.9
59 3345 7.9
59 3346 7.9
59 3347 7.9
59 3348 7.9
59 3349 7.9
59 3350 7.9
59 3351 7.9
59 3352 7.9
59 3353 7.9
59 3354 7.9
59 3355 7.9
59 3356 7.9
59 3357 7.9
59 3358 7.9
60 3359 7.9
60 3360 7.9
60 3361 7.9
60 3362 7.9
60 3363 7.9
60 3364 7.9
60 3365 7.9
60 3366 7.9
60 3367 7.9
60 3368 7.9
60 3369 7.9
60 3370 7.9
60 3371 7.9
60 3372 7.9
60 3373 7.9
60 3374 7.9
60 3375 7.9
60 3376 7.9
60 3377 7.9
60 3378 7.9
60 3379 7.9
60 3380 7.9
60 3381 7.9
60 3382 7.9
60 3383 7.9
60 3384 7.9
60 3385 7.9
60 3386 7.9
60 3387 7.9
60 3388 7.9
60 3389 7.9
60 3390 7.9
60 3391 7.9
60 3392 7.9
60 3393 7.9
60 3394 7.9
60 3395 7.9
60 3396 7.9
60 3397 7.9
60 3398 7.9
60 3399 7.9
60 3400 7.9
60 3401 7.9
60 3402 7.9
60 3403 7.9
60 3404 7.9
60 3405 7.9
60 3406 7.9
60 3407 7.9
60 3408 7.9
60 3409 7.9
60 3410 7.9
60 3411 7.9
60 3412 7.9
60 3413 7.9
60 3414 7.9
60 3415 7.9
60 3416 7.9
60 3417 7.9
60 3418 7.9
60 3419 7.9
61 3420 7.9
61 3421 7.9
61 3422 7.9
61 3423 7.9
61 3424 7.9
61 3425 7.9
61 3426 7.9
61 3427 7.9
61 3428 7.9
61 3429 7.9
61 3430 7.9
61 3431 7.9
61 3432 7.9
61 3433 7.9
61 3434 7.9
61 3435 7.9
61 3436 7.9
61 3437 7.9
61 3438 7.9
61 3439 7.9
61 3440 7.9
61 3441 7.9
61 3442 7.9
61 3443 7.9
61 3444 7.9
61 3445 7.9
61 3446 7.9
61 3447 7.9
61 3448 7.9
61 3449 7.9
61 3450 7.9
61 3451 7.9
61 3452 7.9
61 3453 7.9
61 3454 7.9
61 3455 7.9
61 3456 7.9
61 3457 7.9
61 3458 7.9
61 3459 7.9
61 3460 7.9
61 3461 7.9
61 3462 7.9
61 3463 7.9
61 3464 7.9
61 3465 7.9
61 3466 7.9
61 3467 7.9
61 3468 7.9
61 3469 7.9
61 3470 7.9
61 3471 7.9
61 3472 7.9
61 3473 7.9
61 3474 7.9
61 3475 7.9
62 3476 7.9
62 3477 7.9
62 3478 7.9
62 3479 7.9
62 3480 7.9
62 3481 7.9
62 3482 7.9
62 3483 7.9
62 3484 7.9
62 3485 7.9
62 3486 7.9
62 3487 7.9
62 3488 7.9
62 3489 7.9
62 3490 7.9
62 3491 7.9
62 3492 7.9
62 3493 7.9
62 3494 7.9
62 3495 7.9
62 3496 7.9
62 3497 7.9
62 3498 7.9
62 3499 7.9
62 3500 7.9
62 3501 7.9
62 3502 7.9
62 3503 7.9
62 3504 7.9
62 3505 7.9
62 3506 7.9
62 3507 7.9
62 3508 7.9
62 3509 7.9
62 3510 7.9
62 3511 7.9
62 3512 7.9
62 3513 7.9
62 3514 7.9
62 3515 7.9
62 3516 7.9
62 3517 7.9
62 3518 7.9
62 3519 7.9
62 3520 7.9
62 3521 7.9
62 3522 7.9
62 3523 7.9
62 3524 7.9
62 3525 7.9
62 3526 7.9
62 3527 7.9
62 3528 7.9
62 3529 7.9
62 3530 7.9
62 3531 7.9
62 3532 7.9
63 3533 7.9
63 3534 7.9
63 3535 7.9
63 3536 7.9
63 3537 7.9
63 3538 7.9
63 3539 7.9
63 3540 7.9
63 3541 7.9
63 3542 7.9
63 3543 7.9
63 3544 7.9
63 3545 7.9
63 3546 7.9
63 3547 7.9
63 3548 7.9
63 3549 7.9
63 3550 7.9
63 3551 7.9
63 3552 7.9
63 3553 7.9
63 3554 7.9
63 3555 7.9
63 3556 7.9
63 3557 7.9
63 3558 7.9
63 3559 7.9
63 3560 7.9
63 3561 7.9
63 3562 7.9
63 3563 7.9
63 3564 7.9
63 3565 7.9
63 3566 7.9
63 3567 7.9
63 3568 7.9
63 3569 7.9
63 3570 7.9
63 3571 7.9
63 3572 7.9
63 3573 7.9
63 3574 7.9
63 3575 7.9
63 3576 7.9
63 3577 7.9
63 3578 7.9
63 3579 7.9
63 3580 7.9
63 3581 7.9
63 3582 7.9
63 3583 7.9
63 3584 7.9
63 3585 7.9
63 3586 7.9
63 3587 7.9
63 3588 7.9
64 3589 7.9
64 3590 6.7
64 3591 6.7
64 3592 6.7
64 3593 6.7
64 3594 6.7
64 3595 6.7
64 3596 6.7
64 3597 6.7
64 3598 6.7
64 3599 6.7
64 3600 6.7
64 3601 6.7
64 3602 6.7
64 3603 6.7
64 3604 6.7
64 3605 6.7
64 3606 6.7
64 3607 6.7
64 3608 6.7
64 3609 6.7
64 3610 6.7
64 3611 6.7
64 3612 6.7
64 3613 6.7
64 3614 6.7
64 3615 6.7
64 3616 6.7
64 3617 6.7
64 3618 6.7
64 3619 6.7
64 3620 6.7
64 3621 6.7
64 3622 6.7
64 3623 6.7
64 3624 6.7
64 3625 6.7
64 3626 6.7
64 3627 6.7
64 3628 6.7
64 3629 6.7
64 3630 6.7
64 3631 6.7
64 3632 6.7
64 3633 6.7
64 3634 6.7
64 3635 6.7
64 3636 6.7
64 3637 6.7
64 3638 6.7
64 3639 6.7
64 3640 6.7
64 3641 6.7
64 3642 6.7
64 3643 6.7
64 3644 6.7
65 3645 6.7
65 3646 6.7
65 3647 6.7
65 3648 6.7
65 3649 6.7
65 3650 6.7
65 3651 6.7
65 3652 6.7
65 3653 6.7
65 3654 6.7
65 3655 6.7
65 3656 6.7
65 3657 6.7
65 3658 6.7
65 3659 6.7
65 3660 6.7
65 3661 6.7
65 3662 6.7
65 3663 6.7
65 3664 6.7
65 3665 6.7
65 3666 6.7
65 3667 6.7
65 3668 6.7
65 3669 6.7
65 3670 6.7
65 3671 6.7
65 3672 6.7
65 3673 6.7
65 3674 6.7
65 3675 6.7
65 3676 6.7
65 3677 6.7
65 3678 6.7
65 3679 6.7
65 3680 6.7
65 3681 6.7
65 3682 6.7
65 3683 6.7
65 3684 6.7
65 3685 6.7
65 3686 6.7
65 3687 6.7
65 3688 6.7
65 3689 6.7
65 3690 6.7
65 3691 6.7
65 3692 6.7
65 3693 6.7
65 3694 6.7
65 3695 6.7
65 3696 6.7
65 3697 6.7
65 3698 6.7
65 3699 6.7
65 3700 6.7
66 3701 6.7
66 3702 6.7
66 3703 6.7
66 3704 6.7
66 3705 6.7
66 3706 6.7
66 3707 6.7
66 3708 6.7
66 3709 6.7
66 3710 6.7
66 3711 6.7
66 3712 6.7
66 3713 6.7
66 3714 6.7
66 3715 6.7
66 3716 6.7
66 3717 6.7
66 3718 6.7
66 3719 6.7
66 3720 6.7
66 3721 6.7
66 3722 6.7
66 3723 6.7
66 3724 6.7
66 3725 6.7
66 3726 6.7
66 3727 6.7
66 3728 6.7
66 3729 6.7
66 3730 6.7
66 3731 6.7
66 3732 6.7
66 3733 6.7
66 3734 6.7
66 3735 6.7
66 3736 6.7
66 3737 6.7
66 3738 6.7
66 3739 6.7
66 3740 6.7
66 3741 6.7
66 3742 6.7
66 3743 6.7
66 3744 6.7
66 3745 6.7
66 3746 6.7
66 3747 6.7
66 3748 6.7
66 3749 6.7
66 3750 6.7
66 3751 6.7
66 3752 6.7
66 3753 6.7
66 3754 6.7
66 3755 6.7
66 3756 6.7
66 3757 6.7
66 3758 6.7
66 3759 6.7
66 3760 6.7
67 3761 6.7
67 3762 6.7
67 3763 6.7
67 3764 6.7
67 3765 6.7
67 3766 6.7
67 3767 6.7
67 3768 6.7
67 3769 6.7
67 3770 6.7
67 3771 6.7
67 3772 6.7
67 3773 6.7
67 3774 6.7
67 3775 6.7
67 3776 6.7
67 3777 6.7
67 3778 6.7
67 3779 6.7
67 3780 6.7
67 3781 6.7
67 3782 6.7
67 3783 6.7
67 3784 6.7
67 3785 6.7
67 3786 6.7
67 3787 6.7
67 3788 6.7
67 3789 6.7
67 3790 6.7
67 3791 6.7
67 3792 6.7
67 3793 6.7
67 3794 6.7
67 3795 6.7
67 3796 6.7
67 3797 6.7
67 3798 6.7
67 3799 6.7
67 3800 6.7
67 3801 6.7
67 3802 6.7
67 3803 6.7
67 3804 6.7
67 3805 6.7
67 3806 6.7
67 3807 6.7
67 3808 6.7
67 3809 6.7
67 3810 6.7
67 3811 6.7
67 3812 6.7
67 3813 6.7
67 3814 6.7
67 3815 6.7
67 3816 6.7
67 3817 6.7
68 3818 6.7
68 3819 6.7
68 3820 6.7
68 3821 6.7
68 3822 6.7
68 3823 6.7
68 3824 6.7
68 3825 6.7
68 3826 6.7
68 3827 6.7
68 3828 6.7
68 3829 6.7
68 3830 6.7
68 3831 6.7
68 3832 6.7
68 3833 6.7
68 3834 6.7
68 3835 6.7
68 3836 6.7
68 3837 6.7
68 3838 6.7
68 3839 6.7
68 3840 6.7
68 3841 6.7
68 3842 6.7
68 3843 6.7
68 3844 6.7
68 3845 6.7
68 3846 6.7
68 3847 6.7
68 3848 6.7
68 3849 6.7
68 3850 6.7
68 3851 6.7
68 3852 6.7
68 3853 6.7
68 3854 6.7
68 3855 6.7
68 3856 6.7
68 3857 6.7
68 3858 6.7
68 3859 6.7
68 3860 6.7
68 3861 6.7
68 3862 6.7
68 3863 6.7
68 3864 6.7
68 3865 6.7
68 3866 6.7
68 3867 6.7
68 3868 6.7
68 3869 6.7
68 3870 6.7
68 3871 6.7
68 3872 6.7
68 3873 6.7
68 3874 6.7
69 3875 6.7
69 3876 6.7
69 3877 6.7
69 3878 6.7
69 3879 6.7
69 3880 6.7
69 3881 6.7
69 3882 6.7
69 3883 6.7
69 3884 6.7
69 3885 6.7
69 3886 6.7
69 3887 6.7
69 3888 6.7
69 3889 6.7
69 3890 6.7
69 3891 6.7
69 3892 6.7
69 3893 6.7
69 3894 6.7
69 3895 6.7
69 3896 6.7
69 3897 6.7
69 3898 6.7
69 3899 6.7
69 3900 6.7
69 3901 6.7
69 3902 6.7
69 3903 6.7
69 3904 6.7
69 3905 6.7
69 3906 6.7
69 3907 6.7
69 3908 6.7
69 3909 6.7
69 3910 6.7
69 3911 6.7
69 3912 6.7
69 3913 6.7
69 3914 6.7
69 3915 6.7
69 3916 6.7
69 3917 6.7
69 3918 6.7
69 3919 6.7
69 3920 6.7
69 3921 6.7
69 3922 6.7
69 3923 6.7
69 3924 6.7
69 3925 6.7
69 3926 6.7
69 3927 6.7
69 3928 6.7
69 3929 6.7
69 3930 6.7
69 3931 6.7
69 3932 6.7
69 3933 6.7
69 3934 6.7
70 3935 6.7
70 3936 6.7
70 3937 6.7
70 3938 6.7
70 3939 6.7
70 3940 6.7
70 3941 6.7
70 3942 6.7
70 3943 6.7
70 3944 6.7
70 3945 6.7
70 3946 6.7
70 3947 6.7
70 3948 6.7
70 3949 6.7
70 3950 6.7
70 3951 6.7
70 3952 6.7
70 3953 6.7
70 3954 6.7
70 3955 6.7
70 3956 6.7
70 3957 6.7
70 3958 6.7
70 3959 6.7
70 3960 6.7
70 3961 6.7
70 3962 6.7
70 3963 6.7
70 3964 6.7
70 3965 6.7
70 3966 6.7
70 3967 6.7
70 3968 6.7
70 3969 6.7
70 3970 6.7
70 3971 6.7
70 3972 6.7
70 3973 6.7
70 3974 6.7
70 3975 6.7
70 3976 6.7
70 3977 6.7
70 3978 6.7
70 3979 6.7
70 3980 6.7
70 3981 6.7
70 3982 6.7
70 3983 6.7
70 3984 6.7
70 3985 6.7
70 3986 6.7
70 3987 6.7
70 3988 6.7
70 3989 6.7
70 3990 6.7
70 3991 6.7
71 3992 6.7
71 3993 6.7
71 3994 6.7
71 3995 6.7
71 3996 6.7
71 3997 6.7
71 3998 6.7
71 3999 6.7
71 4000 6.7
71 4001 6.7
71 4002 6.7
71 4003 6.7
71 4004 6.7
71 4005 6.7
71 4006 6.7
71 4007 6.7
71 4008 6.7
71 4009 6.7
71 4010 6.7
71 4011 6.7
71 4012 6.7
71 4013 6.7
71 4014 6.7
71 4015 6.7
71 4016 6.7
71 4017 6.7
71 4018 6.7
71 4019 6.7
71 4020 6.7
71 4021 6.7
71 4022 6.7
71 4023 6.7
71 4024 6.7
71 4025 6.7
71 4026 6.7
71 4027 6.7
71 4028 6.7
71 4029 6.7
71 4030 6.7
71 4031 6.7
71 4032 6.7
71 4033 6.7
71 4034 6.7
71 4035 6.7
71 4036 6.7
71 4037 6.7
71 4038 6.7
71 4039 6.7
71 4040 6.7
71 4041 6.7
71 4042 6.7
71 4043 6.7
71 4044 6.7
71 4045 6.7
71 4046 6.7
71 4047 6.7
72 4048 6.7
72 4049 6.7
72 4050 6.7
72 4051 6.7
72 4052 6.7
72 4053 6.7
72 4054 6.7
72 4055 6.7
72 4056 6.7
72 4057 6.7
72 4058 6.7
72 4059 6.7
72 4060 6.7
72 4061 6.7
72 4062 6.7
72 4063 6.7
72 4064 6.7
72 4065 6.7
72 4066 6.7
72 4067 6.7
72 4068 6.7
72 4069 6.7
72 4070 6.7
72 4071 6.7
72 4072 6.7
72 4073 6.7
72 4074 6.7
72 4075 6.7
72 4076 6.7
72 4077 6.7
72 4078 6.7
72 4079 6.7
72 4080 6.7
72 4081 6.7
72 4082 6.7
72 4083 6.7
72 4084 6.7
72 4085 6.7
72 4086 6.7
72 4087 6.7
72 4088 6.7
72 4089 6.7
72 4090 6.7
72 4091 6.7
72 4092 6.7
72 4093 6.7
72 4094 6.7
72 4095 6.7
72 4096 6.7
72 4097 6.7
72 4098 6.7
72 4099 6.7
72 4100 6.7
72 4101 6.7
73 4102 6.7
73 4103 6.7
73 4104 6.7
73 4105 6.7
73 4106 6.7
73 4107 6.7
73 4108 6.7
73 4109 6.7
73 4110 6.7
73 4111 6.7
73 4112 6.7
73 4113 6.7
73 4114 6.7
73 4115 6.7
73 4116 6.7
73 4117 6.7
73 4118 6.7
73 4119 6.7
73 4120 6.7
73 4121 6.7
73 4122 6.7
73 4123 6.7
73 4124 6.7
73 4125 6.7
73 4126 6.7
73 4127 6.7
73 4128 6.7
73 4129 6.7
73 4130 6.7
73 4131 6.7
73 4132 6.7
73 4133 6.7
73 4134 6.7
73 4135 6.7
73 4136 6.7
73 4137 6.7
73 4138 6.7
73 4139 6.7
73 4140 6.7
73 4141 6.7
73 4142 6.7
73 4143 6.7
73 4144 6.7
73 4145 6.7
73 4146 6.7
73 4147 6.7
73 4148 6.7
73 4149 6.7
73 4150 6.7
73 4151 6.7
73 4152 6.7
73 4153 6.7
73 4154 6.7
73 4155 6.7
73 4156 6.7
73 4157 6.7
74 4158 6.7
74 4159 6.7
74 4160 6.7
74 4161 6.7
74 4162 6.7
74 4163 6.7
74 4164 6.7
74 4165 6.7
74 4166 6.7
74 4167 6.7
74 4168 6.7
74 4169 6.7
74 4170 6.7
74 4171 6.7
74 4172 6.7
74 4173 6.7
74 4174 6.7
74 4175 6.7
74 4176 6.7
74 4177 6.7
74 4178 6.7
74 4179 6.7
74 4180 6.7
74 4181 6.7
74 4182 6.7
74 4183 6.7
74 4184 6.7
74 4185 6.7
74 4186 6.7
74 4187 6.7
74 4188 6.7
74 4189 6.7
74 4190 6.7
74 4191 6.7
74 4192 6.7
74 4193 6.7
74 4194 6.7
74 4195 6.7
74 4196 6.7
74 4197 6.7
74 4198 6.7
74 4199 6.7
74 4200 6.7
74 4201 6.7
74 4202 6.7
74 4203 6.7
74 4204 6.7
74 4205 6.7
74 4206 6.7
74 4207 6.7
74 4208 6.7
74 4209 6.7
74 4210 6.7
74 4211 6.7
74 4212 6.7
74 4213 6.7
75 4214 6.7
75 4215 6.7
75 4216 6.7
75 4217 6.7
75 4218 6.7
75 4219 6.7
75 4220 6.7
75 4221 6.7
75 4222 6.7
75 4223 6.7
75 4224 6.7
75 4225 6.7
75 4226 6.7
75 4227 6.7
75 4228 6.7
75 4229 6.7
75 4230 6.7
75 4231 6.7
75 4232 6.7
75 4233 6.7
75 4234 6.7
75 4235 6.7
75 4236 6.7
75 4237 6.7
75 4238 6.7
75 4239 6.7
75 4240 6.7
75 4241 6.7
75 4242 6.7
75 4243 6.7
75 4244 6.7
75 4245 6.7
75 4246 6.7
75 4247 6.7
75 4248 6.7
75 4249 6.7
75 4250 6.7
75 4251 6.7
75 4252 6.7
75 4253 6.7
75 4254 6.7
75 4255 6.7
75 4256 6.7
75 4257 6.7
75 4258 6.7
75 4259 6.7
75 4260 6.7
75 4261 6.7
75 4262 6.7
75 4263 6.7
75 4264 6.7
75 4265 6.7
75 4266 6.7
75 4267 6.7
76 4268 6.7
76 4269 6.7
76 4270 6.7
76 4271 6.7
76 4272 6.7
76 4273 6.7
76 4274 6.7
76 4275 6.7
76 4276 6.7
76 4277 6.7
76 4278 6.7
76 4279 6.7
76 4280 6.7
76 4281 6.7
76 4282 6.7
76 4283 6.7
76 4284 6.7
76 4285 6.7
76 4286 6.7
76 4287 6.7
76 4288 6.7
76 4289 6.7
76 4290 6.7
76 4291 6.7
76 4292 6.7
76 4293 6.7
76 4294 6.7
76 4295 6.7
76 4296 6.7
76 4297 6.7
76 4298 6.7
76 4299 6.7
76 4300 6.7
76 4301 6.7
76 4302 6.7
76 4303 6.7
76 4304 6.7
76 4305 6.7
76 4306 6.7
76 4307 6.7
76 4308 6.7
76 4309 6.7
76 4310 6.7
76 4311 6.7
76 4312 6.7
76 4313 6.7
76 4314 6.7
76 4315 6.7
76 4316 6.7
76 4317 6.7
76 4318 6.7
76 4319 6.7
76 4320 6.7
76 4321 6.7
76 4322 6.7
77 4323 6.7
77 4324 6.7
77 4325 6.7
77 4326 6.7
77 4327 6.7
77 4328 6.7
77 4329 6.7
77 4330 6.7
77 4331 6.7
77 4332 6.7
77 4333 6.7
77 4334 6.7
77 4335 6.7
77 4336 6.7
77 4337 6.7
77 4338 6.7
77 4339 6.7
77 4340 6.7
77 4341 6.7
77 4342 6.7
77 4343 6.7
77 4344 6.7
77 4345 6.7
77 4346 6.7
77 4347 6.7
77 4348 6.7
77 4349 6.7
77 4350 6.7
77 4351 6.7
77 4352 6.7
77 4353 6.7
77 4354 6.7
77 4355 6.7
77 4356 6.7
77 4357 6.7
77 4358 6.7
77 4359 6.7
77 4360 6.7
77 4361 6.7
77 4362 6.7
77 4363 6.7
77 4364 6.7
77 4365 6.7
77 4366 6.7
77 4367 6.7
77 4368 6.7
77 4369 6.7
77 4370 6.7
77 4371 6.7
77 4372 6.7
77 4373 6.7
77 4374 6.7
77 4375 6.7
77 4376 6.7
77 4377 6.7
77 4378 6.7
77 4379 6.7
77 4380 6.7
78 4381 6.7
78 4382 6.7
78 4383 6.7
78 4384 6.7
78 4385 6.7
78 4386 6.7
78 4387 6.7
78 4388 6.7
78 4389 6.7
78 4390 6.7
78 4391 6.7
78 4392 6.7
78 4393 6.7
78 4394 6.7
78 4395 6.7
78 4396 6.7
78 4397 6.7
78 4398 6.7
78 4399 6.7
78 4400 6.7
78 4401 6.7
78 4402 6.7
78 4403 6.7
78 4404 6.7
78 4405 6.7
78 4406 6.7
78 4407 6.7
78 4408 6.7
78 4409 6.7
78 4410 6.7
78 4411 6.7
78 4412 6.7
78 4413 6.7
78 4414 6.7
78 4415 6.7
78 4416 6.7
78 4417 6.7
78 4418 6.7
78 4419 6.7
78 4420 6.7
78 4421 6.7
78 4422 6.7
78 4423 6.7
78 4424 6.7
78 4425 6.7
78 4426 6.7
78 4427 6.7
78 4428 6.7
78 4429 6.7
78 4430 6.7
78 4431 6.7
78 4432 6.7
78 4433 6.7
78 4434 6.7
78 4435 6.7
78 4436 6.7
78 4437 6.7
79 4438 6.7
79 4439 6.7
79 4440 6.7
79 4441 6.7
79 4442 6.7
79 4443 6.7
79 4444 6.7
79 4445 6.7
79 4446 6.7
79 4447 6.7
79 4448 6.7
79 4449 6.7
79 4450 6.7
79 4451 6.7
79 4452 6.7
79 4453 6.7
79 4454 6.7
79 4455 6.7
79 4456 6.7
79 4457 6.7
79 4458 6.7
79 4459 6.7
79 4460 6.7
79 4461 6.7
79 4462 6.7
79 4463 6.7
79 4464 6.7
79 4465 6.7
79 4466 6.7
79 4467 6.7
79 4468 6.7
79 4469 6.7
79 4470 6.7
79 4471 6.7
79 4472 6.7
79 4473 6.7
79 4474 6.7
79 4475 6.7
79 4476 6.7
79 4477 6.7
79 4478 6.7
79 4479 6.7
79 4480 6.7
79 4481 6.7
79 4482 6.7
79 4483 6.7
79 4484 6.7
79 4485 6.7
79 4486 6.7
79 4487 6.7
79 4488 6.7
79 4489 6.7
79 4490 6.7
79 4491 6.7
79 4492 6.7
80 4493 6.7
80 4494 6.7
80 4495 6.7
80 4496 6.7
80 4497 6.7
80 4498 6.7
80 4499 6.7
80 4500 6.7
80 4501 6.7
80 4502 6.7
80 4503 6.7
80 4504 6.7
80 4505 6.7
80 4506 6.7
80 4507 6.7
80 4508 6.7
80 4509 6.7
80 4510 6.7
80 4511 6.7
80 4512 6.7
80 4513 6.7
80 4514 6.7
80 4515 6.7
80 4516 6.7
80 4517 6.7
80 4518 6.7
80 4519 6.7
80 4520 6.7
80 4521 6.7
80 4522 6.7
80 4523 6.7
80 4524 6.7
80 4525 6.7
80 4526 6.7
80 4527 6.7
80 4528 6.7
80 4529 6.7
80 4530 6.7
80 4531 6.7
80 4532 6.7
80 4533 6.7
80 4534 6.7
80 4535 6.7
80 4536 6.7
80 4537 6.7
80 4538 6.7
80 4539 6.7
80 4540 6.7
80 4541 6.7
80 4542 6.7
80 4543 6.7
80 4544 6.7
80 4545 6.7
80 4546 6.7
80 4547 6.7
80 4548 6.7
80 4549 6.7
80 4550 6.7
81 4551 6.7
81 4552 6.7
81 4553 6.7
81 4554 6.7
81 4555 6.7
81 4556 6.7
81 4557 6.7
81 4558 6.7
81 4559 6.7
81 4560 6.7
81 4561 6.7
81 4562 6.7
81 4563 6.7
81 4564 6.7
81 4565 6.7
81 4566 6.7
81 4567 6.7
81 4568 6.7
81 4569 6.7
81 4570 6.7
81 4571 6.7
81 4572 6.7
81 4573 6.7
81 4574 6.7
81 4575 6.7
81 4576 6.7
81 4577 6.7
81 4578 6.7
81 4579 6.7
81 4580 6.7
81 4581 6.7
81 4582 6.7
81 4583 6.7
81 4584 6.7
81 4585 6.7
81 4586 6.7
81 4587 6.7
81 4588 6.7
81 4589 6.7
81 4590 6.7
81 4591 6.7
81 4592 6.7
81 4593 6.7
81 4594 6.7
81 4595 6.7
81 4596 6.7
81 4597 6.7
81 4598 6.7
81 4599 6.7
81 4600 6.7
81 4601 6.7
81 4602 6.7
81 4603 6.7
81 4604 6.7
81 4605 6.7
81 4606 6.7
82 4607 6.7
82 4608 6.7
82 4609 6.7
82 4610 6.7
82 4611 6.7
82 4612 6.7
82 4613 6.7
82 4614 6.7
82 4615 6.7
82 4616 6.7
82 4617 6.7
82 4618 6.7
82 4619 6.7
82 4620 6.7
82 4621 6.7
82 4622 6.7
82 4623 6.7
82 4624 6.7
82 4625 6.7
82 4626 6.7
82 4627 6.7
82 4628 6.7
82 4629 6.7
82 4630 6.7
82 4631 6.7
82 4632 6.7
82 4633 6.7
82 4634 6.7
82 4635 6.7
82 4636 6.7
82 4637 6.7
82 4638 6.7
82 4639 6.7
82 4640 6.7
82 4641 6.7
82 4642 6.7
82 4643 6.7
82 4644 6.7
82 4645 6.7
82 4646 6.7
82 4647 6.7
82 4648 6.7
82 4649 6.7
82 4650 6.7
82 4651 6.7
82 4652 6.7
82 4653 6.7
82 4654 6.7
82 4655 6.7
82 4656 6.7
82 4657 6.7
82 4658 6.7
82 4659 6.7
82 4660 6.7
82 4661 6.7
82 4662 6.7
82 4663 6.7
82 4664 6.7
83 4665 6.7
83 4666 6.7
83 4667 6.7
83 4668 6.7
83 4669 6.7
83 4670 6.7
83 4671 6.7
83 4672 6.7
83 4673 6.7
83 4674 6.7
83 4675 6.7
83 4676 6.7
83 4677 6.7
83 4678 6.7
83 4679 6.7
83 4680 6.7
83 4681 6.7
83 4682 6.7
83 4683 6.7
83 4684 6.7
83 4685 6.7
83 4686 6.7
83 4687 6.7
83 4688 6.7
83 4689 6.7
83 4690 6.7
83 4691 6.7
83 4692 6.7
83 4693 6.7
83 4694 6.7
83 4695 6.7
83 4696 6.7
83 4697 6.7
83 4698 6.7
83 4699 6.7
83 4700 6.7
83 4701 6.7
83 4702 6.7
83 4703 6.7
83 4704 6.7
83 4705 6.7
83 4706 6.7
83 4707 6.7
83 4708 6.7
83 4709 6.7
83 4710 6.7
83 4711 6.7
83 4712 6.7
83 4713 6.7
83 4714 6.7
83 4715 6.7
83 4716 6.7
83 4717 6.7
83 4718 6.7
83 4719 6.7
84 4720 6.7
84 4721 6.7
84 4722 6.7
84 4723 6.7
84 4724 6.7
84 4725 6.7
84 4726 6.7
84 4727 6.7
84 4728 6.7
84 4729 6.7
84 4730 6.7
84 4731 6.7
84 4732 6.7
84 4733 6.7
84 4734 6.7
84 4735 6.7
84 4736 6.7
84 4737 6.7
84 4738 6.7
84 4739 6.7
84 4740 6.7
84 4741 6.7
84 4742 6.7
84 4743 6.7
84 4744 6.7
84 4745 6.7
84 4746 6.7
84 4747 6.7
84 4748 6.7
84 4749 6.7
84 4750 6.7
84 4751 6.7
84 4752 6.7
84 4753 6.7
84 4754 6.7
84 4755 6.7
84 4756 6.7
84 4757 6.7
84 4758 6.7
84 4759 6.7
84 4760 6.7
84 4761 6.7
84 4762 6.7
84 4763 6.7
84 4764 6.7
84 4765 6.7
84 4766 6.7
84 4767 6.7
84 4768 6.7
84 4769 6.7
84 4770 6.7
84 4771 6.7
84 4772 6.7
84 4773 6.7
84 4774 6.7
84 4775 6.7
85 4776 6.7
85 4777 6.7
85 4778 6.7
85 4779 6.7
85 4780 6.7
85 4781 6.7
85 4782 6.7
85 4783 6.7
85 4784 6.7
85 4785 6.7
85 4786 6.7
85 4787 6.7
85 4788 6.7
85 4789 6.7
85 4790 6.7
85 4791 6.7
85 4792 6.7
85 4793 6.7
85 4794 6.7
85 4795 6.7
85 4796 6.7
85 4797 6.7
85 4798 6.7
85 4799 6.7
85 4800 6.7
85 4801 6.7
85 4802 6.7
85 4803 6.7
85 4804 6.7
85 4805 6.7
85 4806 6.7
85 4807 6.7
85 4808 6.7
85 4809 6.7
85 4810 6.7
85 4811 6.7
85 4812 6.7
85 4813 6.7
85 4814 6.7
85 4815 6.7
85 4816 6.7
85 4817 6.7
85 4818 6.7
85 4819 6.7
85 4820 6.7
85 4821 6.7
85 4822 6.7
85 4823 6.7
85 4824 6.7
85 4825 6.7
85 4826 6.7
85 4827 6.7
85 4828 6.7
85 4829 6.7
85 4830 6.7
86 4831 6.7
86 4832 6.7
86 4833 6.7
86 4834 6.7
86 4835 6.7
86 4836 6.7
86 4837 6.7
86 4838 6.7
86 4839 6.7
86 4840 6.7
86 4841 6.7
86 4842 6.7
86 4843 6.7
86 4844 6.7
86 4845 6.7
86 4846 6.7
86 4847 6.7
86 4848 6.7
86 4849 6.7
86 4850 6.7
86 4851 6.7
86 4852 6.7
86 4853 6.7
86 4854 6.7
86 4855 6.7
86 4856 6.7
86 4857 6.7
86 4858 6.7
86 4859 6.7
86 4860 6.7
86 4861 6.7
86 4862 6.7
86 4863 6.7
86 4864 6.7
86 4865 6.7
86 4866 6.7
86 4867 6.7
86 4868 6.7
86 4869 6.7
86 4870 6.7
86 4871 6.7
86 4872 6.7
86 4873 6.7
86 4874 6.7
86 4875 6.7
86 4876 6.7
86 4877 6.7
86 4878 6.7
86 4879 6.7
86 4880 6.7
86 4881 6.7
86 4882 6.7
86 4883 6.7
86 4884 6.7
86 4885 6.7
86 4886 6.7
86 4887 6.7
87 4888 6.7
87 4889 6.7
87 4890 6.7
87 4891 6.7
87 4892 6.7
87 4893 6.7
87 4894 6.7
87 4895 6.7
87 4896 6.7
87 4897 6.7
87 4898 6.7
87 4899 6.7
87 4900 6.7
87 4901 6.7
87 4902 6.7
87 4903 6.7
87 4904 6.7
87 4905 6.7
87 4906 6.7
87 4907 6.7
87 4908 6.7
87 4909 6.7
87 4910 6.7
87 4911 6.7
87 4912 6.7
87 4913 6.7
87 4914 6.7
87 4915 6.7
87 4916 6.7
87 4917 6.7
87 4918 6.7
87 4919 6.7
87 4920 6.7
87 4921 6.7
87 4922 6.7
87 4923 6.7
87 4924 6.7
87 4925 6.7
87 4926 6.7
87 4927 6.7
87 4928 6.7
87 4929 6.7
87 4930 6.7
87 4931 6.7
87 4932 6.7
87 4933 6.7
87 4934 6.7
87 4935 6.7
87 4936 6.7
87 4937 6.7
87 4938 6.7
87 4939 6.7
87 4940 6.7
87 4941 6.7
87 4942 6.7
87 4943 6.7
88 4944 6.7
88 4945 6.7
88 4946 6.7
88 4947 6.7
88 4948 6.7
88 4949 6.7
88 4950 6.7
88 4951 6.7
88 4952 6.7
88 4953 6.7
88 4954 6.7
88 4955 6.7
88 4956 6.7
88 4957 6.7
88 4958 6.7
88 4959 6.7
88 4960 6.7
88 4961 6.7
88 4962 6.7
88 4963 6.7
88 4964 6.7
88 4965 6.7
88 4966 6.7
88 4967 6.7
88 4968 6.7
88 4969 6.7
88 4970 6.7
88 4971 6.7
88 4972 6.7
88 4973 6.7
88 4974 6.7
88 4975 6.7
88 4976 6.7
88 4977 6.7
88 4978 6.7
88 4979 6.7
88 4980 6.7
88 4981 6.7
88 4982 6.7
88 4983 6.7
88 4984 6.7
88 4985 6.7
88 4986 6.7
88 4987 6.7
88 4988 6.7
88 4989 6.7
88 4990 6.7
88 4991 6.7
88 4992 6.7
88 4993 6.7
88 4994 6.7
88 4995 6.7
88 4996 6.7
88 4997 6.7
88 4998 6.7
89 4999 6.7
89 5000 6.7
89 5001 6.7
89 5002 6.7
89 5003 6.7
89 5004 6.7
89 5005 6.7
89 5006 6.7
89 5007 6.7
89 5008 6.7
89 5009 6.7
89 5010 6.7
89 5011 6.7
89 5012 6.7
89 5013 6.7
89 5014 6.7
89 5015 6.7
89 5016 6.7
89 5017 6.7
89 5018 6.7
89 5019 6.7
89 5020 6.7
89 5021 6.7
89 5022 6.7
89 5023 6.7
89 5024 6.7
89 5025 6.7
89 5026 6.7
89 5027 6.7
89 5028 6.7
89 5029 6.7
89 5030 6.7
89 5031 6.7
89 5032 6.7
89 5033 6.7
89 5034 6.7
89 5035 6.7
89 5036 6.7
89 5037 6.7
89 5038 6.7
89 5039 6.7
89 5040 6.7
89 5041 6.7
89 5042 6.7
89 5043 6.7
89 5044 6.7
89 5045 6.7
89 5046 6.7
89 5047 6.7
89 5048 6.7
89 5049 6.7
89 5050 6.7
89 5051 6.7
89 5052 6.7
89 5053 6.7
89 5054 6.7
89 5055 6.7
89 5056 6.7
90 5057 6.7
90 5058 6.7
90 5059 6.7
90 5060 6.7
90 5061 6.7
90 5062 6.7
90 5063 6.7
90 5064 6.7
90 5065 6.7
90 5066 6.7
90 5067 6.7
90 5068 6.7
90 5069 6.7
90 5070 6.7
90 5071 6.7
90 5072 6.7
90 5073 6.7
90 5074 6.7
90 5075 6.7
90 5076 6.7
90 5077 6.7
90 5078 6.7
90 5079 6.7
90 5080 6.7
90 5081 6.7
90 5082 6.7
90 5083 6.7
90 5084 6.7
90 5085 6.7
90 5086 6.7
90 5087 6.7
90 5088 6.7
90 5089 6.7
90 5090 6.7
90 5091 6.7
90 5092 6.7
90 5093 6.7
90 5094 6.7
90 5095 6.7
90 5096 6.7
90 5097 6.7
90 5098 6.7
90 5099 6.7
90 5100 6.7
90 5101 6.7
90 5102 6.7
90 5103 6.7
90 5104 6.7
90 5105 6.7
90 5106 6.7
90 5107 6.7
90 5108 6.7
90 5109 6.7
90 5110 6.7
91 5111 6.7
91 5112 6.7
91 5113 6.7
91 5114 6.7
91 5115 6.7
91 5116 6.7
91 5117 6.7
91 5118 6.7
91 5119 6.7
91 5120 6.7
91 5121 6.7
91 5122 6.7
91 5123 6.7
91 5124 6.7
91 5125 6.7
91 5126 6.7
91 5127 6.7
91 5128 6.7
91 5129 6.7
91 5130 6.7
91 5131 6.7
91 5132 6.7
91 5133 6.7
91 5134 6.7
91 5135 6.7
91 5136 6.7
91 5137 6.7
91 5138 6.7
91 5139 6.7
91 5140 6.7
91 5141 6.7
91 5142 6.7
91 5143 6.7
91 5144 6.7
91 5145 6.7
91 5146 6.7
91 5147 6.7
91 5148 6.7
91 5149 6.7
91 5150 6.7
91 5151 6.7
91 5152 6.7
91 5153 6.7
91 5154 6.7
91 5155 6.7
91 5156 6.7
91 5157 6.7
91 5158 6.7
91 5159 6.7
91 5160 6.7
91 5161 6.7
91 5162 6.7
91 5163 6.7
91 5164 6.7
91 5165 6.7
92 5166 6.7
92 5167 6.7
92 5168 6.7
92 5169 6.7
92 5170 6.7
92 5171 6.7
92 5172 6.7
92 5173 6.7
92 5174 6.7
92 5175 6.7
92 5176 6.7
92 5177 6.7
92 5178 6.7
92 5179 6.7
92 5180 6.7
92 5181 6.7
92 5182 6.7
92 5183 6.7
92 5184 6.7
92 5185 6.7
92 5186 6.7
92 5187 6.7
92 5188 6.7
92 5189 6.7
92 5190 6.7
92 5191 6.7
92 5192 6.7
92 5193 6.7
92 5194 6.7
92 5195 6.7
92 5196 6.7
92 5197 6.7
92 5198 6.7
92 5199 6.7
92 5200 6.7
92 5201 6.7
92 5202 6.7
92 5203 6.7
92 5204 6.7
92 5205 6.7
92 5206 6.7
92 5207 6.7
92 5208 6.7
92 5209 6.7
92 5210 6.7
92 5211 6.7
92 5212 6.7
92 5213 6.7
92 5214 6.7
92 5215 6.7
92 5216 6.7
92 5217 6.7
92 5218 6.7
92 5219 6.7
92 5220 6.7
92 5221 6.7
92 5222 6.7
93 5223 6.7
93 5224 6.7
93 5225 6.7
93 5226 6.7
93 5227 6.7
93 5228 6.7
93 5229 6.7
93 5230 6.7
93 5231 6.7
93 5232 6.7
93 5233 6.7
93 5234 6.7
93 5235 6.7
93 5236 6.7
93 5237 6.7
93 5238 6.7
93 5239 6.7
93 5240 6.7
93 5241 6.7
93 5242 6.7
93 5243 6.7
93 5244 6.7
93 5245 6.7
93 5246 6.7
93 5247 6.7
93 5248 6.7
93 5249 6.7
93 5250 6.7
93 5251 6.7
93 5252 6.7
93 5253 6.7
93 5254 6.7
93 5255 6.7
93 5256 6.7
93 5257 6.7
93 5258 6.7
93 5259 6.7
93 5260 6.7
93 5261 6.7
93 5262 6.7
93 5263 6.7
93 5264 6.7
93 5265 6.7
93 5266 6.7
93 5267 6.7
93 5268 6.7
93 5269 6.7
93 5270 6.7
93 5271 6.7
93 5272 6.7
93 5273 6.7
93 5274 6.7
93 5275 6.7
93 5276 6.7
93 5277 6.7
94 5278 6.7
94 5279 6.7
94 5280 6.7
94 5281 6.7
94 5282 6.7
94 5283 6.7
94 5284 6.7
94 5285 6.7
94 5286 6.7
94 5287 6.7
94 5288 6.7
94 5289 6.7
94 5290 6.7
94 5291 6.7
94 5292 6.7
94 5293 6.7
94 5294 6.7
94 5295 6.7
94 5296 6.7
94 5297 6.7
94 5298 6.7
94 5299 6.7
94 5300 6.7
94 5301 6.7
94 5302 6.7
94 5303 6.7
94 5304 6.7
94 5305 6.7
94 5306 6.7
94 5307 6.7
94 5308 6.7
94 5309 6.7
94 5310 6.7
94 5311 6.7
94 5312 6.7
94 5313 6.7
94 5314 6.7
94 5315 6.7
94 5316 6.7
94 5317 6.7
94 5318 6.7
94 5319 6.7
94 5320 6.7
94 5321 6.7
94 5322 6.7
94 5323 6.7
94 5324 6.7
94 5325 6.7
94 5326 6.7
94 5327 6.7
94 5328 6.7
94 5329 6.7
94 5330 6.7
94 5331 6.7
94 5332 6.7
95 5333 6.7
95 5334 6.7
95 5335 6.7
95 5336 6.7
95 5337 6.7
95 5338 6.7
95 5339 6.7
95 5340 6.7
95 5341 6.7
95 5342 6.7
95 5343 6.7
95 5344 6.7
95 5345 6.7
95 5346 6.7
95 5347 6.7
95 5348 6.7
95 5349 6.7
95 5350 6.7
95 5351 6.7
95 5352 6.7
95 5353 6.7
95 5354 6.7
95 5355 6.7
95 5356 6.7
95 5357 6.7
95 5358 6.7
95 5359 6.7
95 5360 6.7
95 5361 6.7
95 5362 6.7
95 5363 6.7
95 5364 6.7
95 5365 6.7
95 5366 6.7
95 5367 6.7
95 5368 6.7
95 5369 6.7
95 5370 6.7
95 5371 6.7
95 5372 6.7
95 5373 6.7
95 5374 6.7
95 5375 6.7
95 5376 6.7
95 5377 6.7
95 5378 6.7
95 5379 6.7
95 5380 6.7
95 5381 6.7
95 5382 6.7
95 5383 6.7
95 5384 6.7
95 5385 6.7
96 5386 6.7
96 5387 6.7
96 5388 6.7
96 5389 6.7
96 5390 6.7
96 5391 6.7
96 5392 6.7
96 5393 6.7
96 5394 6.7
96 5395 6.7
96 5396 6.7
96 5397 6.7
96 5398 6.7
96 5399 6.7
96 5400 6.7
96 5401 6.7
96 5402 6.7
96 5403 6.7
96 5404 6.7
96 5405 6.7
96 5406 6.7
96 5407 6.7
96 5408 6.7
96 5409 6.7
96 5410 6.7
96 5411 6.7
96 5412 6.7
96 5413 6.7
96 5414 6.7
96 5415 6.7
96 5416 6.7
96 5417 6.7
96 5418 6.7
96 5419 6.7
96 5420 6.7
96 5421 6.7
96 5422 6.7
96 5423 6.7
96 5424 6.7
96 5425 6.7
96 5426 6.7
96 5427 6.7
96 5428 6.7
96 5429 6.7
96 5430 6.7
96 5431 6.7
96 5432 6.7
96 5433 6.7
96 5434 6.7
96 5435 6.7
96 5436 6.7
96 5437 6.7
96 5438 6.7
96 5439 6.7
96 5440 6.7
96 5441 6.7
96 5442 6.7
96 5443 6.7
97 5444 6.7
97 5445 6.7
97 5446 6.7
97 5447 6.7
97 5448 6.7
97 5449 6.7
97 5450 6.7
97 5451 6.7
97 5452 6.7
97 5453 6.7
97 5454 6.7
97 5455 6.7
97 5456 6.7
97 5457 6.7
97 5458 6.7
97 5459 6.7
97 5460 6.7
97 5461 6.7
97 5462 6.7
97 5463 6.7
97 5464 6.7
97 5465 6.7
97 5466 6.7
97 5467 6.7
97 5468 6.7
97 5469 6.7
97 5470 6.7
97 5471 6.7
97 5472 6.7
97 5473 6.7
97 5474 6.7
97 5475 6.7
97 5476 6.7
97 5477 6.7
97 5478 6.7
97 5479 6.7
97 5480 6.7
97 5481 6.7
97 5482 6.7
97 5483 6.7
97 5484 6.7
97 5485 6.7
97 5486 6.7
97 5487 6.7
97 5488 6.7
97 5489 6.7
97 5490 6.7
97 5491 6.7
97 5492 6.7
97 5493 6.7
97 5494 6.7
97 5495 6.7
97 5496 6.7
97 5497 6.7
97 5498 6.7
97 5499 6.7
97 5500 6.7
97 5501 6.7
97 5502 6.7
97 5503 6.7
97 5504 6.7
98 5505 6.7
98 5506 6.7
98 5507 6.7
98 5508 6.7
98 5509 6.7
98 5510 6.7
98 5511 6.7
98 5512 6.7
98 5513 6.7
98 5514 6.7
98 5515 6.7
98 5516 6.7
98 5517 6.7
98 5518 6.7
98 5519 6.7
98 5520 6.7
98 5521 6.7
98 5522 6.7
98 5523 6.7
98 5524 6.7
98 5525 6.7
98 5526 6.7
98 5527 6.7
98 5528 6.7
98 5529 6.7
98 5530 6.7
98 5531 6.7
98 5532 6.7
98 5533 6.7
98 5534 6.7
98 5535 6.7
98 5536 6.7
98 5537 6.7
98 5538 6.7
98 5539 6.7
98 5540 6.7
98 5541 6.7
98 5542 6.7
98 5543 6.7
98 5544 6.7
98 5545 6.7
98 5546 6.7
98 5547 6.7
98 5548 6.7
98 5549 6.7
98 5550 6.7
98 5551 6.7
98 5552 6.7
98 5553 6.7
98 5554 6.7
98 5555 6.7
98 5556 6.7
98 5557 6.7
98 5558 6.7
98 5559 6.7
98 5560 6.7
99 5561 6.7
99 5562 6.7
99 5563 6.7
99 5564 6.7
99 5565 6.7
99 5566 6.7
99 5567 6.7
99 5568 6.7
99 5569 6.7
99 5570 6.7
99 5571 6.7
99 5572 6.7
99 5573 6.7
99 5574 6.7
99 5575 6.7
99 5576 6.7
99 5577 6.7
99 5578 6.7
99 5579 6.7
99 5580 6.7
99 5581 6.7
99 5582 6.7
99 5583 6.7
99 5584 6.7
99 5585 6.7
99 5586 6.7
99 5587 6.7
99 5588 6.7
99 5589 6.7
99 5590 6.7
99 5591 6.7
99 5592 6.7
99 5593 6.7
99 5594 6.7
99 5595 6.7
99 5596 6.7
99 5597 6.7
99 5598 6.7
99 5599 6.7
99 5600 6.7
99 5601 6.7
99 5602 6.7
99 5603 6.7
99 5604 6.7
99 5605 6.7
99 5606 6.7
99 5607 6.7
99 5608 6.7
99 5609 6.7
99 5610 6.7
99 5611 6.7
99 5612 6.7
99 5613 6.7
99 5614 6.7
99 5615 6.7
100 5616 6.7
100 5617 6.7
100 5618 6.7
100 5619 6.7
100 5620 6.7
100 5621 6.7
100 5622 6.7
100 5623 6.7
100 5624 6.7
100 5625 6.7
100 5626 6.7
100 5627 6.7
100 5628 6.7
100 5629 6.7
100 5630 6.7
100 5631 6.7
100 5632 6.7
100 5633 6.7
100 5634 6.7
100 5635 6.7
100 5636 6.7
100 5637 6.7
100 5638 6.7
100 5639 6.7
100 5640 6.7
100 5641 6.7
100 5642 6.7
100 5643 6.7
100 5644 6.7
100 5645 6.7
100 5646 6.7
100 5647 6.7
100 5648 6.7
100 5649 6.7
100 5650 6.7
100 5651 6.7
100 5652 6.7
100 5653 6.7
100 5654 6.7
100 5655 6.7
100 5656 6.7
100 5657 6.7
100 5658 6.7
100 5659 6.7
100 5660 6.7
100 5661 6.7
100 5662 6.7
100 5663 6.7
100 5664 6.7
100 5665 6.7
100 5666 6.7
100 5667 6.7
100 5668 6.7
100 5669 6.7
101 5670 6.7
101 5671 6.7
101 5672 6.7
101 5673 6.7
101 5674 6.7
101 5675 6.7
101 5676 6.7
101 5677 6.7
101 5678 6.7
101 5679 6.7
101 5680 6.7
101 5681 6.7
101 5682 6.7
101 5683 6.7
101 5684 6.7
101 5685 6.7
101 5686 6.7
101 5687 6.7
101 5688 6.7
101 5689 6.7
101 5690 6.7
101 5691 6.7
101 5692 6.7
101 5693 6.7
101 5694 6.7
101 5695 6.7
101 5696 6.7
101 5697 6.7
101 5698 6.7
101 5699 6.7
101 5700 6.7
101 5701 6.7
101 5702 6.7
101 5703 6.7
101 5704 6.7
101 5705 6.7
101 5706 6.7
101 5707 6.7
101 5708 6.7
101 5709 6.7
101 5710 6.7
101 5711 6.7
101 5712 6.7
101 5713 6.7
101 5714 6.7
101 5715 6.7
101 5716 6.7
101 5717 6.7
101 5718 6.7
101 5719 6.7
101 5720 6.7
101 5721 6.7
101 5722 6.7
101 5723 6.7
101 5724 6.7
101 5725 6.7
101 5726 6.7
102 5727 6.7
102 5728 6.7
102 5729 6.7
102 5730 6.7
102 5731 6.7
102 5732 6.7
102 5733 6.7
102 5734 6.7
102 5735 6.7
102 5736 6.7
102 5737 6.7
102 5738 6.7
102 5739 6.7
102 5740 6.7
102 5741 6.7
102 5742 6.7
102 5743 6.7
102 5744 6.7
102 5745 6.7
102 5746 6.7
102 5747 6.7
102 5748 6.7
102 5749 6.7
102 5750 6.7
102 5751 6.7
102 5752 6.7
102 5753 6.7
102 5754 6.7
102 5755 6.7
102 5756 6.7
102 5757 6.7
102 5758 6.7
102 5759 6.7
102 5760 6.7
102 5761 6.7
102 5762 6.7
102 5763 6.7
102 5764 6.7
102 5765 6.7
102 5766 6.7
102 5767 6.7
102 5768 6.7
102 5769 6.7
102 5770 6.7
102 5771 6.7
102 5772 6.7
102 5773 6.7
102 5774 6.7
102 5775 6.7
102 5776 6.7
102 5777 6.7
102 5778 6.7
102 5779 6.7
102 5780 6.7
102 5781 6.7
103 5782 6.7
103 5783 6.7
103 5784 6.7
103 5785 6.7
103 5786 6.7
103 5787 6.7
103 5788 6.7
103 5789 6.7
103 5790 6.7
103 5791 6.7
103 5792 6.7
103 5793 6.7
103 5794 6.7
103 5795 6.7
103 5796 6.7
103 5797 6.7
103 5798 6.7
103 5799 6.7
103 5800 6.7
103 5801 6.7
103 5802 6.7
103 5803 6.7
103 5804 6.7
103 5805 6.7
103 5806 6.7
103 5807 6.7
103 5808 6.7
103 5809 6.7
103 5810 6.7
103 5811 6.7
103 5812 6.7
103 5813 6.7
103 5814 6.7
103 5815 6.7
103 5816 6.7
103 5817 6.7
103 5818 6.7
103 5819 6.7
103 5820 6.7
103 5821 6.7
103 5822 6.7
103 5823 6.7
103 5824 6.7
103 5825 6.7
103 5826 6.7
103 5827 6.7
103 5828 6.7
103 5829 6.7
103 5830 6.7
103 5831 6.7
103 5832 6.7
103 5833 6.7
103 5834 6.7
103 5835 6.7
103 5836 6.7
103 5837 6.7
103 5838 6.7
103 5839 6.7
104 5840 6.7
104 5841 6.7
104 5842 6.7
104 5843 6.7
104 5844 6.7
104 5845 6.7
104 5846 6.7
104 5847 6.7
104 5848 6.7
104 5849 6.7
104 5850 6.7
104 5851 6.7
104 5852 6.7
104 5853 6.7
104 5854 6.7
104 5855 6.7
104 5856 6.7
104 5857 6.7
104 5858 6.7
104 5859 6.7
104 5860 6.7
104 5861 6.7
104 5862 6.7
104 5863 6.7
104 5864 6.7
104 5865 6.7
104 5866 6.7
104 5867 6.7
104 5868 6.7
104 5869 6.7
104 5870 6.7
104 5871 6.7
104 5872 6.7
104 5873 6.7
104 5874 6.7
104 5875 6.7
104 5876 6.7
104 5877 6.7
104 5878 6.7
104 5879 6.7
104 5880 6.7
104 5881 6.7
104 5882 6.7
104 5883 6.7
104 5884 6.7
104 5885 6.7
104 5886 6.7
104 5887 6.7
104 5888 6.7
104 5889 6.7
104 5890 6.7
104 5891 6.7
104 5892 6.7
104 5893 6.7
104 5894 6.7
104 5895 6.7
105 5896 6.7
105 5897 6.7
105 5898 6.7
105 5899 6.7
105 5900 6.7
105 5901 6.7
105 5902 6.7
105 5903 6.7
105 5904 6.7
105 5905 6.7
105 5906 6.7
105 5907 6.7
105 5908 6.7
105 5909 6.7
105 5910 6.7
105 5911 6.7
105 5912 6.7
105 5913 6.7
105 5914 6.7
105 5915 6.7
105 5916 6.7
105 5917 6.7
105 5918 6.7
105 5919 6.7
105 5920 6.7
105 5921 6.7
105 5922 6.7
105 5923 6.7
105 5924 6.7
105 5925 6.7
105 5926 6.7
105 5927 6.7
105 5928 6.7
105 5929 6.7
105 5930 6.7
105 5931 6.7
105 5932 6.7
105 5933 6.7
105 5934 6.7
105 5935 6.7
105 5936 6.7
105 5937 6.7
105 5938 6.7
105 5939 6.7
105 5940 6.7
105 5941 6.7
105 5942 6.7
105 5943 6.7
105 5944 6.7
105 5945 6.7
105 5946 6.7
105 5947 6.7
105 5948 6.7
106 5949 6.7
106 5950 6.7
106 5951 6.7
106 5952 6.7
106 5953 6.7
106 5954 6.7
106 5955 6.7
106 5956 6.7
106 5957 6.7
106 5958 6.7
106 5959 6.7
106 5960 6.7
106 5961 6.7
106 5962 6.7
106 5963 6.7
106 5964 6.7
106 5965 6.7
106 5966 6.7
106 5967 6.7
106 5968 6.7
106 5969 6.7
106 5970 6.7
106 5971 6.7
106 5972 6.7
106 5973 6.7
106 5974 6.7
106 5975 6.7
106 5976 6.7
106 5977 6.7
106 5978 6.7
106 5979 6.7
106 5980 6.7
106 5981 6.7
106 5982 6.7
106 5983 6.7
106 5984 6.7
106 5985 6.7
106 5986 6.7
106 5987 6.7
106 5988 6.7
106 5989 6.7
106 5990 6.7
106 5991 6.7
106 5992 6.7
106 5993 6.7
106 5994 6.7
106 5995 6.7
106 5996 6.7
106 5997 6.7
106 5998 6.7
106 5999 6.7
106 6000 6.7
106 6001 6.7
106 6002 6.7
106 6003 6.7
107 6004 6.7
107 6005 6.7
107 6006 6.7
107 6007 6.7
107 6008 6.7
107 6009 6.7
107 6010 6.7
107 6011 6.7
107 6012 6.7
107 6013 6.7
107 6014 6.7
107 6015 6.7
107 6016 6.7
107 6017 6.7
107 6018 6.7
107 6019 6.7
107 6020 6.7
107 6021 6.7
107 6022 6.7
107 6023 6.7
107 6024 6.7
107 6025 6.7
107 6026 6.7
107 6027 6.7
107 6028 6.7
107 6029 6.7
107 6030 6.7
107 6031 6.7
107 6032 6.7
107 6033 6.7
107 6034 6.7
107 6035 6.7
107 6036 6.7
107 6037 6.7
107 6038 6.7
107 6039 6.7
107 6040 6.7
107 6041 6.7
107 6042 6.7
107 6043 6.7
107 6044 6.7
107 6045 6.7
107 6046 6.7
107 6047 6.7
107 6048 6.7
107 6049 6.7
107 6050 6.7
107 6051 6.7
107 6052 6.7
107 6053 6.7
107 6054 6.7
107 6055 6.7
107 6056 6.7
107 6057 6.7
107 6058 6.7
107 6059 6.7
107 6060 6.7
107 6061 6.7
108 6062 6.7
108 6063 6.7
108 6064 6.7
108 6065 6.7
108 6066 6.7
108 6067 6.7
108 6068 6.7
108 6069 6.7
108 6070 6.7
108 6071 6.7
108 6072 6.7
108 6073 6.7
108 6074 6.7
108 6075 6.7
108 6076 6.7
108 6077 6.7
108 6078 6.7
108 6079 6.7
108 6080 6.7
108 6081 6.7
108 6082 6.7
108 6083 6.7
108 6084 6.7
108 6085 6.7
108 6086 6.7
108 6087 6.7
108 6088 6.7
108 6089 6.7
108 6090 6.7
108 6091 6.7
108 6092 6.7
108 6093 6.7
108 6094 6.7
108 6095 6.7
108 6096 6.7
108 6097 6.7
108 6098 6.7
108 6099 6.7
108 6100 6.7
108 6101 6.7
108 6102 6.7
108 6103 6.7
108 6104 6.7
108 6105 6.7
108 6106 6.7
108 6107 6.7
108 6108 6.7
108 6109 6.7
108 6110 6.7
108 6111 6.7
108 6112 6.7
108 6113 6.7
108 6114 6.7
108 6115 6.7
109 6116 6.7
109 6117 6.7
109 6118 6.7
109 6119 6.7
109 6120 6.7
109 6121 6.7
109 6122 6.7
109 6123 6.7
109 6124 6.7
109 6125 6.7
109 6126 6.7
109 6127 6.7
109 6128 6.7
109 6129 6.7
109 6130 6.7
109 6131 6.7
109 6132 6.7
109 6133 6.7
109 6134 6.7
109 6135 6.7
109 6136 6.7
109 6137 6.7
109 6138 6.7
109 6139 6.7
109 6140 6.7
109 6141 6.7
109 6142 6.7
109 6143 6.7
109 6144 6.7
109 6145 6.7
109 6146 6.7
109 6147 6.7
109 6148 6.7
109 6149 6.7
109 6150 6.7
109 6151 6.7
109 6152 6.7
109 6153 6.7
109 6154 6.7
109 6155 6.7
109 6156 6.7
109 6157 6.7
109 6158 6.7
109 6159 6.7
109 6160 6.7
109 6161 6.7
109 6162 6.7
109 6163 6.7
109 6164 6.7
109 6165 6.7
109 6166 6.7
109 6167 6.7
109 6168 6.7
109 6169 6.7
109 6170 6.7
110 6171 6.7
110 6172 6.7
110 6173 6.7
110 6174 6.7
110 6175 6.7
110 6176 6.7
110 6177 6.7
110 6178 6.7
110 6179 6.7
110 6180 6.7
110 6181 6.7
110 6182 6.7
110 6183 6.7
110 6184 6.7
110 6185 6.7
110 6186 6.7
110 6187 6.7
110 6188 6.7
110 6189 6.7
110 6190 6.7
110 6191 6.7
110 6192 6.7
110 6193 6.7
110 6194 6.7
110 6195 6.7
110 6196 6.7
110 6197 6.7
110 6198 6.7
110 6199 6.7
110 6200 6.7
110 6201 6.7
110 6202 6.7
110 6203 6.7
110 6204 6.7
110 6205 6.7
110 6206 6.7
110 6207 6.7
110 6208 6.7
110 6209 6.7
110 6210 6.7
110 6211 6.7
110 6212 6.7
110 6213 6.7
110 6214 6.7
110 6215 6.7
110 6216 6.7
110 6217 6.7
110 6218 6.7
110 6219 6.7
110 6220 6.7
110 6221 6.7
110 6222 6.7
110 6223 6.7
110 6224 6.7
110 6225 6.7
110 6226 6.7
110 6227 6.7
111 6228 6.7
111 6229 6.7
111 6230 6.7
111 6231 6.7
111 6232 6.7
111 6233 6.7
111 6234 6.7
111 6235 6.7
111 6236 6.7
111 6237 6.7
111 6238 6.7
111 6239 6.7
111 6240 6.7
111 6241 6.7
111 6242 6.7
111 6243 6.7
111 6244 6.7
111 6245 6.7
111 6246 6.7
111 6247 6.7
111 6248 6.7
111 6249 6.7
111 6250 6.7
111 6251 6.7
111 6252 6.7
111 6253 6.7
111 6254 6.7
111 6255 6.7
111 6256 6.7
111 6257 6.7
111 6258 6.7
111 6259 6.7
111 6260 6.7
111 6261 6.7
111 6262 6.7
111 6263 6.7
111 6264 6.7
111 6265 6.7
111 6266 6.7
111 6267 6.7
111 6268 6.7
111 6269 6.7
111 6270 6.7
111 6271 6.7
111 6272 6.7
111 6273 6.7
111 6274 6.7
111 6275 6.7
111 6276 6.7
111 6277 6.7
111 6278 6.7
111 6279 6.7
111 6280 6.7
111 6281 6.7
111 6282 6.7
111 6283 6.7
111 6284 6.7
112 6285 6.7
112 6286 6.7
112 6287 6.7
112 6288 6.7
112 6289 6.7
112 6290 6.7
112 6291 6.7
112 6292 6.7
112 6293 6.7
112 6294 6.7
112 6295 6.7
112 6296 6.7
112 6297 6.7
112 6298 6.7
112 6299 6.7
112 6300 6.7
112 6301 6.7
112 6302 6.7
112 6303 6.7
112 6304 6.7
112 6305 6.7
112 6306 6.7
112 6307 6.7
112 6308 6.7
112 6309 6.7
112 6310 6.7
112 6311 6.7
112 6312 6.7
112 6313 6.7
112 6314 6.7
112 6315 6.7
112 6316 6.7
112 6317 6.7
112 6318 6.7
112 6319 6.7
112 6320 6.7
112 6321 6.7
112 6322 6.7
112 6323 6.7
112 6324 6.7
112 6325 6.7
112 6326 6.7
112 6327 6.7
112 6328 6.7
112 6329 6.7
112 6330 6.7
112 6331 6.7
112 6332 6.7
112 6333 6.7
112 6334 6.7
112 6335 6.7
112 6336 6.7
112 6337 6.7
112 6338 6.7
112 6339 6.7
112 6340 6.7
112 6341 6.7
112 6342 6.7
112 6343 6.7
113 6344 6.7
113 6345 6.7
113 6346 6.7
113 6347 6.7
113 6348 6.7
113 6349 6.7
113 6350 6.7
113 6351 6.7
113 6352 6.7
113 6353 6.7
113 6354 6.7
113 6355 6.7
113 6356 6.7
113 6357 6.7
113 6358 6.7
113 6359 6.7
113 6360 6.7
113 6361 6.7
113 6362 6.7
113 6363 6.7
113 6364 6.7
113 6365 6.7
113 6366 6.7
113 6367 6.7
113 6368 6.7
113 6369 6.7
113 6370 6.7
113 6371 6.7
113 6372 6.7
113 6373 6.7
113 6374 6.7
113 6375 6.7
113 6376 6.7
113 6377 6.7
113 6378 6.7
113 6379 6.7
113 6380 6.7
113 6381 6.7
113 6382 6.7
113 6383 6.7
113 6384 6.7
113 6385 6.7
113 6386 6.7
113 6387 6.7
113 6388 6.7
113 6389 6.7
113 6390 6.7
113 6391 6.7
113 6392 6.7
113 6393 6.7
114 6394 6.7
114 6395 6.7
114 6396 6.7
114 6397 6.7
114 6398 6.7
114 6399 6.7
114 6400 6.7
114 6401 6.7
114 6402 6.7
114 6403 6.7
114 6404 6.7
114 6405 6.7
114 6406 6.7
114 6407 6.7
114 6408 6.7
114 6409 6.7
114 6410 6.7
114 6411 6.7
114 6412 6.7
114 6413 6.7
114 6414 6.7
114 6415 6.7
114 6416 6.7
114 6417 6.7
114 6418 6.7
114 6419 6.7
114 6420 6.7
114 6421 6.7
114 6422 6.7
114 6423 6.7
114 6424 6.7
114 6425 6.7
114 6426 6.7
114 6427 6.7
114 6428 6.7
114 6429 6.7
114 6430 6.7
114 6431 6.7
114 6432 6.7
114 6433 6.7
114 6434 6.7
114 6435 6.7
114 6436 6.7
114 6437 6.7
114 6438 6.7
114 6439 6.7
114 6440 6.7
114 6441 6.7
114 6442 6.7
114 6443 6.7
114 6444 6.7
114 6445 6.7
114 6446 6.7
114 6447 6.7
114 6448 6.7
114 6449 6.7
114 6450 6.7
115 6451 6.7
115 6452 6.7
115 6453 6.7
115 6454 6.7
115 6455 6.7
115 6456 6.7
115 6457 6.7
115 6458 6.7
115 6459 6.7
115 6460 6.7
115 6461 6.7
115 6462 6.7
115 6463 6.7
115 6464 6.7
115 6465 6.7
115 6466 6.7
115 6467 6.7
115 6468 6.7
115 6469 6.7
115 6470 6.7
115 6471 6.7
115 6472 6.7
115 6473 6.7
115 6474 6.7
115 6475 6.7
115 6476 6.7
115 6477 6.7
115 6478 6.7
115 6479 6.7
115 6480 6.7
115 6481 6.7
115 6482 6.7
115 6483 6.7
115 6484 6.7
115 6485 6.7
115 6486 6.7
115 6487 6.7
115 6488 6.7
115 6489 6.7
115 6490 6.7
115 6491 6.7
115 6492 6.7
115 6493 6.7
115 6494 6.7
115 6495 6.7
115 6496 6.7
115 6497 6.7
115 6498 6.7
115 6499 6.7
115 6500 6.7
115 6501 6.7
115 6502 6.7
115 6503 6.7
115 6504 6.7
115 6505 6.7
115 6506 6.7
116 6507 6.7
116 6508 6.7
116 6509 6.7
116 6510 6.7
116 6511 6.7
116 6512 6.7
116 6513 6.7
116 6514 6.7
116 6515 6.7
116 6516 6.7
116 6517 6.7
116 6518 6.7
116 6519 6.7
116 6520 6.7
116 6521 6.7
116 6522 6.7
116 6523 6.7
116 6524 6.7
116 6525 6.7
116 6526 6.7
116 6527 6.7
116 6528 6.7
116 6529 6.7
116 6530 6.7
116 6531 6.7
116 6532 6.7
116 6533 6.7
116 6534 6.7
116 6535 6.7
116 6536 6.7
116 6537 6.7
116 6538 6.7
116 6539 6.7
116 6540 6.7
116 6541 6.7
116 6542 6.7
116 6543 6.7
116 6544 6.7
116 6545 6.7
116 6546 6.7
116 6547 6.7
116 6548 6.7
116 6549 6.7
116 6550 6.7
116 6551 6.7
116 6552 6.7
116 6553 6.7
116 6554 6.7
116 6555 6.7
116 6556 6.7
116 6557 6.7
116 6558 6.7
116 6559 6.7
116 6560 6.7
116 6561 6.7
116 6562 6.7
116 6563 6.7
117 6564 6.7
117 6565 6.7
117 6566 6.7
117 6567 6.7
117 6568 6.7
117 6569 6.7
117 6570 6.7
117 6571 6.7
117 6572 6.7
117 6573 6.7
117 6574 6.7
117 6575 6.7
117 6576 6.7
117 6577 6.7
117 6578 6.7
117 6579 6.7
117 6580 6.7
117 6581 6.7
117 6582 6.7
117 6583 6.7
117 6584 6.7
117 6585 6.7
117 6586 6.7
117 6587 6.7
117 6588 6.7
117 6589 6.7
117 6590 6.7
117 6591 6.7
117 6592 6.7
117 6593 6.7
117 6594 6.7
117 6595 6.7
117 6596 6.7
117 6597 6.7
117 6598 6.7
117 6599 6.7
117 6600 6.7
117 6601 6.7
117 6602 6.7
117 6603 6.7
117 6604 6.7
117 6605 6.7
117 6606 6.7
117 6607 6.7
117 6608 6.7
118 6609 6.7
118 6610 6.7
118 6611 6.7
118 6612 6.7
118 6613 6.7
118 6614 6.7
118 6615 6.7
118 6616 6.7
118 6617 6.7
118 6618 6.7
118 6619 6.7
118 6620 6.7
118 6621 6.7
118 6622 6.7
118 6623 6.7
118 6624 6.7
118 6625 6.7
118 6626 6.7
118 6627 6.7
118 6628 6.7
118 6629 6.7
118 6630 6.7
118 6631 6.7
118 6632 6.7
118 6633 6.7
118 6634 6.7
118 6635 6.7
118 6636 6.7
118 6637 6.7
118 6638 6.7
118 6639 6.7
118 6640 6.7
118 6641 6.7
118 6642 6.7
118 6643 6.7
118 6644 6.7
118 6645 6.7
118 6646 6.7
118 6647 6.7
118 6648 6.7
118 6649 6.7
118 6650 6.7
118 6651 6.7
118 6652 6.7
118 6653 6.7
118 6654 6.7
118 6655 6.7
118 6656 6.7
118 6657 6.7
118 6658 6.7
118 6659 6.7
118 6660 6.7
118 6661 6.7
118 6662 6.7
118 6663 6.7
118 6664 6.7
119 6665 6.7
119 6666 6.7
119 6667 6.7
119 6668 6.7
119 6669 6.7
119 6670 6.7
119 6671 6.7
119 6672 6.7
119 6673 6.7
119 6674 6.7
119 6675 6.7
119 6676 6.7
119 6677 6.7
119 6678 6.7
119 6679 6.7
119 6680 6.7
119 6681 6.7
119 6682 6.7
119 6683 6.7
119 6684 6.7
119 6685 6.7
119 6686 6.7
119 6687 6.7
119 6688 6.7
119 6689 6.7
119 6690 6.7
119 6691 6.7
119 6692 6.7
119 6693 6.7
119 6694 6.7
119 6695 6.7
119 6696 6.7
119 6697 6.7
119 6698 6.7
119 6699 6.7
119 6700 6.7
119 6701 6.7
119 6702 6.7
119 6703 6.7
119 6704 6.7
119 6705 6.7
119 6706 6.7
119 6707 6.7
119 6708 6.7
119 6709 6.7
119 6710 6.7
119 6711 6.7
119 6712 6.7
119 6713 6.7
119 6714 6.7
119 6715 6.7
119 6716 6.7
119 6717 6.7
120 6718 6.7
120 6719 6.7
120 6720 6.7
120 6721 6.7
120 6722 6.7
120 6723 6.7
120 6724 6.7
120 6725 6.7
120 6726 6.7
120 6727 6.7
120 6728 6.7
120 6729 6.7
120 6730 6.7
120 6731 6.7
120 6732 6.7
120 6733 6.7
120 6734 6.7
120 6735 6.7
120 6736 6.7
120 6737 6.7
120 6738 6.7
120 6739 6.7
120 6740 6.7
120 6741 6.7
120 6742 6.7
120 6743 6.7
120 6744 6.7
120 6745 6.7
120 6746 6.7
120 6747 6.7
120 6748 6.7
120 6749 6.7
120 6750 6.7
120 6751 6.7
120 6752 6.7
120 6753 6.7
120 6754 6.7
120 6755 6.7
120 6756 6.7
120 6757 6.7
120 6758 6.7
120 6759 6.7
120 6760 6.7
120 6761 6.7
120 6762 6.7
120 6763 6.7
120 6764 6.7
120 6765 6.7
120 6766 6.7
120 6767 6.7
120 6768 6.7
120 6769 6.7
120 6770 6.7
120 6771 6.7
120 6772 6.7
120 6773 6.7
120 6774 6.7
120 6775 6.7
120 6776 6.7
120 6777 6.7
120 6778 6.7
120 6779 6.7
120 6780 6.7
121 6781 6.7
