0 1 -0.0
0 2 0.0
0 3 -0.0
0 4 0.0
0 5 0.0
0 6 0.0
1 7 -0.0
1 8 0.0
1 9 -0.0
1 10 0.0
1 11 0.0
1 12 0.0
1 13 0.0
1 14 -0.0
1 15 -0.0
1 16 -0.0
1 17 0.0
1 18 -0.0
1 19 0.0
1 20 0.0
1 21 0.0
1 22 0.0
1 23 0.0
1 24 0.0
1 25 0.0
1 26 0.0
1 27 0.0
1 28 -0.0
1 29 0.0
1 30 0.0
1 31 0.0
1 32 0.0
1 33 -0.0
1 34 0.0
1 35 0.0
1 36 0.0
1 37 0.0
1 38 0.0
1 39 0.0
1 40 0.0
1 41 0.0
1 42 0.0
1 43 0.0
1 44 0.0
1 45 0.0
1 46 0.0
1 47 0.0
1 48 0.0
1 49 0.0
1 50 0.0
1 51 0.0
1 52 0.0
1 53 0.0
1 54 0.0
2 55 0.0
2 56 0.0
2 57 0.0
2 58 0.0
2 59 0.0
2 60 0.0
2 61 0.0
2 62 0.0
2 63 0.0
2 64 0.0
2 65 0.0
2 66 0.0
2 67 0.0
2 68 0.0
2 69 0.0
2 70 0.0
2 71 0.0
2 72 0.0
2 73 0.0
2 74 0.0
2 75 0.0
2 76 -0.0
2 77 0.0
2 78 0.0
2 79 0.0
2 80 0.0
2 81 0.0
2 82 0.0
2 83 0.0
2 84 0.0
2 85 -0.0
2 86 0.0
2 87 0.0
2 88 0.0
2 89 0.0
2 90 0.0
2 91 0.0
2 92 0.0
2 93 0.0
2 94 0.0
2 95 0.0
2 96 0.0
2 97 0.0
2 98 0.0
2 99 0.0
2 100 0.0
2 101 0.0
2 102 -0.0
2 103 0.0
3 104 0.0
3 105 -0.0
3 106 -0.0
3 107 -0.0
3 108 -0.0
3 109 -0.0
3 110 -0.0
3 111 -0.0
3 112 -0.0
3 113 -0.0
3 114 -0.0
3 115 -0.0
3 116 -0.0
3 117 -0.0
3 118 -0.0
3 119 -0.0
3 120 -0.0
3 121 -0.0
3 122 -0.0
3 123 -0.0
3 124 -0.0
3 125 -0.0
3 126 -0.0
3 127 0.0
3 128 -0.0
3 129 -0.0
3 130 -0.0
3 131 -0.0
3 132 -0.0
3 133 -0.0
3 134 -0.0
3 135 -0.0
3 136 -0.0
3 137 -0.0
3 138 -0.0
3 139 -0.0
3 140 -0.0
3 141 -0.0
3 142 -0.0
3 143 -0.0
3 144 -0.0
3 145 -0.0
3 146 -0.0
3 147 -0.0
4 148 -0.0
4 149 -0.0
4 150 -0.0
4 151 -0.0
4 152 -0.0
4 153 -0.0
4 154 -0.0
4 155 -0.0
4 156 -0.0
4 157 -0.0
4 158 -0.0
4 159 -0.0
4 160 -0.0
4 161 -0.0
4 162 -0.0
4 163 -0.0
4 164 -0.0
4 165 -0.0
4 166 -0.0
4 167 -0.0
4 168 -0.0
4 169 -0.0
4 170 -0.0
4 171 -0.0
4 172 -0.0
4 173 -0.0
4 174 -0.0
4 175 -0.0
4 176 0.0
4 177 -0.0
4 178 -0.0
4 179 -0.0
4 180 -0.0
4 181 0.0
4 182 0.0
4 183 -0.0
4 184 0.0
4 185 -0.0
4 186 0.0
4 187 -0.0
4 188 -0.0
4 189 -0.0
4 190 -0.0
4 191 -0.0
4 192 -0.0
4 193 -0.0
4 194 -0.0
4 195 -0.0
4 196 -0.0
4 197 -0.0
4 198 -0.0
4 199 -0.0
4 200 -0.0
5 201 -0.0
5 202 -0.0
5 203 -0.0
5 204 -0.0
5 205 -0.0
5 206 -0.0
5 207 -0.0
5 208 -0.0
5 209 -0.0
5 210 -0.0
5 211 -0.0
5 212 -0.0
5 213 -0.0
5 214 -0.0
5 215 0.0
5 216 -0.0
5 217 -0.0
5 218 -0.0
5 219 -0.0
5 220 -0.0
5 221 -0.0
5 222 -0.0
5 223 -0.0
5 224 -0.0
5 225 -0.0
5 226 -0.0
5 227 -0.0
5 228 -0.0
5 229 -0.0
5 230 -0.0
5 231 -0.0
5 232 -0.0
5 233 -0.0
5 234 -0.0
5 235 -0.0
5 236 -0.0
5 237 -0.0
5 238 -0.0
5 239 -0.0
5 240 -0.0
5 241 -0.0
5 242 -0.0
5 243 -0.0
5 244 -0.0
5 245 -0.0
5 246 -0.0
6 247 -0.0
6 248 -0.0
6 249 -0.0
6 250 -0.0
6 251 -0.0
6 252 -0.0
6 253 -0.0
6 254 -0.0
6 255 0.0
6 256 0.0
6 257 0.0
6 258 0.0
6 259 -0.0
6 260 -0.0
6 261 0.0
6 262 -0.0
6 263 -0.0
6 264 -0.0
6 265 -0.0
6 266 -0.0
6 267 -0.0
6 268 -0.0
6 269 -0.0
6 270 -0.0
6 271 -0.0
6 272 -0.0
6 273 -0.0
6 274 0.0
6 275 -0.0
6 276 -0.0
6 277 -0.0
6 278 -0.0
6 279 -0.0
6 280 -0.0
6 281 -0.0
6 282 -0.0
6 283 -0.0
6 284 -0.0
6 285 -0.0
6 286 -0.0
6 287 -0.0
6 288 -0.0
6 289 -0.0
6 290 -0.0
6 291 -0.0
6 292 -0.0
6 293 -0.0
6 294 -0.0
7 295 -0.0
7 296 -0.0
7 297 -0.0
7 298 -0.0
7 299 -0.0
7 300 -0.0
7 301 -0.0
7 302 -0.0
7 303 -0.0
7 304 -0.0
7 305 -0.0
7 306 -0.0
7 307 -0.0
7 308 -0.0
7 309 -0.0
7 310 -0.0
7 311 0.0
7 312 -0.0
7 313 -0.0
7 314 -0.0
7 315 -0.0
7 316 -0.0
7 317 -0.0
7 318 -0.0
7 319 -0.0
7 320 -0.0
7 321 -0.0
7 322 -0.0
7 323 -0.0
7 324 -0.0
7 325 -0.0
7 326 -0.0
7 327 -0.0
7 328 -0.0
7 329 -0.0
7 330 -0.0
7 331 -0.0
7 332 -0.0
7 333 0.0
7 334 -0.0
7 335 -0.0
7 336 -0.0
8 337 -0.0
8 338 -0.0
8 339 0.0
8 340 0.0
8 341 -0.0
8 342 -0.0
8 343 -0.0
8 344 0.0
8 345 -0.0
8 346 0.0
8 347 -0.0
8 348 -0.0
8 349 -0.0
8 350 -0.0
8 351 -0.0
8 352 -0.0
8 353 -0.0
8 354 -0.0
8 355 -0.0
8 356 0.0
8 357 -0.0
8 358 -0.0
8 359 -0.0
8 360 -0.0
8 361 0.0
8 362 0.0
8 363 0.0
8 364 -0.0
8 365 -0.0
8 366 -0.0
8 367 -0.0
8 368 -0.0
8 369 -0.0
8 370 -0.0
8 371 -0.0
8 372 -0.0
8 373 -0.0
8 374 -0.0
8 375 -0.0
8 376 -0.0
8 377 -0.0
8 378 -0.0
8 379 -0.0
8 380 -0.0
8 381 -0.0
8 382 -0.0
9 383 -0.0
9 384 -0.0
9 385 -0.0
9 386 -0.0
9 387 -0.0
9 388 -0.0
9 389 -0.0
9 390 -0.0
9 391 -0.0
9 392 -0.0
9 393 -0.0
9 394 -0.0
9 395 -0.0
9 396 -0.0
9 397 -0.0
9 398 -0.0
9 399 -0.0
9 400 -0.0
9 401 -0.0
9 402 -0.0
9 403 -0.0
9 404 -0.0
9 405 -0.0
9 406 -0.0
9 407 -0.0
9 408 -0.0
9 409 -0.0
9 410 -0.0
9 411 -0.0
9 412 -0.0
9 413 -0.0
9 414 -0.0
9 415 -0.0
9 416 -0.0
9 417 -0.0
9 418 -0.0
9 419 -0.0
9 420 -0.0
9 421 -0.0
9 422 -0.0
9 423 -0.0
9 424 -0.0
9 425 -0.0
9 426 -0.0
9 427 -0.0
9 428 -0.0
9 429 -0.0
9 430 -0.0
9 431 -0.0
9 432 -0.0
9 433 -0.0
9 434 -0.0
9 435 -0.0
10 436 -0.0
10 437 -0.0
10 438 -0.0
10 439 -0.0
10 440 -0.0
10 441 -0.0
10 442 -0.0
10 443 -0.0
10 444 -0.0
10 445 -0.0
10 446 -0.0
10 447 -0.0
10 448 -0.0
10 449 -0.0
10 450 -0.0
10 451 -0.0
10 452 -0.0
10 453 -0.0
10 454 -0.0
10 455 0.0
10 456 -0.0
10 457 -0.0
10 458 -0.0
10 459 -0.0
10 460 -0.0
10 461 -0.0
10 462 -0.0
10 463 -0.0
10 464 -0.0
10 465 -0.0
10 466 -0.0
10 467 -0.0
10 468 -0.0
10 469 -0.0
10 470 -0.0
10 471 -0.0
10 472 -0.0
10 473 -0.0
10 474 -0.0
10 475 -0.0
10 476 -0.0
10 477 -0.0
10 478 -0.0
10 479 -0.0
10 480 -0.0
10 481 -0.0
10 482 -0.0
10 483 -0.0
10 484 -0.0
11 485 -0.0
11 486 -0.0
11 487 -0.0
11 488 -0.0
11 489 -0.0
11 490 -0.0
11 491 -0.0
11 492 -0.0
11 493 -0.0
11 494 -0.0
11 495 -0.0
11 496 -0.0
11 497 -0.0
11 498 -0.0
11 499 -0.0
11 500 -0.0
11 501 -0.0
11 502 -0.0
11 503 -0.0
11 504 -0.0
11 505 -0.0
11 506 -0.0
11 507 -0.0
11 508 -0.0
11 509 -0.0
11 510 -0.0
11 511 -0.0
11 512 0.0
11 513 -0.0
11 514 0.0
11 515 -0.0
11 516 0.0
11 517 -0.0
11 518 -0.0
11 519 -0.0
11 520 -0.0
11 521 -0.0
11 522 -0.0
11 523 -0.0
11 524 -0.0
11 525 -0.0
11 526 0.0
11 527 -0.0
11 528 -0.0
11 529 -0.0
11 530 -0.0
11 531 0.0
11 532 -0.0
11 533 0.0
11 534 0.0
11 535 -0.0
11 536 0.0
12 537 0.0
12 538 -0.0
12 539 -0.0
12 540 -0.0
12 541 0.0
12 542 0.0
12 543 0.0
12 544 0.0
12 545 0.0
12 546 0.0
12 547 0.0
12 548 0.0
12 549 0.0
12 550 0.0
12 551 0.0
12 552 0.0
12 553 0.0
12 554 0.0
12 555 0.0
12 556 0.0
12 557 0.0
12 558 0.0
12 559 0.0
12 560 -0.0
12 561 -0.0
12 562 -0.0
12 563 0.0
12 564 0.0
12 565 0.0
12 566 0.0
12 567 0.0
12 568 0.0
12 569 0.0
12 570 0.0
12 571 0.0
12 572 0.0
12 573 0.0
12 574 0.0
12 575 0.0
12 576 0.0
12 577 0.0
12 578 0.0
12 579 0.0
12 580 0.0
12 581 0.0
12 582 0.0
12 583 0.0
12 584 0.0
12 585 0.0
12 586 0.0
12 587 0.0
12 588 0.0
12 589 0.0
13 590 0.0
13 591 0.0
13 592 0.0
13 593 0.0
13 594 0.0
13 595 0.0
13 596 0.0
13 597 0.0
13 598 0.0
13 599 0.0
13 600 0.0
13 601 0.0
13 602 0.0
13 603 -0.0
13 604 0.0
13 605 0.0
13 606 0.0
13 607 0.0
13 608 0.0
13 609 0.0
13 610 0.0
13 611 0.0
13 612 0.0
13 613 0.0
13 614 0.0
13 615 0.0
13 616 0.0
13 617 0.0
13 618 0.0
13 619 0.0
13 620 0.0
13 621 0.0
13 622 0.0
13 623 0.0
13 624 0.0
13 625 0.0
13 626 0.0
13 627 0.0
13 628 0.0
13 629 0.0
13 630 -0.0
13 631 0.0
13 632 0.0
13 633 0.0
13 634 0.0
14 635 0.0
14 636 -0.0
14 637 0.0
14 638 -0.0
14 639 -0.0
14 640 0.0
14 641 -0.0
14 642 0.0
14 643 -0.0
14 644 -0.0
14 645 0.0
14 646 0.0
14 647 -0.0
14 648 -0.0
14 649 0.0
14 650 -0.0
14 651 0.0
14 652 0.0
14 653 -0.0
14 654 -0.0
14 655 -0.0
14 656 -0.0
14 657 0.0
14 658 -0.0
14 659 -0.0
14 660 -0.0
14 661 0.0
14 662 0.0
14 663 -0.0
14 664 0.0
14 665 -0.0
14 666 0.0
14 667 0.0
14 668 0.0
14 669 0.0
14 670 0.0
14 671 -0.0
14 672 0.0
14 673 -0.0
14 674 -0.0
14 675 0.0
14 676 0.0
14 677 0.0
14 678 0.0
14 679 0.0
14 680 0.0
14 681 0.0
14 682 0.0
15 683 0.0
15 684 0.0
15 685 0.0
15 686 0.0
15 687 0.0
15 688 0.0
15 689 0.0
15 690 0.0
15 691 0.0
15 692 0.0
15 693 0.0
15 694 0.0
15 695 0.0
15 696 0.0
15 697 0.0
15 698 0.0
15 699 0.0
15 700 0.0
15 701 0.0
15 702 0.0
15 703 0.0
15 704 0.0
15 705 0.0
15 706 0.0
15 707 0.0
15 708 0.0
15 709 0.0
15 710 0.0
15 711 0.0
15 712 0.0
15 713 0.0
15 714 0.0
15 715 0.0
15 716 0.0
15 717 0.0
15 718 0.0
15 719 0.0
15 720 0.0
15 721 0.0
15 722 0.0
15 723 0.0
15 724 0.0
15 725 0.0
15 726 0.0
15 727 0.0
16 728 0.0
16 729 0.0
16 730 0.0
16 731 0.0
16 732 0.0
16 733 -0.0
16 734 0.0
16 735 0.0
16 736 0.0
16 737 0.0
16 738 0.0
16 739 0.0
16 740 0.0
16 741 0.0
16 742 0.0
16 743 0.0
16 744 0.0
16 745 0.0
16 746 -0.0
16 747 -0.0
16 748 -0.0
16 749 0.0
16 750 -0.0
16 751 -0.0
16 752 0.0
16 753 -0.0
16 754 -0.0
16 755 0.0
16 756 -0.0
16 757 -0.0
16 758 0.0
16 759 -0.0
16 760 -0.0
16 761 -0.0
16 762 -0.0
16 763 0.0
16 764 -0.0
16 765 -0.0
16 766 0.0
16 767 -0.0
16 768 0.0
16 769 -0.0
16 770 0.0
16 771 0.0
16 772 0.0
16 773 0.0
17 774 0.0
17 775 0.0
17 776 0.0
17 777 0.0
17 778 0.0
17 779 0.0
17 780 0.0
17 781 0.0
17 782 0.0
17 783 0.0
17 784 0.0
17 785 0.0
17 786 0.0
17 787 0.0
17 788 0.0
17 789 0.0
17 790 0.0
17 791 0.0
17 792 -0.0
17 793 0.0
17 794 0.0
17 795 0.0
17 796 -0.0
17 797 0.0
17 798 0.0
17 799 -0.0
17 800 0.0
17 801 0.0
17 802 -0.0
17 803 0.0
17 804 0.0
17 805 -0.0
17 806 0.0
17 807 -0.0
17 808 0.0
17 809 0.0
17 810 -0.0
17 811 0.0
17 812 0.0
17 813 0.0
17 814 0.0
17 815 0.0
17 816 0.0
18 817 0.0
18 818 0.0
18 819 -0.0
18 820 0.0
18 821 0.0
18 822 0.0
18 823 0.0
18 824 0.0
18 825 0.0
18 826 0.0
18 827 0.0
18 828 0.0
18 829 0.0
18 830 0.0
18 831 0.0
18 832 0.0
18 833 0.0
18 834 0.0
18 835 0.0
18 836 0.0
18 837 0.0
18 838 0.0
18 839 0.0
18 840 0.0
18 841 0.0
18 842 -0.0
18 843 0.0
18 844 0.0
18 845 0.0
18 846 0.0
18 847 0.0
18 848 0.0
18 849 0.0
18 850 0.0
18 851 0.0
18 852 0.0
18 853 0.0
18 854 0.0
18 855 0.0
18 856 0.0
18 857 0.0
18 858 0.0
18 859 0.0
18 860 0.0
18 861 0.0
18 862 0.0
18 863 0.0
19 864 0.0
19 865 0.0
19 866 0.0
19 867 0.0
19 868 0.0
19 869 0.0
19 870 0.0
19 871 0.0
19 872 0.0
19 873 0.0
19 874 0.0
19 875 0.0
19 876 0.0
19 877 0.0
19 878 0.0
19 879 0.0
19 880 0.0
19 881 0.0
19 882 0.0
19 883 0.0
19 884 0.0
19 885 0.0
19 886 0.0
19 887 0.0
19 888 0.0
19 889 0.0
19 890 0.0
19 891 0.0
19 892 0.0
19 893 0.0
19 894 0.0
19 895 0.0
19 896 0.0
19 897 0.0
19 898 0.0
19 899 0.0
19 900 0.0
19 901 0.0
19 902 0.0
19 903 0.0
19 904 0.0
19 905 0.0
19 906 0.0
20 907 0.0
20 908 0.0
20 909 0.0
20 910 0.0
20 911 0.0
20 912 0.0
20 913 0.0
20 914 0.0
20 915 -0.0
20 916 0.0
20 917 0.0
20 918 -0.0
20 919 0.0
20 920 -0.0
20 921 -0.0
20 922 -0.0
20 923 -0.0
20 924 -0.0
20 925 -0.0
20 926 -0.0
20 927 -0.0
20 928 -0.0
20 929 -0.0
20 930 -0.0
20 931 -0.0
20 932 -0.0
20 933 -0.0
20 934 -0.0
20 935 -0.0
20 936 -0.0
20 937 -0.0
20 938 -0.0
20 939 -0.0
20 940 -0.0
20 941 -0.0
20 942 0.0
20 943 -0.0
20 944 -0.0
20 945 -0.0
20 946 -0.0
20 947 -0.0
20 948 -0.0
20 949 -0.0
20 950 -0.0
20 951 -0.0
20 952 -0.0
20 953 -0.0
20 954 -0.0
20 955 -0.0
20 956 -0.0
20 957 -0.0
21 958 -0.0
21 959 -0.0
21 960 -0.0
21 961 -0.0
21 962 -0.0
21 963 -0.0
21 964 -0.0
21 965 -0.0
21 966 -0.0
21 967 -0.0
21 968 -0.0
21 969 -0.0
21 970 -0.0
21 971 -0.0
21 972 -0.0
21 973 -0.0
21 974 -0.0
21 975 -0.0
21 976 -0.0
21 977 -0.0
21 978 -0.0
21 979 -0.0
21 980 -0.0
21 981 -0.0
21 982 -0.0
21 983 -0.0
21 984 -0.0
21 985 -0.0
21 986 -0.0
21 987 -0.0
21 988 -0.0
21 989 -0.0
21 990 -0.0
21 991 -0.0
21 992 -0.0
21 993 -0.0
21 994 -0.0
21 995 -0.0
21 996 -0.0
21 997 -0.0
21 998 -0.0
21 999 -0.0
21 1000 0.0
21 1001 0.0
21 1002 -0.0
21 1003 -0.0
21 1004 -0.0
21 1005 0.0
21 1006 -0.0
21 1007 -0.0
22 1008 -0.0
22 1009 -0.0
22 1010 -0.0
22 1011 -0.0
22 1012 -0.0
22 1013 -0.0
22 1014 -0.0
22 1015 -0.0
22 1016 -0.0
22 1017 -0.0
22 1018 -0.0
22 1019 -0.0
22 1020 -0.0
22 1021 -0.0
22 1022 -0.0
22 1023 -0.0
22 1024 -0.0
22 1025 -0.0
22 1026 -0.0
22 1027 -0.0
22 1028 -0.0
22 1029 -0.0
22 1030 -0.0
22 1031 -0.0
22 1032 -0.0
22 1033 -0.0
22 1034 -0.0
22 1035 -0.0
22 1036 -0.0
22 1037 -0.0
22 1038 -0.0
22 1039 -0.0
22 1040 -0.0
22 1041 -0.0
22 1042 -0.0
22 1043 -0.0
22 1044 -0.0
22 1045 -0.0
22 1046 -0.0
22 1047 -0.0
22 1048 -0.0
22 1049 -0.0
22 1050 -0.0
22 1051 -0.0
22 1052 -0.0
22 1053 -0.0
22 1054 -0.0
22 1055 -0.0
22 1056 -0.0
23 1057 -0.0
23 1058 -0.0
23 1059 -0.0
23 1060 -0.0
23 1061 -0.0
23 1062 0.0
23 1063 -0.0
23 1064 -0.0
23 1065 -0.0
23 1066 -0.0
23 1067 -0.0
23 1068 -0.0
23 1069 -0.0
23 1070 -0.0
23 1071 -0.0
23 1072 -0.0
23 1073 -0.0
23 1074 0.0
23 1075 -0.0
23 1076 -0.0
23 1077 -0.0
23 1078 -0.0
23 1079 -0.0
23 1080 0.0
23 1081 -0.0
23 1082 -0.0
23 1083 -0.0
23 1084 0.0
23 1085 0.0
23 1086 0.0
23 1087 0.0
23 1088 0.0
23 1089 -0.0
23 1090 -0.0
23 1091 -0.0
23 1092 -0.0
23 1093 -0.0
23 1094 -0.0
23 1095 -0.0
23 1096 -0.0
23 1097 -0.0
23 1098 -0.0
23 1099 -0.0
23 1100 -0.0
23 1101 0.0
23 1102 -0.0
23 1103 -0.0
23 1104 -0.0
23 1105 -0.0
23 1106 -0.0
24 1107 -0.0
24 1108 -0.0
24 1109 -0.0
24 1110 -0.0
24 1111 -0.0
24 1112 -0.0
24 1113 -0.0
24 1114 -0.0
24 1115 -0.0
24 1116 -0.0
24 1117 -0.0
24 1118 -0.0
24 1119 -0.0
24 1120 -0.0
24 1121 -0.0
24 1122 -0.0
24 1123 -0.0
24 1124 -0.0
24 1125 -0.0
24 1126 -0.0
24 1127 -0.0
24 1128 -0.0
24 1129 -0.0
24 1130 -0.0
24 1131 -0.0
24 1132 -0.0
24 1133 -0.0
24 1134 -0.0
24 1135 0.0
24 1136 -0.0
24 1137 -0.0
24 1138 -0.0
24 1139 -0.0
24 1140 -0.0
24 1141 -0.0
24 1142 -0.0
24 1143 0.0
24 1144 0.0
24 1145 -0.0
24 1146 0.0
24 1147 -0.0
24 1148 0.0
24 1149 -0.0
24 1150 0.0
24 1151 -0.0
25 1152 -0.0
25 1153 -0.0
25 1154 -0.0
25 1155 -0.0
25 1156 -0.0
25 1157 -0.0
25 1158 -0.0
25 1159 -0.0
25 1160 -0.0
25 1161 -0.0
25 1162 -0.0
25 1163 -0.0
25 1164 -0.0
25 1165 -0.0
25 1166 -0.0
25 1167 -0.0
25 1168 -0.0
25 1169 -0.0
25 1170 -0.0
25 1171 -0.0
25 1172 -0.0
25 1173 -0.0
25 1174 -0.0
25 1175 -0.0
25 1176 -0.0
25 1177 -0.0
25 1178 -0.0
25 1179 0.0
25 1180 -0.0
25 1181 -0.0
25 1182 0.0
25 1183 -0.0
25 1184 0.0
25 1185 -0.0
25 1186 -0.0
25 1187 -0.0
25 1188 -0.0
25 1189 -0.0
25 1190 -0.0
25 1191 0.0
25 1192 -0.0
25 1193 0.0
25 1194 -0.0
25 1195 -0.0
25 1196 -0.0
25 1197 -0.0
26 1198 0.0
26 1199 -0.0
26 1200 -0.0
26 1201 0.0
26 1202 -0.0
26 1203 -0.0
26 1204 0.0
26 1205 -0.0
26 1206 0.0
26 1207 0.0
26 1208 0.0
26 1209 -0.0
26 1210 -0.0
26 1211 -0.0
26 1212 0.0
26 1213 0.0
26 1214 0.0
26 1215 0.0
26 1216 0.0
26 1217 0.0
26 1218 0.0
26 1219 -0.0
26 1220 -0.0
26 1221 0.0
26 1222 0.0
26 1223 0.0
26 1224 0.0
26 1225 -0.0
26 1226 0.0
26 1227 0.0
26 1228 -0.0
26 1229 -0.0
26 1230 0.0
26 1231 -0.0
26 1232 0.0
26 1233 -0.0
26 1234 -0.0
26 1235 -0.0
26 1236 -0.0
26 1237 -0.0
26 1238 -0.0
26 1239 -0.0
26 1240 -0.0
26 1241 -0.0
26 1242 -0.0
26 1243 -0.0
26 1244 -0.0
26 1245 -0.0
26 1246 -0.0
27 1247 0.0
27 1248 -0.0
27 1249 -0.0
27 1250 -0.0
27 1251 -0.0
27 1252 -0.0
27 1253 -0.0
27 1254 -0.0
27 1255 -0.0
27 1256 -0.0
27 1257 -0.0
27 1258 -0.0
27 1259 -0.0
27 1260 -0.0
27 1261 -0.0
27 1262 0.0
27 1263 -0.0
27 1264 -0.0
27 1265 -0.0
27 1266 -0.0
27 1267 -0.0
27 1268 -0.0
27 1269 -0.0
27 1270 -0.0
27 1271 -0.0
27 1272 -0.0
27 1273 -0.0
27 1274 -0.0
27 1275 -0.0
27 1276 -0.0
27 1277 -0.0
27 1278 -0.0
27 1279 -0.0
27 1280 -0.0
27 1281 -0.0
27 1282 -0.0
27 1283 -0.0
27 1284 -0.0
27 1285 -0.0
27 1286 -0.0
27 1287 -0.0
27 1288 -0.0
27 1289 -0.0
27 1290 -0.0
27 1291 -0.0
27 1292 -0.0
27 1293 -0.0
27 1294 0.0
28 1295 -0.0
28 1296 -0.0
28 1297 0.0
28 1298 -0.0
28 1299 -0.0
28 1300 -0.0
28 1301 -0.0
28 1302 -0.0
28 1303 -0.0
28 1304 -0.0
28 1305 -0.0
28 1306 -0.0
28 1307 -0.0
28 1308 -0.0
28 1309 -0.0
28 1310 -0.0
28 1311 -0.0
28 1312 -0.0
28 1313 -0.0
28 1314 -0.0
28 1315 -0.0
28 1316 -0.0
28 1317 -0.0
28 1318 -0.0
28 1319 -0.0
28 1320 -0.0
28 1321 -0.0
28 1322 -0.0
28 1323 -0.0
28 1324 0.0
28 1325 -0.0
28 1326 0.0
28 1327 -0.0
28 1328 -0.0
28 1329 -0.0
28 1330 0.0
28 1331 -0.0
28 1332 -0.0
28 1333 0.0
28 1334 -0.0
28 1335 -0.0
28 1336 0.0
28 1337 0.0
28 1338 0.0
28 1339 0.0
28 1340 0.0
28 1341 0.0
28 1342 0.0
28 1343 0.0
28 1344 0.0
28 1345 0.0
28 1346 0.0
29 1347 0.0
29 1348 0.0
29 1349 0.0
29 1350 0.0
29 1351 0.0
29 1352 0.0
29 1353 0.0
29 1354 0.0
29 1355 0.0
29 1356 0.0
29 1357 0.0
29 1358 0.0
29 1359 0.0
29 1360 0.0
29 1361 0.0
29 1362 0.0
29 1363 0.0
29 1364 0.0
29 1365 0.0
29 1366 0.0
29 1367 0.0
29 1368 0.0
29 1369 0.0
29 1370 0.0
29 1371 0.0
29 1372 0.0
29 1373 0.0
29 1374 0.0
29 1375 0.0
29 1376 0.0
29 1377 0.0
29 1378 0.0
29 1379 0.0
29 1380 0.0
29 1381 0.0
29 1382 0.0
29 1383 0.0
29 1384 0.0
29 1385 0.0
29 1386 0.0
29 1387 0.0
29 1388 0.0
29 1389 0.0
30 1390 0.0
30 1391 0.0
30 1392 0.0
30 1393 0.0
30 1394 0.0
30 1395 0.0
30 1396 0.0
30 1397 0.0
30 1398 0.0
30 1399 0.0
30 1400 0.0
30 1401 0.0
30 1402 0.0
30 1403 0.0
30 1404 0.0
30 1405 0.0
30 1406 0.0
30 1407 0.0
30 1408 0.0
30 1409 0.0
30 1410 0.0
30 1411 0.0
30 1412 0.0
30 1413 0.0
30 1414 0.0
30 1415 0.0
30 1416 0.0
30 1417 0.0
30 1418 0.0
30 1419 0.0
30 1420 0.0
30 1421 0.0
30 1422 0.0
30 1423 0.0
30 1424 0.0
30 1425 0.0
30 1426 0.0
30 1427 0.0
30 1428 0.0
30 1429 0.0
30 1430 0.0
30 1431 0.0
30 1432 0.0
30 1433 0.0
30 1434 0.0
30 1435 0.0
30 1436 0.0
30 1437 -0.0
30 1438 -0.0
30 1439 -0.0
30 1440 0.0
30 1441 0.0
30 1442 -0.0
30 1443 0.0
30 1444 0.0
31 1445 0.0
31 1446 0.0
31 1447 0.0
31 1448 0.0
31 1449 0.0
31 1450 0.0
31 1451 0.0
31 1452 0.0
31 1453 0.0
31 1454 0.0
31 1455 -0.0
31 1456 0.0
31 1457 0.0
31 1458 0.0
31 1459 0.0
31 1460 -0.0
31 1461 0.0
31 1462 -0.0
31 1463 -0.0
31 1464 -0.0
31 1465 -0.0
31 1466 0.0
31 1467 -0.0
31 1468 -0.0
31 1469 -0.0
31 1470 -0.0
31 1471 0.0
31 1472 -0.0
31 1473 -0.0
31 1474 -0.0
31 1475 0.0
31 1476 0.0
31 1477 -0.0
31 1478 -0.0
31 1479 0.0
31 1480 -0.0
31 1481 -0.0
31 1482 -0.0
31 1483 -0.0
31 1484 -0.0
31 1485 -0.0
31 1486 0.0
31 1487 0.0
31 1488 -0.0
31 1489 0.0
31 1490 0.0
31 1491 0.0
31 1492 -0.0
31 1493 -0.0
31 1494 0.0
31 1495 -0.0
31 1496 -0.0
32 1497 0.0
32 1498 0.0
32 1499 0.0
32 1500 -0.0
32 1501 0.0
32 1502 0.0
32 1503 0.0
32 1504 0.0
32 1505 0.0
32 1506 0.0
32 1507 0.0
32 1508 0.0
32 1509 0.0
32 1510 0.0
32 1511 0.0
32 1512 0.0
32 1513 0.0
32 1514 0.0
32 1515 -0.0
32 1516 0.0
32 1517 -0.0
32 1518 0.0
32 1519 -0.0
32 1520 -0.0
32 1521 -0.0
32 1522 0.0
32 1523 0.0
32 1524 0.0
32 1525 0.0
32 1526 0.0
32 1527 0.0
32 1528 0.0
32 1529 0.0
32 1530 0.0
32 1531 0.0
32 1532 0.0
32 1533 0.0
32 1534 0.0
32 1535 0.0
32 1536 0.0
32 1537 0.0
32 1538 0.0
32 1539 0.0
32 1540 0.0
32 1541 0.0
32 1542 0.0
32 1543 0.0
32 1544 0.0
32 1545 0.0
32 1546 0.0
32 1547 0.0
32 1548 0.0
32 1549 0.0
33 1550 0.0
33 1551 -0.0
33 1552 0.0
33 1553 0.0
33 1554 -0.0
33 1555 0.0
33 1556 0.0
33 1557 -0.0
33 1558 -0.0
33 1559 -0.0
33 1560 -0.0
33 1561 -0.0
33 1562 -0.0
33 1563 -0.0
33 1564 -0.0
33 1565 -0.0
33 1566 -0.0
33 1567 -0.0
33 1568 -0.0
33 1569 -0.0
33 1570 -0.0
33 1571 -0.0
33 1572 -0.0
33 1573 -0.0
33 1574 -0.0
33 1575 -0.0
33 1576 -0.0
33 1577 -0.0
33 1578 -0.0
33 1579 -0.0
33 1580 0.0
33 1581 0.0
33 1582 0.0
33 1583 0.0
33 1584 0.0
33 1585 -0.0
33 1586 0.0
33 1587 0.0
33 1588 0.0
33 1589 0.0
33 1590 0.0
33 1591 0.0
33 1592 0.0
33 1593 0.0
33 1594 0.0
33 1595 0.0
34 1596 0.0
34 1597 -0.0
34 1598 0.0
34 1599 0.0
34 1600 0.0
34 1601 0.0
34 1602 -0.0
34 1603 0.0
34 1604 0.0
34 1605 0.0
34 1606 -0.0
34 1607 0.0
34 1608 0.0
34 1609 0.0
34 1610 0.0
34 1611 0.0
34 1612 0.0
34 1613 0.0
34 1614 0.0
34 1615 0.0
34 1616 0.0
34 1617 0.0
34 1618 0.0
34 1619 0.0
34 1620 0.0
34 1621 0.0
34 1622 0.0
34 1623 -0.0
34 1624 0.0
34 1625 0.0
34 1626 0.0
34 1627 0.0
34 1628 -0.0
34 1629 -0.0
34 1630 -0.0
34 1631 -0.0
34 1632 -0.0
34 1633 -0.0
34 1634 -0.0
34 1635 -0.0
34 1636 -0.0
34 1637 -0.0
34 1638 -0.0
34 1639 -0.0
34 1640 -0.0
34 1641 -0.0
34 1642 -0.0
34 1643 -0.0
34 1644 -0.0
34 1645 -0.0
34 1646 -0.0
34 1647 -0.0
34 1648 -0.0
35 1649 -0.0
35 1650 -0.0
35 1651 -0.0
35 1652 -0.0
35 1653 -0.0
35 1654 -0.0
35 1655 -0.0
35 1656 -0.0
35 1657 -0.0
35 1658 -0.0
35 1659 -0.0
35 1660 -0.0
35 1661 0.0
35 1662 -0.0
35 1663 -0.0
35 1664 0.0
35 1665 -0.0
35 1666 -0.0
35 1667 -0.0
35 1668 -0.0
35 1669 -0.0
35 1670 -0.0
35 1671 0.0
35 1672 -0.0
35 1673 0.0
35 1674 0.0
35 1675 -0.0
35 1676 -0.0
35 1677 -0.0
35 1678 -0.0
35 1679 -0.0
35 1680 -0.0
35 1681 -0.0
35 1682 -0.0
35 1683 0.0
35 1684 -0.0
35 1685 0.0
35 1686 0.0
35 1687 -0.0
35 1688 0.0
35 1689 0.0
35 1690 -0.0
35 1691 0.0
35 1692 0.0
35 1693 0.0
35 1694 0.0
35 1695 0.0
35 1696 0.0
35 1697 0.0
35 1698 0.0
36 1699 0.0
36 1700 0.0
36 1701 0.0
36 1702 0.0
36 1703 0.0
36 1704 0.0
36 1705 0.0
36 1706 0.0
36 1707 0.0
36 1708 0.0
36 1709 0.0
36 1710 0.0
36 1711 0.0
36 1712 0.0
36 1713 0.0
36 1714 0.0
36 1715 0.0
36 1716 0.0
36 1717 0.0
36 1718 0.0
36 1719 0.0
36 1720 0.0
36 1721 0.0
36 1722 0.0
36 1723 0.0
36 1724 0.0
36 1725 0.0
36 1726 -0.0
36 1727 0.0
36 1728 0.0
36 1729 0.0
36 1730 -0.0
36 1731 -0.0
36 1732 -0.0
36 1733 -0.0
36 1734 0.0
36 1735 -0.0
36 1736 0.0
36 1737 -0.0
36 1738 0.0
36 1739 -0.0
36 1740 0.0
36 1741 0.0
36 1742 0.0
36 1743 -0.0
36 1744 -0.0
36 1745 0.0
36 1746 0.0
36 1747 0.0
37 1748 -0.0
37 1749 -0.0
37 1750 0.0
37 1751 0.0
37 1752 0.0
37 1753 -0.0
37 1754 -0.0
37 1755 0.0
37 1756 0.0
37 1757 -0.0
37 1758 -0.0
37 1759 0.0
37 1760 0.0
37 1761 0.0
37 1762 0.0
37 1763 -0.0
37 1764 -0.0
37 1765 -0.0
37 1766 -0.0
37 1767 -0.0
37 1768 -0.0
37 1769 0.0
37 1770 -0.0
37 1771 -0.0
37 1772 -0.0
37 1773 -0.0
37 1774 -0.0
37 1775 -0.0
37 1776 -0.0
37 1777 -0.0
37 1778 -0.0
37 1779 -0.0
37 1780 -0.0
37 1781 -0.0
37 1782 -0.0
37 1783 -0.0
37 1784 -0.0
37 1785 -0.0
37 1786 -0.0
37 1787 -0.0
37 1788 -0.0
37 1789 -0.0
37 1790 -0.0
37 1791 -0.0
37 1792 -0.0
37 1793 -0.0
37 1794 -0.0
37 1795 -0.0
37 1796 -0.0
37 1797 -0.0
37 1798 -0.0
38 1799 -0.0
38 1800 -0.0
38 1801 -0.0
38 1802 -0.0
38 1803 -0.0
38 1804 -0.0
38 1805 -0.0
38 1806 -0.0
38 1807 -0.0
38 1808 -0.0
38 1809 -0.0
38 1810 -0.0
38 1811 -0.0
38 1812 -0.0
38 1813 -0.0
38 1814 -0.0
38 1815 -0.0
38 1816 -0.0
38 1817 -0.0
38 1818 -0.0
38 1819 -0.0
38 1820 -0.0
38 1821 -0.0
38 1822 -0.0
38 1823 -0.0
38 1824 -0.0
38 1825 -0.0
38 1826 -0.0
38 1827 -0.0
38 1828 -0.0
38 1829 -0.0
38 1830 -0.0
38 1831 -0.0
38 1832 -0.0
38 1833 -0.0
38 1834 -0.0
38 1835 -0.0
38 1836 -0.0
38 1837 -0.0
38 1838 -0.0
38 1839 -0.0
38 1840 -0.0
38 1841 -0.0
38 1842 -0.0
38 1843 -0.0
38 1844 -0.0
38 1845 -0.0
38 1846 -0.0
38 1847 -0.0
38 1848 -0.0
39 1849 -0.0
39 1850 -0.0
39 1851 -0.0
39 1852 -0.0
39 1853 -0.0
39 1854 -0.0
39 1855 -0.0
39 1856 -0.0
39 1857 -0.0
39 1858 -0.0
39 1859 -0.0
39 1860 -0.0
39 1861 -0.0
39 1862 -0.0
39 1863 -0.0
39 1864 -0.0
39 1865 0.0
39 1866 -0.0
39 1867 -0.0
39 1868 -0.0
39 1869 -0.0
39 1870 -0.0
39 1871 -0.0
39 1872 -0.0
39 1873 -0.0
39 1874 -0.0
39 1875 -0.0
39 1876 -0.0
39 1877 0.0
39 1878 -0.0
39 1879 0.0
39 1880 0.0
39 1881 -0.0
39 1882 -0.0
39 1883 -0.0
39 1884 -0.0
39 1885 -0.0
39 1886 -0.0
39 1887 -0.0
39 1888 -0.0
39 1889 -0.0
39 1890 -0.0
39 1891 -0.0
39 1892 -0.0
39 1893 -0.0
39 1894 -0.0
39 1895 -0.0
39 1896 -0.0
39 1897 -0.0
39 1898 -0.0
39 1899 -0.0
40 1900 -0.0
40 1901 -0.0
40 1902 -0.0
40 1903 -0.0
40 1904 -0.0
40 1905 -0.0
40 1906 0.0
40 1907 -0.0
40 1908 -0.0
40 1909 -0.0
40 1910 0.0
40 1911 0.0
40 1912 0.0
40 1913 -0.0
40 1914 0.0
40 1915 -0.0
40 1916 0.0
40 1917 -0.0
40 1918 -0.0
40 1919 0.0
40 1920 0.0
40 1921 0.0
40 1922 0.0
40 1923 0.0
40 1924 0.0
40 1925 -0.0
40 1926 0.0
40 1927 0.0
40 1928 0.0
40 1929 0.0
40 1930 0.0
40 1931 0.0
40 1932 0.0
40 1933 0.0
40 1934 0.0
40 1935 0.0
40 1936 0.0
40 1937 -0.0
40 1938 0.0
40 1939 0.0
40 1940 0.0
40 1941 0.0
40 1942 -0.0
40 1943 0.0
40 1944 0.0
40 1945 0.0
40 1946 -0.0
40 1947 0.0
40 1948 -0.0
40 1949 0.0
40 1950 0.0
40 1951 -0.0
40 1952 0.0
41 1953 0.0
41 1954 0.0
41 1955 0.0
41 1956 0.0
41 1957 -0.0
41 1958 -0.0
41 1959 0.0
41 1960 0.0
41 1961 0.0
41 1962 0.0
41 1963 0.0
41 1964 0.0
41 1965 0.0
41 1966 0.0
41 1967 0.0
41 1968 0.0
41 1969 0.0
41 1970 0.0
41 1971 0.0
41 1972 0.0
41 1973 0.0
41 1974 0.0
41 1975 0.0
41 1976 0.0
41 1977 0.0
41 1978 0.0
41 1979 0.0
41 1980 0.0
41 1981 0.0
41 1982 0.0
41 1983 0.0
41 1984 0.0
41 1985 0.0
41 1986 0.0
41 1987 0.0
41 1988 0.0
41 1989 0.0
41 1990 0.0
41 1991 0.0
41 1992 0.0
41 1993 0.0
41 1994 0.0
41 1995 0.0
41 1996 0.0
41 1997 0.0
41 1998 0.0
41 1999 0.0
41 2000 0.0
41 2001 0.0
42 2002 0.0
42 2003 0.0
42 2004 0.0
42 2005 0.0
42 2006 0.0
42 2007 0.0
42 2008 0.0
42 2009 0.0
42 2010 0.0
42 2011 0.0
42 2012 0.0
42 2013 0.0
42 2014 0.0
42 2015 0.0
42 2016 -0.0
42 2017 0.0
42 2018 0.0
42 2019 0.0
42 2020 0.0
42 2021 0.0
42 2022 0.0
42 2023 0.0
42 2024 0.0
42 2025 0.0
42 2026 0.0
42 2027 0.0
42 2028 0.0
42 2029 0.0
42 2030 0.0
42 2031 0.0
42 2032 0.0
42 2033 0.0
42 2034 0.0
42 2035 0.0
42 2036 0.0
42 2037 0.0
42 2038 0.0
42 2039 0.0
42 2040 0.0
42 2041 0.0
42 2042 0.0
42 2043 0.0
42 2044 0.0
42 2045 0.0
42 2046 0.0
42 2047 0.0
42 2048 0.0
42 2049 0.0
42 2050 -0.0
42 2051 -0.0
42 2052 0.0
43 2053 0.0
43 2054 0.0
43 2055 -0.0
43 2056 -0.0
43 2057 -0.0
43 2058 -0.0
43 2059 -0.0
43 2060 -0.0
43 2061 0.0
43 2062 0.0
43 2063 0.0
43 2064 -0.0
43 2065 -0.0
43 2066 -0.0
43 2067 0.0
43 2068 -0.0
43 2069 -0.0
43 2070 -0.0
43 2071 0.0
43 2072 0.0
43 2073 -0.0
43 2074 -0.0
43 2075 -0.0
43 2076 0.0
43 2077 -0.0
43 2078 -0.0
43 2079 -0.0
43 2080 -0.0
43 2081 -0.0
43 2082 -0.0
43 2083 -0.0
43 2084 -0.0
43 2085 -0.0
43 2086 -0.0
43 2087 -0.0
43 2088 -0.0
43 2089 -0.0
43 2090 -0.0
43 2091 -0.0
43 2092 -0.0
43 2093 -0.0
43 2094 -0.0
43 2095 0.0
43 2096 -0.0
43 2097 -0.0
43 2098 -0.0
43 2099 -0.0
43 2100 -0.0
43 2101 0.0
43 2102 0.0
43 2103 -0.0
43 2104 -0.0
43 2105 -0.0
43 2106 -0.0
44 2107 -0.0
44 2108 -0.0
44 2109 -0.0
44 2110 -0.0
44 2111 -0.0
44 2112 -0.0
44 2113 -0.0
44 2114 -0.0
44 2115 -0.0
44 2116 -0.0
44 2117 -0.0
44 2118 0.0
44 2119 -0.0
44 2120 -0.0
44 2121 -0.0
44 2122 -0.0
44 2123 -0.0
44 2124 -0.0
44 2125 -0.0
44 2126 -0.0
44 2127 -0.0
44 2128 -0.0
44 2129 0.0
44 2130 -0.0
44 2131 -0.0
44 2132 -0.0
44 2133 -0.0
44 2134 -0.0
44 2135 -0.0
44 2136 -0.0
44 2137 -0.0
44 2138 -0.0
44 2139 -0.0
44 2140 -0.0
44 2141 -0.0
44 2142 -0.0
44 2143 -0.0
44 2144 -0.0
44 2145 -0.0
44 2146 -0.0
44 2147 -0.0
44 2148 -0.0
44 2149 -0.0
44 2150 -0.0
44 2151 -0.0
44 2152 -0.0
44 2153 -0.0
44 2154 -0.0
44 2155 -0.0
44 2156 -0.0
44 2157 -0.0
44 2158 -0.0
45 2159 -0.0
45 2160 -0.0
45 2161 -0.0
45 2162 -0.0
45 2163 0.0
45 2164 -0.0
45 2165 -0.0
45 2166 -0.0
45 2167 -0.0
45 2168 -0.0
45 2169 0.0
45 2170 -0.0
45 2171 -0.0
45 2172 0.0
45 2173 0.0
45 2174 0.0
45 2175 0.0
45 2176 0.0
45 2177 0.0
45 2178 0.0
45 2179 0.0
45 2180 0.0
45 2181 0.0
45 2182 0.0
45 2183 0.0
45 2184 0.0
45 2185 0.0
45 2186 0.0
45 2187 0.0
45 2188 0.0
45 2189 0.0
45 2190 0.0
45 2191 0.0
45 2192 0.0
45 2193 0.0
45 2194 0.0
45 2195 0.0
45 2196 0.0
45 2197 0.0
45 2198 0.0
45 2199 0.0
45 2200 0.0
45 2201 0.0
45 2202 0.0
45 2203 0.0
45 2204 0.0
45 2205 0.0
45 2206 0.0
45 2207 0.0
45 2208 0.0
45 2209 0.0
45 2210 0.0
45 2211 0.0
45 2212 0.0
45 2213 -0.0
45 2214 -0.0
46 2215 0.0
46 2216 0.0
46 2217 -0.0
46 2218 0.0
46 2219 -0.0
46 2220 -0.0
46 2221 -0.0
46 2222 0.0
46 2223 -0.0
46 2224 0.0
46 2225 -0.0
46 2226 0.0
46 2227 -0.0
46 2228 -0.0
46 2229 0.0
46 2230 0.0
46 2231 0.0
46 2232 -0.0
46 2233 0.0
46 2234 -0.0
46 2235 -0.0
46 2236 -0.0
46 2237 -0.0
46 2238 -0.0
46 2239 -0.0
46 2240 -0.0
46 2241 -0.0
46 2242 -0.0
46 2243 -0.0
46 2244 -0.0
46 2245 -0.0
46 2246 -0.0
46 2247 -0.0
46 2248 -0.0
46 2249 -0.0
46 2250 -0.0
46 2251 -0.0
46 2252 -0.0
46 2253 -0.0
46 2254 -0.0
46 2255 -0.0
46 2256 -0.0
46 2257 -0.0
46 2258 -0.0
46 2259 -0.0
46 2260 -0.0
46 2261 -0.0
46 2262 -0.0
46 2263 -0.0
46 2264 -0.0
46 2265 -0.0
46 2266 -0.0
46 2267 -0.0
47 2268 -0.0
47 2269 -0.0
47 2270 -0.0
47 2271 -0.0
47 2272 -0.0
47 2273 -0.0
47 2274 -0.0
47 2275 -0.0
47 2276 -0.0
47 2277 -0.0
47 2278 -0.0
47 2279 -0.0
47 2280 -0.0
47 2281 -0.0
47 2282 -0.0
47 2283 -0.0
47 2284 -0.0
47 2285 -0.0
47 2286 -0.0
47 2287 -0.0
47 2288 -0.0
47 2289 -0.0
47 2290 -0.0
47 2291 -0.0
47 2292 -0.0
47 2293 -0.0
47 2294 -0.0
47 2295 -0.0
47 2296 -0.0
47 2297 -0.0
47 2298 -0.0
47 2299 -0.0
47 2300 -0.0
47 2301 -0.0
47 2302 -0.0
47 2303 -0.0
47 2304 -0.0
47 2305 -0.0
47 2306 -0.0
47 2307 -0.0
47 2308 -0.0
47 2309 -0.0
47 2310 -0.0
47 2311 -0.0
47 2312 -0.0
47 2313 -0.0
47 2314 -0.0
47 2315 -0.0
47 2316 -0.0
47 2317 -0.0
47 2318 -0.0
47 2319 -0.0
47 2320 -0.0
48 2321 -0.0
48 2322 -0.0
48 2323 -0.0
48 2324 -0.0
48 2325 -0.0
48 2326 -0.0
48 2327 -0.0
48 2328 -0.0
48 2329 -0.0
48 2330 -0.0
48 2331 -0.0
48 2332 -0.0
48 2333 -0.0
48 2334 -0.0
48 2335 -0.0
48 2336 -0.0
48 2337 -0.0
48 2338 0.0
48 2339 -0.0
48 2340 0.0
48 2341 0.0
48 2342 -0.0
48 2343 -0.0
48 2344 -0.0
48 2345 0.0
48 2346 -0.0
48 2347 0.0
48 2348 0.0
48 2349 0.0
48 2350 -0.0
48 2351 -0.0
48 2352 -0.0
48 2353 -0.0
48 2354 -0.0
48 2355 -0.0
48 2356 -0.0
48 2357 -0.0
48 2358 -0.0
48 2359 -0.0
48 2360 -0.0
48 2361 -0.0
48 2362 -0.0
48 2363 -0.0
48 2364 -0.0
48 2365 -0.0
48 2366 -0.0
48 2367 -0.0
48 2368 -0.0
48 2369 -0.0
48 2370 -0.0
48 2371 -0.0
48 2372 -0.0
49 2373 0.0
49 2374 -0.0
49 2375 -0.0
49 2376 -0.0
49 2377 -0.0
49 2378 -0.0
49 2379 -0.0
49 2380 -0.0
49 2381 -0.0
49 2382 -0.0
49 2383 -0.0
49 2384 -0.0
49 2385 -0.0
49 2386 -0.0
49 2387 0.0
49 2388 0.0
49 2389 0.0
49 2390 -0.0
49 2391 -0.0
49 2392 -0.0
49 2393 0.0
49 2394 -0.0
49 2395 -0.0
49 2396 -0.0
49 2397 -0.0
49 2398 0.0
49 2399 0.0
49 2400 -0.0
49 2401 0.0
49 2402 0.0
49 2403 0.0
49 2404 0.0
49 2405 -0.0
49 2406 -0.0
49 2407 -0.0
49 2408 -0.0
49 2409 0.0
49 2410 -0.0
49 2411 -0.0
49 2412 -0.0
49 2413 -0.0
49 2414 0.0
49 2415 0.0
49 2416 -0.0
49 2417 -0.0
49 2418 0.0
49 2419 -0.0
49 2420 -0.0
49 2421 0.0
49 2422 -0.0
49 2423 -0.0
50 2424 -0.0
50 2425 -0.0
50 2426 -0.0
50 2427 -0.0
50 2428 -0.0
50 2429 -0.0
50 2430 -0.0
50 2431 -0.0
50 2432 -0.0
50 2433 -0.0
50 2434 -0.0
50 2435 -0.0
50 2436 -0.0
50 2437 -0.0
50 2438 -0.0
50 2439 -0.0
50 2440 0.0
50 2441 -0.0
50 2442 -0.0
50 2443 -0.0
50 2444 -0.0
50 2445 -0.0
50 2446 -0.0
50 2447 -0.0
50 2448 -0.0
50 2449 -0.0
50 2450 -0.0
50 2451 -0.0
50 2452 -0.0
50 2453 -0.0
50 2454 -0.0
50 2455 -0.0
50 2456 -0.0
50 2457 0.0
50 2458 0.0
50 2459 -0.0
50 2460 -0.0
50 2461 -0.0
50 2462 -0.0
50 2463 -0.0
50 2464 -0.0
50 2465 -0.0
50 2466 -0.0
50 2467 -0.0
50 2468 -0.0
50 2469 -0.0
50 2470 -0.0
50 2471 -0.0
50 2472 -0.0
50 2473 -0.0
50 2474 0.0
50 2475 -0.0
50 2476 0.0
51 2477 0.0
51 2478 0.0
51 2479 0.0
51 2480 -0.0
51 2481 -0.0
51 2482 -0.0
51 2483 -0.0
51 2484 0.0
51 2485 0.0
51 2486 -0.0
51 2487 -0.0
51 2488 -0.0
51 2489 -0.0
51 2490 -0.0
51 2491 0.0
51 2492 0.0
51 2493 -0.0
51 2494 0.0
51 2495 0.0
51 2496 0.0
51 2497 -0.0
51 2498 0.0
51 2499 0.0
51 2500 0.0
51 2501 0.0
51 2502 0.0
51 2503 0.0
51 2504 0.0
51 2505 0.0
51 2506 0.0
51 2507 0.0
51 2508 0.0
51 2509 0.0
51 2510 0.0
51 2511 0.0
51 2512 0.0
51 2513 0.0
51 2514 0.0
51 2515 0.0
51 2516 0.0
51 2517 0.0
51 2518 0.0
51 2519 0.0
51 2520 0.0
51 2521 -0.0
51 2522 0.0
51 2523 0.0
51 2524 0.0
51 2525 0.0
51 2526 0.0
51 2527 0.0
51 2528 0.0
51 2529 0.0
51 2530 0.0
51 2531 0.0
52 2532 0.0
52 2533 0.0
52 2534 0.0
52 2535 0.0
52 2536 -0.0
52 2537 -0.0
52 2538 0.0
52 2539 0.0
52 2540 0.0
52 2541 -0.0
52 2542 -0.0
52 2543 -0.0
52 2544 -0.0
52 2545 -0.0
52 2546 -0.0
52 2547 -0.0
52 2548 -0.0
52 2549 -0.0
52 2550 -0.0
52 2551 -0.0
52 2552 -0.0
52 2553 -0.0
52 2554 -0.0
52 2555 -0.0
52 2556 0.0
52 2557 0.0
52 2558 0.0
52 2559 -0.0
52 2560 0.0
52 2561 0.0
52 2562 0.0
52 2563 -0.0
52 2564 0.0
52 2565 0.0
52 2566 0.0
52 2567 0.0
52 2568 0.0
52 2569 -0.0
52 2570 0.0
52 2571 0.0
52 2572 0.0
52 2573 0.0
52 2574 0.0
52 2575 0.0
52 2576 0.0
52 2577 -0.0
52 2578 -0.0
52 2579 0.0
52 2580 -0.0
52 2581 0.0
52 2582 0.0
53 2583 -0.0
53 2584 0.0
53 2585 0.0
53 2586 0.0
53 2587 0.0
53 2588 0.0
53 2589 0.0
53 2590 0.0
53 2591 0.0
53 2592 0.0
53 2593 0.0
53 2594 0.0
53 2595 0.0
53 2596 0.0
53 2597 0.0
53 2598 0.0
53 2599 0.0
53 2600 0.0
53 2601 0.0
53 2602 0.0
53 2603 0.0
53 2604 0.0
53 2605 0.0
53 2606 0.0
53 2607 0.0
53 2608 0.0
53 2609 0.0
53 2610 0.0
53 2611 0.0
53 2612 0.0
53 2613 0.0
53 2614 0.0
53 2615 0.0
53 2616 0.0
53 2617 0.0
53 2618 0.0
53 2619 -0.0
53 2620 0.0
53 2621 0.0
53 2622 0.0
53 2623 0.0
53 2624 0.0
53 2625 0.0
53 2626 0.0
53 2627 0.0
53 2628 0.0
53 2629 0.0
53 2630 0.0
53 2631 -0.0
53 2632 0.0
53 2633 0.0
53 2634 0.0
54 2635 0.0
54 2636 0.0
54 2637 0.0
54 2638 0.0
54 2639 0.0
54 2640 0.0
54 2641 0.0
54 2642 0.0
54 2643 0.0
54 2644 0.0
54 2645 0.0
54 2646 0.0
54 2647 0.0
54 2648 0.0
54 2649 0.0
54 2650 0.0
54 2651 0.0
54 2652 0.0
54 2653 0.0
54 2654 0.0
54 2655 0.0
54 2656 0.0
54 2657 0.0
54 2658 0.0
54 2659 0.0
54 2660 0.0
54 2661 0.0
54 2662 0.0
54 2663 0.0
54 2664 0.0
54 2665 0.0
54 2666 0.0
54 2667 0.0
54 2668 0.0
54 2669 0.0
54 2670 0.0
54 2671 0.0
54 2672 0.0
54 2673 0.0
54 2674 0.0
54 2675 0.0
54 2676 0.0
54 2677 0.0
54 2678 0.0
54 2679 0.0
54 2680 0.0
54 2681 0.0
54 2682 0.0
54 2683 0.0
54 2684 0.0
55 2685 0.0
55 2686 0.0
55 2687 0.0
55 2688 0.0
55 2689 0.0
55 2690 0.0
55 2691 0.0
55 2692 0.0
55 2693 0.0
55 2694 0.0
55 2695 0.0
55 2696 0.0
55 2697 0.0
55 2698 0.0
55 2699 0.0
55 2700 0.0
55 2701 0.0
55 2702 0.0
55 2703 0.0
55 2704 0.0
55 2705 0.0
55 2706 0.0
55 2707 0.0
55 2708 0.0
55 2709 0.0
55 2710 0.0
55 2711 0.0
55 2712 0.0
55 2713 0.0
55 2714 0.0
55 2715 0.0
55 2716 0.0
55 2717 0.0
55 2718 0.0
55 2719 0.0
55 2720 0.0
55 2721 0.0
55 2722 0.0
55 2723 0.0
55 2724 0.0
55 2725 0.0
55 2726 0.0
55 2727 0.0
55 2728 0.0
55 2729 0.0
55 2730 0.0
55 2731 0.0
55 2732 0.0
55 2733 0.0
55 2734 0.0
55 2735 0.0
56 2736 0.0
56 2737 0.0
56 2738 0.0
56 2739 0.0
56 2740 0.0
56 2741 0.0
56 2742 0.0
56 2743 0.0
56 2744 0.0
56 2745 0.0
56 2746 0.0
56 2747 0.0
56 2748 0.0
56 2749 0.0
56 2750 0.0
56 2751 0.0
56 2752 0.0
56 2753 0.0
56 2754 0.0
56 2755 0.0
56 2756 0.0
56 2757 0.0
56 2758 0.0
56 2759 0.0
56 2760 0.0
56 2761 0.0
56 2762 0.0
56 2763 0.0
56 2764 0.0
56 2765 0.0
56 2766 0.0
56 2767 0.0
56 2768 0.0
56 2769 -0.0
56 2770 -0.0
56 2771 0.0
56 2772 0.0
56 2773 0.0
56 2774 -0.0
56 2775 -0.0
56 2776 0.0
56 2777 -0.0
56 2778 0.0
56 2779 0.0
56 2780 -0.0
56 2781 -0.0
56 2782 -0.0
56 2783 -0.0
56 2784 -0.0
56 2785 -0.0
56 2786 -0.0
56 2787 -0.0
57 2788 0.0
57 2789 0.0
57 2790 0.0
57 2791 0.0
57 2792 0.0
57 2793 0.0
57 2794 0.0
57 2795 0.0
57 2796 0.0
57 2797 0.0
57 2798 0.0
57 2799 0.0
57 2800 0.0
57 2801 0.0
57 2802 0.0
57 2803 0.0
57 2804 0.0
57 2805 0.0
57 2806 0.0
57 2807 0.0
57 2808 0.0
57 2809 0.0
57 2810 0.0
57 2811 0.0
57 2812 0.0
57 2813 0.0
57 2814 0.0
57 2815 0.0
57 2816 0.0
57 2817 0.0
57 2818 0.0
57 2819 0.0
57 2820 0.0
57 2821 0.0
57 2822 0.0
57 2823 0.0
57 2824 0.0
57 2825 0.0
57 2826 0.0
57 2827 0.0
57 2828 0.0
57 2829 0.0
57 2830 0.0
57 2831 0.0
57 2832 0.0
57 2833 0.0
57 2834 0.0
57 2835 0.0
57 2836 0.0
57 2837 0.0
57 2838 0.0
58 2839 0.0
58 2840 0.0
58 2841 0.0
58 2842 0.0
58 2843 0.0
58 2844 0.0
58 2845 0.0
58 2846 0.0
58 2847 0.0
58 2848 0.0
58 2849 0.0
58 2850 0.0
58 2851 0.0
58 2852 0.0
58 2853 0.0
58 2854 0.0
58 2855 0.0
58 2856 0.0
58 2857 0.0
58 2858 0.0
58 2859 0.0
58 2860 0.0
58 2861 0.0
58 2862 0.0
58 2863 0.0
58 2864 0.0
58 2865 0.0
58 2866 0.0
58 2867 0.0
58 2868 0.0
58 2869 0.0
58 2870 0.0
58 2871 0.0
58 2872 0.0
58 2873 0.0
58 2874 0.0
58 2875 0.0
58 2876 0.0
58 2877 0.0
58 2878 0.0
58 2879 -0.0
58 2880 0.0
58 2881 0.0
58 2882 0.0
58 2883 0.0
58 2884 0.0
58 2885 0.0
58 2886 0.0
58 2887 0.0
58 2888 0.0
59 2889 0.0
59 2890 0.0
59 2891 0.0
59 2892 0.0
59 2893 0.0
59 2894 0.0
59 2895 0.0
59 2896 0.0
59 2897 0.0
59 2898 0.0
59 2899 0.0
59 2900 0.0
59 2901 0.0
59 2902 0.0
59 2903 0.0
59 2904 0.0
59 2905 0.0
59 2906 0.0
59 2907 0.0
59 2908 0.0
59 2909 0.0
59 2910 0.0
59 2911 0.0
59 2912 0.0
59 2913 0.0
59 2914 0.0
59 2915 0.0
59 2916 0.0
59 2917 0.0
59 2918 0.0
59 2919 0.0
59 2920 0.0
59 2921 0.0
59 2922 0.0
59 2923 0.0
59 2924 0.0
59 2925 0.0
59 2926 0.0
59 2927 0.0
59 2928 0.0
59 2929 0.0
59 2930 0.0
59 2931 -0.0
59 2932 0.0
59 2933 0.0
59 2934 0.0
59 2935 0.0
59 2936 0.0
59 2937 0.0
59 2938 0.0
59 2939 0.0
59 2940 0.0
60 2941 0.0
60 2942 0.0
60 2943 0.0
60 2944 -0.0
60 2945 0.0
60 2946 0.0
60 2947 0.0
60 2948 0.0
60 2949 0.0
60 2950 0.0
60 2951 0.0
60 2952 0.0
60 2953 0.0
60 2954 0.0
60 2955 0.0
60 2956 0.0
60 2957 0.0
60 2958 0.0
60 2959 0.0
60 2960 0.0
60 2961 0.0
60 2962 0.0
60 2963 0.0
60 2964 0.0
60 2965 0.0
60 2966 0.0
60 2967 0.0
60 2968 0.0
60 2969 0.0
60 2970 0.0
60 2971 0.0
60 2972 0.0
60 2973 0.0
60 2974 0.0
60 2975 0.0
60 2976 0.0
60 2977 0.0
60 2978 0.0
60 2979 0.0
60 2980 0.0
60 2981 0.0
60 2982 0.0
60 2983 0.0
60 2984 0.0
60 2985 0.0
60 2986 0.0
60 2987 0.0
60 2988 0.0
60 2989 0.0
60 2990 0.0
61 2991 0.0
61 2992 0.0
61 2993 0.0
61 2994 0.0
61 2995 0.0
61 2996 0.0
61 2997 0.0
61 2998 0.0
61 2999 0.0
61 3000 -0.0
61 3001 0.0
61 3002 -0.0
61 3003 -0.0
61 3004 0.0
61 3005 0.0
61 3006 0.0
61 3007 -0.0
61 3008 0.0
61 3009 0.0
61 3010 0.0
61 3011 0.0
61 3012 0.0
61 3013 0.0
61 3014 0.0
61 3015 0.0
61 3016 0.0
61 3017 0.0
61 3018 0.0
61 3019 0.0
61 3020 0.0
61 3021 0.0
61 3022 0.0
61 3023 0.0
61 3024 0.0
61 3025 0.0
61 3026 0.0
61 3027 0.0
61 3028 0.0
61 3029 0.0
61 3030 0.0
61 3031 0.0
61 3032 0.0
61 3033 0.0
61 3034 0.0
61 3035 -0.0
61 3036 0.0
61 3037 0.0
61 3038 0.0
61 3039 0.0
61 3040 0.0
61 3041 0.0
61 3042 0.0
61 3043 0.0
62 3044 0.0
62 3045 0.0
62 3046 0.0
62 3047 0.0
62 3048 0.0
62 3049 0.0
62 3050 -0.0
62 3051 0.0
62 3052 -0.0
62 3053 0.0
62 3054 0.0
62 3055 -0.0
62 3056 -0.0
62 3057 -0.0
62 3058 -0.0
62 3059 -0.0
62 3060 -0.0
62 3061 -0.0
62 3062 -0.0
62 3063 -0.0
62 3064 -0.0
62 3065 -0.0
62 3066 -0.0
62 3067 -0.0
62 3068 -0.0
62 3069 -0.0
62 3070 -0.0
62 3071 -0.0
62 3072 -0.0
62 3073 -0.0
62 3074 -0.0
62 3075 -0.0
62 3076 -0.0
62 3077 -0.0
62 3078 -0.0
62 3079 -0.0
62 3080 -0.0
62 3081 -0.0
62 3082 -0.0
62 3083 -0.0
62 3084 -0.0
62 3085 -0.0
62 3086 -0.0
62 3087 -0.0
62 3088 -0.0
62 3089 -0.0
62 3090 -0.0
62 3091 -0.0
62 3092 -0.0
62 3093 -0.0
62 3094 -0.0
62 3095 -0.0
62 3096 -0.0
62 3097 -0.0
63 3098 -0.0
63 3099 -0.0
63 3100 -0.0
63 3101 -0.0
63 3102 -0.0
63 3103 -0.0
63 3104 -0.0
63 3105 -0.0
63 3106 0.0
63 3107 -0.0
63 3108 -0.0
63 3109 -0.0
63 3110 -0.0
63 3111 -0.0
63 3112 -0.0
63 3113 -0.0
63 3114 -0.0
63 3115 -0.0
63 3116 -0.0
63 3117 -0.0
63 3118 -0.0
63 3119 -0.0
63 3120 0.0
63 3121 -0.0
63 3122 -0.0
63 3123 0.0
63 3124 -0.0
63 3125 -0.0
63 3126 -0.0
63 3127 -0.0
63 3128 -0.0
63 3129 -0.0
63 3130 -0.0
63 3131 0.0
63 3132 -0.0
63 3133 0.0
63 3134 -0.0
63 3135 0.0
63 3136 -0.0
63 3137 -0.0
63 3138 0.0
63 3139 -0.0
63 3140 -0.0
63 3141 0.0
63 3142 0.0
63 3143 0.0
63 3144 0.0
63 3145 0.0
63 3146 0.0
63 3147 0.0
63 3148 0.0
63 3149 0.0
63 3150 0.0
64 3151 0.0
64 3152 0.0
64 3153 0.0
64 3154 0.0
64 3155 0.0
64 3156 0.0
64 3157 0.0
64 3158 0.0
64 3159 0.0
64 3160 0.0
64 3161 0.0
64 3162 0.0
64 3163 0.0
64 3164 0.0
64 3165 0.0
64 3166 -0.0
64 3167 0.0
64 3168 0.0
64 3169 0.0
64 3170 0.0
64 3171 0.0
64 3172 0.0
64 3173 0.0
64 3174 0.0
64 3175 0.0
64 3176 0.0
64 3177 0.0
64 3178 0.0
64 3179 0.0
64 3180 0.0
64 3181 0.0
64 3182 0.0
64 3183 0.0
64 3184 0.0
64 3185 0.0
64 3186 0.0
64 3187 0.0
64 3188 0.0
64 3189 0.0
64 3190 0.0
64 3191 0.0
64 3192 0.0
64 3193 0.0
64 3194 0.0
64 3195 0.0
64 3196 0.0
64 3197 -0.0
64 3198 0.0
64 3199 0.0
64 3200 0.0
64 3201 0.0
64 3202 0.0
64 3203 0.0
64 3204 0.0
65 3205 0.0
65 3206 0.0
65 3207 0.0
65 3208 0.0
65 3209 0.0
65 3210 0.0
65 3211 0.0
65 3212 0.0
65 3213 0.0
65 3214 0.0
65 3215 0.0
65 3216 0.0
65 3217 0.0
65 3218 0.0
65 3219 0.0
65 3220 0.0
65 3221 0.0
65 3222 0.0
65 3223 0.0
65 3224 0.0
65 3225 0.0
65 3226 0.0
65 3227 0.0
65 3228 0.0
65 3229 0.0
65 3230 0.0
65 3231 0.0
65 3232 0.0
65 3233 0.0
65 3234 0.0
65 3235 0.0
65 3236 0.0
65 3237 0.0
65 3238 0.0
65 3239 0.0
65 3240 -0.0
65 3241 -0.0
65 3242 -0.0
65 3243 -0.0
65 3244 -0.0
65 3245 -0.0
65 3246 -0.0
65 3247 -0.0
65 3248 -0.0
65 3249 -0.0
65 3250 -0.0
65 3251 -0.0
65 3252 -0.0
65 3253 -0.0
65 3254 -0.0
65 3255 -0.0
66 3256 -0.0
66 3257 -0.0
66 3258 -0.0
66 3259 -0.0
66 3260 -0.0
66 3261 -0.0
66 3262 -0.0
66 3263 -0.0
66 3264 -0.0
66 3265 -0.0
66 3266 -0.0
66 3267 -0.0
66 3268 -0.0
66 3269 -0.0
66 3270 0.0
66 3271 -0.0
66 3272 -0.0
66 3273 -0.0
66 3274 -0.0
66 3275 -0.0
66 3276 0.0
66 3277 -0.0
66 3278 0.0
66 3279 -0.0
66 3280 0.0
66 3281 0.0
66 3282 0.0
66 3283 -0.0
66 3284 0.0
66 3285 0.0
66 3286 -0.0
66 3287 0.0
66 3288 -0.0
66 3289 -0.0
66 3290 -0.0
66 3291 -0.0
66 3292 -0.0
66 3293 -0.0
66 3294 -0.0
66 3295 -0.0
66 3296 -0.0
66 3297 -0.0
66 3298 -0.0
66 3299 -0.0
66 3300 -0.0
66 3301 -0.0
66 3302 -0.0
66 3303 -0.0
66 3304 -0.0
66 3305 -0.0
66 3306 -0.0
66 3307 -0.0
67 3308 -0.0
67 3309 -0.0
67 3310 -0.0
67 3311 -0.0
67 3312 -0.0
67 3313 -0.0
67 3314 -0.0
67 3315 -0.0
67 3316 -0.0
67 3317 -0.0
67 3318 -0.0
67 3319 -0.0
67 3320 -0.0
67 3321 -0.0
67 3322 -0.0
67 3323 -0.0
67 3324 -0.0
67 3325 -0.0
67 3326 -0.0
67 3327 -0.0
67 3328 -0.0
67 3329 -0.0
67 3330 -0.0
67 3331 -0.0
67 3332 -0.0
67 3333 -0.0
67 3334 0.0
67 3335 0.0
67 3336 -0.0
67 3337 0.0
67 3338 0.0
67 3339 0.0
67 3340 -0.0
67 3341 0.0
67 3342 -0.0
67 3343 -0.0
67 3344 -0.0
67 3345 -0.0
67 3346 -0.0
67 3347 -0.0
67 3348 -0.0
67 3349 -0.0
67 3350 -0.0
67 3351 -0.0
67 3352 -0.0
67 3353 -0.0
67 3354 -0.0
67 3355 -0.0
67 3356 -0.0
67 3357 -0.0
67 3358 -0.0
67 3359 -0.0
68 3360 -0.0
68 3361 -0.0
68 3362 0.0
68 3363 0.0
68 3364 -0.0
68 3365 -0.0
68 3366 -0.0
68 3367 -0.0
68 3368 -0.0
68 3369 0.0
68 3370 0.0
68 3371 0.0
68 3372 0.0
68 3373 -0.0
68 3374 0.0
68 3375 0.0
68 3376 0.0
68 3377 -0.0
68 3378 -0.0
68 3379 0.0
68 3380 0.0
68 3381 0.0
68 3382 0.0
68 3383 -0.0
68 3384 -0.0
68 3385 0.0
68 3386 -0.0
68 3387 -0.0
68 3388 -0.0
68 3389 -0.0
68 3390 -0.0
68 3391 -0.0
68 3392 -0.0
68 3393 -0.0
68 3394 -0.0
68 3395 -0.0
68 3396 -0.0
68 3397 -0.0
68 3398 -0.0
68 3399 -0.0
68 3400 -0.0
68 3401 -0.0
68 3402 -0.0
68 3403 0.0
68 3404 -0.0
68 3405 -0.0
68 3406 -0.0
68 3407 -0.0
68 3408 -0.0
68 3409 -0.0
68 3410 -0.0
69 3411 -0.0
69 3412 -0.0
69 3413 -0.0
69 3414 -0.0
69 3415 -0.0
69 3416 -0.0
69 3417 -0.0
69 3418 -0.0
69 3419 -0.0
69 3420 -0.0
69 3421 -0.0
69 3422 -0.0
69 3423 -0.0
69 3424 -0.0
69 3425 -0.0
69 3426 -0.0
69 3427 -0.0
69 3428 -0.0
69 3429 0.0
69 3430 0.0
69 3431 0.0
69 3432 -0.0
69 3433 0.0
69 3434 -0.0
69 3435 0.0
69 3436 -0.0
69 3437 -0.0
69 3438 -0.0
69 3439 -0.0
69 3440 0.0
69 3441 -0.0
69 3442 -0.0
69 3443 -0.0
69 3444 -0.0
69 3445 -0.0
69 3446 -0.0
69 3447 -0.0
69 3448 -0.0
69 3449 0.0
69 3450 -0.0
69 3451 0.0
69 3452 0.0
69 3453 -0.0
69 3454 -0.0
69 3455 -0.0
69 3456 0.0
69 3457 -0.0
69 3458 -0.0
69 3459 -0.0
69 3460 -0.0
69 3461 0.0
69 3462 -0.0
70 3463 -0.0
70 3464 -0.0
70 3465 -0.0
70 3466 -0.0
70 3467 -0.0
70 3468 -0.0
70 3469 -0.0
70 3470 -0.0
70 3471 -0.0
70 3472 -0.0
70 3473 -0.0
70 3474 -0.0
70 3475 -0.0
70 3476 -0.0
70 3477 -0.0
70 3478 -0.0
70 3479 -0.0
70 3480 -0.0
70 3481 -0.0
70 3482 -0.0
70 3483 -0.0
70 3484 -0.0
70 3485 -0.0
70 3486 -0.0
70 3487 -0.0
70 3488 -0.0
70 3489 -0.0
70 3490 0.0
70 3491 -0.0
70 3492 -0.0
70 3493 -0.0
70 3494 -0.0
70 3495 -0.0
70 3496 -0.0
70 3497 -0.0
70 3498 -0.0
70 3499 -0.0
70 3500 -0.0
70 3501 -0.0
70 3502 -0.0
70 3503 -0.0
70 3504 -0.0
70 3505 -0.0
70 3506 -0.0
70 3507 -0.0
70 3508 -0.0
70 3509 -0.0
70 3510 -0.0
70 3511 -0.0
70 3512 -0.0
70 3513 -0.0
70 3514 -0.0
70 3515 -0.0
71 3516 -0.0
71 3517 -0.0
71 3518 -0.0
71 3519 -0.0
71 3520 -0.0
71 3521 -0.0
71 3522 -0.0
71 3523 -0.0
71 3524 -0.0
71 3525 -0.0
71 3526 -0.0
71 3527 -0.0
71 3528 -0.0
71 3529 -0.0
71 3530 -0.0
71 3531 -0.0
71 3532 -0.0
71 3533 -0.0
71 3534 -0.0
71 3535 -0.0
71 3536 -0.0
71 3537 -0.0
71 3538 -0.0
71 3539 -0.0
71 3540 -0.0
71 3541 -0.0
71 3542 -0.0
71 3543 -0.0
71 3544 -0.0
71 3545 -0.0
71 3546 -0.0
71 3547 -0.0
71 3548 -0.0
71 3549 -0.0
71 3550 -0.0
71 3551 -0.0
71 3552 -0.0
71 3553 -0.0
71 3554 -0.0
71 3555 -0.0
71 3556 -0.0
71 3557 -0.0
71 3558 -0.0
71 3559 -0.0
71 3560 -0.0
71 3561 -0.0
71 3562 -0.0
71 3563 -0.0
71 3564 -0.0
71 3565 -0.0
71 3566 0.0
72 3567 -0.0
72 3568 -0.0
72 3569 -0.0
72 3570 -0.0
72 3571 -0.0
72 3572 -0.0
72 3573 -0.0
72 3574 -0.0
72 3575 -0.0
72 3576 -0.0
72 3577 -0.0
72 3578 -0.0
72 3579 -0.0
72 3580 -0.0
72 3581 -0.0
72 3582 -0.0
72 3583 -0.0
72 3584 -0.0
72 3585 -0.0
72 3586 -0.0
72 3587 -0.0
72 3588 -0.0
72 3589 -0.0
72 3590 -0.0
72 3591 -0.0
72 3592 -0.0
72 3593 -0.0
72 3594 -0.0
72 3595 -0.0
72 3596 -0.0
72 3597 0.0
72 3598 -0.0
72 3599 -0.0
72 3600 0.0
72 3601 -0.0
72 3602 -0.0
72 3603 -0.0
72 3604 -0.0
72 3605 -0.0
72 3606 -0.0
72 3607 -0.0
72 3608 -0.0
72 3609 -0.0
72 3610 -0.0
72 3611 -0.0
72 3612 -0.0
72 3613 -0.0
72 3614 -0.0
72 3615 -0.0
72 3616 -0.0
72 3617 -0.0
72 3618 -0.0
73 3619 -0.0
73 3620 -0.0
73 3621 -0.0
73 3622 -0.0
73 3623 -0.0
73 3624 -0.0
73 3625 -0.0
73 3626 -0.0
73 3627 -0.0
73 3628 0.0
73 3629 -0.0
73 3630 -0.0
73 3631 -0.0
73 3632 -0.0
73 3633 -0.0
73 3634 -0.0
73 3635 -0.0
73 3636 -0.0
73 3637 -0.0
73 3638 -0.0
73 3639 -0.0
73 3640 -0.0
73 3641 -0.0
73 3642 -0.0
73 3643 -0.0
73 3644 -0.0
73 3645 -0.0
73 3646 -0.0
73 3647 -0.0
73 3648 -0.0
73 3649 -0.0
73 3650 -0.0
73 3651 -0.0
73 3652 -0.0
73 3653 -0.0
73 3654 -0.0
73 3655 -0.0
73 3656 -0.0
73 3657 -0.0
73 3658 -0.0
73 3659 -0.0
73 3660 -0.0
73 3661 -0.0
73 3662 -0.0
73 3663 -0.0
73 3664 -0.0
73 3665 -0.0
73 3666 -0.0
73 3667 0.0
73 3668 -0.0
73 3669 -0.0
73 3670 -0.0
73 3671 -0.0
73 3672 0.0
74 3673 0.0
74 3674 -0.0
74 3675 -0.0
74 3676 -0.0
74 3677 -0.0
74 3678 -0.0
74 3679 -0.0
74 3680 -0.0
74 3681 -0.0
74 3682 0.0
74 3683 0.0
74 3684 -0.0
74 3685 0.0
74 3686 -0.0
74 3687 0.0
74 3688 -0.0
74 3689 -0.0
74 3690 0.0
74 3691 0.0
74 3692 0.0
74 3693 0.0
74 3694 0.0
74 3695 0.0
74 3696 0.0
74 3697 -0.0
74 3698 0.0
74 3699 -0.0
74 3700 -0.0
74 3701 -0.0
74 3702 -0.0
74 3703 -0.0
74 3704 -0.0
74 3705 -0.0
74 3706 -0.0
74 3707 -0.0
74 3708 -0.0
74 3709 -0.0
74 3710 -0.0
74 3711 -0.0
74 3712 -0.0
74 3713 -0.0
74 3714 -0.0
74 3715 0.0
74 3716 0.0
74 3717 -0.0
74 3718 -0.0
74 3719 0.0
74 3720 -0.0
74 3721 -0.0
75 3722 0.0
75 3723 -0.0
75 3724 -0.0
75 3725 -0.0
75 3726 -0.0
75 3727 -0.0
75 3728 -0.0
75 3729 -0.0
75 3730 -0.0
75 3731 -0.0
75 3732 -0.0
75 3733 -0.0
75 3734 -0.0
75 3735 -0.0
75 3736 -0.0
75 3737 -0.0
75 3738 -0.0
75 3739 -0.0
75 3740 -0.0
75 3741 -0.0
75 3742 -0.0
75 3743 -0.0
75 3744 -0.0
75 3745 -0.0
75 3746 -0.0
75 3747 -0.0
75 3748 -0.0
75 3749 -0.0
75 3750 -0.0
75 3751 -0.0
75 3752 -0.0
75 3753 -0.0
75 3754 0.0
75 3755 -0.0
75 3756 -0.0
75 3757 -0.0
75 3758 -0.0
75 3759 -0.0
75 3760 -0.0
75 3761 -0.0
75 3762 -0.0
75 3763 -0.0
75 3764 0.0
75 3765 -0.0
75 3766 -0.0
75 3767 0.0
75 3768 -0.0
75 3769 0.0
75 3770 -0.0
75 3771 -0.0
75 3772 -0.0
75 3773 -0.0
75 3774 -0.0
76 3775 -0.0
76 3776 -0.0
76 3777 -0.0
76 3778 -0.0
76 3779 -0.0
76 3780 -0.0
76 3781 0.0
76 3782 0.0
76 3783 -0.0
76 3784 -0.0
76 3785 0.0
76 3786 0.0
76 3787 -0.0
76 3788 0.0
76 3789 -0.0
76 3790 0.0
76 3791 0.0
76 3792 0.0
76 3793 0.0
76 3794 0.0
76 3795 0.0
76 3796 0.0
76 3797 0.0
76 3798 0.0
76 3799 0.0
76 3800 0.0
76 3801 0.0
76 3802 0.0
76 3803 -0.0
76 3804 -0.0
76 3805 -0.0
76 3806 0.0
76 3807 -0.0
76 3808 0.0
76 3809 -0.0
76 3810 -0.0
76 3811 -0.0
76 3812 -0.0
76 3813 -0.0
76 3814 0.0
76 3815 -0.0
76 3816 0.0
76 3817 -0.0
76 3818 -0.0
76 3819 -0.0
76 3820 -0.0
76 3821 -0.0
76 3822 -0.0
76 3823 -0.0
76 3824 0.0
76 3825 -0.0
76 3826 0.0
77 3827 -0.0
77 3828 -0.0
77 3829 -0.0
77 3830 -0.0
77 3831 -0.0
77 3832 -0.0
77 3833 0.0
77 3834 -0.0
77 3835 0.0
77 3836 -0.0
77 3837 -0.0
77 3838 -0.0
77 3839 -0.0
77 3840 -0.0
77 3841 -0.0
77 3842 -0.0
77 3843 -0.0
77 3844 -0.0
77 3845 -0.0
77 3846 -0.0
77 3847 -0.0
77 3848 -0.0
77 3849 -0.0
77 3850 -0.0
77 3851 0.0
77 3852 -0.0
77 3853 0.0
77 3854 0.0
77 3855 -0.0
77 3856 -0.0
77 3857 -0.0
77 3858 -0.0
77 3859 -0.0
77 3860 -0.0
77 3861 -0.0
77 3862 -0.0
77 3863 0.0
77 3864 -0.0
77 3865 -0.0
77 3866 -0.0
77 3867 -0.0
77 3868 -0.0
77 3869 -0.0
77 3870 -0.0
77 3871 -0.0
77 3872 -0.0
77 3873 -0.0
77 3874 -0.0
77 3875 -0.0
77 3876 -0.0
77 3877 -0.0
77 3878 -0.0
78 3879 -0.0
78 3880 -0.0
78 3881 -0.0
78 3882 -0.0
78 3883 -0.0
78 3884 -0.0
78 3885 -0.0
78 3886 -0.0
78 3887 -0.0
78 3888 -0.0
78 3889 -0.0
78 3890 -0.0
78 3891 -0.0
78 3892 -0.0
78 3893 -0.0
78 3894 -0.0
78 3895 -0.0
78 3896 -0.0
78 3897 -0.0
78 3898 -0.0
78 3899 -0.0
78 3900 -0.0
78 3901 -0.0
78 3902 -0.0
78 3903 -0.0
78 3904 -0.0
78 3905 -0.0
78 3906 -0.0
78 3907 -0.0
78 3908 -0.0
78 3909 -0.0
78 3910 -0.0
78 3911 -0.0
78 3912 -0.0
78 3913 0.0
78 3914 -0.0
78 3915 -0.0
78 3916 -0.0
78 3917 -0.0
78 3918 -0.0
78 3919 -0.0
78 3920 -0.0
78 3921 -0.0
78 3922 -0.0
78 3923 -0.0
78 3924 -0.0
78 3925 -0.0
78 3926 -0.0
78 3927 -0.0
79 3928 -0.0
79 3929 -0.0
79 3930 -0.0
79 3931 -0.0
79 3932 -0.0
79 3933 -0.0
79 3934 -0.0
79 3935 -0.0
79 3936 -0.0
79 3937 -0.0
79 3938 -0.0
79 3939 -0.0
79 3940 -0.0
79 3941 -0.0
79 3942 -0.0
79 3943 -0.0
79 3944 -0.0
79 3945 -0.0
79 3946 -0.0
79 3947 -0.0
79 3948 -0.0
79 3949 -0.0
79 3950 -0.0
79 3951 -0.0
79 3952 -0.0
79 3953 -0.0
79 3954 -0.0
79 3955 -0.0
79 3956 -0.0
79 3957 -0.0
79 3958 -0.0
79 3959 -0.0
79 3960 -0.0
79 3961 0.0
79 3962 0.0
79 3963 -0.0
79 3964 -0.0
79 3965 -0.0
79 3966 0.0
79 3967 -0.0
79 3968 0.0
79 3969 0.0
79 3970 -0.0
79 3971 -0.0
79 3972 0.0
79 3973 0.0
79 3974 0.0
79 3975 0.0
79 3976 0.0
79 3977 0.0
79 3978 0.0
79 3979 0.0
79 3980 0.0
79 3981 -0.0
80 3982 -0.0
80 3983 0.0
80 3984 -0.0
80 3985 0.0
80 3986 0.0
80 3987 -0.0
80 3988 -0.0
80 3989 -0.0
80 3990 -0.0
80 3991 -0.0
80 3992 -0.0
80 3993 -0.0
80 3994 -0.0
80 3995 -0.0
80 3996 -0.0
80 3997 -0.0
80 3998 0.0
80 3999 -0.0
80 4000 0.0
80 4001 -0.0
80 4002 0.0
80 4003 -0.0
80 4004 0.0
80 4005 0.0
80 4006 -0.0
80 4007 -0.0
80 4008 -0.0
80 4009 -0.0
80 4010 -0.0
80 4011 -0.0
80 4012 -0.0
80 4013 -0.0
80 4014 -0.0
80 4015 -0.0
80 4016 -0.0
80 4017 -0.0
80 4018 -0.0
80 4019 -0.0
80 4020 -0.0
80 4021 -0.0
80 4022 -0.0
80 4023 -0.0
80 4024 -0.0
80 4025 -0.0
80 4026 -0.0
80 4027 -0.0
80 4028 -0.0
80 4029 -0.0
80 4030 -0.0
80 4031 -0.0
80 4032 -0.0
81 4033 -0.0
81 4034 -0.0
81 4035 -0.0
81 4036 -0.0
81 4037 -0.0
81 4038 -0.0
81 4039 -0.0
81 4040 -0.0
81 4041 -0.0
81 4042 -0.0
81 4043 -0.0
81 4044 -0.0
81 4045 -0.0
81 4046 -0.0
81 4047 -0.0
81 4048 -0.0
81 4049 -0.0
81 4050 -0.0
81 4051 -0.0
81 4052 -0.0
81 4053 -0.0
81 4054 -0.0
81 4055 -0.0
81 4056 -0.0
81 4057 -0.0
81 4058 -0.0
81 4059 -0.0
81 4060 -0.0
81 4061 -0.0
81 4062 -0.0
81 4063 -0.0
81 4064 -0.0
81 4065 -0.0
81 4066 -0.0
81 4067 -0.0
81 4068 -0.0
81 4069 -0.0
81 4070 -0.0
81 4071 -0.0
81 4072 -0.0
81 4073 -0.0
81 4074 -0.0
81 4075 -0.0
81 4076 -0.0
81 4077 -0.0
81 4078 -0.0
81 4079 0.0
81 4080 -0.0
81 4081 0.0
81 4082 -0.0
81 4083 0.0
81 4084 -0.0
82 4085 0.0
82 4086 -0.0
82 4087 0.0
82 4088 -0.0
82 4089 -0.0
82 4090 -0.0
82 4091 -0.0
82 4092 -0.0
82 4093 -0.0
82 4094 -0.0
82 4095 -0.0
82 4096 -0.0
82 4097 -0.0
82 4098 0.0
82 4099 -0.0
82 4100 -0.0
82 4101 -0.0
82 4102 0.0
82 4103 -0.0
82 4104 -0.0
82 4105 -0.0
82 4106 -0.0
82 4107 0.0
82 4108 -0.0
82 4109 -0.0
82 4110 -0.0
82 4111 -0.0
82 4112 -0.0
82 4113 -0.0
82 4114 0.0
82 4115 -0.0
82 4116 -0.0
82 4117 0.0
82 4118 -0.0
82 4119 0.0
82 4120 -0.0
82 4121 -0.0
82 4122 0.0
82 4123 0.0
82 4124 0.0
82 4125 0.0
82 4126 0.0
82 4127 0.0
82 4128 0.0
82 4129 0.0
82 4130 0.0
82 4131 0.0
82 4132 0.0
82 4133 0.0
82 4134 0.0
83 4135 0.0
83 4136 0.0
83 4137 0.0
83 4138 0.0
83 4139 0.0
83 4140 0.0
83 4141 0.0
83 4142 0.0
83 4143 0.0
83 4144 0.0
83 4145 0.0
83 4146 0.0
83 4147 0.0
83 4148 0.0
83 4149 0.0
83 4150 0.0
83 4151 0.0
83 4152 0.0
83 4153 0.0
83 4154 0.0
83 4155 0.0
83 4156 0.0
83 4157 -0.0
83 4158 -0.0
83 4159 0.0
83 4160 0.0
83 4161 0.0
83 4162 -0.0
83 4163 -0.0
83 4164 -0.0
83 4165 0.0
83 4166 0.0
83 4167 -0.0
83 4168 -0.0
83 4169 0.0
83 4170 0.0
83 4171 -0.0
83 4172 -0.0
83 4173 -0.0
83 4174 -0.0
83 4175 -0.0
83 4176 -0.0
84 4177 -0.0
84 4178 -0.0
84 4179 -0.0
84 4180 -0.0
84 4181 -0.0
84 4182 -0.0
84 4183 -0.0
84 4184 -0.0
84 4185 -0.0
84 4186 -0.0
84 4187 -0.0
84 4188 -0.0
84 4189 -0.0
84 4190 -0.0
84 4191 -0.0
84 4192 -0.0
84 4193 -0.0
84 4194 -0.0
84 4195 -0.0
84 4196 -0.0
84 4197 -0.0
84 4198 -0.0
84 4199 -0.0
84 4200 -0.0
84 4201 -0.0
84 4202 -0.0
84 4203 -0.0
84 4204 -0.0
84 4205 -0.0
84 4206 0.0
84 4207 -0.0
84 4208 -0.0
84 4209 -0.0
84 4210 -0.0
84 4211 -0.0
84 4212 -0.0
84 4213 -0.0
84 4214 -0.0
84 4215 -0.0
84 4216 -0.0
84 4217 -0.0
84 4218 -0.0
84 4219 -0.0
84 4220 -0.0
84 4221 -0.0
84 4222 -0.0
84 4223 -0.0
84 4224 -0.0
85 4225 -0.0
85 4226 -0.0
85 4227 -0.0
85 4228 -0.0
85 4229 -0.0
85 4230 -0.0
85 4231 -0.0
85 4232 -0.0
85 4233 -0.0
85 4234 -0.0
85 4235 -0.0
85 4236 -0.0
85 4237 -0.0
85 4238 -0.0
85 4239 -0.0
85 4240 -0.0
85 4241 -0.0
85 4242 -0.0
85 4243 -0.0
85 4244 -0.0
85 4245 -0.0
85 4246 -0.0
85 4247 -0.0
85 4248 0.0
85 4249 0.0
85 4250 -0.0
85 4251 0.0
85 4252 -0.0
85 4253 -0.0
85 4254 -0.0
85 4255 -0.0
85 4256 0.0
85 4257 -0.0
85 4258 -0.0
85 4259 0.0
85 4260 -0.0
85 4261 0.0
85 4262 0.0
85 4263 -0.0
85 4264 -0.0
85 4265 -0.0
85 4266 -0.0
85 4267 0.0
85 4268 0.0
85 4269 0.0
85 4270 0.0
85 4271 0.0
85 4272 0.0
85 4273 0.0
85 4274 -0.0
86 4275 0.0
86 4276 -0.0
86 4277 0.0
86 4278 0.0
86 4279 -0.0
86 4280 -0.0
86 4281 0.0
86 4282 -0.0
86 4283 -0.0
86 4284 0.0
86 4285 0.0
86 4286 0.0
86 4287 0.0
86 4288 -0.0
86 4289 0.0
86 4290 0.0
86 4291 0.0
86 4292 0.0
86 4293 0.0
86 4294 0.0
86 4295 0.0
86 4296 0.0
86 4297 0.0
86 4298 0.0
86 4299 0.0
86 4300 -0.0
86 4301 -0.0
86 4302 -0.0
86 4303 -0.0
86 4304 -0.0
86 4305 -0.0
86 4306 -0.0
86 4307 -0.0
86 4308 -0.0
86 4309 -0.0
86 4310 -0.0
86 4311 -0.0
86 4312 -0.0
86 4313 -0.0
86 4314 -0.0
86 4315 -0.0
86 4316 -0.0
86 4317 -0.0
86 4318 -0.0
86 4319 -0.0
86 4320 -0.0
86 4321 -0.0
87 4322 -0.0
87 4323 -0.0
87 4324 -0.0
87 4325 -0.0
87 4326 -0.0
87 4327 -0.0
87 4328 -0.0
87 4329 -0.0
87 4330 0.0
87 4331 -0.0
87 4332 -0.0
87 4333 -0.0
87 4334 -0.0
87 4335 -0.0
87 4336 -0.0
87 4337 -0.0
87 4338 -0.0
87 4339 -0.0
87 4340 0.0
87 4341 -0.0
87 4342 0.0
87 4343 -0.0
87 4344 -0.0
87 4345 -0.0
87 4346 -0.0
87 4347 -0.0
87 4348 -0.0
87 4349 -0.0
87 4350 -0.0
87 4351 -0.0
87 4352 -0.0
87 4353 -0.0
87 4354 -0.0
87 4355 -0.0
87 4356 -0.0
87 4357 -0.0
87 4358 -0.0
87 4359 -0.0
87 4360 -0.0
87 4361 -0.0
87 4362 -0.0
87 4363 -0.0
87 4364 -0.0
87 4365 -0.0
87 4366 -0.0
87 4367 -0.0
88 4368 -0.0
88 4369 -0.0
88 4370 -0.0
88 4371 -0.0
88 4372 0.0
88 4373 0.0
88 4374 -0.0
88 4375 0.0
88 4376 0.0
88 4377 0.0
88 4378 -0.0
88 4379 0.0
88 4380 0.0
88 4381 -0.0
88 4382 -0.0
88 4383 -0.0
88 4384 -0.0
88 4385 -0.0
88 4386 -0.0
88 4387 -0.0
88 4388 -0.0
88 4389 -0.0
88 4390 -0.0
88 4391 -0.0
88 4392 -0.0
88 4393 -0.0
88 4394 -0.0
88 4395 -0.0
88 4396 -0.0
88 4397 -0.0
88 4398 -0.0
88 4399 -0.0
88 4400 -0.0
88 4401 -0.0
88 4402 -0.0
88 4403 -0.0
88 4404 0.0
88 4405 -0.0
88 4406 -0.0
88 4407 -0.0
88 4408 -0.0
88 4409 -0.0
88 4410 -0.0
88 4411 -0.0
88 4412 -0.0
88 4413 -0.0
88 4414 -0.0
88 4415 -0.0
89 4416 -0.0
89 4417 -0.0
89 4418 -0.0
89 4419 -0.0
89 4420 -0.0
89 4421 -0.0
89 4422 -0.0
89 4423 -0.0
89 4424 -0.0
89 4425 -0.0
89 4426 -0.0
89 4427 -0.0
89 4428 -0.0
89 4429 -0.0
89 4430 -0.0
89 4431 -0.0
89 4432 -0.0
89 4433 -0.0
89 4434 -0.0
89 4435 -0.0
89 4436 -0.0
89 4437 -0.0
89 4438 -0.0
89 4439 -0.0
89 4440 -0.0
89 4441 -0.0
89 4442 0.0
89 4443 -0.0
89 4444 -0.0
89 4445 -0.0
89 4446 0.0
89 4447 0.0
89 4448 -0.0
89 4449 0.0
89 4450 0.0
89 4451 -0.0
89 4452 -0.0
89 4453 -0.0
89 4454 0.0
89 4455 0.0
89 4456 0.0
89 4457 0.0
89 4458 0.0
89 4459 0.0
89 4460 0.0
89 4461 0.0
89 4462 0.0
89 4463 0.0
89 4464 0.0
89 4465 0.0
89 4466 0.0
89 4467 0.0
90 4468 0.0
90 4469 0.0
90 4470 0.0
90 4471 0.0
90 4472 0.0
90 4473 0.0
90 4474 0.0
90 4475 0.0
90 4476 0.0
90 4477 0.0
90 4478 0.0
90 4479 0.0
90 4480 0.0
90 4481 0.0
90 4482 -0.0
90 4483 0.0
90 4484 0.0
90 4485 0.0
90 4486 0.0
90 4487 0.0
90 4488 0.0
90 4489 0.0
90 4490 0.0
90 4491 -0.0
90 4492 0.0
90 4493 0.0
90 4494 0.0
90 4495 0.0
90 4496 -0.0
90 4497 0.0
90 4498 0.0
90 4499 0.0
90 4500 0.0
90 4501 0.0
90 4502 0.0
90 4503 0.0
90 4504 0.0
90 4505 0.0
90 4506 0.0
90 4507 0.0
90 4508 0.0
90 4509 0.0
90 4510 0.0
90 4511 0.0
90 4512 0.0
90 4513 0.0
90 4514 0.0
90 4515 0.0
90 4516 0.0
90 4517 0.0
90 4518 0.0
91 4519 0.0
91 4520 0.0
91 4521 0.0
91 4522 0.0
91 4523 0.0
91 4524 0.0
91 4525 0.0
91 4526 0.0
91 4527 0.0
91 4528 0.0
91 4529 0.0
91 4530 0.0
91 4531 0.0
91 4532 0.0
91 4533 0.0
91 4534 0.0
91 4535 0.0
91 4536 0.0
91 4537 0.0
91 4538 0.0
91 4539 0.0
91 4540 0.0
91 4541 0.0
91 4542 0.0
91 4543 0.0
91 4544 0.0
91 4545 0.0
91 4546 0.0
91 4547 -0.0
91 4548 0.0
91 4549 0.0
91 4550 -0.0
91 4551 0.0
91 4552 0.0
91 4553 -0.0
91 4554 -0.0
91 4555 0.0
91 4556 -0.0
91 4557 0.0
91 4558 -0.0
91 4559 0.0
91 4560 0.0
91 4561 0.0
91 4562 0.0
91 4563 0.0
91 4564 0.0
91 4565 0.0
91 4566 0.0
91 4567 0.0
91 4568 0.0
91 4569 0.0
91 4570 0.0
92 4571 0.0
92 4572 0.0
92 4573 0.0
92 4574 0.0
92 4575 0.0
92 4576 0.0
92 4577 0.0
92 4578 0.0
92 4579 0.0
92 4580 0.0
92 4581 -0.0
92 4582 0.0
92 4583 0.0
92 4584 -0.0
92 4585 0.0
92 4586 -0.0
92 4587 0.0
92 4588 -0.0
92 4589 -0.0
92 4590 -0.0
92 4591 -0.0
92 4592 -0.0
92 4593 -0.0
92 4594 -0.0
92 4595 -0.0
92 4596 -0.0
92 4597 -0.0
92 4598 -0.0
92 4599 -0.0
92 4600 -0.0
92 4601 0.0
92 4602 -0.0
92 4603 0.0
92 4604 -0.0
92 4605 0.0
92 4606 0.0
92 4607 -0.0
92 4608 -0.0
92 4609 -0.0
92 4610 -0.0
92 4611 -0.0
92 4612 -0.0
92 4613 -0.0
92 4614 -0.0
92 4615 -0.0
92 4616 -0.0
92 4617 -0.0
92 4618 -0.0
92 4619 -0.0
92 4620 -0.0
93 4621 -0.0
93 4622 -0.0
93 4623 -0.0
93 4624 -0.0
93 4625 -0.0
93 4626 -0.0
93 4627 -0.0
93 4628 -0.0
93 4629 -0.0
93 4630 -0.0
93 4631 -0.0
93 4632 -0.0
93 4633 -0.0
93 4634 -0.0
93 4635 -0.0
93 4636 -0.0
93 4637 -0.0
93 4638 0.0
93 4639 -0.0
93 4640 -0.0
93 4641 0.0
93 4642 -0.0
93 4643 0.0
93 4644 0.0
93 4645 0.0
93 4646 0.0
93 4647 0.0
93 4648 0.0
93 4649 0.0
93 4650 0.0
93 4651 0.0
93 4652 0.0
93 4653 0.0
93 4654 0.0
93 4655 0.0
93 4656 0.0
93 4657 0.0
93 4658 0.0
93 4659 0.0
93 4660 0.0
93 4661 0.0
93 4662 0.0
93 4663 0.0
93 4664 0.0
93 4665 -0.0
93 4666 -0.0
93 4667 0.0
93 4668 0.0
93 4669 -0.0
93 4670 0.0
93 4671 0.0
94 4672 0.0
94 4673 0.0
94 4674 0.0
94 4675 0.0
94 4676 0.0
94 4677 0.0
94 4678 0.0
94 4679 0.0
94 4680 0.0
94 4681 0.0
94 4682 0.0
94 4683 0.0
94 4684 -0.0
94 4685 0.0
94 4686 0.0
94 4687 -0.0
94 4688 -0.0
94 4689 0.0
94 4690 -0.0
94 4691 -0.0
94 4692 0.0
94 4693 0.0
94 4694 0.0
94 4695 0.0
94 4696 0.0
94 4697 0.0
94 4698 0.0
94 4699 0.0
94 4700 -0.0
94 4701 0.0
94 4702 -0.0
94 4703 -0.0
94 4704 -0.0
94 4705 -0.0
94 4706 -0.0
94 4707 -0.0
94 4708 -0.0
94 4709 -0.0
94 4710 -0.0
94 4711 0.0
94 4712 -0.0
94 4713 -0.0
94 4714 -0.0
94 4715 -0.0
94 4716 -0.0
94 4717 -0.0
94 4718 -0.0
94 4719 -0.0
94 4720 -0.0
94 4721 -0.0
94 4722 -0.0
94 4723 -0.0
95 4724 -0.0
95 4725 -0.0
95 4726 -0.0
95 4727 -0.0
95 4728 -0.0
95 4729 -0.0
95 4730 -0.0
95 4731 -0.0
95 4732 -0.0
95 4733 -0.0
95 4734 -0.0
95 4735 -0.0
95 4736 -0.0
95 4737 -0.0
95 4738 -0.0
95 4739 -0.0
95 4740 -0.0
95 4741 -0.0
95 4742 -0.0
95 4743 -0.0
95 4744 -0.0
95 4745 -0.0
95 4746 -0.0
95 4747 -0.0
95 4748 -0.0
95 4749 -0.0
95 4750 -0.0
95 4751 -0.0
95 4752 -0.0
95 4753 -0.0
95 4754 -0.0
95 4755 -0.0
95 4756 -0.0
95 4757 -0.0
95 4758 -0.0
95 4759 -0.0
95 4760 -0.0
95 4761 -0.0
95 4762 -0.0
95 4763 -0.0
95 4764 -0.0
95 4765 -0.0
95 4766 -0.0
95 4767 -0.0
95 4768 -0.0
95 4769 -0.0
95 4770 -0.0
95 4771 -0.0
95 4772 -0.0
95 4773 -0.0
95 4774 -0.0
95 4775 -0.0
96 4776 -0.0
96 4777 -0.0
96 4778 -0.0
96 4779 -0.0
96 4780 -0.0
96 4781 -0.0
96 4782 -0.0
96 4783 -0.0
96 4784 -0.0
96 4785 -0.0
96 4786 -0.0
96 4787 -0.0
96 4788 -0.0
96 4789 -0.0
96 4790 -0.0
96 4791 -0.0
96 4792 -0.0
96 4793 -0.0
96 4794 0.0
96 4795 -0.0
96 4796 -0.0
96 4797 -0.0
96 4798 -0.0
96 4799 -0.0
96 4800 -0.0
96 4801 -0.0
96 4802 -0.0
96 4803 -0.0
96 4804 -0.0
96 4805 -0.0
96 4806 -0.0
96 4807 -0.0
96 4808 -0.0
96 4809 -0.0
96 4810 -0.0
96 4811 -0.0
96 4812 -0.0
96 4813 -0.0
96 4814 -0.0
96 4815 -0.0
96 4816 -0.0
96 4817 -0.0
96 4818 -0.0
96 4819 -0.0
96 4820 -0.0
96 4821 -0.0
96 4822 -0.0
96 4823 -0.0
96 4824 -0.0
96 4825 -0.0
96 4826 -0.0
96 4827 -0.0
97 4828 -0.0
97 4829 0.0
97 4830 -0.0
97 4831 -0.0
97 4832 -0.0
97 4833 -0.0
97 4834 -0.0
97 4835 0.0
97 4836 0.0
97 4837 -0.0
97 4838 -0.0
97 4839 -0.0
97 4840 -0.0
97 4841 -0.0
97 4842 -0.0
97 4843 -0.0
97 4844 -0.0
97 4845 -0.0
97 4846 -0.0
97 4847 -0.0
97 4848 -0.0
97 4849 -0.0
97 4850 -0.0
97 4851 -0.0
97 4852 -0.0
97 4853 -0.0
97 4854 -0.0
97 4855 -0.0
97 4856 -0.0
97 4857 -0.0
97 4858 -0.0
97 4859 -0.0
97 4860 -0.0
97 4861 -0.0
97 4862 -0.0
97 4863 -0.0
97 4864 -0.0
97 4865 -0.0
97 4866 -0.0
97 4867 -0.0
97 4868 -0.0
97 4869 0.0
97 4870 -0.0
97 4871 -0.0
97 4872 -0.0
97 4873 -0.0
97 4874 -0.0
97 4875 -0.0
97 4876 -0.0
97 4877 -0.0
97 4878 -0.0
97 4879 -0.0
98 4880 -0.0
98 4881 -0.0
98 4882 -0.0
98 4883 -0.0
98 4884 -0.0
98 4885 -0.0
98 4886 -0.0
98 4887 -0.0
98 4888 -0.0
98 4889 -0.0
98 4890 -0.0
98 4891 -0.0
98 4892 -0.0
98 4893 -0.0
98 4894 -0.0
98 4895 -0.0
98 4896 -0.0
98 4897 -0.0
98 4898 -0.0
98 4899 -0.0
98 4900 -0.0
98 4901 -0.0
98 4902 -0.0
98 4903 -0.0
98 4904 -0.0
98 4905 -0.0
98 4906 -0.0
98 4907 -0.0
98 4908 -0.0
98 4909 -0.0
98 4910 -0.0
98 4911 -0.0
98 4912 -0.0
98 4913 -0.0
98 4914 -0.0
98 4915 -0.0
98 4916 -0.0
98 4917 -0.0
98 4918 -0.0
98 4919 0.0
98 4920 0.0
98 4921 -0.0
98 4922 0.0
98 4923 0.0
98 4924 -0.0
98 4925 -0.0
98 4926 -0.0
98 4927 -0.0
98 4928 0.0
98 4929 0.0
98 4930 0.0
98 4931 0.0
98 4932 0.0
98 4933 -0.0
99 4934 -0.0
99 4935 0.0
99 4936 -0.0
99 4937 0.0
99 4938 -0.0
99 4939 -0.0
99 4940 -0.0
99 4941 -0.0
99 4942 -0.0
99 4943 -0.0
99 4944 -0.0
99 4945 0.0
99 4946 -0.0
99 4947 -0.0
99 4948 0.0
99 4949 -0.0
99 4950 -0.0
99 4951 -0.0
99 4952 0.0
99 4953 -0.0
99 4954 -0.0
99 4955 0.0
99 4956 -0.0
99 4957 -0.0
99 4958 -0.0
99 4959 -0.0
99 4960 -0.0
99 4961 -0.0
99 4962 -0.0
99 4963 -0.0
99 4964 -0.0
99 4965 -0.0
99 4966 -0.0
99 4967 -0.0
99 4968 -0.0
99 4969 -0.0
99 4970 -0.0
99 4971 -0.0
99 4972 -0.0
99 4973 -0.0
99 4974 -0.0
99 4975 -0.0
99 4976 -0.0
99 4977 -0.0
99 4978 -0.0
99 4979 -0.0
99 4980 -0.0
99 4981 -0.0
99 4982 -0.0
99 4983 -0.0
99 4984 -0.0
99 4985 -0.0
100 4986 -0.0
100 4987 -0.0
100 4988 -0.0
100 4989 -0.0
100 4990 -0.0
100 4991 -0.0
100 4992 -0.0
100 4993 -0.0
100 4994 -0.0
100 4995 -0.0
100 4996 -0.0
100 4997 -0.0
100 4998 -0.0
100 4999 -0.0
100 5000 -0.0
100 5001 -0.0
100 5002 -0.0
100 5003 -0.0
100 5004 -0.0
100 5005 -0.0
100 5006 -0.0
100 5007 -0.0
100 5008 -0.0
100 5009 -0.0
100 5010 -0.0
100 5011 -0.0
100 5012 -0.0
100 5013 -0.0
100 5014 -0.0
100 5015 -0.0
100 5016 -0.0
100 5017 -0.0
100 5018 0.0
100 5019 0.0
100 5020 0.0
100 5021 -0.0
100 5022 -0.0
100 5023 -0.0
100 5024 0.0
100 5025 0.0
100 5026 -0.0
100 5027 0.0
100 5028 0.0
100 5029 0.0
100 5030 0.0
100 5031 -0.0
100 5032 0.0
100 5033 0.0
100 5034 0.0
100 5035 0.0
100 5036 0.0
100 5037 0.0
101 5038 0.0
101 5039 0.0
101 5040 0.0
101 5041 0.0
101 5042 0.0
101 5043 0.0
101 5044 0.0
101 5045 0.0
101 5046 0.0
101 5047 0.0
101 5048 0.0
101 5049 0.0
101 5050 0.0
101 5051 0.0
101 5052 0.0
101 5053 0.0
101 5054 0.0
101 5055 0.0
101 5056 0.0
101 5057 0.0
101 5058 0.0
101 5059 0.0
101 5060 0.0
101 5061 0.0
101 5062 0.0
101 5063 0.0
101 5064 -0.0
101 5065 0.0
101 5066 0.0
101 5067 0.0
101 5068 0.0
101 5069 0.0
101 5070 0.0
101 5071 0.0
101 5072 0.0
101 5073 0.0
101 5074 0.0
101 5075 0.0
101 5076 0.0
101 5077 0.0
101 5078 0.0
101 5079 0.0
101 5080 0.0
101 5081 0.0
101 5082 0.0
101 5083 0.0
101 5084 0.0
101 5085 0.0
102 5086 0.0
102 5087 0.0
102 5088 0.0
102 5089 0.0
102 5090 0.0
102 5091 0.0
102 5092 0.0
102 5093 -0.0
102 5094 -0.0
102 5095 0.0
102 5096 0.0
102 5097 0.0
102 5098 0.0
102 5099 0.0
102 5100 0.0
102 5101 0.0
102 5102 0.0
102 5103 0.0
102 5104 0.0
102 5105 0.0
102 5106 0.0
102 5107 0.0
102 5108 0.0
102 5109 0.0
102 5110 0.0
102 5111 0.0
102 5112 0.0
102 5113 -0.0
102 5114 -0.0
102 5115 -0.0
102 5116 0.0
102 5117 0.0
102 5118 0.0
102 5119 0.0
102 5120 0.0
102 5121 0.0
102 5122 0.0
102 5123 0.0
102 5124 0.0
102 5125 0.0
102 5126 0.0
102 5127 0.0
102 5128 0.0
102 5129 0.0
102 5130 0.0
102 5131 0.0
102 5132 0.0
102 5133 0.0
102 5134 0.0
103 5135 -0.0
103 5136 0.0
103 5137 0.0
103 5138 -0.0
103 5139 -0.0
103 5140 -0.0
103 5141 -0.0
103 5142 0.0
103 5143 -0.0
103 5144 -0.0
103 5145 -0.0
103 5146 0.0
103 5147 0.0
103 5148 0.0
103 5149 -0.0
103 5150 0.0
103 5151 0.0
103 5152 0.0
103 5153 0.0
103 5154 0.0
103 5155 0.0
103 5156 0.0
103 5157 0.0
103 5158 0.0
103 5159 0.0
103 5160 0.0
103 5161 0.0
103 5162 0.0
103 5163 0.0
103 5164 0.0
103 5165 0.0
103 5166 0.0
103 5167 0.0
103 5168 0.0
103 5169 0.0
103 5170 0.0
103 5171 0.0
103 5172 0.0
103 5173 0.0
103 5174 0.0
103 5175 0.0
103 5176 0.0
103 5177 0.0
103 5178 0.0
103 5179 0.0
103 5180 0.0
103 5181 0.0
104 5182 0.0
104 5183 0.0
104 5184 0.0
104 5185 0.0
104 5186 -0.0
104 5187 0.0
104 5188 0.0
104 5189 0.0
104 5190 0.0
104 5191 0.0
104 5192 0.0
104 5193 0.0
104 5194 0.0
104 5195 0.0
104 5196 0.0
104 5197 0.0
104 5198 0.0
104 5199 0.0
104 5200 0.0
104 5201 0.0
104 5202 0.0
104 5203 0.0
104 5204 0.0
104 5205 0.0
104 5206 0.0
104 5207 0.0
104 5208 0.0
104 5209 0.0
104 5210 0.0
104 5211 0.0
104 5212 0.0
104 5213 0.0
104 5214 0.0
104 5215 0.0
104 5216 -0.0
104 5217 0.0
104 5218 0.0
104 5219 0.0
104 5220 0.0
104 5221 0.0
104 5222 0.0
104 5223 0.0
104 5224 -0.0
104 5225 0.0
104 5226 0.0
104 5227 -0.0
104 5228 0.0
104 5229 0.0
104 5230 0.0
104 5231 0.0
105 5232 0.0
105 5233 0.0
105 5234 0.0
105 5235 0.0
105 5236 0.0
105 5237 0.0
105 5238 -0.0
105 5239 0.0
105 5240 0.0
105 5241 0.0
105 5242 0.0
105 5243 0.0
105 5244 0.0
105 5245 0.0
105 5246 0.0
105 5247 0.0
105 5248 0.0
105 5249 0.0
105 5250 0.0
105 5251 0.0
105 5252 0.0
105 5253 0.0
105 5254 0.0
105 5255 0.0
105 5256 0.0
105 5257 0.0
105 5258 0.0
105 5259 0.0
105 5260 0.0
105 5261 0.0
105 5262 0.0
105 5263 0.0
105 5264 0.0
105 5265 0.0
105 5266 0.0
105 5267 0.0
105 5268 0.0
105 5269 0.0
105 5270 0.0
105 5271 0.0
105 5272 0.0
105 5273 0.0
105 5274 0.0
105 5275 0.0
105 5276 0.0
105 5277 0.0
105 5278 0.0
105 5279 0.0
105 5280 0.0
105 5281 0.0
106 5282 0.0
106 5283 0.0
106 5284 0.0
106 5285 0.0
106 5286 0.0
106 5287 0.0
106 5288 0.0
106 5289 0.0
106 5290 0.0
106 5291 0.0
106 5292 0.0
106 5293 0.0
106 5294 0.0
106 5295 0.0
106 5296 0.0
106 5297 0.0
106 5298 0.0
106 5299 0.0
106 5300 0.0
106 5301 0.0
106 5302 0.0
106 5303 0.0
106 5304 0.0
106 5305 0.0
106 5306 0.0
106 5307 0.0
106 5308 -0.0
106 5309 -0.0
106 5310 0.0
106 5311 0.0
106 5312 0.0
106 5313 0.0
106 5314 0.0
106 5315 0.0
106 5316 0.0
106 5317 0.0
106 5318 0.0
106 5319 0.0
106 5320 0.0
106 5321 0.0
106 5322 0.0
106 5323 0.0
106 5324 0.0
106 5325 0.0
106 5326 0.0
106 5327 0.0
106 5328 0.0
106 5329 0.0
106 5330 0.0
106 5331 0.0
107 5332 0.0
107 5333 0.0
107 5334 0.0
107 5335 0.0
107 5336 0.0
107 5337 0.0
107 5338 0.0
107 5339 0.0
107 5340 -0.0
107 5341 0.0
107 5342 0.0
107 5343 0.0
107 5344 0.0
107 5345 0.0
107 5346 0.0
107 5347 0.0
107 5348 0.0
107 5349 0.0
107 5350 0.0
107 5351 0.0
107 5352 0.0
107 5353 0.0
107 5354 0.0
107 5355 0.0
107 5356 0.0
107 5357 0.0
107 5358 0.0
107 5359 0.0
107 5360 0.0
107 5361 0.0
107 5362 0.0
107 5363 0.0
107 5364 0.0
107 5365 0.0
107 5366 0.0
107 5367 0.0
107 5368 0.0
107 5369 0.0
107 5370 0.0
107 5371 0.0
107 5372 0.0
107 5373 0.0
107 5374 0.0
107 5375 0.0
107 5376 0.0
107 5377 0.0
107 5378 0.0
107 5379 0.0
107 5380 0.0
107 5381 0.0
108 5382 0.0
108 5383 0.0
108 5384 0.0
108 5385 0.0
108 5386 0.0
108 5387 0.0
108 5388 0.0
108 5389 0.0
108 5390 0.0
108 5391 -0.0
108 5392 0.0
108 5393 0.0
108 5394 0.0
108 5395 0.0
108 5396 0.0
108 5397 0.0
108 5398 0.0
108 5399 0.0
108 5400 0.0
108 5401 0.0
108 5402 0.0
108 5403 0.0
108 5404 0.0
108 5405 0.0
108 5406 0.0
108 5407 0.0
108 5408 0.0
108 5409 0.0
108 5410 0.0
108 5411 0.0
108 5412 0.0
108 5413 0.0
108 5414 0.0
108 5415 0.0
108 5416 0.0
108 5417 0.0
108 5418 -0.0
108 5419 0.0
108 5420 -0.0
108 5421 0.0
108 5422 0.0
108 5423 0.0
108 5424 -0.0
108 5425 -0.0
108 5426 -0.0
108 5427 -0.0
108 5428 -0.0
108 5429 0.0
108 5430 0.0
108 5431 0.0
108 5432 0.0
108 5433 0.0
108 5434 0.0
108 5435 -0.0
109 5436 0.0
109 5437 0.0
109 5438 0.0
109 5439 0.0
109 5440 0.0
109 5441 0.0
109 5442 0.0
109 5443 0.0
109 5444 0.0
109 5445 0.0
109 5446 0.0
109 5447 0.0
109 5448 0.0
109 5449 0.0
109 5450 0.0
109 5451 0.0
109 5452 0.0
109 5453 -0.0
109 5454 0.0
109 5455 0.0
109 5456 0.0
109 5457 0.0
109 5458 -0.0
109 5459 0.0
109 5460 0.0
109 5461 0.0
109 5462 0.0
109 5463 0.0
109 5464 0.0
109 5465 0.0
109 5466 0.0
109 5467 0.0
109 5468 0.0
109 5469 0.0
109 5470 0.0
109 5471 0.0
109 5472 0.0
109 5473 0.0
109 5474 0.0
109 5475 0.0
109 5476 -0.0
109 5477 0.0
109 5478 0.0
109 5479 0.0
109 5480 -0.0
109 5481 0.0
109 5482 -0.0
109 5483 0.0
109 5484 -0.0
109 5485 0.0
110 5486 0.0
110 5487 0.0
110 5488 -0.0
110 5489 -0.0
110 5490 -0.0
110 5491 0.0
110 5492 -0.0
110 5493 -0.0
110 5494 -0.0
110 5495 -0.0
110 5496 -0.0
110 5497 -0.0
110 5498 -0.0
110 5499 0.0
110 5500 0.0
110 5501 -0.0
110 5502 -0.0
110 5503 -0.0
110 5504 -0.0
110 5505 -0.0
110 5506 -0.0
110 5507 -0.0
110 5508 -0.0
110 5509 -0.0
110 5510 -0.0
110 5511 -0.0
110 5512 0.0
110 5513 -0.0
110 5514 -0.0
110 5515 -0.0
110 5516 -0.0
110 5517 -0.0
110 5518 -0.0
110 5519 -0.0
110 5520 -0.0
110 5521 0.0
110 5522 -0.0
110 5523 -0.0
110 5524 -0.0
110 5525 -0.0
110 5526 -0.0
110 5527 -0.0
110 5528 -0.0
110 5529 -0.0
110 5530 -0.0
110 5531 -0.0
110 5532 -0.0
110 5533 -0.0
110 5534 -0.0
110 5535 -0.0
111 5536 -0.0
111 5537 -0.0
111 5538 -0.0
111 5539 -0.0
111 5540 -0.0
111 5541 -0.0
111 5542 -0.0
111 5543 -0.0
111 5544 -0.0
111 5545 -0.0
111 5546 -0.0
111 5547 -0.0
111 5548 -0.0
111 5549 -0.0
111 5550 -0.0
111 5551 -0.0
111 5552 -0.0
111 5553 -0.0
111 5554 -0.0
111 5555 -0.0
111 5556 -0.0
111 5557 -0.0
111 5558 -0.0
111 5559 -0.0
111 5560 -0.0
111 5561 -0.0
111 5562 -0.0
111 5563 -0.0
111 5564 0.0
111 5565 -0.0
111 5566 -0.0
111 5567 -0.0
111 5568 -0.0
111 5569 -0.0
111 5570 -0.0
111 5571 -0.0
111 5572 -0.0
111 5573 -0.0
111 5574 -0.0
111 5575 0.0
111 5576 -0.0
111 5577 -0.0
111 5578 -0.0
111 5579 -0.0
111 5580 -0.0
111 5581 -0.0
111 5582 -0.0
111 5583 -0.0
111 5584 0.0
111 5585 0.0
111 5586 0.0
111 5587 -0.0
112 5588 -0.0
112 5589 0.0
112 5590 -0.0
112 5591 0.0
112 5592 -0.0
112 5593 0.0
112 5594 -0.0
112 5595 -0.0
112 5596 -0.0
112 5597 0.0
112 5598 -0.0
112 5599 0.0
112 5600 0.0
112 5601 0.0
112 5602 0.0
112 5603 0.0
112 5604 0.0
112 5605 0.0
112 5606 0.0
112 5607 0.0
112 5608 0.0
112 5609 0.0
112 5610 0.0
112 5611 0.0
112 5612 0.0
112 5613 0.0
112 5614 0.0
112 5615 0.0
112 5616 0.0
112 5617 0.0
112 5618 0.0
112 5619 0.0
112 5620 0.0
112 5621 0.0
112 5622 0.0
112 5623 -0.0
112 5624 0.0
112 5625 -0.0
112 5626 0.0
112 5627 0.0
112 5628 0.0
112 5629 0.0
112 5630 0.0
112 5631 0.0
112 5632 0.0
112 5633 0.0
112 5634 0.0
112 5635 0.0
112 5636 0.0
112 5637 0.0
112 5638 0.0
112 5639 0.0
112 5640 0.0
112 5641 0.0
112 5642 0.0
112 5643 0.0
113 5644 0.0
113 5645 0.0
113 5646 0.0
113 5647 0.0
113 5648 0.0
113 5649 0.0
113 5650 0.0
113 5651 0.0
113 5652 0.0
113 5653 0.0
113 5654 0.0
113 5655 0.0
113 5656 0.0
113 5657 0.0
113 5658 0.0
113 5659 0.0
113 5660 0.0
113 5661 0.0
113 5662 0.0
113 5663 0.0
113 5664 0.0
113 5665 0.0
113 5666 0.0
113 5667 0.0
113 5668 0.0
113 5669 0.0
113 5670 0.0
113 5671 0.0
113 5672 0.0
113 5673 0.0
113 5674 0.0
113 5675 0.0
113 5676 0.0
113 5677 0.0
113 5678 0.0
113 5679 0.0
113 5680 0.0
113 5681 0.0
113 5682 0.0
113 5683 0.0
113 5684 0.0
113 5685 0.0
113 5686 0.0
113 5687 0.0
113 5688 0.0
113 5689 0.0
113 5690 0.0
113 5691 0.0
114 5692 0.0
114 5693 0.0
114 5694 0.0
114 5695 0.0
114 5696 0.0
114 5697 0.0
114 5698 0.0
114 5699 0.0
114 5700 0.0
114 5701 0.0
114 5702 0.0
114 5703 0.0
114 5704 0.0
114 5705 0.0
114 5706 0.0
114 5707 -0.0
114 5708 0.0
114 5709 0.0
114 5710 0.0
114 5711 0.0
114 5712 -0.0
114 5713 0.0
114 5714 0.0
114 5715 0.0
114 5716 0.0
114 5717 0.0
114 5718 0.0
114 5719 0.0
114 5720 0.0
114 5721 0.0
114 5722 0.0
114 5723 0.0
114 5724 0.0
114 5725 0.0
114 5726 0.0
114 5727 0.0
114 5728 0.0
114 5729 0.0
114 5730 0.0
114 5731 -0.0
114 5732 0.0
114 5733 0.0
114 5734 -0.0
114 5735 -0.0
114 5736 -0.0
114 5737 -0.0
114 5738 -0.0
114 5739 -0.0
114 5740 0.0
115 5741 -0.0
115 5742 -0.0
115 5743 -0.0
115 5744 -0.0
115 5745 -0.0
115 5746 -0.0
115 5747 -0.0
115 5748 -0.0
115 5749 -0.0
115 5750 -0.0
115 5751 -0.0
115 5752 -0.0
115 5753 -0.0
115 5754 -0.0
115 5755 -0.0
115 5756 -0.0
115 5757 -0.0
115 5758 -0.0
115 5759 -0.0
115 5760 -0.0
115 5761 -0.0
115 5762 -0.0
115 5763 -0.0
115 5764 -0.0
115 5765 -0.0
115 5766 0.0
115 5767 -0.0
115 5768 -0.0
115 5769 -0.0
115 5770 -0.0
115 5771 -0.0
115 5772 -0.0
115 5773 -0.0
115 5774 -0.0
115 5775 -0.0
115 5776 -0.0
115 5777 -0.0
115 5778 -0.0
115 5779 -0.0
115 5780 -0.0
115 5781 -0.0
115 5782 -0.0
115 5783 -0.0
115 5784 -0.0
115 5785 -0.0
115 5786 -0.0
115 5787 -0.0
115 5788 -0.0
115 5789 -0.0
115 5790 -0.0
115 5791 0.0
115 5792 -0.0
115 5793 -0.0
116 5794 -0.0
116 5795 0.0
116 5796 -0.0
116 5797 -0.0
116 5798 -0.0
116 5799 -0.0
116 5800 -0.0
116 5801 -0.0
116 5802 -0.0
116 5803 -0.0
116 5804 -0.0
116 5805 -0.0
116 5806 0.0
116 5807 0.0
116 5808 0.0
116 5809 0.0
116 5810 -0.0
116 5811 0.0
116 5812 0.0
116 5813 -0.0
116 5814 0.0
116 5815 -0.0
116 5816 0.0
116 5817 0.0
116 5818 0.0
116 5819 0.0
116 5820 0.0
116 5821 0.0
116 5822 0.0
116 5823 0.0
116 5824 0.0
116 5825 0.0
116 5826 0.0
116 5827 0.0
116 5828 0.0
116 5829 0.0
116 5830 -0.0
116 5831 0.0
116 5832 -0.0
116 5833 -0.0
116 5834 -0.0
116 5835 0.0
116 5836 0.0
116 5837 -0.0
116 5838 -0.0
116 5839 -0.0
116 5840 -0.0
116 5841 -0.0
116 5842 -0.0
116 5843 -0.0
116 5844 -0.0
116 5845 -0.0
117 5846 -0.0
117 5847 -0.0
117 5848 -0.0
117 5849 0.0
117 5850 -0.0
117 5851 0.0
117 5852 0.0
117 5853 -0.0
117 5854 0.0
117 5855 0.0
117 5856 0.0
117 5857 0.0
117 5858 0.0
117 5859 0.0
117 5860 -0.0
117 5861 -0.0
117 5862 -0.0
117 5863 -0.0
117 5864 -0.0
117 5865 -0.0
117 5866 -0.0
117 5867 0.0
117 5868 0.0
117 5869 0.0
117 5870 0.0
117 5871 0.0
117 5872 0.0
117 5873 0.0
117 5874 0.0
117 5875 0.0
117 5876 0.0
117 5877 0.0
117 5878 0.0
117 5879 0.0
117 5880 0.0
117 5881 0.0
117 5882 0.0
117 5883 0.0
117 5884 -0.0
117 5885 -0.0
117 5886 0.0
117 5887 -0.0
117 5888 -0.0
117 5889 -0.0
117 5890 0.0
117 5891 -0.0
117 5892 0.0
117 5893 -0.0
117 5894 -0.0
117 5895 0.0
117 5896 -0.0
117 5897 0.0
118 5898 -0.0
118 5899 0.0
118 5900 0.0
118 5901 -0.0
118 5902 0.0
118 5903 0.0
118 5904 0.0
118 5905 0.0
118 5906 0.0
118 5907 0.0
118 5908 0.0
118 5909 0.0
118 5910 0.0
118 5911 0.0
118 5912 0.0
118 5913 0.0
118 5914 0.0
118 5915 0.0
118 5916 0.0
118 5917 0.0
118 5918 0.0
118 5919 0.0
118 5920 0.0
118 5921 0.0
118 5922 0.0
118 5923 0.0
118 5924 0.0
118 5925 0.0
118 5926 0.0
118 5927 0.0
118 5928 0.0
118 5929 0.0
118 5930 0.0
118 5931 0.0
118 5932 0.0
118 5933 0.0
118 5934 0.0
118 5935 0.0
118 5936 0.0
118 5937 0.0
118 5938 0.0
118 5939 0.0
118 5940 0.0
118 5941 0.0
118 5942 0.0
118 5943 0.0
118 5944 0.0
118 5945 0.0
118 5946 0.0
118 5947 0.0
118 5948 0.0
118 5949 0.0
119 5950 0.0
119 5951 0.0
119 5952 0.0
119 5953 0.0
119 5954 0.0
119 5955 0.0
119 5956 0.0
119 5957 0.0
119 5958 0.0
119 5959 0.0
119 5960 0.0
119 5961 0.0
119 5962 0.0
119 5963 0.0
119 5964 0.0
119 5965 0.0
119 5966 0.0
119 5967 0.0
119 5968 0.0
119 5969 0.0
119 5970 0.0
119 5971 0.0
119 5972 0.0
119 5973 0.0
119 5974 0.0
119 5975 0.0
119 5976 0.0
119 5977 0.0
119 5978 0.0
119 5979 0.0
119 5980 0.0
119 5981 0.0
119 5982 0.0
119 5983 0.0
119 5984 0.0
119 5985 0.0
119 5986 -0.0
119 5987 0.0
119 5988 0.0
119 5989 0.0
119 5990 0.0
119 5991 0.0
119 5992 0.0
119 5993 0.0
119 5994 0.0
119 5995 0.0
119 5996 0.0
119 5997 0.0
119 5998 0.0
120 5999 0.0
120 6000 0.0
120 6001 0.0
120 6002 0.0
120 6003 0.0
120 6004 0.0
120 6005 0.0
120 6006 0.0
120 6007 0.0
120 6008 0.0
120 6009 0.0
120 6010 0.0
120 6011 0.0
120 6012 0.0
120 6013 0.0
120 6014 0.0
120 6015 0.0
120 6016 0.0
120 6017 0.0
120 6018 0.0
120 6019 0.0
120 6020 -0.0
120 6021 0.0
120 6022 -0.0
120 6023 0.0
120 6024 0.0
120 6025 0.0
120 6026 0.0
120 6027 0.0
120 6028 0.0
120 6029 0.0
120 6030 0.0
120 6031 0.0
120 6032 0.0
120 6033 0.0
120 6034 0.0
120 6035 0.0
120 6036 0.0
120 6037 0.0
120 6038 0.0
120 6039 0.0
120 6040 0.0
120 6041 0.0
120 6042 0.0
120 6043 0.0
120 6044 0.0
120 6045 0.0
120 6046 0.0
120 6047 0.0
120 6048 0.0
120 6049 0.0
121 6050 0.0
