0 1 -0.0
0 2 0.0
0 3 0.0
0 4 -0.0
1 5 -0.0
1 6 -0.0
1 7 -0.0
1 8 -0.0
1 9 -0.0
1 10 0.0
1 11 -0.0
1 12 -0.0
1 13 0.0
1 14 0.0
1 15 0.0
1 16 -0.0
1 17 -0.0
1 18 -0.0
1 19 -0.0
1 20 -0.0
1 21 -0.0
1 22 -0.0
1 23 0.0
1 24 0.0
1 25 -0.0
1 26 -0.0
1 27 -0.0
1 28 -0.0
1 29 -0.0
1 30 -0.0
1 31 -0.0
1 32 -0.0
1 33 -0.0
1 34 -0.0
1 35 -0.0
1 36 -0.0
1 37 -0.0
1 38 -0.0
1 39 -0.0
1 40 -0.0
1 41 -0.0
1 42 -0.0
1 43 -0.0
1 44 -0.0
1 45 -0.0
1 46 -0.0
1 47 0.0
1 48 -0.0
1 49 -0.0
1 50 -0.0
1 51 -0.0
1 52 -0.0
1 53 -0.0
1 54 -0.0
2 55 -0.0
2 56 -0.0
2 57 -0.0
2 58 -0.0
2 59 -0.0
2 60 -0.0
2 61 -0.0
2 62 -0.0
2 63 -0.0
2 64 -0.0
2 65 -0.0
2 66 -0.0
2 67 -0.0
2 68 -0.0
2 69 -0.0
2 70 -0.0
2 71 -0.0
2 72 -0.0
2 73 -0.0
2 74 -0.0
2 75 -0.0
2 76 -0.0
2 77 -0.0
2 78 -0.0
2 79 -0.0
2 80 -0.0
2 81 0.0
2 82 0.0
2 83 -0.0
2 84 -0.0
2 85 0.0
2 86 -0.0
2 87 -0.0
2 88 0.0
2 89 -0.0
2 90 -0.0
2 91 -0.0
2 92 0.0
2 93 0.0
2 94 -0.0
2 95 0.0
2 96 0.0
2 97 0.0
2 98 0.0
2 99 0.0
2 100 0.0
2 101 0.0
2 102 0.0
2 103 0.0
2 104 0.0
2 105 0.0
3 106 0.0
3 107 0.0
3 108 0.0
3 109 0.0
3 110 0.0
3 111 0.0
3 112 0.0
3 113 0.0
3 114 0.0
3 115 0.0
3 116 0.0
3 117 0.0
3 118 0.0
3 119 0.0
3 120 0.0
3 121 0.0
3 122 0.0
3 123 0.0
3 124 0.0
3 125 0.0
3 126 0.0
3 127 -0.0
3 128 -0.0
3 129 -0.0
3 130 -0.0
3 131 0.0
3 132 0.0
3 133 0.0
3 134 0.0
3 135 -0.0
3 136 0.0
3 137 0.0
3 138 0.0
3 139 0.0
3 140 0.0
3 141 0.0
3 142 0.0
3 143 0.0
3 144 0.0
3 145 0.0
3 146 0.0
3 147 0.0
3 148 0.0
3 149 0.0
4 150 0.0
4 151 0.0
4 152 0.0
4 153 0.0
4 154 0.0
4 155 0.0
4 156 0.0
4 157 0.0
4 158 0.0
4 159 0.0
4 160 0.0
4 161 0.0
4 162 0.0
4 163 0.0
4 164 0.0
4 165 0.0
4 166 0.0
4 167 -0.0
4 168 0.0
4 169 0.0
4 170 0.0
4 171 0.0
4 172 0.0
4 173 0.0
4 174 0.0
4 175 0.0
4 176 0.0
4 177 0.0
4 178 0.0
4 179 0.0
4 180 0.0
4 181 0.0
4 182 0.0
4 183 0.0
4 184 0.0
4 185 0.0
4 186 0.0
4 187 0.0
4 188 0.0
4 189 0.0
4 190 0.0
4 191 0.0
4 192 0.0
4 193 0.0
4 194 0.0
4 195 0.0
4 196 0.0
4 197 0.0
4 198 0.0
4 199 -0.0
4 200 -0.0
4 201 -0.0
5 202 0.0
5 203 0.0
5 204 0.0
5 205 -0.0
5 206 0.0
5 207 -0.0
5 208 0.0
5 209 0.0
5 210 0.0
5 211 0.0
5 212 0.0
5 213 0.0
5 214 0.0
5 215 0.0
5 216 0.0
5 217 0.0
5 218 0.0
5 219 0.0
5 220 0.0
5 221 0.0
5 222 0.0
5 223 0.0
5 224 0.0
5 225 0.0
5 226 0.0
5 227 0.0
5 228 0.0
5 229 0.0
5 230 0.0
5 231 0.0
5 232 0.0
5 233 0.0
5 234 0.0
5 235 0.0
5 236 0.0
5 237 0.0
5 238 0.0
5 239 0.0
5 240 0.0
5 241 0.0
5 242 0.0
5 243 0.0
5 244 -0.0
5 245 0.0
5 246 -0.0
5 247 -0.0
5 248 -0.0
5 249 -0.0
6 250 0.0
6 251 0.0
6 252 -0.0
6 253 -0.0
6 254 0.0
6 255 0.0
6 256 0.0
6 257 0.0
6 258 0.0
6 259 0.0
6 260 -0.0
6 261 0.0
6 262 0.0
6 263 0.0
6 264 0.0
6 265 0.0
6 266 0.0
6 267 0.0
6 268 0.0
6 269 0.0
6 270 0.0
6 271 0.0
6 272 0.0
6 273 0.0
6 274 0.0
6 275 0.0
6 276 0.0
6 277 0.0
6 278 0.0
6 279 0.0
6 280 0.0
6 281 0.0
6 282 0.0
6 283 0.0
6 284 0.0
6 285 0.0
6 286 0.0
6 287 0.0
6 288 0.0
6 289 0.0
6 290 0.0
6 291 0.0
6 292 0.0
6 293 0.0
6 294 0.0
6 295 0.0
6 296 0.0
6 297 0.0
6 298 0.0
6 299 0.0
7 300 0.0
7 301 0.0
7 302 0.0
7 303 0.0
7 304 0.0
7 305 0.0
7 306 0.0
7 307 0.0
7 308 -0.0
7 309 -0.0
7 310 0.0
7 311 0.0
7 312 -0.0
7 313 0.0
7 314 0.0
7 315 0.0
7 316 0.0
7 317 0.0
7 318 0.0
7 319 0.0
7 320 0.0
7 321 0.0
7 322 0.0
7 323 0.0
7 324 0.0
7 325 0.0
7 326 0.0
7 327 0.0
7 328 0.0
7 329 0.0
7 330 0.0
7 331 0.0
7 332 0.0
7 333 0.0
7 334 0.0
7 335 0.0
7 336 0.0
7 337 0.0
7 338 0.0
7 339 0.0
7 340 0.0
7 341 0.0
7 342 0.0
7 343 0.0
7 344 0.0
7 345 -0.0
7 346 -0.0
7 347 0.0
7 348 0.0
8 349 0.0
8 350 0.0
8 351 0.0
8 352 0.0
8 353 0.0
8 354 0.0
8 355 0.0
8 356 0.0
8 357 0.0
8 358 0.0
8 359 0.0
8 360 0.0
8 361 0.0
8 362 0.0
8 363 0.0
8 364 0.0
8 365 0.0
8 366 0.0
8 367 0.0
8 368 0.0
8 369 0.0
8 370 0.0
8 371 0.0
8 372 0.0
8 373 0.0
8 374 0.0
8 375 0.0
8 376 0.0
8 377 0.0
8 378 0.0
8 379 0.0
8 380 -0.0
8 381 0.0
8 382 -0.0
8 383 0.0
8 384 0.0
8 385 -0.0
8 386 -0.0
8 387 -0.0
8 388 -0.0
8 389 0.0
8 390 -0.0
8 391 -0.0
8 392 -0.0
8 393 0.0
8 394 0.0
8 395 0.0
8 396 0.0
8 397 -0.0
8 398 0.0
8 399 0.0
9 400 0.0
9 401 0.0
9 402 0.0
9 403 0.0
9 404 0.0
9 405 0.0
9 406 0.0
9 407 0.0
9 408 0.0
9 409 0.0
9 410 0.0
9 411 0.0
9 412 0.0
9 413 0.0
9 414 0.0
9 415 0.0
9 416 -0.0
9 417 -0.0
9 418 -0.0
9 419 0.0
9 420 0.0
9 421 -0.0
9 422 -0.0
9 423 -0.0
9 424 0.0
9 425 0.0
9 426 0.0
9 427 0.0
9 428 -0.0
9 429 -0.0
9 430 -0.0
9 431 -0.0
9 432 -0.0
9 433 -0.0
9 434 -0.0
9 435 -0.0
9 436 -0.0
9 437 -0.0
9 438 -0.0
9 439 -0.0
9 440 -0.0
9 441 -0.0
9 442 -0.0
9 443 -0.0
9 444 -0.0
9 445 -0.0
9 446 -0.0
9 447 -0.0
9 448 -0.0
9 449 -0.0
10 450 -0.0
10 451 0.0
10 452 -0.0
10 453 -0.0
10 454 -0.0
10 455 -0.0
10 456 -0.0
10 457 -0.0
10 458 -0.0
10 459 -0.0
10 460 -0.0
10 461 -0.0
10 462 -0.0
10 463 -0.0
10 464 -0.0
10 465 -0.0
10 466 -0.0
10 467 0.0
10 468 -0.0
10 469 0.0
10 470 -0.0
10 471 -0.0
10 472 -0.0
10 473 -0.0
10 474 -0.0
10 475 -0.0
10 476 -0.0
10 477 -0.0
10 478 -0.0
10 479 -0.0
10 480 -0.0
10 481 -0.0
10 482 -0.0
10 483 -0.0
10 484 -0.0
10 485 -0.0
10 486 -0.0
10 487 -0.0
10 488 -0.0
10 489 -0.0
10 490 -0.0
10 491 -0.0
10 492 -0.0
10 493 -0.0
10 494 -0.0
10 495 -0.0
10 496 -0.0
10 497 -0.0
10 498 -0.0
10 499 -0.0
10 500 -0.0
11 501 -0.0
11 502 -0.0
11 503 -0.0
11 504 -0.0
11 505 -0.0
11 506 -0.0
11 507 -0.0
11 508 -0.0
11 509 -0.0
11 510 -0.0
11 511 -0.0
11 512 0.0
11 513 0.0
11 514 -0.0
11 515 -0.0
11 516 -0.0
11 517 0.0
11 518 -0.0
11 519 0.0
11 520 -0.0
11 521 0.0
11 522 -0.0
11 523 -0.0
11 524 0.0
11 525 -0.0
11 526 -0.0
11 527 0.0
11 528 0.0
11 529 -0.0
11 530 -0.0
11 531 0.0
11 532 -0.0
11 533 0.0
11 534 -0.0
11 535 0.0
11 536 0.0
11 537 -0.0
11 538 -0.0
11 539 -0.0
11 540 -0.0
11 541 -0.0
11 542 -0.0
11 543 -0.0
11 544 -0.0
11 545 -0.0
11 546 -0.0
11 547 -0.0
11 548 -0.0
11 549 0.0
11 550 -0.0
12 551 0.0
12 552 0.0
12 553 0.0
12 554 -0.0
12 555 -0.0
12 556 -0.0
12 557 -0.0
12 558 -0.0
12 559 -0.0
12 560 -0.0
12 561 -0.0
12 562 -0.0
12 563 -0.0
12 564 -0.0
12 565 -0.0
12 566 -0.0
12 567 -0.0
12 568 -0.0
12 569 -0.0
12 570 -0.0
12 571 -0.0
12 572 -0.0
12 573 -0.0
12 574 -0.0
12 575 -0.0
12 576 -0.0
12 577 -0.0
12 578 -0.0
12 579 0.0
12 580 -0.0
12 581 -0.0
12 582 -0.0
12 583 -0.0
12 584 -0.0
12 585 -0.0
12 586 -0.0
12 587 -0.0
12 588 -0.0
12 589 -0.0
12 590 -0.0
12 591 -0.0
12 592 -0.0
12 593 -0.0
12 594 -0.0
12 595 -0.0
12 596 -0.0
12 597 -0.0
12 598 -0.0
12 599 -0.0
12 600 -0.0
12 601 -0.0
13 602 -0.0
13 603 -0.0
13 604 -0.0
13 605 -0.0
13 606 -0.0
13 607 -0.0
13 608 -0.0
13 609 -0.0
13 610 -0.0
13 611 -0.0
13 612 -0.0
13 613 -0.0
13 614 -0.0
13 615 -0.0
13 616 -0.0
13 617 -0.0
13 618 -0.0
13 619 -0.0
13 620 -0.0
13 621 -0.0
13 622 -0.0
13 623 -0.0
13 624 -0.0
13 625 -0.0
13 626 -0.0
13 627 -0.0
13 628 -0.0
13 629 -0.0
13 630 -0.0
13 631 -0.0
13 632 -0.0
13 633 -0.0
13 634 -0.0
13 635 -0.0
13 636 -0.0
13 637 -0.0
13 638 -0.0
13 639 -0.0
13 640 -0.0
13 641 -0.0
13 642 -0.0
13 643 -0.0
13 644 -0.0
13 645 -0.0
13 646 -0.0
13 647 -0.0
13 648 -0.0
13 649 -0.0
13 650 -0.0
13 651 -0.0
13 652 -0.0
14 653 -0.0
14 654 -0.0
14 655 -0.0
14 656 -0.0
14 657 -0.0
14 658 -0.0
14 659 -0.0
14 660 -0.0
14 661 -0.0
14 662 -0.0
14 663 -0.0
14 664 -0.0
14 665 -0.0
14 666 -0.0
14 667 -0.0
14 668 -0.0
14 669 -0.0
14 670 -0.0
14 671 -0.0
14 672 -0.0
14 673 -0.0
14 674 -0.0
14 675 -0.0
14 676 0.0
14 677 0.0
14 678 -0.0
14 679 -0.0
14 680 0.0
14 681 -0.0
14 682 -0.0
14 683 -0.0
14 684 0.0
14 685 0.0
14 686 -0.0
14 687 -0.0
14 688 -0.0
14 689 0.0
14 690 0.0
14 691 0.0
14 692 0.0
14 693 0.0
14 694 0.0
14 695 0.0
14 696 0.0
14 697 0.0
14 698 0.0
14 699 0.0
14 700 0.0
14 701 0.0
14 702 0.0
14 703 0.0
14 704 0.0
14 705 0.0
15 706 0.0
15 707 0.0
15 708 0.0
15 709 0.0
15 710 0.0
15 711 0.0
15 712 0.0
15 713 -0.0
15 714 0.0
15 715 0.0
15 716 0.0
15 717 0.0
15 718 0.0
15 719 0.0
15 720 0.0
15 721 0.0
15 722 0.0
15 723 0.0
15 724 0.0
15 725 0.0
15 726 0.0
15 727 0.0
15 728 0.0
15 729 0.0
15 730 -0.0
15 731 0.0
15 732 0.0
15 733 0.0
15 734 0.0
15 735 0.0
15 736 0.0
15 737 -0.0
15 738 0.0
15 739 -0.0
15 740 -0.0
15 741 0.0
15 742 -0.0
15 743 0.0
15 744 -0.0
15 745 0.0
15 746 0.0
15 747 -0.0
15 748 0.0
15 749 0.0
15 750 0.0
15 751 0.0
15 752 0.0
15 753 0.0
15 754 0.0
15 755 0.0
16 756 0.0
16 757 0.0
16 758 0.0
16 759 0.0
16 760 0.0
16 761 0.0
16 762 0.0
16 763 0.0
16 764 0.0
16 765 0.0
16 766 0.0
16 767 -0.0
16 768 -0.0
16 769 -0.0
16 770 0.0
16 771 0.0
16 772 -0.0
16 773 -0.0
16 774 -0.0
16 775 0.0
16 776 0.0
16 777 -0.0
16 778 -0.0
16 779 -0.0
16 780 -0.0
16 781 -0.0
16 782 -0.0
16 783 0.0
16 784 -0.0
16 785 -0.0
16 786 -0.0
16 787 -0.0
16 788 -0.0
16 789 -0.0
16 790 -0.0
16 791 0.0
16 792 0.0
16 793 0.0
16 794 -0.0
16 795 -0.0
16 796 0.0
16 797 0.0
16 798 0.0
16 799 0.0
16 800 0.0
16 801 0.0
16 802 0.0
16 803 0.0
16 804 0.0
16 805 0.0
16 806 0.0
16 807 0.0
16 808 0.0
16 809 0.0
16 810 0.0
16 811 0.0
17 812 0.0
17 813 0.0
17 814 0.0
17 815 0.0
17 816 0.0
17 817 0.0
17 818 0.0
17 819 0.0
17 820 0.0
17 821 0.0
17 822 0.0
17 823 0.0
17 824 0.0
17 825 0.0
17 826 0.0
17 827 -0.0
17 828 -0.0
17 829 -0.0
17 830 -0.0
17 831 -0.0
17 832 -0.0
17 833 -0.0
17 834 0.0
17 835 0.0
17 836 -0.0
17 837 -0.0
17 838 -0.0
17 839 -0.0
17 840 -0.0
17 841 -0.0
17 842 -0.0
17 843 -0.0
17 844 -0.0
17 845 -0.0
17 846 -0.0
17 847 -0.0
17 848 -0.0
17 849 -0.0
17 850 -0.0
17 851 -0.0
17 852 -0.0
17 853 -0.0
17 854 -0.0
17 855 -0.0
17 856 -0.0
17 857 -0.0
17 858 -0.0
17 859 -0.0
17 860 -0.0
17 861 -0.0
17 862 -0.0
17 863 -0.0
18 864 -0.0
18 865 -0.0
18 866 0.0
18 867 0.0
18 868 -0.0
18 869 0.0
18 870 0.0
18 871 0.0
18 872 0.0
18 873 -0.0
18 874 0.0
18 875 -0.0
18 876 -0.0
18 877 0.0
18 878 -0.0
18 879 0.0
18 880 0.0
18 881 -0.0
18 882 0.0
18 883 0.0
18 884 0.0
18 885 0.0
18 886 0.0
18 887 0.0
18 888 0.0
18 889 -0.0
18 890 0.0
18 891 0.0
18 892 0.0
18 893 -0.0
18 894 0.0
18 895 -0.0
18 896 -0.0
18 897 -0.0
18 898 -0.0
18 899 -0.0
18 900 -0.0
18 901 -0.0
18 902 -0.0
18 903 -0.0
18 904 -0.0
18 905 -0.0
18 906 -0.0
18 907 -0.0
18 908 -0.0
18 909 -0.0
18 910 -0.0
18 911 -0.0
18 912 -0.0
18 913 -0.0
19 914 -0.0
19 915 -0.0
19 916 -0.0
19 917 -0.0
19 918 -0.0
19 919 -0.0
19 920 -0.0
19 921 -0.0
19 922 -0.0
19 923 -0.0
19 924 -0.0
19 925 -0.0
19 926 -0.0
19 927 -0.0
19 928 -0.0
19 929 -0.0
19 930 -0.0
19 931 -0.0
19 932 -0.0
19 933 -0.0
19 934 -0.0
19 935 -0.0
19 936 -0.0
19 937 -0.0
19 938 -0.0
19 939 -0.0
19 940 -0.0
19 941 -0.0
19 942 -0.0
19 943 -0.0
19 944 -0.0
19 945 -0.0
19 946 -0.0
19 947 -0.0
19 948 -0.0
19 949 -0.0
19 950 -0.0
19 951 -0.0
19 952 -0.0
19 953 -0.0
19 954 -0.0
19 955 -0.0
19 956 -0.0
19 957 -0.0
19 958 -0.0
19 959 -0.0
19 960 0.0
19 961 0.0
19 962 0.0
19 963 -0.0
19 964 -0.0
19 965 -0.0
20 966 -0.0
20 967 -0.0
20 968 -0.0
20 969 -0.0
20 970 -0.0
20 971 -0.0
20 972 -0.0
20 973 -0.0
20 974 -0.0
20 975 -0.0
20 976 -0.0
20 977 -0.0
20 978 -0.0
20 979 -0.0
20 980 -0.0
20 981 -0.0
20 982 -0.0
20 983 -0.0
20 984 -0.0
20 985 -0.0
20 986 0.0
20 987 -0.0
20 988 -0.0
20 989 -0.0
20 990 -0.0
20 991 -0.0
20 992 -0.0
20 993 -0.0
20 994 -0.0
20 995 -0.0
20 996 -0.0
20 997 -0.0
20 998 -0.0
20 999 -0.0
20 1000 -0.0
20 1001 -0.0
20 1002 -0.0
20 1003 -0.0
20 1004 -0.0
20 1005 -0.0
20 1006 -0.0
20 1007 -0.0
20 1008 -0.0
20 1009 -0.0
20 1010 -0.0
20 1011 -0.0
20 1012 -0.0
20 1013 -0.0
20 1014 -0.0
20 1015 -0.0
20 1016 -0.0
20 1017 -0.0
20 1018 -0.0
21 1019 -0.0
21 1020 -0.0
21 1021 -0.0
21 1022 0.0
21 1023 0.0
21 1024 0.0
21 1025 -0.0
21 1026 0.0
21 1027 -0.0
21 1028 0.0
21 1029 -0.0
21 1030 -0.0
21 1031 -0.0
21 1032 -0.0
21 1033 -0.0
21 1034 0.0
21 1035 -0.0
21 1036 -0.0
21 1037 0.0
21 1038 -0.0
21 1039 0.0
21 1040 0.0
21 1041 0.0
21 1042 0.0
21 1043 0.0
21 1044 0.0
21 1045 0.0
21 1046 0.0
21 1047 0.0
21 1048 0.0
21 1049 0.0
21 1050 0.0
21 1051 0.0
21 1052 0.0
21 1053 0.0
21 1054 0.0
21 1055 0.0
21 1056 0.0
21 1057 0.0
21 1058 0.0
21 1059 0.0
21 1060 0.0
21 1061 0.0
21 1062 -0.0
21 1063 -0.0
21 1064 -0.0
21 1065 -0.0
21 1066 -0.0
21 1067 -0.0
21 1068 -0.0
21 1069 -0.0
21 1070 -0.0
21 1071 -0.0
21 1072 -0.0
22 1073 -0.0
22 1074 -0.0
22 1075 -0.0
22 1076 -0.0
22 1077 -0.0
22 1078 -0.0
22 1079 -0.0
22 1080 -0.0
22 1081 -0.0
22 1082 -0.0
22 1083 -0.0
22 1084 -0.0
22 1085 -0.0
22 1086 -0.0
22 1087 -0.0
22 1088 -0.0
22 1089 -0.0
22 1090 -0.0
22 1091 -0.0
22 1092 -0.0
22 1093 -0.0
22 1094 -0.0
22 1095 -0.0
22 1096 -0.0
22 1097 -0.0
22 1098 -0.0
22 1099 -0.0
22 1100 -0.0
22 1101 -0.0
22 1102 -0.0
22 1103 -0.0
22 1104 -0.0
22 1105 -0.0
22 1106 -0.0
22 1107 -0.0
22 1108 -0.0
22 1109 -0.0
22 1110 -0.0
22 1111 -0.0
22 1112 -0.0
22 1113 -0.0
22 1114 -0.0
22 1115 -0.0
22 1116 -0.0
22 1117 -0.0
22 1118 -0.0
22 1119 -0.0
22 1120 -0.0
22 1121 -0.0
22 1122 -0.0
23 1123 -0.0
23 1124 -0.0
23 1125 -0.0
23 1126 -0.0
23 1127 -0.0
23 1128 -0.0
23 1129 -0.0
23 1130 -0.0
23 1131 -0.0
23 1132 0.0
23 1133 -0.0
23 1134 -0.0
23 1135 -0.0
23 1136 -0.0
23 1137 -0.0
23 1138 0.0
23 1139 -0.0
23 1140 0.0
23 1141 0.0
23 1142 0.0
23 1143 -0.0
23 1144 -0.0
23 1145 -0.0
23 1146 0.0
23 1147 -0.0
23 1148 -0.0
23 1149 -0.0
23 1150 0.0
23 1151 -0.0
23 1152 -0.0
23 1153 -0.0
23 1154 -0.0
23 1155 -0.0
23 1156 -0.0
23 1157 -0.0
23 1158 0.0
23 1159 0.0
23 1160 -0.0
23 1161 -0.0
23 1162 -0.0
23 1163 -0.0
23 1164 -0.0
23 1165 -0.0
23 1166 -0.0
23 1167 -0.0
23 1168 -0.0
23 1169 -0.0
23 1170 -0.0
23 1171 -0.0
23 1172 -0.0
23 1173 -0.0
23 1174 -0.0
23 1175 -0.0
24 1176 -0.0
24 1177 -0.0
24 1178 -0.0
24 1179 -0.0
24 1180 -0.0
24 1181 -0.0
24 1182 -0.0
24 1183 -0.0
24 1184 -0.0
24 1185 0.0
24 1186 -0.0
24 1187 -0.0
24 1188 -0.0
24 1189 -0.0
24 1190 -0.0
24 1191 0.0
24 1192 -0.0
24 1193 -0.0
24 1194 -0.0
24 1195 -0.0
24 1196 0.0
24 1197 0.0
24 1198 0.0
24 1199 0.0
24 1200 0.0
24 1201 -0.0
24 1202 -0.0
24 1203 -0.0
24 1204 -0.0
24 1205 -0.0
24 1206 -0.0
24 1207 0.0
24 1208 -0.0
24 1209 -0.0
24 1210 0.0
24 1211 0.0
24 1212 -0.0
24 1213 0.0
24 1214 0.0
24 1215 0.0
24 1216 0.0
24 1217 -0.0
24 1218 -0.0
24 1219 0.0
24 1220 -0.0
24 1221 -0.0
24 1222 -0.0
24 1223 -0.0
24 1224 -0.0
24 1225 -0.0
24 1226 -0.0
24 1227 -0.0
24 1228 -0.0
24 1229 -0.0
24 1230 -0.0
24 1231 -0.0
25 1232 -0.0
25 1233 -0.0
25 1234 -0.0
25 1235 -0.0
25 1236 -0.0
25 1237 -0.0
25 1238 -0.0
25 1239 -0.0
25 1240 -0.0
25 1241 -0.0
25 1242 -0.0
25 1243 -0.0
25 1244 -0.0
25 1245 -0.0
25 1246 -0.0
25 1247 -0.0
25 1248 -0.0
25 1249 -0.0
25 1250 -0.0
25 1251 -0.0
25 1252 -0.0
25 1253 -0.0
25 1254 -0.0
25 1255 -0.0
25 1256 -0.0
25 1257 -0.0
25 1258 -0.0
25 1259 -0.0
25 1260 -0.0
25 1261 -0.0
25 1262 -0.0
25 1263 -0.0
25 1264 -0.0
25 1265 -0.0
25 1266 -0.0
25 1267 -0.0
25 1268 -0.0
25 1269 -0.0
25 1270 -0.0
25 1271 -0.0
25 1272 -0.0
25 1273 -0.0
25 1274 -0.0
25 1275 -0.0
25 1276 -0.0
25 1277 -0.0
25 1278 -0.0
25 1279 -0.0
25 1280 -0.0
25 1281 -0.0
25 1282 -0.0
26 1283 -0.0
26 1284 -0.0
26 1285 -0.0
26 1286 -0.0
26 1287 -0.0
26 1288 -0.0
26 1289 -0.0
26 1290 -0.0
26 1291 -0.0
26 1292 -0.0
26 1293 -0.0
26 1294 -0.0
26 1295 -0.0
26 1296 -0.0
26 1297 -0.0
26 1298 -0.0
26 1299 -0.0
26 1300 -0.0
26 1301 -0.0
26 1302 -0.0
26 1303 -0.0
26 1304 -0.0
26 1305 -0.0
26 1306 -0.0
26 1307 -0.0
26 1308 -0.0
26 1309 -0.0
26 1310 -0.0
26 1311 -0.0
26 1312 -0.0
26 1313 -0.0
26 1314 -0.0
26 1315 -0.0
26 1316 -0.0
26 1317 -0.0
26 1318 -0.0
26 1319 -0.0
26 1320 -0.0
26 1321 -0.0
26 1322 -0.0
26 1323 -0.0
26 1324 -0.0
26 1325 0.0
26 1326 -0.0
26 1327 -0.0
26 1328 -0.0
26 1329 -0.0
26 1330 0.0
26 1331 0.0
26 1332 0.0
27 1333 0.0
27 1334 0.0
27 1335 0.0
27 1336 0.0
27 1337 0.0
27 1338 0.0
27 1339 0.0
27 1340 0.0
27 1341 0.0
27 1342 0.0
27 1343 0.0
27 1344 0.0
27 1345 0.0
27 1346 0.0
27 1347 0.0
27 1348 0.0
27 1349 0.0
27 1350 0.0
27 1351 -0.0
27 1352 -0.0
27 1353 -0.0
27 1354 -0.0
27 1355 -0.0
27 1356 -0.0
27 1357 -0.0
27 1358 -0.0
27 1359 -0.0
27 1360 -0.0
27 1361 -0.0
27 1362 -0.0
27 1363 0.0
27 1364 -0.0
27 1365 0.0
27 1366 -0.0
27 1367 0.0
27 1368 0.0
27 1369 0.0
27 1370 0.0
27 1371 0.0
27 1372 0.0
27 1373 0.0
27 1374 0.0
27 1375 0.0
27 1376 0.0
27 1377 0.0
27 1378 0.0
27 1379 0.0
27 1380 0.0
27 1381 0.0
27 1382 0.0
27 1383 0.0
27 1384 0.0
27 1385 0.0
27 1386 0.0
27 1387 0.0
28 1388 0.0
28 1389 0.0
28 1390 0.0
28 1391 0.0
28 1392 0.0
28 1393 0.0
28 1394 0.0
28 1395 0.0
28 1396 0.0
28 1397 0.0
28 1398 0.0
28 1399 0.0
28 1400 0.0
28 1401 0.0
28 1402 0.0
28 1403 0.0
28 1404 0.0
28 1405 0.0
28 1406 0.0
28 1407 0.0
28 1408 0.0
28 1409 0.0
28 1410 0.0
28 1411 0.0
28 1412 0.0
28 1413 0.0
28 1414 0.0
28 1415 -0.0
28 1416 0.0
28 1417 0.0
28 1418 0.0
28 1419 0.0
28 1420 0.0
28 1421 0.0
28 1422 0.0
28 1423 0.0
28 1424 -0.0
28 1425 -0.0
28 1426 -0.0
28 1427 0.0
28 1428 -0.0
28 1429 0.0
28 1430 0.0
28 1431 0.0
28 1432 0.0
28 1433 0.0
28 1434 0.0
28 1435 0.0
28 1436 0.0
28 1437 0.0
28 1438 0.0
29 1439 0.0
29 1440 0.0
29 1441 0.0
29 1442 0.0
29 1443 0.0
29 1444 0.0
29 1445 0.0
29 1446 0.0
29 1447 0.0
29 1448 0.0
29 1449 0.0
29 1450 0.0
29 1451 0.0
29 1452 0.0
29 1453 0.0
29 1454 -0.0
29 1455 0.0
29 1456 0.0
29 1457 0.0
29 1458 0.0
29 1459 0.0
29 1460 0.0
29 1461 0.0
29 1462 0.0
29 1463 0.0
29 1464 0.0
29 1465 0.0
29 1466 0.0
29 1467 0.0
29 1468 0.0
29 1469 0.0
29 1470 0.0
29 1471 0.0
29 1472 0.0
29 1473 0.0
29 1474 0.0
29 1475 0.0
29 1476 0.0
29 1477 0.0
29 1478 0.0
29 1479 0.0
29 1480 0.0
29 1481 0.0
29 1482 0.0
29 1483 0.0
29 1484 0.0
29 1485 0.0
29 1486 0.0
29 1487 0.0
29 1488 0.0
29 1489 0.0
29 1490 0.0
30 1491 0.0
30 1492 0.0
30 1493 0.0
30 1494 0.0
30 1495 0.0
30 1496 0.0
30 1497 0.0
30 1498 0.0
30 1499 0.0
30 1500 0.0
30 1501 0.0
30 1502 0.0
30 1503 0.0
30 1504 0.0
30 1505 0.0
30 1506 0.0
30 1507 0.0
30 1508 0.0
30 1509 0.0
30 1510 0.0
30 1511 0.0
30 1512 0.0
30 1513 0.0
30 1514 0.0
30 1515 0.0
30 1516 0.0
30 1517 0.0
30 1518 0.0
30 1519 0.0
30 1520 0.0
30 1521 0.0
30 1522 0.0
30 1523 0.0
30 1524 0.0
30 1525 0.0
30 1526 0.0
30 1527 0.0
30 1528 0.0
30 1529 0.0
30 1530 0.0
30 1531 0.0
30 1532 0.0
30 1533 0.0
30 1534 0.0
30 1535 0.0
30 1536 0.0
30 1537 0.0
30 1538 0.0
30 1539 0.0
30 1540 0.0
30 1541 0.0
30 1542 0.0
31 1543 0.0
31 1544 0.0
31 1545 0.0
31 1546 0.0
31 1547 0.0
31 1548 0.0
31 1549 0.0
31 1550 0.0
31 1551 0.0
31 1552 0.0
31 1553 0.0
31 1554 0.0
31 1555 0.0
31 1556 0.0
31 1557 0.0
31 1558 0.0
31 1559 0.0
31 1560 0.0
31 1561 0.0
31 1562 0.0
31 1563 0.0
31 1564 0.0
31 1565 0.0
31 1566 0.0
31 1567 0.0
31 1568 0.0
31 1569 0.0
31 1570 0.0
31 1571 0.0
31 1572 0.0
31 1573 0.0
31 1574 0.0
31 1575 0.0
31 1576 0.0
31 1577 0.0
31 1578 0.0
31 1579 0.0
31 1580 0.0
31 1581 0.0
31 1582 0.0
31 1583 0.0
31 1584 0.0
31 1585 0.0
31 1586 0.0
31 1587 0.0
31 1588 0.0
31 1589 0.0
31 1590 0.0
31 1591 -0.0
31 1592 -0.0
32 1593 -0.0
32 1594 0.0
32 1595 0.0
32 1596 0.0
32 1597 0.0
32 1598 -0.0
32 1599 0.0
32 1600 0.0
32 1601 0.0
32 1602 0.0
32 1603 0.0
32 1604 0.0
32 1605 0.0
32 1606 0.0
32 1607 -0.0
32 1608 0.0
32 1609 -0.0
32 1610 0.0
32 1611 0.0
32 1612 0.0
32 1613 0.0
32 1614 0.0
32 1615 0.0
32 1616 0.0
32 1617 0.0
32 1618 0.0
32 1619 0.0
32 1620 0.0
32 1621 0.0
32 1622 0.0
32 1623 0.0
32 1624 0.0
32 1625 0.0
32 1626 0.0
32 1627 0.0
32 1628 0.0
32 1629 0.0
32 1630 0.0
32 1631 0.0
32 1632 0.0
32 1633 0.0
32 1634 0.0
32 1635 0.0
32 1636 0.0
32 1637 0.0
32 1638 0.0
32 1639 0.0
32 1640 0.0
32 1641 0.0
32 1642 0.0
32 1643 0.0
32 1644 0.0
33 1645 0.0
33 1646 0.0
33 1647 0.0
33 1648 -0.0
33 1649 0.0
33 1650 0.0
33 1651 -0.0
33 1652 0.0
33 1653 0.0
33 1654 0.0
33 1655 0.0
33 1656 -0.0
33 1657 -0.0
33 1658 0.0
33 1659 0.0
33 1660 0.0
33 1661 0.0
33 1662 0.0
33 1663 0.0
33 1664 0.0
33 1665 0.0
33 1666 0.0
33 1667 0.0
33 1668 0.0
33 1669 0.0
33 1670 0.0
33 1671 0.0
33 1672 0.0
33 1673 0.0
33 1674 0.0
33 1675 0.0
33 1676 0.0
33 1677 0.0
33 1678 0.0
33 1679 0.0
33 1680 0.0
33 1681 0.0
33 1682 0.0
33 1683 0.0
33 1684 0.0
33 1685 0.0
33 1686 0.0
33 1687 0.0
33 1688 0.0
33 1689 0.0
33 1690 0.0
33 1691 0.0
33 1692 0.0
33 1693 0.0
33 1694 0.0
34 1695 0.0
34 1696 -0.0
34 1697 0.0
34 1698 0.0
34 1699 0.0
34 1700 0.0
34 1701 0.0
34 1702 0.0
34 1703 0.0
34 1704 0.0
34 1705 0.0
34 1706 0.0
34 1707 0.0
34 1708 0.0
34 1709 0.0
34 1710 0.0
34 1711 0.0
34 1712 0.0
34 1713 0.0
34 1714 0.0
34 1715 0.0
34 1716 0.0
34 1717 0.0
34 1718 0.0
34 1719 0.0
34 1720 0.0
34 1721 0.0
34 1722 0.0
34 1723 0.0
34 1724 -0.0
34 1725 0.0
34 1726 0.0
34 1727 0.0
34 1728 0.0
34 1729 0.0
34 1730 0.0
34 1731 0.0
34 1732 0.0
34 1733 0.0
34 1734 0.0
34 1735 0.0
34 1736 0.0
34 1737 0.0
34 1738 0.0
34 1739 0.0
34 1740 0.0
34 1741 0.0
34 1742 0.0
34 1743 0.0
34 1744 0.0
34 1745 0.0
34 1746 0.0
34 1747 0.0
34 1748 0.0
34 1749 0.0
35 1750 0.0
35 1751 0.0
35 1752 0.0
35 1753 0.0
35 1754 0.0
35 1755 0.0
35 1756 0.0
35 1757 0.0
35 1758 0.0
35 1759 0.0
35 1760 0.0
35 1761 0.0
35 1762 0.0
35 1763 0.0
35 1764 0.0
35 1765 0.0
35 1766 0.0
35 1767 0.0
35 1768 -0.0
35 1769 0.0
35 1770 0.0
35 1771 -0.0
35 1772 -0.0
35 1773 0.0
35 1774 0.0
35 1775 -0.0
35 1776 -0.0
35 1777 0.0
35 1778 0.0
35 1779 -0.0
35 1780 -0.0
35 1781 0.0
35 1782 0.0
35 1783 0.0
35 1784 0.0
35 1785 0.0
35 1786 0.0
35 1787 0.0
35 1788 0.0
35 1789 0.0
35 1790 0.0
35 1791 0.0
35 1792 0.0
35 1793 0.0
35 1794 0.0
35 1795 0.0
35 1796 0.0
35 1797 -0.0
35 1798 0.0
35 1799 0.0
35 1800 0.0
36 1801 0.0
36 1802 0.0
36 1803 0.0
36 1804 0.0
36 1805 0.0
36 1806 0.0
36 1807 0.0
36 1808 0.0
36 1809 0.0
36 1810 0.0
36 1811 0.0
36 1812 0.0
36 1813 0.0
36 1814 0.0
36 1815 0.0
36 1816 0.0
36 1817 0.0
36 1818 0.0
36 1819 0.0
36 1820 0.0
36 1821 0.0
36 1822 0.0
36 1823 0.0
36 1824 0.0
36 1825 0.0
36 1826 0.0
36 1827 0.0
36 1828 0.0
36 1829 -0.0
36 1830 0.0
36 1831 0.0
36 1832 -0.0
36 1833 0.0
36 1834 0.0
36 1835 0.0
36 1836 0.0
36 1837 0.0
36 1838 -0.0
36 1839 -0.0
36 1840 0.0
36 1841 0.0
36 1842 0.0
36 1843 0.0
36 1844 0.0
36 1845 0.0
36 1846 0.0
36 1847 0.0
36 1848 0.0
36 1849 0.0
36 1850 0.0
37 1851 0.0
37 1852 0.0
37 1853 0.0
37 1854 0.0
37 1855 0.0
37 1856 0.0
37 1857 0.0
37 1858 0.0
37 1859 0.0
37 1860 0.0
37 1861 -0.0
37 1862 -0.0
37 1863 0.0
37 1864 0.0
37 1865 0.0
37 1866 0.0
37 1867 0.0
37 1868 -0.0
37 1869 0.0
37 1870 0.0
37 1871 0.0
37 1872 0.0
37 1873 0.0
37 1874 0.0
37 1875 0.0
37 1876 0.0
37 1877 0.0
37 1878 0.0
37 1879 0.0
37 1880 0.0
37 1881 0.0
37 1882 0.0
37 1883 0.0
37 1884 0.0
37 1885 0.0
37 1886 0.0
37 1887 0.0
37 1888 0.0
37 1889 0.0
37 1890 0.0
37 1891 0.0
37 1892 0.0
37 1893 0.0
37 1894 0.0
37 1895 0.0
37 1896 0.0
37 1897 0.0
37 1898 0.0
37 1899 0.0
38 1900 0.0
38 1901 0.0
38 1902 0.0
38 1903 0.0
38 1904 0.0
38 1905 0.0
38 1906 0.0
38 1907 0.0
38 1908 0.0
38 1909 -0.0
38 1910 -0.0
38 1911 -0.0
38 1912 -0.0
38 1913 -0.0
38 1914 -0.0
38 1915 -0.0
38 1916 -0.0
38 1917 -0.0
38 1918 -0.0
38 1919 -0.0
38 1920 -0.0
38 1921 -0.0
38 1922 -0.0
38 1923 -0.0
38 1924 -0.0
38 1925 -0.0
38 1926 -0.0
38 1927 -0.0
38 1928 -0.0
38 1929 -0.0
38 1930 -0.0
38 1931 -0.0
38 1932 -0.0
38 1933 -0.0
38 1934 -0.0
38 1935 -0.0
38 1936 -0.0
38 1937 -0.0
38 1938 -0.0
38 1939 -0.0
38 1940 -0.0
38 1941 -0.0
38 1942 -0.0
38 1943 -0.0
38 1944 -0.0
38 1945 -0.0
38 1946 -0.0
38 1947 -0.0
38 1948 -0.0
38 1949 -0.0
38 1950 -0.0
38 1951 -0.0
38 1952 -0.0
38 1953 -0.0
38 1954 -0.0
39 1955 -0.0
39 1956 -0.0
39 1957 -0.0
39 1958 -0.0
39 1959 -0.0
39 1960 -0.0
39 1961 -0.0
39 1962 -0.0
39 1963 -0.0
39 1964 -0.0
39 1965 -0.0
39 1966 -0.0
39 1967 -0.0
39 1968 -0.0
39 1969 -0.0
39 1970 -0.0
39 1971 -0.0
39 1972 -0.0
39 1973 -0.0
39 1974 -0.0
39 1975 -0.0
39 1976 -0.0
39 1977 -0.0
39 1978 -0.0
39 1979 -0.0
39 1980 -0.0
39 1981 -0.0
39 1982 -0.0
39 1983 -0.0
39 1984 -0.0
39 1985 -0.0
39 1986 -0.0
39 1987 -0.0
39 1988 -0.0
39 1989 -0.0
39 1990 -0.0
39 1991 -0.0
39 1992 -0.0
39 1993 -0.0
39 1994 -0.0
39 1995 -0.0
39 1996 -0.0
39 1997 -0.0
39 1998 -0.0
39 1999 -0.0
39 2000 -0.0
39 2001 -0.0
39 2002 -0.0
39 2003 -0.0
39 2004 -0.0
39 2005 -0.0
39 2006 -0.0
39 2007 0.0
40 2008 -0.0
40 2009 -0.0
40 2010 -0.0
40 2011 -0.0
40 2012 -0.0
40 2013 -0.0
40 2014 -0.0
40 2015 -0.0
40 2016 -0.0
40 2017 -0.0
40 2018 -0.0
40 2019 -0.0
40 2020 -0.0
40 2021 -0.0
40 2022 -0.0
40 2023 -0.0
40 2024 -0.0
40 2025 -0.0
40 2026 -0.0
40 2027 -0.0
40 2028 -0.0
40 2029 -0.0
40 2030 -0.0
40 2031 -0.0
40 2032 -0.0
40 2033 -0.0
40 2034 -0.0
40 2035 -0.0
40 2036 -0.0
40 2037 -0.0
40 2038 -0.0
40 2039 -0.0
40 2040 -0.0
40 2041 -0.0
40 2042 -0.0
40 2043 -0.0
40 2044 -0.0
40 2045 -0.0
40 2046 -0.0
40 2047 -0.0
40 2048 -0.0
40 2049 -0.0
40 2050 -0.0
40 2051 -0.0
40 2052 -0.0
40 2053 -0.0
40 2054 -0.0
40 2055 -0.0
41 2056 0.0
41 2057 0.0
41 2058 -0.0
41 2059 0.0
41 2060 -0.0
41 2061 -0.0
41 2062 -0.0
41 2063 -0.0
41 2064 -0.0
41 2065 -0.0
41 2066 -0.0
41 2067 -0.0
41 2068 -0.0
41 2069 -0.0
41 2070 -0.0
41 2071 -0.0
41 2072 -0.0
41 2073 -0.0
41 2074 -0.0
41 2075 0.0
41 2076 0.0
41 2077 -0.0
41 2078 -0.0
41 2079 0.0
41 2080 -0.0
41 2081 -0.0
41 2082 -0.0
41 2083 0.0
41 2084 -0.0
41 2085 -0.0
41 2086 -0.0
41 2087 -0.0
41 2088 -0.0
41 2089 -0.0
41 2090 -0.0
41 2091 -0.0
41 2092 -0.0
41 2093 -0.0
41 2094 -0.0
41 2095 -0.0
41 2096 -0.0
41 2097 -0.0
41 2098 -0.0
41 2099 -0.0
41 2100 -0.0
41 2101 -0.0
41 2102 -0.0
41 2103 -0.0
41 2104 -0.0
41 2105 -0.0
41 2106 -0.0
42 2107 -0.0
42 2108 -0.0
42 2109 -0.0
42 2110 -0.0
42 2111 -0.0
42 2112 -0.0
42 2113 -0.0
42 2114 -0.0
42 2115 -0.0
42 2116 -0.0
42 2117 -0.0
42 2118 -0.0
42 2119 -0.0
42 2120 -0.0
42 2121 -0.0
42 2122 -0.0
42 2123 -0.0
42 2124 -0.0
42 2125 -0.0
42 2126 -0.0
42 2127 -0.0
42 2128 -0.0
42 2129 -0.0
42 2130 -0.0
42 2131 -0.0
42 2132 -0.0
42 2133 -0.0
42 2134 -0.0
42 2135 -0.0
42 2136 -0.0
42 2137 0.0
42 2138 -0.0
42 2139 -0.0
42 2140 0.0
42 2141 0.0
42 2142 -0.0
42 2143 0.0
42 2144 -0.0
42 2145 0.0
42 2146 0.0
42 2147 0.0
42 2148 0.0
42 2149 -0.0
42 2150 0.0
42 2151 -0.0
42 2152 -0.0
42 2153 -0.0
42 2154 -0.0
42 2155 0.0
42 2156 -0.0
43 2157 -0.0
43 2158 -0.0
43 2159 -0.0
43 2160 -0.0
43 2161 -0.0
43 2162 -0.0
43 2163 -0.0
43 2164 -0.0
43 2165 -0.0
43 2166 0.0
43 2167 -0.0
43 2168 -0.0
43 2169 -0.0
43 2170 -0.0
43 2171 -0.0
43 2172 -0.0
43 2173 -0.0
43 2174 -0.0
43 2175 -0.0
43 2176 -0.0
43 2177 -0.0
43 2178 -0.0
43 2179 -0.0
43 2180 -0.0
43 2181 -0.0
43 2182 -0.0
43 2183 -0.0
43 2184 -0.0
43 2185 -0.0
43 2186 -0.0
43 2187 -0.0
43 2188 -0.0
43 2189 -0.0
43 2190 -0.0
43 2191 -0.0
43 2192 -0.0
43 2193 -0.0
43 2194 -0.0
43 2195 -0.0
43 2196 -0.0
43 2197 -0.0
43 2198 -0.0
43 2199 -0.0
43 2200 -0.0
43 2201 -0.0
43 2202 -0.0
43 2203 -0.0
43 2204 -0.0
43 2205 -0.0
43 2206 -0.0
43 2207 -0.0
43 2208 -0.0
43 2209 -0.0
43 2210 -0.0
44 2211 -0.0
44 2212 -0.0
44 2213 -0.0
44 2214 -0.0
44 2215 -0.0
44 2216 -0.0
44 2217 -0.0
44 2218 -0.0
44 2219 -0.0
44 2220 -0.0
44 2221 -0.0
44 2222 -0.0
44 2223 -0.0
44 2224 -0.0
44 2225 -0.0
44 2226 -0.0
44 2227 -0.0
44 2228 -0.0
44 2229 -0.0
44 2230 -0.0
44 2231 -0.0
44 2232 -0.0
44 2233 -0.0
44 2234 -0.0
44 2235 0.0
44 2236 -0.0
44 2237 -0.0
44 2238 -0.0
44 2239 -0.0
44 2240 -0.0
44 2241 -0.0
44 2242 -0.0
44 2243 -0.0
44 2244 -0.0
44 2245 -0.0
44 2246 -0.0
44 2247 -0.0
44 2248 -0.0
44 2249 -0.0
44 2250 -0.0
44 2251 -0.0
44 2252 -0.0
44 2253 -0.0
44 2254 -0.0
44 2255 -0.0
44 2256 -0.0
44 2257 -0.0
44 2258 -0.0
44 2259 -0.0
44 2260 -0.0
44 2261 0.0
45 2262 -0.0
45 2263 -0.0
45 2264 -0.0
45 2265 -0.0
45 2266 -0.0
45 2267 -0.0
45 2268 -0.0
45 2269 -0.0
45 2270 -0.0
45 2271 -0.0
45 2272 -0.0
45 2273 -0.0
45 2274 -0.0
45 2275 -0.0
45 2276 -0.0
45 2277 -0.0
45 2278 -0.0
45 2279 0.0
45 2280 0.0
45 2281 -0.0
45 2282 -0.0
45 2283 -0.0
45 2284 -0.0
45 2285 -0.0
45 2286 -0.0
45 2287 -0.0
45 2288 -0.0
45 2289 -0.0
45 2290 -0.0
45 2291 -0.0
45 2292 -0.0
45 2293 -0.0
45 2294 -0.0
45 2295 -0.0
45 2296 -0.0
45 2297 -0.0
45 2298 -0.0
45 2299 -0.0
45 2300 -0.0
45 2301 -0.0
45 2302 -0.0
45 2303 -0.0
45 2304 -0.0
45 2305 -0.0
45 2306 -0.0
45 2307 -0.0
45 2308 -0.0
45 2309 -0.0
45 2310 -0.0
45 2311 -0.0
45 2312 -0.0
45 2313 -0.0
45 2314 -0.0
46 2315 -0.0
46 2316 -0.0
46 2317 -0.0
46 2318 -0.0
46 2319 -0.0
46 2320 -0.0
46 2321 -0.0
46 2322 -0.0
46 2323 -0.0
46 2324 -0.0
46 2325 -0.0
46 2326 -0.0
46 2327 -0.0
46 2328 -0.0
46 2329 -0.0
46 2330 -0.0
46 2331 -0.0
46 2332 -0.0
46 2333 -0.0
46 2334 -0.0
46 2335 -0.0
46 2336 -0.0
46 2337 -0.0
46 2338 -0.0
46 2339 -0.0
46 2340 -0.0
46 2341 -0.0
46 2342 -0.0
46 2343 -0.0
46 2344 -0.0
46 2345 -0.0
46 2346 -0.0
46 2347 -0.0
46 2348 -0.0
46 2349 -0.0
46 2350 -0.0
46 2351 -0.0
46 2352 -0.0
46 2353 -0.0
46 2354 -0.0
46 2355 -0.0
46 2356 -0.0
46 2357 -0.0
46 2358 -0.0
46 2359 -0.0
46 2360 -0.0
46 2361 -0.0
46 2362 -0.0
46 2363 -0.0
46 2364 -0.0
46 2365 -0.0
46 2366 -0.0
46 2367 -0.0
46 2368 -0.0
46 2369 -0.0
46 2370 -0.0
47 2371 0.0
47 2372 -0.0
47 2373 -0.0
47 2374 -0.0
47 2375 -0.0
47 2376 -0.0
47 2377 -0.0
47 2378 -0.0
47 2379 -0.0
47 2380 -0.0
47 2381 -0.0
47 2382 -0.0
47 2383 -0.0
47 2384 -0.0
47 2385 -0.0
47 2386 -0.0
47 2387 -0.0
47 2388 -0.0
47 2389 -0.0
47 2390 -0.0
47 2391 -0.0
47 2392 -0.0
47 2393 -0.0
47 2394 -0.0
47 2395 -0.0
47 2396 -0.0
47 2397 -0.0
47 2398 -0.0
47 2399 -0.0
47 2400 -0.0
47 2401 -0.0
47 2402 -0.0
47 2403 -0.0
47 2404 -0.0
47 2405 -0.0
47 2406 -0.0
47 2407 -0.0
47 2408 -0.0
47 2409 -0.0
47 2410 -0.0
47 2411 0.0
47 2412 -0.0
47 2413 -0.0
47 2414 -0.0
47 2415 -0.0
47 2416 0.0
47 2417 -0.0
47 2418 -0.0
47 2419 -0.0
47 2420 -0.0
47 2421 -0.0
47 2422 -0.0
48 2423 -0.0
48 2424 -0.0
48 2425 -0.0
48 2426 -0.0
48 2427 -0.0
48 2428 -0.0
48 2429 -0.0
48 2430 -0.0
48 2431 -0.0
48 2432 -0.0
48 2433 -0.0
48 2434 -0.0
48 2435 -0.0
48 2436 -0.0
48 2437 -0.0
48 2438 -0.0
48 2439 -0.0
48 2440 -0.0
48 2441 -0.0
48 2442 -0.0
48 2443 -0.0
48 2444 -0.0
48 2445 -0.0
48 2446 -0.0
48 2447 -0.0
48 2448 -0.0
48 2449 -0.0
48 2450 -0.0
48 2451 -0.0
48 2452 -0.0
48 2453 -0.0
48 2454 -0.0
48 2455 -0.0
48 2456 -0.0
48 2457 -0.0
48 2458 -0.0
48 2459 0.0
48 2460 -0.0
48 2461 -0.0
48 2462 -0.0
48 2463 -0.0
48 2464 -0.0
48 2465 -0.0
48 2466 -0.0
48 2467 -0.0
48 2468 -0.0
48 2469 -0.0
48 2470 -0.0
48 2471 -0.0
48 2472 -0.0
49 2473 -0.0
49 2474 -0.0
49 2475 -0.0
49 2476 -0.0
49 2477 -0.0
49 2478 -0.0
49 2479 -0.0
49 2480 -0.0
49 2481 -0.0
49 2482 -0.0
49 2483 -0.0
49 2484 -0.0
49 2485 -0.0
49 2486 -0.0
49 2487 -0.0
49 2488 -0.0
49 2489 -0.0
49 2490 -0.0
49 2491 -0.0
49 2492 -0.0
49 2493 -0.0
49 2494 -0.0
49 2495 -0.0
49 2496 -0.0
49 2497 -0.0
49 2498 -0.0
49 2499 -0.0
49 2500 -0.0
49 2501 -0.0
49 2502 -0.0
49 2503 0.0
49 2504 -0.0
49 2505 -0.0
49 2506 -0.0
49 2507 -0.0
49 2508 -0.0
49 2509 -0.0
49 2510 -0.0
49 2511 -0.0
49 2512 -0.0
49 2513 -0.0
49 2514 -0.0
49 2515 -0.0
49 2516 -0.0
49 2517 -0.0
49 2518 -0.0
49 2519 0.0
49 2520 0.0
49 2521 0.0
49 2522 0.0
49 2523 0.0
49 2524 0.0
49 2525 0.0
50 2526 0.0
50 2527 0.0
50 2528 0.0
50 2529 0.0
50 2530 0.0
50 2531 0.0
50 2532 0.0
50 2533 0.0
50 2534 0.0
50 2535 0.0
50 2536 -0.0
50 2537 0.0
50 2538 0.0
50 2539 0.0
50 2540 0.0
50 2541 0.0
50 2542 0.0
50 2543 0.0
50 2544 0.0
50 2545 0.0
50 2546 0.0
50 2547 0.0
50 2548 0.0
50 2549 0.0
50 2550 0.0
50 2551 0.0
50 2552 0.0
50 2553 0.0
50 2554 0.0
50 2555 0.0
50 2556 0.0
50 2557 0.0
50 2558 0.0
50 2559 0.0
50 2560 0.0
50 2561 0.0
50 2562 0.0
50 2563 0.0
50 2564 0.0
50 2565 0.0
50 2566 0.0
50 2567 0.0
50 2568 0.0
50 2569 0.0
50 2570 0.0
50 2571 0.0
50 2572 0.0
50 2573 0.0
50 2574 0.0
50 2575 0.0
50 2576 0.0
51 2577 0.0
51 2578 0.0
51 2579 0.0
51 2580 0.0
51 2581 0.0
51 2582 0.0
51 2583 0.0
51 2584 0.0
51 2585 0.0
51 2586 0.0
51 2587 0.0
51 2588 -0.0
51 2589 -0.0
51 2590 0.0
51 2591 0.0
51 2592 -0.0
51 2593 -0.0
51 2594 -0.0
51 2595 0.0
51 2596 0.0
51 2597 0.0
51 2598 0.0
51 2599 -0.0
51 2600 -0.0
51 2601 0.0
51 2602 -0.0
51 2603 -0.0
51 2604 -0.0
51 2605 -0.0
51 2606 -0.0
51 2607 -0.0
51 2608 0.0
51 2609 -0.0
51 2610 0.0
51 2611 -0.0
51 2612 0.0
51 2613 -0.0
51 2614 -0.0
51 2615 -0.0
51 2616 -0.0
51 2617 -0.0
51 2618 -0.0
51 2619 -0.0
51 2620 -0.0
51 2621 -0.0
51 2622 -0.0
51 2623 -0.0
51 2624 -0.0
51 2625 -0.0
51 2626 -0.0
51 2627 0.0
51 2628 0.0
51 2629 -0.0
52 2630 -0.0
52 2631 -0.0
52 2632 -0.0
52 2633 -0.0
52 2634 -0.0
52 2635 -0.0
52 2636 -0.0
52 2637 -0.0
52 2638 -0.0
52 2639 -0.0
52 2640 -0.0
52 2641 -0.0
52 2642 -0.0
52 2643 -0.0
52 2644 -0.0
52 2645 -0.0
52 2646 0.0
52 2647 -0.0
52 2648 -0.0
52 2649 -0.0
52 2650 0.0
52 2651 0.0
52 2652 -0.0
52 2653 -0.0
52 2654 0.0
52 2655 -0.0
52 2656 -0.0
52 2657 -0.0
52 2658 -0.0
52 2659 0.0
52 2660 0.0
52 2661 0.0
52 2662 0.0
52 2663 0.0
52 2664 -0.0
52 2665 0.0
52 2666 0.0
52 2667 0.0
52 2668 0.0
52 2669 0.0
52 2670 0.0
52 2671 0.0
52 2672 0.0
52 2673 0.0
52 2674 0.0
52 2675 0.0
52 2676 0.0
52 2677 0.0
53 2678 0.0
53 2679 0.0
53 2680 0.0
53 2681 0.0
53 2682 0.0
53 2683 0.0
53 2684 0.0
53 2685 0.0
53 2686 0.0
53 2687 0.0
53 2688 0.0
53 2689 0.0
53 2690 0.0
53 2691 0.0
53 2692 0.0
53 2693 0.0
53 2694 0.0
53 2695 0.0
53 2696 0.0
53 2697 0.0
53 2698 0.0
53 2699 0.0
53 2700 0.0
53 2701 0.0
53 2702 0.0
53 2703 0.0
53 2704 0.0
53 2705 0.0
53 2706 0.0
53 2707 0.0
53 2708 0.0
53 2709 0.0
53 2710 0.0
53 2711 0.0
53 2712 0.0
53 2713 0.0
53 2714 0.0
53 2715 0.0
53 2716 0.0
53 2717 0.0
53 2718 0.0
53 2719 0.0
53 2720 0.0
53 2721 0.0
53 2722 0.0
53 2723 0.0
53 2724 0.0
53 2725 0.0
53 2726 0.0
53 2727 0.0
53 2728 0.0
54 2729 0.0
54 2730 0.0
54 2731 -0.0
54 2732 0.0
54 2733 0.0
54 2734 -0.0
54 2735 -0.0
54 2736 -0.0
54 2737 -0.0
54 2738 -0.0
54 2739 -0.0
54 2740 -0.0
54 2741 -0.0
54 2742 0.0
54 2743 -0.0
54 2744 -0.0
54 2745 -0.0
54 2746 -0.0
54 2747 -0.0
54 2748 0.0
54 2749 0.0
54 2750 0.0
54 2751 0.0
54 2752 0.0
54 2753 0.0
54 2754 0.0
54 2755 0.0
54 2756 0.0
54 2757 0.0
54 2758 0.0
54 2759 0.0
54 2760 0.0
54 2761 0.0
54 2762 0.0
54 2763 0.0
54 2764 0.0
54 2765 0.0
54 2766 0.0
54 2767 0.0
54 2768 0.0
54 2769 0.0
54 2770 0.0
54 2771 0.0
54 2772 0.0
54 2773 0.0
54 2774 0.0
54 2775 0.0
54 2776 0.0
54 2777 0.0
54 2778 0.0
54 2779 0.0
54 2780 0.0
54 2781 0.0
54 2782 0.0
55 2783 0.0
55 2784 0.0
55 2785 0.0
55 2786 0.0
55 2787 0.0
55 2788 0.0
55 2789 0.0
55 2790 0.0
55 2791 0.0
55 2792 0.0
55 2793 0.0
55 2794 -0.0
55 2795 -0.0
55 2796 -0.0
55 2797 -0.0
55 2798 -0.0
55 2799 -0.0
55 2800 0.0
55 2801 -0.0
55 2802 0.0
55 2803 -0.0
55 2804 -0.0
55 2805 -0.0
55 2806 -0.0
55 2807 -0.0
55 2808 -0.0
55 2809 -0.0
55 2810 -0.0
55 2811 -0.0
55 2812 -0.0
55 2813 -0.0
55 2814 -0.0
55 2815 -0.0
55 2816 -0.0
55 2817 -0.0
55 2818 -0.0
55 2819 -0.0
55 2820 -0.0
55 2821 -0.0
55 2822 -0.0
55 2823 -0.0
55 2824 -0.0
55 2825 -0.0
55 2826 -0.0
55 2827 -0.0
55 2828 -0.0
55 2829 -0.0
55 2830 -0.0
55 2831 -0.0
55 2832 -0.0
55 2833 0.0
56 2834 -0.0
56 2835 -0.0
56 2836 -0.0
56 2837 -0.0
56 2838 0.0
56 2839 0.0
56 2840 0.0
56 2841 0.0
56 2842 0.0
56 2843 0.0
56 2844 0.0
56 2845 0.0
56 2846 0.0
56 2847 0.0
56 2848 0.0
56 2849 -0.0
56 2850 0.0
56 2851 0.0
56 2852 -0.0
56 2853 0.0
56 2854 -0.0
56 2855 0.0
56 2856 -0.0
56 2857 -0.0
56 2858 0.0
56 2859 0.0
56 2860 0.0
56 2861 0.0
56 2862 0.0
56 2863 0.0
56 2864 0.0
56 2865 0.0
56 2866 0.0
56 2867 0.0
56 2868 0.0
56 2869 0.0
56 2870 0.0
56 2871 0.0
56 2872 0.0
56 2873 0.0
56 2874 0.0
56 2875 0.0
56 2876 -0.0
56 2877 0.0
56 2878 0.0
56 2879 -0.0
56 2880 -0.0
56 2881 0.0
56 2882 -0.0
56 2883 0.0
56 2884 0.0
56 2885 0.0
56 2886 0.0
56 2887 0.0
56 2888 0.0
57 2889 0.0
57 2890 0.0
57 2891 0.0
57 2892 0.0
57 2893 0.0
57 2894 0.0
57 2895 0.0
57 2896 0.0
57 2897 0.0
57 2898 0.0
57 2899 0.0
57 2900 0.0
57 2901 0.0
57 2902 0.0
57 2903 0.0
57 2904 0.0
57 2905 0.0
57 2906 0.0
57 2907 0.0
57 2908 0.0
57 2909 0.0
57 2910 0.0
57 2911 0.0
57 2912 0.0
57 2913 0.0
57 2914 0.0
57 2915 0.0
57 2916 0.0
57 2917 0.0
57 2918 0.0
57 2919 0.0
57 2920 0.0
57 2921 0.0
57 2922 0.0
57 2923 0.0
57 2924 0.0
57 2925 0.0
57 2926 0.0
57 2927 0.0
57 2928 0.0
57 2929 0.0
57 2930 0.0
57 2931 0.0
57 2932 0.0
57 2933 0.0
57 2934 0.0
57 2935 0.0
57 2936 0.0
57 2937 0.0
57 2938 0.0
57 2939 0.0
57 2940 0.0
57 2941 0.0
57 2942 0.0
57 2943 0.0
57 2944 0.0
57 2945 0.0
58 2946 0.0
58 2947 0.0
58 2948 0.0
58 2949 0.0
58 2950 -0.0
58 2951 0.0
58 2952 0.0
58 2953 0.0
58 2954 -0.0
58 2955 0.0
58 2956 0.0
58 2957 0.0
58 2958 -0.0
58 2959 0.0
58 2960 -0.0
58 2961 0.0
58 2962 -0.0
58 2963 0.0
58 2964 0.0
58 2965 0.0
58 2966 -0.0
58 2967 0.0
58 2968 0.0
58 2969 0.0
58 2970 0.0
58 2971 0.0
58 2972 0.0
58 2973 0.0
58 2974 0.0
58 2975 0.0
58 2976 0.0
58 2977 0.0
58 2978 0.0
58 2979 0.0
58 2980 0.0
58 2981 0.0
58 2982 0.0
58 2983 0.0
58 2984 0.0
58 2985 0.0
58 2986 0.0
58 2987 0.0
58 2988 0.0
58 2989 0.0
58 2990 0.0
58 2991 0.0
58 2992 0.0
58 2993 0.0
58 2994 0.0
58 2995 0.0
58 2996 0.0
58 2997 0.0
58 2998 0.0
58 2999 0.0
58 3000 0.0
58 3001 0.0
59 3002 0.0
59 3003 0.0
59 3004 0.0
59 3005 -0.0
59 3006 0.0
59 3007 0.0
59 3008 0.0
59 3009 0.0
59 3010 0.0
59 3011 0.0
59 3012 0.0
59 3013 0.0
59 3014 0.0
59 3015 0.0
59 3016 0.0
59 3017 0.0
59 3018 0.0
59 3019 0.0
59 3020 0.0
59 3021 0.0
59 3022 0.0
59 3023 0.0
59 3024 0.0
59 3025 0.0
59 3026 0.0
59 3027 0.0
59 3028 0.0
59 3029 -0.0
59 3030 0.0
59 3031 0.0
59 3032 0.0
59 3033 0.0
59 3034 0.0
59 3035 0.0
59 3036 0.0
59 3037 0.0
59 3038 0.0
59 3039 0.0
59 3040 0.0
59 3041 0.0
59 3042 0.0
59 3043 0.0
59 3044 0.0
59 3045 -0.0
59 3046 0.0
59 3047 0.0
59 3048 0.0
59 3049 -0.0
59 3050 0.0
59 3051 0.0
59 3052 0.0
59 3053 0.0
60 3054 0.0
60 3055 0.0
60 3056 0.0
60 3057 0.0
60 3058 0.0
60 3059 0.0
60 3060 0.0
60 3061 0.0
60 3062 0.0
60 3063 0.0
60 3064 0.0
60 3065 0.0
60 3066 0.0
60 3067 0.0
60 3068 0.0
60 3069 0.0
60 3070 0.0
60 3071 0.0
60 3072 0.0
60 3073 0.0
60 3074 0.0
60 3075 0.0
60 3076 0.0
60 3077 0.0
60 3078 0.0
60 3079 0.0
60 3080 0.0
60 3081 0.0
60 3082 0.0
60 3083 0.0
60 3084 0.0
60 3085 0.0
60 3086 0.0
60 3087 0.0
60 3088 0.0
60 3089 0.0
60 3090 0.0
60 3091 0.0
60 3092 0.0
60 3093 0.0
60 3094 0.0
60 3095 0.0
60 3096 0.0
60 3097 0.0
60 3098 0.0
60 3099 0.0
60 3100 0.0
60 3101 0.0
60 3102 0.0
60 3103 0.0
61 3104 0.0
61 3105 0.0
61 3106 0.0
61 3107 0.0
61 3108 0.0
61 3109 0.0
61 3110 0.0
61 3111 0.0
61 3112 0.0
61 3113 0.0
61 3114 0.0
61 3115 0.0
61 3116 0.0
61 3117 0.0
61 3118 0.0
61 3119 0.0
61 3120 0.0
61 3121 0.0
61 3122 0.0
61 3123 0.0
61 3124 0.0
61 3125 0.0
61 3126 0.0
61 3127 0.0
61 3128 0.0
61 3129 0.0
61 3130 0.0
61 3131 0.0
61 3132 0.0
61 3133 0.0
61 3134 0.0
61 3135 0.0
61 3136 0.0
61 3137 0.0
61 3138 0.0
61 3139 0.0
61 3140 0.0
61 3141 0.0
61 3142 0.0
61 3143 0.0
61 3144 0.0
61 3145 0.0
61 3146 0.0
61 3147 0.0
61 3148 0.0
61 3149 0.0
61 3150 0.0
61 3151 0.0
61 3152 0.0
61 3153 0.0
61 3154 0.0
61 3155 0.0
62 3156 0.0
62 3157 0.0
62 3158 0.0
62 3159 0.0
62 3160 0.0
62 3161 0.0
62 3162 0.0
62 3163 0.0
62 3164 0.0
62 3165 0.0
62 3166 0.0
62 3167 0.0
62 3168 0.0
62 3169 0.0
62 3170 0.0
62 3171 0.0
62 3172 0.0
62 3173 0.0
62 3174 0.0
62 3175 0.0
62 3176 0.0
62 3177 0.0
62 3178 0.0
62 3179 0.0
62 3180 0.0
62 3181 0.0
62 3182 0.0
62 3183 0.0
62 3184 0.0
62 3185 0.0
62 3186 0.0
62 3187 0.0
62 3188 0.0
62 3189 0.0
62 3190 0.0
62 3191 0.0
62 3192 0.0
62 3193 0.0
62 3194 0.0
62 3195 0.0
62 3196 0.0
62 3197 0.0
62 3198 0.0
62 3199 0.0
62 3200 0.0
62 3201 0.0
62 3202 0.0
62 3203 0.0
62 3204 0.0
62 3205 0.0
62 3206 0.0
62 3207 0.0
63 3208 0.0
63 3209 0.0
63 3210 0.0
63 3211 0.0
63 3212 0.0
63 3213 0.0
63 3214 0.0
63 3215 0.0
63 3216 0.0
63 3217 0.0
63 3218 -0.0
63 3219 0.0
63 3220 0.0
63 3221 0.0
63 3222 0.0
63 3223 0.0
63 3224 0.0
63 3225 0.0
63 3226 0.0
63 3227 0.0
63 3228 0.0
63 3229 0.0
63 3230 0.0
63 3231 0.0
63 3232 0.0
63 3233 0.0
63 3234 0.0
63 3235 0.0
63 3236 0.0
63 3237 0.0
63 3238 0.0
63 3239 0.0
63 3240 0.0
63 3241 0.0
63 3242 0.0
63 3243 0.0
63 3244 -0.0
63 3245 0.0
63 3246 -0.0
63 3247 0.0
63 3248 -0.0
63 3249 0.0
63 3250 -0.0
63 3251 0.0
63 3252 0.0
63 3253 -0.0
63 3254 -0.0
63 3255 0.0
63 3256 0.0
63 3257 -0.0
63 3258 -0.0
63 3259 -0.0
63 3260 -0.0
64 3261 -0.0
64 3262 -0.0
64 3263 -0.0
64 3264 -0.0
64 3265 -0.0
64 3266 -0.0
64 3267 -0.0
64 3268 -0.0
64 3269 -0.0
64 3270 -0.0
64 3271 -0.0
64 3272 -0.0
64 3273 -0.0
64 3274 -0.0
64 3275 -0.0
64 3276 -0.0
64 3277 -0.0
64 3278 -0.0
64 3279 -0.0
64 3280 -0.0
64 3281 -0.0
64 3282 -0.0
64 3283 -0.0
64 3284 -0.0
64 3285 -0.0
64 3286 -0.0
64 3287 -2.0E-323
64 3288 -2.0E-323
64 3289 -2.0E-323
64 3290 -2.0E-323
64 3291 -2.0E-323
64 3292 -2.0E-323
64 3293 -2.0E-323
64 3294 -2.0E-323
64 3295 -2.0E-323
64 3296 -2.0E-323
64 3297 -2.0E-323
64 3298 -2.0E-323
64 3299 -2.0E-323
64 3300 -2.0E-323
64 3301 -2.0E-323
64 3302 -2.0E-323
64 3303 -2.0E-323
64 3304 -2.0E-323
64 3305 -2.0E-323
64 3306 -2.0E-323
64 3307 -2.0E-323
64 3308 -2.0E-323
64 3309 -2.0E-323
64 3310 -2.0E-323
64 3311 -2.0E-323
64 3312 -2.0E-323
64 3313 -2.0E-323
64 3314 -2.0E-323
65 3315 -2.0E-323
65 3316 -2.0E-323
65 3317 -2.0E-323
65 3318 -2.0E-323
65 3319 -2.0E-323
65 3320 -2.04E-321
65 3321 -2.04E-321
65 3322 -2.04E-321
65 3323 -2.04E-321
65 3324 -2.04E-321
65 3325 -2.04E-321
65 3326 -2.04E-321
65 3327 -2.04E-321
65 3328 -2.04E-321
65 3329 -2.04E-321
65 3330 -2.04E-321
65 3331 -2.04E-321
65 3332 -2.04E-321
65 3333 -2.04E-321
65 3334 -2.04E-321
65 3335 -2.04E-321
65 3336 -2.04E-321
65 3337 -2.04E-321
65 3338 -2.04E-321
65 3339 -3.325E-321
65 3340 -3.325E-321
65 3341 -3.325E-321
65 3342 -3.325E-321
65 3343 -3.325E-321
65 3344 -3.325E-321
65 3345 -3.325E-321
65 3346 -3.325E-321
65 3347 -3.325E-321
65 3348 -3.325E-321
65 3349 -3.325E-321
65 3350 -3.325E-321
65 3351 -3.325E-321
65 3352 -3.325E-321
65 3353 -3.325E-321
65 3354 -3.325E-321
65 3355 -3.325E-321
65 3356 -3.325E-321
65 3357 -3.325E-321
65 3358 -3.325E-321
65 3359 -3.325E-321
65 3360 -3.325E-321
65 3361 -3.325E-321
65 3362 -3.325E-321
65 3363 -3.325E-321
65 3364 -3.325E-321
66 3365 -3.325E-321
66 3366 -3.325E-321
66 3367 -3.325E-321
66 3368 -3.325E-321
66 3369 -3.325E-321
66 3370 -3.325E-321
66 3371 -3.325E-321
66 3372 -3.325E-321
66 3373 -3.325E-321
66 3374 -3.325E-321
66 3375 -3.325E-321
66 3376 -3.325E-321
66 3377 -3.325E-321
66 3378 -3.325E-321
66 3379 -3.325E-321
66 3380 -3.325E-321
66 3381 -3.325E-321
66 3382 -3.325E-321
66 3383 -3.325E-321
66 3384 -3.325E-321
66 3385 -3.325E-321
66 3386 -3.325E-321
66 3387 -3.325E-321
66 3388 -3.325E-321
66 3389 -3.325E-321
66 3390 -3.325E-321
66 3391 -3.325E-321
66 3392 -3.325E-321
66 3393 -3.325E-321
66 3394 -3.325E-321
66 3395 -3.325E-321
66 3396 -3.325E-321
66 3397 -3.325E-321
66 3398 -3.325E-321
66 3399 -3.325E-321
66 3400 -3.325E-321
66 3401 -3.325E-321
66 3402 -3.325E-321
66 3403 -3.325E-321
66 3404 -3.325E-321
66 3405 -3.325E-321
66 3406 -3.325E-321
66 3407 -3.325E-321
66 3408 -3.325E-321
66 3409 -3.325E-321
66 3410 -3.325E-321
66 3411 -3.325E-321
66 3412 -3.325E-321
66 3413 -3.325E-321
66 3414 -3.325E-321
66 3415 -3.325E-321
67 3416 -3.325E-321
67 3417 -3.325E-321
67 3418 -3.325E-321
67 3419 -3.325E-321
67 3420 -3.325E-321
67 3421 -3.325E-321
67 3422 -3.325E-321
67 3423 -3.325E-321
67 3424 -3.325E-321
67 3425 -3.325E-321
67 3426 -3.325E-321
67 3427 -3.325E-321
67 3428 -3.325E-321
67 3429 -3.325E-321
67 3430 -3.325E-321
67 3431 -3.325E-321
67 3432 -3.325E-321
67 3433 -3.325E-321
67 3434 -3.325E-321
67 3435 -3.325E-321
67 3436 -3.325E-321
67 3437 -3.325E-321
67 3438 -3.325E-321
67 3439 -3.325E-321
67 3440 -3.325E-321
67 3441 -3.325E-321
67 3442 -3.325E-321
67 3443 -3.325E-321
67 3444 -3.325E-321
67 3445 -3.325E-321
67 3446 -3.325E-321
67 3447 -3.325E-321
67 3448 -3.325E-321
67 3449 -3.325E-321
67 3450 -3.325E-321
67 3451 -3.325E-321
67 3452 -3.325E-321
67 3453 -3.325E-321
67 3454 -3.325E-321
67 3455 -3.325E-321
67 3456 -3.325E-321
67 3457 -3.325E-321
67 3458 -3.325E-321
67 3459 -3.325E-321
67 3460 -3.325E-321
67 3461 -3.325E-321
67 3462 -3.325E-321
67 3463 -3.325E-321
67 3464 -3.325E-321
67 3465 -3.325E-321
67 3466 -3.325E-321
67 3467 -3.325E-321
67 3468 -3.325E-321
67 3469 -3.325E-321
68 3470 -3.325E-321
68 3471 -3.325E-321
68 3472 -3.325E-321
68 3473 -3.325E-321
68 3474 -3.325E-321
68 3475 -3.325E-321
68 3476 -3.325E-321
68 3477 -3.325E-321
68 3478 -3.325E-321
68 3479 -3.325E-321
68 3480 -3.325E-321
68 3481 -3.325E-321
68 3482 -3.325E-321
68 3483 -3.325E-321
68 3484 -3.325E-321
68 3485 -3.325E-321
68 3486 -3.325E-321
68 3487 -3.325E-321
68 3488 -3.325E-321
68 3489 -3.325E-321
68 3490 -3.325E-321
68 3491 -3.325E-321
68 3492 -3.325E-321
68 3493 -3.325E-321
68 3494 -3.325E-321
68 3495 -3.325E-321
68 3496 -3.325E-321
68 3497 -3.325E-321
68 3498 -3.325E-321
68 3499 -3.325E-321
68 3500 -3.325E-321
68 3501 -3.325E-321
68 3502 -3.325E-321
68 3503 -3.325E-321
68 3504 -3.325E-321
68 3505 -3.325E-321
68 3506 -3.325E-321
68 3507 -3.325E-321
68 3508 -3.325E-321
68 3509 -3.325E-321
68 3510 -3.325E-321
68 3511 -3.325E-321
68 3512 -3.325E-321
68 3513 -3.325E-321
68 3514 -3.325E-321
68 3515 -3.325E-321
68 3516 -3.325E-321
68 3517 -3.325E-321
69 3518 -3.325E-321
69 3519 -3.325E-321
69 3520 -3.325E-321
69 3521 -3.325E-321
69 3522 -3.325E-321
69 3523 -3.325E-321
69 3524 -3.325E-321
69 3525 -3.325E-321
69 3526 -3.325E-321
69 3527 -3.325E-321
69 3528 -3.325E-321
69 3529 -3.325E-321
69 3530 -3.325E-321
69 3531 -3.325E-321
69 3532 -3.325E-321
69 3533 -3.325E-321
69 3534 -3.325E-321
69 3535 -3.325E-321
69 3536 -3.325E-321
69 3537 -3.325E-321
69 3538 -3.325E-321
69 3539 -3.325E-321
69 3540 -3.325E-321
69 3541 -3.325E-321
69 3542 -3.325E-321
69 3543 -3.325E-321
69 3544 -3.325E-321
69 3545 -3.325E-321
69 3546 -3.325E-321
69 3547 -3.325E-321
69 3548 -3.325E-321
69 3549 -3.325E-321
69 3550 -3.325E-321
69 3551 -3.325E-321
69 3552 -3.325E-321
69 3553 -3.325E-321
69 3554 -3.325E-321
69 3555 -3.325E-321
69 3556 -3.325E-321
69 3557 -3.325E-321
69 3558 -3.325E-321
69 3559 -3.325E-321
69 3560 -3.325E-321
69 3561 -3.325E-321
69 3562 -3.325E-321
69 3563 -3.325E-321
69 3564 -3.325E-321
69 3565 -3.325E-321
69 3566 -3.325E-321
69 3567 -3.325E-321
69 3568 -3.325E-321
69 3569 -3.325E-321
69 3570 -3.325E-321
69 3571 -3.325E-321
69 3572 -3.325E-321
70 3573 -3.325E-321
70 3574 -3.325E-321
70 3575 -3.325E-321
70 3576 -3.325E-321
70 3577 -3.325E-321
70 3578 -3.325E-321
70 3579 -3.325E-321
70 3580 -3.325E-321
70 3581 -3.325E-321
70 3582 -3.325E-321
70 3583 -3.325E-321
70 3584 -3.325E-321
70 3585 -3.325E-321
70 3586 -3.325E-321
70 3587 -3.325E-321
70 3588 -3.325E-321
70 3589 -3.325E-321
70 3590 -3.325E-321
70 3591 -3.325E-321
70 3592 -3.325E-321
70 3593 -3.325E-321
70 3594 -3.325E-321
70 3595 -3.325E-321
70 3596 -3.325E-321
70 3597 -3.325E-321
70 3598 -3.325E-321
70 3599 -3.325E-321
70 3600 -3.325E-321
70 3601 -3.325E-321
70 3602 -3.325E-321
70 3603 -3.325E-321
70 3604 -3.325E-321
70 3605 -3.325E-321
70 3606 -3.325E-321
70 3607 -3.325E-321
70 3608 -3.325E-321
70 3609 -3.325E-321
70 3610 -3.325E-321
70 3611 -3.325E-321
70 3612 -3.325E-321
70 3613 -3.325E-321
70 3614 -3.325E-321
70 3615 -3.325E-321
70 3616 -3.325E-321
70 3617 -3.325E-321
70 3618 -3.325E-321
70 3619 -3.325E-321
70 3620 -3.325E-321
70 3621 -3.325E-321
70 3622 -3.325E-321
70 3623 -3.325E-321
70 3624 -3.325E-321
70 3625 -3.325E-321
70 3626 -3.325E-321
71 3627 -3.325E-321
71 3628 -3.325E-321
71 3629 -3.325E-321
71 3630 -3.325E-321
71 3631 -3.325E-321
71 3632 -3.325E-321
71 3633 -3.325E-321
71 3634 -3.325E-321
71 3635 -3.325E-321
71 3636 -3.325E-321
71 3637 -3.325E-321
71 3638 -3.325E-321
71 3639 -3.325E-321
71 3640 -3.325E-321
71 3641 -3.325E-321
71 3642 -3.325E-321
71 3643 -3.325E-321
71 3644 -3.325E-321
71 3645 -3.325E-321
71 3646 -3.325E-321
71 3647 -3.325E-321
71 3648 -3.325E-321
71 3649 -3.325E-321
71 3650 -3.325E-321
71 3651 -3.325E-321
71 3652 -3.325E-321
71 3653 -3.325E-321
71 3654 -3.325E-321
71 3655 -3.325E-321
71 3656 -3.325E-321
71 3657 -3.325E-321
71 3658 -3.325E-321
71 3659 -3.325E-321
71 3660 -3.325E-321
71 3661 -3.325E-321
71 3662 -3.325E-321
71 3663 -3.325E-321
71 3664 -3.325E-321
71 3665 -3.325E-321
71 3666 -3.325E-321
71 3667 -3.325E-321
71 3668 -3.325E-321
71 3669 -3.325E-321
71 3670 -3.325E-321
71 3671 -3.325E-321
71 3672 -3.325E-321
71 3673 -3.325E-321
71 3674 -3.325E-321
71 3675 -3.325E-321
71 3676 -3.325E-321
71 3677 -3.325E-321
71 3678 -3.325E-321
71 3679 -3.325E-321
71 3680 -3.325E-321
72 3681 -3.325E-321
72 3682 -3.325E-321
72 3683 -3.325E-321
72 3684 -3.325E-321
72 3685 -3.325E-321
72 3686 -3.325E-321
72 3687 -3.325E-321
72 3688 -3.325E-321
72 3689 -3.325E-321
72 3690 -3.325E-321
72 3691 -3.325E-321
72 3692 -3.325E-321
72 3693 -3.325E-321
72 3694 -3.325E-321
72 3695 -3.325E-321
72 3696 -3.325E-321
72 3697 -3.325E-321
72 3698 -3.325E-321
72 3699 -3.325E-321
72 3700 -3.325E-321
72 3701 -3.325E-321
72 3702 -3.325E-321
72 3703 -3.325E-321
72 3704 -3.325E-321
72 3705 -3.325E-321
72 3706 -3.325E-321
72 3707 -3.325E-321
72 3708 -3.325E-321
72 3709 -3.325E-321
72 3710 -3.325E-321
72 3711 -3.325E-321
72 3712 -3.325E-321
72 3713 -3.325E-321
72 3714 -3.325E-321
72 3715 -3.325E-321
72 3716 -3.325E-321
72 3717 -3.325E-321
72 3718 -3.325E-321
72 3719 -3.325E-321
72 3720 -3.325E-321
72 3721 -3.325E-321
72 3722 -3.325E-321
72 3723 -3.325E-321
72 3724 -3.325E-321
72 3725 -3.325E-321
72 3726 -3.325E-321
72 3727 -3.325E-321
72 3728 -3.325E-321
72 3729 -3.325E-321
72 3730 -3.325E-321
72 3731 -3.325E-321
72 3732 -3.325E-321
72 3733 -3.325E-321
72 3734 -3.325E-321
72 3735 -3.325E-321
73 3736 -3.325E-321
73 3737 -3.325E-321
73 3738 -3.325E-321
73 3739 -3.325E-321
73 3740 -3.325E-321
73 3741 -3.325E-321
73 3742 -3.325E-321
73 3743 -3.325E-321
73 3744 -3.325E-321
73 3745 -3.325E-321
73 3746 -3.325E-321
73 3747 -3.325E-321
73 3748 -3.325E-321
73 3749 -3.325E-321
73 3750 -3.325E-321
73 3751 -3.325E-321
73 3752 -3.325E-321
73 3753 -3.325E-321
73 3754 -3.325E-321
73 3755 -3.325E-321
73 3756 -3.325E-321
73 3757 -3.325E-321
73 3758 -3.325E-321
73 3759 -3.325E-321
73 3760 -3.325E-321
73 3761 -3.325E-321
73 3762 -3.325E-321
73 3763 -3.325E-321
73 3764 -3.325E-321
73 3765 -3.325E-321
73 3766 -3.325E-321
73 3767 -3.325E-321
73 3768 -3.325E-321
73 3769 -3.325E-321
73 3770 -3.325E-321
73 3771 -3.325E-321
73 3772 -3.325E-321
73 3773 -3.325E-321
73 3774 -3.325E-321
73 3775 -3.325E-321
73 3776 -3.325E-321
73 3777 -3.325E-321
73 3778 -3.325E-321
73 3779 -3.325E-321
73 3780 -3.325E-321
73 3781 -3.325E-321
73 3782 -3.325E-321
73 3783 -3.325E-321
73 3784 -3.325E-321
73 3785 -3.325E-321
73 3786 -3.325E-321
74 3787 -3.325E-321
74 3788 -3.325E-321
74 3789 -3.325E-321
74 3790 -3.325E-321
74 3791 -3.325E-321
74 3792 -3.325E-321
74 3793 -3.325E-321
74 3794 -3.325E-321
74 3795 -3.325E-321
74 3796 -3.325E-321
74 3797 -3.325E-321
74 3798 -3.325E-321
74 3799 -3.325E-321
74 3800 -3.325E-321
74 3801 -3.325E-321
74 3802 -3.325E-321
74 3803 -3.325E-321
74 3804 -3.325E-321
74 3805 -3.325E-321
74 3806 -3.325E-321
74 3807 -3.325E-321
74 3808 -3.325E-321
74 3809 -3.325E-321
74 3810 -3.325E-321
74 3811 -3.325E-321
74 3812 -3.325E-321
74 3813 -3.325E-321
74 3814 -3.325E-321
74 3815 -3.325E-321
74 3816 -3.325E-321
74 3817 -3.325E-321
74 3818 -3.325E-321
74 3819 -3.325E-321
74 3820 -3.325E-321
74 3821 -3.325E-321
74 3822 -3.325E-321
74 3823 -3.325E-321
74 3824 -3.325E-321
74 3825 -3.325E-321
74 3826 -3.325E-321
74 3827 -3.325E-321
74 3828 -3.325E-321
74 3829 -3.325E-321
74 3830 -3.325E-321
74 3831 -3.325E-321
74 3832 -3.325E-321
74 3833 -3.325E-321
74 3834 -3.325E-321
74 3835 -3.325E-321
74 3836 -3.325E-321
74 3837 -3.325E-321
74 3838 -3.325E-321
74 3839 -3.325E-321
74 3840 -3.325E-321
74 3841 -3.325E-321
75 3842 -3.325E-321
75 3843 -3.325E-321
75 3844 -3.325E-321
75 3845 -3.325E-321
75 3846 -3.325E-321
75 3847 -3.325E-321
75 3848 -3.325E-321
75 3849 -3.325E-321
75 3850 -3.325E-321
75 3851 -3.325E-321
75 3852 -3.325E-321
75 3853 -3.325E-321
75 3854 -3.325E-321
75 3855 -3.325E-321
75 3856 -3.325E-321
75 3857 -3.325E-321
75 3858 -3.325E-321
75 3859 -3.325E-321
75 3860 -3.325E-321
75 3861 -3.325E-321
75 3862 -3.325E-321
75 3863 -3.325E-321
75 3864 -3.325E-321
75 3865 -3.325E-321
75 3866 -3.325E-321
75 3867 -3.325E-321
75 3868 -3.325E-321
75 3869 -3.325E-321
75 3870 -3.325E-321
75 3871 -3.325E-321
75 3872 -3.325E-321
75 3873 -3.325E-321
75 3874 -3.325E-321
75 3875 -3.325E-321
75 3876 -3.325E-321
75 3877 -3.325E-321
75 3878 -3.325E-321
75 3879 -3.325E-321
75 3880 -3.325E-321
75 3881 -3.325E-321
75 3882 -3.325E-321
75 3883 -3.325E-321
75 3884 -3.325E-321
75 3885 -3.325E-321
75 3886 -3.325E-321
75 3887 -3.325E-321
75 3888 -3.325E-321
75 3889 -3.325E-321
75 3890 -3.325E-321
75 3891 -3.325E-321
75 3892 -3.325E-321
75 3893 -3.325E-321
75 3894 -3.325E-321
76 3895 -3.325E-321
76 3896 -3.325E-321
76 3897 -3.325E-321
76 3898 -3.325E-321
76 3899 -3.325E-321
76 3900 -3.325E-321
76 3901 -3.325E-321
76 3902 -3.325E-321
76 3903 -3.325E-321
76 3904 -3.325E-321
76 3905 -3.325E-321
76 3906 -3.325E-321
76 3907 -3.325E-321
76 3908 -3.325E-321
76 3909 -3.325E-321
76 3910 -3.325E-321
76 3911 -3.325E-321
76 3912 -3.325E-321
76 3913 -3.325E-321
76 3914 -3.325E-321
76 3915 -3.325E-321
76 3916 -3.325E-321
76 3917 -3.325E-321
76 3918 -3.325E-321
76 3919 -3.325E-321
76 3920 -3.325E-321
76 3921 -3.325E-321
76 3922 -3.325E-321
76 3923 -3.325E-321
76 3924 -3.325E-321
76 3925 -3.325E-321
76 3926 -3.325E-321
76 3927 -3.325E-321
76 3928 -3.325E-321
76 3929 -3.325E-321
76 3930 -3.325E-321
76 3931 -3.325E-321
76 3932 -3.325E-321
76 3933 -3.325E-321
76 3934 -3.325E-321
76 3935 -3.325E-321
76 3936 -3.325E-321
76 3937 -3.325E-321
76 3938 -3.325E-321
76 3939 -3.325E-321
76 3940 -3.325E-321
76 3941 -3.325E-321
76 3942 -3.325E-321
76 3943 -3.325E-321
76 3944 -3.325E-321
76 3945 -3.325E-321
76 3946 -3.325E-321
76 3947 -3.325E-321
76 3948 -3.325E-321
76 3949 -3.325E-321
77 3950 -3.325E-321
77 3951 -3.325E-321
77 3952 -3.325E-321
77 3953 -3.325E-321
77 3954 -3.325E-321
77 3955 -3.325E-321
77 3956 -3.325E-321
77 3957 -3.325E-321
77 3958 -3.325E-321
77 3959 -3.325E-321
77 3960 -3.325E-321
77 3961 -3.325E-321
77 3962 -3.325E-321
77 3963 -3.325E-321
77 3964 -3.325E-321
77 3965 -3.325E-321
77 3966 -3.325E-321
77 3967 -3.325E-321
77 3968 -3.325E-321
77 3969 -3.325E-321
77 3970 -3.325E-321
77 3971 -3.325E-321
77 3972 -3.325E-321
77 3973 -3.325E-321
77 3974 -3.325E-321
77 3975 -3.325E-321
77 3976 -3.325E-321
77 3977 -3.325E-321
77 3978 -3.325E-321
77 3979 -3.325E-321
77 3980 -3.325E-321
77 3981 -3.325E-321
77 3982 -3.325E-321
77 3983 -3.325E-321
77 3984 -3.325E-321
77 3985 -3.325E-321
77 3986 -3.325E-321
77 3987 -3.325E-321
77 3988 -3.325E-321
77 3989 -3.325E-321
77 3990 -3.325E-321
77 3991 -3.325E-321
77 3992 -3.325E-321
77 3993 -3.325E-321
77 3994 -3.325E-321
77 3995 -3.325E-321
77 3996 -3.325E-321
77 3997 -3.325E-321
77 3998 -3.325E-321
77 3999 -3.325E-321
77 4000 -3.325E-321
77 4001 -3.325E-321
78 4002 -3.325E-321
78 4003 -3.325E-321
78 4004 -3.325E-321
78 4005 -3.325E-321
78 4006 -3.325E-321
78 4007 -3.325E-321
78 4008 -3.325E-321
78 4009 -3.325E-321
78 4010 -3.325E-321
78 4011 -3.325E-321
78 4012 -3.325E-321
78 4013 -3.325E-321
78 4014 -3.325E-321
78 4015 -3.325E-321
78 4016 -3.325E-321
78 4017 -3.325E-321
78 4018 -3.325E-321
78 4019 -3.325E-321
78 4020 -3.325E-321
78 4021 -3.325E-321
78 4022 -3.325E-321
78 4023 -3.325E-321
78 4024 -3.325E-321
78 4025 -3.325E-321
78 4026 -3.325E-321
78 4027 -3.325E-321
78 4028 -3.325E-321
78 4029 -3.325E-321
78 4030 -3.325E-321
78 4031 -3.325E-321
78 4032 -3.325E-321
78 4033 -3.325E-321
78 4034 -3.325E-321
78 4035 -3.325E-321
78 4036 -3.325E-321
78 4037 -3.325E-321
78 4038 -3.325E-321
78 4039 -3.325E-321
78 4040 -3.325E-321
78 4041 -3.325E-321
78 4042 -3.325E-321
78 4043 -3.325E-321
78 4044 -3.325E-321
78 4045 -3.325E-321
78 4046 -3.325E-321
78 4047 -3.325E-321
78 4048 -3.325E-321
78 4049 -3.325E-321
78 4050 -3.325E-321
78 4051 -3.325E-321
78 4052 -3.325E-321
78 4053 -3.325E-321
78 4054 -3.325E-321
78 4055 -3.325E-321
78 4056 -3.325E-321
78 4057 -3.325E-321
79 4058 -3.325E-321
79 4059 -3.325E-321
79 4060 -3.325E-321
79 4061 -3.325E-321
79 4062 -3.325E-321
79 4063 -3.325E-321
79 4064 -3.325E-321
79 4065 -3.325E-321
79 4066 -3.325E-321
79 4067 -3.325E-321
79 4068 -3.325E-321
79 4069 -3.325E-321
79 4070 -3.325E-321
79 4071 -3.325E-321
79 4072 -3.325E-321
79 4073 -3.325E-321
79 4074 -3.325E-321
79 4075 -3.325E-321
79 4076 -3.325E-321
79 4077 -3.325E-321
79 4078 -3.325E-321
79 4079 -3.325E-321
79 4080 -3.325E-321
79 4081 -3.325E-321
79 4082 -3.325E-321
79 4083 -3.325E-321
79 4084 -3.325E-321
79 4085 -3.325E-321
79 4086 -3.325E-321
79 4087 -3.325E-321
79 4088 -3.325E-321
79 4089 -3.325E-321
79 4090 -3.325E-321
79 4091 -3.325E-321
79 4092 -3.325E-321
79 4093 -3.325E-321
79 4094 -3.325E-321
79 4095 -3.325E-321
79 4096 -3.325E-321
79 4097 -3.325E-321
79 4098 -3.325E-321
79 4099 -3.325E-321
79 4100 -3.325E-321
79 4101 -3.325E-321
79 4102 -3.325E-321
79 4103 -3.325E-321
79 4104 -3.325E-321
79 4105 -3.325E-321
79 4106 -3.325E-321
79 4107 -3.325E-321
79 4108 -3.325E-321
80 4109 -3.325E-321
80 4110 -3.325E-321
80 4111 -3.325E-321
80 4112 -3.325E-321
80 4113 -3.325E-321
80 4114 -3.325E-321
80 4115 -3.325E-321
80 4116 -3.325E-321
80 4117 -3.325E-321
80 4118 -3.325E-321
80 4119 -3.325E-321
80 4120 -3.325E-321
80 4121 -3.325E-321
80 4122 -3.325E-321
80 4123 -3.325E-321
80 4124 -3.325E-321
80 4125 -3.325E-321
80 4126 -3.325E-321
80 4127 -3.325E-321
80 4128 -3.325E-321
80 4129 -3.325E-321
80 4130 -3.325E-321
80 4131 -3.325E-321
80 4132 -3.325E-321
80 4133 -3.325E-321
80 4134 -3.325E-321
80 4135 -3.325E-321
80 4136 -3.325E-321
80 4137 -3.325E-321
80 4138 -3.325E-321
80 4139 -3.325E-321
80 4140 -3.325E-321
80 4141 -3.325E-321
80 4142 -3.325E-321
80 4143 -3.325E-321
80 4144 -3.325E-321
80 4145 -3.325E-321
80 4146 -3.325E-321
80 4147 -3.325E-321
80 4148 -3.325E-321
80 4149 -3.325E-321
80 4150 -3.325E-321
80 4151 -3.325E-321
80 4152 -3.325E-321
80 4153 -3.325E-321
80 4154 -3.325E-321
80 4155 -3.325E-321
80 4156 -3.325E-321
80 4157 -3.325E-321
80 4158 -3.325E-321
80 4159 -3.325E-321
80 4160 -3.325E-321
80 4161 -3.325E-321
80 4162 -3.325E-321
80 4163 -3.325E-321
81 4164 -3.325E-321
81 4165 -3.325E-321
81 4166 -3.325E-321
81 4167 -3.325E-321
81 4168 -3.325E-321
81 4169 -3.325E-321
81 4170 -3.325E-321
81 4171 -3.325E-321
81 4172 -3.325E-321
81 4173 -3.325E-321
81 4174 -3.325E-321
81 4175 -3.325E-321
81 4176 -3.325E-321
81 4177 -3.325E-321
81 4178 -3.325E-321
81 4179 -3.325E-321
81 4180 -3.325E-321
81 4181 -3.325E-321
81 4182 -3.325E-321
81 4183 -3.325E-321
81 4184 -3.325E-321
81 4185 -3.325E-321
81 4186 -3.325E-321
81 4187 -3.325E-321
81 4188 -3.325E-321
81 4189 -3.325E-321
81 4190 -3.325E-321
81 4191 -3.325E-321
81 4192 -3.325E-321
81 4193 -3.325E-321
81 4194 -3.325E-321
81 4195 -3.325E-321
81 4196 -3.325E-321
81 4197 -3.325E-321
81 4198 -3.325E-321
81 4199 -3.325E-321
81 4200 -3.325E-321
81 4201 -3.325E-321
81 4202 -3.325E-321
81 4203 -3.325E-321
81 4204 -3.325E-321
81 4205 -3.325E-321
81 4206 -3.325E-321
81 4207 -3.325E-321
81 4208 -3.325E-321
81 4209 -3.325E-321
81 4210 -3.325E-321
81 4211 -3.325E-321
81 4212 -3.325E-321
81 4213 -3.325E-321
81 4214 -3.325E-321
81 4215 -3.325E-321
81 4216 -3.325E-321
81 4217 -3.325E-321
82 4218 -3.325E-321
82 4219 -3.325E-321
82 4220 -3.325E-321
82 4221 -3.325E-321
82 4222 -3.325E-321
82 4223 -3.325E-321
82 4224 -3.325E-321
82 4225 -3.325E-321
82 4226 -3.325E-321
82 4227 -3.325E-321
82 4228 -3.325E-321
82 4229 -3.325E-321
82 4230 -3.325E-321
82 4231 -3.325E-321
82 4232 -3.325E-321
82 4233 -3.325E-321
82 4234 -3.325E-321
82 4235 -3.325E-321
82 4236 -3.325E-321
82 4237 -3.325E-321
82 4238 -3.325E-321
82 4239 -3.325E-321
82 4240 -3.325E-321
82 4241 -3.325E-321
82 4242 -3.325E-321
82 4243 -3.325E-321
82 4244 -3.325E-321
82 4245 -3.325E-321
82 4246 -3.325E-321
82 4247 -3.325E-321
82 4248 -3.325E-321
82 4249 -3.325E-321
82 4250 -3.325E-321
82 4251 -3.325E-321
82 4252 -3.325E-321
82 4253 -3.325E-321
82 4254 -3.325E-321
82 4255 -3.325E-321
82 4256 -3.325E-321
82 4257 -3.325E-321
82 4258 -3.325E-321
82 4259 -3.325E-321
82 4260 -3.325E-321
82 4261 -3.325E-321
82 4262 -3.325E-321
82 4263 -3.325E-321
82 4264 -3.325E-321
82 4265 -3.325E-321
82 4266 -3.325E-321
82 4267 -3.325E-321
82 4268 -3.325E-321
82 4269 -3.325E-321
82 4270 -3.325E-321
83 4271 -3.325E-321
83 4272 -3.325E-321
83 4273 -3.325E-321
83 4274 -3.325E-321
83 4275 -3.325E-321
83 4276 -3.325E-321
83 4277 -3.325E-321
83 4278 -3.325E-321
83 4279 -3.325E-321
83 4280 -3.325E-321
83 4281 -3.325E-321
83 4282 -3.325E-321
83 4283 -3.325E-321
83 4284 -3.325E-321
83 4285 -3.325E-321
83 4286 -3.325E-321
83 4287 -3.325E-321
83 4288 -3.325E-321
83 4289 -3.325E-321
83 4290 -3.325E-321
83 4291 -3.325E-321
83 4292 -3.325E-321
83 4293 -3.325E-321
83 4294 -3.325E-321
83 4295 -3.325E-321
83 4296 -3.325E-321
83 4297 -3.325E-321
83 4298 -3.325E-321
83 4299 -3.325E-321
83 4300 -3.325E-321
83 4301 -3.325E-321
83 4302 -3.325E-321
83 4303 -3.325E-321
83 4304 -3.325E-321
83 4305 -3.325E-321
83 4306 -3.325E-321
83 4307 -3.325E-321
83 4308 -3.325E-321
83 4309 -3.325E-321
83 4310 -3.325E-321
83 4311 -3.325E-321
83 4312 -3.325E-321
83 4313 -3.325E-321
83 4314 -3.325E-321
84 4315 -3.325E-321
84 4316 -3.325E-321
84 4317 -3.325E-321
84 4318 -3.325E-321
84 4319 -3.325E-321
84 4320 -3.325E-321
84 4321 -3.325E-321
84 4322 -3.325E-321
84 4323 -3.325E-321
84 4324 -3.325E-321
84 4325 -3.325E-321
84 4326 -3.325E-321
84 4327 -3.325E-321
84 4328 -3.325E-321
84 4329 -3.325E-321
84 4330 -3.325E-321
84 4331 -3.325E-321
84 4332 -3.325E-321
84 4333 -3.325E-321
84 4334 -3.325E-321
84 4335 -3.325E-321
84 4336 -3.325E-321
84 4337 -3.325E-321
84 4338 -3.325E-321
84 4339 -3.325E-321
84 4340 -3.325E-321
84 4341 -3.325E-321
84 4342 -3.325E-321
84 4343 -3.325E-321
84 4344 -3.325E-321
84 4345 -3.325E-321
84 4346 -3.325E-321
84 4347 -3.325E-321
84 4348 -3.325E-321
84 4349 -3.325E-321
84 4350 -3.325E-321
84 4351 -3.325E-321
84 4352 -3.325E-321
84 4353 -3.325E-321
84 4354 -3.325E-321
84 4355 -3.325E-321
84 4356 -3.325E-321
84 4357 -3.325E-321
84 4358 -3.325E-321
84 4359 -3.325E-321
84 4360 -3.325E-321
84 4361 -3.325E-321
84 4362 -3.325E-321
84 4363 -3.325E-321
84 4364 -3.325E-321
84 4365 -3.325E-321
84 4366 -3.325E-321
84 4367 -3.325E-321
85 4368 -3.325E-321
85 4369 -3.325E-321
85 4370 -3.325E-321
85 4371 -3.325E-321
85 4372 -3.325E-321
85 4373 -3.325E-321
85 4374 -3.325E-321
85 4375 -3.325E-321
85 4376 -3.325E-321
85 4377 -3.325E-321
85 4378 -3.325E-321
85 4379 -3.325E-321
85 4380 -3.325E-321
85 4381 -3.325E-321
85 4382 -3.325E-321
85 4383 -3.325E-321
85 4384 -3.325E-321
85 4385 -3.325E-321
85 4386 -3.325E-321
85 4387 -3.325E-321
85 4388 -3.325E-321
85 4389 -3.325E-321
85 4390 -3.325E-321
85 4391 -3.325E-321
85 4392 -3.325E-321
85 4393 -3.325E-321
85 4394 -3.325E-321
85 4395 -3.325E-321
85 4396 -3.325E-321
85 4397 -3.325E-321
85 4398 -3.325E-321
85 4399 -3.325E-321
85 4400 -3.325E-321
85 4401 -3.325E-321
85 4402 -3.325E-321
85 4403 -3.325E-321
85 4404 -3.325E-321
85 4405 -3.325E-321
85 4406 -3.325E-321
85 4407 -3.325E-321
85 4408 -3.325E-321
85 4409 -3.325E-321
85 4410 -3.325E-321
85 4411 -3.325E-321
85 4412 -3.325E-321
85 4413 -3.325E-321
85 4414 -3.325E-321
85 4415 -3.325E-321
85 4416 -3.325E-321
85 4417 -3.325E-321
85 4418 -3.325E-321
85 4419 -3.325E-321
86 4420 -3.325E-321
86 4421 -3.325E-321
86 4422 -3.325E-321
86 4423 -3.325E-321
86 4424 -3.325E-321
86 4425 -3.325E-321
86 4426 -3.325E-321
86 4427 -3.325E-321
86 4428 -3.325E-321
86 4429 -3.325E-321
86 4430 -3.325E-321
86 4431 -3.325E-321
86 4432 -3.325E-321
86 4433 -3.325E-321
86 4434 -3.325E-321
86 4435 -3.325E-321
86 4436 -3.325E-321
86 4437 -3.325E-321
86 4438 -3.325E-321
86 4439 -3.325E-321
86 4440 -3.325E-321
86 4441 -3.325E-321
86 4442 -3.325E-321
86 4443 -3.325E-321
86 4444 -3.325E-321
86 4445 -3.325E-321
86 4446 -3.325E-321
86 4447 -3.325E-321
86 4448 -3.325E-321
86 4449 -3.325E-321
86 4450 -3.325E-321
86 4451 -3.325E-321
86 4452 -3.325E-321
86 4453 -3.325E-321
86 4454 -3.325E-321
86 4455 -3.325E-321
86 4456 -3.325E-321
86 4457 -3.325E-321
86 4458 -3.325E-321
86 4459 -3.325E-321
86 4460 -3.325E-321
86 4461 -3.325E-321
86 4462 -3.325E-321
86 4463 -3.325E-321
86 4464 -3.325E-321
86 4465 -3.325E-321
86 4466 -3.325E-321
86 4467 -3.325E-321
86 4468 -3.325E-321
87 4469 -3.325E-321
87 4470 -3.325E-321
87 4471 -3.325E-321
87 4472 -3.325E-321
87 4473 -3.325E-321
87 4474 -3.325E-321
87 4475 -3.325E-321
87 4476 -3.325E-321
87 4477 -3.325E-321
87 4478 -3.325E-321
87 4479 -3.325E-321
87 4480 -3.325E-321
87 4481 -3.325E-321
87 4482 -3.325E-321
87 4483 -3.325E-321
87 4484 -3.325E-321
87 4485 -3.325E-321
87 4486 -3.325E-321
87 4487 -3.325E-321
87 4488 -3.325E-321
87 4489 -3.325E-321
87 4490 -3.325E-321
87 4491 -3.325E-321
87 4492 -3.325E-321
87 4493 -3.325E-321
87 4494 -3.325E-321
87 4495 -3.325E-321
87 4496 -3.325E-321
87 4497 -3.325E-321
87 4498 -3.325E-321
87 4499 -3.325E-321
87 4500 -3.325E-321
87 4501 -3.325E-321
87 4502 -3.325E-321
87 4503 -3.325E-321
87 4504 -3.325E-321
87 4505 -3.325E-321
87 4506 -3.325E-321
87 4507 -3.325E-321
87 4508 -3.325E-321
87 4509 -3.325E-321
87 4510 -3.325E-321
87 4511 -3.325E-321
87 4512 -3.325E-321
87 4513 -3.325E-321
87 4514 -3.325E-321
87 4515 -3.325E-321
87 4516 -3.325E-321
87 4517 -3.325E-321
87 4518 -3.325E-321
87 4519 -3.325E-321
87 4520 -3.325E-321
87 4521 -3.325E-321
87 4522 -3.325E-321
88 4523 -3.325E-321
88 4524 -3.325E-321
88 4525 -3.325E-321
88 4526 -3.325E-321
88 4527 -3.325E-321
88 4528 -3.325E-321
88 4529 -3.325E-321
88 4530 -3.325E-321
88 4531 -3.325E-321
88 4532 -3.325E-321
88 4533 -3.325E-321
88 4534 -3.325E-321
88 4535 -3.325E-321
88 4536 -3.325E-321
88 4537 -3.325E-321
88 4538 -3.325E-321
88 4539 -3.325E-321
88 4540 -3.325E-321
88 4541 -3.325E-321
88 4542 -3.325E-321
88 4543 -3.325E-321
88 4544 -3.325E-321
88 4545 -3.325E-321
88 4546 -3.325E-321
88 4547 -3.325E-321
88 4548 -3.325E-321
88 4549 -3.325E-321
88 4550 -3.325E-321
88 4551 -3.325E-321
88 4552 -3.325E-321
88 4553 -3.325E-321
88 4554 -3.325E-321
88 4555 -3.325E-321
88 4556 -3.325E-321
88 4557 -3.325E-321
88 4558 -3.325E-321
88 4559 -3.325E-321
88 4560 -3.325E-321
88 4561 -3.325E-321
88 4562 -3.325E-321
88 4563 -3.325E-321
88 4564 -3.325E-321
88 4565 -3.325E-321
88 4566 -3.325E-321
88 4567 -3.325E-321
88 4568 -3.325E-321
88 4569 -3.325E-321
88 4570 -3.325E-321
88 4571 -3.325E-321
88 4572 -3.325E-321
88 4573 -3.325E-321
88 4574 -3.325E-321
88 4575 -3.325E-321
89 4576 -3.325E-321
89 4577 -3.325E-321
89 4578 -3.325E-321
89 4579 -3.325E-321
89 4580 -3.325E-321
89 4581 -3.325E-321
89 4582 -3.325E-321
89 4583 -3.325E-321
89 4584 -3.325E-321
89 4585 -3.325E-321
89 4586 -3.325E-321
89 4587 -3.325E-321
89 4588 -3.325E-321
89 4589 -3.325E-321
89 4590 -3.325E-321
89 4591 -3.325E-321
89 4592 -3.325E-321
89 4593 -3.325E-321
89 4594 -3.325E-321
89 4595 -3.325E-321
89 4596 -3.325E-321
89 4597 -3.325E-321
89 4598 -3.325E-321
89 4599 -3.325E-321
89 4600 -3.325E-321
89 4601 -3.325E-321
89 4602 -3.325E-321
89 4603 -3.325E-321
89 4604 -3.325E-321
89 4605 -3.325E-321
89 4606 -3.325E-321
89 4607 -3.325E-321
89 4608 -3.325E-321
89 4609 -3.325E-321
89 4610 -3.325E-321
89 4611 -3.325E-321
89 4612 -3.325E-321
89 4613 -3.325E-321
89 4614 -3.325E-321
89 4615 -3.325E-321
89 4616 -3.325E-321
89 4617 -3.325E-321
89 4618 -3.325E-321
89 4619 -3.325E-321
89 4620 -3.325E-321
89 4621 -3.325E-321
89 4622 -3.325E-321
89 4623 -3.325E-321
89 4624 -3.325E-321
89 4625 -3.325E-321
89 4626 -3.325E-321
89 4627 -3.325E-321
89 4628 -3.325E-321
89 4629 -3.325E-321
89 4630 -3.325E-321
90 4631 -3.325E-321
90 4632 -3.325E-321
90 4633 -3.325E-321
90 4634 -3.325E-321
90 4635 -3.325E-321
90 4636 -3.325E-321
90 4637 -3.325E-321
90 4638 -3.325E-321
90 4639 -3.325E-321
90 4640 -3.325E-321
90 4641 -3.325E-321
90 4642 -3.325E-321
90 4643 -3.325E-321
90 4644 -3.325E-321
90 4645 -3.325E-321
90 4646 -3.325E-321
90 4647 -3.325E-321
90 4648 -3.325E-321
90 4649 -3.325E-321
90 4650 -3.325E-321
90 4651 -3.325E-321
90 4652 -3.325E-321
90 4653 -3.325E-321
90 4654 -3.325E-321
90 4655 -3.325E-321
90 4656 -3.325E-321
90 4657 -3.325E-321
90 4658 -3.325E-321
90 4659 -3.325E-321
90 4660 -3.325E-321
90 4661 -3.325E-321
90 4662 -3.325E-321
90 4663 -3.325E-321
90 4664 -3.325E-321
90 4665 -3.325E-321
90 4666 -3.325E-321
90 4667 -3.325E-321
90 4668 -3.325E-321
90 4669 -3.325E-321
90 4670 -3.325E-321
90 4671 -3.325E-321
90 4672 -3.325E-321
90 4673 -3.325E-321
90 4674 -3.325E-321
90 4675 -3.325E-321
90 4676 -3.325E-321
90 4677 -3.325E-321
90 4678 -3.325E-321
90 4679 -3.325E-321
90 4680 -3.325E-321
90 4681 -3.325E-321
90 4682 -3.325E-321
91 4683 -3.325E-321
91 4684 -3.325E-321
91 4685 -3.325E-321
91 4686 -3.325E-321
91 4687 -3.325E-321
91 4688 -3.325E-321
91 4689 -3.325E-321
91 4690 -3.325E-321
91 4691 -3.325E-321
91 4692 -3.325E-321
91 4693 -3.325E-321
91 4694 -3.325E-321
91 4695 -3.325E-321
91 4696 -3.325E-321
91 4697 -3.325E-321
91 4698 -3.325E-321
91 4699 -3.325E-321
91 4700 -3.325E-321
91 4701 -3.325E-321
91 4702 -3.325E-321
91 4703 -3.325E-321
91 4704 -3.325E-321
91 4705 -3.325E-321
91 4706 -3.325E-321
91 4707 -3.325E-321
91 4708 -3.325E-321
91 4709 -3.325E-321
91 4710 -3.325E-321
91 4711 -3.325E-321
91 4712 -3.325E-321
91 4713 -3.325E-321
91 4714 -3.325E-321
91 4715 -3.325E-321
91 4716 -3.325E-321
91 4717 -3.325E-321
91 4718 -3.325E-321
91 4719 -3.325E-321
91 4720 -3.325E-321
91 4721 -3.325E-321
91 4722 -3.325E-321
91 4723 -3.325E-321
91 4724 -3.325E-321
91 4725 -3.325E-321
91 4726 -3.325E-321
91 4727 -3.325E-321
91 4728 -3.325E-321
91 4729 -3.325E-321
91 4730 -3.325E-321
91 4731 -3.325E-321
91 4732 -3.325E-321
92 4733 -3.325E-321
92 4734 -3.325E-321
92 4735 -3.325E-321
92 4736 -3.325E-321
92 4737 -3.325E-321
92 4738 -3.325E-321
92 4739 -3.325E-321
92 4740 -3.325E-321
92 4741 -3.325E-321
92 4742 -3.325E-321
92 4743 -3.325E-321
92 4744 -3.325E-321
92 4745 -3.325E-321
92 4746 -3.325E-321
92 4747 -3.325E-321
92 4748 -3.325E-321
92 4749 -3.325E-321
92 4750 -3.325E-321
92 4751 -3.325E-321
92 4752 -3.325E-321
92 4753 -3.325E-321
92 4754 -3.325E-321
92 4755 -3.325E-321
92 4756 -3.325E-321
92 4757 -3.325E-321
92 4758 -3.325E-321
92 4759 -3.325E-321
92 4760 -3.325E-321
92 4761 -3.325E-321
92 4762 -3.325E-321
92 4763 -3.325E-321
92 4764 -3.325E-321
92 4765 -3.325E-321
92 4766 -3.325E-321
92 4767 -3.325E-321
92 4768 -3.325E-321
92 4769 -3.325E-321
92 4770 -3.325E-321
92 4771 -3.325E-321
92 4772 -3.325E-321
92 4773 -3.325E-321
92 4774 -3.325E-321
92 4775 -3.325E-321
92 4776 -3.325E-321
92 4777 -3.325E-321
92 4778 -3.325E-321
92 4779 -3.325E-321
92 4780 -3.325E-321
92 4781 -3.325E-321
92 4782 -3.325E-321
92 4783 -3.325E-321
92 4784 -3.325E-321
92 4785 -3.325E-321
92 4786 -3.325E-321
93 4787 -3.325E-321
93 4788 -3.325E-321
93 4789 -3.325E-321
93 4790 -3.325E-321
93 4791 -3.325E-321
93 4792 -3.325E-321
93 4793 -3.325E-321
93 4794 -3.325E-321
93 4795 -3.325E-321
93 4796 -3.325E-321
93 4797 -3.325E-321
93 4798 -3.325E-321
93 4799 -3.325E-321
93 4800 -3.325E-321
93 4801 -3.325E-321
93 4802 -3.325E-321
93 4803 -3.325E-321
93 4804 -3.325E-321
93 4805 -3.325E-321
93 4806 -3.325E-321
93 4807 -3.325E-321
93 4808 -3.325E-321
93 4809 -3.325E-321
93 4810 -3.325E-321
93 4811 -3.325E-321
93 4812 -3.325E-321
93 4813 -3.325E-321
93 4814 -3.325E-321
93 4815 -3.325E-321
93 4816 -3.325E-321
93 4817 -3.325E-321
93 4818 -3.325E-321
93 4819 -3.325E-321
93 4820 -3.325E-321
93 4821 -3.325E-321
93 4822 -3.325E-321
93 4823 -3.325E-321
93 4824 -3.325E-321
93 4825 -3.325E-321
93 4826 -3.325E-321
93 4827 -3.325E-321
93 4828 -3.325E-321
93 4829 -3.325E-321
93 4830 -3.325E-321
93 4831 -3.325E-321
93 4832 -3.325E-321
93 4833 -3.325E-321
93 4834 -3.325E-321
93 4835 -3.325E-321
93 4836 -3.325E-321
93 4837 -3.325E-321
94 4838 -3.325E-321
94 4839 -3.325E-321
94 4840 -3.325E-321
94 4841 -3.325E-321
94 4842 -3.325E-321
94 4843 -3.325E-321
94 4844 -3.325E-321
94 4845 -3.325E-321
94 4846 -3.325E-321
94 4847 -3.325E-321
94 4848 -3.325E-321
94 4849 -3.325E-321
94 4850 -3.325E-321
94 4851 -3.325E-321
94 4852 -3.325E-321
94 4853 -3.325E-321
94 4854 -3.325E-321
94 4855 -3.325E-321
94 4856 -3.325E-321
94 4857 -3.325E-321
94 4858 -3.325E-321
94 4859 -3.325E-321
94 4860 -3.325E-321
94 4861 -3.325E-321
94 4862 -3.325E-321
94 4863 -3.325E-321
94 4864 -3.325E-321
94 4865 -3.325E-321
94 4866 -3.325E-321
94 4867 -3.325E-321
94 4868 -3.325E-321
94 4869 -3.325E-321
94 4870 -3.325E-321
94 4871 -3.325E-321
94 4872 -3.325E-321
94 4873 -3.325E-321
94 4874 -3.325E-321
94 4875 -3.325E-321
94 4876 -3.325E-321
94 4877 -3.325E-321
94 4878 -3.325E-321
94 4879 -3.325E-321
94 4880 -3.325E-321
94 4881 -3.325E-321
94 4882 -3.325E-321
94 4883 -3.325E-321
94 4884 -3.325E-321
94 4885 -3.325E-321
94 4886 -3.325E-321
95 4887 -3.325E-321
95 4888 -3.325E-321
95 4889 -3.325E-321
95 4890 -3.325E-321
95 4891 -3.325E-321
95 4892 -3.325E-321
95 4893 -3.325E-321
95 4894 -3.325E-321
95 4895 -3.325E-321
95 4896 -3.325E-321
95 4897 -3.325E-321
95 4898 -3.325E-321
95 4899 -3.325E-321
95 4900 -3.325E-321
95 4901 -3.325E-321
95 4902 -3.325E-321
95 4903 -3.325E-321
95 4904 -3.325E-321
95 4905 -3.325E-321
95 4906 -3.325E-321
95 4907 -3.325E-321
95 4908 -3.325E-321
95 4909 -3.325E-321
95 4910 -3.325E-321
95 4911 -3.325E-321
95 4912 -3.325E-321
95 4913 -3.325E-321
95 4914 -3.325E-321
95 4915 -3.325E-321
95 4916 -3.325E-321
95 4917 -3.325E-321
95 4918 -3.325E-321
95 4919 -3.325E-321
95 4920 -3.325E-321
95 4921 -3.325E-321
95 4922 -3.325E-321
95 4923 -3.325E-321
95 4924 -3.325E-321
95 4925 -3.325E-321
95 4926 -3.325E-321
95 4927 -3.325E-321
95 4928 -3.325E-321
95 4929 -3.325E-321
95 4930 -3.325E-321
95 4931 -3.325E-321
95 4932 -3.325E-321
95 4933 -3.325E-321
95 4934 -3.325E-321
95 4935 -3.325E-321
95 4936 -3.325E-321
95 4937 -3.325E-321
95 4938 -3.325E-321
95 4939 -3.325E-321
95 4940 -3.325E-321
95 4941 -3.325E-321
96 4942 -3.325E-321
96 4943 -3.325E-321
96 4944 -3.325E-321
96 4945 -3.325E-321
96 4946 -3.325E-321
96 4947 -3.325E-321
96 4948 -3.325E-321
96 4949 -3.325E-321
96 4950 -3.325E-321
96 4951 -3.325E-321
96 4952 -3.325E-321
96 4953 -3.325E-321
96 4954 -3.325E-321
96 4955 -3.325E-321
96 4956 -3.325E-321
96 4957 -3.325E-321
96 4958 -3.325E-321
96 4959 -3.325E-321
96 4960 -3.325E-321
96 4961 -3.325E-321
96 4962 -3.325E-321
96 4963 -3.325E-321
96 4964 -3.325E-321
96 4965 -3.325E-321
96 4966 -3.325E-321
96 4967 -3.325E-321
96 4968 -3.325E-321
96 4969 -3.325E-321
96 4970 -3.325E-321
96 4971 -3.325E-321
96 4972 -3.325E-321
96 4973 -3.325E-321
96 4974 -3.325E-321
96 4975 -3.325E-321
96 4976 -3.325E-321
96 4977 -3.325E-321
96 4978 -3.325E-321
96 4979 -3.325E-321
96 4980 -3.325E-321
96 4981 -3.325E-321
96 4982 -3.325E-321
96 4983 -3.325E-321
96 4984 -3.325E-321
96 4985 -3.325E-321
96 4986 -3.325E-321
96 4987 -3.325E-321
96 4988 -3.325E-321
96 4989 -3.325E-321
96 4990 -3.325E-321
96 4991 -3.325E-321
96 4992 -3.325E-321
97 4993 -3.325E-321
97 4994 -3.325E-321
97 4995 -3.325E-321
97 4996 -3.325E-321
97 4997 -3.325E-321
97 4998 -3.325E-321
97 4999 -3.325E-321
97 5000 -3.325E-321
97 5001 -3.325E-321
97 5002 -3.325E-321
97 5003 -3.325E-321
97 5004 -3.325E-321
97 5005 -3.325E-321
97 5006 -3.325E-321
97 5007 -3.325E-321
97 5008 -3.325E-321
97 5009 -3.325E-321
97 5010 -3.325E-321
97 5011 -3.325E-321
97 5012 -3.325E-321
97 5013 -3.325E-321
97 5014 -3.325E-321
97 5015 -3.325E-321
97 5016 -3.325E-321
97 5017 -3.325E-321
97 5018 -3.325E-321
97 5019 -3.325E-321
97 5020 -3.325E-321
97 5021 -3.325E-321
97 5022 -3.325E-321
97 5023 -3.325E-321
97 5024 -3.325E-321
97 5025 -3.325E-321
97 5026 -3.325E-321
97 5027 -3.325E-321
97 5028 -3.325E-321
97 5029 -3.325E-321
97 5030 -3.325E-321
97 5031 -3.325E-321
97 5032 -3.325E-321
97 5033 -3.325E-321
97 5034 -3.325E-321
97 5035 -3.325E-321
97 5036 -3.325E-321
97 5037 -3.325E-321
97 5038 -3.325E-321
97 5039 -3.325E-321
97 5040 -3.325E-321
97 5041 -3.325E-321
97 5042 -3.325E-321
98 5043 -3.325E-321
98 5044 -3.325E-321
98 5045 -3.325E-321
98 5046 -3.325E-321
98 5047 -3.325E-321
98 5048 -3.325E-321
98 5049 -3.325E-321
98 5050 -3.325E-321
98 5051 -3.325E-321
98 5052 -3.325E-321
98 5053 -3.325E-321
98 5054 -3.325E-321
98 5055 -3.325E-321
98 5056 -3.325E-321
98 5057 -3.325E-321
98 5058 -3.325E-321
98 5059 -3.325E-321
98 5060 -3.325E-321
98 5061 -3.325E-321
98 5062 -3.325E-321
98 5063 -3.325E-321
98 5064 -3.325E-321
98 5065 -3.325E-321
98 5066 -3.325E-321
98 5067 -3.325E-321
98 5068 -3.325E-321
98 5069 -3.325E-321
98 5070 -3.325E-321
98 5071 -3.325E-321
98 5072 -3.325E-321
98 5073 -3.325E-321
98 5074 -3.325E-321
98 5075 -3.325E-321
98 5076 -3.325E-321
98 5077 -3.325E-321
98 5078 -3.325E-321
98 5079 -3.325E-321
98 5080 -3.325E-321
98 5081 -3.325E-321
98 5082 -3.325E-321
98 5083 -3.325E-321
98 5084 -3.325E-321
98 5085 -3.325E-321
98 5086 -3.325E-321
98 5087 -3.325E-321
98 5088 -3.325E-321
98 5089 -3.325E-321
98 5090 -3.325E-321
98 5091 -3.325E-321
99 5092 -3.325E-321
99 5093 -3.325E-321
99 5094 -3.325E-321
99 5095 -3.325E-321
99 5096 -3.325E-321
99 5097 -3.325E-321
99 5098 -3.325E-321
99 5099 -3.325E-321
99 5100 -3.325E-321
99 5101 -3.325E-321
99 5102 -3.325E-321
99 5103 -3.325E-321
99 5104 -3.325E-321
99 5105 -3.325E-321
99 5106 -3.325E-321
99 5107 -3.325E-321
99 5108 -3.325E-321
99 5109 -3.325E-321
99 5110 -3.325E-321
99 5111 -3.325E-321
99 5112 -3.325E-321
99 5113 -3.325E-321
99 5114 -3.325E-321
99 5115 -3.325E-321
99 5116 -3.325E-321
99 5117 -3.325E-321
99 5118 -3.325E-321
99 5119 -3.325E-321
99 5120 -3.325E-321
99 5121 -3.325E-321
99 5122 -3.325E-321
99 5123 -3.325E-321
99 5124 -3.325E-321
99 5125 -3.325E-321
99 5126 -3.325E-321
99 5127 -3.325E-321
99 5128 -3.325E-321
99 5129 -3.325E-321
99 5130 -3.325E-321
99 5131 -3.325E-321
99 5132 -3.325E-321
99 5133 -3.325E-321
99 5134 -3.325E-321
99 5135 -3.325E-321
99 5136 -3.325E-321
99 5137 -3.325E-321
99 5138 -3.325E-321
99 5139 -3.325E-321
99 5140 -3.325E-321
99 5141 -3.325E-321
99 5142 -3.325E-321
99 5143 -3.325E-321
99 5144 -3.325E-321
100 5145 -3.325E-321
100 5146 -3.325E-321
100 5147 -3.325E-321
100 5148 -3.325E-321
100 5149 -3.325E-321
100 5150 -3.325E-321
100 5151 -3.325E-321
100 5152 -3.325E-321
100 5153 -3.325E-321
100 5154 -3.325E-321
100 5155 -3.325E-321
100 5156 -3.325E-321
100 5157 -3.325E-321
100 5158 -3.325E-321
100 5159 -3.325E-321
100 5160 -3.325E-321
100 5161 -3.325E-321
100 5162 -3.325E-321
100 5163 -3.325E-321
100 5164 -3.325E-321
100 5165 -3.325E-321
100 5166 -3.325E-321
100 5167 -3.325E-321
100 5168 -3.325E-321
100 5169 -3.325E-321
100 5170 -3.325E-321
100 5171 -3.325E-321
100 5172 -3.325E-321
100 5173 -3.325E-321
100 5174 -3.325E-321
100 5175 -3.325E-321
100 5176 -3.325E-321
100 5177 -3.325E-321
100 5178 -3.325E-321
100 5179 -3.325E-321
100 5180 -3.325E-321
100 5181 -3.325E-321
100 5182 -3.325E-321
100 5183 -3.325E-321
100 5184 -3.325E-321
100 5185 -3.325E-321
100 5186 -3.325E-321
100 5187 -3.325E-321
100 5188 -3.325E-321
100 5189 -3.325E-321
100 5190 -3.325E-321
100 5191 -3.325E-321
100 5192 -3.325E-321
100 5193 -3.325E-321
100 5194 -3.325E-321
100 5195 -3.325E-321
100 5196 -3.325E-321
100 5197 -3.325E-321
100 5198 -3.325E-321
101 5199 -3.325E-321
101 5200 -3.325E-321
101 5201 -3.325E-321
101 5202 -3.325E-321
101 5203 -3.325E-321
101 5204 -3.325E-321
101 5205 -3.325E-321
101 5206 -3.325E-321
101 5207 -3.325E-321
101 5208 -3.325E-321
101 5209 -3.325E-321
101 5210 -3.325E-321
101 5211 -3.325E-321
101 5212 -3.325E-321
101 5213 -3.325E-321
101 5214 -3.325E-321
101 5215 -3.325E-321
101 5216 -3.325E-321
101 5217 -3.325E-321
101 5218 -3.325E-321
101 5219 -3.325E-321
101 5220 -3.325E-321
101 5221 -3.325E-321
101 5222 -3.325E-321
101 5223 -3.325E-321
101 5224 -3.325E-321
101 5225 -3.325E-321
101 5226 -3.325E-321
101 5227 -3.325E-321
101 5228 -3.325E-321
101 5229 -3.325E-321
101 5230 -3.325E-321
101 5231 -3.325E-321
101 5232 -3.325E-321
101 5233 -3.325E-321
101 5234 -3.325E-321
101 5235 -3.325E-321
101 5236 -3.325E-321
101 5237 -3.325E-321
101 5238 -3.325E-321
101 5239 -3.325E-321
101 5240 -3.325E-321
101 5241 -3.325E-321
101 5242 -3.325E-321
101 5243 -3.325E-321
101 5244 -3.325E-321
101 5245 -3.325E-321
101 5246 -3.325E-321
101 5247 -3.325E-321
101 5248 -3.325E-321
101 5249 -3.325E-321
101 5250 -3.325E-321
101 5251 -3.325E-321
102 5252 -3.325E-321
102 5253 -3.325E-321
102 5254 -3.325E-321
102 5255 -3.325E-321
102 5256 -3.325E-321
102 5257 -3.325E-321
102 5258 -3.325E-321
102 5259 -3.325E-321
102 5260 -3.325E-321
102 5261 -3.325E-321
102 5262 -3.325E-321
102 5263 -3.325E-321
102 5264 -3.325E-321
102 5265 -3.325E-321
102 5266 -3.325E-321
102 5267 -3.325E-321
102 5268 -3.325E-321
102 5269 -3.325E-321
102 5270 -3.325E-321
102 5271 -3.325E-321
102 5272 -3.325E-321
102 5273 -3.325E-321
102 5274 -3.325E-321
102 5275 -3.325E-321
102 5276 -3.325E-321
102 5277 -3.325E-321
102 5278 -3.325E-321
102 5279 -3.325E-321
102 5280 -3.325E-321
102 5281 -3.325E-321
102 5282 -3.325E-321
102 5283 -3.325E-321
102 5284 -3.325E-321
102 5285 -3.325E-321
102 5286 -3.325E-321
102 5287 -3.325E-321
102 5288 -3.325E-321
102 5289 -3.325E-321
102 5290 -3.325E-321
102 5291 -3.325E-321
102 5292 -3.325E-321
102 5293 -3.325E-321
102 5294 -3.325E-321
102 5295 -3.325E-321
102 5296 -3.325E-321
102 5297 -3.325E-321
102 5298 -3.325E-321
102 5299 -3.325E-321
102 5300 -3.325E-321
102 5301 -3.325E-321
102 5302 -3.325E-321
102 5303 -3.325E-321
103 5304 -3.325E-321
103 5305 -3.325E-321
103 5306 -3.325E-321
103 5307 -3.325E-321
103 5308 -3.325E-321
103 5309 -3.325E-321
103 5310 -3.325E-321
103 5311 -3.325E-321
103 5312 -3.325E-321
103 5313 -3.325E-321
103 5314 -3.325E-321
103 5315 -3.325E-321
103 5316 -3.325E-321
103 5317 -3.325E-321
103 5318 -3.325E-321
103 5319 -3.325E-321
103 5320 -3.325E-321
103 5321 -3.325E-321
103 5322 -3.325E-321
103 5323 -3.325E-321
103 5324 -3.325E-321
103 5325 -3.325E-321
103 5326 -3.325E-321
103 5327 -3.325E-321
103 5328 -3.325E-321
103 5329 -3.325E-321
103 5330 -3.325E-321
103 5331 -3.325E-321
103 5332 -3.325E-321
103 5333 -3.325E-321
103 5334 -3.325E-321
103 5335 -3.325E-321
103 5336 -3.325E-321
103 5337 -3.325E-321
103 5338 -3.325E-321
103 5339 -3.325E-321
103 5340 -3.325E-321
103 5341 -3.325E-321
103 5342 -3.325E-321
103 5343 -3.325E-321
103 5344 -3.325E-321
103 5345 -3.325E-321
103 5346 -3.325E-321
103 5347 -3.325E-321
103 5348 -3.325E-321
103 5349 -3.325E-321
103 5350 -3.325E-321
103 5351 -3.325E-321
103 5352 -3.325E-321
103 5353 -3.325E-321
104 5354 -3.325E-321
104 5355 -3.325E-321
104 5356 -3.325E-321
104 5357 -3.325E-321
104 5358 -3.325E-321
104 5359 -3.325E-321
104 5360 -3.325E-321
104 5361 -3.325E-321
104 5362 -3.325E-321
104 5363 -3.325E-321
104 5364 -3.325E-321
104 5365 -3.325E-321
104 5366 -3.325E-321
104 5367 -3.325E-321
104 5368 -3.325E-321
104 5369 -3.325E-321
104 5370 -3.325E-321
104 5371 -3.325E-321
104 5372 -3.325E-321
104 5373 -3.325E-321
104 5374 -3.325E-321
104 5375 -3.325E-321
104 5376 -3.325E-321
104 5377 -3.325E-321
104 5378 -3.325E-321
104 5379 -3.325E-321
104 5380 -3.325E-321
104 5381 -3.325E-321
104 5382 -3.325E-321
104 5383 -3.325E-321
104 5384 -3.325E-321
104 5385 -3.325E-321
104 5386 -3.325E-321
104 5387 -3.325E-321
104 5388 -3.325E-321
104 5389 -3.325E-321
104 5390 -3.325E-321
104 5391 -3.325E-321
104 5392 -3.325E-321
104 5393 -3.325E-321
104 5394 -3.325E-321
104 5395 -3.325E-321
104 5396 -3.325E-321
104 5397 -3.325E-321
104 5398 -3.325E-321
104 5399 -3.325E-321
104 5400 -3.325E-321
104 5401 -3.325E-321
104 5402 -3.325E-321
105 5403 -3.325E-321
105 5404 -3.325E-321
105 5405 -3.325E-321
105 5406 -3.325E-321
105 5407 -3.325E-321
105 5408 -3.325E-321
105 5409 -3.325E-321
105 5410 -3.325E-321
105 5411 -3.325E-321
105 5412 -3.325E-321
105 5413 -3.325E-321
105 5414 -3.325E-321
105 5415 -3.325E-321
105 5416 -3.325E-321
105 5417 -3.325E-321
105 5418 -3.325E-321
105 5419 -3.325E-321
105 5420 -3.325E-321
105 5421 -3.325E-321
105 5422 -3.325E-321
105 5423 -3.325E-321
105 5424 -3.325E-321
105 5425 -3.325E-321
105 5426 -3.325E-321
105 5427 -3.325E-321
105 5428 -3.325E-321
105 5429 -3.325E-321
105 5430 -3.325E-321
105 5431 -3.325E-321
105 5432 -3.325E-321
105 5433 -3.325E-321
105 5434 -3.325E-321
105 5435 -3.325E-321
105 5436 -3.325E-321
105 5437 -3.325E-321
105 5438 -3.325E-321
105 5439 -3.325E-321
105 5440 -3.325E-321
105 5441 -3.325E-321
105 5442 -3.325E-321
105 5443 -3.325E-321
105 5444 -3.325E-321
105 5445 -3.325E-321
105 5446 -3.325E-321
105 5447 -3.325E-321
105 5448 -3.325E-321
105 5449 -3.325E-321
105 5450 -3.325E-321
105 5451 -3.325E-321
105 5452 -3.325E-321
105 5453 -3.325E-321
105 5454 -3.325E-321
106 5455 -3.325E-321
106 5456 -3.325E-321
106 5457 -3.325E-321
106 5458 -3.325E-321
106 5459 -3.325E-321
106 5460 -3.325E-321
106 5461 -3.325E-321
106 5462 -3.325E-321
106 5463 -3.325E-321
106 5464 -3.325E-321
106 5465 -3.325E-321
106 5466 -3.325E-321
106 5467 -3.325E-321
106 5468 -3.325E-321
106 5469 -3.325E-321
106 5470 -3.325E-321
106 5471 -3.325E-321
106 5472 -3.325E-321
106 5473 -3.325E-321
106 5474 -3.325E-321
106 5475 -3.325E-321
106 5476 -3.325E-321
106 5477 -3.325E-321
106 5478 -3.325E-321
106 5479 -3.325E-321
106 5480 -3.325E-321
106 5481 -3.325E-321
106 5482 -3.325E-321
106 5483 -3.325E-321
106 5484 -3.325E-321
106 5485 -3.325E-321
106 5486 -3.325E-321
106 5487 -3.325E-321
106 5488 -3.325E-321
106 5489 -3.325E-321
106 5490 -3.325E-321
106 5491 -3.325E-321
106 5492 -3.325E-321
106 5493 -3.325E-321
106 5494 -3.325E-321
106 5495 -3.325E-321
106 5496 -3.325E-321
106 5497 -3.325E-321
106 5498 -3.325E-321
106 5499 -3.325E-321
106 5500 -3.325E-321
106 5501 -3.325E-321
106 5502 -3.325E-321
106 5503 -3.325E-321
106 5504 -3.325E-321
106 5505 -3.325E-321
106 5506 -3.325E-321
106 5507 -3.325E-321
107 5508 -3.325E-321
107 5509 -3.325E-321
107 5510 -3.325E-321
107 5511 -3.325E-321
107 5512 -3.325E-321
107 5513 -3.325E-321
107 5514 -3.325E-321
107 5515 -3.325E-321
107 5516 -3.325E-321
107 5517 -3.325E-321
107 5518 -3.325E-321
107 5519 -3.325E-321
107 5520 -3.325E-321
107 5521 -3.325E-321
107 5522 -3.325E-321
107 5523 -3.325E-321
107 5524 -3.325E-321
107 5525 -3.325E-321
107 5526 -3.325E-321
107 5527 -3.325E-321
107 5528 -3.325E-321
107 5529 -3.325E-321
107 5530 -3.325E-321
107 5531 -3.325E-321
107 5532 -3.325E-321
107 5533 -3.325E-321
107 5534 -3.325E-321
107 5535 -3.325E-321
107 5536 -3.325E-321
107 5537 -3.325E-321
107 5538 -3.325E-321
107 5539 -3.325E-321
107 5540 -3.325E-321
107 5541 -3.325E-321
107 5542 -3.325E-321
107 5543 -3.325E-321
107 5544 -3.325E-321
107 5545 -3.325E-321
107 5546 -3.325E-321
107 5547 -3.325E-321
107 5548 -3.325E-321
107 5549 -3.325E-321
107 5550 -3.325E-321
107 5551 -3.325E-321
107 5552 -3.325E-321
107 5553 -3.325E-321
107 5554 -3.325E-321
107 5555 -3.325E-321
107 5556 -3.325E-321
107 5557 -3.325E-321
107 5558 -3.325E-321
107 5559 -3.325E-321
108 5560 -3.325E-321
108 5561 -3.325E-321
108 5562 -3.325E-321
108 5563 -3.325E-321
108 5564 -3.325E-321
108 5565 -3.325E-321
108 5566 -3.325E-321
108 5567 -3.325E-321
108 5568 -3.325E-321
108 5569 -3.325E-321
108 5570 -3.325E-321
108 5571 -3.325E-321
108 5572 -3.325E-321
108 5573 -3.325E-321
108 5574 -3.325E-321
108 5575 -3.325E-321
108 5576 -3.325E-321
108 5577 -3.325E-321
108 5578 -3.325E-321
108 5579 -3.325E-321
108 5580 -3.325E-321
108 5581 -3.325E-321
108 5582 -3.325E-321
108 5583 -3.325E-321
108 5584 -3.325E-321
108 5585 -3.325E-321
108 5586 -3.325E-321
108 5587 -3.325E-321
108 5588 -3.325E-321
108 5589 -3.325E-321
108 5590 -3.325E-321
108 5591 -3.325E-321
108 5592 -3.325E-321
108 5593 -3.325E-321
108 5594 -3.325E-321
108 5595 -3.325E-321
108 5596 -3.325E-321
108 5597 -3.325E-321
108 5598 -3.325E-321
108 5599 -3.325E-321
108 5600 -3.325E-321
108 5601 -3.325E-321
108 5602 -3.325E-321
108 5603 -3.325E-321
108 5604 -3.325E-321
108 5605 -3.325E-321
108 5606 -3.325E-321
108 5607 -3.325E-321
108 5608 -3.325E-321
108 5609 -3.325E-321
108 5610 -3.325E-321
108 5611 -3.325E-321
108 5612 -3.325E-321
108 5613 -3.325E-321
108 5614 -3.325E-321
109 5615 -3.325E-321
109 5616 -3.325E-321
109 5617 -3.325E-321
109 5618 -3.325E-321
109 5619 -3.325E-321
109 5620 -3.325E-321
109 5621 -3.325E-321
109 5622 -3.325E-321
109 5623 -3.325E-321
109 5624 -3.325E-321
109 5625 -3.325E-321
109 5626 -3.325E-321
109 5627 -3.325E-321
109 5628 -3.325E-321
109 5629 -3.325E-321
109 5630 -3.325E-321
109 5631 -3.325E-321
109 5632 -3.325E-321
109 5633 -3.325E-321
109 5634 -3.325E-321
109 5635 -3.325E-321
109 5636 -3.325E-321
109 5637 -3.325E-321
109 5638 -3.325E-321
109 5639 -3.325E-321
109 5640 -3.325E-321
109 5641 -3.325E-321
109 5642 -3.325E-321
109 5643 -3.325E-321
109 5644 -3.325E-321
109 5645 -3.325E-321
109 5646 -3.325E-321
109 5647 -3.325E-321
109 5648 -3.325E-321
109 5649 -3.325E-321
109 5650 -3.325E-321
109 5651 -3.325E-321
109 5652 -3.325E-321
109 5653 -3.325E-321
109 5654 -3.325E-321
109 5655 -3.325E-321
109 5656 -3.325E-321
109 5657 -3.325E-321
109 5658 -3.325E-321
109 5659 -3.325E-321
109 5660 -3.325E-321
109 5661 -3.325E-321
109 5662 -3.325E-321
109 5663 -3.325E-321
109 5664 -3.325E-321
109 5665 -3.325E-321
109 5666 -3.325E-321
109 5667 -3.325E-321
110 5668 -3.325E-321
110 5669 -3.325E-321
110 5670 -3.325E-321
110 5671 -3.325E-321
110 5672 -3.325E-321
110 5673 -3.325E-321
110 5674 -3.325E-321
110 5675 -3.325E-321
110 5676 -3.325E-321
110 5677 -3.325E-321
110 5678 -3.325E-321
110 5679 -3.325E-321
110 5680 -3.325E-321
110 5681 -3.325E-321
110 5682 -3.325E-321
110 5683 -3.325E-321
110 5684 -3.325E-321
110 5685 -3.325E-321
110 5686 -3.325E-321
110 5687 -3.325E-321
110 5688 -3.325E-321
110 5689 -3.325E-321
110 5690 -3.325E-321
110 5691 -3.325E-321
110 5692 -3.325E-321
110 5693 -3.325E-321
110 5694 -3.325E-321
110 5695 -3.325E-321
110 5696 -3.325E-321
110 5697 -3.325E-321
110 5698 -3.325E-321
110 5699 -3.325E-321
110 5700 -3.325E-321
110 5701 -3.325E-321
110 5702 -3.325E-321
110 5703 -3.325E-321
110 5704 -3.325E-321
110 5705 -3.325E-321
110 5706 -3.325E-321
110 5707 -3.325E-321
110 5708 -3.325E-321
110 5709 -3.325E-321
110 5710 -3.325E-321
110 5711 -3.325E-321
110 5712 -3.325E-321
110 5713 -3.325E-321
110 5714 -3.325E-321
110 5715 -3.325E-321
110 5716 -3.325E-321
110 5717 -3.325E-321
110 5718 -3.325E-321
110 5719 -3.325E-321
110 5720 -3.325E-321
111 5721 -3.325E-321
111 5722 -3.325E-321
111 5723 -3.325E-321
111 5724 -3.325E-321
111 5725 -3.325E-321
111 5726 -3.325E-321
111 5727 -3.325E-321
111 5728 -3.325E-321
111 5729 -3.325E-321
111 5730 -3.325E-321
111 5731 -3.325E-321
111 5732 -3.325E-321
111 5733 -3.325E-321
111 5734 -3.325E-321
111 5735 -3.325E-321
111 5736 -3.325E-321
111 5737 -3.325E-321
111 5738 -3.325E-321
111 5739 -3.325E-321
111 5740 -3.325E-321
111 5741 -3.325E-321
111 5742 -3.325E-321
111 5743 -3.325E-321
111 5744 -3.325E-321
111 5745 -3.325E-321
111 5746 -3.325E-321
111 5747 -3.325E-321
111 5748 -3.325E-321
111 5749 -3.325E-321
111 5750 -3.325E-321
111 5751 -3.325E-321
111 5752 -3.325E-321
111 5753 -3.325E-321
111 5754 -3.325E-321
111 5755 -3.325E-321
111 5756 -3.325E-321
111 5757 -3.325E-321
111 5758 -3.325E-321
111 5759 -3.325E-321
111 5760 -3.325E-321
111 5761 -3.325E-321
111 5762 -3.325E-321
111 5763 -3.325E-321
111 5764 -3.325E-321
111 5765 -3.325E-321
111 5766 -3.325E-321
111 5767 -3.325E-321
111 5768 -3.325E-321
111 5769 -3.325E-321
111 5770 -3.325E-321
111 5771 -3.325E-321
111 5772 -3.325E-321
112 5773 -3.325E-321
112 5774 -3.325E-321
112 5775 -3.325E-321
112 5776 -3.325E-321
112 5777 -3.325E-321
112 5778 -3.325E-321
112 5779 -3.325E-321
112 5780 -3.325E-321
112 5781 -3.325E-321
112 5782 -3.325E-321
112 5783 -3.325E-321
112 5784 -3.325E-321
112 5785 -3.325E-321
112 5786 -3.325E-321
112 5787 -3.325E-321
112 5788 -3.325E-321
112 5789 -3.325E-321
112 5790 -3.325E-321
112 5791 -3.325E-321
112 5792 -3.325E-321
112 5793 -3.325E-321
112 5794 -3.325E-321
112 5795 -3.325E-321
112 5796 -3.325E-321
112 5797 -3.325E-321
112 5798 -3.325E-321
112 5799 -3.325E-321
112 5800 -3.325E-321
112 5801 -3.325E-321
112 5802 -3.325E-321
112 5803 -3.325E-321
112 5804 -3.325E-321
112 5805 -3.325E-321
112 5806 -3.325E-321
112 5807 -3.325E-321
112 5808 -3.325E-321
112 5809 -3.325E-321
112 5810 -3.325E-321
112 5811 -3.325E-321
112 5812 -3.325E-321
112 5813 -3.325E-321
112 5814 -3.325E-321
112 5815 -3.325E-321
112 5816 -3.325E-321
112 5817 -3.325E-321
112 5818 -3.325E-321
112 5819 -3.325E-321
112 5820 -3.325E-321
112 5821 -3.325E-321
112 5822 -3.325E-321
113 5823 -3.325E-321
113 5824 -3.325E-321
113 5825 -3.325E-321
113 5826 -3.325E-321
113 5827 -3.325E-321
113 5828 -3.325E-321
113 5829 -3.325E-321
113 5830 -3.325E-321
113 5831 -3.325E-321
113 5832 -3.325E-321
113 5833 -3.325E-321
113 5834 -3.325E-321
113 5835 -3.325E-321
113 5836 -3.325E-321
113 5837 -3.325E-321
113 5838 -3.325E-321
113 5839 -3.325E-321
113 5840 -3.325E-321
113 5841 -3.325E-321
113 5842 -3.325E-321
113 5843 -3.325E-321
113 5844 -3.325E-321
113 5845 -3.325E-321
113 5846 -3.325E-321
113 5847 -3.325E-321
113 5848 -3.325E-321
113 5849 -3.325E-321
113 5850 -3.325E-321
113 5851 -3.325E-321
113 5852 -3.325E-321
113 5853 -3.325E-321
113 5854 -3.325E-321
113 5855 -3.325E-321
113 5856 -3.325E-321
113 5857 -3.325E-321
113 5858 -3.325E-321
113 5859 -3.325E-321
113 5860 -3.325E-321
113 5861 -3.325E-321
113 5862 -3.325E-321
113 5863 -3.325E-321
113 5864 -3.325E-321
113 5865 -3.325E-321
113 5866 -3.325E-321
113 5867 -3.325E-321
113 5868 -3.325E-321
113 5869 -3.325E-321
113 5870 -3.325E-321
113 5871 -3.325E-321
113 5872 -3.325E-321
114 5873 -3.325E-321
114 5874 -3.325E-321
114 5875 -3.325E-321
114 5876 -3.325E-321
114 5877 -3.325E-321
114 5878 -3.325E-321
114 5879 -3.325E-321
114 5880 -3.325E-321
114 5881 -3.325E-321
114 5882 -3.325E-321
114 5883 -3.325E-321
114 5884 -3.325E-321
114 5885 -3.325E-321
114 5886 -3.325E-321
114 5887 -3.325E-321
114 5888 -3.325E-321
114 5889 -3.325E-321
114 5890 -3.325E-321
114 5891 -3.325E-321
114 5892 -3.325E-321
114 5893 -3.325E-321
114 5894 -3.325E-321
114 5895 -3.325E-321
114 5896 -3.325E-321
114 5897 -3.325E-321
114 5898 -3.325E-321
114 5899 -3.325E-321
114 5900 -3.325E-321
114 5901 -3.325E-321
114 5902 -3.325E-321
114 5903 -3.325E-321
114 5904 -3.325E-321
114 5905 -3.325E-321
114 5906 -3.325E-321
114 5907 -3.325E-321
114 5908 -3.325E-321
114 5909 -3.325E-321
114 5910 -3.325E-321
114 5911 -3.325E-321
114 5912 -3.325E-321
114 5913 -3.325E-321
114 5914 -3.325E-321
114 5915 -3.325E-321
114 5916 -3.325E-321
114 5917 -3.325E-321
114 5918 -3.325E-321
114 5919 -3.325E-321
114 5920 -3.325E-321
114 5921 -3.325E-321
114 5922 -3.325E-321
114 5923 -3.325E-321
114 5924 -3.325E-321
115 5925 -3.325E-321
115 5926 -3.325E-321
115 5927 -3.325E-321
115 5928 -3.325E-321
115 5929 -3.325E-321
115 5930 -3.325E-321
115 5931 -3.325E-321
115 5932 -3.325E-321
115 5933 -3.325E-321
115 5934 -3.325E-321
115 5935 -3.325E-321
115 5936 -3.325E-321
115 5937 -3.325E-321
115 5938 -3.325E-321
115 5939 -3.325E-321
115 5940 -3.325E-321
115 5941 -3.325E-321
115 5942 -3.325E-321
115 5943 -3.325E-321
115 5944 -3.325E-321
115 5945 -3.325E-321
115 5946 -3.325E-321
115 5947 -3.325E-321
115 5948 -3.325E-321
115 5949 -3.325E-321
115 5950 -3.325E-321
115 5951 -3.325E-321
115 5952 -3.325E-321
115 5953 -3.325E-321
115 5954 -3.325E-321
115 5955 -3.325E-321
115 5956 -3.325E-321
115 5957 -3.325E-321
115 5958 -3.325E-321
115 5959 -3.325E-321
115 5960 -3.325E-321
115 5961 -3.325E-321
115 5962 -3.325E-321
115 5963 -3.325E-321
115 5964 -3.325E-321
115 5965 -3.325E-321
115 5966 -3.325E-321
115 5967 -3.325E-321
115 5968 -3.325E-321
115 5969 -3.325E-321
115 5970 -3.325E-321
115 5971 -3.325E-321
115 5972 -3.325E-321
115 5973 -3.325E-321
115 5974 -3.325E-321
115 5975 -3.325E-321
115 5976 -3.325E-321
116 5977 -3.325E-321
116 5978 -3.325E-321
116 5979 -3.325E-321
116 5980 -3.325E-321
116 5981 -3.325E-321
116 5982 -3.325E-321
116 5983 -3.325E-321
116 5984 -3.325E-321
116 5985 -3.325E-321
116 5986 -3.325E-321
116 5987 -3.325E-321
116 5988 -3.325E-321
116 5989 -3.325E-321
116 5990 -3.325E-321
116 5991 -3.325E-321
116 5992 -3.325E-321
116 5993 -3.325E-321
116 5994 -3.325E-321
116 5995 -3.325E-321
116 5996 -3.325E-321
116 5997 -3.325E-321
116 5998 -3.325E-321
116 5999 -3.325E-321
116 6000 -3.325E-321
116 6001 -3.325E-321
116 6002 -3.325E-321
116 6003 -3.325E-321
116 6004 -3.325E-321
116 6005 -3.325E-321
116 6006 -3.325E-321
116 6007 -3.325E-321
116 6008 -3.325E-321
116 6009 -3.325E-321
116 6010 -3.325E-321
116 6011 -3.325E-321
116 6012 -3.325E-321
116 6013 -3.325E-321
116 6014 -3.325E-321
116 6015 -3.325E-321
116 6016 -3.325E-321
116 6017 -3.325E-321
116 6018 -3.325E-321
116 6019 -3.325E-321
116 6020 -3.325E-321
116 6021 -3.325E-321
116 6022 -3.325E-321
116 6023 -3.325E-321
116 6024 -3.325E-321
116 6025 -3.325E-321
116 6026 -3.325E-321
116 6027 -3.325E-321
116 6028 -3.325E-321
116 6029 -3.325E-321
116 6030 -3.325E-321
117 6031 -3.325E-321
117 6032 -3.325E-321
117 6033 -3.325E-321
117 6034 -3.325E-321
117 6035 -3.325E-321
117 6036 -3.325E-321
117 6037 -3.325E-321
117 6038 -3.325E-321
117 6039 -3.325E-321
117 6040 -3.325E-321
117 6041 -3.325E-321
117 6042 -3.325E-321
117 6043 -3.325E-321
117 6044 -3.325E-321
117 6045 -3.325E-321
117 6046 -3.325E-321
117 6047 -3.325E-321
117 6048 -3.325E-321
117 6049 -3.325E-321
117 6050 -3.325E-321
117 6051 -3.325E-321
117 6052 -3.325E-321
117 6053 -3.325E-321
117 6054 -3.325E-321
117 6055 -3.325E-321
117 6056 -3.325E-321
117 6057 -3.325E-321
117 6058 -3.325E-321
117 6059 -3.325E-321
117 6060 -3.325E-321
117 6061 -3.325E-321
117 6062 -3.325E-321
117 6063 -3.325E-321
117 6064 -3.325E-321
117 6065 -3.325E-321
117 6066 -3.325E-321
117 6067 -3.325E-321
117 6068 -3.325E-321
117 6069 -3.325E-321
117 6070 -3.325E-321
117 6071 -3.325E-321
117 6072 -3.325E-321
117 6073 -3.325E-321
117 6074 -3.325E-321
117 6075 -3.325E-321
117 6076 -3.325E-321
117 6077 -3.325E-321
117 6078 -3.325E-321
118 6079 -3.325E-321
118 6080 -3.325E-321
118 6081 -3.325E-321
118 6082 -3.325E-321
118 6083 -3.325E-321
118 6084 -3.325E-321
118 6085 -3.325E-321
118 6086 -3.325E-321
118 6087 -3.325E-321
118 6088 -3.325E-321
118 6089 -3.325E-321
118 6090 -3.325E-321
118 6091 -3.325E-321
118 6092 -3.325E-321
118 6093 -3.325E-321
118 6094 -3.325E-321
118 6095 -3.325E-321
118 6096 -3.325E-321
118 6097 -3.325E-321
118 6098 -3.325E-321
118 6099 -3.325E-321
118 6100 -3.325E-321
118 6101 -3.325E-321
118 6102 -3.325E-321
118 6103 -3.325E-321
118 6104 -3.325E-321
118 6105 -3.325E-321
118 6106 -3.325E-321
118 6107 -3.325E-321
118 6108 -3.325E-321
118 6109 -3.325E-321
118 6110 -3.325E-321
118 6111 -3.325E-321
118 6112 -3.325E-321
118 6113 -3.325E-321
118 6114 -3.325E-321
118 6115 -3.325E-321
118 6116 -3.325E-321
118 6117 -3.325E-321
118 6118 -3.325E-321
118 6119 -3.325E-321
118 6120 -3.325E-321
118 6121 -3.325E-321
118 6122 -3.325E-321
118 6123 -3.325E-321
118 6124 -3.325E-321
118 6125 -3.325E-321
118 6126 -3.325E-321
118 6127 -3.325E-321
118 6128 -3.325E-321
119 6129 -3.325E-321
119 6130 -3.325E-321
119 6131 -3.325E-321
119 6132 -3.325E-321
119 6133 -3.325E-321
119 6134 -3.325E-321
119 6135 -3.325E-321
119 6136 -3.325E-321
119 6137 -3.325E-321
119 6138 -3.325E-321
119 6139 -3.325E-321
119 6140 -3.325E-321
119 6141 -3.325E-321
119 6142 -3.325E-321
119 6143 -3.325E-321
119 6144 -3.325E-321
119 6145 -3.325E-321
119 6146 -3.325E-321
119 6147 -3.325E-321
119 6148 -3.325E-321
119 6149 -3.325E-321
119 6150 -3.325E-321
119 6151 -3.325E-321
119 6152 -3.325E-321
119 6153 -3.325E-321
119 6154 -3.325E-321
119 6155 -3.325E-321
119 6156 -3.325E-321
119 6157 -3.325E-321
119 6158 -3.325E-321
119 6159 -3.325E-321
119 6160 -3.325E-321
119 6161 -3.325E-321
119 6162 -3.325E-321
119 6163 -3.325E-321
119 6164 -3.325E-321
119 6165 -3.325E-321
119 6166 -3.325E-321
119 6167 -3.325E-321
119 6168 -3.325E-321
119 6169 -3.325E-321
119 6170 -3.325E-321
119 6171 -3.325E-321
119 6172 -3.325E-321
119 6173 -3.325E-321
119 6174 -3.325E-321
119 6175 -3.325E-321
119 6176 -3.325E-321
119 6177 -3.325E-321
119 6178 -3.325E-321
119 6179 -3.325E-321
119 6180 -3.325E-321
120 6181 -3.325E-321
120 6182 -3.325E-321
120 6183 -3.325E-321
120 6184 -3.325E-321
120 6185 -3.325E-321
120 6186 -3.325E-321
120 6187 -3.325E-321
120 6188 -3.325E-321
120 6189 -3.325E-321
120 6190 -3.325E-321
120 6191 -3.325E-321
120 6192 -3.325E-321
120 6193 -3.325E-321
120 6194 -3.325E-321
120 6195 -3.325E-321
120 6196 -3.325E-321
120 6197 -3.325E-321
120 6198 -3.325E-321
120 6199 -3.325E-321
120 6200 -3.325E-321
120 6201 -3.325E-321
120 6202 -3.325E-321
120 6203 -3.325E-321
120 6204 -3.325E-321
120 6205 -3.325E-321
120 6206 -3.325E-321
120 6207 -3.325E-321
120 6208 -3.325E-321
120 6209 -3.325E-321
120 6210 -3.325E-321
120 6211 -3.325E-321
120 6212 -3.325E-321
120 6213 -3.325E-321
120 6214 -3.325E-321
120 6215 -3.325E-321
120 6216 -3.325E-321
120 6217 -3.325E-321
120 6218 -3.325E-321
120 6219 -3.325E-321
120 6220 -3.325E-321
120 6221 -3.325E-321
120 6222 -3.325E-321
120 6223 -3.325E-321
120 6224 -3.325E-321
120 6225 -3.325E-321
120 6226 -3.325E-321
120 6227 -3.325E-321
120 6228 -3.325E-321
120 6229 -3.325E-321
120 6230 -3.325E-321
120 6231 -3.325E-321
120 6232 -3.325E-321
120 6233 -3.325E-321
120 6234 -3.325E-321
121 6235 -3.325E-321
