1 1 -0.0
1 2 0.0
1 3 0.0
1 4 0.0
1 5 -0.0
1 6 0.0
1 7 -0.0
1 8 -0.0
1 9 -0.0
1 10 0.0
2 11 -0.0
2 12 0.0
2 13 -0.0
2 14 -0.0
2 15 -0.0
2 16 0.0
2 17 0.0
2 18 -0.0
2 19 0.0
2 20 0.0
2 21 -0.0
2 22 0.0
2 23 0.0
2 24 0.0
2 25 0.0
2 26 0.0
2 27 0.0
2 28 0.0
2 29 0.0
2 30 0.0
2 31 0.0
2 32 0.0
2 33 0.0
2 34 0.0
2 35 0.0
2 36 0.0
2 37 0.0
2 38 0.0
2 39 0.0
3 40 0.0
3 41 0.0
3 42 0.0
3 43 0.0
3 44 0.0
3 45 0.0
3 46 0.0
3 47 0.0
3 48 0.0
3 49 0.0
3 50 0.0
3 51 0.0
3 52 0.0
3 53 0.0
3 54 0.0
3 55 0.0
3 56 0.0
3 57 0.0
3 58 0.0
3 59 0.0
3 60 0.0
3 61 0.0
3 62 0.0
3 63 0.0
3 64 0.0
3 65 0.0
3 66 0.0
3 67 0.0
3 68 0.0
3 69 0.0
4 70 0.0
4 71 0.0
4 72 0.0
4 73 0.0
4 74 0.0
4 75 0.0
4 76 0.0
4 77 0.0
4 78 0.0
4 79 0.0
4 80 0.0
4 81 0.0
4 82 0.0
4 83 0.0
4 84 0.0
4 85 0.0
4 86 0.0
4 87 0.0
4 88 0.0
4 89 0.0
4 90 0.0
4 91 0.0
4 92 0.0
4 93 0.0
4 94 0.0
4 95 0.0
4 96 0.0
4 97 0.0
4 98 0.0
5 99 0.0
5 100 0.0
5 101 0.0
5 102 0.0
5 103 0.0
5 104 0.0
5 105 0.0
5 106 0.0
5 107 0.0
5 108 0.0
5 109 0.0
5 110 0.0
5 111 0.0
5 112 0.0
5 113 -0.0
5 114 0.0
5 115 0.0
5 116 0.0
5 117 0.0
5 118 0.0
5 119 0.0
5 120 -0.0
6 121 -0.0
6 122 0.0
6 123 -0.0
6 124 0.0
6 125 0.0
6 126 0.0
6 127 0.0
6 128 0.0
6 129 0.0
6 130 0.0
6 131 0.0
6 132 0.0
6 133 0.0
6 134 0.0
6 135 0.0
6 136 0.0
6 137 0.0
6 138 0.0
6 139 0.0
6 140 0.0
7 141 0.0
7 142 0.0
7 143 0.0
7 144 0.0
7 145 0.0
7 146 0.0
7 147 0.0
7 148 0.0
7 149 0.0
7 150 0.0
7 151 0.0
7 152 0.0
7 153 0.0
7 154 0.0
7 155 0.0
7 156 0.0
7 157 0.0
7 158 0.0
7 159 0.0
7 160 0.0
7 161 0.0
7 162 0.0
7 163 0.0
7 164 0.0
7 165 0.0
7 166 0.0
7 167 0.0
7 168 0.0
7 169 0.0
7 170 0.0
7 171 0.0
7 172 0.0
8 173 0.0
8 174 0.0
8 175 0.0
8 176 0.0
8 177 0.0
8 178 0.0
8 179 0.0
8 180 0.0
8 181 0.0
8 182 0.0
8 183 0.0
8 184 0.0
8 185 0.0
8 186 0.0
8 187 0.0
8 188 0.0
8 189 0.0
8 190 0.0
8 191 0.0
8 192 0.0
8 193 0.0
8 194 0.0
8 195 0.0
8 196 0.0
8 197 0.0
8 198 0.0
9 199 0.0
9 200 0.0
9 201 0.0
9 202 0.0
9 203 -0.0
9 204 0.0
9 205 0.0
9 206 -0.0
9 207 -0.0
9 208 0.0
9 209 0.0
9 210 -0.0
9 211 -0.0
9 212 -0.0
9 213 -0.0
9 214 -0.0
9 215 -0.0
9 216 -0.0
9 217 -0.0
9 218 -0.0
9 219 -0.0
9 220 -0.0
9 221 -0.0
9 222 -0.0
9 223 0.0
9 224 0.0
9 225 0.0
9 226 -0.0
9 227 0.0
9 228 -0.0
9 229 -0.0
9 230 0.0
9 231 0.0
9 232 0.0
9 233 0.0
9 234 -0.0
10 235 0.0
10 236 0.0
10 237 0.0
10 238 0.0
10 239 0.0
10 240 0.0
10 241 0.0
10 242 0.0
10 243 0.0
10 244 0.0
10 245 0.0
10 246 0.0
10 247 0.0
10 248 0.0
10 249 0.0
10 250 0.0
10 251 0.0
10 252 0.0
10 253 0.0
10 254 0.0
10 255 0.0
10 256 0.0
10 257 0.0
10 258 0.0
10 259 0.0
10 260 0.0
10 261 0.0
10 262 0.0
10 263 0.0
10 264 0.0
10 265 0.0
11 266 0.0
11 267 0.0
11 268 0.0
11 269 0.0
11 270 0.0
11 271 0.0
11 272 0.0
11 273 0.0
11 274 0.0
11 275 0.0
11 276 0.0
11 277 0.0
11 278 0.0
11 279 0.0
11 280 0.0
11 281 0.0
11 282 0.0
11 283 0.0
11 284 0.0
11 285 0.0
11 286 0.0
11 287 0.0
11 288 0.0
11 289 -0.0
11 290 0.0
11 291 0.0
11 292 0.0
11 293 -0.0
11 294 -0.0
11 295 -0.0
11 296 -0.0
12 297 -0.0
12 298 -0.0
12 299 -0.0
12 300 -0.0
12 301 -0.0
12 302 -0.0
12 303 -0.0
12 304 -0.0
12 305 -0.0
12 306 -0.0
12 307 -0.0
12 308 -0.0
12 309 -0.0
12 310 -0.0
12 311 -0.0
12 312 -0.0
12 313 -0.0
12 314 -0.0
12 315 -0.0
12 316 -0.0
12 317 -0.0
12 318 -0.0
12 319 -0.0
12 320 -0.0
12 321 -0.0
12 322 -0.0
12 323 -0.0
12 324 -0.0
13 325 -0.0
13 326 -0.0
13 327 -0.0
13 328 -0.0
13 329 -0.0
13 330 -0.0
13 331 -0.0
13 332 0.0
13 333 -0.0
13 334 -0.0
13 335 -0.0
13 336 0.0
13 337 -0.0
13 338 0.0
13 339 -0.0
13 340 0.0
13 341 -0.0
13 342 0.0
13 343 -0.0
13 344 -0.0
13 345 -0.0
13 346 -0.0
13 347 -0.0
13 348 -0.0
13 349 -0.0
13 350 -0.0
13 351 -0.0
13 352 -0.0
13 353 -0.0
13 354 -0.0
13 355 -0.0
13 356 -0.0
13 357 -0.0
13 358 -0.0
13 359 -0.0
14 360 -0.0
14 361 -0.0
14 362 -0.0
14 363 -0.0
14 364 -0.0
14 365 -0.0
14 366 -0.0
14 367 -0.0
14 368 -0.0
14 369 -0.0
14 370 -0.0
14 371 -0.0
14 372 -0.0
14 373 -0.0
14 374 -0.0
14 375 -0.0
14 376 -0.0
14 377 -0.0
14 378 -0.0
14 379 -0.0
14 380 -0.0
14 381 -0.0
14 382 -0.0
14 383 -0.0
14 384 -0.0
14 385 -0.0
14 386 -0.0
14 387 -0.0
14 388 -0.0
14 389 -0.0
14 390 -0.0
14 391 -0.0
14 392 -0.0
14 393 -0.0
14 394 -0.0
15 395 -0.0
15 396 -0.0
15 397 -0.0
15 398 -0.0
15 399 -0.0
15 400 -0.0
15 401 -0.0
15 402 -0.0
15 403 -0.0
15 404 -0.0
15 405 -0.0
15 406 -0.0
15 407 -0.0
15 408 -0.0
15 409 -0.0
15 410 -0.0
15 411 -0.0
15 412 -0.0
15 413 -0.0
15 414 -0.0
15 415 -0.0
15 416 -0.0
15 417 -0.0
15 418 -0.0
15 419 -0.0
15 420 -0.0
15 421 -0.0
15 422 -0.0
15 423 -0.0
15 424 -0.0
15 425 -0.0
15 426 -0.0
15 427 -0.0
15 428 -0.0
15 429 -0.0
15 430 -0.0
15 431 -0.0
15 432 -0.0
16 433 -0.0
16 434 -0.0
16 435 -0.0
16 436 -0.0
16 437 -0.0
16 438 -0.0
16 439 -0.0
16 440 -0.0
16 441 -0.0
16 442 -0.0
16 443 -0.0
16 444 -0.0
16 445 -0.0
16 446 -0.0
16 447 -0.0
16 448 -0.0
16 449 -0.0
16 450 -0.0
16 451 -0.0
16 452 -0.0
16 453 -0.0
16 454 -0.0
16 455 -0.0
16 456 -0.0
16 457 -0.0
16 458 -0.0
16 459 -0.0
16 460 -0.0
16 461 -0.0
17 462 -0.0
17 463 -0.0
17 464 -0.0
17 465 -0.0
17 466 -0.0
17 467 -0.0
17 468 -0.0
17 469 -0.0
17 470 -0.0
17 471 -0.0
17 472 -0.0
17 473 -0.0
17 474 -0.0
17 475 -0.0
17 476 -0.0
17 477 -0.0
17 478 -0.0
17 479 -0.0
17 480 0.0
17 481 -0.0
17 482 0.0
17 483 -0.0
17 484 0.0
17 485 -0.0
17 486 -0.0
17 487 0.0
17 488 0.0
17 489 0.0
17 490 0.0
17 491 -0.0
17 492 0.0
17 493 0.0
18 494 0.0
18 495 0.0
18 496 0.0
18 497 0.0
18 498 0.0
18 499 -0.0
18 500 0.0
18 501 -0.0
18 502 0.0
18 503 0.0
18 504 0.0
18 505 0.0
18 506 0.0
18 507 0.0
18 508 0.0
18 509 0.0
18 510 0.0
18 511 0.0
18 512 0.0
18 513 0.0
18 514 0.0
18 515 0.0
18 516 0.0
18 517 0.0
18 518 0.0
18 519 0.0
18 520 0.0
18 521 0.0
18 522 0.0
18 523 0.0
19 524 0.0
19 525 0.0
19 526 0.0
19 527 0.0
19 528 0.0
19 529 0.0
19 530 0.0
19 531 0.0
19 532 0.0
19 533 0.0
19 534 0.0
19 535 0.0
19 536 0.0
19 537 0.0
19 538 0.0
19 539 0.0
19 540 -0.0
19 541 0.0
19 542 0.0
19 543 0.0
19 544 0.0
19 545 0.0
19 546 0.0
19 547 0.0
19 548 0.0
19 549 0.0
19 550 0.0
19 551 0.0
20 552 0.0
20 553 0.0
20 554 0.0
20 555 0.0
20 556 0.0
20 557 -0.0
20 558 0.0
20 559 0.0
20 560 0.0
20 561 0.0
20 562 0.0
20 563 0.0
20 564 0.0
20 565 0.0
20 566 0.0
20 567 0.0
20 568 0.0
20 569 0.0
20 570 0.0
20 571 0.0
20 572 0.0
20 573 0.0
20 574 0.0
20 575 0.0
20 576 0.0
20 577 0.0
20 578 0.0
20 579 0.0
20 580 0.0
20 581 0.0
21 582 0.0
21 583 -0.0
21 584 -0.0
21 585 0.0
21 586 -0.0
21 587 0.0
21 588 0.0
21 589 0.0
21 590 0.0
21 591 0.0
21 592 0.0
21 593 0.0
21 594 0.0
21 595 0.0
21 596 0.0
21 597 0.0
21 598 0.0
21 599 0.0
21 600 0.0
21 601 0.0
21 602 0.0
21 603 0.0
21 604 0.0
21 605 0.0
21 606 0.0
21 607 -0.0
21 608 0.0
21 609 0.0
22 610 0.0
22 611 0.0
22 612 0.0
22 613 0.0
22 614 0.0
22 615 -0.0
22 616 -0.0
22 617 -0.0
22 618 -0.0
22 619 -0.0
22 620 0.0
22 621 0.0
22 622 0.0
22 623 0.0
22 624 0.0
22 625 0.0
22 626 -0.0
22 627 0.0
22 628 0.0
22 629 0.0
22 630 -0.0
22 631 0.0
22 632 0.0
22 633 0.0
22 634 -0.0
22 635 0.0
22 636 0.0
22 637 -0.0
22 638 0.0
22 639 0.0
22 640 0.0
22 641 0.0
22 642 0.0
22 643 0.0
23 644 0.0
23 645 0.0
23 646 0.0
23 647 0.0
23 648 0.0
23 649 0.0
23 650 0.0
23 651 0.0
23 652 0.0
23 653 0.0
23 654 0.0
23 655 0.0
23 656 0.0
23 657 0.0
23 658 0.0
23 659 -0.0
23 660 0.0
23 661 -0.0
23 662 0.0
23 663 0.0
23 664 0.0
23 665 0.0
23 666 0.0
23 667 0.0
23 668 0.0
23 669 0.0
23 670 0.0
23 671 0.0
23 672 0.0
23 673 0.0
23 674 0.0
23 675 0.0
23 676 0.0
24 677 0.0
24 678 0.0
24 679 0.0
24 680 0.0
24 681 0.0
24 682 0.0
24 683 0.0
24 684 0.0
24 685 0.0
24 686 0.0
24 687 0.0
24 688 0.0
24 689 0.0
24 690 0.0
24 691 0.0
24 692 0.0
24 693 0.0
24 694 0.0
24 695 0.0
24 696 0.0
24 697 0.0
24 698 0.0
24 699 0.0
24 700 0.0
24 701 0.0
24 702 0.0
24 703 0.0
24 704 0.0
24 705 0.0
24 706 0.0
24 707 0.0
24 708 0.0
24 709 0.0
25 710 0.0
25 711 -0.0
25 712 -0.0
25 713 0.0
25 714 0.0
25 715 0.0
25 716 0.0
25 717 0.0
25 718 0.0
25 719 0.0
25 720 0.0
25 721 0.0
25 722 0.0
25 723 0.0
25 724 0.0
25 725 0.0
25 726 0.0
25 727 0.0
25 728 0.0
25 729 0.0
25 730 0.0
25 731 0.0
25 732 0.0
25 733 0.0
25 734 0.0
25 735 0.0
25 736 0.0
25 737 0.0
25 738 0.0
25 739 0.0
25 740 0.0
25 741 0.0
25 742 0.0
25 743 -0.0
25 744 0.0
26 745 0.0
26 746 0.0
26 747 0.0
26 748 0.0
26 749 0.0
26 750 0.0
26 751 0.0
26 752 0.0
26 753 0.0
26 754 0.0
26 755 0.0
26 756 0.0
26 757 0.0
26 758 0.0
26 759 0.0
26 760 0.0
26 761 0.0
26 762 0.0
26 763 0.0
26 764 0.0
26 765 0.0
26 766 0.0
26 767 0.0
26 768 0.0
26 769 0.0
26 770 0.0
26 771 0.0
26 772 0.0
26 773 0.0
26 774 0.0
27 775 0.0
27 776 0.0
27 777 0.0
27 778 0.0
27 779 0.0
27 780 0.0
27 781 0.0
27 782 0.0
27 783 0.0
27 784 0.0
27 785 0.0
27 786 0.0
27 787 0.0
27 788 0.0
27 789 0.0
27 790 0.0
27 791 0.0
27 792 0.0
27 793 0.0
27 794 0.0
27 795 0.0
27 796 0.0
27 797 0.0
27 798 0.0
27 799 0.0
27 800 0.0
27 801 0.0
27 802 -0.0
27 803 0.0
27 804 -0.0
27 805 -0.0
27 806 0.0
27 807 0.0
27 808 0.0
27 809 -0.0
27 810 -0.0
27 811 0.0
27 812 0.0
28 813 -0.0
28 814 -0.0
28 815 -0.0
28 816 -0.0
28 817 -0.0
28 818 -0.0
28 819 -0.0
28 820 -0.0
28 821 -0.0
28 822 -0.0
28 823 -0.0
28 824 -0.0
28 825 -0.0
28 826 -0.0
28 827 -0.0
28 828 -0.0
28 829 -0.0
28 830 -0.0
28 831 -0.0
28 832 -0.0
28 833 -0.0
28 834 -0.0
28 835 -0.0
28 836 -0.0
28 837 -0.0
28 838 -0.0
28 839 -0.0
28 840 -0.0
28 841 -0.0
28 842 -0.0
29 843 -0.0
29 844 -0.0
29 845 -0.0
29 846 -0.0
29 847 -0.0
29 848 -0.0
29 849 -0.0
29 850 -0.0
29 851 -0.0
29 852 -0.0
29 853 -0.0
29 854 -0.0
29 855 -0.0
29 856 -0.0
29 857 -0.0
29 858 -0.0
29 859 -0.0
29 860 -0.0
29 861 -0.0
29 862 -0.0
29 863 -0.0
29 864 -0.0
29 865 -0.0
29 866 -0.0
29 867 -0.0
29 868 -0.0
29 869 -0.0
29 870 0.0
29 871 -0.0
29 872 -0.0
29 873 -0.0
30 874 -0.0
30 875 -0.0
30 876 -0.0
30 877 -0.0
30 878 -0.0
30 879 -0.0
30 880 -0.0
30 881 -0.0
30 882 -0.0
30 883 -0.0
30 884 -0.0
30 885 -0.0
30 886 -0.0
30 887 -0.0
30 888 -0.0
30 889 -0.0
30 890 -0.0
30 891 -0.0
30 892 -0.0
30 893 -0.0
30 894 -0.0
30 895 -0.0
30 896 -0.0
30 897 -0.0
30 898 -0.0
30 899 -0.0
30 900 -0.0
30 901 0.0
30 902 -0.0
30 903 -0.0
31 904 -0.0
31 905 -0.0
31 906 -0.0
31 907 -0.0
31 908 -0.0
31 909 -0.0
31 910 -0.0
31 911 -0.0
31 912 -0.0
31 913 -0.0
31 914 -0.0
31 915 -0.0
31 916 -0.0
31 917 -0.0
31 918 -0.0
31 919 -0.0
31 920 -0.0
31 921 -0.0
31 922 -0.0
31 923 -0.0
31 924 -0.0
31 925 -0.0
31 926 -0.0
31 927 -0.0
31 928 -0.0
31 929 -0.0
31 930 -0.0
31 931 -0.0
31 932 -0.0
31 933 -0.0
32 934 -0.0
32 935 -0.0
32 936 -0.0
32 937 -0.0
32 938 -0.0
32 939 -0.0
32 940 -0.0
32 941 -0.0
32 942 -0.0
32 943 -0.0
32 944 -0.0
32 945 -0.0
32 946 -0.0
32 947 -0.0
32 948 -0.0
32 949 -0.0
32 950 -0.0
32 951 -0.0
32 952 -0.0
32 953 -0.0
32 954 -0.0
32 955 -0.0
32 956 -0.0
32 957 -0.0
32 958 -0.0
32 959 -0.0
32 960 -0.0
32 961 -0.0
32 962 -0.0
33 963 -0.0
33 964 -0.0
33 965 -0.0
33 966 -0.0
33 967 -0.0
33 968 -0.0
33 969 -0.0
33 970 0.0
33 971 -0.0
33 972 0.0
33 973 0.0
33 974 0.0
33 975 0.0
33 976 -0.0
33 977 -0.0
33 978 0.0
33 979 -0.0
33 980 0.0
33 981 -0.0
33 982 -0.0
33 983 0.0
33 984 -0.0
33 985 0.0
33 986 0.0
33 987 -0.0
33 988 -0.0
34 989 -0.0
34 990 -0.0
34 991 0.0
34 992 -0.0
34 993 -0.0
34 994 -0.0
34 995 -0.0
34 996 -0.0
34 997 -0.0
34 998 -0.0
34 999 -0.0
34 1000 -0.0
34 1001 -0.0
34 1002 -0.0
34 1003 -0.0
34 1004 -0.0
34 1005 -0.0
34 1006 -0.0
34 1007 -0.0
34 1008 -0.0
34 1009 -0.0
34 1010 -0.0
34 1011 -0.0
34 1012 -0.0
34 1013 -0.0
34 1014 -0.0
34 1015 -0.0
34 1016 -0.0
35 1017 -0.0
35 1018 -0.0
35 1019 -0.0
35 1020 -0.0
35 1021 -0.0
35 1022 -0.0
35 1023 -0.0
35 1024 -0.0
35 1025 -0.0
35 1026 -0.0
35 1027 -0.0
35 1028 -0.0
35 1029 -0.0
35 1030 -0.0
35 1031 -0.0
35 1032 -0.0
35 1033 -0.0
35 1034 -0.0
35 1035 -0.0
35 1036 -0.0
35 1037 -0.0
35 1038 0.0
35 1039 -0.0
35 1040 -0.0
36 1041 -0.0
36 1042 -0.0
36 1043 -0.0
36 1044 -0.0
36 1045 -0.0
36 1046 -0.0
36 1047 -0.0
36 1048 -0.0
36 1049 -0.0
36 1050 -0.0
36 1051 -0.0
36 1052 -0.0
36 1053 -0.0
36 1054 -0.0
36 1055 0.0
36 1056 -0.0
36 1057 0.0
36 1058 0.0
36 1059 -0.0
36 1060 -0.0
36 1061 -0.0
36 1062 -0.0
36 1063 -0.0
36 1064 -0.0
36 1065 -0.0
36 1066 -0.0
36 1067 -0.0
37 1068 -0.0
37 1069 -0.0
37 1070 -0.0
37 1071 -0.0
37 1072 -0.0
37 1073 -0.0
37 1074 -0.0
37 1075 -0.0
37 1076 -0.0
37 1077 -0.0
37 1078 -0.0
37 1079 -0.0
37 1080 -0.0
37 1081 -0.0
37 1082 -0.0
37 1083 -0.0
37 1084 -0.0
37 1085 -0.0
37 1086 -0.0
37 1087 -0.0
37 1088 -0.0
37 1089 -0.0
37 1090 -0.0
37 1091 -0.0
37 1092 -0.0
37 1093 -0.0
37 1094 -0.0
37 1095 -0.0
38 1096 0.0
38 1097 -0.0
38 1098 -0.0
38 1099 -0.0
38 1100 -0.0
38 1101 -0.0
38 1102 -0.0
38 1103 -0.0
38 1104 -0.0
38 1105 -0.0
38 1106 -0.0
38 1107 -0.0
38 1108 -0.0
38 1109 -0.0
38 1110 -0.0
38 1111 -0.0
38 1112 -0.0
38 1113 -0.0
38 1114 -0.0
38 1115 -0.0
38 1116 -0.0
38 1117 -0.0
38 1118 -0.0
39 1119 -0.0
39 1120 -0.0
39 1121 -0.0
39 1122 -0.0
39 1123 -0.0
39 1124 -0.0
39 1125 -0.0
39 1126 -0.0
39 1127 -0.0
39 1128 -0.0
39 1129 -0.0
39 1130 -0.0
39 1131 -0.0
39 1132 -0.0
39 1133 -0.0
39 1134 -0.0
39 1135 -0.0
39 1136 -0.0
39 1137 -0.0
39 1138 -0.0
39 1139 -0.0
39 1140 -0.0
39 1141 -0.0
39 1142 -0.0
39 1143 -0.0
40 1144 -0.0
40 1145 -0.0
40 1146 -0.0
40 1147 0.0
40 1148 -0.0
40 1149 -0.0
40 1150 -0.0
40 1151 -0.0
40 1152 -0.0
40 1153 -0.0
40 1154 -0.0
40 1155 -0.0
40 1156 -0.0
40 1157 -0.0
40 1158 -0.0
40 1159 -0.0
40 1160 -0.0
40 1161 -0.0
40 1162 -0.0
40 1163 -0.0
40 1164 -0.0
40 1165 -0.0
40 1166 -0.0
40 1167 -0.0
40 1168 -0.0
40 1169 -0.0
41 1170 -0.0
41 1171 -0.0
41 1172 -0.0
41 1173 -0.0
41 1174 -0.0
41 1175 -0.0
41 1176 -0.0
41 1177 -0.0
41 1178 -0.0
41 1179 0.0
41 1180 -0.0
41 1181 0.0
41 1182 -0.0
41 1183 -0.0
41 1184 -0.0
41 1185 -0.0
41 1186 -0.0
41 1187 -0.0
41 1188 -0.0
41 1189 -0.0
41 1190 -0.0
41 1191 -0.0
42 1192 -0.0
42 1193 -0.0
42 1194 -0.0
42 1195 -0.0
42 1196 -0.0
42 1197 -0.0
42 1198 -0.0
42 1199 -0.0
42 1200 0.0
42 1201 0.0
42 1202 0.0
42 1203 0.0
42 1204 -0.0
42 1205 0.0
42 1206 0.0
42 1207 -0.0
42 1208 -0.0
42 1209 -0.0
42 1210 -0.0
42 1211 -0.0
42 1212 -0.0
42 1213 -0.0
42 1214 -0.0
42 1215 -0.0
43 1216 -0.0
43 1217 -0.0
43 1218 -0.0
43 1219 -0.0
43 1220 -0.0
43 1221 -0.0
43 1222 -0.0
43 1223 -0.0
43 1224 -0.0
43 1225 -0.0
43 1226 -0.0
43 1227 -0.0
43 1228 -0.0
43 1229 -0.0
43 1230 -0.0
43 1231 -0.0
43 1232 -0.0
43 1233 -0.0
43 1234 -0.0
43 1235 -0.0
43 1236 -0.0
43 1237 -0.0
43 1238 -0.0
43 1239 -0.0
43 1240 -0.0
43 1241 -0.0
44 1242 -0.0
44 1243 -0.0
44 1244 -0.0
44 1245 -0.0
44 1246 -0.0
44 1247 -0.0
44 1248 -0.0
44 1249 -0.0
44 1250 -0.0
44 1251 -0.0
44 1252 -0.0
44 1253 -0.0
44 1254 -0.0
44 1255 -0.0
44 1256 -0.0
44 1257 -0.0
44 1258 -0.0
44 1259 -0.0
44 1260 -0.0
44 1261 -0.0
44 1262 -0.0
44 1263 -0.0
44 1264 -0.0
44 1265 -0.0
44 1266 -0.0
44 1267 -0.0
44 1268 -0.0
44 1269 -0.0
45 1270 -0.0
45 1271 -0.0
45 1272 -0.0
45 1273 -0.0
45 1274 -0.0
45 1275 -0.0
45 1276 -0.0
45 1277 -0.0
45 1278 -0.0
45 1279 -0.0
45 1280 -0.0
45 1281 -0.0
45 1282 -0.0
45 1283 -0.0
45 1284 -0.0
45 1285 -0.0
45 1286 -0.0
45 1287 -0.0
45 1288 -0.0
45 1289 -0.0
45 1290 -0.0
45 1291 -0.0
45 1292 -0.0
45 1293 -0.0
46 1294 -0.0
46 1295 -0.0
46 1296 -0.0
46 1297 -0.0
46 1298 -0.0
46 1299 -0.0
46 1300 0.0
46 1301 -0.0
46 1302 -0.0
46 1303 -0.0
46 1304 -0.0
46 1305 0.0
46 1306 -0.0
46 1307 -0.0
46 1308 -0.0
46 1309 -0.0
46 1310 -0.0
46 1311 -0.0
46 1312 -0.0
46 1313 -0.0
46 1314 -0.0
46 1315 -0.0
46 1316 -0.0
46 1317 -0.0
46 1318 -0.0
46 1319 -0.0
46 1320 -0.0
46 1321 -0.0
46 1322 -0.0
47 1323 -0.0
47 1324 -0.0
47 1325 -0.0
47 1326 -0.0
47 1327 -0.0
47 1328 -0.0
47 1329 -0.0
47 1330 -0.0
47 1331 -0.0
47 1332 -0.0
47 1333 -0.0
47 1334 -0.0
47 1335 -0.0
47 1336 -0.0
47 1337 -0.0
47 1338 0.0
47 1339 -0.0
47 1340 -0.0
47 1341 0.0
47 1342 0.0
47 1343 0.0
47 1344 0.0
47 1345 0.0
47 1346 -0.0
47 1347 -0.0
47 1348 0.0
47 1349 0.0
47 1350 0.0
48 1351 0.0
48 1352 0.0
48 1353 0.0
48 1354 0.0
48 1355 0.0
48 1356 0.0
48 1357 0.0
48 1358 0.0
48 1359 0.0
48 1360 -0.0
48 1361 0.0
48 1362 0.0
48 1363 0.0
48 1364 -0.0
48 1365 0.0
48 1366 0.0
48 1367 0.0
48 1368 0.0
48 1369 0.0
48 1370 0.0
48 1371 0.0
48 1372 0.0
48 1373 0.0
48 1374 0.0
48 1375 0.0
49 1376 0.0
49 1377 0.0
49 1378 0.0
49 1379 0.0
49 1380 0.0
49 1381 0.0
49 1382 0.0
49 1383 0.0
49 1384 0.0
49 1385 0.0
49 1386 0.0
49 1387 0.0
49 1388 0.0
49 1389 0.0
49 1390 0.0
49 1391 0.0
49 1392 0.0
49 1393 0.0
49 1394 0.0
49 1395 0.0
49 1396 0.0
49 1397 0.0
49 1398 0.0
49 1399 0.0
50 1400 0.0
50 1401 0.0
50 1402 0.0
50 1403 0.0
50 1404 0.0
50 1405 0.0
50 1406 0.0
50 1407 0.0
50 1408 0.0
50 1409 0.0
50 1410 0.0
50 1411 0.0
50 1412 0.0
50 1413 0.0
50 1414 0.0
50 1415 0.0
50 1416 0.0
51 1417 0.0
51 1418 0.0
51 1419 0.0
51 1420 0.0
51 1421 0.0
51 1422 0.0
51 1423 0.0
51 1424 0.0
51 1425 0.0
51 1426 0.0
51 1427 0.0
51 1428 0.0
51 1429 0.0
51 1430 0.0
51 1431 0.0
51 1432 0.0
51 1433 0.0
51 1434 0.0
51 1435 0.0
51 1436 0.0
52 1437 0.0
52 1438 0.0
52 1439 0.0
52 1440 0.0
52 1441 -0.0
52 1442 0.0
52 1443 0.0
52 1444 0.0
52 1445 0.0
52 1446 0.0
52 1447 -0.0
52 1448 0.0
52 1449 0.0
52 1450 0.0
52 1451 0.0
52 1452 0.0
52 1453 0.0
52 1454 0.0
52 1455 0.0
52 1456 0.0
52 1457 0.0
52 1458 0.0
52 1459 0.0
52 1460 0.0
52 1461 0.0
52 1462 0.0
52 1463 0.0
52 1464 0.0
52 1465 0.0
52 1466 0.0
53 1467 0.0
53 1468 0.0
53 1469 0.0
53 1470 0.0
53 1471 0.0
53 1472 0.0
53 1473 0.0
53 1474 0.0
53 1475 0.0
53 1476 0.0
53 1477 0.0
53 1478 0.0
53 1479 0.0
53 1480 0.0
53 1481 0.0
53 1482 0.0
53 1483 0.0
53 1484 0.0
53 1485 0.0
53 1486 0.0
53 1487 0.0
53 1488 0.0
53 1489 0.0
53 1490 0.0
53 1491 0.0
53 1492 0.0
53 1493 0.0
53 1494 0.0
53 1495 0.0
53 1496 0.0
53 1497 0.0
54 1498 0.0
54 1499 0.0
54 1500 0.0
54 1501 0.0
54 1502 0.0
54 1503 0.0
54 1504 0.0
54 1505 0.0
54 1506 0.0
54 1507 0.0
54 1508 0.0
54 1509 0.0
54 1510 0.0
54 1511 0.0
54 1512 0.0
54 1513 0.0
54 1514 0.0
54 1515 0.0
54 1516 0.0
54 1517 0.0
54 1518 0.0
54 1519 0.0
54 1520 0.0
54 1521 0.0
54 1522 0.0
54 1523 0.0
55 1524 0.0
55 1525 0.0
55 1526 0.0
55 1527 0.0
55 1528 0.0
55 1529 -0.0
55 1530 -0.0
55 1531 0.0
55 1532 -0.0
55 1533 -0.0
55 1534 0.0
55 1535 0.0
55 1536 0.0
55 1537 -0.0
55 1538 -0.0
55 1539 0.0
55 1540 -0.0
55 1541 0.0
55 1542 0.0
55 1543 -0.0
55 1544 0.0
55 1545 0.0
55 1546 0.0
55 1547 -0.0
55 1548 -0.0
55 1549 -0.0
55 1550 0.0
55 1551 0.0
55 1552 0.0
55 1553 -0.0
55 1554 -0.0
55 1555 0.0
55 1556 -0.0
55 1557 -0.0
55 1558 0.0
55 1559 -0.0
56 1560 -0.0
56 1561 -0.0
56 1562 -0.0
56 1563 -0.0
56 1564 -0.0
56 1565 -0.0
56 1566 -0.0
56 1567 -0.0
56 1568 -0.0
56 1569 -0.0
56 1570 -0.0
56 1571 -0.0
56 1572 -0.0
56 1573 -0.0
56 1574 -0.0
56 1575 -0.0
56 1576 -0.0
56 1577 -0.0
56 1578 -0.0
56 1579 -0.0
56 1580 -0.0
56 1581 -0.0
56 1582 -0.0
56 1583 -0.0
56 1584 -0.0
56 1585 -0.0
56 1586 -0.0
56 1587 -0.0
56 1588 -0.0
56 1589 -0.0
56 1590 -0.0
56 1591 -0.0
56 1592 -0.0
56 1593 -0.0
56 1594 -0.0
56 1595 -0.0
56 1596 -0.0
57 1597 -0.0
57 1598 -0.0
57 1599 -0.0
57 1600 0.0
57 1601 -0.0
57 1602 -0.0
57 1603 -0.0
57 1604 -0.0
57 1605 -0.0
57 1606 0.0
57 1607 -0.0
57 1608 0.0
57 1609 -0.0
57 1610 -0.0
57 1611 -0.0
57 1612 -0.0
57 1613 -0.0
57 1614 -0.0
57 1615 0.0
57 1616 -0.0
57 1617 -0.0
57 1618 -0.0
57 1619 -0.0
57 1620 -0.0
57 1621 -0.0
57 1622 -0.0
57 1623 -0.0
58 1624 -0.0
58 1625 -0.0
58 1626 -0.0
58 1627 -0.0
58 1628 -0.0
58 1629 -0.0
58 1630 -0.0
58 1631 -0.0
58 1632 -0.0
58 1633 -0.0
58 1634 -0.0
58 1635 -0.0
58 1636 -0.0
58 1637 -0.0
58 1638 -0.0
58 1639 -0.0
58 1640 -0.0
58 1641 -0.0
58 1642 -0.0
58 1643 -0.0
58 1644 -0.0
58 1645 -0.0
58 1646 -0.0
58 1647 -0.0
59 1648 -0.0
59 1649 -0.0
59 1650 -0.0
59 1651 -0.0
59 1652 -0.0
59 1653 -0.0
59 1654 -0.0
59 1655 -0.0
59 1656 -0.0
59 1657 -0.0
59 1658 -0.0
59 1659 -0.0
59 1660 -0.0
59 1661 -0.0
59 1662 -0.0
59 1663 -0.0
59 1664 -0.0
59 1665 -0.0
59 1666 -0.0
59 1667 -0.0
59 1668 -0.0
59 1669 -0.0
59 1670 -0.0
59 1671 -0.0
59 1672 -0.0
60 1673 -0.0
60 1674 -0.0
60 1675 -0.0
60 1676 -0.0
60 1677 -0.0
60 1678 -0.0
60 1679 -0.0
60 1680 0.0
60 1681 -0.0
60 1682 -0.0
60 1683 -0.0
60 1684 0.0
60 1685 0.0
60 1686 0.0
60 1687 0.0
60 1688 0.0
60 1689 0.0
60 1690 0.0
60 1691 0.0
61 1692 0.0
61 1693 0.0
61 1694 0.0
61 1695 0.0
61 1696 0.0
61 1697 0.0
61 1698 0.0
61 1699 0.0
61 1700 0.0
61 1701 0.0
61 1702 0.0
61 1703 0.0
61 1704 0.0
61 1705 0.0
61 1706 0.0
61 1707 0.0
61 1708 0.0
61 1709 0.0
61 1710 0.0
61 1711 0.0
61 1712 0.0
61 1713 0.0
61 1714 0.0
61 1715 0.0
61 1716 0.0
61 1717 0.0
61 1718 0.0
61 1719 0.0
61 1720 0.0
61 1721 0.0
61 1722 0.0
61 1723 0.0
61 1724 0.0
62 1725 0.0
62 1726 0.0
62 1727 0.0
62 1728 0.0
62 1729 0.0
62 1730 0.0
62 1731 0.0
62 1732 0.0
62 1733 0.0
62 1734 0.0
62 1735 0.0
62 1736 0.0
62 1737 0.0
62 1738 0.0
62 1739 0.0
62 1740 0.0
62 1741 0.0
62 1742 0.0
62 1743 0.0
62 1744 0.0
62 1745 0.0
62 1746 0.0
62 1747 0.0
62 1748 0.0
62 1749 0.0
62 1750 0.0
62 1751 0.0
62 1752 0.0
62 1753 0.0
62 1754 0.0
62 1755 0.0
62 1756 0.0
62 1757 0.0
63 1758 0.0
63 1759 0.0
63 1760 0.0
63 1761 0.0
63 1762 0.0
63 1763 0.0
63 1764 0.0
63 1765 0.0
63 1766 0.0
63 1767 0.0
63 1768 0.0
63 1769 0.0
63 1770 0.0
63 1771 0.0
63 1772 0.0
63 1773 0.0
63 1774 0.0
63 1775 0.0
63 1776 0.0
63 1777 0.0
63 1778 0.0
63 1779 0.0
63 1780 0.0
63 1781 0.0
63 1782 0.0
63 1783 0.0
63 1784 0.0
63 1785 0.0
63 1786 0.0
63 1787 0.0
63 1788 0.0
63 1789 0.0
63 1790 0.0
64 1791 0.0
64 1792 0.0
64 1793 0.0
64 1794 0.0
64 1795 0.0
64 1796 0.0
64 1797 0.0
64 1798 0.0
64 1799 0.0
64 1800 0.0
64 1801 0.0
64 1802 0.0
64 1803 0.0
64 1804 0.0
64 1805 0.0
64 1806 0.0
64 1807 0.0
64 1808 0.0
64 1809 0.0
64 1810 0.0
64 1811 0.0
64 1812 0.0
64 1813 0.0
64 1814 0.0
64 1815 0.0
64 1816 0.0
64 1817 0.0
64 1818 -0.0
64 1819 0.0
64 1820 0.0
64 1821 0.0
64 1822 -0.0
65 1823 -0.0
65 1824 -0.0
65 1825 0.0
65 1826 0.0
65 1827 -0.0
65 1828 -0.0
65 1829 -0.0
65 1830 -0.0
65 1831 -0.0
65 1832 0.0
65 1833 -0.0
65 1834 -0.0
65 1835 -0.0
65 1836 -0.0
65 1837 0.0
65 1838 0.0
65 1839 0.0
65 1840 0.0
65 1841 0.0
65 1842 0.0
65 1843 0.0
65 1844 0.0
65 1845 0.0
65 1846 0.0
65 1847 0.0
65 1848 0.0
66 1849 0.0
66 1850 0.0
66 1851 0.0
66 1852 0.0
66 1853 0.0
66 1854 0.0
66 1855 0.0
66 1856 0.0
66 1857 0.0
66 1858 0.0
66 1859 0.0
66 1860 0.0
66 1861 0.0
66 1862 0.0
66 1863 -0.0
66 1864 0.0
66 1865 0.0
66 1866 0.0
66 1867 0.0
66 1868 0.0
66 1869 0.0
66 1870 0.0
66 1871 0.0
66 1872 0.0
66 1873 0.0
66 1874 0.0
66 1875 0.0
66 1876 0.0
66 1877 0.0
66 1878 0.0
66 1879 0.0
67 1880 0.0
67 1881 0.0
67 1882 0.0
67 1883 0.0
67 1884 0.0
67 1885 0.0
67 1886 0.0
67 1887 0.0
67 1888 0.0
67 1889 0.0
67 1890 0.0
67 1891 0.0
67 1892 0.0
67 1893 0.0
67 1894 0.0
67 1895 -0.0
67 1896 -0.0
67 1897 -0.0
67 1898 -0.0
67 1899 0.0
67 1900 0.0
67 1901 0.0
67 1902 0.0
67 1903 0.0
67 1904 0.0
67 1905 0.0
67 1906 0.0
67 1907 0.0
67 1908 0.0
67 1909 0.0
67 1910 0.0
67 1911 0.0
68 1912 0.0
68 1913 0.0
68 1914 0.0
68 1915 0.0
68 1916 0.0
68 1917 0.0
68 1918 0.0
68 1919 0.0
68 1920 0.0
68 1921 0.0
68 1922 0.0
68 1923 0.0
68 1924 0.0
68 1925 0.0
68 1926 0.0
68 1927 0.0
68 1928 -0.0
68 1929 0.0
68 1930 0.0
68 1931 -0.0
68 1932 0.0
68 1933 0.0
68 1934 0.0
68 1935 0.0
68 1936 0.0
68 1937 0.0
68 1938 0.0
68 1939 0.0
68 1940 0.0
68 1941 0.0
68 1942 0.0
68 1943 0.0
68 1944 0.0
69 1945 0.0
69 1946 0.0
69 1947 0.0
69 1948 -0.0
69 1949 0.0
69 1950 -0.0
69 1951 0.0
69 1952 -0.0
69 1953 -0.0
69 1954 -0.0
69 1955 0.0
69 1956 0.0
69 1957 -0.0
69 1958 0.0
69 1959 0.0
69 1960 -0.0
69 1961 0.0
69 1962 0.0
69 1963 0.0
69 1964 0.0
69 1965 0.0
69 1966 0.0
69 1967 0.0
69 1968 0.0
69 1969 0.0
69 1970 -0.0
69 1971 0.0
69 1972 0.0
69 1973 0.0
69 1974 0.0
69 1975 0.0
70 1976 0.0
70 1977 0.0
70 1978 0.0
70 1979 0.0
70 1980 0.0
70 1981 0.0
70 1982 0.0
70 1983 0.0
70 1984 0.0
70 1985 0.0
70 1986 -0.0
70 1987 0.0
70 1988 0.0
70 1989 0.0
70 1990 -0.0
70 1991 0.0
70 1992 0.0
70 1993 0.0
70 1994 0.0
70 1995 0.0
70 1996 0.0
70 1997 0.0
70 1998 0.0
70 1999 0.0
70 2000 0.0
70 2001 0.0
70 2002 0.0
70 2003 0.0
70 2004 0.0
70 2005 0.0
70 2006 0.0
70 2007 0.0
70 2008 0.0
71 2009 0.0
71 2010 0.0
71 2011 0.0
71 2012 0.0
71 2013 0.0
71 2014 0.0
71 2015 0.0
71 2016 0.0
71 2017 0.0
71 2018 0.0
71 2019 0.0
71 2020 0.0
71 2021 0.0
71 2022 0.0
71 2023 0.0
71 2024 -0.0
71 2025 0.0
71 2026 0.0
71 2027 0.0
71 2028 0.0
71 2029 0.0
71 2030 0.0
71 2031 0.0
71 2032 0.0
71 2033 0.0
71 2034 -0.0
71 2035 -0.0
71 2036 0.0
71 2037 0.0
71 2038 0.0
71 2039 0.0
71 2040 0.0
71 2041 0.0
71 2042 0.0
71 2043 0.0
72 2044 0.0
72 2045 0.0
72 2046 0.0
72 2047 0.0
72 2048 0.0
72 2049 0.0
72 2050 0.0
72 2051 0.0
72 2052 0.0
72 2053 0.0
72 2054 0.0
72 2055 0.0
72 2056 0.0
72 2057 0.0
72 2058 0.0
72 2059 0.0
72 2060 -0.0
72 2061 0.0
72 2062 0.0
72 2063 0.0
72 2064 0.0
72 2065 0.0
72 2066 0.0
72 2067 0.0
72 2068 0.0
72 2069 0.0
72 2070 0.0
72 2071 0.0
72 2072 0.0
72 2073 0.0
72 2074 0.0
72 2075 0.0
72 2076 0.0
72 2077 0.0
72 2078 0.0
72 2079 0.0
72 2080 0.0
73 2081 0.0
73 2082 0.0
73 2083 0.0
73 2084 0.0
73 2085 0.0
73 2086 0.0
73 2087 0.0
73 2088 0.0
73 2089 0.0
73 2090 -0.0
73 2091 -0.0
73 2092 -0.0
73 2093 -0.0
73 2094 0.0
73 2095 0.0
73 2096 -0.0
73 2097 -0.0
73 2098 -0.0
73 2099 -0.0
73 2100 -0.0
73 2101 -0.0
73 2102 -0.0
73 2103 -0.0
73 2104 -0.0
73 2105 -0.0
73 2106 -0.0
73 2107 -0.0
73 2108 -0.0
73 2109 -0.0
73 2110 -0.0
73 2111 -0.0
74 2112 -0.0
74 2113 -0.0
74 2114 -0.0
74 2115 -0.0
74 2116 -0.0
74 2117 -0.0
74 2118 -0.0
74 2119 -0.0
74 2120 -0.0
74 2121 -0.0
74 2122 -0.0
74 2123 -0.0
74 2124 -0.0
74 2125 -0.0
74 2126 -0.0
74 2127 -0.0
74 2128 -0.0
74 2129 -0.0
74 2130 -0.0
74 2131 -0.0
74 2132 0.0
74 2133 -0.0
74 2134 -0.0
74 2135 -0.0
74 2136 -0.0
74 2137 0.0
74 2138 0.0
74 2139 -0.0
74 2140 -0.0
74 2141 -0.0
74 2142 -0.0
74 2143 -0.0
74 2144 -0.0
74 2145 -0.0
74 2146 -0.0
75 2147 -0.0
75 2148 -0.0
75 2149 -0.0
75 2150 -0.0
75 2151 -0.0
75 2152 -0.0
75 2153 -0.0
75 2154 -0.0
75 2155 -0.0
75 2156 -0.0
75 2157 -0.0
75 2158 -0.0
75 2159 -0.0
75 2160 -0.0
75 2161 -0.0
75 2162 -0.0
75 2163 -0.0
75 2164 -0.0
75 2165 -0.0
75 2166 -0.0
75 2167 -0.0
75 2168 -0.0
75 2169 -0.0
75 2170 -0.0
75 2171 -0.0
75 2172 -0.0
75 2173 -0.0
75 2174 -0.0
75 2175 -0.0
75 2176 -0.0
75 2177 -0.0
75 2178 -0.0
76 2179 -0.0
76 2180 -0.0
76 2181 -0.0
76 2182 -0.0
76 2183 -0.0
76 2184 -0.0
76 2185 -0.0
76 2186 -0.0
76 2187 -0.0
76 2188 -0.0
76 2189 -0.0
76 2190 -0.0
76 2191 -0.0
76 2192 -0.0
76 2193 -0.0
76 2194 -0.0
76 2195 -0.0
76 2196 -0.0
76 2197 -0.0
76 2198 -0.0
76 2199 -0.0
77 2200 -0.0
77 2201 -0.0
77 2202 -0.0
77 2203 -0.0
77 2204 -0.0
77 2205 -0.0
77 2206 -0.0
77 2207 -0.0
77 2208 -0.0
77 2209 -0.0
77 2210 -0.0
77 2211 -0.0
77 2212 -0.0
77 2213 -0.0
77 2214 -0.0
77 2215 -0.0
77 2216 -0.0
77 2217 -0.0
77 2218 -0.0
77 2219 -0.0
77 2220 -0.0
77 2221 -0.0
77 2222 -0.0
77 2223 -0.0
77 2224 -0.0
77 2225 -0.0
77 2226 -0.0
77 2227 -0.0
77 2228 -0.0
78 2229 -0.0
78 2230 -0.0
78 2231 -0.0
78 2232 -0.0
78 2233 -0.0
78 2234 -0.0
78 2235 -0.0
78 2236 -0.0
78 2237 -0.0
78 2238 -0.0
78 2239 -0.0
78 2240 -0.0
78 2241 -0.0
78 2242 -0.0
78 2243 -0.0
78 2244 -0.0
78 2245 -0.0
78 2246 -0.0
78 2247 -0.0
78 2248 -0.0
78 2249 -0.0
78 2250 -0.0
78 2251 -0.0
79 2252 -0.0
79 2253 -0.0
79 2254 -0.0
79 2255 -0.0
79 2256 -0.0
79 2257 -0.0
79 2258 -0.0
79 2259 -0.0
79 2260 -0.0
79 2261 -0.0
79 2262 -0.0
79 2263 -0.0
79 2264 -0.0
79 2265 -0.0
79 2266 -0.0
79 2267 -0.0
79 2268 -0.0
79 2269 -0.0
79 2270 -0.0
79 2271 -0.0
79 2272 -0.0
79 2273 -0.0
79 2274 -0.0
79 2275 -0.0
79 2276 -0.0
79 2277 -0.0
79 2278 -0.0
79 2279 -0.0
79 2280 -0.0
79 2281 -0.0
79 2282 -0.0
79 2283 -0.0
80 2284 -0.0
80 2285 -0.0
80 2286 -0.0
80 2287 0.0
80 2288 -0.0
80 2289 -0.0
80 2290 -0.0
80 2291 -0.0
80 2292 -0.0
80 2293 0.0
80 2294 0.0
80 2295 0.0
80 2296 0.0
80 2297 0.0
80 2298 0.0
80 2299 0.0
80 2300 0.0
80 2301 0.0
80 2302 0.0
80 2303 0.0
80 2304 0.0
80 2305 0.0
80 2306 0.0
80 2307 0.0
80 2308 0.0
80 2309 0.0
80 2310 0.0
80 2311 0.0
80 2312 0.0
80 2313 0.0
80 2314 0.0
80 2315 0.0
80 2316 0.0
80 2317 0.0
81 2318 0.0
81 2319 0.0
81 2320 0.0
81 2321 0.0
81 2322 0.0
81 2323 0.0
81 2324 -0.0
81 2325 0.0
81 2326 0.0
81 2327 0.0
81 2328 0.0
81 2329 0.0
81 2330 0.0
81 2331 0.0
81 2332 0.0
81 2333 0.0
81 2334 0.0
81 2335 0.0
81 2336 0.0
81 2337 0.0
81 2338 0.0
81 2339 0.0
81 2340 0.0
81 2341 0.0
81 2342 0.0
81 2343 0.0
81 2344 0.0
81 2345 0.0
81 2346 0.0
81 2347 0.0
81 2348 0.0
82 2349 0.0
82 2350 0.0
82 2351 0.0
82 2352 0.0
82 2353 -0.0
82 2354 0.0
82 2355 -0.0
82 2356 0.0
82 2357 0.0
82 2358 0.0
82 2359 0.0
82 2360 -0.0
82 2361 -0.0
82 2362 -0.0
82 2363 -0.0
82 2364 -0.0
82 2365 -0.0
82 2366 -0.0
82 2367 -0.0
82 2368 -0.0
82 2369 -0.0
82 2370 -0.0
82 2371 -0.0
82 2372 -0.0
82 2373 -0.0
82 2374 -0.0
82 2375 -0.0
83 2376 -0.0
83 2377 -0.0
83 2378 -0.0
83 2379 -0.0
83 2380 -0.0
83 2381 -0.0
83 2382 -0.0
83 2383 -0.0
83 2384 -0.0
83 2385 -0.0
83 2386 -0.0
83 2387 -0.0
83 2388 -0.0
83 2389 -0.0
83 2390 -0.0
83 2391 -0.0
83 2392 -0.0
84 2393 -0.0
84 2394 -0.0
84 2395 -0.0
84 2396 -0.0
84 2397 -0.0
84 2398 -0.0
84 2399 -0.0
84 2400 -0.0
84 2401 -0.0
84 2402 -0.0
84 2403 -0.0
84 2404 -0.0
84 2405 -0.0
84 2406 -0.0
84 2407 -0.0
84 2408 -0.0
84 2409 -0.0
84 2410 -0.0
84 2411 -0.0
84 2412 -0.0
84 2413 -0.0
84 2414 -0.0
84 2415 -0.0
84 2416 -0.0
84 2417 -0.0
84 2418 -0.0
84 2419 -0.0
84 2420 -0.0
85 2421 -0.0
85 2422 -0.0
85 2423 -0.0
85 2424 -0.0
85 2425 -0.0
85 2426 -0.0
85 2427 -0.0
85 2428 -0.0
85 2429 -0.0
85 2430 -0.0
85 2431 -0.0
85 2432 -0.0
85 2433 -0.0
85 2434 -0.0
85 2435 -0.0
85 2436 -0.0
85 2437 -0.0
85 2438 -0.0
85 2439 -0.0
85 2440 -0.0
85 2441 -0.0
85 2442 -0.0
86 2443 -0.0
86 2444 -0.0
86 2445 -0.0
86 2446 -0.0
86 2447 -0.0
86 2448 -0.0
86 2449 -0.0
86 2450 -0.0
86 2451 -0.0
86 2452 -0.0
86 2453 -0.0
86 2454 -0.0
86 2455 -0.0
86 2456 -0.0
86 2457 -0.0
86 2458 -0.0
86 2459 -0.0
86 2460 -0.0
86 2461 -0.0
86 2462 -0.0
86 2463 -0.0
86 2464 -0.0
86 2465 -0.0
86 2466 -0.0
86 2467 -0.0
86 2468 -0.0
86 2469 -0.0
86 2470 -0.0
86 2471 -0.0
86 2472 -0.0
86 2473 -0.0
86 2474 -0.0
87 2475 -0.0
87 2476 -0.0
87 2477 -0.0
87 2478 -0.0
87 2479 -0.0
87 2480 -0.0
87 2481 -0.0
87 2482 -0.0
87 2483 -0.0
87 2484 -0.0
87 2485 -0.0
87 2486 -0.0
87 2487 -0.0
87 2488 -0.0
87 2489 -0.0
87 2490 -0.0
87 2491 -0.0
87 2492 -0.0
87 2493 -0.0
87 2494 -0.0
87 2495 -0.0
87 2496 -0.0
87 2497 -0.0
87 2498 -0.0
87 2499 0.0
87 2500 0.0
87 2501 0.0
88 2502 0.0
88 2503 0.0
88 2504 0.0
88 2505 0.0
88 2506 0.0
88 2507 0.0
88 2508 0.0
88 2509 0.0
88 2510 0.0
88 2511 0.0
88 2512 0.0
88 2513 0.0
88 2514 0.0
88 2515 0.0
88 2516 0.0
88 2517 0.0
88 2518 0.0
88 2519 0.0
88 2520 0.0
88 2521 0.0
88 2522 0.0
88 2523 0.0
88 2524 0.0
88 2525 0.0
88 2526 0.0
88 2527 0.0
88 2528 0.0
88 2529 0.0
89 2530 0.0
89 2531 0.0
89 2532 0.0
89 2533 0.0
89 2534 0.0
89 2535 0.0
89 2536 0.0
89 2537 0.0
89 2538 0.0
89 2539 0.0
89 2540 0.0
89 2541 0.0
89 2542 0.0
89 2543 0.0
89 2544 0.0
89 2545 0.0
89 2546 0.0
89 2547 0.0
89 2548 0.0
89 2549 0.0
89 2550 0.0
89 2551 0.0
89 2552 0.0
89 2553 0.0
89 2554 0.0
89 2555 0.0
89 2556 0.0
89 2557 0.0
89 2558 0.0
90 2559 0.0
90 2560 0.0
90 2561 -0.0
90 2562 -0.0
90 2563 0.0
90 2564 0.0
90 2565 0.0
90 2566 0.0
90 2567 0.0
90 2568 0.0
90 2569 0.0
90 2570 0.0
90 2571 0.0
90 2572 0.0
90 2573 0.0
90 2574 0.0
90 2575 0.0
90 2576 0.0
90 2577 0.0
90 2578 0.0
90 2579 0.0
90 2580 0.0
90 2581 0.0
90 2582 0.0
90 2583 0.0
90 2584 0.0
90 2585 0.0
90 2586 0.0
90 2587 0.0
90 2588 0.0
90 2589 0.0
91 2590 0.0
91 2591 0.0
91 2592 0.0
91 2593 0.0
91 2594 0.0
91 2595 0.0
91 2596 0.0
91 2597 0.0
91 2598 0.0
91 2599 0.0
91 2600 0.0
91 2601 0.0
91 2602 0.0
91 2603 0.0
91 2604 0.0
91 2605 0.0
91 2606 0.0
91 2607 0.0
91 2608 0.0
91 2609 0.0
91 2610 0.0
91 2611 0.0
91 2612 0.0
91 2613 0.0
91 2614 0.0
91 2615 0.0
91 2616 0.0
92 2617 0.0
92 2618 0.0
92 2619 0.0
92 2620 0.0
92 2621 0.0
92 2622 0.0
92 2623 0.0
92 2624 0.0
92 2625 0.0
92 2626 0.0
92 2627 0.0
92 2628 0.0
92 2629 0.0
92 2630 0.0
92 2631 0.0
92 2632 0.0
92 2633 0.0
92 2634 0.0
92 2635 0.0
92 2636 0.0
92 2637 0.0
92 2638 0.0
92 2639 0.0
92 2640 0.0
93 2641 0.0
93 2642 0.0
93 2643 0.0
93 2644 0.0
93 2645 0.0
93 2646 0.0
93 2647 0.0
93 2648 0.0
93 2649 0.0
93 2650 0.0
93 2651 0.0
93 2652 0.0
93 2653 0.0
93 2654 0.0
93 2655 0.0
93 2656 0.0
93 2657 0.0
93 2658 0.0
94 2659 0.0
94 2660 0.0
94 2661 0.0
94 2662 0.0
94 2663 0.0
94 2664 0.0
94 2665 0.0
94 2666 0.0
94 2667 0.0
94 2668 0.0
94 2669 0.0
94 2670 0.0
94 2671 0.0
94 2672 0.0
94 2673 0.0
94 2674 0.0
94 2675 0.0
94 2676 0.0
94 2677 0.0
94 2678 0.0
94 2679 0.0
94 2680 0.0
94 2681 0.0
94 2682 0.0
94 2683 0.0
94 2684 0.0
95 2685 0.0
95 2686 0.0
95 2687 0.0
95 2688 0.0
95 2689 0.0
95 2690 0.0
95 2691 0.0
95 2692 0.0
95 2693 0.0
95 2694 0.0
95 2695 0.0
95 2696 0.0
95 2697 0.0
95 2698 0.0
95 2699 0.0
95 2700 0.0
95 2701 0.0
95 2702 0.0
95 2703 0.0
95 2704 0.0
95 2705 0.0
95 2706 0.0
95 2707 0.0
95 2708 0.0
95 2709 0.0
95 2710 0.0
95 2711 -0.0
95 2712 0.0
95 2713 0.0
95 2714 0.0
95 2715 0.0
96 2716 0.0
96 2717 0.0
96 2718 0.0
96 2719 0.0
96 2720 0.0
96 2721 0.0
96 2722 0.0
96 2723 0.0
96 2724 0.0
96 2725 0.0
96 2726 0.0
96 2727 0.0
96 2728 0.0
96 2729 0.0
96 2730 -0.0
96 2731 0.0
96 2732 0.0
96 2733 0.0
96 2734 0.0
96 2735 0.0
96 2736 0.0
96 2737 0.0
97 2738 0.0
97 2739 0.0
97 2740 0.0
97 2741 0.0
97 2742 0.0
97 2743 0.0
97 2744 0.0
97 2745 0.0
97 2746 0.0
97 2747 0.0
97 2748 0.0
97 2749 0.0
97 2750 0.0
97 2751 0.0
97 2752 0.0
97 2753 0.0
97 2754 0.0
97 2755 0.0
97 2756 0.0
97 2757 0.0
97 2758 0.0
97 2759 0.0
97 2760 0.0
97 2761 0.0
97 2762 0.0
97 2763 0.0
98 2764 0.0
98 2765 0.0
98 2766 0.0
98 2767 0.0
98 2768 0.0
98 2769 0.0
98 2770 0.0
98 2771 0.0
98 2772 0.0
98 2773 0.0
98 2774 0.0
98 2775 0.0
98 2776 0.0
98 2777 0.0
98 2778 0.0
98 2779 0.0
98 2780 0.0
98 2781 0.0
98 2782 0.0
98 2783 0.0
98 2784 0.0
98 2785 0.0
98 2786 0.0
98 2787 0.0
98 2788 0.0
98 2789 0.0
98 2790 0.0
99 2791 0.0
99 2792 0.0
99 2793 0.0
99 2794 0.0
99 2795 0.0
99 2796 0.0
99 2797 0.0
99 2798 0.0
99 2799 0.0
99 2800 0.0
99 2801 0.0
99 2802 0.0
99 2803 0.0
99 2804 0.0
99 2805 0.0
99 2806 0.0
99 2807 0.0
99 2808 0.0
99 2809 0.0
99 2810 0.0
99 2811 0.0
99 2812 0.0
99 2813 0.0
99 2814 0.0
99 2815 0.0
99 2816 0.0
99 2817 0.0
100 2818 -0.0
100 2819 0.0
100 2820 0.0
100 2821 0.0
100 2822 0.0
100 2823 -0.0
100 2824 0.0
100 2825 0.0
100 2826 0.0
100 2827 0.0
100 2828 0.0
100 2829 0.0
100 2830 0.0
100 2831 0.0
100 2832 0.0
100 2833 0.0
100 2834 0.0
100 2835 0.0
100 2836 0.0
100 2837 0.0
100 2838 0.0
100 2839 0.0
100 2840 0.0
100 2841 0.0
100 2842 0.0
100 2843 -0.0
100 2844 0.0
100 2845 0.0
101 2846 0.0
101 2847 0.0
101 2848 0.0
101 2849 0.0
101 2850 0.0
101 2851 0.0
101 2852 0.0
101 2853 0.0
101 2854 0.0
101 2855 0.0
101 2856 0.0
101 2857 0.0
101 2858 0.0
101 2859 0.0
101 2860 0.0
101 2861 0.0
101 2862 0.0
101 2863 0.0
101 2864 0.0
101 2865 0.0
101 2866 0.0
101 2867 0.0
101 2868 0.0
101 2869 0.0
101 2870 0.0
101 2871 0.0
101 2872 0.0
101 2873 -0.0
101 2874 0.0
101 2875 0.0
101 2876 0.0
101 2877 0.0
102 2878 0.0
102 2879 0.0
102 2880 0.0
102 2881 0.0
102 2882 0.0
102 2883 0.0
102 2884 0.0
102 2885 0.0
102 2886 0.0
102 2887 0.0
102 2888 0.0
102 2889 0.0
102 2890 0.0
102 2891 0.0
102 2892 0.0
102 2893 0.0
102 2894 0.0
102 2895 0.0
102 2896 0.0
102 2897 0.0
102 2898 0.0
102 2899 0.0
102 2900 0.0
102 2901 0.0
102 2902 0.0
102 2903 0.0
102 2904 0.0
102 2905 0.0
102 2906 0.0
102 2907 0.0
103 2908 0.0
103 2909 0.0
103 2910 0.0
103 2911 0.0
103 2912 0.0
103 2913 0.0
103 2914 0.0
103 2915 0.0
103 2916 0.0
103 2917 0.0
103 2918 0.0
103 2919 0.0
103 2920 0.0
103 2921 0.0
103 2922 0.0
103 2923 0.0
103 2924 0.0
103 2925 0.0
103 2926 0.0
103 2927 0.0
103 2928 0.0
103 2929 0.0
103 2930 0.0
103 2931 0.0
103 2932 0.0
103 2933 0.0
103 2934 0.0
103 2935 0.0
103 2936 0.0
103 2937 0.0
103 2938 0.0
104 2939 0.0
104 2940 0.0
104 2941 0.0
104 2942 0.0
104 2943 0.0
104 2944 0.0
104 2945 0.0
104 2946 0.0
104 2947 0.0
104 2948 0.0
104 2949 0.0
104 2950 0.0
104 2951 0.0
104 2952 0.0
104 2953 0.0
104 2954 0.0
104 2955 0.0
104 2956 0.0
104 2957 0.0
104 2958 0.0
104 2959 0.0
104 2960 0.0
104 2961 0.0
104 2962 0.0
104 2963 0.0
104 2964 0.0
104 2965 0.0
105 2966 0.0
105 2967 0.0
105 2968 0.0
105 2969 0.0
105 2970 0.0
105 2971 0.0
105 2972 0.0
105 2973 0.0
105 2974 0.0
105 2975 0.0
105 2976 0.0
105 2977 0.0
105 2978 0.0
105 2979 0.0
105 2980 0.0
105 2981 -0.0
105 2982 0.0
105 2983 0.0
105 2984 0.0
105 2985 0.0
105 2986 0.0
105 2987 0.0
105 2988 0.0
105 2989 0.0
105 2990 0.0
105 2991 0.0
105 2992 0.0
106 2993 0.0
106 2994 0.0
106 2995 0.0
106 2996 0.0
106 2997 0.0
106 2998 0.0
106 2999 0.0
106 3000 0.0
106 3001 0.0
106 3002 0.0
106 3003 0.0
106 3004 0.0
106 3005 0.0
106 3006 0.0
106 3007 0.0
106 3008 0.0
106 3009 0.0
106 3010 0.0
106 3011 0.0
106 3012 0.0
106 3013 0.0
106 3014 0.0
106 3015 0.0
106 3016 0.0
106 3017 0.0
106 3018 0.0
106 3019 0.0
106 3020 0.0
106 3021 0.0
106 3022 0.0
107 3023 0.0
107 3024 0.0
107 3025 0.0
107 3026 0.0
107 3027 0.0
107 3028 0.0
107 3029 0.0
107 3030 0.0
107 3031 0.0
107 3032 0.0
107 3033 0.0
107 3034 0.0
107 3035 0.0
107 3036 0.0
107 3037 0.0
107 3038 0.0
107 3039 0.0
107 3040 -0.0
107 3041 -0.0
107 3042 -0.0
107 3043 -0.0
107 3044 -0.0
107 3045 0.0
107 3046 -0.0
107 3047 -0.0
107 3048 -0.0
107 3049 -0.0
107 3050 -0.0
107 3051 -0.0
107 3052 -0.0
108 3053 -0.0
108 3054 -0.0
108 3055 -0.0
108 3056 -0.0
108 3057 -0.0
108 3058 -0.0
108 3059 -0.0
108 3060 -0.0
108 3061 -0.0
108 3062 -0.0
108 3063 -0.0
108 3064 -0.0
108 3065 -0.0
108 3066 -0.0
108 3067 -0.0
108 3068 -0.0
108 3069 -0.0
108 3070 -0.0
108 3071 -0.0
109 3072 -0.0
109 3073 -0.0
109 3074 -0.0
109 3075 -0.0
109 3076 -0.0
109 3077 -0.0
109 3078 -0.0
109 3079 -0.0
109 3080 -0.0
109 3081 -0.0
109 3082 -0.0
109 3083 -0.0
109 3084 -0.0
109 3085 -0.0
109 3086 -0.0
109 3087 -0.0
109 3088 -0.0
109 3089 -0.0
109 3090 -0.0
110 3091 -0.0
110 3092 -0.0
110 3093 -0.0
110 3094 0.0
110 3095 -0.0
110 3096 -0.0
110 3097 0.0
110 3098 0.0
110 3099 -0.0
110 3100 0.0
110 3101 -0.0
110 3102 0.0
110 3103 0.0
110 3104 -0.0
110 3105 0.0
110 3106 0.0
110 3107 0.0
110 3108 0.0
110 3109 0.0
110 3110 0.0
110 3111 0.0
110 3112 0.0
110 3113 0.0
110 3114 0.0
110 3115 0.0
111 3116 0.0
111 3117 0.0
111 3118 0.0
111 3119 0.0
111 3120 0.0
111 3121 0.0
111 3122 0.0
111 3123 0.0
111 3124 0.0
111 3125 0.0
111 3126 0.0
111 3127 0.0
111 3128 0.0
111 3129 0.0
111 3130 0.0
111 3131 0.0
111 3132 0.0
111 3133 0.0
111 3134 0.0
112 3135 0.0
112 3136 0.0
112 3137 0.0
112 3138 0.0
112 3139 0.0
112 3140 0.0
112 3141 -0.0
112 3142 0.0
112 3143 0.0
112 3144 0.0
112 3145 -0.0
112 3146 0.0
112 3147 0.0
112 3148 -0.0
112 3149 0.0
112 3150 0.0
112 3151 0.0
112 3152 0.0
112 3153 0.0
112 3154 0.0
112 3155 0.0
112 3156 0.0
112 3157 0.0
113 3158 -0.0
113 3159 -0.0
113 3160 0.0
113 3161 0.0
113 3162 0.0
113 3163 0.0
113 3164 0.0
113 3165 0.0
113 3166 0.0
113 3167 0.0
113 3168 -0.0
113 3169 0.0
113 3170 0.0
113 3171 0.0
113 3172 0.0
113 3173 0.0
113 3174 0.0
113 3175 0.0
113 3176 0.0
113 3177 0.0
113 3178 -0.0
113 3179 -0.0
113 3180 -0.0
113 3181 0.0
113 3182 0.0
113 3183 -0.0
113 3184 -0.0
113 3185 0.0
113 3186 -0.0
113 3187 0.0
114 3188 0.0
114 3189 -0.0
114 3190 -0.0
114 3191 -0.0
114 3192 -0.0
114 3193 -0.0
114 3194 -0.0
114 3195 0.0
114 3196 -0.0
114 3197 -0.0
114 3198 0.0
114 3199 -0.0
114 3200 -0.0
114 3201 -0.0
114 3202 -0.0
114 3203 -0.0
114 3204 0.0
114 3205 0.0
114 3206 -0.0
114 3207 -0.0
114 3208 0.0
114 3209 0.0
114 3210 -0.0
114 3211 0.0
114 3212 -0.0
114 3213 -0.0
114 3214 0.0
115 3215 -0.0
115 3216 -0.0
115 3217 -0.0
115 3218 -0.0
115 3219 0.0
115 3220 0.0
115 3221 -0.0
115 3222 -0.0
115 3223 -0.0
115 3224 0.0
115 3225 0.0
115 3226 0.0
115 3227 -0.0
115 3228 -0.0
115 3229 -0.0
115 3230 -0.0
115 3231 0.0
115 3232 -0.0
115 3233 0.0
115 3234 -0.0
115 3235 -0.0
115 3236 -0.0
115 3237 0.0
115 3238 0.0
116 3239 -0.0
116 3240 0.0
116 3241 0.0
116 3242 0.0
116 3243 0.0
116 3244 -0.0
116 3245 -0.0
116 3246 -0.0
116 3247 -0.0
116 3248 -0.0
116 3249 -0.0
116 3250 -0.0
116 3251 -0.0
116 3252 -0.0
116 3253 -0.0
116 3254 -0.0
116 3255 -0.0
116 3256 -0.0
116 3257 -0.0
116 3258 -0.0
116 3259 0.0
117 3260 -0.0
117 3261 -0.0
117 3262 -0.0
117 3263 -0.0
117 3264 -0.0
117 3265 -0.0
117 3266 -0.0
117 3267 -0.0
117 3268 -0.0
117 3269 -0.0
117 3270 -0.0
117 3271 -0.0
117 3272 -0.0
117 3273 -0.0
117 3274 -0.0
117 3275 -0.0
118 3276 -0.0
118 3277 0.0
118 3278 -0.0
118 3279 -0.0
118 3280 -0.0
118 3281 -0.0
118 3282 -0.0
118 3283 -0.0
118 3284 -0.0
118 3285 -0.0
118 3286 -0.0
118 3287 -0.0
118 3288 -0.0
118 3289 -0.0
118 3290 -0.0
118 3291 -0.0
118 3292 -0.0
118 3293 -0.0
118 3294 -0.0
118 3295 -0.0
118 3296 -0.0
118 3297 -0.0
118 3298 -0.0
118 3299 -0.0
118 3300 -0.0
118 3301 -0.0
118 3302 -0.0
119 3303 -0.0
119 3304 -0.0
119 3305 -0.0
119 3306 -0.0
119 3307 -0.0
119 3308 -0.0
119 3309 -0.0
119 3310 -0.0
119 3311 0.0
119 3312 -0.0
119 3313 0.0
119 3314 -0.0
119 3315 0.0
119 3316 -0.0
119 3317 -0.0
119 3318 0.0
119 3319 -0.0
119 3320 -0.0
119 3321 -0.0
119 3322 -0.0
119 3323 -0.0
119 3324 -0.0
119 3325 -0.0
119 3326 -0.0
119 3327 -0.0
119 3328 -0.0
119 3329 -0.0
119 3330 -0.0
119 3331 -0.0
119 3332 -0.0
119 3333 -0.0
119 3334 -0.0
119 3335 -0.0
119 3336 -0.0
120 3337 -0.0
120 3338 0.0
120 3339 -0.0
120 3340 -0.0
120 3341 -0.0
120 3342 0.0
120 3343 -0.0
120 3344 -0.0
120 3345 -0.0
120 3346 -0.0
120 3347 -0.0
120 3348 -0.0
120 3349 -0.0
120 3350 0.0
120 3351 -0.0
120 3352 -0.0
120 3353 -0.0
120 3354 0.0
120 3355 0.0
120 3356 0.0
120 3357 -0.0
120 3358 0.0
120 3359 0.0
120 3360 0.0
120 3361 0.0
120 3362 0.0
120 3363 0.0
120 3364 0.0
121 3365 0.0
