1,1.467848364061679
1,1.467848364061679
1,1.4155285506095885
1,1.4155285506095885
1,1.4155285506095885
1,1.4043647234584649
2,1.4043647234584649
2,1.4043647234584649
2,1.2374702685000452
2,1.2374702685000452
2,1.2275065170036132
2,1.1272199104890228
2,1.127194021497332
2,1.1266937371106207
2,1.0011271120923286
2,1.0011271120923286
2,1.0007558025310153
2,1.0007558025310153
2,0.995350016351246
2,0.995350016351246
2,0.9945291385772971
2,0.9166180768719248
2,0.9166180768719248
2,0.8965028273359696
2,0.8965028273359696
2,0.8929663063958627
2,0.8929663063958627
2,0.8777784004977133
2,0.8777784004977133
2,0.8777784004977133
2,0.7002233320045625
3,0.7002233320045625
3,0.7002233320045625
3,0.6951599136935372
3,0.6945470983170492
3,0.28519730356041445
3,0.28519730356041445
3,0.27139377102102763
3,0.2713840262811425
3,0.2712917056129793
3,0.2712501080392081
3,0.27078338630262333
3,0.27071980165354687
3,0.2696130726178689
3,0.2696130726178689
3,0.2696130726178689
3,0.2513244422284407
3,0.2513244422284407
3,0.2513244422284407
3,0.2513244422284407
3,0.2504131281453188
3,0.24916724093234435
3,0.24916724093234435
3,0.24916724093234435
3,0.24914910093034456
3,0.24914910093034456
3,0.2488881335263878
3,0.24884958873476093
3,0.24863354726370498
3,0.24863354726370498
3,0.24863354726370498
4,0.24830119481459556
4,0.2481203653763883
4,0.2481203653763883
4,0.2481203653763883
4,0.24599127953965147
4,0.24599127953965147
4,0.24598987721707613
4,0.2459878844812979
4,0.2459823265808914
4,0.2449679547732947
4,0.2351343602345873
4,0.23489953198458774
4,0.23489953198458774
4,0.2347830315500445
4,0.2347830315500445
4,0.23477048543362738
4,0.23477048543362738
4,0.23475722772838964
4,0.23157805310778318
4,0.23157805310778318
4,0.23156500919806017
4,0.23156098893561727
4,0.22407447294983915
4,0.22407447294983915
4,0.22407447294983915
4,0.22407447294983915
4,0.223828771395114
4,0.2204239284214153
4,0.22038070719676722
4,0.22038070719676722
4,0.22038070719676722
5,0.22038070719676722
5,0.21962705367898563
5,0.21962705367898563
5,0.21962705367898563
5,0.2193813521242602
5,0.2193813521242602
5,0.2193813521242602
5,0.219380633351207
5,0.21933245313379307
5,0.21933245313379307
5,0.21930891577875591
5,0.21930891577875591
5,0.21930891577875591
5,0.21927582262275355
5,0.21921416081576336
5,0.2190793484646196
5,0.2190793484646196
5,0.2190793484646196
5,0.2190793484646196
5,0.2190793484646196
5,0.2190793484646196
5,0.2190793484646196
5,0.21907361392820948
5,0.21907361392820948
5,0.21907361392820948
5,0.21907361392820948
5,0.21907334787795388
5,0.2189730706010275
5,0.2189730706010275
5,0.2189730706010275
5,0.21897256831668038
6,0.21896965286672562
6,0.21896965286672562
6,0.21896965286672562
6,0.21896196971766263
6,0.21896196971766263
6,0.21896196971766263
6,0.21896189422748516
6,0.21896011163654155
6,0.21896011163654155
6,0.21896011163654155
6,0.21896011163654155
6,0.21896011163654155
6,0.21896011163654155
6,0.21896011163654155
6,0.21895995533502813
6,0.21895995533502813
6,0.21895995533502813
6,0.21895995533502813
6,0.21895995533502813
6,0.21895995533502813
6,0.21856173985867983
6,0.21856173985867983
6,0.2181907533832918
6,0.21817188358060832
6,0.21817188358060832
6,0.21817188358060832
6,0.2181689439866366
6,0.2181689439866366
6,0.21816802122275208
6,0.21774188411299794
6,0.21774188411299794
6,0.21774188411299794
6,0.21774188411299794
6,0.21733312292891133
6,0.21733312292891133
6,0.21733312292891133
6,0.2173302791967935
7,0.2173302791967935
7,0.21732907282770225
7,0.21732907282770225
7,0.21732907282770225
7,0.217326799221855
7,0.217326799221855
7,0.217326799221855
7,0.217326799221855
7,0.217326799221855
7,0.217326799221855
7,0.2173264100103401
7,0.2173025876603015
7,0.2173025876603015
7,0.2173025876603015
7,0.2173025876603015
7,0.2173025876603015
7,0.2173025876603015
7,0.2173025876603015
7,0.2173025876603015
7,0.2173025876603015
7,0.2173025876603015
7,0.2173025876603015
7,0.2173025876603015
7,0.2173025876603015
7,0.2173025876603015
7,0.2173025876603015
7,0.2173025876603015
7,0.2173025876603015
7,0.2173025876603015
7,0.2173025876603015
7,0.2173025876603015
7,0.2173025876603015
7,0.2173025876603015
7,0.2173025876603015
7,0.2173025876603015
7,0.2173025332832767
7,0.2173025332832767
8,0.2173025332832767
8,0.2173025332832767
8,0.2173025332832767
8,0.2173025332832767
8,0.2173025332832767
8,0.2173025332832767
8,0.2173025332832767
8,0.2173025332832767
8,0.2173025332832767
8,0.2173025332832767
8,0.2173025332832767
8,0.2173025332832767
8,0.2173025332832767
8,0.21730232997174054
8,0.21730232997174054
8,0.21730232997174054
8,0.21730232997174054
8,0.21730232997174054
8,0.21730232997174054
8,0.21730232997174054
8,0.21730232997174054
8,0.21730232997174054
8,0.21730232997174054
8,0.21730232997174054
8,0.21730232997174054
8,0.21730232997174054
8,0.21730232997174054
8,0.21730232997174054
8,0.21730232997174054
8,0.21730232997174054
8,0.21730232997174054
8,0.21730232997174054
8,0.21730232997174054
8,0.21730114548362725
8,0.21730113527973913
8,0.21730113527973913
8,0.21730113527973913
9,0.21730113527973913
9,0.21730113527973913
9,0.21730113527973913
9,0.21730113527973913
9,0.21730113527973913
9,0.21730113527973913
9,0.21730113527973913
9,0.21730113527973913
9,0.21730113527973913
9,0.21730113527973913
9,0.21730113527973913
9,0.21730113527973913
9,0.21730113527973913
9,0.21730113527973913
9,0.21730113527973913
9,0.21730102614013094
9,0.21730102614013094
9,0.21730102614013094
9,0.21730102614013094
9,0.21730102614013094
9,0.21730102614013094
9,0.21730102614013094
9,0.21730102614013094
9,0.21730102614013094
9,0.21730102614013094
9,0.21730102614013094
10,0.21730102614013094
10,0.21730102614013094
10,0.21730102614013094
10,0.21730102614013094
10,0.21730102614013094
10,0.21730102614013094
10,0.21730102614013094
10,0.21730102614013094
10,0.21730102614013094
10,0.21730102614013094
10,0.21730102614013094
10,0.21730102614013094
10,0.21730102614013094
10,0.21730102614013094
10,0.21730102614013094
10,0.21730102614013094
10,0.21730102614013094
10,0.21730102614013094
10,0.21730102614013094
10,0.21730102614013094
10,0.21730102614013094
10,0.21730102614013094
10,0.21730102614013094
10,0.21730102614013094
10,0.21730102614013094
10,0.21730102614013094
10,0.21730102614013094
10,0.21730102614013094
10,0.21730102614013094
10,0.21730102614013094
10,0.21730102614013094
10,0.21730102614013094
10,0.21730102614013094
11,0.21730102614013094
11,0.21730102614013094
11,0.21730102614013094
11,0.21730102614013094
11,0.21730102614013094
11,0.21730102614013094
11,0.21730102614013094
11,0.21730102614013094
11,0.21730102614013094
11,0.21730102614013094
11,0.21730102614013094
11,0.21730102614013094
11,0.21730102614013094
11,0.21730102614013094
11,0.21730102614013094
11,0.21730102614013094
11,0.21730102614013094
11,0.21730102614013094
11,0.21730102614013094
11,0.21730102614013094
11,0.21730102614013094
11,0.21730102614013094
11,0.21730102614013094
11,0.21730102614013094
11,0.21730102614013094
11,0.21730102614013094
11,0.21730102614013094
11,0.21730102614013094
11,0.21730102614013094
11,0.21730102614013094
12,0.21730102614013094
12,0.21730102614013094
12,0.21730102614013094
12,0.21730102614013094
12,0.21730102614013094
12,0.21730102614013094
12,0.21730102614013094
12,0.21730102614013094
12,0.21730102614013094
12,0.21730102614013094
12,0.21730102614013094
12,0.21730102614013094
12,0.21730102614013094
12,0.21730102614013094
12,0.21730102614013094
12,0.21730102614013094
12,0.21730102614013094
12,0.21730102614013094
12,0.21730102614013094
12,0.21730102614013094
12,0.21730102614013094
12,0.21730102614013094
12,0.21730102614013094
12,0.21730102614013094
12,0.21730102614013094
12,0.21730102614013094
12,0.21730102614013094
12,0.21730102614013094
12,0.21730102614013094
12,0.21730102614013094
12,0.21730102614013094
12,0.21730102614013094
12,0.21730102614013094
12,0.21730102614013094
12,0.21730102614013094
12,0.21730102614013094
12,0.21730102614013094
12,0.21730102614013094
12,0.21730102614013094
12,0.21730102614013094
12,0.21730102614013094
12,0.21730102614013094
13,0.21730102614013094
13,0.21730102614013094
13,0.21730102614013094
13,0.21730102614013094
13,0.21730102614013094
13,0.21730102614013094
13,0.21730102614013094
13,0.21730102614013094
13,0.21730102614013094
13,0.21730102614013094
13,0.21730102614013094
13,0.21730102614013094
13,0.21730102614013094
13,0.21730102614013094
13,0.21730102614013094
13,0.21730102614013094
13,0.21730102614013094
13,0.21730102614013094
13,0.21730102614013094
13,0.21730102614013094
13,0.21730102614013094
13,0.21730102614013094
13,0.21730102614013094
13,0.21730102614013094
13,0.21730102614013094
13,0.21730102614013094
13,0.21730102614013094
13,0.21730102614013094
13,0.21730102614013094
13,0.21730102614013094
13,0.21730102614013094
13,0.21730102614013094
13,0.21730102614013094
13,0.21730102614013094
13,0.21730102614013094
13,0.21730102614013094
13,0.21730102614013094
13,0.21730102614013094
13,0.21730102614013094
13,0.21730102614013094
14,0.21730102614013094
14,0.21730102614013094
14,0.21730102614013094
14,0.21730102614013094
14,0.21730102614013094
14,0.21730102614013094
14,0.21730102614013094
14,0.21730102614013094
14,0.21730102614013094
14,0.21730102614013094
14,0.21730102614013094
14,0.21730102614013094
14,0.21730102614013094
14,0.21730102614013094
14,0.21730102614013094
14,0.21730102614013094
14,0.21730102614013094
14,0.21730102614013094
14,0.21730102614013094
14,0.21730102614013094
14,0.21730102614013094
14,0.21730102614013094
14,0.21730102614013094
14,0.21730102614013094
14,0.21730102614013094
14,0.21730102614013094
14,0.21730102614013094
14,0.21730102614013094
14,0.21730102614013094
14,0.21730102614013094
14,0.21730102614013094
14,0.21730102614013094
14,0.21730102614013094
14,0.21730102614013094
14,0.21730102614013094
14,0.21730102614013094
14,0.21730102614013094
15,0.21730102614013094
15,0.21730102614013094
15,0.21730102614013094
15,0.21730102614013094
15,0.21730102614013094
15,0.21730102614013094
15,0.21730102614013094
15,0.21730102614013094
15,0.21730102614013094
15,0.21730102614013094
15,0.21730102614013094
15,0.21730102614013094
15,0.21730102614013094
15,0.21730102614013094
15,0.21730102614013094
15,0.21730102614013094
15,0.21730102614013094
15,0.21730102614013094
15,0.21730102614013094
15,0.21730102614013094
15,0.21730102614013094
15,0.21730102614013094
15,0.21730102614013094
15,0.21730102614013094
15,0.21730102614013094
15,0.21730102614013094
15,0.21730102614013094
15,0.21730102614013094
15,0.21730102614013094
15,0.21730102614013094
15,0.21730102614013094
15,0.21730102614013094
15,0.21730102614013094
16,0.21730102614013094
16,0.21730102614013094
16,0.21730102614013094
16,0.21730102614013094
16,0.21730102614013094
16,0.21730102614013094
16,0.21730102614013094
16,0.21730102614013094
16,0.21730102614013094
16,0.21730102614013094
16,0.21730102614013094
16,0.21730102614013094
16,0.21730102614013094
16,0.21730102614013094
16,0.21730102614013094
16,0.21730102614013094
16,0.21730102614013094
16,0.21730102614013094
16,0.21730102614013094
16,0.21730102614013094
16,0.21730102614013094
16,0.21730102614013094
16,0.21730102614013094
16,0.21730102614013094
16,0.21730102614013094
16,0.21730102614013094
16,0.21730102614013094
16,0.21730102614013094
16,0.21730102614013094
16,0.21730102614013094
16,0.21730102614013094
16,0.21730102614013094
16,0.21730102614013094
16,0.21730102614013094
16,0.21730102614013094
16,0.21730102614013094
17,0.21730102614013094
17,0.21730102614013094
17,0.21730102614013094
17,0.21730102614013094
17,0.21730102614013094
17,0.21730102614013094
17,0.21730102614013094
17,0.21730102614013094
17,0.21730102614013094
17,0.21730102614013094
17,0.21730102614013094
17,0.21730102614013094
17,0.21730102614013094
17,0.21730102614013094
17,0.21730102614013094
17,0.21730102614013094
17,0.21730102614013094
17,0.21730102614013094
17,0.21730102614013094
17,0.21730102614013094
17,0.21730102614013094
17,0.21730102614013094
17,0.21730102614013094
17,0.21730102614013094
17,0.21730102614013094
17,0.21730102614013094
17,0.21730102614013094
17,0.21730102614013094
17,0.21730102614013094
17,0.21730102614013094
17,0.21730102614013094
17,0.21730102614013094
17,0.21730102614013094
17,0.21730102614013094
17,0.21730102614013094
17,0.21730102614013094
17,0.21730102614013094
17,0.21730102614013094
17,0.21730102614013094
17,0.21730102614013094
18,0.21730102614013094
18,0.21730102614013094
18,0.21730102614013094
18,0.21730102614013094
18,0.21730102614013094
18,0.21730102614013094
18,0.21730102614013094
18,0.21730102614013094
18,0.21730102614013094
18,0.21730102614013094
18,0.21730102614013094
18,0.21730102614013094
18,0.21730102614013094
18,0.21730102614013094
18,0.21730102614013094
18,0.21730102614013094
18,0.21730102614013094
18,0.21730102614013094
18,0.21730102614013094
18,0.21730102614013094
18,0.21730102614013094
18,0.21730102614013094
18,0.21730102614013094
18,0.21730102614013094
18,0.21730102614013094
18,0.21730102614013094
18,0.21730102614013094
18,0.21730102614013094
18,0.21730102614013094
18,0.21730102614013094
18,0.21730102614013094
19,0.21730102614013094
19,0.21730102614013094
19,0.21730102614013094
19,0.21730102614013094
19,0.21730102614013094
19,0.21730102614013094
19,0.21730102614013094
19,0.21730102614013094
19,0.21730102614013094
19,0.21730102614013094
19,0.21730102614013094
19,0.21730102614013094
19,0.21730102614013094
19,0.21730102614013094
19,0.21730102614013094
19,0.21730102614013094
19,0.21730102614013094
19,0.21730102614013094
19,0.21730102614013094
19,0.21730102614013094
19,0.21730102614013094
19,0.21730102614013094
19,0.21730102614013094
19,0.21730102614013094
19,0.21730102614013094
19,0.21730102614013094
19,0.21730102614013094
19,0.21730102614013094
19,0.21730102614013094
19,0.21730102614013094
19,0.21730102614013094
19,0.21730102614013094
19,0.21730102614013094
19,0.21730102614013094
20,0.21730102614013094
20,0.21730102614013094
20,0.21730102614013094
20,0.21730102614013094
20,0.21730102614013094
20,0.21730102614013094
20,0.21730102614013094
20,0.21730102614013094
20,0.21730102614013094
20,0.21730102614013094
20,0.21730102614013094
20,0.21730102614013094
20,0.21730102614013094
20,0.21730102614013094
20,0.21730102614013094
20,0.21730102614013094
20,0.21730102614013094
20,0.21730102614013094
20,0.21730102614013094
20,0.21730102614013094
20,0.21730102614013094
20,0.21730102614013094
20,0.21730102614013094
20,0.21730102614013094
20,0.21730102614013094
20,0.21730102614013094
20,0.21730102614013094
20,0.21730102614013094
20,0.21730102614013094
20,0.21730102614013094
20,0.21730102614013094
20,0.21730102614013094
20,0.21730102614013094
20,0.21730102614013094
20,0.21730102614013094
20,0.21730102614013094
20,0.21730102614013094
20,0.21730102614013094
20,0.21730102614013094
20,0.21730102614013094
20,0.21730102614013094
21,0.21730102614013094
21,0.21730102614013094
21,0.21730102614013094
21,0.21730102614013094
21,0.21730102614013094
21,0.21730102614013094
21,0.21730102614013094
21,0.21730102614013094
21,0.21730102614013094
21,0.21730102614013094
21,0.21730102614013094
21,0.21730102614013094
21,0.21730102614013094
21,0.21730102614013094
21,0.21730102614013094
21,0.21730102614013094
21,0.21730102614013094
21,0.21730102614013094
21,0.21730102614013094
21,0.21730102614013094
21,0.21730102614013094
21,0.21730102614013094
21,0.21730102614013094
21,0.21730102614013094
21,0.21730102614013094
21,0.21730102614013094
21,0.21730102614013094
21,0.21730102614013094
21,0.21730102614013094
21,0.21730102614013094
21,0.21730102614013094
21,0.21730102614013094
21,0.21730102614013094
21,0.21730102614013094
21,0.21730102614013094
21,0.21730102614013094
21,0.21730102614013094
21,0.21730102614013094
21,0.21730102614013094
22,0.21730102614013094
22,0.21730102614013094
22,0.21730102614013094
22,0.21730102614013094
22,0.21730102614013094
22,0.21730102614013094
22,0.21730102614013094
22,0.21730102614013094
22,0.21730102614013094
22,0.21730102614013094
22,0.21730102614013094
22,0.21730102614013094
22,0.21730102614013094
22,0.21730102614013094
22,0.21730102614013094
22,0.21730102614013094
22,0.21730102614013094
22,0.21730102614013094
22,0.21730102614013094
22,0.21730102614013094
22,0.21730102614013094
22,0.21730102614013094
22,0.21730102614013094
22,0.21730102614013094
22,0.21730102614013094
22,0.21730102614013094
22,0.21730102614013094
22,0.21730102614013094
22,0.21730102614013094
22,0.21730102614013094
22,0.21730102614013094
22,0.21730102614013094
22,0.21730102614013094
22,0.21730102614013094
22,0.21730102614013094
22,0.21730102614013094
22,0.21730102614013094
22,0.21730102614013094
22,0.21730102614013094
23,0.21730102614013094
23,0.21730102614013094
23,0.21730102614013094
23,0.21730102614013094
23,0.21730102614013094
23,0.21730102614013094
23,0.21730102614013094
23,0.21730102614013094
23,0.21730102614013094
23,0.21730102614013094
23,0.21730102614013094
23,0.21730102614013094
23,0.21730102614013094
23,0.21730102614013094
23,0.21730102614013094
23,0.21730102614013094
23,0.21730102614013094
23,0.21730102614013094
23,0.21730102614013094
23,0.21730102614013094
23,0.21730102614013094
23,0.21730102614013094
23,0.21730102614013094
23,0.21730102614013094
23,0.21730102614013094
23,0.21730102614013094
23,0.21730102614013094
23,0.21730102614013094
23,0.21730102614013094
23,0.21730102614013094
23,0.21730102614013094
23,0.21730102614013094
23,0.21730102614013094
23,0.21730102614013094
23,0.21730102614013094
23,0.21730102614013094
23,0.21730102614013094
23,0.21730102614013094
23,0.21730102614013094
23,0.21730102614013094
23,0.21730102614013094
23,0.21730102614013094
23,0.21730102614013094
23,0.21730102614013094
23,0.21730102614013094
23,0.21730102614013094
24,0.21730102614013094
24,0.21730102614013094
24,0.21730102614013094
24,0.21730102614013094
24,0.21730102614013094
24,0.21730102614013094
24,0.21730102614013094
24,0.21730102614013094
24,0.21730102614013094
24,0.21730102614013094
24,0.21730102614013094
24,0.21730102614013094
24,0.21730102614013094
24,0.21730102614013094
24,0.21730102614013094
24,0.21730102614013094
24,0.21730102614013094
24,0.21730102614013094
24,0.21730102614013094
24,0.21730102614013094
24,0.21730102614013094
24,0.21730102614013094
24,0.21730102614013094
24,0.21730102614013094
24,0.21730102614013094
24,0.21730102614013094
24,0.21730102614013094
24,0.21730102614013094
24,0.21730102614013094
24,0.21730102614013094
24,0.21730102614013094
24,0.21730102614013094
24,0.21730102614013094
24,0.21730102614013094
24,0.21730102614013094
24,0.21730102614013094
24,0.21730102614013094
24,0.21730102614013094
24,0.21730102614013094
24,0.21730102614013094
24,0.21730102614013094
24,0.21730102614013094
24,0.21730102614013094
24,0.21730102614013094
24,0.21730102614013094
25,0.21730102614013094
25,0.21730102614013094
25,0.21730102614013094
25,0.21730102614013094
25,0.21730102614013094
25,0.21730102614013094
25,0.21730102614013094
25,0.21730102614013094
25,0.21730102614013094
25,0.21730102614013094
25,0.21730102614013094
25,0.21730102614013094
25,0.21730102614013094
25,0.21730102614013094
25,0.21730102614013094
25,0.21730102614013094
25,0.21730102614013094
25,0.21730102614013094
25,0.21730102614013094
25,0.21730102614013094
25,0.21730102614013094
25,0.21730102614013094
25,0.21730102614013094
25,0.21730102614013094
25,0.21730102614013094
25,0.21730102614013094
25,0.21730102614013094
25,0.21730102614013094
25,0.21730102614013094
25,0.21730102614013094
25,0.21730102614013094
25,0.21730102614013094
25,0.21730102614013094
25,0.21730102614013094
25,0.21730102614013094
25,0.21730102614013094
25,0.21730102614013094
25,0.21730102614013094
25,0.21730102614013094
25,0.21730102614013094
25,0.21730102614013094
25,0.21730102614013094
25,0.21730102614013094
25,0.21730102614013094
25,0.21730102614013094
25,0.21730102614013094
26,0.21730102614013094
26,0.21730102614013094
26,0.21730102614013094
26,0.21730102614013094
26,0.21730102614013094
26,0.21730102614013094
26,0.21730102614013094
26,0.21730102614013094
26,0.21730102614013094
26,0.21730102614013094
26,0.21730102614013094
26,0.21730102614013094
26,0.21730102614013094
26,0.21730102614013094
26,0.21730102614013094
26,0.21730102614013094
26,0.21730102614013094
26,0.21730102614013094
26,0.21730102614013094
26,0.21730102614013094
26,0.21730102614013094
26,0.21730102614013094
26,0.21730102614013094
26,0.21730102614013094
26,0.21730102614013094
26,0.21730102614013094
26,0.21730102614013094
26,0.21730102614013094
26,0.21730102614013094
26,0.21730102614013094
26,0.21730102614013094
26,0.21730102614013094
26,0.21730102614013094
26,0.21730102614013094
26,0.21730102614013094
26,0.21730102614013094
26,0.21730102614013094
26,0.21730102614013094
26,0.21730102614013094
26,0.21730102614013094
26,0.21730102614013094
26,0.21730102614013094
26,0.21730102614013094
26,0.21730102614013094
26,0.21730102614013094
26,0.21730102614013094
27,0.21730102614013094
27,0.21730102614013094
27,0.21730102614013094
27,0.21730102614013094
27,0.21730102614013094
27,0.21730102614013094
27,0.21730102614013094
27,0.21730102614013094
27,0.21730102614013094
27,0.21730102614013094
27,0.21730102614013094
27,0.21730102614013094
27,0.21730102614013094
27,0.21730102614013094
27,0.21730102614013094
27,0.21730102614013094
27,0.21730102614013094
27,0.21730102614013094
27,0.21730102614013094
27,0.21730102614013094
27,0.21730102614013094
27,0.21730102614013094
27,0.21730102614013094
27,0.21730102614013094
27,0.21730102614013094
27,0.21730102614013094
27,0.21730102614013094
27,0.21730102614013094
27,0.21730102614013094
27,0.21730102614013094
27,0.21730102614013094
27,0.21730102614013094
27,0.21730102614013094
27,0.21730102614013094
27,0.21730102614013094
27,0.21730102614013094
27,0.21730102614013094
27,0.21730102614013094
27,0.21730102614013094
27,0.21730102614013094
27,0.21730102614013094
27,0.21730102614013094
27,0.21730102614013094
27,0.21730102614013094
27,0.21730102614013094
28,0.21730102614013094
28,0.21730102614013094
28,0.21730102614013094
28,0.21730102614013094
28,0.21730102614013094
28,0.21730102614013094
28,0.21730102614013094
28,0.21730102614013094
28,0.21730102614013094
28,0.21730102614013094
28,0.21730102614013094
28,0.21730102614013094
28,0.21730102614013094
28,0.21730102614013094
28,0.21730102614013094
28,0.21730102614013094
28,0.21730102614013094
28,0.21730102614013094
28,0.21730102614013094
28,0.21730102614013094
28,0.21730102614013094
28,0.21730102614013094
28,0.21730102614013094
28,0.21730102614013094
28,0.21730102614013094
28,0.21730102614013094
28,0.21730102614013094
28,0.21730102614013094
28,0.21730102614013094
28,0.21730102614013094
28,0.21730102614013094
28,0.21730102614013094
28,0.21730102614013094
28,0.21730102614013094
28,0.21730102614013094
28,0.21730102614013094
28,0.21730102614013094
28,0.21730102614013094
29,0.21730102614013094
29,0.21730102614013094
29,0.21730102614013094
29,0.21730102614013094
29,0.21730102614013094
29,0.21730102614013094
29,0.21730102614013094
29,0.21730102614013094
29,0.21730102614013094
29,0.21730102614013094
29,0.21730102614013094
29,0.21730102614013094
29,0.21730102614013094
29,0.21730102614013094
29,0.21730102614013094
29,0.21730102614013094
29,0.21730102614013094
29,0.21730102614013094
29,0.21730102614013094
29,0.21730102614013094
29,0.21730102614013094
29,0.21730102614013094
29,0.21730102614013094
29,0.21730102614013094
29,0.21730102614013094
29,0.21730102614013094
29,0.21730102614013094
29,0.21730102614013094
29,0.21730102614013094
29,0.21730102614013094
30,0.21730102614013094
30,0.21730102614013094
30,0.21730102614013094
30,0.21730102614013094
30,0.21730102614013094
30,0.21730102614013094
30,0.21730102614013094
30,0.21730102614013094
30,0.21730102614013094
30,0.21730102614013094
30,0.21730102614013094
30,0.21730102614013094
30,0.21730102614013094
30,0.21730102614013094
30,0.21730102614013094
30,0.21730102614013094
30,0.21730102614013094
30,0.21730102614013094
30,0.21730102614013094
30,0.21730102614013094
30,0.21730102614013094
30,0.21730102614013094
30,0.21730102614013094
30,0.21730102614013094
30,0.21730102614013094
30,0.21730102614013094
30,0.21730102614013094
30,0.21730102614013094
30,0.21730102614013094
30,0.21730102614013094
30,0.21730102614013094
30,0.21730102614013094
30,0.21730102614013094
30,0.21730102614013094
30,0.21730102614013094
30,0.21730102614013094
30,0.21730102614013094
30,0.21730102614013094
30,0.21730102614013094
31,0.21730102614013094
31,0.21730102614013094
31,0.21730102614013094
31,0.21730102614013094
31,0.21730102614013094
31,0.21730102614013094
31,0.21730102614013094
31,0.21730102614013094
31,0.21730102614013094
31,0.21730102614013094
31,0.21730102614013094
31,0.21730102614013094
31,0.21730102614013094
31,0.21730102614013094
31,0.21730102614013094
31,0.21730102614013094
31,0.21730102614013094
31,0.21730102614013094
31,0.21730102614013094
31,0.21730102614013094
31,0.21730102614013094
31,0.21730102614013094
31,0.21730102614013094
31,0.21730102614013094
31,0.21730102614013094
31,0.21730102614013094
31,0.21730102614013094
31,0.21730102614013094
31,0.21730102614013094
31,0.21730102614013094
31,0.21730102614013094
31,0.21730102614013094
31,0.21730102614013094
31,0.21730102614013094
31,0.21730102614013094
31,0.21730102614013094
31,0.21730102614013094
31,0.21730102614013094
31,0.21730102614013094
31,0.21730102614013094
31,0.21730102614013094
31,0.21730102614013094
32,0.21730102614013094
32,0.21730102614013094
32,0.21730102614013094
32,0.21730102614013094
32,0.21730102614013094
32,0.21730102614013094
32,0.21730102614013094
32,0.21730102614013094
32,0.21730102614013094
32,0.21730102614013094
32,0.21730102614013094
32,0.21730102614013094
32,0.21730102614013094
32,0.21730102614013094
32,0.21730102614013094
32,0.21730102614013094
32,0.21730102614013094
32,0.21730102614013094
32,0.21730102614013094
32,0.21730102614013094
32,0.21730102614013094
32,0.21730102614013094
32,0.21730102614013094
32,0.21730102614013094
32,0.21730102614013094
32,0.21730102614013094
32,0.21730102614013094
32,0.21730102614013094
32,0.21730102614013094
32,0.21730102614013094
32,0.21730102614013094
33,0.21730102614013094
33,0.21730102614013094
33,0.21730102614013094
33,0.21730102614013094
33,0.21730102614013094
33,0.21730102614013094
33,0.21730102614013094
33,0.21730102614013094
33,0.21730102614013094
33,0.21730102614013094
33,0.21730102614013094
33,0.21730102614013094
33,0.21730102614013094
33,0.21730102614013094
33,0.21730102614013094
33,0.21730102614013094
33,0.21730102614013094
33,0.21730102614013094
33,0.21730102614013094
33,0.21730102614013094
33,0.21730102614013094
33,0.21730102614013094
33,0.21730102614013094
33,0.21730102614013094
33,0.21730102614013094
33,0.21730102614013094
33,0.21730102614013094
33,0.21730102614013094
33,0.21730102614013094
33,0.21730102614013094
34,0.21730102614013094
34,0.21730102614013094
34,0.21730102614013094
34,0.21730102614013094
34,0.21730102614013094
34,0.21730102614013094
34,0.21730102614013094
34,0.21730102614013094
34,0.21730102614013094
34,0.21730102614013094
34,0.21730102614013094
34,0.21730102614013094
34,0.21730102614013094
34,0.21730102614013094
34,0.21730102614013094
34,0.21730102614013094
34,0.21730102614013094
34,0.21730102614013094
34,0.21730102614013094
34,0.21730102614013094
34,0.21730102614013094
34,0.21730102614013094
34,0.21730102614013094
34,0.21730102614013094
34,0.21730102614013094
34,0.21730102614013094
34,0.21730102614013094
34,0.21730102614013094
34,0.21730102614013094
34,0.21730102614013094
34,0.21730102614013094
34,0.21730102614013094
35,0.21730102614013094
35,0.21730102614013094
35,0.21730102614013094
35,0.21730102614013094
35,0.21730102614013094
35,0.21730102614013094
35,0.21730102614013094
35,0.21730102614013094
35,0.21730102614013094
35,0.21730102614013094
35,0.21730102614013094
35,0.21730102614013094
35,0.21730102614013094
35,0.21730102614013094
35,0.21730102614013094
35,0.21730102614013094
35,0.21730102614013094
35,0.21730102614013094
35,0.21730102614013094
35,0.21730102614013094
35,0.21730102614013094
35,0.21730102614013094
35,0.21730102614013094
35,0.21730102614013094
35,0.21730102614013094
35,0.21730102614013094
35,0.21730102614013094
35,0.21730102614013094
35,0.21730102614013094
35,0.21730102614013094
35,0.21730102614013094
35,0.21730102614013094
36,0.21730102614013094
36,0.21730102614013094
36,0.21730102614013094
36,0.21730102614013094
36,0.21730102614013094
36,0.21730102614013094
36,0.21730102614013094
36,0.21730102614013094
36,0.21730102614013094
36,0.21730102614013094
36,0.21730102614013094
36,0.21730102614013094
36,0.21730102614013094
36,0.21730102614013094
36,0.21730102614013094
36,0.21730102614013094
36,0.21730102614013094
36,0.21730102614013094
36,0.21730102614013094
36,0.21730102614013094
36,0.21730102614013094
36,0.21730102614013094
36,0.21730102614013094
36,0.21730102614013094
36,0.21730102614013094
36,0.21730102614013094
36,0.21730102614013094
36,0.21730102614013094
36,0.21730102614013094
36,0.21730102614013094
36,0.21730102614013094
36,0.21730102614013094
36,0.21730102614013094
36,0.21730102614013094
36,0.21730102614013094
37,0.21730102614013094
37,0.21730102614013094
37,0.21730102614013094
37,0.21730102614013094
37,0.21730102614013094
37,0.21730102614013094
37,0.21730102614013094
37,0.21730102614013094
37,0.21730102614013094
37,0.21730102614013094
37,0.21730102614013094
37,0.21730102614013094
37,0.21730102614013094
37,0.21730102614013094
37,0.21730102614013094
37,0.21730102614013094
37,0.21730102614013094
37,0.21730102614013094
37,0.21730102614013094
37,0.21730102614013094
37,0.21730102614013094
37,0.21730102614013094
37,0.21730102614013094
37,0.21730102614013094
37,0.21730102614013094
37,0.21730102614013094
37,0.21730102614013094
37,0.21730102614013094
37,0.21730102614013094
37,0.21730102614013094
37,0.21730102614013094
37,0.21730102614013094
37,0.21730102614013094
37,0.21730102614013094
37,0.21730102614013094
37,0.21730102614013094
37,0.21730102614013094
38,0.21730102614013094
38,0.21730102614013094
38,0.21730102614013094
38,0.21730102614013094
38,0.21730102614013094
38,0.21730102614013094
38,0.21730102614013094
38,0.21730102614013094
38,0.21730102614013094
38,0.21730102614013094
38,0.21730102614013094
38,0.21730102614013094
38,0.21730102614013094
38,0.21730102614013094
38,0.21730102614013094
38,0.21730102614013094
38,0.21730102614013094
38,0.21730102614013094
38,0.21730102614013094
38,0.21730102614013094
38,0.21730102614013094
38,0.21730102614013094
38,0.21730102614013094
38,0.21730102614013094
38,0.21730102614013094
38,0.21730102614013094
38,0.21730102614013094
38,0.21730102614013094
38,0.21730102614013094
38,0.21730102614013094
38,0.21730102614013094
38,0.21730102614013094
38,0.21730102614013094
38,0.21730102614013094
38,0.21730102614013094
38,0.21730102614013094
39,0.21730102614013094
39,0.21730102614013094
39,0.21730102614013094
39,0.21730102614013094
39,0.21730102614013094
39,0.21730102614013094
39,0.21730102614013094
39,0.21730102614013094
39,0.21730102614013094
39,0.21730102614013094
39,0.21730102614013094
39,0.21730102614013094
39,0.21730102614013094
39,0.21730102614013094
39,0.21730102614013094
39,0.21730102614013094
39,0.21730102614013094
39,0.21730102614013094
39,0.21730102614013094
39,0.21730102614013094
39,0.21730102614013094
39,0.21730102614013094
39,0.21730102614013094
39,0.21730102614013094
39,0.21730102614013094
39,0.21730102614013094
39,0.21730102614013094
39,0.21730102614013094
39,0.21730102614013094
39,0.21730102614013094
39,0.21730102614013094
39,0.21730102614013094
39,0.21730102614013094
40,0.21730102614013094
40,0.21730102614013094
40,0.21730102614013094
40,0.21730102614013094
40,0.21730102614013094
40,0.21730102614013094
40,0.21730102614013094
40,0.21730102614013094
40,0.21730102614013094
40,0.21730102614013094
40,0.21730102614013094
40,0.21730102614013094
40,0.21730102614013094
40,0.21730102614013094
40,0.21730102614013094
40,0.21730102614013094
40,0.21730102614013094
40,0.21730102614013094
40,0.21730102614013094
40,0.21730102614013094
40,0.21730102614013094
40,0.21730102614013094
40,0.21730102614013094
40,0.21730102614013094
40,0.21730102614013094
40,0.21730102614013094
40,0.21730102614013094
40,0.21730102614013094
40,0.21730102614013094
40,0.21730102614013094
40,0.21730102614013094
40,0.21730102614013094
40,0.21730102614013094
40,0.21730102614013094
40,0.21730102614013094
41,0.21730102614013094
41,0.21730102614013094
41,0.21730102614013094
41,0.21730102614013094
41,0.21730102614013094
41,0.21730102614013094
41,0.21730102614013094
41,0.21730102614013094
41,0.21730102614013094
41,0.21730102614013094
41,0.21730102614013094
41,0.21730102614013094
41,0.21730102614013094
41,0.21730102614013094
41,0.21730102614013094
41,0.21730102614013094
41,0.21730102614013094
41,0.21730102614013094
41,0.21730102614013094
41,0.21730102614013094
41,0.21730102614013094
41,0.21730102614013094
41,0.21730102614013094
41,0.21730102614013094
41,0.21730102614013094
41,0.21730102614013094
41,0.21730102614013094
41,0.21730102614013094
41,0.21730102614013094
41,0.21730102614013094
41,0.21730102614013094
41,0.21730102614013094
41,0.21730102614013094
41,0.21730102614013094
41,0.21730102614013094
41,0.21730102614013094
41,0.21730102614013094
41,0.21730102614013094
41,0.21730102614013094
41,0.21730102614013094
41,0.21730102614013094
41,0.21730102614013094
41,0.21730102614013094
41,0.21730102614013094
42,0.21730102614013094
42,0.21730102614013094
42,0.21730102614013094
42,0.21730102614013094
42,0.21730102614013094
42,0.21730102614013094
42,0.21730102614013094
42,0.21730102614013094
42,0.21730102614013094
42,0.21730102614013094
42,0.21730102614013094
42,0.21730102614013094
42,0.21730102614013094
42,0.21730102614013094
42,0.21730102614013094
42,0.21730102614013094
42,0.21730102614013094
42,0.21730102614013094
42,0.21730102614013094
42,0.21730102614013094
42,0.21730102614013094
42,0.21730102614013094
42,0.21730102614013094
42,0.21730102614013094
42,0.21730102614013094
42,0.21730102614013094
42,0.21730102614013094
42,0.21730102614013094
42,0.21730102614013094
42,0.21730102614013094
42,0.21730102614013094
42,0.21730102614013094
43,0.21730102614013094
43,0.21730102614013094
43,0.21730102614013094
43,0.21730102614013094
43,0.21730102614013094
43,0.21730102614013094
43,0.21730102614013094
43,0.21730102614013094
43,0.21730102614013094
43,0.21730102614013094
43,0.21730102614013094
43,0.21730102614013094
43,0.21730102614013094
43,0.21730102614013094
43,0.21730102614013094
43,0.21730102614013094
43,0.21730102614013094
43,0.21730102614013094
43,0.21730102614013094
43,0.21730102614013094
43,0.21730102614013094
43,0.21730102614013094
43,0.21730102614013094
43,0.21730102614013094
43,0.21730102614013094
44,0.21730102614013094
44,0.21730102614013094
44,0.21730102614013094
44,0.21730102614013094
44,0.21730102614013094
44,0.21730102614013094
44,0.21730102614013094
44,0.21730102614013094
44,0.21730102614013094
44,0.21730102614013094
44,0.21730102614013094
44,0.21730102614013094
44,0.21730102614013094
44,0.21730102614013094
44,0.21730102614013094
44,0.21730102614013094
44,0.21730102614013094
44,0.21730102614013094
44,0.21730102614013094
44,0.21730102614013094
44,0.21730102614013094
44,0.21730102614013094
44,0.21730102614013094
44,0.21730102614013094
44,0.21730102614013094
44,0.21730102614013094
44,0.21730102614013094
44,0.21730102614013094
44,0.21730102614013094
44,0.21730102614013094
44,0.21730102614013094
44,0.21730102614013094
44,0.21730102614013094
44,0.21730102614013094
44,0.21730102614013094
44,0.21730102614013094
44,0.21730102614013094
44,0.21730102614013094
45,0.21730102614013094
45,0.21730102614013094
45,0.21730102614013094
45,0.21730102614013094
45,0.21730102614013094
45,0.21730102614013094
45,0.21730102614013094
45,0.21730102614013094
45,0.21730102614013094
45,0.21730102614013094
45,0.21730102614013094
45,0.21730102614013094
45,0.21730102614013094
45,0.21730102614013094
45,0.21730102614013094
45,0.21730102614013094
45,0.21730102614013094
45,0.21730102614013094
45,0.21730102614013094
45,0.21730102614013094
45,0.21730102614013094
45,0.21730102614013094
45,0.21730102614013094
45,0.21730102614013094
45,0.21730102614013094
45,0.21730102614013094
45,0.21730102614013094
45,0.21730102614013094
45,0.21730102614013094
45,0.21730102614013094
45,0.21730102614013094
45,0.21730102614013094
45,0.21730102614013094
45,0.21730102614013094
45,0.21730102614013094
45,0.21730102614013094
45,0.21730102614013094
45,0.21730102614013094
45,0.21730102614013094
45,0.21730102614013094
46,0.21730102614013094
46,0.21730102614013094
46,0.21730102614013094
46,0.21730102614013094
46,0.21730102614013094
46,0.21730102614013094
46,0.21730102614013094
46,0.21730102614013094
46,0.21730102614013094
46,0.21730102614013094
46,0.21730102614013094
46,0.21730102614013094
46,0.21730102614013094
46,0.21730102614013094
46,0.21730102614013094
46,0.21730102614013094
46,0.21730102614013094
46,0.21730102614013094
46,0.21730102614013094
46,0.21730102614013094
46,0.21730102614013094
46,0.21730102614013094
46,0.21730102614013094
46,0.21730102614013094
46,0.21730102614013094
46,0.21730102614013094
46,0.21730102614013094
46,0.21730102614013094
46,0.21730102614013094
46,0.21730102614013094
46,0.21730102614013094
46,0.21730102614013094
46,0.21730102614013094
46,0.21730102614013094
46,0.21730102614013094
46,0.21730102614013094
46,0.21730102614013094
46,0.21730102614013094
46,0.21730102614013094
46,0.21730102614013094
46,0.21730102614013094
46,0.21730102614013094
47,0.21730102614013094
47,0.21730102614013094
47,0.21730102614013094
47,0.21730102614013094
47,0.21730102614013094
47,0.21730102614013094
47,0.21730102614013094
47,0.21730102614013094
47,0.21730102614013094
47,0.21730102614013094
47,0.21730102614013094
47,0.21730102614013094
47,0.21730102614013094
47,0.21730102614013094
47,0.21730102614013094
47,0.21730102614013094
47,0.21730102614013094
47,0.21730102614013094
47,0.21730102614013094
47,0.21730102614013094
47,0.21730102614013094
47,0.21730102614013094
47,0.21730102614013094
47,0.21730102614013094
47,0.21730102614013094
47,0.21730102614013094
47,0.21730102614013094
47,0.21730102614013094
47,0.21730102614013094
47,0.21730102614013094
47,0.21730102614013094
47,0.21730102614013094
47,0.21730102614013094
47,0.21730102614013094
48,0.21730102614013094
48,0.21730102614013094
48,0.21730102614013094
48,0.21730102614013094
48,0.21730102614013094
48,0.21730102614013094
48,0.21730102614013094
48,0.21730102614013094
48,0.21730102614013094
48,0.21730102614013094
48,0.21730102614013094
48,0.21730102614013094
48,0.21730102614013094
48,0.21730102614013094
48,0.21730102614013094
48,0.21730102614013094
48,0.21730102614013094
48,0.21730102614013094
48,0.21730102614013094
48,0.21730102614013094
48,0.21730102614013094
48,0.21730102614013094
48,0.21730102614013094
48,0.21730102614013094
48,0.21730102614013094
48,0.21730102614013094
48,0.21730102614013094
48,0.21730102614013094
48,0.21730102614013094
48,0.21730102614013094
48,0.21730102614013094
49,0.21730102614013094
49,0.21730102614013094
49,0.21730102614013094
49,0.21730102614013094
49,0.21730102614013094
49,0.21730102614013094
49,0.21730102614013094
49,0.21730102614013094
49,0.21730102614013094
49,0.21730102614013094
49,0.21730102614013094
49,0.21730102614013094
49,0.21730102614013094
49,0.21730102614013094
49,0.21730102614013094
49,0.21730102614013094
49,0.21730102614013094
49,0.21730102614013094
49,0.21730102614013094
49,0.21730102614013094
49,0.21730102614013094
49,0.21730102614013094
49,0.21730102614013094
49,0.21730102614013094
49,0.21730102614013094
49,0.21730102614013094
49,0.21730102614013094
49,0.21730102614013094
49,0.21730102614013094
49,0.21730102614013094
49,0.21730102614013094
49,0.21730102614013094
49,0.21730102614013094
49,0.21730102614013094
49,0.21730102614013094
49,0.21730102614013094
49,0.21730102614013094
49,0.21730102614013094
49,0.21730102614013094
49,0.21730102614013094
49,0.21730102614013094
50,0.21730102614013094
50,0.21730102614013094
50,0.21730102614013094
50,0.21730102614013094
50,0.21730102614013094
50,0.21730102614013094
50,0.21730102614013094
50,0.21730102614013094
50,0.21730102614013094
50,0.21730102614013094
50,0.21730102614013094
50,0.21730102614013094
50,0.21730102614013094
50,0.21730102614013094
50,0.21730102614013094
50,0.21730102614013094
50,0.21730102614013094
50,0.21730102614013094
50,0.21730102614013094
50,0.21730102614013094
50,0.21730102614013094
50,0.21730102614013094
50,0.21730102614013094
50,0.21730102614013094
50,0.21730102614013094
50,0.21730102614013094
50,0.21730102614013094
50,0.21730102614013094
50,0.21730102614013094
50,0.21730102614013094
50,0.21730102614013094
50,0.21730102614013094
50,0.21730102614013094
50,0.21730102614013094
50,0.21730102614013094
50,0.21730102614013094
50,0.21730102614013094
50,0.21730102614013094
50,0.21730102614013094
50,0.21730102614013094
50,0.21730102614013094
51,0.21730102614013094
51,0.21730102614013094
51,0.21730102614013094
51,0.21730102614013094
51,0.21730102614013094
51,0.21730102614013094
51,0.21730102614013094
51,0.21730102614013094
51,0.21730102614013094
51,0.21730102614013094
51,0.21730102614013094
51,0.21730102614013094
51,0.21730102614013094
51,0.21730102614013094
51,0.21730102614013094
51,0.21730102614013094
51,0.21730102614013094
51,0.21730102614013094
51,0.21730102614013094
51,0.21730102614013094
51,0.21730102614013094
51,0.21730102614013094
51,0.21730102614013094
51,0.21730102614013094
51,0.21730102614013094
51,0.21730102614013094
51,0.21730102614013094
51,0.21730102614013094
51,0.21730102614013094
51,0.21730102614013094
51,0.21730102614013094
51,0.21730102614013094
51,0.21730102614013094
51,0.21730102614013094
51,0.21730102614013094
51,0.21730102614013094
51,0.21730102614013094
51,0.21730102614013094
51,0.21730102614013094
51,0.21730102614013094
52,0.21730102614013094
52,0.21730102614013094
52,0.21730102614013094
52,0.21730102614013094
52,0.21730102614013094
52,0.21730102614013094
52,0.21730102614013094
52,0.21730102614013094
52,0.21730102614013094
52,0.21730102614013094
52,0.21730102614013094
52,0.21730102614013094
52,0.21730102614013094
52,0.21730102614013094
52,0.21730102614013094
52,0.21730102614013094
52,0.21730102614013094
52,0.21730102614013094
52,0.21730102614013094
52,0.21730102614013094
52,0.21730102614013094
52,0.21730102614013094
52,0.21730102614013094
52,0.21730102614013094
52,0.21730102614013094
52,0.21730102614013094
52,0.21730102614013094
52,0.21730102614013094
52,0.21730102614013094
52,0.21730102614013094
52,0.21730102614013094
52,0.21730102614013094
52,0.21730102614013094
52,0.21730102614013094
52,0.21730102614013094
52,0.21730102614013094
52,0.21730102614013094
52,0.21730102614013094
52,0.21730102614013094
53,0.21730102614013094
53,0.21730102614013094
53,0.21730102614013094
53,0.21730102614013094
53,0.21730102614013094
53,0.21730102614013094
53,0.21730102614013094
53,0.21730102614013094
53,0.21730102614013094
53,0.21730102614013094
53,0.21730102614013094
53,0.21730102614013094
53,0.21730102614013094
53,0.21730102614013094
53,0.21730102614013094
53,0.21730102614013094
53,0.21730102614013094
53,0.21730102614013094
53,0.21730102614013094
53,0.21730102614013094
53,0.21730102614013094
53,0.21730102614013094
53,0.21730102614013094
53,0.21730102614013094
53,0.21730102614013094
53,0.21730102614013094
53,0.21730102614013094
53,0.21730102614013094
53,0.21730102614013094
53,0.21730102614013094
53,0.21730102614013094
53,0.21730102614013094
53,0.21730102614013094
53,0.21730102614013094
53,0.21730102614013094
53,0.21730102614013094
53,0.21730102614013094
53,0.21730102614013094
53,0.21730102614013094
54,0.21730102614013094
54,0.21730102614013094
54,0.21730102614013094
54,0.21730102614013094
54,0.21730102614013094
54,0.21730102614013094
54,0.21730102614013094
54,0.21730102614013094
54,0.21730102614013094
54,0.21730102614013094
54,0.21730102614013094
54,0.21730102614013094
54,0.21730102614013094
54,0.21730102614013094
54,0.21730102614013094
54,0.21730102614013094
54,0.21730102614013094
54,0.21730102614013094
54,0.21730102614013094
54,0.21730102614013094
54,0.21730102614013094
54,0.21730102614013094
54,0.21730102614013094
54,0.21730102614013094
54,0.21730102614013094
54,0.21730102614013094
54,0.21730102614013094
54,0.21730102614013094
54,0.21730102614013094
54,0.21730102614013094
54,0.21730102614013094
54,0.21730102614013094
54,0.21730102614013094
54,0.21730102614013094
55,0.21730102614013094
55,0.21730102614013094
55,0.21730102614013094
55,0.21730102614013094
55,0.21730102614013094
55,0.21730102614013094
55,0.21730102614013094
55,0.21730102614013094
55,0.21730102614013094
55,0.21730102614013094
55,0.21730102614013094
55,0.21730102614013094
55,0.21730102614013094
55,0.21730102614013094
55,0.21730102614013094
55,0.21730102614013094
55,0.21730102614013094
55,0.21730102614013094
55,0.21730102614013094
55,0.21730102614013094
55,0.21730102614013094
55,0.21730102614013094
55,0.21730102614013094
55,0.21730102614013094
55,0.21730102614013094
55,0.21730102614013094
55,0.21730102614013094
55,0.21730102614013094
55,0.21730102614013094
55,0.21730102614013094
55,0.21730102614013094
55,0.21730102614013094
55,0.21730102614013094
55,0.21730102614013094
55,0.21730102614013094
55,0.21730102614013094
55,0.21730102614013094
55,0.21730102614013094
55,0.21730102614013094
56,0.21730102614013094
56,0.21730102614013094
56,0.21730102614013094
56,0.21730102614013094
56,0.21730102614013094
56,0.21730102614013094
56,0.21730102614013094
56,0.21730102614013094
56,0.21730102614013094
56,0.21730102614013094
56,0.21730102614013094
56,0.21730102614013094
56,0.21730102614013094
56,0.21730102614013094
56,0.21730102614013094
56,0.21730102614013094
56,0.21730102614013094
56,0.21730102614013094
56,0.21730102614013094
56,0.21730102614013094
56,0.21730102614013094
56,0.21730102614013094
56,0.21730102614013094
56,0.21730102614013094
56,0.21730102614013094
56,0.21730102614013094
56,0.21730102614013094
56,0.21730102614013094
56,0.21730102614013094
56,0.21730102614013094
56,0.21730102614013094
56,0.21730102614013094
57,0.21730102614013094
57,0.21730102614013094
57,0.21730102614013094
57,0.21730102614013094
57,0.21730102614013094
57,0.21730102614013094
57,0.21730102614013094
57,0.21730102614013094
57,0.21730102614013094
57,0.21730102614013094
57,0.21730102614013094
57,0.21730102614013094
57,0.21715977479055532
57,0.21715949417471364
57,0.21715949417471364
57,0.21715949417471364
57,0.21715949417471364
57,0.21713166352390284
57,0.21713166352390284
57,0.21713166352390284
57,0.2170962435607127
57,0.2170962435607127
57,0.2170962435607127
58,0.21709554854727028
58,0.21709554854727028
58,0.21709554854727028
58,0.21708776610500521
58,0.21708776610500521
58,0.21707828435400892
58,0.21707828435400892
58,0.21707828435400892
58,0.21707828435400892
58,0.21707734280443863
58,0.21707623905396403
58,0.21707623905396403
58,0.21706800619300978
58,0.21706577125895182
58,0.21706577125895182
58,0.21704438973160314
58,0.21704438973160314
58,0.21703914755736395
58,0.21703914755736395
58,0.21703809211873562
58,0.21703809211873562
58,0.21700612408522463
58,0.21700612408522463
58,0.21700612408522463
58,0.21700562270093168
59,0.21700562270093168
59,0.21700562270093168
59,0.21700562270093168
59,0.21700301366057723
59,0.21700301366057723
59,0.21700295175449477
59,0.21700295175449477
59,0.21700295175449477
59,0.21700295175449477
59,0.21700295175449477
59,0.21700294898377886
59,0.21700294898377886
59,0.21700294898377886
59,0.21700294898377886
59,0.21700294898377886
59,0.21700294898377886
59,0.21700294898377886
59,0.2170029264616778
59,0.2170029264616778
59,0.2170029264616778
59,0.2170029264616778
59,0.21700169352479132
59,0.21700169352479132
59,0.21700169352479132
60,0.21700169352479132
60,0.21700169352479132
60,0.21700169352479132
60,0.21699570843917132
60,0.21699570843917132
60,0.21699570843917132
60,0.216994030323816
60,0.216994030323816
60,0.21699348256821568
60,0.21699348256821568
60,0.21699348256821568
60,0.21699348256821568
60,0.21699348256821568
60,0.21699348256821568
60,0.21699348256821568
60,0.21699348256821568
60,0.21699348256821568
60,0.2169894476247444
60,0.2169894476247444
60,0.2169894476247444
60,0.2169894476247444
60,0.2169894476247444
60,0.21698939818930427
60,0.21698939561531055
60,0.21698939561531055
60,0.21698939561531055
60,0.21698939561531055
60,0.21698939561531055
61,0.2169893217857341
61,0.2169893217857341
61,0.2169893217857341
61,0.2169893217857341
61,0.2169893217857341
61,0.2169893217857341
61,0.2169893217857341
61,0.2169893217857341
61,0.2169893217857341
61,0.2169893217857341
61,0.2169893217857341
61,0.21698924332428376
61,0.21698924332428376
61,0.21698924332428376
61,0.21698924332428376
61,0.21698924332428376
61,0.21698924332428376
61,0.21698924332428376
61,0.21698924332428376
61,0.21698924332428376
61,0.2169843916652396
61,0.2169843916652396
61,0.2169843916652396
61,0.2169843916652396
61,0.2169840452944136
61,0.21698300656912534
61,0.21697907428385205
62,0.21697907428385205
62,0.21696335199927394
62,0.21696335199927394
62,0.21695967664896723
62,0.21695967664896723
62,0.21695967664896723
62,0.21695967664896723
62,0.21695967664896723
62,0.21695967664896723
62,0.21695967664896723
62,0.21695967664896723
62,0.2169588041059162
62,0.2169588041059162
62,0.2169588041059162
62,0.2169588041059162
62,0.2169588041059162
62,0.2169588041059162
62,0.21695870513146429
62,0.21695870513146429
62,0.2169585567017555
62,0.21695563791826494
62,0.21695563791826494
62,0.21695563791826494
62,0.21695563791826494
62,0.21695563791826494
62,0.2169555776913336
62,0.2169555776913336
62,0.2169555776913336
63,0.2169555776913336
63,0.2169555776913336
63,0.2169555776913336
63,0.2169555776913336
63,0.2169543124645211
63,0.2169543124645211
63,0.2169543124645211
63,0.21695431133852291
63,0.21695431133852291
63,0.21695431133852291
63,0.21695431133852291
63,0.21695431133852291
63,0.21695431133852291
63,0.21695431133852291
63,0.21695431003214985
63,0.21695431003214985
63,0.21694906797454988
63,0.21694906797454988
63,0.21694906797454988
63,0.21694906797454988
63,0.21694906797454988
63,0.21694906797454988
63,0.21694906797454988
63,0.2169490486361047
63,0.21694825703766457
63,0.21694825703766457
63,0.2169482559686244
63,0.2169482559686244
63,0.2169482559686244
63,0.2169482559686244
63,0.2169482559686244
63,0.2169482559686244
64,0.2169482559686244
64,0.21694824079977934
64,0.21694824079977934
64,0.21694824079977934
64,0.21694824079977934
64,0.21694824079977934
64,0.21694824079977934
64,0.21694824079977934
64,0.21694824006017835
64,0.21694824006017835
64,0.21694824006017835
64,0.21694824006017835
64,0.21694824006017835
64,0.21694824006017835
64,0.21694824006017835
64,0.21694824006017835
64,0.21694824006017835
64,0.2169482369213645
64,0.2169482369213645
64,0.2169482369213645
64,0.2169482369213645
64,0.2169482369213645
64,0.21694823354647316
64,0.21694823354647316
64,0.21694823354647316
64,0.21694823354647316
64,0.21694823354647316
64,0.21694823354647316
64,0.21694823354647316
64,0.21694823354647316
64,0.21694823354647316
64,0.21694823354647316
65,0.21694823189229545
65,0.21694823189229545
65,0.21694823189229545
65,0.21694823189229545
65,0.21694823189229545
65,0.21694823189229545
65,0.21694823189229545
65,0.21694823189229545
65,0.21694823189229545
65,0.21694823189229545
65,0.21694823189229545
65,0.21694823189229545
65,0.21694823189229545
65,0.21694823189229545
65,0.21694821315921803
65,0.21694821315921803
65,0.21694821315921803
65,0.21694821315921803
65,0.21694821315921803
65,0.21694821315921803
65,0.21694821315921803
65,0.21694821315921803
65,0.21694821315921803
65,0.21694821315921803
65,0.21694821315921803
65,0.21694821315921803
65,0.21694821315921803
65,0.21694821155117888
65,0.21694821155117888
65,0.21694821155117888
65,0.21694821155117888
65,0.21694821155117888
65,0.21694821155117888
65,0.21694821155117888
66,0.21694821155117888
66,0.21694821155117888
66,0.21694821155117888
66,0.21694821155117888
66,0.21694821155117888
66,0.21694821155117888
66,0.21694821155117888
66,0.21694821155117888
66,0.21694821155117888
66,0.21694821155117888
66,0.21694821155117888
66,0.21694821155117888
66,0.21694821155117888
66,0.21694821155117888
66,0.21694821155117888
66,0.21694821155117888
66,0.21694821155117888
66,0.21694821155117888
66,0.21694821155117888
66,0.21694821155117888
66,0.21694821155117888
66,0.21694821155117888
66,0.21694821155117888
66,0.21694821155117888
66,0.21694821155117888
66,0.21694821155117888
66,0.21694821155117888
66,0.21694821155117888
66,0.21694821155117888
67,0.21694821155117888
67,0.21694821155117888
67,0.21694821155117888
67,0.21694821155117888
67,0.21694821155117888
67,0.21694821155117888
67,0.21694821155117888
67,0.21694821155117888
67,0.21694821155117888
67,0.21694821155117888
67,0.21694821155117888
67,0.21694821155117888
67,0.21694821155117888
67,0.21694821155117888
67,0.21694821155117888
67,0.21694821155117888
67,0.21694821155117888
67,0.21694821155117888
67,0.21694821155117888
67,0.21694821155117888
67,0.21694821155117888
67,0.21694821155117888
67,0.21694821155117888
67,0.21694821155117888
67,0.21694821155117888
67,0.21694821155117888
67,0.21694821155117888
67,0.21694821155117888
68,0.21694821155117888
68,0.21694821155117888
68,0.21694821155117888
68,0.21694821155117888
68,0.21694821155117888
68,0.21694821155117888
68,0.21694821155117888
68,0.21694821155117888
68,0.21694821155117888
68,0.21694821155117888
68,0.21694821155117888
68,0.21694821155117888
68,0.21694821155117888
68,0.21694821155117888
68,0.21694821155117888
68,0.21694821155117888
68,0.21694821155117888
69,0.21694821155117888
69,0.21694821155117888
69,0.21694821155117888
69,0.21694821155117888
69,0.21694821155117888
69,0.21694821155117888
69,0.21694821155117888
69,0.21694821155117888
69,0.21694821155117888
69,0.21694821155117888
69,0.21694821155117888
69,0.21694821155117888
69,0.21694821155117888
69,0.21694821155117888
69,0.21694821155117888
69,0.21694821155117888
69,0.21694821155117888
69,0.21694821155117888
69,0.21694821155117888
69,0.21694821155117888
69,0.21694821155117888
69,0.21694821155117888
69,0.21694821155117888
70,0.21694821155117888
70,0.21694821155117888
70,0.21694821155117888
70,0.21694821155117888
70,0.21694821155117888
70,0.21694821155117888
70,0.21694821155117888
70,0.21694821155117888
70,0.21694821155117888
70,0.21694821155117888
70,0.21694821155117888
70,0.21694821155117888
70,0.21694821155117888
70,0.21694821155117888
70,0.21694821155117888
70,0.21694821155117888
70,0.21694821155117888
70,0.21694821155117888
70,0.21694821155117888
70,0.21694821155117888
70,0.21694821155117888
70,0.21694821155117888
70,0.21694821155117888
70,0.21694821155117888
70,0.21694821155117888
70,0.21694821155117888
70,0.21694821155117888
70,0.21694821155117888
71,0.21694821155117888
71,0.21694821155117888
71,0.21694821155117888
71,0.21694821155117888
71,0.21694821155117888
71,0.21694821155117888
71,0.21694821155117888
71,0.21694821155117888
71,0.21694821155117888
71,0.21694821155117888
71,0.21694821155117888
71,0.21694821155117888
71,0.21694821155117888
71,0.21694821155117888
71,0.21694821155117888
71,0.21694821155117888
71,0.21694821155117888
71,0.21694821155117888
71,0.21694821155117888
71,0.21694821155117888
71,0.21694821155117888
71,0.21694821155117888
71,0.21694821155117888
71,0.21694821155117888
71,0.21694821155117888
71,0.21694821155117888
71,0.21694821155117888
72,0.21694821155117888
72,0.21694821155117888
72,0.21694821155117888
72,0.21694821155117888
72,0.21694821155117888
72,0.21694821155117888
72,0.21694821155117888
72,0.21694821155117888
72,0.21694821155117888
72,0.21694821155117888
72,0.21694821155117888
72,0.21694821155117888
72,0.21694821155117888
72,0.21694821155117888
72,0.21694821155117888
72,0.21694821155117888
72,0.21694821155117888
72,0.21694821155117888
72,0.21694821155117888
72,0.21694821155117888
72,0.21694821155117888
72,0.21694821155117888
72,0.21694821155117888
72,0.21694821155117888
72,0.21694821155117888
72,0.21694821155117888
72,0.21694821155117888
72,0.21694821155117888
72,0.21694821155117888
72,0.21694821155117888
73,0.21694821155117888
73,0.21694821155117888
73,0.21694821155117888
73,0.21694821155117888
73,0.21694821155117888
73,0.21694821155117888
73,0.21694821155117888
73,0.21694821155117888
73,0.21694821155117888
73,0.21694821155117888
73,0.21694821155117888
73,0.21694821155117888
73,0.21694821155117888
73,0.21694821155117888
73,0.21694821155117888
73,0.21694821155117888
73,0.21694821155117888
73,0.21694821155117888
73,0.21694821155117888
73,0.21694821155117888
73,0.21694821155117888
73,0.21694821155117888
73,0.21694821155117888
73,0.21694821155117888
73,0.21694821155117888
73,0.21694821155117888
73,0.21694821155117888
73,0.21694821155117888
73,0.21694821155117888
74,0.21694821155117888
74,0.21694821155117888
74,0.21694821155117888
74,0.21694821155117888
74,0.21694821155117888
74,0.21694821155117888
74,0.21694821155117888
74,0.21694821155117888
74,0.21694821155117888
74,0.21694821155117888
74,0.21694821155117888
74,0.21694821155117888
74,0.21694821155117888
74,0.21694821155117888
74,0.21694821155117888
74,0.21694821155117888
74,0.21694821155117888
74,0.21694821155117888
74,0.21694821155117888
74,0.21694821155117888
74,0.21694821155117888
74,0.21694821155117888
74,0.21694821155117888
74,0.21694821155117888
74,0.21694821155117888
74,0.21694821155117888
74,0.21694821155117888
74,0.21694821155117888
74,0.21694821155117888
74,0.21694821155117888
74,0.21694821155117888
74,0.21694821155117888
74,0.21694821155117888
74,0.21694821155117888
75,0.21694821155117888
75,0.21694821155117888
75,0.21694821155117888
75,0.21694821155117888
75,0.21694821155117888
75,0.21694821155117888
75,0.21694821155117888
75,0.21694821155117888
75,0.21694821155117888
75,0.21694821155117888
75,0.21694821155117888
75,0.21694821155117888
75,0.21694821155117888
75,0.21694821155117888
75,0.21694821155117888
75,0.21694821155117888
75,0.21694821155117888
75,0.21694821155117888
75,0.21694821155117888
75,0.21694821155117888
75,0.21694821155117888
75,0.21694821155117888
75,0.21694821155117888
75,0.21694821155117888
75,0.21694821155117888
75,0.21694821155117888
75,0.21694821155117888
75,0.21694821155117888
75,0.21694821155117888
75,0.21694821155117888
75,0.21694821155117888
75,0.21694821155117888
75,0.21694821155117888
75,0.21694821155117888
75,0.21694821155117888
75,0.21694821155117888
75,0.21694821155117888
75,0.21694821155117888
75,0.21694821155117888
75,0.21694821155117888
75,0.21694821155117888
75,0.21694821155117888
75,0.21694821155117888
75,0.21694821155117888
75,0.21694821155117888
76,0.21694821155117888
76,0.21694821155117888
76,0.21694821155117888
76,0.21694821155117888
76,0.21694821155117888
76,0.21694821155117888
76,0.21694821155117888
76,0.21694821155117888
76,0.21694821155117888
76,0.21694821155117888
76,0.21694821155117888
76,0.21694821155117888
76,0.21694821155117888
76,0.21694821155117888
76,0.21694821155117888
76,0.21694821155117888
76,0.21694821155117888
76,0.21694821155117888
76,0.21694821155117888
76,0.21694821155117888
76,0.21694821155117888
76,0.21694821155117888
76,0.21694821155117888
76,0.21694821155117888
76,0.21694821155117888
76,0.21694821155117888
76,0.21694821155117888
76,0.21694821155117888
76,0.21694821155117888
76,0.21694821155117888
76,0.21694821155117888
76,0.21694821155117888
76,0.21694821155117888
76,0.21694821155117888
76,0.21694821155117888
76,0.21694821155117888
76,0.21694821155117888
76,0.21694821155117888
76,0.21694821155117888
76,0.21694821155117888
76,0.21694821155117888
76,0.21694821155117888
76,0.21694821155117888
76,0.21694821155117888
76,0.21694821155117888
76,0.21694821155117888
77,0.21694821155117888
77,0.21694821155117888
77,0.21694821155117888
77,0.21694821155117888
77,0.21694821155117888
77,0.21694821155117888
77,0.21694821155117888
77,0.21694821155117888
77,0.21694821155117888
77,0.21694821155117888
77,0.21694821155117888
77,0.21694821155117888
77,0.21694821155117888
77,0.21694821155117888
77,0.21694821155117888
77,0.21694821155117888
77,0.21694821155117888
77,0.21694821155117888
77,0.21694821155117888
77,0.21694821155117888
77,0.21694821155117888
77,0.21694821155117888
77,0.21694821155117888
77,0.21694821155117888
77,0.21694821155117888
77,0.21694821155117888
77,0.21694821155117888
77,0.21694821155117888
77,0.21694821155117888
77,0.21694821155117888
77,0.21694821155117888
77,0.21694821155117888
77,0.21694821155117888
77,0.21694821155117888
77,0.21694821155117888
77,0.21694821155117888
77,0.21694821155117888
77,0.21694821155117888
77,0.21694821155117888
77,0.21694821155117888
77,0.21694821155117888
77,0.21694821155117888
77,0.21694821155117888
77,0.21694821155117888
77,0.21694821155117888
77,0.21694821155117888
78,0.21694821155117888
78,0.21694821155117888
78,0.21694821155117888
78,0.21694821155117888
78,0.21694821155117888
78,0.21694821155117888
78,0.21694821155117888
78,0.21694821155117888
78,0.21694821155117888
78,0.21694821155117888
78,0.21694821155117888
78,0.21694821155117888
78,0.21694821155117888
78,0.21694821155117888
78,0.21694821155117888
78,0.21694821155117888
78,0.21694821155117888
78,0.21694821155117888
78,0.21694821155117888
78,0.21694821155117888
78,0.21694821155117888
78,0.21694821155117888
78,0.21694821155117888
78,0.21694821155117888
78,0.21694821155117888
78,0.21694821155117888
78,0.21694821155117888
78,0.21694821155117888
78,0.21694821155117888
78,0.21694821155117888
78,0.21694821155117888
78,0.21694821155117888
78,0.21694821155117888
78,0.21694821155117888
78,0.21694821155117888
78,0.21694821155117888
78,0.21694821155117888
78,0.21694821155117888
78,0.21694821155117888
78,0.21694821155117888
78,0.21694821155117888
78,0.21694821155117888
78,0.21694821155117888
78,0.21694821155117888
78,0.21694821155117888
78,0.21694821155117888
78,0.21694821155117888
78,0.21694821155117888
79,0.21694821155117888
79,0.21694821155117888
79,0.21694821155117888
79,0.21694821155117888
79,0.21694821155117888
79,0.21694821155117888
79,0.21694821155117888
79,0.21694821155117888
79,0.21694821155117888
79,0.21694821155117888
79,0.21694821155117888
79,0.21694821155117888
79,0.21694821155117888
79,0.21694821155117888
79,0.21694821155117888
79,0.21694821155117888
79,0.21694821155117888
79,0.21694821155117888
79,0.21694821155117888
79,0.21694821155117888
79,0.21694821155117888
79,0.21694821155117888
79,0.21694821155117888
79,0.21694821155117888
79,0.21694821155117888
79,0.21694821155117888
79,0.21694821155117888
79,0.21694821155117888
79,0.21694821155117888
79,0.21694821155117888
79,0.21694821155117888
79,0.21694821155117888
79,0.21694821155117888
79,0.21694821155117888
80,0.21694821155117888
80,0.21694821155117888
80,0.21694821155117888
80,0.21694821155117888
80,0.21694821155117888
80,0.21694821155117888
80,0.21694821155117888
80,0.21694821155117888
80,0.21694821155117888
80,0.21694821155117888
80,0.21694821155117888
80,0.21694821155117888
80,0.21694821155117888
80,0.21694821155117888
80,0.21694821155117888
80,0.21694821155117888
80,0.21694821155117888
80,0.21694821155117888
80,0.21694821155117888
80,0.21694821155117888
80,0.21694821155117888
80,0.21694821155117888
80,0.21694821155117888
80,0.21694821155117888
80,0.21694821155117888
80,0.21694821155117888
80,0.21694821155117888
80,0.21694821155117888
80,0.21694821155117888
80,0.21694821155117888
80,0.21694821155117888
80,0.21694821155117888
80,0.21694821155117888
80,0.21694821155117888
80,0.21694821155117888
81,0.21694821155117888
81,0.21694821155117888
81,0.21694821155117888
81,0.21694821155117888
81,0.21694821155117888
81,0.21694821155117888
81,0.21694821155117888
81,0.21694821155117888
81,0.21694821155117888
81,0.21694821155117888
81,0.21694821155117888
81,0.21694821155117888
81,0.21694821155117888
81,0.21694821155117888
81,0.21694821155117888
81,0.21694821155117888
81,0.21694821155117888
81,0.21694821155117888
81,0.21694821155117888
81,0.21694821155117888
81,0.21694821155117888
81,0.21694821155117888
81,0.21694821155117888
81,0.21694821155117888
81,0.21694821155117888
81,0.21694821155117888
81,0.21694821155117888
81,0.21694821155117888
81,0.21694821155117888
81,0.21694821155117888
81,0.21694821155117888
81,0.21694821155117888
82,0.21694821155117888
82,0.21694821155117888
82,0.21694821155117888
82,0.21694821155117888
82,0.21694821155117888
82,0.21694821155117888
82,0.21694821155117888
82,0.21694821155117888
82,0.21694821155117888
82,0.21694821155117888
82,0.21694821155117888
82,0.21694821155117888
82,0.21694821155117888
82,0.21694821155117888
82,0.21694821155117888
82,0.21694821155117888
82,0.21694821155117888
82,0.21694821155117888
82,0.21694821155117888
82,0.21694821155117888
82,0.21694821155117888
82,0.21694821155117888
82,0.21694821155117888
82,0.21694821155117888
82,0.21694821155117888
82,0.21694821155117888
83,0.21694821155117888
83,0.21694821155117888
83,0.21694821155117888
83,0.21694821155117888
83,0.21694821155117888
83,0.21694821155117888
83,0.21694821155117888
83,0.21694821155117888
83,0.21694821155117888
83,0.21694821155117888
83,0.21694821155117888
83,0.21694821155117888
83,0.21694821155117888
83,0.21694821155117888
83,0.21694821155117888
83,0.21694821155117888
83,0.21694821155117888
83,0.21694821155117888
83,0.21694821155117888
83,0.21694821155117888
83,0.21694821155117888
83,0.21694821155117888
83,0.21694821155117888
83,0.21694821155117888
83,0.21694821155117888
84,0.21694821155117888
84,0.21694821155117888
84,0.21694821155117888
84,0.21694821155117888
84,0.21694821155117888
84,0.21694821155117888
84,0.21694821155117888
84,0.21694821155117888
84,0.21694821155117888
84,0.21694821155117888
84,0.21694821155117888
84,0.21694821155117888
84,0.21694821155117888
84,0.21694821155117888
84,0.21694821155117888
84,0.21694821155117888
84,0.21694821155117888
84,0.21694821155117888
84,0.21694821155117888
84,0.21694821155117888
84,0.21694821155117888
84,0.21694821155117888
84,0.21694821155117888
84,0.21694821155117888
84,0.21694821155117888
84,0.21694821155117888
84,0.21694821155117888
84,0.21694821155117888
84,0.21694821155117888
84,0.21694821155117888
84,0.21694821155117888
84,0.21694821155117888
84,0.21694821155117888
84,0.21694821155117888
84,0.21694821155117888
84,0.21694821155117888
84,0.21694821155117888
84,0.21694821155117888
85,0.21694821155117888
85,0.21694821155117888
85,0.21694821155117888
85,0.21694821155117888
85,0.21694821155117888
85,0.21694821155117888
85,0.21694821155117888
85,0.21694821155117888
85,0.21694821155117888
85,0.21694821155117888
85,0.21694821155117888
85,0.21694821155117888
85,0.21694821155117888
85,0.21694821155117888
85,0.21694821155117888
85,0.21694821155117888
85,0.21694821155117888
85,0.21694821155117888
85,0.21694821155117888
85,0.21694821155117888
85,0.21694821155117888
85,0.21694821155117888
85,0.21694821155117888
85,0.21694821155117888
85,0.21694821155117888
85,0.21694821155117888
85,0.21694821155117888
85,0.21694821155117888
85,0.21694821155117888
85,0.21694821155117888
85,0.21694821155117888
85,0.21694821155117888
85,0.21694821155117888
85,0.21694821155117888
85,0.21694821155117888
85,0.21694821155117888
85,0.21694821155117888
85,0.21694821155117888
85,0.21694821155117888
86,0.21694821155117888
86,0.21694821155117888
86,0.21694821155117888
86,0.21694821155117888
86,0.21694821155117888
86,0.21694821155117888
86,0.21694821155117888
86,0.21694821155117888
86,0.21694821155117888
86,0.21694821155117888
86,0.21694821155117888
86,0.21694821155117888
86,0.21694821155117888
86,0.21694821155117888
86,0.21694821155117888
86,0.21694821155117888
86,0.21694821155117888
86,0.21694821155117888
86,0.21694821155117888
86,0.21694821155117888
86,0.21694821155117888
86,0.21694821155117888
86,0.21694821155117888
86,0.21694821155117888
86,0.21694821155117888
86,0.21694821155117888
87,0.21694821155117888
87,0.21694821155117888
87,0.21694821155117888
87,0.21694821155117888
87,0.21694821155117888
87,0.21694821155117888
87,0.21694821155117888
87,0.21694821155117888
87,0.21694821155117888
87,0.21694821155117888
87,0.21694821155117888
87,0.21694821155117888
87,0.21694821155117888
87,0.21694821155117888
87,0.21694821155117888
87,0.21694821155117888
87,0.21694821155117888
87,0.21694821155117888
87,0.21694821155117888
87,0.21694821155117888
87,0.21694821155117888
87,0.21694821155117888
87,0.21694821155117888
87,0.21694821155117888
87,0.21694821155117888
87,0.21694821155117888
87,0.21694821155117888
87,0.21694821155117888
87,0.21694821155117888
87,0.21694821155117888
87,0.21694821155117888
88,0.21694821155117888
88,0.21694821155117888
88,0.21694821155117888
88,0.21694821155117888
88,0.21694821155117888
88,0.21694821155117888
88,0.21694821155117888
88,0.21694821155117888
88,0.21694821155117888
88,0.21694821155117888
88,0.21694821155117888
88,0.21694821155117888
88,0.21694821155117888
88,0.21694821155117888
88,0.21694821155117888
88,0.21694821155117888
88,0.21694821155117888
88,0.21694821155117888
88,0.21694821155117888
88,0.21694821155117888
88,0.21694821155117888
88,0.21694821155117888
88,0.21694821155117888
88,0.21694821155117888
88,0.21694821155117888
88,0.21694821155117888
88,0.21694821155117888
88,0.21694821155117888
88,0.21694821155117888
88,0.21694821155117888
88,0.21694821155117888
88,0.21694821155117888
88,0.21694821155117888
89,0.21694821155117888
89,0.21694821155117888
89,0.21694821155117888
89,0.21694821155117888
89,0.21694821155117888
89,0.21694821155117888
89,0.21694821155117888
89,0.21694821155117888
89,0.21694821155117888
89,0.21694821155117888
89,0.21694821155117888
89,0.21694821155117888
89,0.21694821155117888
89,0.21694821155117888
89,0.21694821155117888
89,0.21694821155117888
89,0.21694821155117888
89,0.21694821155117888
89,0.21694821155117888
89,0.21694821155117888
89,0.21694821155117888
89,0.21694821155117888
89,0.21694821155117888
89,0.21694821155117888
89,0.21694821155117888
89,0.21694821155117888
89,0.21694821155117888
89,0.21694821155117888
89,0.21694821155117888
89,0.21694821155117888
89,0.21694821155117888
89,0.21694821155117888
89,0.21694821155117888
89,0.21694821155117888
90,0.21694821155117888
90,0.21694821155117888
90,0.21694821155117888
90,0.21694821155117888
90,0.21694821155117888
90,0.21694821155117888
90,0.21694821155117888
90,0.21694821155117888
90,0.21694821155117888
90,0.21694821155117888
90,0.21694821155117888
90,0.21694821155117888
90,0.21694821155117888
90,0.21694821155117888
90,0.21694821155117888
90,0.21694821155117888
90,0.21694821155117888
90,0.21694821155117888
90,0.21694821155117888
90,0.21694821155117888
90,0.21694821155117888
90,0.21694821155117888
90,0.21694821155117888
90,0.21694821155117888
90,0.21694821155117888
90,0.21694821155117888
90,0.21694821155117888
90,0.21694821155117888
91,0.21694821155117888
91,0.21694821155117888
91,0.21694821155117888
91,0.21694821155117888
91,0.21694821155117888
91,0.21694821155117888
91,0.21694821155117888
91,0.21694821155117888
91,0.21694821155117888
91,0.21694821155117888
91,0.21694821155117888
91,0.21694821155117888
91,0.21694821155117888
91,0.21694821155117888
91,0.21694821155117888
91,0.21694821155117888
91,0.21694821155117888
91,0.21694821155117888
91,0.21694821155117888
91,0.21694821155117888
91,0.21694821155117888
91,0.21694821155117888
91,0.21694821155117888
91,0.21694821155117888
91,0.21694821155117888
91,0.21694821155117888
91,0.21694821155117888
91,0.21694821155117888
91,0.21694821155117888
91,0.21694821155117888
92,0.21694821155117888
92,0.21694821155117888
92,0.21694821155117888
92,0.21694821155117888
92,0.21694821155117888
92,0.21694821155117888
92,0.21694821155117888
92,0.21694821155117888
92,0.21694821155117888
92,0.21694821155117888
92,0.21694821155117888
92,0.21694821155117888
92,0.21694821155117888
92,0.21694821155117888
92,0.21694821155117888
92,0.21694821155117888
92,0.21694821155117888
92,0.21694821155117888
92,0.21694821155117888
92,0.21694821155117888
92,0.21694821155117888
92,0.21694821155117888
92,0.21694821155117888
92,0.21694821155117888
92,0.21694821155117888
92,0.21694821155117888
92,0.21694821155117888
92,0.21694821155117888
92,0.21694821155117888
92,0.21694821155117888
92,0.21694821155117888
92,0.21694821155117888
92,0.21694821155117888
92,0.21694821155117888
92,0.21694821155117888
92,0.21694821155117888
92,0.21694821155117888
92,0.21694821155117888
92,0.21694821155117888
92,0.21694821155117888
92,0.21694821155117888
92,0.21694821155117888
92,0.21694821155117888
93,0.21694821155117888
93,0.21694821155117888
93,0.21694821155117888
93,0.21694821155117888
93,0.21694821155117888
93,0.21694821155117888
93,0.21694821155117888
93,0.21694821155117888
93,0.21694821155117888
93,0.21694821155117888
93,0.21694821155117888
93,0.21694821155117888
93,0.21694821155117888
93,0.21694821155117888
93,0.21694821155117888
93,0.21694821155117888
93,0.21694821155117888
93,0.21694821155117888
93,0.21694821155117888
93,0.21694821155117888
93,0.21694821155117888
93,0.21694821155117888
93,0.21694821155117888
93,0.21694821155117888
93,0.21694821155117888
93,0.21694821155117888
93,0.21694821155117888
93,0.21694821155117888
93,0.21694821155117888
93,0.21694821155117888
93,0.21694821155117888
93,0.21694821155117888
93,0.21694821155117888
93,0.21694821155117888
93,0.21694821155117888
93,0.21694821155117888
93,0.21694821155117888
93,0.21694821155117888
93,0.21694821155117888
93,0.21694821155117888
93,0.21694821155117888
93,0.21694821155117888
93,0.21694821155117888
94,0.21694821155117888
94,0.21694821155117888
94,0.21694821155117888
94,0.21694821155117888
94,0.21694821155117888
94,0.21694821155117888
94,0.21694821155117888
94,0.21694821155117888
94,0.21694821155117888
94,0.21694821155117888
94,0.21694821155117888
94,0.21694821155117888
94,0.21694821155117888
94,0.21694821155117888
94,0.21694821155117888
94,0.21694821155117888
94,0.21694821155117888
94,0.21694821155117888
94,0.21694821155117888
94,0.21694821155117888
94,0.21694821155117888
94,0.21694821155117888
94,0.21694821155117888
94,0.21694821155117888
94,0.21694821155117888
94,0.21694821155117888
95,0.21694821155117888
95,0.21694821155117888
95,0.21694821155117888
95,0.21694821155117888
95,0.21694821155117888
95,0.21694821155117888
95,0.21694821155117888
95,0.21694821155117888
95,0.21694821155117888
95,0.21694821155117888
95,0.21694821155117888
95,0.21694821155117888
95,0.21694821155117888
95,0.21694821155117888
95,0.21694821155117888
95,0.21694821155117888
95,0.21694821155117888
95,0.21694821155117888
95,0.21694821155117888
95,0.21694821155117888
95,0.21694821155117888
95,0.21694821155117888
95,0.21694821155117888
95,0.21694821155117888
95,0.21694821155117888
95,0.21694821155117888
95,0.21694821155117888
95,0.21694821155117888
95,0.21694821155117888
95,0.21694821155117888
95,0.21694821155117888
95,0.21694821155117888
95,0.21694821155117888
95,0.21694821155117888
95,0.21694821155117888
95,0.21694821155117888
96,0.21694821155117888
96,0.21694821155117888
96,0.21694821155117888
96,0.21694821155117888
96,0.21694821155117888
96,0.21694821155117888
96,0.21694821155117888
96,0.21694821155117888
96,0.21694821155117888
96,0.21694821155117888
96,0.21694821155117888
96,0.21694821155117888
96,0.21694821155117888
96,0.21694821155117888
96,0.21694821155117888
96,0.21694821155117888
96,0.21694821155117888
96,0.21694821155117888
96,0.21694821155117888
96,0.21694821155117888
96,0.21694821155117888
96,0.21694821155117888
96,0.21694821155117888
96,0.21694821155117888
96,0.21694821155117888
96,0.21694821155117888
97,0.21694821155117888
97,0.21694821155117888
97,0.21694821155117888
97,0.21694821155117888
97,0.21694821155117888
97,0.21694821155117888
97,0.21694821155117888
97,0.21694821155117888
97,0.21694821155117888
97,0.21694821155117888
97,0.21694821155117888
97,0.21694821155117888
97,0.21694821155117888
97,0.21694821155117888
97,0.21694821155117888
97,0.21694821155117888
97,0.21694821155117888
97,0.21694821155117888
97,0.21694821155117888
97,0.21694821155117888
97,0.21694821155117888
97,0.21694821155117888
97,0.21694821155117888
97,0.21694821155117888
97,0.21694821155117888
97,0.21694821155117888
97,0.21694821155117888
97,0.21694821155117888
97,0.21694821155117888
97,0.21694821155117888
97,0.21694821155117888
97,0.21694821155117888
97,0.21694821155117888
97,0.21694821155117888
97,0.21694821155117888
98,0.21694821155117888
98,0.21694821155117888
98,0.21694821155117888
98,0.21694821155117888
98,0.21694821155117888
98,0.21694821155117888
98,0.21694821155117888
98,0.21694821155117888
98,0.21694821155117888
98,0.21694821155117888
98,0.21694821155117888
98,0.21694821155117888
98,0.21694821155117888
98,0.21694821155117888
98,0.21694821155117888
98,0.21694821155117888
98,0.21694821155117888
98,0.21694821155117888
98,0.21694821155117888
98,0.21694821155117888
98,0.21694821155117888
98,0.21694821155117888
98,0.21694821155117888
98,0.21694821155117888
98,0.21694821155117888
98,0.21694821155117888
98,0.21694821155117888
98,0.21694821155117888
98,0.21694821155117888
98,0.21694821155117888
98,0.21694821155117888
99,0.21694821155117888
99,0.21694821155117888
99,0.21694821155117888
99,0.21694821155117888
99,0.21694821155117888
99,0.21694821155117888
99,0.21694821155117888
99,0.21694821155117888
99,0.21694821155117888
99,0.21694821155117888
99,0.21694821155117888
99,0.21694821155117888
99,0.21694821155117888
99,0.21694821155117888
99,0.21694821155117888
99,0.21694821155117888
99,0.21694821155117888
99,0.21694821155117888
99,0.21694821155117888
99,0.21694821155117888
99,0.21694821155117888
99,0.21694821155117888
99,0.21694821155117888
99,0.21694821155117888
99,0.21694821155117888
99,0.21694821155117888
99,0.21694821155117888
99,0.21694821155117888
99,0.21694821155117888
99,0.21694821155117888
99,0.21694821155117888
99,0.21694821155117888
99,0.21694821155117888
99,0.21694821155117888
99,0.21694821155117888
99,0.21694821155117888
99,0.21694821155117888
99,0.21694821155117888
99,0.21694821155117888
100,0.21694821155117888
100,0.21694821155117888
100,0.21694821155117888
100,0.21694821155117888
100,0.21694821155117888
100,0.21694821155117888
100,0.21694821155117888
100,0.21694821155117888
100,0.21694821155117888
100,0.21694821155117888
100,0.21694821155117888
100,0.21694821155117888
100,0.21371318931527777
100,0.21371318931527777
100,0.21371318931527777
100,0.21356611984721144
100,0.21356611984721144
100,0.21356611984721144
100,0.21356611984721144
100,0.21354130384585632
100,0.21354130384585632
100,0.21354130384585632
100,0.21354130384585632
100,0.21354130384585632
100,0.21354130384585632
100,0.21354130384585632
100,0.21354130384585632
100,0.21354130384585632
100,0.21354130384585632
100,0.21354130384585632
100,0.21354130384585632
100,0.21354130384585632
100,0.21354130384585632
100,0.21354130384585632
100,0.21354130384585632
101,0.21354130384585632
101,0.21354130384585632
101,0.21354130384585632
101,0.21354130384585632
101,0.21354130384585632
101,0.21354130384585632
101,0.21354130384585632
101,0.21354130384585632
101,0.21354130384585632
101,0.21354130384585632
101,0.21354130384585632
101,0.21354130384585632
101,0.21354130384585632
101,0.21354130384585632
101,0.21354130384585632
101,0.21354130384585632
101,0.21354130384585632
101,0.21354130384585632
101,0.21354130384585632
101,0.21354130384585632
101,0.21354130384585632
101,0.21354130384585632
101,0.21354130384585632
101,0.21354130384585632
101,0.21354130384585632
101,0.21354130384585632
101,0.21354130384585632
101,0.21354130384585632
102,0.21354130384585632
102,0.21354130384585632
102,0.21354130384585632
102,0.21354130384585632
102,0.21354130384585632
102,0.21354130384585632
102,0.21354130384585632
102,0.21354130384585632
102,0.21354130384585632
102,0.21354130384585632
102,0.21354130384585632
102,0.21354130384585632
102,0.21354130384585632
102,0.21354130384585632
102,0.21354130384585632
102,0.21354130384585632
102,0.21354130384585632
102,0.21354130384585632
102,0.21354130384585632
102,0.21354130384585632
102,0.21354130384585632
102,0.21354130384585632
102,0.21354130384585632
102,0.21354130384585632
102,0.21354130384585632
102,0.21354130384585632
102,0.21354130384585632
102,0.21354130384585632
102,0.21354130384585632
102,0.21354130384585632
102,0.21354130384585632
102,0.21354130384585632
102,0.21354130384585632
103,0.21354130384585632
103,0.21354130384585632
103,0.21354130384585632
103,0.21354130384585632
103,0.21354130384585632
103,0.21354130384585632
103,0.21354130384585632
103,0.21354130384585632
103,0.21354130384585632
103,0.21354130384585632
103,0.21354130384585632
103,0.21354130384585632
103,0.21354130384585632
103,0.21354130384585632
103,0.21354130384585632
103,0.21354130384585632
103,0.21210390640323723
103,0.21210390640323723
103,0.21210129754760018
103,0.2119694002312334
103,0.21174571194170963
103,0.21080569750977027
103,0.21080569750977027
103,0.21078767835885143
103,0.2060603609760106
103,0.2060603609760106
103,0.20598927528674174
103,0.20598927528674174
103,0.20598927528674174
103,0.20597553246000008
103,0.20597553246000008
103,0.20597553246000008
103,0.20597553246000008
103,0.2059581130542048
103,0.2059581130542048
103,0.2059581130542048
103,0.2059579428326703
104,0.2059579428326703
104,0.2059579428326703
104,0.2059579428326703
104,0.2059579428326703
104,0.2059579428326703
104,0.2059579428326703
104,0.2059579428326703
104,0.2059579428326703
104,0.20595595238820688
104,0.20595169878804384
104,0.20595169878804384
104,0.20548866796627505
104,0.2052390660709685
104,0.2052390660709685
104,0.20517496118514875
104,0.20517496118514875
104,0.20517496118514875
104,0.20517496118514875
104,0.20517496118514875
104,0.2051733121642112
104,0.20515076540880917
104,0.20515076540880917
104,0.20515076540880917
104,0.2051486833522381
104,0.2051486833522381
104,0.2051486833522381
104,0.2051486833522381
104,0.2051486833522381
104,0.2051486833522381
104,0.2051486833522381
104,0.20514751257212524
104,0.20514751257212524
104,0.20514751257212524
104,0.20514751257212524
104,0.20514751257212524
104,0.20514746230396771
104,0.20514584370900835
104,0.20514584370900835
104,0.20514584370900835
104,0.20514577449460233
104,0.20514577449460233
104,0.20514577449460233
105,0.20514575824835277
105,0.20514575824835277
105,0.20514575824835277
105,0.20514575824835277
105,0.20514575824835277
105,0.20514575824835277
105,0.20514575824835277
105,0.20514560783362565
105,0.20514560783362565
105,0.20514560783362565
105,0.20514547633001876
105,0.20514547633001876
105,0.20514547633001876
105,0.20514547633001876
105,0.20514547633001876
105,0.20514547633001876
105,0.20514547633001876
105,0.20514547633001876
105,0.20514547633001876
105,0.20514547633001876
105,0.2051433001159364
105,0.2051433001159364
105,0.2051433001159364
105,0.2051433001159364
105,0.2051433001159364
105,0.2051433001159364
105,0.2051433001159364
105,0.2051433001159364
105,0.2051433001159364
105,0.2051433001159364
105,0.2051433001159364
105,0.2051433001159364
105,0.2051433001159364
105,0.2051433001159364
105,0.2051433001159364
105,0.2051433001159364
105,0.2051433001159364
105,0.2051433001159364
106,0.2051433001159364
106,0.2051433001159364
106,0.2051433001159364
106,0.2051433001159364
106,0.2051433001159364
106,0.2051433001159364
106,0.2051433001159364
106,0.2051433001159364
106,0.2051433001159364
106,0.2051433001159364
106,0.2051433001159364
106,0.2051433001159364
106,0.2051433001159364
106,0.2051433001159364
106,0.2051433001159364
106,0.2051433001159364
106,0.2051433001159364
106,0.20514329316289917
106,0.20514329316289917
106,0.20514329316289917
106,0.20514329316289917
106,0.20514329316289917
106,0.20514329316289917
106,0.20514329316289917
106,0.20514329316289917
106,0.20514329316289917
106,0.20514329316289917
106,0.20514329316289917
106,0.20514329316289917
106,0.20514329316289917
106,0.20514329316289917
106,0.20514327947071095
106,0.20514327947071095
106,0.20514327947071095
106,0.20514327947071095
106,0.20514327947071095
106,0.20514327947071095
106,0.20514327947071095
106,0.20514327947071095
106,0.20514327947071095
107,0.20514327947071095
107,0.20514327947071095
107,0.20514327947071095
107,0.20514327947071095
107,0.20514327947071095
107,0.20514327947071095
107,0.20514327947071095
107,0.20514327947071095
107,0.20514327947071095
107,0.20514327947071095
107,0.20514327947071095
107,0.20514327947071095
107,0.20514327947071095
107,0.20514327947071095
107,0.20514327947071095
107,0.20514327947071095
107,0.20514327947071095
107,0.20514327947071095
107,0.20514327947071095
107,0.20514327947071095
107,0.20514327947071095
107,0.20514327947071095
107,0.20514327947071095
107,0.20514327947071095
107,0.20514327947071095
107,0.20514327947071095
107,0.20514327947071095
107,0.20514327947071095
107,0.20514327947071095
107,0.20514327947071095
107,0.20514327947071095
107,0.20514327947071095
107,0.20514327947071095
107,0.20514327947071095
107,0.20514327947071095
107,0.20514327947071095
107,0.20514327947071095
107,0.20514327947071095
107,0.20514327947071095
107,0.20514327947071095
107,0.20514327947071095
107,0.20514327947071095
107,0.20514327947071095
107,0.20514327947071095
107,0.20514327947071095
108,0.20514327947071095
108,0.20514327947071095
108,0.20514327947071095
108,0.20514327947071095
108,0.20514327947071095
108,0.20514327947071095
108,0.20514327947071095
108,0.20514327947071095
108,0.20514327947071095
108,0.20514327947071095
108,0.20514327947071095
108,0.20514327947071095
108,0.20514327947071095
108,0.20514327947071095
108,0.20514327947071095
108,0.20514327947071095
108,0.20514327947071095
108,0.20514327947071095
108,0.20514327947071095
108,0.20514327947071095
108,0.20514327947071095
108,0.20514327947071095
108,0.20514327947071095
108,0.20514327947071095
108,0.20514327947071095
108,0.20514327947071095
108,0.20514327947071095
108,0.20514327947071095
108,0.20514327947071095
108,0.20514327947071095
108,0.20514327947071095
108,0.20514327947071095
108,0.20514327947071095
108,0.20514327947071095
108,0.20514327947071095
108,0.20514327947071095
108,0.20514327947071095
108,0.20514327947071095
108,0.20514327947071095
108,0.20514327947071095
109,0.20514327947071095
109,0.20514327947071095
109,0.20514327947071095
109,0.20514327947071095
109,0.20514327947071095
109,0.20514327947071095
109,0.20514327947071095
109,0.20514327947071095
109,0.20514327947071095
109,0.20514327947071095
109,0.20514327947071095
109,0.20514327947071095
109,0.20514327947071095
109,0.20514327947071095
109,0.20514327947071095
109,0.20514327947071095
109,0.20514327947071095
109,0.20514327947071095
109,0.20514327947071095
109,0.20514327947071095
109,0.20514327947071095
109,0.20514327947071095
109,0.20514327947071095
109,0.20514327947071095
109,0.20514327947071095
109,0.20514327947071095
109,0.20514327947071095
109,0.20514327947071095
109,0.20514327947071095
109,0.20514327947071095
109,0.20514327947071095
109,0.20514327947071095
109,0.20514327947071095
109,0.20514327947071095
109,0.20514327947071095
109,0.20514327947071095
109,0.20514327947071095
109,0.20514327947071095
109,0.20514327947071095
109,0.20514327947071095
109,0.20514327947071095
109,0.20514327947071095
109,0.20514327947071095
109,0.20514327947071095
109,0.20514327947071095
109,0.20514327947071095
110,0.20514327947071095
110,0.20514327947071095
110,0.20514327947071095
110,0.20514327947071095
110,0.20514327947071095
110,0.20514327947071095
110,0.20514327947071095
110,0.20514327947071095
110,0.20514327947071095
110,0.20514327947071095
110,0.20514327947071095
110,0.20514327947071095
110,0.20514327947071095
110,0.20514327947071095
110,0.20514327947071095
110,0.20514327947071095
110,0.20514327947071095
110,0.20514327947071095
110,0.20514327947071095
110,0.20514327947071095
110,0.20514327947071095
110,0.20514327947071095
110,0.20514327947071095
110,0.20514327947071095
110,0.20514327947071095
110,0.20514327947071095
110,0.20514327947071095
110,0.20514327947071095
110,0.20514327947071095
110,0.20514327947071095
110,0.20514327947071095
110,0.20514327947071095
110,0.20514327947071095
110,0.20514327947071095
110,0.20514327947071095
110,0.20514327947071095
110,0.20514327947071095
110,0.20514327947071095
110,0.20514327947071095
110,0.20514327947071095
110,0.20514327947071095
110,0.20514327947071095
110,0.20514327947071095
111,0.20514327947071095
111,0.20514327947071095
111,0.20514327947071095
111,0.20514327947071095
111,0.20514327947071095
111,0.20514327947071095
111,0.20514327947071095
111,0.20514327947071095
111,0.20514327947071095
111,0.20514327947071095
111,0.20514327947071095
111,0.20514327947071095
111,0.20514327947071095
111,0.20514327947071095
111,0.20514327947071095
111,0.20514327947071095
111,0.20514327947071095
111,0.20514327947071095
111,0.20514327947071095
111,0.20514327947071095
111,0.20514327947071095
111,0.20514327947071095
111,0.20514327947071095
111,0.20514327947071095
111,0.20514327947071095
111,0.20514327947071095
111,0.20514327947071095
111,0.20514327947071095
111,0.20514327947071095
111,0.20514327947071095
111,0.20514327947071095
111,0.20514327947071095
111,0.20514327947071095
111,0.20514327947071095
111,0.20514327947071095
111,0.20514327947071095
111,0.20514327947071095
111,0.20514327947071095
111,0.20514327947071095
111,0.20514327947071095
112,0.20514327947071095
112,0.20514327947071095
112,0.20514327947071095
112,0.20514327947071095
112,0.20514327947071095
112,0.20514327947071095
112,0.20514327947071095
112,0.20514327947071095
112,0.20514327947071095
112,0.20514327947071095
112,0.20514327947071095
112,0.20514327947071095
112,0.20514327947071095
112,0.20514327947071095
112,0.20514327947071095
112,0.20514327947071095
112,0.20514327947071095
112,0.20514327947071095
112,0.20514327947071095
112,0.20514327947071095
112,0.20514327947071095
112,0.20514327947071095
112,0.20514327947071095
112,0.20514327947071095
112,0.20514327947071095
112,0.20514327947071095
112,0.20514327947071095
112,0.20514327947071095
112,0.20514327947071095
112,0.20514327947071095
112,0.20514327947071095
112,0.20514327947071095
112,0.20514327947071095
112,0.20514327947071095
112,0.20514327947071095
112,0.20514327947071095
112,0.20514327947071095
112,0.20514327947071095
112,0.20514327947071095
112,0.20514327947071095
112,0.20514327947071095
112,0.20514327947071095
112,0.20514327947071095
112,0.20514327947071095
112,0.20514327947071095
112,0.20514327947071095
112,0.20514327947071095
112,0.20514327947071095
113,0.20514327947071095
113,0.20514327947071095
113,0.20514327947071095
113,0.20514327947071095
113,0.20514327947071095
113,0.20514327947071095
113,0.20514327947071095
113,0.20514327947071095
113,0.20514327947071095
113,0.20514327947071095
113,0.20514327947071095
113,0.20514327947071095
113,0.20514327947071095
113,0.20514327947071095
113,0.20514327947071095
113,0.20514327947071095
113,0.20514327947071095
113,0.20514327947071095
113,0.20514327947071095
113,0.20514327947071095
113,0.20514327947071095
113,0.20514327947071095
113,0.20514327947071095
113,0.20514327947071095
113,0.20514327947071095
113,0.20514327947071095
113,0.20514327947071095
113,0.20514327947071095
113,0.20514327947071095
113,0.20514327947071095
113,0.20514327947071095
113,0.20514327947071095
113,0.20514327947071095
113,0.20514327947071095
113,0.20514327947071095
113,0.20514327947071095
113,0.20514327947071095
113,0.20514327947071095
113,0.20514327947071095
113,0.20514327947071095
113,0.20514327947071095
113,0.20514327947071095
114,0.20514327947071095
114,0.20514327947071095
114,0.20514327947071095
114,0.20514327947071095
114,0.20514327947071095
114,0.20514327947071095
114,0.20514327947071095
114,0.20514327947071095
114,0.20514327947071095
114,0.20514327947071095
114,0.20514327947071095
114,0.20514327947071095
114,0.20514327947071095
114,0.20514327947071095
114,0.20514327947071095
114,0.20514327947071095
114,0.20514327947071095
114,0.20514327947071095
114,0.20514327947071095
114,0.20514327947071095
114,0.20514327947071095
114,0.20514327947071095
114,0.20514327947071095
114,0.20514327947071095
114,0.20514327947071095
114,0.20514327947071095
114,0.20514327947071095
114,0.20514327947071095
114,0.20514327947071095
114,0.20514327947071095
114,0.20514327947071095
114,0.20514327947071095
114,0.20514327947071095
114,0.20514327947071095
114,0.20514327947071095
114,0.20514327947071095
114,0.20514327947071095
114,0.20514327947071095
114,0.20514327947071095
114,0.20514327947071095
114,0.20514327947071095
115,0.20514327947071095
115,0.20514327947071095
115,0.20514327947071095
115,0.20514327947071095
115,0.20514327947071095
115,0.20514327947071095
115,0.20514327947071095
115,0.20514327947071095
115,0.20514327947071095
115,0.20514327947071095
115,0.20514327947071095
115,0.20514327947071095
115,0.20514327947071095
115,0.20514327947071095
115,0.20514327947071095
115,0.20514327947071095
115,0.20514327947071095
115,0.20514327947071095
115,0.20514327947071095
115,0.20514327947071095
115,0.20514327947071095
115,0.20514327947071095
115,0.20514327947071095
115,0.20514327947071095
115,0.20514327947071095
115,0.20514327947071095
115,0.20514327947071095
115,0.20514327947071095
115,0.20514327947071095
115,0.20514327947071095
115,0.20514327947071095
115,0.20514327947071095
115,0.20514327947071095
115,0.20514327947071095
115,0.20514327947071095
115,0.20514327947071095
115,0.20514327947071095
115,0.20514327947071095
115,0.20514327947071095
115,0.20514327947071095
116,0.20514327947071095
116,0.20514327947071095
116,0.20514327947071095
116,0.20514327947071095
116,0.19292589182208159
116,0.19292589182208159
116,0.19288131501418404
116,0.1928202231597716
116,0.18796351281022322
116,0.18796351281022322
116,0.18796351281022322
116,0.18796351281022322
116,0.1876434855109174
116,0.1876434855109174
116,0.18740785802333268
116,0.18740785802333268
116,0.18740785802333268
116,0.18740785802333268
116,0.18740785802333268
116,0.1853037188553087
116,0.1853037188553087
116,0.1853037188553087
116,0.1853037188553087
116,0.1853037188553087
116,0.18522033555600895
116,0.18522033555600895
116,0.18484725690866927
116,0.18484725690866927
116,0.18484725690866927
116,0.18474110799699697
116,0.18474110799699697
116,0.18474110799699697
116,0.18469468674768647
116,0.18469468674768647
116,0.18469468674768647
116,0.18454961378268636
116,0.18454961378268636
116,0.18454961378268636
116,0.18454961378268636
116,0.1845491839148182
116,0.184151175792837
116,0.184151175792837
117,0.184151175792837
117,0.184151175792837
117,0.1840262871473984
117,0.18331996133372283
117,0.18331996133372283
117,0.18331996133372283
117,0.18331279842377662
117,0.17880880218740627
117,0.17880880218740627
117,0.1788087971728497
117,0.1788087971728497
117,0.1787740709128852
117,0.17877405631084473
117,0.17877093821076445
117,0.17877093821076445
117,0.17877085936637474
117,0.17877085936637474
117,0.17872827644190611
117,0.17872827644190611
117,0.17871847753663161
117,0.17871847753663161
117,0.17871847753663161
117,0.1787149546687134
117,0.1787149546687134
117,0.178652679267051
117,0.17859912164696898
117,0.17859912164696898
117,0.17859912164696898
117,0.17859907255433846
117,0.17859619123161188
117,0.17859619123161188
117,0.17859619123161188
117,0.17859619123161188
117,0.17859616272143858
117,0.17859616272143858
117,0.17833140753312432
117,0.17833140753312432
117,0.17833140753312432
117,0.17833140753312432
117,0.17833140753312432
117,0.17833140753312432
118,0.17833140753312432
118,0.17833140753312432
118,0.17833140753312432
118,0.17833140753312432
118,0.17833140753312432
118,0.17833140753312432
118,0.17833140753312432
118,0.17833140753312432
118,0.17833134079513688
118,0.17833134079513688
118,0.17833134079513688
118,0.17832946191897903
118,0.17832946191897903
118,0.17832946191897903
118,0.17832946191897903
118,0.17832946191897903
118,0.17832946191897903
118,0.17832946191897903
118,0.17832946191897903
118,0.17832945680355494
118,0.1783209855523761
118,0.1783209855523761
118,0.1783209855523761
118,0.17829411574135542
118,0.17829411574135542
118,0.17829411574135542
118,0.17829411574135542
118,0.17829401232785366
118,0.17829401232785366
118,0.17829372018390738
118,0.17829372018390738
118,0.17829265632415134
118,0.1782925413754466
118,0.1782925413754466
118,0.1782925413754466
118,0.1782925413754466
118,0.1782925413754466
118,0.1782925413754466
118,0.1782925413754466
118,0.1782925413754466
118,0.17829107414564643
118,0.17829107414564643
118,0.17829107414564643
119,0.17829104260868608
119,0.17829104260868608
119,0.17829104260868608
119,0.17829104260868608
119,0.17829104260868608
119,0.1782910304412325
119,0.1782910304412325
119,0.1782910304412325
119,0.1782910304412325
119,0.1782910304412325
119,0.1782910304412325
119,0.17829102723680038
119,0.17829102723680038
119,0.17829102723680038
119,0.17829102723680038
119,0.17829102723680038
119,0.17828830676253196
119,0.17828830676253196
119,0.17828830676253196
119,0.17828830676253196
119,0.17828830676253196
119,0.17828830676253196
119,0.17828830676253196
119,0.17828830676253196
119,0.17828830676253196
119,0.17828830676253196
119,0.17828828895993773
119,0.17828828895993773
119,0.17828828895993773
119,0.17828828895993773
119,0.17828828895993773
119,0.17828828895993773
119,0.17828828895993773
120,0.17828828895993773
120,0.17828828895993773
120,0.17815590191279068
120,0.17815590191279068
120,0.17815590191279068
120,0.17815590191279068
120,0.17815590191279068
120,0.17815590191279068
120,0.17815590191279068
120,0.17815590191279068
120,0.17815590191279068
120,0.17815590191279068
120,0.17815590191279068
120,0.17815590191279068
120,0.17815590191279068
120,0.17815590191279068
120,0.17815590191279068
120,0.17815590191279068
120,0.17815590107238244
120,0.17815590107238244
120,0.17815590107238244
120,0.17815590107238244
120,0.17815590107238244
120,0.17815590107238244
120,0.17815590107238244
120,0.17815590107238244
120,0.17815590107238244
120,0.17815590107238244
120,0.17815590107238244
120,0.17815590034150194
120,0.17815590034150194
120,0.17815590034150194
120,0.17815590013107557
120,0.17815590013107557
120,0.17815590013107557
120,0.17815590013107557
120,0.17815590013107557
120,0.17815590013107557
120,0.17815590013107557
120,0.17815590013107557
120,0.17815590013107557
120,0.17815590013107557
120,0.17815590013107557
120,0.17815590013107557
121,0.17815590013107557
