1,0.0
0,3018.6167000000005
1,8873.499400000006
2,2930.7503999999976
3,1397.114400000001
4,964.0867000000007
5,775.3547000000005
6,796.4525999999985
7,796.4525999999985
8,813.3983999999984
9,830.3441999999984
10,855.7628999999984
11,847.2899999999984
12,838.8170999999984
13,864.2357999999983
14,872.7086999999983
15,804.9254999999985
16,796.4525999999985
17,830.3441999999984
18,872.7086999999983
19,957.4376999999981
20,940.4918999999982
21,915.0731999999982
22,932.0189999999982
23,889.6544999999983
24,855.7628999999984
25,847.2899999999984
26,864.2357999999983
27,889.6544999999983
28,821.8712999999984
29,838.8170999999984
30,881.1815999999983
31,898.1273999999983
32,889.6544999999983
33,915.0731999999982
34,974.3834999999981
35,855.7628999999984
36,906.6002999999982
37,889.6544999999983
38,881.1815999999983
39,906.6002999999982
40,940.4918999999982
41,974.3834999999981
42,957.4376999999981
43,940.4918999999982
44,923.5460999999982
45,923.5460999999982
46,948.9647999999981
47,948.9647999999981
48,965.9105999999981
49,915.0731999999982
50,991.329299999998
51,1008.275099999998
52,999.802199999998
53,999.802199999998
54,974.3834999999981
55,1008.275099999998
56,1008.275099999998
57,991.329299999998
58,991.329299999998
59,999.802199999998
60,1033.693799999998
61,1016.747999999998
62,1016.747999999998
63,982.8563999999981
64,991.329299999998
65,965.9105999999981
66,948.9647999999981
67,830.3441999999984
68,898.1273999999983
69,915.0731999999982
70,957.4376999999981
71,932.0189999999982
72,991.329299999998
73,1025.220899999998
74,1025.220899999998
75,1016.747999999998
76,1016.747999999998
77,982.8563999999981
78,991.329299999998
79,999.802199999998
80,1016.747999999998
81,1033.693799999998
82,1025.220899999998
83,1033.693799999998
84,991.329299999998
85,1033.693799999998
86,1033.693799999998
87,1025.220899999998
88,1025.220899999998
89,991.329299999998
90,1025.220899999998
91,1016.747999999998
92,1008.275099999998
93,1033.693799999998
94,1016.747999999998
95,1050.639599999998
96,1025.220899999998
97,1008.275099999998
98,1008.275099999998
99,1025.220899999998
100,1016.747999999998
101,1008.275099999998
102,1016.747999999998
103,1025.220899999998
104,1016.747999999998
105,1033.693799999998
106,1008.275099999998
107,1016.747999999998
108,982.8563999999981
109,974.3834999999981
110,974.3834999999981
111,948.9647999999981
112,932.0189999999982
113,999.802199999998
114,991.329299999998
115,999.802199999998
116,991.329299999998
117,999.802199999998
118,881.1815999999983
119,982.8563999999981
120,965.9105999999981
