1,0.0
0,29.210791083803763
1,152.92708273285507
2,147.7722372474779
3,116.843164335215
4,146.05395541901885
5,132.3077007913464
6,144.3356735905598
7,130.58941896288735
8,125.4345734775102
9,137.46254627672357
10,128.8711371344283
11,125.4345734775102
12,137.46254627672357
13,146.05395541901885
14,144.3356735905598
15,120.27972799213308
16,120.27972799213308
17,142.61739176210074
18,127.15285530596924
19,134.02598261980546
20,128.8711371344283
21,132.3077007913464
22,135.74426444826452
23,140.89910993364168
24,146.05395541901885
25,132.3077007913464
26,116.843164335215
27,115.12488250675595
28,118.56144616367403
29,139.18082810518263
30,135.74426444826452
31,147.7722372474779
32,140.89910993364168
33,135.74426444826452
34,135.74426444826452
35,149.49051907593696
36,135.74426444826452
37,139.18082810518263
38,140.89910993364168
39,152.92708273285507
40,142.61739176210074
41,139.18082810518263
42,137.46254627672357
43,149.49051907593696
44,147.7722372474779
45,152.92708273285507
46,149.49051907593696
47,140.89910993364168
48,137.46254627672357
49,146.05395541901885
50,142.61739176210074
51,146.05395541901885
52,140.89910993364168
53,146.05395541901885
54,147.7722372474779
55,139.18082810518263
56,147.7722372474779
57,139.18082810518263
58,139.18082810518263
59,128.8711371344283
60,142.61739176210074
61,142.61739176210074
62,152.92708273285507
63,146.05395541901885
64,137.46254627672357
65,147.7722372474779
66,132.3077007913464
67,140.89910993364168
68,142.61739176210074
69,142.61739176210074
70,154.64536456131412
71,152.92708273285507
72,156.36364638977318
73,142.61739176210074
74,135.74426444826452
75,128.8711371344283
76,134.02598261980546
77,135.74426444826452
78,149.49051907593696
79,139.18082810518263
80,137.46254627672357
81,140.89910993364168
82,142.61739176210074
83,139.18082810518263
84,137.46254627672357
85,128.8711371344283
86,132.3077007913464
87,149.49051907593696
88,151.208800904396
89,139.18082810518263
90,144.3356735905598
91,144.3356735905598
92,140.89910993364168
93,137.46254627672357
94,147.7722372474779
95,135.74426444826452
96,158.08192821823224
97,142.61739176210074
98,132.3077007913464
99,135.74426444826452
100,137.46254627672357
101,152.92708273285507
102,137.46254627672357
103,146.05395541901885
104,139.18082810518263
105,137.46254627672357
106,156.36364638977318
107,147.7722372474779
108,134.02598261980546
109,144.3356735905598
110,140.89910993364168
111,140.89910993364168
112,144.3356735905598
113,144.3356735905598
114,142.61739176210074
115,146.05395541901885
116,135.74426444826452
117,130.58941896288735
118,142.61739176210074
119,130.58941896288735
120,151.208800904396
