1,0.0
0,273421.06902598956
1,603839.8416690165
2,523578.2104469171
3,286127.4181920951
4,279443.0233132002
5,242512.8028506625
6,225930.99849534375
7,194088.0712779199
8,191945.98861958366
9,174340.8696964463
10,138355.0847243752
11,154545.2279729004
12,131760.93156110574
13,112547.15335006457
14,102915.99900578344
15,89274.9068619284
16,58176.335474737585
17,38541.9376840064
18,45665.08722753762
19,45618.72283568129
20,46631.46314888758
21,39594.50156603142
22,37040.79950002518
23,32014.771969137775
24,29985.910779531532
25,22863.211002837717
26,23720.011512668963
27,27852.40658430022
28,24054.055761262716
29,21212.221879237706
30,24955.650662950247
31,23438.57270227524
32,21106.494741600232
33,20858.728623625255
34,17532.572702275225
35,18938.806584300248
36,18412.72862362524
37,13392.98799721267
38,16506.74357867519
39,17695.269669968944
40,15458.23131695533
41,12212.525331475103
42,9813.071959281333
43,11356.847370800097
44,12064.525331475103
45,13129.042272487612
46,13430.881252825115
47,11404.944821643854
48,10059.6863511376
49,7460.974508437575
50,9795.6863511376
51,11428.300742993866
52,8459.910939618836
53,9795.6863511376
54,7569.393998606327
55,10092.525331475103
56,10240.944821643854
57,7741.373770308333
58,7355.511138574105
59,8306.594566583823
60,8306.594566583823
61,8065.823709581394
62,8186.209138082609
63,8306.594566583823
64,7821.438281080179
65,7214.183092906023
66,8335.797372964773
67,7989.797372964775
68,8045.339766744632
69,6758.08540406549
70,7830.797372964775
71,8474.424554304343
72,8367.153357414416
73,7401.712585405061
74,8436.178836862982
75,7587.45841202481
76,7798.221145692166
77,8430.50934669423
78,7482.077045191132
79,6533.644743688031
80,7165.932944690098
81,8133.127979860556
82,4915.975175852285
83,4290.30560801654
84,5005.356542685963
85,6077.932944690098
86,5631.026110521709
87,5362.882010020675
88,5541.644743688031
89,5809.788844189065
90,5899.1702110227425
91,6576.257251595694
92,6066.876207875073
93,6933.572809000087
94,5980.206547762572
95,5720.197567425068
96,7008.542046100709
97,6574.3652461932
98,6232.839778858488
99,6147.45841202481
100,6232.839778858488
101,5805.932944690098
102,6488.983879359522
103,6659.746613026878
104,6574.3652461932
105,6745.127979860556
106,5549.788844189065
107,6745.127979860556
108,4952.119276353319
109,5976.695678357454
110,6147.45841202481
111,6745.127979860556
112,6745.127979860556
113,6062.077045191132
114,6659.746613026878
115,6745.127979860556
116,6659.746613026878
117,5208.263376854353
118,6062.077045191132
119,6488.983879359522
120,6062.077045191132
