1,0.0
0,3.0E9
1,6.2E10
2,6.3E10
3,6.7E10
4,6.2E10
5,6.7E10
6,7.1E10
7,6.3E10
8,6.5E10
9,6.3E10
10,7.3E10
11,7.0E10
12,7.4E10
13,6.4E10
14,5.0E10
15,5.2E10
16,5.1E10
17,5.7E10
18,6.1E10
19,6.4E10
20,7.7E10
21,7.4E10
22,4.8E10
23,6.5E10
24,6.5E10
25,6.2E10
26,6.5E10
27,6.6E10
28,5.7E10
29,6.6E10
30,6.7E10
31,6.6E10
32,6.6E10
33,7.3E10
34,4.9E10
35,6.5E10
36,6.4E10
37,6.5E10
38,6.5E10
39,6.6E10
40,5.7E10
41,6.7E10
42,6.9E10
43,6.9E10
44,6.7E10
45,5.5E10
46,5.6E10
47,5.8E10
48,7.2E10
49,5.1E10
50,6.2E10
51,6.2E10
52,6.9E10
53,6.4E10
54,6.5E10
55,6.0E10
56,6.2E10
57,6.2E10
58,6.3E10
59,6.7E10
60,5.8E10
61,6.9E10
62,6.7E10
63,6.7E10
64,7.0E10
65,7.2E10
66,6.5E10
67,6.7E10
68,7.3E10
69,7.3E10
70,7.6E10
71,6.7E10
72,7.4E10
73,7.5E10
74,8.0E10
75,6.2E10
76,6.4E10
77,6.8E10
78,6.6E10
79,6.2E10
80,4.5E10
81,5.3E10
82,6.2E10
83,6.3E10
84,5.3E10
85,5.8E10
86,6.6E10
87,6.0E10
88,7.1E10
89,7.0E10
90,7.5E10
91,5.8E10
92,7.4E10
93,7.2E10
94,6.8E10
95,6.8E10
96,7.0E10
97,7.0E10
98,7.4E10
99,8.0E10
100,7.4E10
101,6.6E10
102,7.3E10
103,5.6E10
104,6.8E10
105,5.9E10
106,6.8E10
107,7.2E10
108,7.4E10
109,6.9E10
110,7.4E10
111,6.7E10
112,7.3E10
113,7.8E10
114,6.4E10
115,6.1E10
116,7.5E10
117,7.2E10
118,6.0E10
119,6.9E10
120,6.1E10
