1,0.0
0,1794.7521
1,8936.6903
2,4133.959099999999
3,2175.6465000000003
4,1407.0782999999997
5,783.5619
6,493.1155999999993
7,492.8494999999992
8,492.8494999999992
9,501.81039999999916
10,483.8885999999992
11,492.8494999999992
12,492.8494999999992
13,474.9276999999992
14,474.9276999999992
15,483.8885999999992
16,492.8494999999992
17,483.8885999999992
18,492.8494999999992
19,488.04949999999945
20,473.17499999999944
21,473.17499999999944
22,451.4739999999995
23,459.49409999999943
24,459.49409999999943
25,468.1637999999994
26,476.8334999999994
27,459.49409999999943
28,485.50319999999937
29,476.8334999999994
30,476.8334999999994
31,468.1637999999994
32,476.8334999999994
33,476.8334999999994
34,485.50319999999937
35,459.49409999999943
36,468.1637999999994
37,468.1637999999994
38,485.50319999999937
39,459.49409999999943
40,468.1637999999994
41,468.1637999999994
42,485.50319999999937
43,459.49409999999943
44,494.17289999999934
45,442.1546999999995
46,468.1637999999994
47,459.49409999999943
48,476.8334999999994
49,459.49409999999943
50,485.50319999999937
51,468.1637999999994
52,485.50319999999937
53,485.50319999999937
54,468.1637999999994
55,476.8334999999994
56,468.1637999999994
57,485.50319999999937
58,485.50319999999937
59,450.82439999999946
60,485.50319999999937
61,468.1637999999994
62,459.49409999999943
63,476.8334999999994
64,502.8425999999993
65,476.8334999999994
66,468.1637999999994
67,390.1364999999996
68,468.1637999999994
69,442.1546999999995
70,485.50319999999937
71,485.50319999999937
72,476.8334999999994
73,485.50319999999937
74,476.8334999999994
75,494.17289999999934
76,468.1637999999994
77,485.50319999999937
78,476.8334999999994
79,468.1637999999994
80,476.8334999999994
81,450.82439999999946
82,476.8334999999994
83,485.50319999999937
84,468.1637999999994
85,476.8334999999994
86,476.8334999999994
87,476.8334999999994
88,468.1637999999994
89,485.50319999999937
90,468.1637999999994
91,476.8334999999994
92,459.49409999999943
93,476.8334999999994
94,476.8334999999994
95,467.9781999999995
96,454.5757000000006
97,454.5757000000006
98,463.15260000000063
99,471.72950000000066
100,454.5757000000006
101,480.3064000000007
102,437.42190000000056
103,471.72950000000066
104,454.5757000000006
105,463.15260000000063
106,471.72950000000066
107,463.15260000000063
108,471.72950000000066
109,454.5757000000006
110,471.72950000000066
111,463.15260000000063
112,471.72950000000066
113,497.4602000000007
114,480.3064000000007
115,463.15260000000063
116,445.9988000000006
117,454.5757000000006
118,428.84500000000054
119,437.42190000000056
120,437.42190000000056
