1,0.0
0,32.64735474072185
1,137.46254627672357
2,142.61739176210074
3,135.74426444826452
4,146.05395541901885
5,149.49051907593696
6,147.7722372474779
7,152.92708273285507
8,152.92708273285507
9,154.64536456131412
10,151.208800904396
11,151.208800904396
12,151.208800904396
13,149.49051907593696
14,149.49051907593696
15,152.92708273285507
16,147.7722372474779
17,152.92708273285507
18,151.208800904396
19,152.92708273285507
20,151.208800904396
21,154.64536456131412
22,151.208800904396
23,151.208800904396
24,152.92708273285507
25,151.208800904396
26,152.92708273285507
27,151.208800904396
28,151.208800904396
29,151.208800904396
30,151.208800904396
31,151.208800904396
32,152.92708273285507
33,149.49051907593696
34,152.92708273285507
35,151.208800904396
36,151.208800904396
37,152.92708273285507
38,152.92708273285507
39,151.208800904396
40,149.49051907593696
41,151.208800904396
42,147.7722372474779
43,152.92708273285507
44,151.208800904396
45,151.208800904396
46,151.208800904396
47,151.208800904396
48,152.92708273285507
49,152.92708273285507
50,151.208800904396
51,152.92708273285507
52,151.208800904396
53,152.92708273285507
54,152.92708273285507
55,152.92708273285507
56,151.208800904396
57,151.208800904396
58,151.208800904396
59,152.92708273285507
60,152.92708273285507
61,152.92708273285507
62,149.49051907593696
63,152.92708273285507
64,151.208800904396
65,152.92708273285507
66,151.208800904396
67,151.208800904396
68,151.208800904396
69,152.92708273285507
70,152.92708273285507
71,151.208800904396
72,151.208800904396
73,152.92708273285507
74,152.92708273285507
75,151.208800904396
76,151.208800904396
77,152.92708273285507
78,154.64536456131412
79,151.208800904396
80,149.49051907593696
81,151.208800904396
82,152.92708273285507
83,152.92708273285507
84,152.92708273285507
85,152.92708273285507
86,151.208800904396
87,151.208800904396
88,151.208800904396
89,151.208800904396
90,144.3356735905598
91,151.208800904396
92,152.92708273285507
93,149.49051907593696
94,154.64536456131412
95,154.64536456131412
96,151.208800904396
97,154.64536456131412
98,152.92708273285507
99,151.208800904396
100,152.92708273285507
101,151.208800904396
102,152.92708273285507
103,151.208800904396
104,152.92708273285507
105,154.64536456131412
106,154.64536456131412
107,154.64536456131412
108,154.64536456131412
109,151.208800904396
110,152.92708273285507
111,152.92708273285507
112,151.208800904396
113,151.208800904396
114,152.92708273285507
115,152.92708273285507
116,149.49051907593696
117,151.208800904396
118,151.208800904396
119,154.64536456131412
120,152.92708273285507
