1,0.0
0,4578.382597985202
1,14286.198640639801
2,7792.2129536314
3,6529.0997954696
4,7304.377791409795
5,6770.455501051205
6,6819.3227528721045
7,6163.1606121647055
8,5499.988821634695
9,4424.163570495595
10,4488.989957905493
11,3827.038199835704
12,3482.3518876583007
13,3305.8628039591013
14,3348.7960871274013
15,3391.7293702957013
16,3434.6626534640013
17,3735.1956356421015
18,3735.1956356421015
19,3949.8620514836016
20,3949.8620514836016
21,4250.3950336617
22,3906.9287683153016
23,4035.7286178202016
24,4035.7286178202016
25,4422.128166334898
26,4207.4617504934
27,4379.194883166599
28,4422.128166334898
29,4765.594431681295
30,4679.727865344696
31,4422.128166334898
32,4722.661148512995
33,4851.460998017894
34,4679.727865344696
35,4722.661148512995
36,4980.260847522793
37,4808.527714849594
38,4550.928015839797
39,4121.595184156801
40,4207.4617504934
41,4550.928015839797
42,4121.595184156801
43,4250.3950336617
44,4207.4617504934
45,4851.460998017894
46,4894.394281186193
47,4507.994732671497
48,4765.594431681295
49,5023.194130691092
50,5109.060697027691
51,5066.127413859392
52,4894.394281186193
53,5023.194130691092
54,5023.194130691092
55,4937.327564354493
56,5066.127413859392
57,4937.327564354493
58,5151.993980195991
59,5109.060697027691
60,5194.92726336429
61,5023.194130691092
62,4937.327564354493
63,5066.127413859392
64,5151.993980195991
65,4722.661148512995
66,4293.3283168299995
67,4851.460998017894
68,4808.527714849594
69,4507.994732671497
70,3821.0622019787015
71,4507.994732671497
72,4980.260847522793
73,5151.993980195991
74,5237.86054653259
75,5109.060697027691
76,5066.127413859392
77,4980.260847522793
78,5151.993980195991
79,5151.993980195991
80,5194.92726336429
81,5066.127413859392
82,5023.194130691092
83,5151.993980195991
84,5066.127413859392
85,4980.260847522793
86,5023.194130691092
87,4980.260847522793
88,4851.460998017894
89,4722.661148512995
90,4980.260847522793
91,5151.993980195991
92,5151.993980195991
93,5066.127413859392
94,5109.060697027691
95,5109.060697027691
96,5194.92726336429
97,5023.194130691092
98,5066.127413859392
99,4980.260847522793
100,5151.993980195991
101,5280.79382970089
102,5151.993980195991
103,5151.993980195991
104,5194.92726336429
105,5109.060697027691
106,5066.127413859392
107,5151.993980195991
108,5023.194130691092
109,5194.92726336429
110,5151.993980195991
111,5194.92726336429
112,5194.92726336429
113,5109.060697027691
114,5151.993980195991
115,5151.993980195991
116,5194.92726336429
117,5109.060697027691
118,4851.460998017894
119,4679.727865344696
120,4422.128166334898
