1,49.5
1,49.5
1,49.5
1,49.09999999999995
1,47.8
1,47.8
1,47.8
1,47.8
1,47.8
1,47.8
1,46.90000000000005
1,46.90000000000005
1,46.90000000000005
1,46.8
1,46.400000000000034
1,46.400000000000034
1,46.400000000000034
1,46.400000000000034
1,46.400000000000034
2,46.400000000000034
2,44.900000000000034
2,44.900000000000034
2,44.79999999999999
2,44.79999999999999
2,44.79999999999999
2,44.79999999999999
2,44.79999999999999
2,44.79999999999999
2,44.79999999999999
2,44.79999999999999
2,44.79999999999999
2,44.79999999999999
2,44.79999999999999
2,44.79999999999999
2,44.79999999999999
2,44.79999999999999
2,44.79999999999999
2,44.79999999999999
2,44.79999999999999
2,44.79999999999999
2,44.79999999999999
2,44.79999999999999
2,44.79999999999999
2,44.79999999999999
2,44.79999999999999
2,44.79999999999999
2,44.79999999999999
2,44.79999999999999
2,44.79999999999999
2,44.79999999999999
2,44.79999999999999
2,44.79999999999999
2,44.79999999999999
2,44.79999999999999
2,44.79999999999999
2,44.79999999999999
2,44.79999999999999
2,44.79999999999999
2,44.79999999999999
2,44.79999999999999
3,44.79999999999999
3,44.79999999999999
3,44.79999999999999
3,44.79999999999999
3,44.79999999999999
3,44.79999999999999
3,44.79999999999999
3,44.79999999999999
3,44.79999999999999
3,44.79999999999999
3,44.79999999999999
3,44.79999999999999
3,44.79999999999999
3,44.79999999999999
3,44.79999999999999
3,44.79999999999999
3,44.79999999999999
3,44.79999999999999
3,44.79999999999999
3,44.79999999999999
3,44.79999999999999
3,44.79999999999999
3,44.79999999999999
3,44.79999999999999
3,44.79999999999999
3,44.79999999999999
3,44.79999999999999
3,44.79999999999999
3,44.79999999999999
3,44.79999999999999
3,44.79999999999999
3,44.79999999999999
3,44.79999999999999
3,44.79999999999999
3,44.79999999999999
3,44.79999999999999
3,44.79999999999999
3,44.79999999999999
3,44.79999999999999
3,44.79999999999999
3,44.79999999999999
4,44.79999999999999
4,44.79999999999999
4,44.79999999999999
4,44.79999999999999
4,44.79999999999999
4,44.79999999999999
4,44.79999999999999
4,44.79999999999999
4,44.79999999999999
4,44.79999999999999
4,44.79999999999999
4,44.79999999999999
4,44.79999999999999
4,44.79999999999999
4,44.79999999999999
4,44.79999999999999
4,44.79999999999999
4,44.79999999999999
4,44.79999999999999
4,44.79999999999999
4,44.79999999999999
4,44.79999999999999
4,44.79999999999999
4,44.79999999999999
4,44.79999999999999
4,44.79999999999999
4,44.79999999999999
4,44.79999999999999
4,44.79999999999999
4,44.79999999999999
4,44.79999999999999
4,44.79999999999999
4,44.79999999999999
5,44.79999999999999
5,44.79999999999999
5,44.79999999999999
5,44.79999999999999
5,44.79999999999999
5,44.79999999999999
5,44.79999999999999
5,44.79999999999999
5,44.79999999999999
5,44.79999999999999
5,44.79999999999999
5,44.79999999999999
5,44.79999999999999
5,44.79999999999999
5,44.79999999999999
5,44.79999999999999
5,44.79999999999999
5,44.79999999999999
5,44.79999999999999
5,44.79999999999999
5,44.79999999999999
5,44.79999999999999
5,44.79999999999999
5,44.79999999999999
5,44.79999999999999
5,44.79999999999999
5,44.79999999999999
5,44.79999999999999
5,44.79999999999999
5,44.79999999999999
5,44.79999999999999
6,44.79999999999999
6,44.79999999999999
6,44.79999999999999
6,44.79999999999999
6,44.79999999999999
6,44.79999999999999
6,44.79999999999999
6,44.79999999999999
6,44.79999999999999
6,44.79999999999999
6,44.79999999999999
6,44.79999999999999
6,44.79999999999999
6,44.79999999999999
6,44.79999999999999
6,44.79999999999999
6,44.79999999999999
6,44.79999999999999
6,44.79999999999999
6,44.79999999999999
6,44.79999999999999
6,44.79999999999999
6,44.79999999999999
6,44.79999999999999
6,44.79999999999999
6,44.79999999999999
6,44.79999999999999
6,44.79999999999999
6,44.79999999999999
6,44.79999999999999
6,44.79999999999999
7,44.79999999999999
7,44.79999999999999
7,44.79999999999999
7,44.79999999999999
7,44.79999999999999
7,44.79999999999999
7,44.79999999999999
7,44.79999999999999
7,44.79999999999999
7,44.79999999999999
7,44.79999999999999
7,44.79999999999999
7,44.79999999999999
7,44.79999999999999
7,44.79999999999999
7,44.79999999999999
7,44.79999999999999
7,44.79999999999999
7,44.79999999999999
7,44.79999999999999
7,44.79999999999999
7,44.79999999999999
7,44.79999999999999
7,44.79999999999999
7,44.79999999999999
7,44.79999999999999
7,44.79999999999999
7,44.79999999999999
7,44.79999999999999
7,44.79999999999999
7,44.79999999999999
7,44.79999999999999
7,44.79999999999999
8,44.79999999999999
8,44.79999999999999
8,44.79999999999999
8,44.79999999999999
8,44.79999999999999
8,44.79999999999999
8,44.79999999999999
8,44.79999999999999
8,44.79999999999999
8,44.79999999999999
8,44.79999999999999
8,44.79999999999999
8,44.79999999999999
8,44.79999999999999
8,44.79999999999999
8,44.79999999999999
8,44.79999999999999
8,44.79999999999999
8,44.79999999999999
8,44.099999999999966
8,44.099999999999966
8,44.099999999999966
8,44.099999999999966
8,44.099999999999966
8,44.099999999999966
8,44.099999999999966
8,44.099999999999966
8,44.099999999999966
8,44.099999999999966
8,40.900000000000034
8,40.900000000000034
8,40.900000000000034
8,40.900000000000034
8,40.900000000000034
8,40.900000000000034
8,40.900000000000034
8,40.900000000000034
8,40.900000000000034
8,40.900000000000034
8,40.900000000000034
8,40.900000000000034
9,40.900000000000034
9,40.900000000000034
9,40.900000000000034
9,40.900000000000034
9,40.900000000000034
9,40.900000000000034
9,40.900000000000034
9,40.900000000000034
9,40.900000000000034
9,40.900000000000034
9,40.900000000000034
9,40.900000000000034
9,40.900000000000034
9,40.900000000000034
9,40.900000000000034
9,40.900000000000034
9,40.900000000000034
9,40.900000000000034
9,40.900000000000034
9,40.900000000000034
9,40.900000000000034
9,40.900000000000034
9,40.900000000000034
9,40.900000000000034
9,40.900000000000034
9,40.900000000000034
9,40.900000000000034
9,40.900000000000034
9,40.900000000000034
9,40.900000000000034
9,40.900000000000034
9,40.900000000000034
9,40.900000000000034
9,40.900000000000034
9,40.900000000000034
9,40.900000000000034
9,40.900000000000034
9,40.900000000000034
9,40.900000000000034
9,40.900000000000034
9,40.900000000000034
9,40.900000000000034
9,40.900000000000034
10,40.900000000000034
10,40.900000000000034
10,40.900000000000034
10,40.900000000000034
10,40.900000000000034
10,40.900000000000034
10,40.900000000000034
10,40.900000000000034
10,40.900000000000034
10,40.900000000000034
10,40.900000000000034
10,40.900000000000034
10,40.900000000000034
10,40.900000000000034
10,40.900000000000034
10,40.900000000000034
10,40.900000000000034
10,40.900000000000034
10,40.900000000000034
10,40.900000000000034
10,40.900000000000034
10,40.900000000000034
10,40.900000000000034
10,40.900000000000034
10,40.900000000000034
10,40.900000000000034
10,40.900000000000034
10,40.900000000000034
10,40.900000000000034
10,40.900000000000034
10,40.900000000000034
10,40.900000000000034
10,40.900000000000034
10,40.900000000000034
10,40.900000000000034
11,40.900000000000034
11,40.900000000000034
11,40.900000000000034
11,40.900000000000034
11,40.900000000000034
11,40.900000000000034
11,40.900000000000034
11,40.900000000000034
11,40.900000000000034
11,40.900000000000034
11,40.900000000000034
11,40.900000000000034
11,40.900000000000034
11,40.900000000000034
11,40.900000000000034
11,40.900000000000034
11,40.900000000000034
11,40.900000000000034
11,40.900000000000034
11,40.900000000000034
11,40.900000000000034
11,40.900000000000034
11,40.900000000000034
11,40.900000000000034
11,40.900000000000034
11,40.900000000000034
11,40.900000000000034
11,40.900000000000034
11,40.900000000000034
11,40.900000000000034
11,40.900000000000034
11,40.900000000000034
11,40.900000000000034
11,40.900000000000034
11,40.900000000000034
11,40.900000000000034
11,40.900000000000034
11,40.900000000000034
11,40.900000000000034
11,40.900000000000034
11,40.900000000000034
12,40.900000000000034
12,40.900000000000034
12,40.900000000000034
12,40.900000000000034
12,40.900000000000034
12,40.900000000000034
12,40.900000000000034
12,40.900000000000034
12,40.0
12,40.0
12,40.0
12,40.0
12,40.0
12,40.0
12,40.0
12,40.0
12,40.0
12,39.70000000000003
12,39.70000000000003
12,39.70000000000003
12,39.70000000000003
12,39.599999999999966
12,39.599999999999966
12,39.599999999999966
12,39.599999999999966
12,39.599999999999966
12,39.599999999999966
12,39.599999999999966
12,39.599999999999966
12,37.79999999999997
12,37.79999999999997
12,37.79999999999997
12,37.79999999999997
12,37.79999999999997
12,37.79999999999997
12,37.79999999999997
12,37.0
12,37.0
12,37.0
12,37.0
12,37.0
12,37.0
12,37.0
12,37.0
13,37.0
13,37.0
13,37.0
13,37.0
13,37.0
13,37.0
13,37.0
13,37.0
13,37.0
13,37.0
13,37.0
13,37.0
13,37.0
13,37.0
13,37.0
13,37.0
13,37.0
13,37.0
13,37.0
13,37.0
13,37.0
13,37.0
13,37.0
13,36.79999999999997
13,36.79999999999997
13,36.79999999999997
13,36.79999999999997
13,36.79999999999997
13,36.79999999999997
13,36.79999999999997
13,36.79999999999997
13,36.79999999999997
13,36.79999999999997
13,36.79999999999997
13,36.79999999999997
13,36.79999999999997
13,36.099999999999966
13,36.099999999999966
13,36.099999999999966
13,36.099999999999966
13,36.099999999999966
13,36.099999999999966
14,36.099999999999966
14,36.099999999999966
14,36.099999999999966
14,36.099999999999966
14,36.099999999999966
14,36.099999999999966
14,36.099999999999966
14,36.099999999999966
14,36.099999999999966
14,36.099999999999966
14,36.099999999999966
14,36.099999999999966
14,36.099999999999966
14,36.099999999999966
14,36.099999999999966
14,36.099999999999966
14,35.5
14,35.5
14,35.5
14,35.5
14,35.5
14,35.5
14,35.5
14,35.5
14,35.5
14,35.5
14,35.5
14,35.299999999999976
14,35.299999999999976
14,35.299999999999976
14,35.299999999999976
14,35.299999999999976
14,35.299999999999976
14,35.200000000000024
14,35.200000000000024
14,35.200000000000024
14,35.200000000000024
14,35.200000000000024
14,35.200000000000024
14,35.200000000000024
14,35.200000000000024
15,35.200000000000024
15,35.200000000000024
15,35.200000000000024
15,35.200000000000024
15,35.200000000000024
15,35.200000000000024
15,35.200000000000024
15,35.200000000000024
15,35.200000000000024
15,35.200000000000024
15,35.200000000000024
15,35.200000000000024
15,35.200000000000024
15,35.200000000000024
15,35.200000000000024
15,35.200000000000024
15,35.200000000000024
15,35.200000000000024
15,35.200000000000024
15,35.200000000000024
15,35.200000000000024
15,35.200000000000024
15,35.200000000000024
15,35.200000000000024
15,35.200000000000024
15,35.200000000000024
15,35.200000000000024
15,35.200000000000024
15,35.200000000000024
15,35.200000000000024
15,35.200000000000024
15,35.200000000000024
15,35.200000000000024
15,35.200000000000024
15,35.200000000000024
15,35.200000000000024
15,35.200000000000024
15,35.200000000000024
15,35.200000000000024
15,35.200000000000024
15,35.200000000000024
16,35.200000000000024
16,35.200000000000024
16,35.200000000000024
16,35.200000000000024
16,35.200000000000024
16,35.200000000000024
16,35.200000000000024
16,35.200000000000024
16,35.200000000000024
16,35.200000000000024
16,35.200000000000024
16,35.200000000000024
16,35.200000000000024
16,35.200000000000024
16,35.200000000000024
16,35.200000000000024
16,35.200000000000024
16,35.200000000000024
16,35.200000000000024
16,35.200000000000024
16,35.200000000000024
16,35.200000000000024
16,35.200000000000024
16,35.200000000000024
16,35.200000000000024
16,35.200000000000024
16,35.200000000000024
16,35.200000000000024
16,35.200000000000024
16,35.200000000000024
16,35.200000000000024
16,35.200000000000024
16,35.200000000000024
16,35.200000000000024
16,35.200000000000024
16,35.200000000000024
16,35.200000000000024
16,35.200000000000024
16,35.200000000000024
16,35.200000000000024
17,35.200000000000024
17,35.200000000000024
17,35.200000000000024
17,35.200000000000024
17,35.200000000000024
17,35.200000000000024
17,35.200000000000024
17,35.200000000000024
17,35.200000000000024
17,35.200000000000024
17,35.200000000000024
17,35.200000000000024
17,35.200000000000024
17,35.200000000000024
17,35.200000000000024
17,35.200000000000024
17,35.200000000000024
17,35.200000000000024
17,35.200000000000024
17,35.200000000000024
17,35.200000000000024
17,35.200000000000024
17,35.200000000000024
17,35.200000000000024
17,35.200000000000024
17,35.200000000000024
17,34.700000000000024
17,34.700000000000024
17,34.700000000000024
17,34.700000000000024
17,32.40000000000002
17,32.40000000000002
17,32.40000000000002
17,32.40000000000002
17,32.40000000000002
17,32.40000000000002
17,32.40000000000002
17,32.40000000000002
17,32.40000000000002
18,32.40000000000002
18,32.40000000000002
18,32.40000000000002
18,32.40000000000002
18,32.40000000000002
18,32.40000000000002
18,32.40000000000002
18,32.40000000000002
18,32.40000000000002
18,32.40000000000002
18,32.40000000000002
18,32.40000000000002
18,32.40000000000002
18,32.40000000000002
18,32.40000000000002
18,32.0
18,32.0
18,32.0
18,32.0
18,32.0
18,32.0
18,32.0
18,31.099999999999977
18,31.099999999999977
18,31.099999999999977
18,31.099999999999977
18,30.59999999999998
18,30.59999999999998
18,30.59999999999998
18,30.59999999999998
18,30.59999999999998
18,30.59999999999998
18,30.59999999999998
18,30.59999999999998
18,30.40000000000002
18,30.40000000000002
18,30.40000000000002
18,30.40000000000002
18,30.40000000000002
18,30.299999999999972
18,30.299999999999972
19,30.299999999999972
19,30.299999999999972
19,30.09999999999998
19,30.09999999999998
19,30.09999999999998
19,30.09999999999998
19,30.09999999999998
19,30.09999999999998
19,30.09999999999998
19,30.09999999999998
19,30.09999999999998
19,29.40000000000002
19,29.40000000000002
19,29.40000000000002
19,29.40000000000002
19,29.40000000000002
19,29.40000000000002
19,29.40000000000002
19,29.40000000000002
19,29.40000000000002
19,29.40000000000002
19,29.40000000000002
19,29.40000000000002
19,29.40000000000002
19,29.40000000000002
19,29.40000000000002
19,29.40000000000002
19,29.40000000000002
19,29.40000000000002
19,29.40000000000002
19,29.40000000000002
19,29.40000000000002
19,29.40000000000002
19,29.40000000000002
19,29.40000000000002
19,29.40000000000002
19,29.200000000000028
19,29.200000000000028
19,29.200000000000028
19,29.200000000000028
19,29.200000000000028
19,29.200000000000028
19,29.200000000000028
19,29.0
20,29.0
20,29.0
20,29.0
20,29.0
20,29.0
20,29.0
20,29.0
20,29.0
20,29.0
20,29.0
20,29.0
20,29.0
20,29.0
20,29.0
20,29.0
20,29.0
20,29.0
20,29.0
20,29.0
20,29.0
20,29.0
20,29.0
20,29.0
20,29.0
20,29.0
20,29.0
20,29.0
20,29.0
20,29.0
20,29.0
20,29.0
20,29.0
20,29.0
20,29.0
20,29.0
20,29.0
20,29.0
20,29.0
20,29.0
20,28.799999999999972
20,28.799999999999972
20,28.799999999999972
20,28.799999999999972
20,28.799999999999972
20,28.799999999999972
20,28.799999999999972
21,28.799999999999972
21,28.799999999999972
21,28.799999999999972
21,28.799999999999972
21,28.799999999999972
21,28.799999999999972
21,28.799999999999972
21,28.799999999999972
21,28.799999999999972
21,28.799999999999972
21,28.799999999999972
21,28.799999999999972
21,28.799999999999972
21,28.799999999999972
21,28.799999999999972
21,28.799999999999972
21,28.799999999999972
21,28.799999999999972
21,28.799999999999972
21,28.799999999999972
21,28.799999999999972
21,28.799999999999972
21,28.799999999999972
21,28.799999999999972
21,28.799999999999972
21,28.799999999999972
21,28.799999999999972
21,28.799999999999972
21,28.799999999999972
21,28.799999999999972
21,28.799999999999972
21,28.799999999999972
21,28.799999999999972
21,28.799999999999972
21,28.799999999999972
21,28.799999999999972
21,28.799999999999972
21,28.799999999999972
21,28.799999999999972
21,28.799999999999972
21,28.799999999999972
21,28.799999999999972
21,28.799999999999972
21,28.799999999999972
22,28.799999999999972
22,28.799999999999972
22,28.799999999999972
22,28.799999999999972
22,28.799999999999972
22,28.799999999999972
22,28.799999999999972
22,28.799999999999972
22,28.799999999999972
22,28.799999999999972
22,28.799999999999972
22,28.799999999999972
22,28.799999999999972
22,28.799999999999972
22,28.799999999999972
22,28.799999999999972
22,28.799999999999972
22,28.799999999999972
22,28.799999999999972
22,28.799999999999972
22,28.799999999999972
22,28.799999999999972
22,28.799999999999972
22,28.799999999999972
22,28.799999999999972
22,28.799999999999972
22,28.799999999999972
22,28.799999999999972
22,28.799999999999972
22,28.799999999999972
22,28.799999999999972
22,28.799999999999972
22,28.799999999999972
22,28.799999999999972
22,28.799999999999972
22,28.799999999999972
22,28.799999999999972
22,28.799999999999972
22,28.799999999999972
22,28.799999999999972
22,28.799999999999972
22,28.799999999999972
22,28.799999999999972
22,28.799999999999972
23,28.799999999999972
23,28.799999999999972
23,28.799999999999972
23,28.799999999999972
23,28.799999999999972
23,28.799999999999972
23,28.799999999999972
23,28.799999999999972
23,28.799999999999972
23,28.799999999999972
23,28.799999999999972
23,28.799999999999972
23,28.799999999999972
23,28.799999999999972
23,28.799999999999972
23,28.799999999999972
23,28.799999999999972
23,28.799999999999972
23,28.799999999999972
23,28.799999999999972
23,28.799999999999972
23,28.799999999999972
23,28.799999999999972
23,28.799999999999972
23,28.799999999999972
23,28.799999999999972
23,28.799999999999972
23,28.799999999999972
23,28.799999999999972
23,28.799999999999972
23,28.799999999999972
23,28.799999999999972
23,28.799999999999972
23,28.799999999999972
23,28.799999999999972
23,28.799999999999972
23,28.799999999999972
23,28.799999999999972
23,28.799999999999972
23,28.299999999999976
23,28.299999999999976
23,28.299999999999976
24,28.299999999999976
24,28.299999999999976
24,28.299999999999976
24,28.299999999999976
24,28.299999999999976
24,28.299999999999976
24,28.299999999999976
24,28.099999999999987
24,28.099999999999987
24,28.099999999999987
24,28.099999999999987
24,28.0
24,28.0
24,28.0
24,28.0
24,28.0
24,28.0
24,28.0
24,28.0
24,28.0
24,28.0
24,28.0
24,28.0
24,28.0
24,28.0
24,26.90000000000001
24,26.90000000000001
24,26.90000000000001
24,26.90000000000001
24,26.90000000000001
24,26.90000000000001
24,26.90000000000001
24,26.90000000000001
24,26.90000000000001
24,26.90000000000001
24,26.90000000000001
24,26.90000000000001
24,26.90000000000001
24,26.90000000000001
24,26.90000000000001
24,26.90000000000001
24,26.90000000000001
24,26.90000000000001
24,26.90000000000001
25,26.90000000000001
25,26.90000000000001
25,26.90000000000001
25,26.90000000000001
25,26.90000000000001
25,26.90000000000001
25,26.90000000000001
25,26.90000000000001
25,26.90000000000001
25,26.90000000000001
25,26.90000000000001
25,26.90000000000001
25,26.90000000000001
25,26.90000000000001
25,26.90000000000001
25,26.90000000000001
25,26.90000000000001
25,26.90000000000001
25,26.90000000000001
25,26.90000000000001
25,26.90000000000001
25,26.90000000000001
25,26.90000000000001
25,26.90000000000001
25,26.90000000000001
25,26.90000000000001
25,26.90000000000001
25,26.90000000000001
25,26.90000000000001
25,26.90000000000001
25,26.90000000000001
25,26.90000000000001
25,26.90000000000001
25,26.90000000000001
25,26.90000000000001
25,26.90000000000001
25,26.90000000000001
25,26.90000000000001
25,26.90000000000001
25,26.90000000000001
25,26.90000000000001
25,26.90000000000001
25,26.90000000000001
25,26.90000000000001
25,26.90000000000001
26,26.90000000000001
26,26.90000000000001
26,26.90000000000001
26,26.90000000000001
26,26.90000000000001
26,26.90000000000001
26,26.90000000000001
26,26.90000000000001
26,26.90000000000001
26,26.90000000000001
26,26.90000000000001
26,26.90000000000001
26,26.90000000000001
26,26.90000000000001
26,26.90000000000001
26,26.90000000000001
26,26.90000000000001
26,26.90000000000001
26,26.90000000000001
26,26.90000000000001
26,26.90000000000001
26,26.90000000000001
26,26.90000000000001
26,26.90000000000001
26,26.90000000000001
26,26.90000000000001
26,26.90000000000001
26,26.90000000000001
26,26.90000000000001
26,26.90000000000001
26,26.90000000000001
26,26.90000000000001
26,26.90000000000001
26,26.90000000000001
26,26.90000000000001
26,26.90000000000001
26,26.90000000000001
26,26.90000000000001
26,26.59999999999999
26,26.59999999999999
26,26.59999999999999
26,26.59999999999999
26,26.59999999999999
26,26.59999999999999
27,26.40000000000001
27,26.40000000000001
27,26.40000000000001
27,26.40000000000001
27,26.40000000000001
27,26.40000000000001
27,26.40000000000001
27,26.40000000000001
27,26.40000000000001
27,26.40000000000001
27,26.40000000000001
27,26.40000000000001
27,26.40000000000001
27,26.40000000000001
27,26.40000000000001
27,26.40000000000001
27,26.40000000000001
27,26.40000000000001
27,26.40000000000001
27,26.40000000000001
27,26.40000000000001
27,26.40000000000001
27,26.40000000000001
27,26.40000000000001
27,26.40000000000001
27,26.40000000000001
27,26.40000000000001
27,26.40000000000001
27,26.40000000000001
27,26.40000000000001
27,26.40000000000001
27,26.40000000000001
27,26.40000000000001
27,26.40000000000001
27,26.40000000000001
27,26.40000000000001
27,26.40000000000001
27,26.40000000000001
27,26.40000000000001
27,26.40000000000001
27,26.40000000000001
27,26.40000000000001
28,26.40000000000001
28,26.40000000000001
28,26.40000000000001
28,26.40000000000001
28,26.40000000000001
28,26.40000000000001
28,26.40000000000001
28,26.40000000000001
28,26.40000000000001
28,26.40000000000001
28,26.40000000000001
28,26.40000000000001
28,26.40000000000001
28,26.40000000000001
28,26.40000000000001
28,26.40000000000001
28,26.40000000000001
28,26.40000000000001
28,26.40000000000001
28,26.40000000000001
28,26.40000000000001
28,26.40000000000001
28,26.40000000000001
28,26.40000000000001
28,26.40000000000001
28,26.40000000000001
28,26.40000000000001
28,26.40000000000001
28,26.40000000000001
28,26.40000000000001
28,26.40000000000001
28,26.40000000000001
28,26.40000000000001
28,26.40000000000001
28,26.40000000000001
28,26.40000000000001
28,26.40000000000001
28,26.40000000000001
28,26.40000000000001
28,26.40000000000001
28,26.40000000000001
28,26.40000000000001
29,26.40000000000001
29,26.40000000000001
29,26.40000000000001
29,26.40000000000001
29,26.40000000000001
29,26.40000000000001
29,26.40000000000001
29,26.40000000000001
29,26.40000000000001
29,26.40000000000001
29,26.40000000000001
29,26.40000000000001
29,26.40000000000001
29,26.40000000000001
29,26.40000000000001
29,26.40000000000001
29,26.40000000000001
29,26.40000000000001
29,26.40000000000001
29,26.40000000000001
29,26.40000000000001
29,26.40000000000001
29,26.40000000000001
29,26.40000000000001
29,26.40000000000001
29,26.40000000000001
29,26.40000000000001
29,26.40000000000001
29,26.40000000000001
29,26.40000000000001
29,26.40000000000001
29,26.40000000000001
29,26.40000000000001
29,26.40000000000001
29,26.40000000000001
29,26.40000000000001
29,26.40000000000001
29,26.40000000000001
29,26.40000000000001
29,26.40000000000001
29,26.40000000000001
29,26.40000000000001
29,26.40000000000001
30,26.40000000000001
30,26.40000000000001
30,26.40000000000001
30,26.40000000000001
30,26.40000000000001
30,26.40000000000001
30,26.40000000000001
30,26.40000000000001
30,26.40000000000001
30,26.40000000000001
30,26.40000000000001
30,26.40000000000001
30,26.40000000000001
30,26.40000000000001
30,26.40000000000001
30,26.40000000000001
30,26.40000000000001
30,26.40000000000001
30,26.40000000000001
30,26.40000000000001
30,26.40000000000001
30,26.40000000000001
30,26.40000000000001
30,26.40000000000001
30,26.40000000000001
30,26.40000000000001
30,26.40000000000001
30,26.40000000000001
30,26.40000000000001
30,26.40000000000001
30,26.40000000000001
30,26.40000000000001
30,26.40000000000001
30,26.40000000000001
30,26.40000000000001
30,26.40000000000001
30,26.40000000000001
30,26.40000000000001
30,26.40000000000001
30,26.40000000000001
30,26.40000000000001
30,26.40000000000001
30,26.40000000000001
30,26.40000000000001
30,26.40000000000001
31,26.40000000000001
31,26.40000000000001
31,26.40000000000001
31,26.40000000000001
31,26.40000000000001
31,26.40000000000001
31,26.40000000000001
31,26.40000000000001
31,26.40000000000001
31,26.40000000000001
31,26.40000000000001
31,26.40000000000001
31,26.40000000000001
31,26.40000000000001
31,26.40000000000001
31,26.40000000000001
31,26.40000000000001
31,26.40000000000001
31,26.40000000000001
31,26.40000000000001
31,26.40000000000001
31,26.40000000000001
31,26.40000000000001
31,26.40000000000001
31,26.40000000000001
31,26.40000000000001
31,26.40000000000001
31,26.40000000000001
31,26.40000000000001
31,26.40000000000001
31,26.40000000000001
31,26.40000000000001
31,26.40000000000001
31,26.40000000000001
31,26.40000000000001
31,26.40000000000001
31,26.40000000000001
31,26.40000000000001
31,26.40000000000001
31,26.40000000000001
31,26.40000000000001
31,26.40000000000001
31,26.40000000000001
32,26.40000000000001
32,26.40000000000001
32,26.40000000000001
32,26.40000000000001
32,26.40000000000001
32,26.40000000000001
32,26.40000000000001
32,26.40000000000001
32,26.40000000000001
32,26.40000000000001
32,26.40000000000001
32,26.40000000000001
32,26.40000000000001
32,26.40000000000001
32,26.40000000000001
32,26.40000000000001
32,26.40000000000001
32,26.40000000000001
32,26.40000000000001
32,26.40000000000001
32,26.40000000000001
32,26.40000000000001
32,26.40000000000001
32,26.40000000000001
32,26.40000000000001
32,26.40000000000001
32,26.40000000000001
32,26.40000000000001
32,26.40000000000001
32,26.40000000000001
32,26.40000000000001
32,26.40000000000001
32,26.40000000000001
32,26.40000000000001
32,26.40000000000001
32,26.40000000000001
32,26.40000000000001
32,26.40000000000001
32,26.40000000000001
32,26.40000000000001
32,26.40000000000001
32,26.40000000000001
32,26.40000000000001
33,26.40000000000001
33,26.40000000000001
33,26.40000000000001
33,26.40000000000001
33,26.40000000000001
33,26.40000000000001
33,26.40000000000001
33,26.40000000000001
33,26.40000000000001
33,26.40000000000001
33,26.40000000000001
33,26.40000000000001
33,26.40000000000001
33,26.40000000000001
33,26.40000000000001
33,26.40000000000001
33,26.40000000000001
33,26.40000000000001
33,26.40000000000001
33,26.40000000000001
33,26.40000000000001
33,26.40000000000001
33,26.40000000000001
33,26.40000000000001
33,26.40000000000001
33,26.40000000000001
33,26.40000000000001
33,26.40000000000001
33,26.40000000000001
33,26.40000000000001
33,26.40000000000001
33,26.40000000000001
33,26.40000000000001
33,26.40000000000001
33,26.40000000000001
33,26.40000000000001
33,26.40000000000001
33,26.40000000000001
33,26.40000000000001
33,26.40000000000001
33,26.40000000000001
33,26.40000000000001
33,26.40000000000001
33,26.40000000000001
33,26.40000000000001
34,26.40000000000001
34,26.40000000000001
34,26.40000000000001
34,26.40000000000001
34,26.40000000000001
34,26.40000000000001
34,26.40000000000001
34,26.40000000000001
34,26.40000000000001
34,26.40000000000001
34,26.40000000000001
34,26.40000000000001
34,26.40000000000001
34,26.40000000000001
34,26.40000000000001
34,26.40000000000001
34,26.40000000000001
34,26.40000000000001
34,26.40000000000001
34,26.40000000000001
34,26.40000000000001
34,26.40000000000001
34,26.40000000000001
34,26.40000000000001
34,26.40000000000001
34,26.40000000000001
34,26.40000000000001
34,26.40000000000001
34,26.40000000000001
34,26.40000000000001
34,26.40000000000001
34,26.40000000000001
34,26.40000000000001
34,26.40000000000001
34,26.40000000000001
34,26.40000000000001
34,26.40000000000001
34,26.40000000000001
34,26.40000000000001
34,26.40000000000001
34,26.40000000000001
34,26.40000000000001
34,26.40000000000001
35,26.40000000000001
35,26.40000000000001
35,26.40000000000001
35,26.40000000000001
35,26.40000000000001
35,26.40000000000001
35,26.40000000000001
35,26.40000000000001
35,26.40000000000001
35,26.40000000000001
35,26.40000000000001
35,26.40000000000001
35,26.40000000000001
35,26.40000000000001
35,26.40000000000001
35,26.40000000000001
35,26.40000000000001
35,26.40000000000001
35,26.40000000000001
35,26.40000000000001
35,26.40000000000001
35,26.40000000000001
35,26.40000000000001
35,26.40000000000001
35,26.40000000000001
35,26.40000000000001
35,26.40000000000001
35,26.40000000000001
35,26.40000000000001
35,26.40000000000001
35,26.40000000000001
35,26.40000000000001
35,26.40000000000001
35,26.40000000000001
35,26.40000000000001
35,26.40000000000001
35,26.40000000000001
35,26.40000000000001
35,26.40000000000001
35,26.40000000000001
35,26.40000000000001
35,26.40000000000001
35,26.40000000000001
36,26.40000000000001
36,26.40000000000001
36,26.40000000000001
36,26.40000000000001
36,26.40000000000001
36,26.40000000000001
36,26.40000000000001
36,26.40000000000001
36,26.40000000000001
36,26.40000000000001
36,26.40000000000001
36,26.40000000000001
36,26.40000000000001
36,26.40000000000001
36,26.40000000000001
36,26.40000000000001
36,26.40000000000001
36,26.40000000000001
36,26.40000000000001
36,26.40000000000001
36,26.40000000000001
36,26.40000000000001
36,26.40000000000001
36,26.40000000000001
36,26.40000000000001
36,26.40000000000001
36,26.40000000000001
36,26.40000000000001
36,26.40000000000001
36,26.40000000000001
36,26.40000000000001
36,26.40000000000001
36,26.40000000000001
36,26.40000000000001
36,26.40000000000001
36,26.40000000000001
36,26.40000000000001
36,26.40000000000001
36,26.40000000000001
36,26.40000000000001
36,26.40000000000001
36,26.40000000000001
36,26.40000000000001
36,26.40000000000001
36,26.40000000000001
36,26.40000000000001
37,26.40000000000001
37,26.40000000000001
37,26.40000000000001
37,26.40000000000001
37,26.40000000000001
37,26.40000000000001
37,26.40000000000001
37,26.40000000000001
37,26.40000000000001
37,26.40000000000001
37,26.40000000000001
37,26.40000000000001
37,26.40000000000001
37,26.40000000000001
37,26.40000000000001
37,26.40000000000001
37,26.40000000000001
37,26.40000000000001
37,26.40000000000001
37,26.40000000000001
37,26.40000000000001
37,26.40000000000001
37,26.40000000000001
37,26.40000000000001
37,26.40000000000001
37,26.40000000000001
37,26.40000000000001
37,26.40000000000001
37,26.40000000000001
37,26.40000000000001
37,26.40000000000001
37,26.40000000000001
37,26.40000000000001
37,26.40000000000001
37,26.40000000000001
37,26.40000000000001
37,26.40000000000001
37,26.40000000000001
37,26.40000000000001
37,26.40000000000001
37,26.40000000000001
37,26.40000000000001
37,26.40000000000001
38,26.40000000000001
38,26.40000000000001
38,26.40000000000001
38,26.40000000000001
38,26.40000000000001
38,26.40000000000001
38,26.40000000000001
38,26.40000000000001
38,26.40000000000001
38,26.40000000000001
38,26.40000000000001
38,26.40000000000001
38,26.40000000000001
38,26.40000000000001
38,26.40000000000001
38,26.40000000000001
38,26.40000000000001
38,26.40000000000001
38,26.40000000000001
38,26.40000000000001
38,26.40000000000001
38,26.40000000000001
38,26.40000000000001
38,26.40000000000001
38,26.40000000000001
38,26.099999999999994
38,26.099999999999994
38,26.099999999999994
38,26.099999999999994
38,26.099999999999994
38,26.099999999999994
38,26.099999999999994
38,26.099999999999994
38,26.099999999999994
38,26.099999999999994
38,26.099999999999994
38,26.099999999999994
38,26.099999999999994
38,26.0
38,26.0
38,26.0
38,26.0
38,26.0
39,26.0
39,26.0
39,26.0
39,26.0
39,26.0
39,26.0
39,26.0
39,26.0
39,26.0
39,26.0
39,26.0
39,26.0
39,26.0
39,26.0
39,26.0
39,26.0
39,26.0
39,26.0
39,26.0
39,25.700000000000024
39,25.700000000000024
39,25.700000000000024
39,25.700000000000024
39,25.700000000000024
39,25.59999999999999
39,25.59999999999999
39,25.59999999999999
39,25.59999999999999
39,25.59999999999999
39,25.59999999999999
39,25.59999999999999
39,25.59999999999999
39,25.59999999999999
39,25.59999999999999
39,25.59999999999999
39,25.59999999999999
39,25.59999999999999
39,25.59999999999999
39,25.59999999999999
39,25.59999999999999
39,25.59999999999999
39,25.59999999999999
39,25.59999999999999
39,25.59999999999999
40,25.59999999999999
40,25.59999999999999
40,25.59999999999999
40,25.59999999999999
40,25.59999999999999
40,25.59999999999999
40,25.59999999999999
40,25.59999999999999
40,25.59999999999999
40,25.59999999999999
40,25.59999999999999
40,25.59999999999999
40,25.59999999999999
40,25.59999999999999
40,25.59999999999999
40,25.59999999999999
40,25.59999999999999
40,25.59999999999999
40,25.59999999999999
40,25.59999999999999
40,25.59999999999999
40,25.59999999999999
40,25.59999999999999
40,25.59999999999999
40,25.59999999999999
40,25.59999999999999
40,25.59999999999999
40,25.59999999999999
40,25.59999999999999
40,25.59999999999999
40,25.59999999999999
40,25.59999999999999
40,25.59999999999999
40,25.59999999999999
40,25.59999999999999
40,25.59999999999999
40,25.59999999999999
40,25.59999999999999
40,25.59999999999999
40,25.59999999999999
40,25.59999999999999
40,25.59999999999999
40,25.59999999999999
40,25.59999999999999
41,25.59999999999999
41,25.59999999999999
41,25.59999999999999
41,25.59999999999999
41,25.59999999999999
41,25.59999999999999
41,25.59999999999999
41,25.59999999999999
41,25.59999999999999
41,25.59999999999999
41,25.59999999999999
41,25.59999999999999
41,25.59999999999999
41,25.59999999999999
41,25.59999999999999
41,25.59999999999999
41,25.59999999999999
41,25.59999999999999
41,25.59999999999999
41,25.59999999999999
41,25.59999999999999
41,25.59999999999999
41,25.59999999999999
41,25.59999999999999
41,25.59999999999999
41,25.59999999999999
41,25.59999999999999
41,25.59999999999999
41,25.59999999999999
41,25.59999999999999
41,25.59999999999999
41,25.59999999999999
41,25.59999999999999
41,25.59999999999999
41,25.59999999999999
41,25.59999999999999
41,25.59999999999999
41,25.59999999999999
41,25.59999999999999
41,25.59999999999999
41,25.59999999999999
41,25.59999999999999
41,25.59999999999999
41,25.59999999999999
42,25.59999999999999
42,25.59999999999999
42,25.59999999999999
42,25.59999999999999
42,25.59999999999999
42,25.59999999999999
42,25.59999999999999
42,25.59999999999999
42,25.59999999999999
42,25.59999999999999
42,25.59999999999999
42,25.59999999999999
42,25.59999999999999
42,25.59999999999999
42,25.59999999999999
42,25.59999999999999
42,25.59999999999999
42,25.59999999999999
42,25.59999999999999
42,25.59999999999999
42,25.59999999999999
42,25.59999999999999
42,25.59999999999999
42,25.59999999999999
42,25.59999999999999
42,25.59999999999999
42,25.59999999999999
42,25.59999999999999
42,25.59999999999999
42,25.59999999999999
42,25.59999999999999
42,25.59999999999999
42,25.59999999999999
42,25.59999999999999
42,25.59999999999999
42,25.59999999999999
42,25.59999999999999
42,25.59999999999999
42,25.59999999999999
42,25.59999999999999
42,25.59999999999999
42,25.59999999999999
42,25.59999999999999
43,25.59999999999999
43,25.59999999999999
43,25.59999999999999
43,25.59999999999999
43,25.59999999999999
43,25.59999999999999
43,25.59999999999999
43,25.59999999999999
43,25.59999999999999
43,25.59999999999999
43,25.59999999999999
43,25.59999999999999
43,25.59999999999999
43,25.59999999999999
43,25.59999999999999
43,25.59999999999999
43,25.59999999999999
43,25.59999999999999
43,25.59999999999999
43,25.59999999999999
43,25.59999999999999
43,25.59999999999999
43,25.59999999999999
43,25.59999999999999
43,25.59999999999999
43,25.59999999999999
43,25.59999999999999
43,25.59999999999999
43,25.59999999999999
43,25.59999999999999
43,25.59999999999999
43,25.59999999999999
43,25.59999999999999
43,25.59999999999999
43,25.59999999999999
43,25.59999999999999
43,25.59999999999999
43,25.59999999999999
43,25.59999999999999
43,25.59999999999999
43,25.59999999999999
43,25.59999999999999
43,25.59999999999999
43,25.59999999999999
44,25.59999999999999
44,25.59999999999999
44,25.59999999999999
44,25.59999999999999
44,25.59999999999999
44,25.59999999999999
44,25.59999999999999
44,25.59999999999999
44,25.59999999999999
44,25.59999999999999
44,25.59999999999999
44,25.59999999999999
44,25.59999999999999
44,25.59999999999999
44,25.59999999999999
44,25.59999999999999
44,25.59999999999999
44,25.59999999999999
44,25.59999999999999
44,25.59999999999999
44,25.59999999999999
44,25.59999999999999
44,25.59999999999999
44,25.59999999999999
44,25.59999999999999
44,25.59999999999999
44,25.59999999999999
44,25.59999999999999
44,25.59999999999999
44,25.59999999999999
44,25.59999999999999
44,25.59999999999999
44,25.59999999999999
44,25.59999999999999
44,25.59999999999999
44,25.59999999999999
44,25.59999999999999
44,25.59999999999999
44,25.59999999999999
44,25.59999999999999
44,25.59999999999999
44,25.59999999999999
44,25.59999999999999
44,25.59999999999999
45,25.59999999999999
45,25.59999999999999
45,25.59999999999999
45,25.59999999999999
45,25.59999999999999
45,25.59999999999999
45,25.59999999999999
45,25.59999999999999
45,25.59999999999999
45,25.59999999999999
45,25.59999999999999
45,25.59999999999999
45,25.59999999999999
45,25.59999999999999
45,25.59999999999999
45,25.59999999999999
45,25.59999999999999
45,25.59999999999999
45,25.59999999999999
45,25.59999999999999
45,25.59999999999999
45,25.59999999999999
45,25.59999999999999
45,25.59999999999999
45,25.59999999999999
45,25.59999999999999
45,25.59999999999999
45,25.59999999999999
45,25.59999999999999
45,25.59999999999999
45,25.59999999999999
45,25.59999999999999
45,25.59999999999999
45,25.59999999999999
45,25.59999999999999
45,25.59999999999999
45,25.59999999999999
45,25.59999999999999
45,25.59999999999999
45,25.59999999999999
45,25.59999999999999
45,25.59999999999999
45,25.59999999999999
45,25.59999999999999
46,25.59999999999999
46,25.59999999999999
46,25.59999999999999
46,25.59999999999999
46,25.59999999999999
46,25.59999999999999
46,25.59999999999999
46,25.59999999999999
46,25.59999999999999
46,25.59999999999999
46,25.59999999999999
46,25.59999999999999
46,25.59999999999999
46,25.59999999999999
46,25.59999999999999
46,25.59999999999999
46,25.59999999999999
46,25.59999999999999
46,25.59999999999999
46,25.59999999999999
46,25.59999999999999
46,25.59999999999999
46,25.59999999999999
46,25.59999999999999
46,25.59999999999999
46,25.59999999999999
46,25.59999999999999
46,25.59999999999999
46,25.59999999999999
46,25.59999999999999
46,25.59999999999999
46,25.59999999999999
46,25.59999999999999
46,25.59999999999999
46,25.59999999999999
46,25.59999999999999
46,25.59999999999999
46,25.59999999999999
46,25.59999999999999
46,25.59999999999999
46,25.59999999999999
46,25.59999999999999
46,25.59999999999999
47,25.59999999999999
47,25.59999999999999
47,25.59999999999999
47,25.59999999999999
47,25.59999999999999
47,25.59999999999999
47,25.59999999999999
47,25.59999999999999
47,25.59999999999999
47,25.59999999999999
47,25.59999999999999
47,25.59999999999999
47,25.59999999999999
47,25.59999999999999
47,25.59999999999999
47,25.59999999999999
47,25.59999999999999
47,25.59999999999999
47,25.59999999999999
47,25.59999999999999
47,25.59999999999999
47,25.59999999999999
47,25.59999999999999
47,25.59999999999999
47,25.59999999999999
47,25.59999999999999
47,25.59999999999999
47,25.59999999999999
47,25.59999999999999
47,25.59999999999999
47,25.59999999999999
47,25.59999999999999
47,25.59999999999999
47,25.59999999999999
47,25.59999999999999
47,25.59999999999999
47,25.59999999999999
47,25.59999999999999
47,25.59999999999999
47,25.59999999999999
47,25.59999999999999
47,25.59999999999999
47,25.59999999999999
47,25.59999999999999
47,25.59999999999999
48,25.59999999999999
48,25.59999999999999
48,25.59999999999999
48,25.59999999999999
48,25.59999999999999
48,25.59999999999999
48,25.59999999999999
48,25.59999999999999
48,25.59999999999999
48,25.59999999999999
48,25.59999999999999
48,25.59999999999999
48,25.59999999999999
48,25.59999999999999
48,25.59999999999999
48,25.59999999999999
48,25.59999999999999
48,25.59999999999999
48,25.59999999999999
48,25.59999999999999
48,25.59999999999999
48,25.59999999999999
48,25.59999999999999
48,25.59999999999999
48,25.59999999999999
48,25.59999999999999
48,25.59999999999999
48,25.59999999999999
48,25.59999999999999
48,25.59999999999999
48,25.59999999999999
48,25.59999999999999
48,25.59999999999999
48,25.59999999999999
48,25.59999999999999
48,25.59999999999999
48,25.59999999999999
48,25.59999999999999
48,25.59999999999999
48,25.59999999999999
48,25.59999999999999
48,25.59999999999999
48,25.59999999999999
48,25.59999999999999
48,25.59999999999999
48,25.59999999999999
49,25.59999999999999
49,25.59999999999999
49,25.59999999999999
49,25.59999999999999
49,25.59999999999999
49,25.59999999999999
49,25.59999999999999
49,25.59999999999999
49,25.59999999999999
49,25.59999999999999
49,25.59999999999999
49,25.59999999999999
49,25.59999999999999
49,25.59999999999999
49,25.59999999999999
49,25.59999999999999
49,25.59999999999999
49,25.59999999999999
49,25.59999999999999
49,25.59999999999999
49,25.59999999999999
49,25.59999999999999
49,25.59999999999999
49,25.59999999999999
49,25.59999999999999
49,25.59999999999999
49,25.59999999999999
49,25.59999999999999
49,25.59999999999999
49,25.59999999999999
49,25.59999999999999
49,25.59999999999999
49,25.59999999999999
49,25.59999999999999
49,25.59999999999999
49,25.59999999999999
49,25.59999999999999
49,25.59999999999999
49,25.59999999999999
49,25.59999999999999
49,25.59999999999999
49,25.59999999999999
49,25.59999999999999
49,25.59999999999999
49,25.59999999999999
50,25.59999999999999
50,25.59999999999999
50,25.59999999999999
50,25.59999999999999
50,25.59999999999999
50,25.59999999999999
50,25.59999999999999
50,25.59999999999999
50,25.59999999999999
50,25.59999999999999
50,25.59999999999999
50,25.59999999999999
50,25.59999999999999
50,25.59999999999999
50,25.59999999999999
50,25.59999999999999
50,25.59999999999999
50,25.59999999999999
50,25.59999999999999
50,25.59999999999999
50,25.59999999999999
50,25.59999999999999
50,25.59999999999999
50,25.59999999999999
50,25.59999999999999
50,25.59999999999999
50,25.59999999999999
50,25.59999999999999
50,25.59999999999999
50,25.59999999999999
50,25.59999999999999
50,25.59999999999999
50,25.59999999999999
50,25.59999999999999
50,25.59999999999999
50,25.59999999999999
50,25.59999999999999
50,25.59999999999999
50,25.59999999999999
50,25.59999999999999
50,25.59999999999999
50,25.59999999999999
50,25.59999999999999
50,25.59999999999999
50,25.59999999999999
51,25.59999999999999
51,25.59999999999999
51,25.59999999999999
51,25.59999999999999
51,25.59999999999999
51,25.59999999999999
51,25.59999999999999
51,25.59999999999999
51,25.59999999999999
51,25.59999999999999
51,25.59999999999999
51,25.59999999999999
51,25.59999999999999
51,25.59999999999999
51,25.59999999999999
51,25.59999999999999
51,25.59999999999999
51,25.59999999999999
51,25.59999999999999
51,25.59999999999999
51,25.59999999999999
51,25.59999999999999
51,25.59999999999999
51,25.59999999999999
51,25.59999999999999
51,25.59999999999999
51,25.59999999999999
51,25.59999999999999
51,25.59999999999999
51,25.59999999999999
51,25.59999999999999
51,25.59999999999999
51,25.59999999999999
51,25.59999999999999
51,25.59999999999999
51,25.59999999999999
51,25.59999999999999
51,25.59999999999999
51,25.59999999999999
51,25.59999999999999
51,25.59999999999999
51,25.59999999999999
51,25.59999999999999
51,25.59999999999999
51,25.59999999999999
51,25.59999999999999
52,25.59999999999999
52,25.59999999999999
52,25.59999999999999
52,25.59999999999999
52,25.59999999999999
52,25.59999999999999
52,25.59999999999999
52,25.59999999999999
52,25.59999999999999
52,25.59999999999999
52,25.59999999999999
52,25.59999999999999
52,25.59999999999999
52,25.59999999999999
52,25.59999999999999
52,25.59999999999999
52,25.59999999999999
52,25.59999999999999
52,25.59999999999999
52,25.59999999999999
52,25.59999999999999
52,25.59999999999999
52,25.59999999999999
52,25.59999999999999
52,25.59999999999999
52,25.59999999999999
52,25.59999999999999
52,25.59999999999999
52,25.59999999999999
52,25.59999999999999
52,25.59999999999999
52,25.59999999999999
52,25.59999999999999
52,25.59999999999999
52,25.59999999999999
52,25.59999999999999
52,25.59999999999999
52,25.59999999999999
52,25.59999999999999
52,25.59999999999999
52,25.59999999999999
52,25.59999999999999
52,25.59999999999999
52,25.59999999999999
53,25.59999999999999
53,25.59999999999999
53,25.59999999999999
53,25.59999999999999
53,25.59999999999999
53,25.59999999999999
53,25.59999999999999
53,25.59999999999999
53,25.59999999999999
53,25.59999999999999
53,25.59999999999999
53,25.59999999999999
53,25.59999999999999
53,25.59999999999999
53,25.59999999999999
53,25.59999999999999
53,25.59999999999999
53,25.59999999999999
53,25.59999999999999
53,25.59999999999999
53,25.59999999999999
53,25.59999999999999
53,25.59999999999999
53,25.59999999999999
53,25.59999999999999
53,25.59999999999999
53,25.59999999999999
53,25.59999999999999
53,25.59999999999999
53,24.900000000000006
53,24.900000000000006
53,24.900000000000006
53,24.200000000000024
53,24.200000000000024
53,23.9
53,23.9
53,23.799999999999976
53,23.5
53,23.5
53,23.5
53,23.5
54,23.5
54,23.5
54,23.5
54,23.200000000000017
54,23.200000000000017
54,23.200000000000017
54,23.200000000000017
54,23.200000000000017
54,23.100000000000005
54,23.100000000000005
54,23.100000000000005
54,23.100000000000005
54,23.100000000000005
54,23.100000000000005
54,23.100000000000005
54,23.100000000000005
54,23.100000000000005
54,23.100000000000005
54,23.100000000000005
54,23.100000000000005
54,23.100000000000005
54,23.100000000000005
54,23.100000000000005
54,23.100000000000005
54,23.100000000000005
54,23.100000000000005
54,23.100000000000005
54,23.100000000000005
54,23.100000000000005
54,23.100000000000005
54,22.600000000000005
54,22.600000000000005
54,22.600000000000005
54,22.600000000000005
54,22.600000000000005
54,22.600000000000005
54,22.600000000000005
54,20.0
54,20.0
54,20.0
54,20.0
54,20.0
54,20.0
54,19.100000000000016
54,19.100000000000016
54,19.100000000000016
55,19.0
55,19.0
55,19.0
55,19.0
55,19.0
55,19.0
55,19.0
55,19.0
55,19.0
55,19.0
55,19.0
55,19.0
55,19.0
55,19.0
55,19.0
55,19.0
55,19.0
55,19.0
55,19.0
55,19.0
55,19.0
55,19.0
55,19.0
55,19.0
55,19.0
55,19.0
55,19.0
55,19.0
55,19.0
55,19.0
55,19.0
55,19.0
55,19.0
55,19.0
55,19.0
55,19.0
55,19.0
55,19.0
55,19.0
55,19.0
56,19.0
56,19.0
56,19.0
56,19.0
56,19.0
56,19.0
56,19.0
56,19.0
56,19.0
56,19.0
56,19.0
56,19.0
56,19.0
56,19.0
56,19.0
56,19.0
56,19.0
56,18.299999999999983
56,18.299999999999983
56,18.299999999999983
56,18.200000000000017
56,18.200000000000017
56,18.200000000000017
56,18.200000000000017
56,18.200000000000017
56,18.200000000000017
56,18.200000000000017
56,18.200000000000017
56,18.200000000000017
56,18.200000000000017
56,18.200000000000017
56,18.200000000000017
56,18.200000000000017
56,18.200000000000017
56,18.200000000000017
56,18.200000000000017
56,18.200000000000017
56,18.200000000000017
56,18.200000000000017
56,18.200000000000017
56,18.200000000000017
56,18.200000000000017
56,18.200000000000017
56,18.200000000000017
56,18.200000000000017
57,18.200000000000017
57,18.200000000000017
57,18.200000000000017
57,18.200000000000017
57,18.200000000000017
57,18.200000000000017
57,18.200000000000017
57,18.200000000000017
57,18.200000000000017
57,18.200000000000017
57,17.5
57,17.5
57,17.5
57,17.5
57,17.5
57,17.5
57,17.5
57,17.5
57,17.5
57,17.399999999999988
57,17.399999999999988
57,17.399999999999988
57,17.399999999999988
57,17.399999999999988
57,17.399999999999988
57,17.399999999999988
57,17.399999999999988
57,17.399999999999988
57,17.399999999999988
57,17.0
57,17.0
57,17.0
57,17.0
57,17.0
57,17.0
57,17.0
57,17.0
57,17.0
57,17.0
57,17.0
57,17.0
57,17.0
57,17.0
57,17.0
57,17.0
58,17.0
58,17.0
58,17.0
58,17.0
58,17.0
58,17.0
58,17.0
58,17.0
58,17.0
58,17.0
58,17.0
58,17.0
58,17.0
58,17.0
58,17.0
58,17.0
58,17.0
58,17.0
58,17.0
58,17.0
58,17.0
58,17.0
58,17.0
58,17.0
58,17.0
58,17.0
58,17.0
58,17.0
58,17.0
58,17.0
58,17.0
58,17.0
58,17.0
58,17.0
58,17.0
58,17.0
58,17.0
58,17.0
58,17.0
58,17.0
58,17.0
58,17.0
58,17.0
58,17.0
59,17.0
59,17.0
59,17.0
59,17.0
59,17.0
59,17.0
59,17.0
59,17.0
59,17.0
59,17.0
59,17.0
59,17.0
59,17.0
59,17.0
59,17.0
59,17.0
59,17.0
59,17.0
59,17.0
59,17.0
59,17.0
59,17.0
59,17.0
59,17.0
59,17.0
59,17.0
59,17.0
59,17.0
59,17.0
59,17.0
59,17.0
59,17.0
59,17.0
59,17.0
59,17.0
59,17.0
59,17.0
59,17.0
59,17.0
59,17.0
59,17.0
59,17.0
59,17.0
59,17.0
59,17.0
60,17.0
60,17.0
60,17.0
60,17.0
60,17.0
60,17.0
60,17.0
60,17.0
60,17.0
60,17.0
60,17.0
60,17.0
60,17.0
60,17.0
60,17.0
60,17.0
60,17.0
60,17.0
60,17.0
60,17.0
60,17.0
60,17.0
60,17.0
60,17.0
60,17.0
60,17.0
60,17.0
60,17.0
60,17.0
60,17.0
60,17.0
60,17.0
60,17.0
60,17.0
60,17.0
60,17.0
60,17.0
60,17.0
60,17.0
60,17.0
60,17.0
60,17.0
60,17.0
60,17.0
60,17.0
61,17.0
61,17.0
61,17.0
61,17.0
61,17.0
61,17.0
61,17.0
61,17.0
61,17.0
61,17.0
61,17.0
61,17.0
61,16.799999999999986
61,16.799999999999986
61,16.799999999999986
61,16.799999999999986
61,16.799999999999986
61,16.799999999999986
61,16.799999999999986
61,16.799999999999986
61,16.799999999999986
61,16.600000000000012
61,16.600000000000012
61,16.600000000000012
61,16.600000000000012
61,16.600000000000012
61,16.600000000000012
61,16.600000000000012
61,16.600000000000012
61,16.600000000000012
61,16.600000000000012
61,16.600000000000012
61,16.600000000000012
61,16.600000000000012
61,16.399999999999988
61,16.399999999999988
61,16.399999999999988
61,16.399999999999988
61,16.399999999999988
61,16.399999999999988
61,16.399999999999988
61,16.399999999999988
61,16.399999999999988
61,16.399999999999988
61,16.100000000000012
61,16.100000000000012
62,16.100000000000012
62,16.100000000000012
62,16.100000000000012
62,16.100000000000012
62,16.100000000000012
62,16.100000000000012
62,16.100000000000012
62,16.100000000000012
62,16.100000000000012
62,16.0
62,16.0
62,16.0
62,16.0
62,16.0
62,16.0
62,16.0
62,16.0
62,16.0
62,16.0
62,16.0
62,16.0
62,16.0
62,16.0
62,16.0
62,16.0
62,16.0
62,16.0
62,16.0
62,16.0
62,16.0
62,16.0
62,16.0
62,16.0
62,16.0
62,16.0
62,16.0
62,16.0
62,16.0
62,16.0
62,16.0
62,16.0
62,16.0
62,16.0
62,16.0
62,16.0
62,16.0
62,16.0
62,16.0
63,16.0
63,16.0
63,16.0
63,16.0
63,16.0
63,16.0
63,16.0
63,16.0
63,16.0
63,16.0
63,16.0
63,16.0
63,16.0
63,16.0
63,16.0
63,16.0
63,16.0
63,16.0
63,16.0
63,16.0
63,16.0
63,16.0
63,16.0
63,16.0
63,16.0
63,16.0
63,16.0
63,16.0
63,16.0
63,16.0
63,16.0
63,16.0
63,16.0
63,16.0
63,16.0
63,16.0
63,16.0
63,16.0
63,16.0
63,16.0
63,16.0
63,16.0
63,16.0
63,16.0
63,16.0
64,16.0
64,16.0
64,16.0
64,16.0
64,16.0
64,16.0
64,16.0
64,16.0
64,16.0
64,16.0
64,16.0
64,16.0
64,16.0
64,16.0
64,16.0
64,16.0
64,16.0
64,16.0
64,16.0
64,16.0
64,16.0
64,16.0
64,16.0
64,16.0
64,16.0
64,16.0
64,16.0
64,16.0
64,16.0
64,16.0
64,16.0
64,16.0
64,16.0
64,16.0
64,16.0
64,16.0
64,16.0
64,16.0
64,16.0
64,16.0
64,16.0
64,16.0
64,16.0
64,16.0
64,16.0
64,16.0
65,16.0
65,16.0
65,16.0
65,16.0
65,16.0
65,16.0
65,16.0
65,16.0
65,16.0
65,16.0
65,16.0
65,16.0
65,16.0
65,16.0
65,16.0
65,16.0
65,16.0
65,16.0
65,16.0
65,16.0
65,16.0
65,16.0
65,16.0
65,16.0
65,16.0
65,16.0
65,16.0
65,16.0
65,16.0
65,16.0
65,16.0
65,16.0
65,16.0
65,16.0
65,16.0
65,16.0
65,16.0
65,16.0
65,16.0
65,16.0
65,16.0
65,16.0
65,16.0
65,16.0
66,16.0
66,16.0
66,16.0
66,16.0
66,16.0
66,16.0
66,16.0
66,16.0
66,16.0
66,16.0
66,16.0
66,16.0
66,16.0
66,16.0
66,16.0
66,16.0
66,16.0
66,16.0
66,16.0
66,16.0
66,16.0
66,16.0
66,16.0
66,16.0
66,16.0
66,16.0
66,16.0
66,16.0
66,16.0
66,16.0
66,16.0
66,16.0
66,16.0
66,16.0
66,16.0
66,16.0
66,16.0
66,16.0
66,16.0
66,16.0
66,16.0
66,16.0
66,16.0
66,16.0
66,16.0
67,16.0
67,16.0
67,16.0
67,16.0
67,16.0
67,16.0
67,16.0
67,16.0
67,16.0
67,16.0
67,16.0
67,16.0
67,16.0
67,16.0
67,16.0
67,16.0
67,16.0
67,16.0
67,16.0
67,16.0
67,16.0
67,16.0
67,16.0
67,16.0
67,16.0
67,16.0
67,16.0
67,16.0
67,16.0
67,16.0
67,16.0
67,16.0
67,16.0
67,16.0
67,16.0
67,16.0
67,16.0
67,16.0
67,16.0
67,16.0
67,16.0
67,16.0
67,16.0
67,16.0
67,16.0
68,16.0
68,16.0
68,16.0
68,16.0
68,16.0
68,16.0
68,16.0
68,16.0
68,16.0
68,16.0
68,16.0
68,16.0
68,16.0
68,16.0
68,16.0
68,16.0
68,16.0
68,16.0
68,16.0
68,16.0
68,16.0
68,16.0
68,16.0
68,16.0
68,16.0
68,16.0
68,16.0
68,16.0
68,16.0
68,16.0
68,16.0
68,16.0
68,16.0
68,16.0
68,16.0
68,16.0
68,16.0
68,16.0
68,16.0
68,16.0
68,16.0
68,16.0
68,16.0
68,16.0
68,16.0
68,16.0
68,16.0
69,16.0
69,16.0
69,16.0
69,16.0
69,16.0
69,16.0
69,16.0
69,16.0
69,16.0
69,16.0
69,16.0
69,16.0
69,16.0
69,16.0
69,16.0
69,16.0
69,16.0
69,16.0
69,16.0
69,16.0
69,16.0
69,16.0
69,16.0
69,16.0
69,16.0
69,16.0
69,16.0
69,16.0
69,16.0
69,16.0
69,16.0
69,16.0
69,16.0
69,16.0
69,16.0
69,16.0
69,16.0
69,16.0
69,16.0
69,16.0
69,16.0
69,16.0
69,16.0
69,16.0
69,16.0
69,16.0
69,16.0
69,16.0
69,16.0
70,16.0
70,16.0
70,16.0
70,16.0
70,16.0
70,16.0
70,16.0
70,16.0
70,16.0
70,16.0
70,16.0
70,16.0
70,16.0
70,16.0
70,16.0
70,16.0
70,16.0
70,16.0
70,16.0
70,16.0
70,16.0
70,16.0
70,16.0
70,16.0
70,16.0
70,16.0
70,16.0
70,16.0
70,16.0
70,16.0
70,16.0
70,16.0
70,16.0
70,16.0
70,16.0
70,16.0
70,16.0
70,16.0
70,16.0
70,16.0
70,16.0
70,16.0
70,16.0
70,16.0
71,16.0
71,16.0
71,16.0
71,16.0
71,16.0
71,16.0
71,16.0
71,16.0
71,16.0
71,16.0
71,16.0
71,16.0
71,16.0
71,16.0
71,16.0
71,16.0
71,16.0
71,16.0
71,16.0
71,16.0
71,16.0
71,16.0
71,16.0
71,16.0
71,16.0
71,15.899999999999986
71,15.899999999999986
71,15.899999999999986
71,15.899999999999986
71,15.899999999999986
71,15.899999999999986
71,15.799999999999988
71,15.799999999999988
71,15.799999999999988
71,15.799999999999988
71,15.799999999999988
71,15.799999999999988
71,15.799999999999988
71,15.799999999999988
71,15.799999999999988
71,15.799999999999988
71,15.799999999999988
71,15.700000000000012
71,15.700000000000012
71,15.700000000000012
71,15.700000000000012
72,15.700000000000012
72,15.700000000000012
72,15.700000000000012
72,15.700000000000012
72,15.700000000000012
72,15.700000000000012
72,15.700000000000012
72,15.700000000000012
72,15.700000000000012
72,15.399999999999986
72,15.399999999999986
72,15.399999999999986
72,15.399999999999986
72,15.29999999999999
72,15.29999999999999
72,15.29999999999999
72,15.29999999999999
72,15.29999999999999
72,15.29999999999999
72,15.29999999999999
72,15.29999999999999
72,15.29999999999999
72,15.29999999999999
72,15.100000000000014
72,15.100000000000014
72,14.70000000000001
72,14.70000000000001
72,14.70000000000001
72,14.70000000000001
72,14.70000000000001
72,14.70000000000001
72,14.70000000000001
72,14.70000000000001
72,14.70000000000001
72,14.70000000000001
72,14.70000000000001
72,14.70000000000001
72,14.70000000000001
72,14.70000000000001
72,14.70000000000001
72,14.70000000000001
72,14.70000000000001
72,14.70000000000001
72,14.70000000000001
72,14.70000000000001
72,14.70000000000001
73,14.70000000000001
73,14.70000000000001
73,14.70000000000001
73,14.70000000000001
73,14.70000000000001
73,14.70000000000001
73,14.70000000000001
73,14.70000000000001
73,14.70000000000001
73,14.70000000000001
73,14.70000000000001
73,14.70000000000001
73,14.70000000000001
73,14.70000000000001
73,14.70000000000001
73,14.70000000000001
73,14.70000000000001
73,14.70000000000001
73,14.70000000000001
73,14.70000000000001
73,14.70000000000001
73,14.70000000000001
73,14.70000000000001
73,14.70000000000001
73,14.70000000000001
73,14.70000000000001
73,14.70000000000001
73,14.70000000000001
73,14.70000000000001
73,14.70000000000001
73,14.70000000000001
73,14.70000000000001
73,14.70000000000001
73,14.70000000000001
73,14.70000000000001
73,14.70000000000001
73,14.70000000000001
73,14.70000000000001
73,14.70000000000001
73,14.70000000000001
73,14.70000000000001
73,14.70000000000001
73,14.70000000000001
73,14.70000000000001
74,14.70000000000001
74,14.70000000000001
74,14.70000000000001
74,14.70000000000001
74,14.70000000000001
74,14.70000000000001
74,14.70000000000001
74,14.70000000000001
74,14.70000000000001
74,14.70000000000001
74,14.70000000000001
74,14.70000000000001
74,14.70000000000001
74,14.70000000000001
74,14.70000000000001
74,14.70000000000001
74,14.70000000000001
74,14.70000000000001
74,14.70000000000001
74,14.70000000000001
74,14.70000000000001
74,14.70000000000001
74,14.70000000000001
74,14.70000000000001
74,14.70000000000001
74,14.70000000000001
74,14.70000000000001
74,14.70000000000001
74,14.70000000000001
74,14.70000000000001
74,14.70000000000001
74,14.70000000000001
74,14.70000000000001
74,14.70000000000001
74,14.70000000000001
74,14.70000000000001
74,14.70000000000001
74,14.70000000000001
74,14.70000000000001
74,14.70000000000001
74,14.70000000000001
74,14.70000000000001
74,14.70000000000001
74,14.70000000000001
74,14.70000000000001
74,14.70000000000001
75,14.70000000000001
75,14.70000000000001
75,14.70000000000001
75,14.70000000000001
75,14.70000000000001
75,14.70000000000001
75,14.70000000000001
75,14.70000000000001
75,14.70000000000001
75,14.70000000000001
75,14.70000000000001
75,14.70000000000001
75,14.70000000000001
75,14.70000000000001
75,14.70000000000001
75,14.70000000000001
75,14.70000000000001
75,14.70000000000001
75,14.70000000000001
75,14.70000000000001
75,14.70000000000001
75,14.70000000000001
75,14.70000000000001
75,14.70000000000001
75,14.70000000000001
75,14.70000000000001
75,14.70000000000001
75,14.70000000000001
75,14.70000000000001
75,14.70000000000001
75,14.70000000000001
75,14.70000000000001
75,14.70000000000001
75,14.70000000000001
75,14.70000000000001
75,14.70000000000001
75,14.70000000000001
75,14.70000000000001
75,14.70000000000001
75,14.70000000000001
75,14.70000000000001
75,14.70000000000001
75,14.70000000000001
75,14.70000000000001
75,14.70000000000001
75,14.70000000000001
76,14.70000000000001
76,14.70000000000001
76,14.70000000000001
76,14.70000000000001
76,14.70000000000001
76,14.70000000000001
76,14.70000000000001
76,14.70000000000001
76,14.70000000000001
76,14.70000000000001
76,14.70000000000001
76,14.70000000000001
76,14.70000000000001
76,14.70000000000001
76,14.70000000000001
76,14.70000000000001
76,14.70000000000001
76,14.70000000000001
76,14.70000000000001
76,14.70000000000001
76,14.70000000000001
76,14.70000000000001
76,14.70000000000001
76,14.70000000000001
76,14.70000000000001
76,14.70000000000001
76,14.70000000000001
76,14.70000000000001
76,14.70000000000001
76,14.70000000000001
76,14.70000000000001
76,14.70000000000001
76,14.70000000000001
76,14.70000000000001
76,14.70000000000001
76,14.70000000000001
76,14.70000000000001
76,14.70000000000001
76,14.70000000000001
76,14.70000000000001
76,14.70000000000001
76,14.70000000000001
76,14.70000000000001
76,14.70000000000001
76,14.70000000000001
76,14.70000000000001
76,14.70000000000001
77,14.70000000000001
77,14.70000000000001
77,14.70000000000001
77,14.70000000000001
77,14.70000000000001
77,14.70000000000001
77,14.70000000000001
77,14.70000000000001
77,14.70000000000001
77,14.70000000000001
77,14.70000000000001
77,14.70000000000001
77,14.70000000000001
77,14.70000000000001
77,14.70000000000001
77,14.70000000000001
77,14.70000000000001
77,14.70000000000001
77,14.70000000000001
77,14.70000000000001
77,14.70000000000001
77,14.70000000000001
77,14.70000000000001
77,14.70000000000001
77,14.70000000000001
77,14.70000000000001
77,14.70000000000001
77,14.70000000000001
77,14.70000000000001
77,14.70000000000001
77,14.70000000000001
77,14.70000000000001
77,14.70000000000001
77,14.70000000000001
77,14.70000000000001
77,14.70000000000001
77,14.70000000000001
77,14.70000000000001
77,14.70000000000001
77,14.70000000000001
77,14.70000000000001
77,14.70000000000001
77,14.70000000000001
77,14.70000000000001
77,14.70000000000001
77,14.70000000000001
78,14.70000000000001
78,14.70000000000001
78,14.70000000000001
78,14.70000000000001
78,14.70000000000001
78,14.70000000000001
78,14.70000000000001
78,14.70000000000001
78,14.70000000000001
78,14.70000000000001
78,14.70000000000001
78,14.70000000000001
78,14.70000000000001
78,14.70000000000001
78,14.70000000000001
78,14.70000000000001
78,14.70000000000001
78,14.70000000000001
78,14.70000000000001
78,14.70000000000001
78,14.70000000000001
78,14.70000000000001
78,14.70000000000001
78,14.70000000000001
78,14.70000000000001
78,14.70000000000001
78,14.70000000000001
78,14.70000000000001
78,14.70000000000001
78,14.70000000000001
78,14.70000000000001
78,14.70000000000001
78,14.70000000000001
78,14.70000000000001
78,14.70000000000001
78,14.70000000000001
78,14.70000000000001
78,14.70000000000001
78,14.70000000000001
78,14.70000000000001
78,14.70000000000001
78,14.70000000000001
78,14.70000000000001
78,14.70000000000001
79,14.70000000000001
79,14.70000000000001
79,14.70000000000001
79,14.70000000000001
79,14.70000000000001
79,14.70000000000001
79,14.70000000000001
79,14.70000000000001
79,14.70000000000001
79,14.70000000000001
79,14.70000000000001
79,14.70000000000001
79,14.70000000000001
79,14.70000000000001
79,14.70000000000001
79,14.70000000000001
79,14.70000000000001
79,14.70000000000001
79,14.70000000000001
79,14.70000000000001
79,14.70000000000001
79,14.70000000000001
79,14.70000000000001
79,14.70000000000001
79,14.70000000000001
79,14.70000000000001
79,14.70000000000001
79,14.70000000000001
79,14.70000000000001
79,14.70000000000001
79,14.70000000000001
79,14.70000000000001
79,14.70000000000001
79,14.70000000000001
79,14.70000000000001
79,14.70000000000001
79,14.70000000000001
79,14.70000000000001
79,14.70000000000001
79,14.70000000000001
79,14.70000000000001
79,14.70000000000001
79,14.70000000000001
79,14.70000000000001
79,14.70000000000001
80,14.70000000000001
80,14.70000000000001
80,14.70000000000001
80,14.70000000000001
80,14.70000000000001
80,14.70000000000001
80,14.70000000000001
80,14.70000000000001
80,14.70000000000001
80,14.70000000000001
80,14.70000000000001
80,14.70000000000001
80,14.70000000000001
80,14.70000000000001
80,14.70000000000001
80,14.70000000000001
80,14.70000000000001
80,14.70000000000001
80,14.70000000000001
80,14.70000000000001
80,14.70000000000001
80,14.70000000000001
80,14.70000000000001
80,14.70000000000001
80,14.70000000000001
80,14.70000000000001
80,14.70000000000001
80,14.70000000000001
80,14.70000000000001
80,14.70000000000001
80,14.70000000000001
80,14.70000000000001
80,14.70000000000001
80,14.70000000000001
80,14.70000000000001
80,14.70000000000001
80,14.70000000000001
80,14.70000000000001
80,14.70000000000001
80,14.70000000000001
80,14.70000000000001
80,14.70000000000001
80,14.70000000000001
80,14.70000000000001
80,14.70000000000001
80,14.70000000000001
81,14.70000000000001
81,14.70000000000001
81,14.70000000000001
81,14.70000000000001
81,14.70000000000001
81,14.70000000000001
81,14.70000000000001
81,14.70000000000001
81,14.70000000000001
81,14.70000000000001
81,14.70000000000001
81,14.70000000000001
81,14.70000000000001
81,14.70000000000001
81,14.70000000000001
81,14.70000000000001
81,14.70000000000001
81,14.70000000000001
81,14.70000000000001
81,14.70000000000001
81,14.70000000000001
81,14.70000000000001
81,14.70000000000001
81,14.70000000000001
81,14.70000000000001
81,14.70000000000001
81,14.70000000000001
81,14.70000000000001
81,14.70000000000001
81,14.70000000000001
81,14.70000000000001
81,14.70000000000001
81,14.70000000000001
81,14.70000000000001
81,14.70000000000001
81,14.70000000000001
81,14.70000000000001
81,14.70000000000001
81,14.70000000000001
81,14.70000000000001
81,14.70000000000001
81,14.70000000000001
81,14.70000000000001
81,14.70000000000001
81,14.70000000000001
81,14.70000000000001
81,14.70000000000001
82,14.70000000000001
82,14.70000000000001
82,14.70000000000001
82,14.70000000000001
82,14.70000000000001
82,14.70000000000001
82,14.70000000000001
82,14.70000000000001
82,14.70000000000001
82,14.70000000000001
82,14.70000000000001
82,14.70000000000001
82,14.70000000000001
82,14.70000000000001
82,14.70000000000001
82,14.70000000000001
82,14.70000000000001
82,14.70000000000001
82,14.70000000000001
82,14.70000000000001
82,14.70000000000001
82,14.70000000000001
82,14.70000000000001
82,14.70000000000001
82,14.70000000000001
82,14.70000000000001
82,14.70000000000001
82,14.70000000000001
82,14.70000000000001
82,14.70000000000001
82,14.70000000000001
82,14.70000000000001
82,14.70000000000001
82,14.70000000000001
82,14.70000000000001
82,14.70000000000001
82,14.70000000000001
82,14.70000000000001
82,14.70000000000001
82,14.70000000000001
82,14.70000000000001
82,14.600000000000014
82,14.600000000000014
82,14.600000000000014
82,14.600000000000014
82,14.600000000000014
83,14.600000000000014
83,14.600000000000014
83,14.600000000000014
83,14.600000000000014
83,14.600000000000014
83,14.600000000000014
83,14.600000000000014
83,14.600000000000014
83,14.600000000000014
83,14.600000000000014
83,14.600000000000014
83,14.600000000000014
83,14.600000000000014
83,14.600000000000014
83,14.600000000000014
83,14.600000000000014
83,14.600000000000014
83,14.600000000000014
83,14.600000000000014
83,14.600000000000014
83,14.600000000000014
83,14.600000000000014
83,14.600000000000014
83,14.600000000000014
83,14.600000000000014
83,14.600000000000014
83,14.600000000000014
83,14.600000000000014
83,14.600000000000014
83,14.600000000000014
83,14.600000000000014
83,14.600000000000014
83,14.600000000000014
83,14.600000000000014
83,14.600000000000014
83,14.600000000000014
83,14.600000000000014
83,14.600000000000014
83,14.600000000000014
83,14.600000000000014
83,14.600000000000014
83,14.600000000000014
83,14.600000000000014
84,14.600000000000014
84,14.600000000000014
84,14.600000000000014
84,14.600000000000014
84,14.600000000000014
84,14.600000000000014
84,14.600000000000014
84,14.600000000000014
84,14.600000000000014
84,14.600000000000014
84,14.600000000000014
84,14.600000000000014
84,14.600000000000014
84,14.600000000000014
84,14.600000000000014
84,14.600000000000014
84,14.600000000000014
84,14.600000000000014
84,14.600000000000014
84,14.600000000000014
84,14.600000000000014
84,14.600000000000014
84,14.600000000000014
84,14.600000000000014
84,14.600000000000014
84,14.600000000000014
84,14.600000000000014
84,14.600000000000014
84,14.600000000000014
84,14.600000000000014
84,14.600000000000014
84,14.600000000000014
84,14.600000000000014
84,14.600000000000014
84,14.600000000000014
84,14.600000000000014
84,14.600000000000014
84,14.600000000000014
84,14.600000000000014
84,14.600000000000014
84,14.600000000000014
84,14.600000000000014
84,14.600000000000014
84,14.600000000000014
84,14.600000000000014
84,14.600000000000014
84,14.600000000000014
85,14.600000000000014
85,14.600000000000014
85,14.600000000000014
85,14.600000000000014
85,14.600000000000014
85,14.600000000000014
85,14.600000000000014
85,14.600000000000014
85,14.600000000000014
85,14.600000000000014
85,14.600000000000014
85,14.600000000000014
85,14.600000000000014
85,14.600000000000014
85,14.600000000000014
85,14.600000000000014
85,14.600000000000014
85,14.600000000000014
85,14.600000000000014
85,14.600000000000014
85,14.600000000000014
85,14.600000000000014
85,14.600000000000014
85,14.600000000000014
85,14.600000000000014
85,14.600000000000014
85,14.600000000000014
85,14.600000000000014
85,14.600000000000014
85,14.600000000000014
85,14.600000000000014
85,14.600000000000014
85,14.600000000000014
85,14.600000000000014
85,14.600000000000014
85,14.600000000000014
85,14.600000000000014
85,14.600000000000014
85,14.600000000000014
85,14.600000000000014
85,14.600000000000014
85,14.600000000000014
85,14.600000000000014
86,14.600000000000014
86,14.600000000000014
86,14.600000000000014
86,14.600000000000014
86,14.600000000000014
86,14.600000000000014
86,14.600000000000014
86,14.600000000000014
86,14.600000000000014
86,14.600000000000014
86,14.600000000000014
86,14.600000000000014
86,14.600000000000014
86,14.600000000000014
86,14.600000000000014
86,14.600000000000014
86,14.600000000000014
86,14.600000000000014
86,14.600000000000014
86,14.600000000000014
86,14.600000000000014
86,14.600000000000014
86,14.600000000000014
86,14.600000000000014
86,14.600000000000014
86,14.600000000000014
86,14.600000000000014
86,14.600000000000014
86,14.600000000000014
86,14.600000000000014
86,14.600000000000014
86,14.600000000000014
86,14.600000000000014
86,14.600000000000014
86,14.600000000000014
86,14.600000000000014
86,14.600000000000014
86,14.600000000000014
86,14.600000000000014
86,14.600000000000014
86,14.600000000000014
86,14.600000000000014
86,14.600000000000014
86,14.600000000000014
86,14.600000000000014
87,14.600000000000014
87,14.600000000000014
87,14.600000000000014
87,14.600000000000014
87,14.600000000000014
87,14.600000000000014
87,14.600000000000014
87,14.600000000000014
87,14.600000000000014
87,14.600000000000014
87,14.600000000000014
87,14.600000000000014
87,14.600000000000014
87,14.600000000000014
87,14.600000000000014
87,14.600000000000014
87,14.600000000000014
87,14.600000000000014
87,14.600000000000014
87,14.600000000000014
87,14.600000000000014
87,14.600000000000014
87,14.600000000000014
87,14.600000000000014
87,14.600000000000014
87,14.600000000000014
87,14.600000000000014
87,14.600000000000014
87,14.600000000000014
87,14.600000000000014
87,14.600000000000014
87,14.600000000000014
87,14.600000000000014
87,14.600000000000014
87,14.600000000000014
87,14.600000000000014
87,14.600000000000014
87,14.600000000000014
87,14.600000000000014
87,14.600000000000014
87,14.600000000000014
87,14.600000000000014
87,14.600000000000014
87,14.600000000000014
87,14.600000000000014
87,14.600000000000014
88,14.600000000000014
88,14.600000000000014
88,14.600000000000014
88,14.600000000000014
88,14.600000000000014
88,14.600000000000014
88,14.600000000000014
88,14.600000000000014
88,14.600000000000014
88,14.600000000000014
88,14.600000000000014
88,14.600000000000014
88,14.600000000000014
88,14.600000000000014
88,14.600000000000014
88,14.600000000000014
88,14.600000000000014
88,14.600000000000014
88,14.600000000000014
88,14.600000000000014
88,14.600000000000014
88,14.600000000000014
88,14.600000000000014
88,14.600000000000014
88,14.600000000000014
88,14.600000000000014
88,14.600000000000014
88,14.600000000000014
88,14.600000000000014
88,14.600000000000014
88,14.600000000000014
88,14.600000000000014
88,14.600000000000014
88,14.600000000000014
88,14.600000000000014
88,14.399999999999986
88,14.399999999999986
88,14.399999999999986
88,14.399999999999986
88,14.399999999999986
88,14.399999999999986
88,14.399999999999986
88,14.399999999999986
88,14.399999999999986
88,14.399999999999986
89,14.399999999999986
89,14.399999999999986
89,14.399999999999986
89,14.399999999999986
89,14.399999999999986
89,14.399999999999986
89,14.399999999999986
89,14.399999999999986
89,14.399999999999986
89,14.399999999999986
89,14.399999999999986
89,14.399999999999986
89,14.399999999999986
89,14.399999999999986
89,14.399999999999986
89,14.399999999999986
89,14.399999999999986
89,14.399999999999986
89,14.399999999999986
89,14.399999999999986
89,14.399999999999986
89,14.399999999999986
89,14.399999999999986
89,14.399999999999986
89,14.399999999999986
89,14.399999999999986
89,14.399999999999986
89,14.399999999999986
89,14.399999999999986
89,14.399999999999986
89,14.399999999999986
89,14.399999999999986
89,14.399999999999986
89,14.399999999999986
89,14.399999999999986
89,14.399999999999986
89,14.399999999999986
89,14.399999999999986
89,14.399999999999986
89,14.399999999999986
89,14.399999999999986
89,14.399999999999986
89,14.399999999999986
89,14.399999999999986
89,14.399999999999986
90,14.399999999999986
90,14.399999999999986
90,14.399999999999986
90,14.399999999999986
90,14.399999999999986
90,14.399999999999986
90,14.399999999999986
90,14.399999999999986
90,14.399999999999986
90,14.399999999999986
90,14.399999999999986
90,14.399999999999986
90,14.399999999999986
90,14.399999999999986
90,14.399999999999986
90,14.399999999999986
90,14.399999999999986
90,14.399999999999986
90,14.399999999999986
90,14.399999999999986
90,14.399999999999986
90,14.399999999999986
90,14.399999999999986
90,14.399999999999986
90,14.399999999999986
90,14.399999999999986
90,14.399999999999986
90,14.399999999999986
90,14.399999999999986
90,14.399999999999986
90,14.399999999999986
90,14.399999999999986
90,14.399999999999986
90,14.399999999999986
90,14.399999999999986
90,14.399999999999986
90,14.399999999999986
90,14.399999999999986
90,14.399999999999986
90,14.399999999999986
90,14.399999999999986
90,14.399999999999986
90,14.399999999999986
90,14.399999999999986
90,14.399999999999986
90,14.399999999999986
91,14.399999999999986
91,14.399999999999986
91,14.399999999999986
91,14.399999999999986
91,14.399999999999986
91,14.399999999999986
91,14.399999999999986
91,14.399999999999986
91,14.399999999999986
91,14.399999999999986
91,14.399999999999986
91,14.399999999999986
91,14.399999999999986
91,14.399999999999986
91,14.399999999999986
91,14.399999999999986
91,14.399999999999986
91,14.399999999999986
91,14.399999999999986
91,14.399999999999986
91,14.399999999999986
91,14.399999999999986
91,14.399999999999986
91,14.399999999999986
91,14.399999999999986
91,14.399999999999986
91,14.399999999999986
91,14.399999999999986
91,14.399999999999986
91,14.399999999999986
91,14.399999999999986
91,14.399999999999986
91,14.399999999999986
91,14.399999999999986
91,14.399999999999986
91,14.399999999999986
91,14.399999999999986
91,14.399999999999986
91,14.399999999999986
91,14.399999999999986
91,14.399999999999986
91,14.399999999999986
91,14.399999999999986
92,14.399999999999986
92,14.399999999999986
92,14.399999999999986
92,14.399999999999986
92,14.399999999999986
92,14.399999999999986
92,14.399999999999986
92,14.399999999999986
92,14.399999999999986
92,14.399999999999986
92,14.399999999999986
92,14.399999999999986
92,14.399999999999986
92,14.399999999999986
92,14.399999999999986
92,14.399999999999986
92,14.399999999999986
92,14.399999999999986
92,14.399999999999986
92,14.399999999999986
92,14.399999999999986
92,14.399999999999986
92,14.399999999999986
92,14.399999999999986
92,14.399999999999986
92,14.399999999999986
92,14.399999999999986
92,14.399999999999986
92,14.399999999999986
92,14.399999999999986
92,14.399999999999986
92,14.399999999999986
92,14.399999999999986
92,14.399999999999986
92,14.399999999999986
92,14.399999999999986
92,14.399999999999986
92,14.399999999999986
92,14.399999999999986
92,14.399999999999986
92,14.399999999999986
92,14.399999999999986
92,14.399999999999986
93,14.399999999999986
93,14.399999999999986
93,14.399999999999986
93,14.399999999999986
93,14.399999999999986
93,14.399999999999986
93,14.399999999999986
93,14.399999999999986
93,14.399999999999986
93,14.399999999999986
93,14.399999999999986
93,14.399999999999986
93,14.399999999999986
93,14.399999999999986
93,14.399999999999986
93,14.399999999999986
93,14.399999999999986
93,14.399999999999986
93,14.399999999999986
93,14.399999999999986
93,14.399999999999986
93,14.399999999999986
93,14.399999999999986
93,14.399999999999986
93,14.399999999999986
93,14.399999999999986
93,14.399999999999986
93,14.399999999999986
93,14.399999999999986
93,14.399999999999986
93,14.399999999999986
93,14.399999999999986
93,14.399999999999986
93,14.399999999999986
93,14.399999999999986
93,14.399999999999986
93,14.399999999999986
93,14.399999999999986
93,14.399999999999986
93,14.399999999999986
93,14.399999999999986
93,14.399999999999986
93,14.399999999999986
93,14.399999999999986
93,14.399999999999986
93,14.399999999999986
93,14.399999999999986
94,14.399999999999986
94,14.399999999999986
94,14.399999999999986
94,14.399999999999986
94,14.399999999999986
94,14.399999999999986
94,14.399999999999986
94,14.399999999999986
94,14.399999999999986
94,14.399999999999986
94,14.399999999999986
94,14.399999999999986
94,14.399999999999986
94,14.399999999999986
94,14.399999999999986
94,14.399999999999986
94,14.399999999999986
94,14.399999999999986
94,14.399999999999986
94,14.399999999999986
94,14.399999999999986
94,14.399999999999986
94,14.399999999999986
94,14.399999999999986
94,14.399999999999986
94,14.399999999999986
94,14.399999999999986
94,14.399999999999986
94,14.399999999999986
94,14.399999999999986
94,14.399999999999986
94,14.399999999999986
94,14.399999999999986
94,14.399999999999986
94,14.399999999999986
94,14.399999999999986
94,14.399999999999986
94,14.399999999999986
94,14.399999999999986
94,14.399999999999986
94,14.399999999999986
94,14.399999999999986
94,14.399999999999986
94,14.399999999999986
94,14.399999999999986
95,14.399999999999986
95,14.399999999999986
95,14.399999999999986
95,14.399999999999986
95,14.399999999999986
95,14.399999999999986
95,14.399999999999986
95,14.399999999999986
95,14.399999999999986
95,14.399999999999986
95,14.399999999999986
95,14.399999999999986
95,14.399999999999986
95,14.399999999999986
95,14.399999999999986
95,14.399999999999986
95,14.399999999999986
95,14.399999999999986
95,14.399999999999986
95,14.399999999999986
95,14.399999999999986
95,14.399999999999986
95,14.399999999999986
95,14.399999999999986
95,14.399999999999986
95,14.399999999999986
95,14.399999999999986
95,14.399999999999986
95,14.399999999999986
95,14.399999999999986
95,14.399999999999986
95,14.399999999999986
95,14.399999999999986
95,14.399999999999986
95,14.399999999999986
95,14.399999999999986
95,14.399999999999986
95,14.399999999999986
95,14.399999999999986
95,14.399999999999986
95,14.399999999999986
95,14.399999999999986
95,14.399999999999986
95,14.399999999999986
96,14.399999999999986
96,14.399999999999986
96,14.399999999999986
96,14.399999999999986
96,14.399999999999986
96,14.399999999999986
96,14.399999999999986
96,14.399999999999986
96,14.399999999999986
96,14.399999999999986
96,14.399999999999986
96,14.399999999999986
96,14.399999999999986
96,14.399999999999986
96,14.399999999999986
96,14.399999999999986
96,14.399999999999986
96,14.399999999999986
96,14.399999999999986
96,14.399999999999986
96,14.399999999999986
96,14.399999999999986
96,14.399999999999986
96,14.399999999999986
96,14.399999999999986
96,14.399999999999986
96,14.399999999999986
96,14.399999999999986
96,14.399999999999986
96,14.399999999999986
96,14.399999999999986
96,14.399999999999986
96,14.399999999999986
96,14.399999999999986
96,14.399999999999986
96,14.399999999999986
96,14.399999999999986
96,14.399999999999986
96,14.399999999999986
96,14.399999999999986
96,14.399999999999986
96,14.399999999999986
96,14.399999999999986
96,14.399999999999986
96,14.399999999999986
96,14.399999999999986
97,14.399999999999986
97,14.399999999999986
97,14.399999999999986
97,14.399999999999986
97,14.399999999999986
97,14.399999999999986
97,14.399999999999986
97,14.399999999999986
97,14.399999999999986
97,14.399999999999986
97,14.399999999999986
97,14.399999999999986
97,14.399999999999986
97,14.399999999999986
97,14.399999999999986
97,14.399999999999986
97,14.399999999999986
97,14.399999999999986
97,14.399999999999986
97,14.399999999999986
97,14.399999999999986
97,14.399999999999986
97,14.399999999999986
97,14.399999999999986
97,14.399999999999986
97,14.399999999999986
97,14.399999999999986
97,14.399999999999986
97,14.399999999999986
97,14.399999999999986
97,14.399999999999986
97,14.399999999999986
97,14.399999999999986
97,14.399999999999986
97,14.399999999999986
97,14.399999999999986
97,14.399999999999986
97,14.399999999999986
97,14.399999999999986
97,14.399999999999986
97,14.399999999999986
97,14.399999999999986
97,14.399999999999986
97,14.399999999999986
97,14.399999999999986
98,14.399999999999986
98,14.399999999999986
98,14.399999999999986
98,14.399999999999986
98,14.399999999999986
98,14.399999999999986
98,14.399999999999986
98,14.399999999999986
98,14.399999999999986
98,14.399999999999986
98,14.399999999999986
98,14.399999999999986
98,14.399999999999986
98,14.399999999999986
98,14.399999999999986
98,14.399999999999986
98,14.399999999999986
98,14.399999999999986
98,14.399999999999986
98,14.399999999999986
98,14.399999999999986
98,14.399999999999986
98,14.399999999999986
98,14.399999999999986
98,14.399999999999986
98,14.399999999999986
98,14.399999999999986
98,14.399999999999986
98,14.399999999999986
98,14.399999999999986
98,14.399999999999986
98,14.399999999999986
98,14.399999999999986
98,14.399999999999986
98,14.399999999999986
98,14.399999999999986
98,14.399999999999986
98,14.399999999999986
98,14.399999999999986
98,14.399999999999986
98,14.399999999999986
99,14.399999999999986
99,14.399999999999986
99,14.399999999999986
99,14.399999999999986
99,14.399999999999986
99,14.399999999999986
99,14.399999999999986
99,14.399999999999986
99,14.399999999999986
99,14.399999999999986
99,14.399999999999986
99,14.399999999999986
99,14.399999999999986
99,14.399999999999986
99,14.399999999999986
99,14.399999999999986
99,14.399999999999986
99,14.399999999999986
99,14.399999999999986
99,14.399999999999986
99,14.399999999999986
99,14.399999999999986
99,14.399999999999986
99,14.399999999999986
99,14.399999999999986
99,14.399999999999986
99,14.399999999999986
99,14.399999999999986
99,14.399999999999986
99,14.399999999999986
99,14.399999999999986
99,14.399999999999986
99,14.399999999999986
99,14.399999999999986
99,14.399999999999986
99,14.399999999999986
99,14.399999999999986
99,14.399999999999986
99,14.399999999999986
99,14.399999999999986
99,14.399999999999986
99,14.399999999999986
99,14.399999999999986
99,14.399999999999986
99,14.399999999999986
99,14.399999999999986
99,14.399999999999986
99,14.399999999999986
99,14.399999999999986
100,14.399999999999986
100,14.399999999999986
100,14.399999999999986
100,14.399999999999986
100,14.399999999999986
100,14.399999999999986
100,14.399999999999986
100,14.399999999999986
100,14.399999999999986
100,14.399999999999986
100,14.399999999999986
100,14.399999999999986
100,14.399999999999986
100,14.399999999999986
100,14.399999999999986
100,14.399999999999986
100,14.399999999999986
100,14.399999999999986
100,14.399999999999986
100,14.399999999999986
100,14.399999999999986
100,14.399999999999986
100,14.399999999999986
100,14.399999999999986
100,14.399999999999986
100,14.399999999999986
100,14.399999999999986
100,14.399999999999986
100,14.399999999999986
100,14.399999999999986
100,14.399999999999986
100,14.399999999999986
100,14.399999999999986
100,14.399999999999986
100,14.399999999999986
100,14.399999999999986
100,14.399999999999986
100,14.399999999999986
100,14.399999999999986
100,14.399999999999986
100,14.399999999999986
100,14.399999999999986
100,14.399999999999986
100,14.399999999999986
100,14.399999999999986
101,14.399999999999986
101,14.399999999999986
101,14.399999999999986
101,14.399999999999986
101,14.399999999999986
101,14.399999999999986
101,14.399999999999986
101,14.399999999999986
101,14.399999999999986
101,14.399999999999986
101,14.399999999999986
101,14.399999999999986
101,14.399999999999986
101,14.399999999999986
101,14.399999999999986
101,14.399999999999986
101,14.399999999999986
101,14.399999999999986
101,14.399999999999986
101,14.399999999999986
101,14.399999999999986
101,14.399999999999986
101,14.399999999999986
101,14.399999999999986
101,14.399999999999986
101,14.399999999999986
101,14.399999999999986
101,14.399999999999986
101,14.399999999999986
101,14.399999999999986
101,14.399999999999986
101,14.399999999999986
101,14.399999999999986
101,14.399999999999986
101,14.399999999999986
101,14.399999999999986
101,14.399999999999986
101,14.399999999999986
101,14.399999999999986
101,14.399999999999986
101,14.399999999999986
101,14.399999999999986
101,14.399999999999986
102,14.399999999999986
102,14.399999999999986
102,14.399999999999986
102,14.399999999999986
102,14.399999999999986
102,14.399999999999986
102,14.399999999999986
102,14.399999999999986
102,14.399999999999986
102,14.399999999999986
102,14.399999999999986
102,14.399999999999986
102,14.399999999999986
102,14.399999999999986
102,14.399999999999986
102,14.399999999999986
102,14.399999999999986
102,14.399999999999986
102,14.399999999999986
102,14.399999999999986
102,14.399999999999986
102,14.399999999999986
102,14.399999999999986
102,14.399999999999986
102,14.399999999999986
102,14.399999999999986
102,14.399999999999986
102,14.399999999999986
102,14.399999999999986
102,14.399999999999986
102,14.399999999999986
102,14.399999999999986
102,14.399999999999986
102,14.399999999999986
102,14.399999999999986
102,14.399999999999986
102,14.399999999999986
102,14.399999999999986
102,14.399999999999986
102,14.399999999999986
102,14.399999999999986
102,14.399999999999986
102,14.399999999999986
102,14.399999999999986
102,14.399999999999986
102,14.399999999999986
103,14.399999999999986
103,14.399999999999986
103,14.399999999999986
103,14.399999999999986
103,14.399999999999986
103,14.399999999999986
103,14.399999999999986
103,14.399999999999986
103,14.399999999999986
103,14.399999999999986
103,14.399999999999986
103,14.399999999999986
103,14.399999999999986
103,14.399999999999986
103,14.399999999999986
103,14.399999999999986
103,14.399999999999986
103,14.399999999999986
103,14.399999999999986
103,14.399999999999986
103,14.399999999999986
103,14.399999999999986
103,14.399999999999986
103,14.399999999999986
103,14.399999999999986
103,14.399999999999986
103,14.399999999999986
103,14.399999999999986
103,14.399999999999986
103,14.399999999999986
103,14.399999999999986
103,14.399999999999986
103,14.399999999999986
103,14.399999999999986
103,14.399999999999986
103,14.399999999999986
103,14.399999999999986
103,14.399999999999986
103,14.399999999999986
103,14.399999999999986
103,14.399999999999986
103,14.399999999999986
103,14.399999999999986
103,14.399999999999986
103,14.399999999999986
103,14.399999999999986
104,14.399999999999986
104,14.399999999999986
104,14.399999999999986
104,14.399999999999986
104,14.399999999999986
104,14.399999999999986
104,14.399999999999986
104,14.399999999999986
104,14.399999999999986
104,14.399999999999986
104,14.399999999999986
104,14.399999999999986
104,14.399999999999986
104,14.399999999999986
104,14.399999999999986
104,14.399999999999986
104,14.399999999999986
104,14.399999999999986
104,14.399999999999986
104,14.399999999999986
104,14.399999999999986
104,14.399999999999986
104,14.399999999999986
104,14.399999999999986
104,14.399999999999986
104,14.399999999999986
104,14.399999999999986
104,14.399999999999986
104,14.399999999999986
104,14.399999999999986
104,14.399999999999986
104,14.399999999999986
104,14.399999999999986
104,14.399999999999986
104,14.399999999999986
104,14.399999999999986
104,14.399999999999986
104,14.399999999999986
104,14.399999999999986
104,14.399999999999986
104,14.399999999999986
104,14.399999999999986
105,14.399999999999986
105,14.399999999999986
105,14.399999999999986
105,14.399999999999986
105,14.399999999999986
105,14.399999999999986
105,14.399999999999986
105,14.399999999999986
105,14.399999999999986
105,14.399999999999986
105,14.399999999999986
105,14.399999999999986
105,14.399999999999986
105,14.399999999999986
105,14.399999999999986
105,14.399999999999986
105,14.399999999999986
105,14.399999999999986
105,14.399999999999986
105,14.399999999999986
105,14.399999999999986
105,14.399999999999986
105,14.399999999999986
105,14.399999999999986
105,14.399999999999986
105,14.399999999999986
105,14.399999999999986
105,14.399999999999986
105,14.399999999999986
105,14.399999999999986
105,14.399999999999986
105,14.399999999999986
105,14.399999999999986
105,14.399999999999986
105,14.399999999999986
105,14.399999999999986
105,14.399999999999986
105,14.399999999999986
105,14.399999999999986
105,14.399999999999986
105,14.399999999999986
105,14.399999999999986
105,14.399999999999986
105,14.399999999999986
106,14.399999999999986
106,14.399999999999986
106,14.399999999999986
106,14.399999999999986
106,14.399999999999986
106,14.399999999999986
106,14.399999999999986
106,14.399999999999986
106,14.399999999999986
106,14.399999999999986
106,14.399999999999986
106,14.399999999999986
106,14.399999999999986
106,14.399999999999986
106,14.399999999999986
106,14.399999999999986
106,14.399999999999986
106,14.399999999999986
106,14.399999999999986
106,14.399999999999986
106,14.399999999999986
106,14.399999999999986
106,14.399999999999986
106,14.399999999999986
106,14.399999999999986
106,14.399999999999986
106,14.399999999999986
106,14.399999999999986
106,14.399999999999986
106,14.399999999999986
106,14.399999999999986
106,14.399999999999986
106,14.399999999999986
106,14.399999999999986
106,14.399999999999986
106,14.399999999999986
106,14.399999999999986
106,14.399999999999986
106,14.399999999999986
106,14.399999999999986
106,14.399999999999986
106,14.399999999999986
106,14.399999999999986
106,14.399999999999986
106,14.399999999999986
107,14.399999999999986
107,14.399999999999986
107,14.399999999999986
107,14.399999999999986
107,14.399999999999986
107,14.399999999999986
107,14.399999999999986
107,14.399999999999986
107,14.399999999999986
107,14.399999999999986
107,14.399999999999986
107,14.399999999999986
107,14.399999999999986
107,14.399999999999986
107,14.399999999999986
107,14.399999999999986
107,14.399999999999986
107,14.399999999999986
107,14.399999999999986
107,14.399999999999986
107,14.399999999999986
107,14.399999999999986
107,14.399999999999986
107,14.399999999999986
107,14.399999999999986
107,14.399999999999986
107,14.399999999999986
107,14.399999999999986
107,14.399999999999986
107,14.399999999999986
107,14.399999999999986
107,14.399999999999986
107,14.399999999999986
107,14.399999999999986
107,14.399999999999986
107,14.399999999999986
107,14.399999999999986
107,14.399999999999986
107,14.399999999999986
107,14.399999999999986
107,14.399999999999986
107,14.399999999999986
107,14.399999999999986
107,14.399999999999986
107,14.399999999999986
108,14.399999999999986
108,14.399999999999986
108,14.399999999999986
108,14.399999999999986
108,14.399999999999986
108,14.399999999999986
108,14.399999999999986
108,14.399999999999986
108,14.399999999999986
108,14.399999999999986
108,14.399999999999986
108,14.399999999999986
108,14.399999999999986
108,14.399999999999986
108,14.399999999999986
108,14.399999999999986
108,14.399999999999986
108,14.399999999999986
108,14.399999999999986
108,14.399999999999986
108,14.399999999999986
108,14.399999999999986
108,14.399999999999986
108,14.399999999999986
108,14.399999999999986
108,14.399999999999986
108,14.399999999999986
108,14.399999999999986
108,14.399999999999986
108,14.399999999999986
108,14.399999999999986
108,14.399999999999986
108,14.399999999999986
108,14.399999999999986
108,14.399999999999986
108,14.399999999999986
108,14.399999999999986
108,14.399999999999986
108,14.399999999999986
108,14.399999999999986
108,14.399999999999986
108,14.399999999999986
109,14.399999999999986
109,14.399999999999986
109,14.399999999999986
109,14.399999999999986
109,14.399999999999986
109,14.399999999999986
109,14.399999999999986
109,14.399999999999986
109,14.399999999999986
109,14.399999999999986
109,14.399999999999986
109,14.399999999999986
109,14.399999999999986
109,14.399999999999986
109,14.399999999999986
109,14.399999999999986
109,14.399999999999986
109,14.399999999999986
109,14.399999999999986
109,14.399999999999986
109,14.399999999999986
109,14.399999999999986
109,14.399999999999986
109,14.399999999999986
109,14.399999999999986
109,14.399999999999986
109,14.399999999999986
109,14.399999999999986
109,14.399999999999986
109,14.399999999999986
109,14.399999999999986
109,14.399999999999986
109,14.399999999999986
109,14.399999999999986
109,14.399999999999986
109,14.399999999999986
109,14.399999999999986
109,14.399999999999986
109,14.399999999999986
109,14.399999999999986
109,14.399999999999986
109,14.399999999999986
109,14.399999999999986
109,14.399999999999986
110,14.399999999999986
110,14.399999999999986
110,14.399999999999986
110,14.399999999999986
110,14.399999999999986
110,14.399999999999986
110,14.399999999999986
110,14.399999999999986
110,14.399999999999986
110,14.399999999999986
110,14.399999999999986
110,14.399999999999986
110,14.399999999999986
110,14.399999999999986
110,14.399999999999986
110,14.399999999999986
110,14.399999999999986
110,14.399999999999986
110,14.399999999999986
110,14.399999999999986
110,14.399999999999986
110,14.399999999999986
110,14.399999999999986
110,14.399999999999986
110,14.399999999999986
110,14.399999999999986
110,14.399999999999986
110,14.399999999999986
110,14.399999999999986
110,14.399999999999986
110,14.399999999999986
110,14.399999999999986
110,14.399999999999986
110,14.399999999999986
110,14.399999999999986
110,14.399999999999986
110,14.399999999999986
110,14.399999999999986
110,14.399999999999986
110,14.399999999999986
110,14.399999999999986
110,14.399999999999986
110,14.399999999999986
110,14.399999999999986
111,14.399999999999986
111,14.399999999999986
111,14.399999999999986
111,14.399999999999986
111,14.399999999999986
111,14.399999999999986
111,14.399999999999986
111,14.399999999999986
111,14.399999999999986
111,14.399999999999986
111,14.399999999999986
111,14.399999999999986
111,14.399999999999986
111,14.399999999999986
111,14.399999999999986
111,14.399999999999986
111,14.399999999999986
111,14.399999999999986
111,14.399999999999986
111,14.399999999999986
111,14.399999999999986
111,14.399999999999986
111,14.399999999999986
111,14.399999999999986
111,14.399999999999986
111,14.399999999999986
111,14.399999999999986
111,14.399999999999986
111,14.399999999999986
111,14.399999999999986
111,14.399999999999986
111,14.399999999999986
111,14.399999999999986
111,14.399999999999986
111,14.399999999999986
111,14.399999999999986
111,14.399999999999986
111,14.399999999999986
111,14.399999999999986
111,14.399999999999986
111,14.399999999999986
111,14.399999999999986
111,14.399999999999986
111,14.399999999999986
111,14.399999999999986
112,14.399999999999986
112,14.399999999999986
112,14.399999999999986
112,14.399999999999986
112,14.399999999999986
112,14.399999999999986
112,14.399999999999986
112,14.399999999999986
112,14.399999999999986
112,14.399999999999986
112,14.399999999999986
112,14.399999999999986
112,14.399999999999986
112,14.399999999999986
112,14.399999999999986
112,14.399999999999986
112,14.399999999999986
112,14.399999999999986
112,14.399999999999986
112,14.399999999999986
112,14.399999999999986
112,14.399999999999986
112,14.399999999999986
112,14.399999999999986
112,14.399999999999986
112,14.399999999999986
112,14.399999999999986
112,14.399999999999986
112,14.399999999999986
112,14.399999999999986
112,14.399999999999986
112,14.399999999999986
112,14.399999999999986
112,14.399999999999986
112,14.399999999999986
112,14.399999999999986
112,14.399999999999986
112,14.399999999999986
112,14.399999999999986
112,14.399999999999986
112,14.399999999999986
112,14.399999999999986
112,14.399999999999986
112,14.399999999999986
112,14.399999999999986
113,14.399999999999986
113,14.399999999999986
113,14.399999999999986
113,14.399999999999986
113,14.399999999999986
113,14.399999999999986
113,14.399999999999986
113,14.399999999999986
113,14.399999999999986
113,14.399999999999986
113,14.399999999999986
113,14.399999999999986
113,14.399999999999986
113,14.399999999999986
113,14.399999999999986
113,14.399999999999986
113,14.399999999999986
113,14.399999999999986
113,14.399999999999986
113,14.399999999999986
113,14.399999999999986
113,14.399999999999986
113,14.399999999999986
113,14.399999999999986
113,14.399999999999986
113,14.399999999999986
113,14.399999999999986
113,14.399999999999986
113,14.399999999999986
113,14.399999999999986
113,14.399999999999986
113,14.399999999999986
113,14.399999999999986
113,14.399999999999986
113,14.399999999999986
113,14.399999999999986
113,14.399999999999986
113,14.399999999999986
113,14.399999999999986
113,14.399999999999986
113,14.399999999999986
113,14.399999999999986
113,14.399999999999986
113,14.399999999999986
113,14.399999999999986
113,14.399999999999986
114,14.399999999999986
114,14.399999999999986
114,14.399999999999986
114,14.399999999999986
114,14.399999999999986
114,14.399999999999986
114,14.399999999999986
114,14.399999999999986
114,14.399999999999986
114,14.399999999999986
114,14.399999999999986
114,14.399999999999986
114,14.399999999999986
114,14.399999999999986
114,14.399999999999986
114,14.399999999999986
114,14.399999999999986
114,14.399999999999986
114,14.399999999999986
114,14.399999999999986
114,14.399999999999986
114,14.399999999999986
114,14.399999999999986
114,14.399999999999986
114,14.399999999999986
114,14.399999999999986
114,14.399999999999986
114,14.399999999999986
114,14.399999999999986
114,14.399999999999986
114,14.399999999999986
114,14.399999999999986
114,14.299999999999994
114,14.299999999999994
114,14.299999999999994
114,14.299999999999994
114,14.299999999999994
114,14.299999999999994
114,14.100000000000012
114,14.100000000000012
114,14.100000000000012
114,14.100000000000012
114,14.100000000000012
114,14.100000000000012
114,14.100000000000012
114,14.100000000000012
115,14.100000000000012
115,14.100000000000012
115,14.100000000000012
115,14.100000000000012
115,14.100000000000012
115,14.100000000000012
115,14.100000000000012
115,14.100000000000012
115,14.100000000000012
115,14.0
115,14.0
115,14.0
115,14.0
115,14.0
115,14.0
115,14.0
115,14.0
115,14.0
115,14.0
115,14.0
115,14.0
115,14.0
115,14.0
115,14.0
115,14.0
115,14.0
115,14.0
115,14.0
115,14.0
115,14.0
115,14.0
115,14.0
115,14.0
115,14.0
115,14.0
115,14.0
115,14.0
115,14.0
115,14.0
115,14.0
115,14.0
115,14.0
115,14.0
115,14.0
115,14.0
116,14.0
116,14.0
116,14.0
116,14.0
116,14.0
116,14.0
116,14.0
116,14.0
116,14.0
116,14.0
116,14.0
116,14.0
116,14.0
116,14.0
116,14.0
116,14.0
116,14.0
116,14.0
116,14.0
116,14.0
116,14.0
116,14.0
116,14.0
116,14.0
116,14.0
116,14.0
116,14.0
116,14.0
116,14.0
116,14.0
116,14.0
116,14.0
116,14.0
116,14.0
116,14.0
116,14.0
116,14.0
116,14.0
116,14.0
116,14.0
116,14.0
116,14.0
116,14.0
116,14.0
116,14.0
116,14.0
117,14.0
117,14.0
117,14.0
117,14.0
117,14.0
117,14.0
117,14.0
117,14.0
117,14.0
117,14.0
117,14.0
117,14.0
117,14.0
117,14.0
117,14.0
117,14.0
117,14.0
117,14.0
117,14.0
117,14.0
117,14.0
117,14.0
117,14.0
117,14.0
117,14.0
117,14.0
117,14.0
117,14.0
117,14.0
117,14.0
117,14.0
118,14.0
118,14.0
118,14.0
118,14.0
118,14.0
118,14.0
118,14.0
118,14.0
118,14.0
118,14.0
118,14.0
118,14.0
118,14.0
118,14.0
118,14.0
118,14.0
118,14.0
118,14.0
118,14.0
118,14.0
118,14.0
118,14.0
118,14.0
118,14.0
118,14.0
118,14.0
118,14.0
118,14.0
118,14.0
118,14.0
118,14.0
118,14.0
118,14.0
118,14.0
118,14.0
118,14.0
118,14.0
118,14.0
119,14.0
119,14.0
119,14.0
119,14.0
119,14.0
119,14.0
119,14.0
119,14.0
119,14.0
119,14.0
119,14.0
119,14.0
119,14.0
119,14.0
119,14.0
119,14.0
119,14.0
119,14.0
119,14.0
119,14.0
119,14.0
119,14.0
119,14.0
119,14.0
119,14.0
119,14.0
119,14.0
119,14.0
119,14.0
119,14.0
119,14.0
119,14.0
119,14.0
119,14.0
119,14.0
119,14.0
119,14.0
119,14.0
119,14.0
119,14.0
119,14.0
119,14.0
119,14.0
120,14.0
120,14.0
120,14.0
120,14.0
120,14.0
120,14.0
120,14.0
120,14.0
120,14.0
120,14.0
120,14.0
120,14.0
120,14.0
120,14.0
120,14.0
120,14.0
120,14.0
120,14.0
120,14.0
120,14.0
120,14.0
120,14.0
120,14.0
120,14.0
120,14.0
120,14.0
120,14.0
120,14.0
120,14.0
120,14.0
120,14.0
120,14.0
120,14.0
120,14.0
120,14.0
120,14.0
120,14.0
120,14.0
120,14.0
120,14.0
120,14.0
120,14.0
121,14.0
