1,0.0
0,-7.05878272524683E-37
1,-2.0458494411128072E-32
2,-3.0512827974842814E-32
3,-3.8487771650085773E-32
4,-6.823303146873701E-5
5,-2.193204582923694E-4
6,-1.973884124631324E-4
7,-2.120097763492904E-4
8,-1.3159227497542138E-4
9,-1.900777305200534E-4
10,-1.5352432080465838E-4
11,-1.900777305200534E-4
12,-1.8033015459594805E-4
13,-2.0226220042518506E-4
14,-1.8520394255800072E-4
15,-2.0957288236826406E-4
16,-1.973884124631324E-4
17,-1.9495151848210606E-4
18,-1.7545636663389538E-4
19,-1.9251462450107972E-4
20,-2.1688356431134306E-4
21,-1.900777305200534E-4
22,-1.7301947265286905E-4
23,-2.193204582923694E-4
24,-1.973884124631324E-4
25,-2.0226220042518506E-4
26,-2.3150492819750106E-4
27,-2.3881561014058006E-4
28,-1.9495151848210606E-4
29,-1.9251462450107972E-4
30,-2.0226220042518506E-4
31,-2.1688356431134306E-4
32,-2.0957288236826406E-4
33,-2.266311402354484E-4
34,-2.4368939810263273E-4
35,-2.412525041216064E-4
36,-2.3881561014058006E-4
37,-1.9251462450107972E-4
38,-2.2175735227339573E-4
39,-0.0022488673874889757
40,-0.006922689648172424
41,-0.007727653560750613
42,-0.007647157169492794
43,-0.007969142734524069
44,-0.007727653560750613
45,-0.007969142734524069
46,-0.006681200474398967
47,-0.007405667995719337
48,-0.007325171604461518
49,-0.007808149952008432
50,-0.0071641788219458805
51,-0.006681200474398967
52,-0.007647157169492794
53,-0.007083682430688062
54,-0.007727653560750613
55,-0.006600704083141148
56,-0.006922689648172424
57,-0.007325171604461518
58,-0.007808149952008432
59,-0.006278718518109873
60,-0.005956732953078597
61,-0.006600704083141148
62,-0.005312761823016046
63,-0.005956732953078597
64,-0.007244675213203699
65,-0.005071272649242589
66,-0.005876236561820778
67,-0.004668790692953495
68,-0.004427301519180038
69,-0.0042663087366644
70,-0.005232265431758227
71,-0.005795740170562959
72,-0.005232265431758227
73,-5.486006140152318
74,-8.665854752669663
75,-7.8979942049647525
76,-8.227077296838285
77,-6.2525787455970985
78,-3.6199140106088503
79,-4.936246378102975
80,-3.4005252826931622
81,-3.290830918735318
82,-5.484718197892193
83,-6.2525787455970985
84,-5.923495653723568
85,-2.961747826861786
86,-4.716857650187288
87,-6.581661837470629
88,-5.7041069258078805
89,-6.581661837470629
90,-7.568911113091222
91,-15.686544448751702
92,-41.42882293160579
93,-26.363796411021852
94,-58.37697776726274
95,-33.89630967131381
96,-64.9679268700182
97,-68.73418350016416
98,-68.73418350016416
99,-42.370387089142284
100,-62.143234397408726
101,-75.3251326029196
102,-66.85105518509118
103,-70.61731181523714
104,-78.14982507552907
105,-72.50044013031012
106,-49.90290034943426
107,-64.02636271248171
108,-48.01977203436127
109,-44.25351540421528
110,-66.85105518509118
111,-38.604130458996295
112,-47.07820787682477
113,-64.02636271248171
114,-56.49384945218974
115,-60.26010608233573
116,-66.85105518509118
117,-65.9094910275547
118,-44.25351540421528
119,-58.37697776726274
120,-44.25351540421528
