1,0.0
0,4867.843975304001
1,20883.62346312291
2,8974.968615244303
3,5985.077382370202
4,6460.833447468105
5,5922.157333994397
6,5393.096034520798
7,4570.449736777297
8,3748.308892742793
9,2909.8146838851
10,2909.8146838851
11,2852.759494005
12,2909.8146838851
13,2795.7043041249
14,3023.9250636453
15,2795.7043041249
16,2966.8698737652
17,2795.7043041249
18,2909.8146838851
19,2795.7043041249
20,2966.8698737652
21,2795.7043041249
22,2852.759494005
23,2738.6491142448
24,2966.8698737652
25,2909.8146838851
26,2795.7043041249
27,2795.7043041249
28,2795.7043041249
29,2852.759494005
30,2852.759494005
31,2795.7043041249
32,2909.8146838851
33,2852.759494005
34,2909.8146838851
35,2909.8146838851
36,2795.7043041249
37,2795.7043041249
38,2795.7043041249
39,2852.759494005
40,2852.759494005
41,2852.759494005
42,2852.759494005
43,2909.8146838851
44,2795.7043041249
45,2852.759494005
46,2795.7043041249
47,2795.7043041249
48,2909.8146838851
49,2738.6491142448
50,2852.759494005
51,2795.7043041249
52,2909.8146838851
53,2852.759494005
54,2909.8146838851
55,2852.759494005
56,2852.759494005
57,2909.8146838851
58,2795.7043041249
59,3023.9250636453
60,2909.8146838851
61,2909.8146838851
62,2681.5939243647
63,2852.759494005
64,2795.7043041249
65,2852.759494005
66,2966.8698737652
67,2852.759494005
68,2909.8146838851
69,2909.8146838851
70,2510.4283547244
71,2909.8146838851
72,2795.7043041249
73,2852.759494005
74,2966.8698737652
75,2909.8146838851
76,2909.8146838851
77,2852.759494005
78,2966.8698737652
79,2966.8698737652
80,2909.8146838851
81,2909.8146838851
82,2909.8146838851
83,2966.8698737652
84,2909.8146838851
85,2852.759494005
86,2966.8698737652
87,2909.8146838851
88,2909.8146838851
89,2852.759494005
90,2795.7043041249
91,2852.759494005
92,2909.8146838851
93,2966.8698737652
94,2795.7043041249
95,2909.8146838851
96,2795.7043041249
97,2795.7043041249
98,2852.759494005
99,2966.8698737652
100,2795.7043041249
101,2852.759494005
102,2795.7043041249
103,2966.8698737652
104,2852.759494005
105,2738.6491142448
106,2852.759494005
107,2966.8698737652
108,2909.8146838851
109,2909.8146838851
110,2852.759494005
111,2852.759494005
112,2795.7043041249
113,2852.759494005
114,2852.759494005
115,2852.759494005
116,2852.759494005
117,2795.7043041249
118,2852.759494005
119,2795.7043041249
120,2909.8146838851
