1,1.0000637487545752
1,1.0000637487545752
1,1.0000637487545752
1,1.0000637487545752
1,1.0000637487545752
1,1.0000637487545752
1,1.0000637487545752
1,1.0000637487545752
1,1.0000637487545752
1,1.0000637487545752
1,1.0000637487545752
1,1.0000637487545752
1,1.0000637487545752
1,1.0000637487545752
1,1.0000637487545752
1,1.0000637487545752
1,1.0000637487545752
1,1.0000637487545752
1,1.0000637487545752
1,1.0000637487545752
1,1.0000637487545752
1,1.0000637487545752
1,1.0000637487545752
1,1.0000637487545752
1,1.0000637487545752
1,1.0000637487545752
1,1.0000637487545752
1,1.0000637487545752
1,1.0000637487545752
1,1.0000637487545752
1,1.0000637487545752
1,1.0000637487545752
1,1.0000637487545752
1,1.0000637487545752
1,1.0000637487545752
1,1.0000637487545752
1,1.0000637487545752
1,1.0000637487545752
1,1.0000637487545752
1,1.0000637487545752
1,1.0000637487545752
1,1.0000637487545752
1,1.0000637487545752
1,1.0000637487545752
1,1.0000637487545752
1,1.0000637487545752
1,1.0000637487545752
1,1.0000637487545752
1,1.0000637487545752
1,1.0000637487545752
1,1.0000637487545752
1,1.0000637487545752
1,1.0000637487545752
1,1.0000637487545752
1,1.0000637487545752
1,1.0000637487545752
1,1.0000637487545752
1,1.0000637487545752
1,1.0000637487545752
1,1.0000637487545752
1,1.0000637487545752
1,1.0000637487545752
1,1.0000637487545752
1,1.0000637487545752
1,1.0000637487545752
1,1.0000637487545752
1,1.0000637487545752
1,1.0000637487545752
2,1.0000637487545752
2,1.0000637487545752
2,1.0000637487545752
2,1.0000637487545752
2,1.0000637487545752
2,1.0000637487545752
2,1.0000637487545752
2,1.0000637487545752
2,1.0000637487545752
2,1.0000637487545752
2,1.0000637487545752
2,1.0000637487545752
2,1.0000637487545752
2,1.0000637487545752
2,1.0000637487545752
2,1.0000637487545752
2,1.0000637487545752
2,1.0000637487545752
2,1.0000637487545752
2,1.0000637487545752
2,1.0000637487545752
2,1.0000637487545752
2,1.0000637487545752
2,1.0000637487545752
2,1.0000637487545752
2,1.0000637487545752
2,1.0000637487545752
2,1.0000637487545752
2,1.0000637487545752
2,1.0000637487545752
2,1.0000637487545752
2,1.0000637487545752
2,1.0000637487545752
2,1.0000637487545752
2,1.0000637487545752
2,1.0000637487545752
2,1.0000637487545752
2,1.0000637487545752
2,1.0000637487545752
2,1.0000637487545752
2,1.0000637487545752
2,1.0000637487545752
2,1.0000637487545752
2,1.0000637487545752
2,1.0000637487545752
2,1.0000637487545752
2,1.0000637487545752
2,1.0000637487545752
2,1.0000637487545752
2,1.0000637487545752
2,1.0000637487545752
2,1.0000637487545752
2,1.0000637487545752
2,1.0000637487545752
2,1.0000637487545752
2,1.0000637487545752
2,1.0000637487545752
2,1.0000637487545752
2,1.0000637487545752
2,1.0000637487545752
2,1.0000637487545752
2,1.0000637487545752
2,1.0000637487545752
2,1.0000637487545752
2,1.0000637487545752
3,1.0000637487545752
3,1.0000637487545752
3,1.0000637487545752
3,1.0000637487545752
3,1.0000637487545752
3,1.0000637487545752
3,1.0000637487545752
3,1.0000637487545752
3,1.0000637487545752
3,1.0000637487545752
3,1.0000637487545752
3,1.0000637487545752
3,1.0000637487545752
3,1.0000637487545752
3,1.0000637487545752
3,1.0000637487545752
3,1.0000637487545752
3,1.0000637487545752
3,1.0000637487545752
3,1.0000637487545752
3,1.0000637487545752
3,1.0000637487545752
3,1.0000637487545752
3,1.0000637487545752
3,1.0000637487545752
3,1.0000637487545752
3,1.0000637487545752
3,1.0000637487545752
3,1.0000637487545752
3,1.0000637487545752
3,1.0000637487545752
3,1.0000637487545752
3,1.0000637487545752
3,1.0000637487545752
3,1.0000637487545752
3,1.0000637487545752
3,1.0000637487545752
3,1.0000637487545752
3,1.0000637487545752
3,1.0000637487545752
3,1.0000637487545752
3,1.0000637487545752
3,1.0000637487545752
3,1.0000637487545752
3,1.0000637487545752
3,1.0000637487545752
3,1.0000637487545752
3,1.0000637487545752
3,1.0000637487545752
3,1.0000637487545752
3,1.0000637487545752
3,1.0000637487545752
3,1.0000637487545752
3,1.0000637487545752
3,1.0000637487545752
4,1.0000637487545752
4,1.0000637487545752
4,1.0000637487545752
4,1.0000637487545752
4,1.0000637487545752
4,1.0000637487545752
4,1.0000637487545752
4,1.0000637487545752
4,1.0000637487545752
4,1.0000637487545752
4,1.0000637487545752
4,1.0000637487545752
4,1.0000637487545752
4,1.0000637487545752
4,1.0000637487545752
4,1.0000637487545752
4,1.0000637487545752
4,1.0000637487545752
4,1.0000637487545752
4,1.0000637487545752
4,1.0000637487545752
4,1.0000637487545752
4,1.0000637487545752
4,1.0000637487545752
4,1.0000637487545752
4,1.0000637487545752
4,1.0000637487545752
4,1.0000637487545752
4,1.0000637487545752
4,1.0000637487545752
4,1.0000637487545752
4,1.0000637487545752
4,1.0000637487545752
4,1.0000637487545752
4,1.0000637487545752
4,1.0000637487545752
4,1.0000637487545752
4,1.0000637487545752
4,1.0000637487545752
4,1.0000637487545752
4,1.0000637487545752
4,1.0000637487545752
4,1.0000637487545752
4,1.0000637487545752
4,1.0000637487545752
4,1.0000637487545752
4,1.0000637487545752
4,1.0000637487545752
4,1.0000637487545752
4,1.0000637487545752
4,1.0000637487545752
5,1.0000637487545752
5,1.0000637487545752
5,1.0000637487545752
5,1.0000637487545752
5,1.0000637487545752
5,1.0000637487545752
5,1.0000637487545752
5,1.0000637487545752
5,1.0000637487545752
5,1.0000637487545752
5,1.0000637487545752
5,1.0000637487545752
5,1.0000637487545752
5,1.0000637487545752
5,1.0000637487545752
5,1.0000637487545752
5,1.0000637487545752
5,1.0000637487545752
5,1.0000637487545752
5,1.0000637487545752
5,1.0000637487545752
5,1.0000637487545752
5,1.0000637487545752
5,1.0000637487545752
5,1.0000637487545752
5,1.0000637487545752
5,1.0000637487545752
5,1.0000637487545752
5,1.0000637487545752
5,1.0000637487545752
5,1.0000637487545752
5,1.0000637487545752
5,1.0000637487545752
5,1.0000637487545752
5,1.0000637487545752
5,1.0000637487545752
5,1.0000637487545752
5,1.0000637487545752
5,1.0000637487545752
5,1.0000637487545752
5,1.0000637487545752
5,1.0000637487545752
5,0.9999998118294596
