1,0.0
0,137.59999999999997
1,2729.3
2,2000.7999999999981
3,2025.799999999998
4,1561.599999999998
5,1868.799999999997
6,2047.9999999999964
7,2124.799999999996
8,2099.199999999996
9,2124.799999999996
10,1817.5999999999972
11,2047.9999999999964
12,1996.7999999999965
13,2073.5999999999963
14,1919.9999999999968
15,1996.7999999999965
16,1971.1999999999966
17,2124.799999999996
18,1817.5999999999972
19,1791.9999999999973
20,1689.5999999999976
21,1817.5999999999972
22,1766.3999999999974
23,1663.9999999999977
24,1715.1999999999975
25,1356.7999999999988
26,1663.9999999999977
27,1535.9999999999982
28,1100.7999999999997
29,1075.1999999999998
30,1740.7999999999975
31,1945.5999999999967
32,1868.799999999997
33,1945.5999999999967
34,1919.9999999999968
35,1715.1999999999975
36,1817.5999999999972
37,1817.5999999999972
38,1689.5999999999976
39,1868.799999999997
40,1817.5999999999972
41,1868.799999999997
42,1766.3999999999974
43,1638.3999999999978
44,1663.9999999999977
45,1407.9999999999986
46,1715.1999999999975
47,1663.9999999999977
48,1587.199999999998
49,1689.5999999999976
50,1510.3999999999983
51,1510.3999999999983
52,1612.799999999998
53,1612.799999999998
54,1433.5999999999985
55,1177.5999999999995
56,1356.7999999999988
57,1433.5999999999985
58,1510.3999999999983
59,1484.7999999999984
60,1459.1999999999985
61,1484.7999999999984
62,1356.7999999999988
63,1561.599999999998
64,1356.7999999999988
65,1459.1999999999985
66,1433.5999999999985
67,1331.199999999999
68,1382.3999999999987
69,1510.3999999999983
70,1459.1999999999985
71,1484.7999999999984
72,1433.5999999999985
73,1510.3999999999983
74,1535.9999999999982
75,1407.9999999999986
76,1484.7999999999984
77,1535.9999999999982
78,1382.3999999999987
79,1459.1999999999985
80,1433.5999999999985
81,1356.7999999999988
82,1433.5999999999985
83,1382.3999999999987
84,1510.3999999999983
85,1382.3999999999987
86,1459.1999999999985
87,1484.7999999999984
88,1356.7999999999988
89,1612.799999999998
90,1510.3999999999983
91,1535.9999999999982
92,1305.599999999999
93,1433.5999999999985
94,1407.9999999999986
95,1459.1999999999985
96,1459.1999999999985
97,1433.5999999999985
98,1484.7999999999984
99,1587.199999999998
100,1407.9999999999986
101,1561.599999999998
102,1484.7999999999984
103,1459.1999999999985
104,1382.3999999999987
105,1535.9999999999982
106,1587.199999999998
107,1561.599999999998
108,1510.3999999999983
109,1433.5999999999985
110,1510.3999999999983
111,1510.3999999999983
112,1561.599999999998
113,1612.799999999998
114,1945.5999999999967
115,1817.5999999999972
116,1996.7999999999965
117,1459.1999999999985
118,1203.1999999999994
119,1791.9999999999973
120,1791.9999999999973
