1,0.0
0,7731.338199999994
1,12977.468500000012
2,9791.205100000012
3,9959.449099999996
4,7977.703600000007
5,7695.959400000001
6,5534.408100000004
7,4726.4465000000055
8,4202.698999999999
9,4172.654099999998
10,3879.848400000006
11,3460.142300000002
12,3328.740199999992
13,2876.3090999999995
14,2831.450699999999
15,2799.555800000002
16,2523.620200000003
17,2359.615799999998
18,2177.0099999999984
19,1567.3628999999994
20,1544.1118000000006
21,1543.8141999999991
22,1383.4255000000014
23,1239.6768
24,1168.7676000000024
25,1093.9147999999984
26,1131.490599999998
27,873.2550000000003
28,846.6764999999996
29,787.4351999999999
30,853.0547999999999
31,790.6256999999988
32,768.1942000000006
33,691.5528000000002
34,771.1595999999988
35,737.1712000000016
36,744.3900000000014
37,715.582400000001
38,659.6952000000009
39,648.7511999999997
40,641.5592000000001
41,623.1743999999999
42,658.8245000000014
43,690.7177000000016
44,640.7863000000015
45,596.9700000000013
46,634.7639999999998
47,618.4879999999997
48,626.6259999999997
49,610.3499999999997
50,657.7604999999991
51,666.1389999999991
52,628.6504000000002
53,596.8200000000004
54,572.9472000000005
55,620.6928000000003
56,668.4384
57,598.908200000001
58,573.3594000000008
59,619.848000000001
60,604.3518000000009
61,595.7455000000001
62,607.2571999999997
63,622.6307999999996
64,568.8231999999999
65,607.2571999999997
66,568.8231999999999
67,538.0760000000001
68,630.3175999999995
69,591.8835999999998
70,568.8231999999999
71,630.3175999999995
72,607.2571999999997
73,622.6307999999996
74,638.0043999999995
75,599.5703999999997
76,622.6307999999996
77,553.4496
78,591.8835999999998
79,591.8835999999998
80,584.1967999999998
81,614.9439999999996
82,591.8835999999998
83,576.5099999999999
84,568.8231999999999
85,607.2571999999997
86,576.5099999999999
87,630.3175999999995
88,653.3779999999994
89,599.5703999999997
90,599.5703999999997
91,545.7628000000001
92,584.1967999999998
93,561.1364
94,645.6911999999994
95,561.1364
96,553.4496
97,584.1967999999998
98,559.7351000000006
99,610.7920000000005
100,549.7128000000004
101,595.5222000000005
102,595.5222000000005
103,587.8873000000004
104,587.8873000000004
105,587.8873000000004
106,580.2524000000004
107,610.7920000000005
108,603.1571000000005
109,549.7128000000004
110,580.2524000000004
111,549.7128000000004
112,542.0779000000003
113,603.1571000000005
114,626.0618000000005
115,603.1571000000005
116,595.5222000000005
117,595.5222000000005
118,488.6336000000003
119,610.7920000000005
120,526.8081000000003
