1,0.0
0,0.0
1,5.9E10
2,6.9E10
3,7.6E10
4,7.9E10
5,7.7E10
6,8.0E10
7,7.9E10
8,7.9E10
9,8.0E10
10,8.0E10
11,7.9E10
12,7.9E10
13,7.9E10
14,7.8E10
15,7.9E10
16,7.9E10
17,8.0E10
18,7.8E10
19,7.8E10
20,8.0E10
21,8.0E10
22,7.9E10
23,8.0E10
24,7.8E10
25,7.9E10
26,8.0E10
27,7.8E10
28,7.8E10
29,8.0E10
30,7.9E10
31,7.9E10
32,7.7E10
33,7.9E10
34,7.9E10
35,7.8E10
36,7.9E10
37,8.0E10
38,8.0E10
39,7.9E10
40,7.9E10
41,7.8E10
42,8.0E10
43,7.8E10
44,7.9E10
45,7.9E10
46,7.9E10
47,7.9E10
48,8.0E10
49,7.9E10
50,7.8E10
51,7.9E10
52,8.0E10
53,7.6E10
54,7.8E10
55,8.0E10
56,7.9E10
57,8.0E10
58,7.8E10
59,7.9E10
60,7.8E10
61,8.0E10
62,7.9E10
63,7.9E10
64,8.0E10
65,7.8E10
66,8.0E10
67,7.8E10
68,7.5E10
69,8.0E10
70,7.8E10
71,8.0E10
72,8.0E10
73,8.0E10
74,8.0E10
75,7.9E10
76,8.1E10
77,8.0E10
78,7.9E10
79,8.0E10
80,7.9E10
81,7.9E10
82,7.9E10
83,7.9E10
84,7.9E10
85,8.0E10
86,8.0E10
87,8.0E10
88,8.1E10
89,8.0E10
90,7.9E10
91,8.0E10
92,8.0E10
93,8.0E10
94,7.8E10
95,8.0E10
96,8.1E10
97,8.0E10
98,7.8E10
99,8.0E10
100,8.0E10
101,8.0E10
102,7.9E10
103,7.4E10
104,7.3E10
105,7.9E10
106,7.5E10
107,7.9E10
108,7.9E10
109,7.9E10
110,8.0E10
111,8.0E10
112,7.9E10
113,8.0E10
114,6.8E10
115,6.6E10
116,7.9E10
117,7.7E10
118,6.8E10
119,7.0E10
120,7.9E10
