1,0.0
0,32938.80765625497
1,419989.70432209905
2,209285.7502610215
3,84838.36853120603
4,44518.448651806604
5,28764.254684648473
6,18269.90213549223
7,12250.020843180368
8,11986.791760137263
9,11986.791760137263
10,12231.42016340537
11,11986.791760137263
12,11986.791760137263
13,12231.42016340537
14,11986.791760137263
15,12231.42016340537
16,11986.791760137263
17,11986.791760137263
18,12231.42016340537
19,12231.42016340537
20,12231.42016340537
21,11986.791760137263
22,11742.163356869156
23,11986.791760137263
24,12231.42016340537
25,11986.791760137263
26,11986.791760137263
27,11742.163356869156
28,12231.42016340537
29,11986.791760137263
30,11986.791760137263
31,11742.163356869156
32,11986.791760137263
33,12231.42016340537
34,11986.791760137263
35,11986.791760137263
36,11986.791760137263
37,12231.42016340537
38,11742.163356869156
39,11986.791760137263
40,11742.163356869156
41,11742.163356869156
42,11742.163356869156
43,12231.42016340537
44,11986.791760137263
45,11986.791760137263
46,11986.791760137263
47,11252.906550332942
48,10029.764533992407
49,10763.649743796728
50,10763.649743796728
51,11497.534953601049
52,11252.906550332942
53,11742.163356869156
54,11497.534953601049
55,11742.163356869156
56,11008.278147064835
57,11497.534953601049
58,11497.534953601049
59,11497.534953601049
60,11252.906550332942
61,11252.906550332942
62,11008.278147064835
63,11252.906550332942
64,11497.534953601049
65,10519.021340528621
66,11497.534953601049
67,11742.163356869156
68,11252.906550332942
69,11252.906550332942
70,10763.649743796728
71,11497.534953601049
72,11497.534953601049
73,11497.534953601049
74,11497.534953601049
75,11742.163356869156
76,11252.906550332942
77,11008.278147064835
78,11252.906550332942
79,11986.791760137263
80,11497.534953601049
81,11742.163356869156
82,11742.163356869156
83,11742.163356869156
84,11497.534953601049
85,11742.163356869156
86,11252.906550332942
87,11742.163356869156
88,11497.534953601049
89,11986.791760137263
90,11497.534953601049
91,11742.163356869156
92,10243.81964478792
93,8922.171514169164
94,8922.171514169164
95,8922.171514169164
96,8922.171514169164
97,8736.292940957306
98,8736.292940957306
99,8550.414367745449
100,8922.171514169164
101,8736.292940957306
102,8922.171514169164
103,9108.050087381022
104,8736.292940957306
105,8922.171514169164
106,7063.385782050588
107,8364.53579453359
108,6877.507208838731
109,8736.292940957306
110,9293.92866059288
111,8550.414367745449
112,9108.050087381022
113,8736.292940957306
114,9108.050087381022
115,8922.171514169164
116,8736.292940957306
117,7249.264355262446
118,8550.414367745449
119,8922.171514169164
120,8550.414367745449
