1,0.0
0,3038.720000000002
1,5292.040000000005
2,4916.460000000004
3,4608.839999999994
4,4074.7599999999975
5,3363.429999999999
6,2770.9500000000007
7,3150.1600000000017
8,3600.8200000000006
9,3350.5399999999977
10,2846.719999999998
11,2885.4399999999973
12,2506.7300000000023
13,2917.5400000000054
14,2764.8900000000053
15,2063.739999999998
16,2341.1
17,2397.439999999997
18,1845.8599999999963
19,1898.279999999998
20,2009.9199999999964
21,1827.9800000000018
22,1566.7000000000012
23,1581.210000000001
24,1453.6600000000008
25,1376.7799999999988
26,984.3099999999998
27,1274.2700000000016
28,1225.8800000000012
29,1224.7399999999993
30,1259.4899999999989
31,1078.209999999999
32,960.0499999999989
33,863.2400000000011
34,913.1899999999994
35,801.8499999999981
36,821.5599999999985
37,843.1799999999984
38,799.9399999999986
39,713.459999999999
40,774.5499999999992
41,673.2799999999991
42,683.799999999999
43,694.9000000000001
44,676.5999999999999
45,614.7900000000004
46,659.3400000000003
47,579.9900000000013
48,573.8400000000013
49,548.8700000000002
50,472.70000000000005
51,332.1200000000003
52,367.0800000000003
53,298.0799999999997
54,330.3999999999997
55,268.44999999999976
56,322.1399999999997
57,313.8799999999997
58,330.3999999999997
59,268.44999999999976
60,251.92999999999975
61,251.92999999999975
62,309.7499999999997
63,309.7499999999997
64,301.4899999999997
65,297.35999999999973
66,268.44999999999976
67,247.79999999999976
68,239.53999999999976
69,214.7599999999998
70,264.31999999999977
71,251.92999999999975
72,293.22999999999973
73,318.0099999999997
74,280.83999999999975
75,284.96999999999974
76,205.73000000000027
77,89.59999999999998
78,82.87999999999995
79,91.83999999999999
80,91.83999999999999
81,89.59999999999998
82,91.83999999999999
83,90.71999999999998
84,82.87999999999995
85,88.47999999999998
86,76.15999999999993
87,82.87999999999995
88,83.99999999999996
89,96.32000000000001
90,82.87999999999995
91,81.75999999999995
92,92.96
93,88.47999999999998
94,75.03999999999992
95,80.63999999999994
96,78.39999999999993
97,85.11999999999996
98,51.51999999999991
99,66.07999999999988
100,61.59999999999989
101,76.15999999999993
102,87.35999999999997
103,80.63999999999994
104,64.95999999999988
105,68.3199999999999
106,62.719999999999885
107,63.83999999999988
108,53.759999999999906
109,55.9999999999999
110,68.3199999999999
111,51.51999999999991
112,72.79999999999991
113,64.95999999999988
114,83.99999999999996
115,79.51999999999994
116,94.08
117,68.3199999999999
118,82.87999999999995
119,69.4399999999999
120,76.15999999999993
