1,0.0
0,-13.937260942099183
1,-950.6387588502685
2,-1026.0065720910193
3,-970.5467624842013
4,-1081.4663924823956
5,-1081.4663924823956
6,-1081.4663924823956
7,-1136.9262074814926
8,-1136.9262074814926
9,-1081.4663924823956
10,-1109.196299981944
11,-1164.6561149810411
12,-1136.9262074814926
13,-1109.196299981944
14,-1164.6561149810411
15,-1136.9262074814926
16,-1109.196299981944
17,-1081.4663924823956
18,-1136.9262074814926
19,-1081.4663924823956
20,-1136.9262074814926
21,-1136.9262074814926
22,-1136.9262074814926
23,-1136.9262074814926
24,-1109.196299981944
25,-1136.9262074814926
26,-1109.196299981944
27,-1136.9262074814926
28,-1136.9262074814926
29,-1136.9262074814926
30,-1081.4663924823956
31,-1136.9262074814926
32,-1136.9262074814926
33,-1081.4663924823956
34,-1136.9262074814926
35,-1164.6561149810411
36,-1136.9262074814926
37,-1109.196299981944
38,-1136.9262074814926
39,-1136.9262074814926
40,-1109.196299981944
41,-1136.9262074814926
42,-1164.6561149810411
43,-1136.9262074814926
44,-1109.196299981944
45,-1164.6561149810411
46,-1136.9262074814926
47,-1109.196299981944
48,-1164.6561149810411
49,-1136.9262074814926
50,-1109.196299981944
51,-1109.196299981944
52,-1192.3860224805896
53,-1164.6561149810411
54,-1136.9262074814926
55,-1220.1159299801382
56,-1164.6561149810411
57,-1081.4663924823956
58,-1109.196299981944
59,-1164.6561149810411
60,-1164.6561149810411
61,-1109.196299981944
62,-1192.3860224805896
63,-1164.6561149810411
64,-1136.9262074814926
65,-1164.6561149810411
66,-1136.9262074814926
67,-1136.9262074814926
68,-1136.9262074814926
69,-1164.6561149810411
70,-1136.9262074814926
71,-1136.9262074814926
72,-1164.6561149810411
73,-1164.6561149810411
74,-1164.6561149810411
75,-1109.196299981944
76,-1164.6561149810411
77,-1164.6561149810411
78,-1109.196299981944
79,-1136.9262074814926
80,-1164.6561149810411
81,-1109.196299981944
82,-1136.9262074814926
83,-1164.6561149810411
84,-1136.9262074814926
85,-1136.9262074814926
86,-1164.6561149810411
87,-1164.6561149810411
88,-1081.4663924823956
89,-1136.9262074814926
90,-1164.6561149810411
91,-1136.9262074814926
92,-1109.196299981944
93,-1164.6561149810411
94,-1164.6561149810411
95,-1081.4663924823956
96,-1164.6561149810411
97,-1136.9262074814926
98,-1164.6561149810411
99,-1136.9262074814926
100,-1164.6561149810411
101,-1136.9262074814926
102,-1081.4663924823956
103,-1136.9262074814926
104,-1164.6561149810411
105,-1164.6561149810411
106,-1136.9262074814926
107,-1164.6561149810411
108,-1164.6561149810411
109,-1136.9262074814926
110,-1164.6561149810411
111,-1164.6561149810411
112,-1109.196299981944
113,-1164.6561149810411
114,-1192.3860224805896
115,-1164.6561149810411
116,-1164.6561149810411
117,-1164.6561149810411
118,-1136.9262074814926
119,-1109.196299981944
120,-1164.6561149810411
