1,0.0
0,-53.22947163999993
1,-87.67672824000006
2,-99.66531915999995
3,-124.83072000000026
4,-120.94939296000044
5,-130.9911915600005
6,-128.99132604000047
7,-133.9909898400005
8,-132.9910570800005
9,-116.99213292000039
10,-127.99139328000047
11,-95.99354496000024
12,-97.99341048000025
13,-114.99226740000037
14,-105.99287256000031
15,-81.99448632000014
16,-100.99320876000027
17,-88.99401564000019
18,-75.99488976000009
19,-85.99421736000016
20,-88.99401564000019
21,-80.99455356000013
22,-87.99408288000018
23,-97.99341048000025
24,-86.99415012000017
25,-73.99502424000008
26,-78.99468804000011
27,-88.99401564000019
28,-85.99421736000016
29,-80.99455356000013
30,-80.99455356000013
31,-78.99468804000011
32,-50.996570760000004
33,-60.995898360000005
34,-69.99529320000005
35,-68.99536044000004
36,-80.99455356000013
37,-73.99502424000008
38,-84.99428460000016
39,-88.99401564000019
40,-69.99529320000005
41,-79.99462080000012
42,-75.99488976000009
43,-79.99462080000012
44,-67.99542768000003
45,-75.99488976000009
46,-77.9947552800001
47,-73.99502424000008
48,-80.99455356000013
49,-79.99462080000012
50,-90.9938811600002
51,-86.99415012000017
52,-52.996436280000005
53,-84.99428460000016
54,-81.99448632000014
55,-68.99536044000004
56,-78.99468804000011
57,-71.99515872000006
58,-64.99562940000001
59,-81.99448632000014
60,-80.99455356000013
61,-88.99401564000019
62,-85.99421736000016
63,-77.9947552800001
64,-62.995763880000005
65,-67.99542768000003
66,-87.99408288000018
67,-61.995831120000005
68,-75.99488976000009
69,-71.99515872000006
70,-73.99502424000008
71,-72.99509148000007
72,-69.99529320000005
73,-78.99468804000011
74,-70.99522596000006
75,-80.99455356000013
76,-85.99421736000016
77,-81.99448632000014
78,-64.99562940000001
79,-70.99522596000006
80,-74.99495700000008
81,-82.99441908000014
82,-86.99415012000017
83,-77.9947552800001
84,-86.99415012000017
85,-84.99428460000016
86,-96.99347772000024
87,-85.99421736000016
88,-92.99374668000021
89,-82.99441908000014
90,-96.99347772000024
91,-97.99341048000025
92,-87.99408288000018
93,-85.99421736000016
94,-79.99462080000012
95,-80.99455356000013
96,-88.99401564000019
97,-82.99441908000014
98,-53.996369040000005
99,-75.99488976000009
100,-70.99522596000006
101,-69.99529320000005
102,-74.99495700000008
103,-73.99502424000008
104,-88.99401564000019
105,-70.99522596000006
106,-91.9938139200002
107,-88.99401564000019
108,-77.9947552800001
109,-74.99495700000008
110,-92.99374668000021
111,-89.99394840000019
112,-83.99435184000015
113,-92.99374668000021
114,-93.99367944000022
115,-93.99367944000022
116,-88.99401564000019
117,-89.99394840000019
118,-81.99448632000014
119,-86.99415012000017
120,-93.99367944000022
