1,0.0
0,25.57394149524948
1,24.165569782040006
2,19.051156377259638
3,11.060178311175264
4,11.094629035078027
5,7.027993793788981
6,6.336679431096925
7,5.791571680220666
8,5.588749335858492
9,4.942980680198069
10,4.047025300819482
11,4.224241051552667
12,4.000552898138604
13,3.4262915184896814
14,1.944505827173194
15,1.565362380410177
16,1.0347131239118146
17,1.1259202523496563
18,1.0686279543755914
19,1.1216719929565693
20,1.098611950998166
21,1.0584301498563107
22,1.1248150575191056
23,0.9734711828674227
24,0.9230679514696672
25,0.9230679514696672
26,0.9414369099123616
27,0.8196623428814159
28,1.0553774585916706
29,0.99414451830717
30,1.0094356811389689
31,0.9482482462570935
32,0.8846947040081656
33,0.8056512789365434
34,0.8968467938241517
35,0.8968060920719553
36,0.9727925404566732
37,1.0031923073459441
38,1.033592074235215
39,0.8663933563442245
40,0.9727925404566732
41,0.7903939391210469
42,0.9119930066781311
43,0.9423927735674021
44,1.0318162692963748
45,0.9405609159383217
46,0.9253905785844778
47,0.9860719279998533
48,0.9002436230086545
49,0.884892594257145
50,0.7145089469063636
51,0.7655453002568181
52,0.7527862119192045
53,0.7783043885944317
54,0.7017498585687499
55,0.5869180635302272
56,0.7527862119192045
57,0.5741589751926136
58,0.6251953285430681
59,0.7400271235815908
60,0.7272680352439772
61,0.6202012588049521
62,0.6095534125570686
63,0.5110022287269811
64,0.4680784577104047
65,0.5191899894840447
66,0.5315358591512349
67,0.5188161991503634
68,0.36475196378596636
69,0.536756730421099
70,0.4927184337491505
71,0.47040892692584296
72,0.37009585817569635
73,0.2800394300862557
74,0.37005210404255223
75,0.22003098078205802
76,0.22003098078205802
77,0.36005069582518595
78,0.37005210404255223
79,0.30004224652098826
80,0.22001917697432233
81,0.2500210551152613
82,0.3300277927521449
83,0.41002896515406395
84,0.3880854340399889
85,0.38423401899307574
86,0.4299753934695363
87,0.3018971329627616
88,0.2195615512456448
89,0.33849072483703574
90,0.2744428922403444
91,0.49392751274917274
92,0.4481925693808339
93,0.4390457822506128
94,0.3475779109484018
95,0.3933118465995073
96,0.4572977255035287
97,0.41150134334113375
98,0.4389347662305427
99,0.4484356891969888
100,0.3118904263594523
101,0.17487466857007627
102,0.2734136521877091
103,0.14474249202429806
104,0.1981893055721034
105,0.2731197368795354
106,0.17134389361477095
107,0.20882537034300208
108,0.2515871074489825
109,0.22959343449787695
110,0.2610653012773217
111,0.2557374379859478
112,0.28766433138685765
113,0.1894569404043344
114,0.25279001761533865
115,0.19189472366554097
116,0.19681510119542664
117,0.1426909483666843
118,0.13285019330691297
119,0.16237245848622697
120,0.16237245848622697
