1,0.0
0,-5.553039700000001
1,-84.04322403999998
2,-73.43632998000004
3,-83.16885563999999
4,-91.13183117999995
5,-95.55570647999993
6,-93.78615635999994
7,-96.44048153999992
8,-95.55570647999993
9,-95.55570647999993
10,-95.55570647999993
11,-78.74498034000001
12,-84.93840575999998
13,-93.78615635999994
14,-90.24705611999995
15,-83.16885563999999
16,-90.24705611999995
17,-92.01660623999994
18,-90.24705611999995
19,-88.47750599999996
20,-87.59273093999997
21,-94.67093141999993
22,-95.55570647999993
23,-95.55570647999993
24,-96.44048153999992
25,-95.55570647999993
26,-95.55570647999993
27,-95.55570647999993
28,-94.67093141999993
29,-94.67093141999993
30,-93.78615635999994
31,-97.32525659999992
32,-92.01660623999994
33,-97.32525659999992
34,-96.44048153999992
35,-97.32525659999992
36,-96.44048153999992
37,-95.55570647999993
38,-96.44048153999992
39,-97.32525659999992
40,-97.32525659999992
41,-96.44048153999992
42,-94.67093141999993
43,-95.55570647999993
44,-96.44048153999992
45,-94.67093141999993
46,-94.67093141999993
47,-97.32525659999992
48,-93.78615635999994
49,-94.67093141999993
50,-93.78615635999994
51,-96.44048153999992
52,-95.55570647999993
53,-92.01660623999994
54,-95.55570647999993
55,-97.32525659999992
56,-96.44048153999992
57,-95.55570647999993
58,-96.44048153999992
59,-92.90138129999994
60,-95.55570647999993
61,-94.67093141999993
62,-96.44048153999992
63,-95.55570647999993
64,-96.44048153999992
65,-97.32525659999992
66,-95.55570647999993
67,-96.44048153999992
68,-94.67093141999993
69,-96.44048153999992
70,-97.32525659999992
71,-94.67093141999993
72,-94.67093141999993
73,-96.44048153999992
74,-95.55570647999993
75,-95.55570647999993
76,-95.55570647999993
77,-96.44048153999992
78,-94.67093141999993
79,-96.44048153999992
80,-96.44048153999992
81,-95.55570647999993
82,-97.32525659999992
83,-94.67093141999993
84,-96.44048153999992
85,-94.67093141999993
86,-92.01660623999994
87,-94.67093141999993
88,-93.78615635999994
89,-96.44048153999992
90,-96.44048153999992
91,-97.32525659999992
92,-96.44048153999992
93,-94.67093141999993
94,-96.44048153999992
95,-96.44048153999992
96,-96.44048153999992
97,-96.44048153999992
98,-96.44048153999992
99,-94.67093141999993
100,-94.67093141999993
101,-96.44048153999992
102,-92.01660623999994
103,-97.32525659999992
104,-97.32525659999992
105,-95.55570647999993
106,-96.44048153999992
107,-95.55570647999993
108,-95.55570647999993
109,-96.44048153999992
110,-96.44048153999992
111,-96.44048153999992
112,-97.32525659999992
113,-95.55570647999993
114,-96.44048153999992
115,-96.44048153999992
116,-96.44048153999992
117,-96.44048153999992
118,-95.55570647999993
119,-95.55570647999993
120,-97.32525659999992
