1 1 -0.8870548779241614
1 2 -2.112266979363775
1 3 -2.112266979363775
1 4 -2.4810117606060595
1 5 -2.4810117606060595
1 6 -2.4810117606060595
1 7 -2.4810117606060595
1 8 -3.021109033981788
1 9 -3.021109033981788
1 10 -3.021109033981788
1 11 -3.021109033981788
1 12 -3.1136028607824286
1 13 -3.1136028607824286
1 14 -3.1313410412991045
1 15 -3.141219616481501
1 16 -3.141219616481501
1 17 -3.141219616481501
1 18 -3.1654727338902346
1 19 -3.1654727338902346
1 20 -3.1654727338902346
1 21 -3.1654727338902346
1 22 -3.1661338499522973
1 23 -3.1661338499522973
1 24 -3.1661338499522973
1 25 -3.258215561433582
1 26 -3.258215561433582
1 27 -3.258215561433582
1 28 -3.2631588355645773
1 29 -3.284237613158426
1 30 -3.284237613158426
1 31 -3.284237613158426
1 32 -3.2899607536898556
1 33 -3.29592988077076
1 34 -3.29592988077076
1 35 -3.29592988077076
1 36 -3.313809200182734
1 37 -3.313809200182734
1 38 -3.313809200182734
1 39 -3.313809200182734
1 40 -3.313809200182734
1 41 -3.313809200182734
1 42 -3.318645430779878
1 43 -3.318645430779878
1 44 -3.3190416103494487
1 45 -3.319580651663474
1 46 -3.320036886723847
