0 1 -0.8870548779241614
0 2 -1.1086707250219712
0 3 -1.7752216096460933
0 4 -1.8102609708676287
0 5 -2.0999757096102067
0 6 -2.3422036879385275
0 7 -2.3422036879385275
0 8 -2.3428950765326952
0 9 -2.3428950765326952
0 10 -2.7349785016408914
0 11 -2.7349785016408914
0 12 -2.7349785016408914
0 13 -2.7349785016408914
0 14 -2.7349785016408914
1 15 -2.7349785016408914
1 16 -2.7349785016408914
1 17 -2.7349785016408914
1 18 -2.776988948778969
1 19 -2.776988948778969
1 20 -3.0576505531901232
1 21 -3.08791640089882
1 22 -3.08791640089882
1 23 -3.08791640089882
1 24 -3.08791640089882
1 25 -3.1042338980041326
1 26 -3.1913074612804286
1 27 -3.1913074612804286
1 28 -3.1913074612804286
1 29 -3.238671720182792
1 30 -3.238671720182792
1 31 -3.238671720182792
1 32 -3.238671720182792
1 33 -3.238671720182792
1 34 -3.238671720182792
1 35 -3.2501530982071354
1 36 -3.2501530982071354
1 37 -3.2841190910739773
1 38 -3.2841190910739773
1 39 -3.2841190910739773
1 40 -3.284354580963506
1 41 -3.286471631120008
1 42 -3.286556682370885
1 43 -3.286556682370885
1 44 -3.307756613218445
1 45 -3.307756613218445
1 46 -3.307756613218445
1 47 -3.3089749338144396
1 48 -3.3089749338144396
1 49 -3.311878024337002
1 50 -3.311878024337002
1 51 -3.312245322534449
1 52 -3.3165010114716456
1 53 -3.3165010114716456
1 54 -3.3169480629190202
1 55 -3.3169480629190202
1 56 -3.318263956368876
1 57 -3.319457082828064
1 58 -3.319457082828064
1 59 -3.319457082828064
1 60 -3.319457082828064
1 61 -3.319457082828064
1 62 -3.319457082828064
1 63 -3.319457082828064
1 64 -3.319457082828064
1 65 -3.3194898531404986
1 66 -3.3195585960749523
1 67 -3.3195585960749523
1 68 -3.3195585960749523
1 69 -3.320149890414806
