0 1 -0.8870548779241614
0 2 -1.5422150058110855
0 3 -1.5422150058110855
0 4 -1.8612328242563367
0 5 -1.9428357651196122
0 6 -1.9428357651196122
0 7 -1.9462438005205165
1 8 -1.9462438005205165
1 9 -1.9462438005205165
1 10 -1.9462438005205165
1 11 -1.9462438005205165
1 12 -1.9462438005205165
1 13 -1.9462438005205165
1 14 -1.9462438005205165
1 15 -1.9462438005205165
1 16 -1.947370430307838
1 17 -1.947370430307838
1 18 -2.010830264365244
1 19 -2.1279603455617724
1 20 -2.1279603455617724
1 21 -2.1279603455617724
1 22 -2.1279603455617724
1 23 -2.1279603455617724
1 24 -2.1279603455617724
1 25 -2.1279603455617724
1 26 -2.1279603455617724
1 27 -2.1279603455617724
1 28 -2.1279603455617724
1 29 -2.1279603455617724
1 30 -2.1279603455617724
1 31 -2.1279603455617724
1 32 -2.1279603455617724
1 33 -2.1279603455617724
1 34 -2.1279603455617724
1 35 -2.1279603455617724
1 36 -2.1279603455617724
1 37 -2.1279603455617724
1 38 -2.1279603455617724
1 39 -2.1279603455617724
1 40 -2.1279603455617724
1 41 -2.1279603455617724
1 42 -2.1279603455617724
1 43 -2.1279603455617724
1 44 -2.1279603455617724
1 45 -2.1279603455617724
1 46 -2.1279603455617724
1 47 -2.1279603455617724
1 48 -2.1279603455617724
1 49 -2.1279603455617724
1 50 -2.1279603455617724
1 51 -2.1279603455617724
2 52 -2.1279603455617724
2 53 -2.1279603455617724
2 54 -2.1279603455617724
2 55 -2.1279603455617724
2 56 -2.1279603455617724
2 57 -2.1279603455617724
2 58 -2.1279603455617724
2 59 -2.1279603455617724
2 60 -2.1279603455617724
2 61 -2.1279603455617724
2 62 -2.1279603455617724
2 63 -2.1279603455617724
2 64 -2.1279603455617724
2 65 -2.1279603455617724
2 66 -2.1279603455617724
2 67 -2.1279603455617724
2 68 -2.2917336043196634
2 69 -2.2917336043196634
2 70 -2.2917336043196634
2 71 -2.2917336043196634
2 72 -2.2917336043196634
2 73 -2.2917336043196634
2 74 -2.2917336043196634
2 75 -2.2917336043196634
2 76 -2.2917336043196634
2 77 -2.2917336043196634
2 78 -2.2917336043196634
2 79 -2.2917336043196634
2 80 -2.2917336043196634
2 81 -2.2917336043196634
2 82 -2.2917336043196634
2 83 -2.2917336043196634
2 84 -2.2917336043196634
2 85 -2.2917336043196634
2 86 -2.2917336043196634
2 87 -2.2917336043196634
2 88 -2.2917336043196634
2 89 -2.2917336043196634
2 90 -2.2917336043196634
2 91 -2.2917336043196634
2 92 -2.2917336043196634
2 93 -2.3097099960073457
2 94 -2.3097099960073457
2 95 -2.3097099960073457
2 96 -2.3097099960073457
2 97 -2.3097099960073457
2 98 -2.3097099960073457
2 99 -2.3097099960073457
2 100 -2.3097099960073457
2 101 -2.3097099960073457
2 102 -2.3097099960073457
2 103 -2.3097099960073457
2 104 -2.3097099960073457
2 105 -2.3097099960073457
2 106 -2.3097099960073457
2 107 -2.3097099960073457
2 108 -2.3097099960073457
2 109 -2.3097099960073457
3 110 -2.3097099960073457
3 111 -2.3097099960073457
3 112 -2.3097099960073457
3 113 -2.3097099960073457
3 114 -2.3097099960073457
3 115 -2.3097099960073457
3 116 -2.3097099960073457
3 117 -2.3097099960073457
3 118 -2.3104626736501133
3 119 -2.3104626736501133
3 120 -2.3104626736501133
3 121 -2.3104626736501133
3 122 -2.3104626736501133
3 123 -2.3104626736501133
3 124 -2.3104626736501133
3 125 -2.3104626736501133
3 126 -2.3104626736501133
3 127 -2.3104626736501133
3 128 -2.3104626736501133
3 129 -2.3104626736501133
3 130 -2.3139089399444197
3 131 -2.3139089399444197
3 132 -2.3139089399444197
3 133 -2.3139089399444197
3 134 -2.3139089399444197
3 135 -2.3139089399444197
3 136 -2.3139089399444197
3 137 -2.3139089399444197
3 138 -2.3139089399444197
3 139 -2.3139089399444197
3 140 -2.444018919288652
3 141 -2.444018919288652
3 142 -2.444018919288652
3 143 -2.444018919288652
3 144 -2.444018919288652
3 145 -2.444018919288652
3 146 -2.444018919288652
3 147 -2.4453228293734908
3 148 -2.4453228293734908
3 149 -2.4453228293734908
3 150 -2.4453228293734908
3 151 -2.4453228293734908
3 152 -2.4453228293734908
3 153 -2.4453228293734908
3 154 -2.4453228293734908
3 155 -2.4453228293734908
3 156 -2.4453228293734908
3 157 -2.4453228293734908
3 158 -2.4453228293734908
3 159 -2.4453228293734908
3 160 -2.4453228293734908
3 161 -2.4453228293734908
3 162 -2.4453228293734908
3 163 -2.4453228293734908
3 164 -2.4453228293734908
3 165 -2.4453228293734908
3 166 -2.4453228293734908
4 167 -2.4453228293734908
4 168 -2.4453228293734908
4 169 -2.4453228293734908
4 170 -2.4453228293734908
4 171 -2.4453228293734908
4 172 -2.4453228293734908
4 173 -2.4453228293734908
4 174 -2.4453228293734908
4 175 -2.4453228293734908
4 176 -2.4453228293734908
4 177 -2.4453228293734908
4 178 -2.4453228293734908
4 179 -2.4453228293734908
4 180 -2.4453228293734908
4 181 -2.4453228293734908
4 182 -2.4453228293734908
4 183 -2.4453228293734908
4 184 -2.4453228293734908
4 185 -2.4453228293734908
4 186 -2.4453228293734908
4 187 -2.4453228293734908
4 188 -2.4453228293734908
4 189 -2.4453228293734908
4 190 -2.4453228293734908
4 191 -2.4453228293734908
4 192 -2.4453228293734908
4 193 -2.4453228293734908
4 194 -2.4453228293734908
4 195 -2.4453228293734908
4 196 -2.4453228293734908
4 197 -2.4453228293734908
4 198 -2.4453228293734908
4 199 -2.4453228293734908
4 200 -2.4453228293734908
4 201 -2.4453228293734908
4 202 -2.4453228293734908
4 203 -2.4453228293734908
4 204 -2.4453228293734908
4 205 -2.4465132328285586
4 206 -2.4465132328285586
4 207 -2.4465132328285586
4 208 -2.4465132328285586
4 209 -2.4465132328285586
4 210 -2.4465132328285586
4 211 -2.4465132328285586
4 212 -2.4465132328285586
4 213 -2.4465132328285586
4 214 -2.4465132328285586
4 215 -2.4465132328285586
4 216 -2.4465132328285586
4 217 -2.4465132328285586
4 218 -2.537031119465829
4 219 -2.537031119465829
4 220 -2.537031119465829
4 221 -2.537031119465829
4 222 -2.537031119465829
4 223 -2.537031119465829
4 224 -2.537031119465829
4 225 -2.537031119465829
4 226 -2.537031119465829
4 227 -2.537031119465829
5 228 -2.537031119465829
5 229 -2.537031119465829
5 230 -2.537031119465829
5 231 -2.537031119465829
5 232 -2.537031119465829
5 233 -2.537031119465829
5 234 -2.537031119465829
5 235 -2.537031119465829
5 236 -2.537031119465829
5 237 -2.538866852841878
5 238 -2.538866852841878
5 239 -2.538866852841878
5 240 -2.538866852841878
5 241 -2.538866852841878
5 242 -2.538866852841878
5 243 -2.538866852841878
5 244 -2.538866852841878
5 245 -2.538866852841878
5 246 -2.538866852841878
5 247 -2.538866852841878
5 248 -2.538866852841878
5 249 -2.538866852841878
5 250 -2.538866852841878
5 251 -2.538866852841878
5 252 -2.538866852841878
5 253 -2.543691515231136
5 254 -2.543691515231136
5 255 -2.543691515231136
5 256 -2.543691515231136
5 257 -2.543691515231136
5 258 -2.543691515231136
5 259 -2.543691515231136
5 260 -2.543691515231136
5 261 -2.543691515231136
5 262 -2.543691515231136
5 263 -2.543691515231136
5 264 -2.543691515231136
5 265 -2.543691515231136
5 266 -2.543691515231136
5 267 -2.543691515231136
5 268 -2.543691515231136
5 269 -2.543691515231136
5 270 -2.543691515231136
5 271 -2.543691515231136
5 272 -2.543691515231136
5 273 -2.543691515231136
5 274 -2.543691515231136
5 275 -2.543691515231136
5 276 -2.543691515231136
5 277 -2.543691515231136
5 278 -2.543691515231136
5 279 -2.543691515231136
5 280 -2.543691515231136
5 281 -2.543691515231136
5 282 -2.543691515231136
5 283 -2.543691515231136
5 284 -2.543691515231136
6 285 -2.543691515231136
6 286 -2.543691515231136
6 287 -2.543691515231136
6 288 -2.543691515231136
6 289 -2.543691515231136
6 290 -2.543691515231136
6 291 -2.543691515231136
6 292 -2.543691515231136
6 293 -2.543691515231136
6 294 -2.543691515231136
6 295 -2.543691515231136
6 296 -2.543691515231136
6 297 -2.55100481823304
6 298 -2.55100481823304
6 299 -2.55100481823304
6 300 -2.55100481823304
6 301 -2.55100481823304
6 302 -2.55100481823304
6 303 -2.55100481823304
6 304 -2.55100481823304
6 305 -2.55100481823304
6 306 -2.55100481823304
6 307 -2.606481057236742
6 308 -2.606481057236742
6 309 -2.606481057236742
6 310 -2.606481057236742
6 311 -2.606481057236742
6 312 -2.606481057236742
6 313 -2.606481057236742
6 314 -2.606481057236742
6 315 -2.606481057236742
6 316 -2.606481057236742
6 317 -2.607827182541849
6 318 -2.607827182541849
6 319 -2.607827182541849
6 320 -2.607827182541849
6 321 -2.6325705941682678
6 322 -2.6325705941682678
6 323 -2.6325705941682678
6 324 -2.6325705941682678
6 325 -2.6325705941682678
6 326 -2.6325705941682678
6 327 -2.6325705941682678
6 328 -2.6325705941682678
6 329 -2.6325705941682678
6 330 -2.6325705941682678
6 331 -2.6325705941682678
6 332 -2.6325705941682678
6 333 -2.6325705941682678
6 334 -2.6325705941682678
6 335 -2.6325705941682678
6 336 -2.6325705941682678
6 337 -2.6325705941682678
6 338 -2.6325705941682678
6 339 -2.6325705941682678
6 340 -2.6325705941682678
6 341 -2.6325705941682678
6 342 -2.6325705941682678
7 343 -2.6325705941682678
7 344 -2.6325705941682678
7 345 -2.6325705941682678
7 346 -2.6325705941682678
7 347 -2.6325705941682678
7 348 -2.6325705941682678
7 349 -2.6325705941682678
7 350 -2.6325705941682678
7 351 -2.6325705941682678
7 352 -2.6325705941682678
7 353 -2.6325705941682678
7 354 -2.6325705941682678
7 355 -2.6325705941682678
7 356 -2.6325705941682678
7 357 -2.6325705941682678
7 358 -2.6325705941682678
7 359 -2.6325705941682678
7 360 -2.6325705941682678
7 361 -2.6325705941682678
7 362 -2.6325705941682678
7 363 -2.6325705941682678
7 364 -2.6325705941682678
7 365 -2.6325705941682678
7 366 -2.6325705941682678
7 367 -2.6325705941682678
7 368 -2.6325705941682678
7 369 -2.6325705941682678
7 370 -2.6325705941682678
7 371 -2.6325705941682678
7 372 -2.6325705941682678
7 373 -2.6325705941682678
7 374 -2.6325705941682678
7 375 -2.6325705941682678
7 376 -2.6325705941682678
7 377 -2.6325705941682678
7 378 -2.6325705941682678
7 379 -2.6325705941682678
7 380 -2.6325705941682678
7 381 -2.6325705941682678
7 382 -2.651373623074807
7 383 -2.651373623074807
7 384 -2.651373623074807
7 385 -2.651373623074807
7 386 -2.651373623074807
7 387 -2.651373623074807
7 388 -2.651373623074807
7 389 -2.651373623074807
7 390 -2.651373623074807
7 391 -2.651373623074807
7 392 -2.651373623074807
7 393 -2.651373623074807
7 394 -2.651373623074807
7 395 -2.651373623074807
7 396 -2.651373623074807
7 397 -2.651373623074807
7 398 -2.651373623074807
7 399 -2.651373623074807
7 400 -2.651373623074807
8 401 -2.651373623074807
8 402 -2.651373623074807
8 403 -2.651373623074807
8 404 -2.651373623074807
8 405 -2.651373623074807
8 406 -2.651373623074807
8 407 -2.651373623074807
8 408 -2.651373623074807
8 409 -2.651373623074807
8 410 -2.651373623074807
8 411 -2.651373623074807
8 412 -2.651373623074807
8 413 -2.651373623074807
8 414 -2.651373623074807
8 415 -2.651373623074807
8 416 -2.651373623074807
8 417 -2.651373623074807
8 418 -2.651373623074807
8 419 -2.651373623074807
8 420 -2.651373623074807
8 421 -2.651373623074807
8 422 -2.651373623074807
8 423 -2.651373623074807
8 424 -2.651373623074807
8 425 -2.651373623074807
8 426 -2.651373623074807
8 427 -2.651373623074807
8 428 -2.651373623074807
8 429 -2.651373623074807
8 430 -2.651373623074807
8 431 -2.651373623074807
8 432 -2.651373623074807
8 433 -2.651373623074807
8 434 -2.651373623074807
8 435 -2.651373623074807
8 436 -2.651373623074807
8 437 -2.651373623074807
8 438 -2.651373623074807
8 439 -2.651373623074807
8 440 -2.651373623074807
8 441 -2.651373623074807
8 442 -2.651373623074807
8 443 -2.651373623074807
8 444 -2.651373623074807
8 445 -2.651373623074807
8 446 -2.651373623074807
8 447 -2.6524802805660532
8 448 -2.6524802805660532
8 449 -2.6524802805660532
8 450 -2.6524802805660532
8 451 -2.6524802805660532
8 452 -2.6524802805660532
8 453 -2.6524802805660532
8 454 -2.6524802805660532
8 455 -2.6524802805660532
8 456 -2.6524802805660532
8 457 -2.6524802805660532
8 458 -2.6524802805660532
8 459 -2.6524802805660532
8 460 -2.6524802805660532
8 461 -2.6524802805660532
8 462 -2.6524802805660532
9 463 -2.6524802805660532
9 464 -2.661798862718409
9 465 -2.661798862718409
9 466 -2.661798862718409
9 467 -2.661798862718409
9 468 -2.661798862718409
9 469 -2.661798862718409
9 470 -2.661798862718409
9 471 -2.661798862718409
9 472 -2.661798862718409
9 473 -2.661798862718409
9 474 -2.661798862718409
9 475 -2.661798862718409
9 476 -2.661798862718409
9 477 -2.661798862718409
9 478 -2.661798862718409
9 479 -2.661798862718409
9 480 -2.661798862718409
9 481 -2.661798862718409
9 482 -2.661798862718409
9 483 -2.661798862718409
9 484 -2.661798862718409
9 485 -2.661798862718409
9 486 -2.661798862718409
9 487 -2.661798862718409
9 488 -2.661798862718409
9 489 -2.661798862718409
9 490 -2.661798862718409
9 491 -2.661798862718409
9 492 -2.661798862718409
9 493 -2.661798862718409
9 494 -2.661798862718409
9 495 -2.661798862718409
9 496 -2.661798862718409
9 497 -2.661798862718409
9 498 -2.661798862718409
9 499 -2.661798862718409
9 500 -2.661798862718409
9 501 -2.661798862718409
9 502 -2.661798862718409
9 503 -2.661798862718409
9 504 -2.661798862718409
9 505 -2.661798862718409
9 506 -2.661798862718409
9 507 -2.661798862718409
9 508 -2.661798862718409
9 509 -2.661798862718409
9 510 -2.661798862718409
9 511 -2.661798862718409
9 512 -2.661798862718409
9 513 -2.7132570035090597
9 514 -2.7132570035090597
9 515 -2.7132570035090597
9 516 -2.7132570035090597
9 517 -2.7132570035090597
9 518 -2.7132570035090597
9 519 -2.7132570035090597
10 520 -2.7132570035090597
10 521 -2.7132570035090597
10 522 -2.7132570035090597
10 523 -2.7132570035090597
10 524 -2.7132570035090597
10 525 -2.7132570035090597
10 526 -2.7132570035090597
10 527 -2.7132570035090597
10 528 -2.7132570035090597
10 529 -2.7273711300688586
10 530 -2.7273711300688586
10 531 -2.7273711300688586
10 532 -2.7273711300688586
10 533 -2.7273711300688586
10 534 -2.7273711300688586
10 535 -2.7273711300688586
10 536 -2.7273711300688586
10 537 -2.7273711300688586
10 538 -2.7273711300688586
10 539 -2.7273711300688586
10 540 -2.7273711300688586
10 541 -2.7273711300688586
10 542 -2.7273711300688586
10 543 -2.7273711300688586
10 544 -2.7273711300688586
10 545 -2.7273711300688586
10 546 -2.7273711300688586
10 547 -2.7273711300688586
10 548 -2.7273711300688586
10 549 -2.7273711300688586
10 550 -2.7273711300688586
10 551 -2.7273711300688586
10 552 -2.7273711300688586
10 553 -2.7273711300688586
10 554 -2.7273711300688586
10 555 -2.7273711300688586
10 556 -2.7273711300688586
10 557 -2.7273711300688586
10 558 -2.7273711300688586
10 559 -2.7273711300688586
10 560 -2.7273711300688586
10 561 -2.7273711300688586
10 562 -2.7273711300688586
10 563 -2.7273711300688586
10 564 -2.7273711300688586
10 565 -2.7273711300688586
10 566 -2.7273711300688586
10 567 -2.7273711300688586
10 568 -2.7273711300688586
10 569 -2.7273711300688586
10 570 -2.7273711300688586
10 571 -2.7273711300688586
10 572 -2.7273711300688586
10 573 -2.7273711300688586
10 574 -2.7273711300688586
11 575 -2.7273711300688586
11 576 -2.7273711300688586
11 577 -2.7273711300688586
11 578 -2.7273711300688586
11 579 -2.7273711300688586
11 580 -2.7274441085502543
11 581 -2.7274441085502543
11 582 -2.7274441085502543
11 583 -2.7274441085502543
11 584 -2.7274441085502543
11 585 -2.7274441085502543
11 586 -2.7274441085502543
11 587 -2.7274441085502543
11 588 -2.7274441085502543
11 589 -2.7274441085502543
11 590 -2.7274441085502543
11 591 -2.7274441085502543
11 592 -2.7274441085502543
11 593 -2.7274441085502543
11 594 -2.7274441085502543
11 595 -2.7274441085502543
11 596 -2.7274441085502543
11 597 -2.7274441085502543
11 598 -2.7274441085502543
11 599 -2.7274441085502543
11 600 -2.7274441085502543
11 601 -2.7274441085502543
11 602 -2.7274441085502543
11 603 -2.7274441085502543
11 604 -2.7274441085502543
11 605 -2.7274441085502543
11 606 -2.7274441085502543
11 607 -2.7274441085502543
11 608 -2.7274441085502543
11 609 -2.7274441085502543
11 610 -2.7274441085502543
11 611 -2.7274441085502543
11 612 -2.7274441085502543
11 613 -2.7274441085502543
11 614 -2.7274441085502543
11 615 -2.7274441085502543
11 616 -2.7274441085502543
11 617 -2.7274441085502543
11 618 -2.7274441085502543
11 619 -2.7274441085502543
11 620 -2.7274441085502543
11 621 -2.7274441085502543
11 622 -2.7274441085502543
11 623 -2.7274441085502543
11 624 -2.7274441085502543
11 625 -2.7274441085502543
11 626 -2.7274441085502543
11 627 -2.7274441085502543
11 628 -2.7274441085502543
11 629 -2.7274441085502543
11 630 -2.7274441085502543
11 631 -2.7274441085502543
11 632 -2.7274441085502543
11 633 -2.7274441085502543
11 634 -2.7274441085502543
11 635 -2.7274441085502543
12 636 -2.7274441085502543
12 637 -2.7274441085502543
12 638 -2.7274441085502543
12 639 -2.7274441085502543
12 640 -2.7274441085502543
12 641 -2.7274441085502543
12 642 -2.7274441085502543
12 643 -2.7274441085502543
12 644 -2.7274441085502543
12 645 -2.7274441085502543
12 646 -2.7274441085502543
12 647 -2.7274441085502543
12 648 -2.7274441085502543
12 649 -2.7274441085502543
12 650 -2.732236797573895
12 651 -2.732236797573895
12 652 -2.732236797573895
12 653 -2.732236797573895
12 654 -2.732236797573895
12 655 -2.73549003641225
12 656 -2.73549003641225
12 657 -2.73549003641225
12 658 -2.73549003641225
12 659 -2.73549003641225
12 660 -2.73549003641225
12 661 -2.73549003641225
12 662 -2.73549003641225
12 663 -2.73549003641225
12 664 -2.73549003641225
12 665 -2.73549003641225
12 666 -2.73549003641225
12 667 -2.73549003641225
12 668 -2.73549003641225
12 669 -2.73549003641225
12 670 -2.73549003641225
12 671 -2.73549003641225
12 672 -2.73549003641225
12 673 -2.73549003641225
12 674 -2.73549003641225
12 675 -2.73549003641225
12 676 -2.73549003641225
12 677 -2.73549003641225
12 678 -2.73549003641225
12 679 -2.73549003641225
12 680 -2.73549003641225
12 681 -2.73549003641225
12 682 -2.73549003641225
12 683 -2.73549003641225
12 684 -2.73549003641225
12 685 -2.73549003641225
12 686 -2.73549003641225
12 687 -2.73549003641225
12 688 -2.73549003641225
12 689 -2.73549003641225
12 690 -2.73549003641225
12 691 -2.73549003641225
12 692 -2.73549003641225
12 693 -2.73549003641225
12 694 -2.73549003641225
13 695 -2.73549003641225
13 696 -2.73549003641225
13 697 -2.73549003641225
13 698 -2.73549003641225
13 699 -2.73549003641225
13 700 -2.73549003641225
13 701 -2.73549003641225
13 702 -2.73549003641225
13 703 -2.73549003641225
13 704 -2.73549003641225
13 705 -2.73549003641225
13 706 -2.73549003641225
13 707 -2.73549003641225
13 708 -2.73549003641225
13 709 -2.73549003641225
13 710 -2.73549003641225
13 711 -2.73549003641225
13 712 -2.73549003641225
13 713 -2.73549003641225
13 714 -2.73549003641225
13 715 -2.73549003641225
13 716 -2.73549003641225
13 717 -2.73549003641225
13 718 -2.73549003641225
13 719 -2.73549003641225
13 720 -2.73549003641225
13 721 -2.73549003641225
13 722 -2.73549003641225
13 723 -2.7499159280210885
13 724 -2.7499159280210885
13 725 -2.7499159280210885
13 726 -2.7499159280210885
13 727 -2.7499159280210885
13 728 -2.7499159280210885
13 729 -2.7499159280210885
13 730 -2.7499159280210885
13 731 -2.7499159280210885
13 732 -2.7499159280210885
13 733 -2.7499159280210885
13 734 -2.7499159280210885
13 735 -2.7499159280210885
13 736 -2.7499159280210885
13 737 -2.7499159280210885
13 738 -2.7499159280210885
13 739 -2.7499159280210885
13 740 -2.7499159280210885
13 741 -2.7626009556861533
13 742 -2.7626009556861533
13 743 -2.7626009556861533
13 744 -2.7626009556861533
13 745 -2.7626009556861533
13 746 -2.7626009556861533
13 747 -2.7626009556861533
13 748 -2.7626009556861533
13 749 -2.7626009556861533
13 750 -2.7626009556861533
13 751 -2.7626009556861533
13 752 -2.7626009556861533
13 753 -2.7626009556861533
14 754 -2.7626009556861533
14 755 -2.7626009556861533
14 756 -2.7626009556861533
14 757 -2.7626009556861533
14 758 -2.7626009556861533
14 759 -2.7626009556861533
14 760 -2.7626009556861533
14 761 -2.7626009556861533
14 762 -2.7626009556861533
14 763 -2.7626009556861533
14 764 -2.7626009556861533
14 765 -2.7626009556861533
14 766 -2.7626009556861533
14 767 -2.7626009556861533
14 768 -2.7626009556861533
14 769 -2.7626009556861533
14 770 -2.7626009556861533
14 771 -2.7626009556861533
14 772 -2.7626009556861533
14 773 -2.7626009556861533
14 774 -2.7626009556861533
14 775 -2.7626009556861533
14 776 -2.7626009556861533
14 777 -2.7626009556861533
14 778 -2.7626009556861533
14 779 -2.7626009556861533
14 780 -2.7626009556861533
14 781 -2.7626009556861533
14 782 -2.7626009556861533
14 783 -2.7626009556861533
14 784 -2.7626009556861533
14 785 -2.7626009556861533
14 786 -2.7626009556861533
14 787 -2.7626009556861533
14 788 -2.7626009556861533
14 789 -2.7626009556861533
14 790 -2.7626009556861533
14 791 -2.7626009556861533
14 792 -2.7626009556861533
14 793 -2.7626009556861533
14 794 -2.7626009556861533
14 795 -2.7626009556861533
14 796 -2.7626009556861533
14 797 -2.7626009556861533
14 798 -2.781039858808173
14 799 -2.781039858808173
14 800 -2.781039858808173
14 801 -2.781411572445028
14 802 -2.781411572445028
14 803 -2.781411572445028
14 804 -2.781411572445028
14 805 -2.781411572445028
14 806 -2.781411572445028
14 807 -2.781411572445028
14 808 -2.781411572445028
14 809 -2.781411572445028
14 810 -2.781411572445028
14 811 -2.781411572445028
14 812 -2.781411572445028
14 813 -2.781411572445028
14 814 -2.781411572445028
14 815 -2.781411572445028
15 816 -2.781411572445028
15 817 -2.781411572445028
15 818 -2.781411572445028
15 819 -2.781411572445028
15 820 -2.781411572445028
15 821 -2.781411572445028
15 822 -2.781411572445028
15 823 -2.781411572445028
15 824 -2.781658094161683
15 825 -2.781658094161683
15 826 -2.781658094161683
15 827 -2.7836064266067306
15 828 -2.7836064266067306
15 829 -2.7836064266067306
15 830 -2.7836064266067306
15 831 -2.7836064266067306
15 832 -2.7836064266067306
15 833 -2.7836064266067306
15 834 -2.7836064266067306
15 835 -2.7836064266067306
15 836 -2.7836064266067306
15 837 -2.7836064266067306
15 838 -2.7836064266067306
15 839 -2.7836064266067306
15 840 -2.7836064266067306
15 841 -2.7836064266067306
15 842 -2.7836064266067306
15 843 -2.7836064266067306
15 844 -2.7836064266067306
15 845 -2.7836064266067306
15 846 -2.7836064266067306
15 847 -2.7836064266067306
15 848 -2.7836064266067306
15 849 -2.7836064266067306
15 850 -2.7836064266067306
15 851 -2.7836064266067306
15 852 -2.7836064266067306
15 853 -2.7836064266067306
15 854 -2.7836064266067306
15 855 -2.7836064266067306
15 856 -2.7836064266067306
15 857 -2.7836064266067306
15 858 -2.7836064266067306
15 859 -2.7836064266067306
15 860 -2.7836064266067306
15 861 -2.7836064266067306
15 862 -2.7836064266067306
15 863 -2.7836064266067306
15 864 -2.7901033844370966
15 865 -2.7901033844370966
15 866 -2.7901033844370966
15 867 -2.7901033844370966
15 868 -2.7901033844370966
15 869 -2.7901033844370966
15 870 -2.7901033844370966
15 871 -2.7901033844370966
15 872 -2.7901033844370966
15 873 -2.7901033844370966
15 874 -2.7901033844370966
15 875 -2.7901033844370966
15 876 -2.7901033844370966
15 877 -2.7901033844370966
15 878 -2.7901033844370966
15 879 -2.7901033844370966
16 880 -2.7901033844370966
16 881 -2.7901033844370966
16 882 -2.7901033844370966
16 883 -2.7901033844370966
16 884 -2.7901033844370966
16 885 -2.7901033844370966
16 886 -2.7901033844370966
16 887 -2.7901033844370966
16 888 -2.7901033844370966
16 889 -2.7901033844370966
16 890 -2.7901033844370966
16 891 -2.7901033844370966
16 892 -2.7901033844370966
16 893 -2.7901033844370966
16 894 -2.7901033844370966
16 895 -2.7901033844370966
16 896 -2.7901033844370966
16 897 -2.7901033844370966
16 898 -2.7901033844370966
16 899 -2.7901033844370966
16 900 -2.7901033844370966
16 901 -2.7901033844370966
16 902 -2.7901033844370966
16 903 -2.7901033844370966
16 904 -2.7901033844370966
16 905 -2.7901033844370966
16 906 -2.7901033844370966
16 907 -2.7901033844370966
16 908 -2.7901033844370966
16 909 -2.7901033844370966
16 910 -2.7901033844370966
16 911 -2.7901033844370966
16 912 -2.7901033844370966
16 913 -2.7901033844370966
16 914 -2.7901033844370966
16 915 -2.7901033844370966
16 916 -2.7901033844370966
16 917 -2.7901033844370966
16 918 -2.7901033844370966
16 919 -2.7901033844370966
16 920 -2.7901033844370966
16 921 -2.7901033844370966
16 922 -2.854087587718554
16 923 -2.854087587718554
16 924 -2.854087587718554
16 925 -2.862119873996396
16 926 -2.862119873996396
16 927 -2.862119873996396
16 928 -2.862119873996396
16 929 -2.918413323628604
16 930 -2.918413323628604
16 931 -2.918413323628604
16 932 -2.918413323628604
16 933 -2.918413323628604
16 934 -2.918413323628604
16 935 -2.918413323628604
16 936 -2.918413323628604
16 937 -2.918413323628604
16 938 -2.918413323628604
16 939 -2.918413323628604
16 940 -2.918413323628604
16 941 -2.918413323628604
16 942 -2.918413323628604
16 943 -2.918413323628604
17 944 -2.918413323628604
17 945 -2.918512659696815
17 946 -2.918512659696815
17 947 -2.918512659696815
17 948 -2.918512659696815
17 949 -2.918512659696815
17 950 -2.918512659696815
17 951 -2.918512659696815
17 952 -2.918512659696815
17 953 -2.918512659696815
17 954 -2.918512659696815
17 955 -2.918512659696815
17 956 -2.918512659696815
17 957 -2.918512659696815
17 958 -2.918512659696815
17 959 -2.918512659696815
17 960 -2.918512659696815
17 961 -2.918512659696815
17 962 -2.918512659696815
17 963 -2.918512659696815
17 964 -2.918512659696815
17 965 -2.918512659696815
17 966 -2.918953869180119
17 967 -2.918953869180119
17 968 -2.918953869180119
17 969 -2.918953869180119
17 970 -2.918953869180119
17 971 -2.918953869180119
17 972 -2.918953869180119
17 973 -2.918953869180119
17 974 -2.918953869180119
17 975 -2.918953869180119
17 976 -2.918953869180119
17 977 -2.918953869180119
17 978 -2.918953869180119
17 979 -2.918953869180119
17 980 -2.918953869180119
17 981 -2.919008907382698
17 982 -2.919008907382698
17 983 -2.919008907382698
17 984 -2.919008907382698
17 985 -2.919008907382698
17 986 -2.919008907382698
17 987 -2.919008907382698
17 988 -2.919008907382698
17 989 -2.919008907382698
17 990 -2.919008907382698
17 991 -2.919008907382698
17 992 -2.919008907382698
17 993 -2.919008907382698
17 994 -2.919008907382698
17 995 -2.919008907382698
17 996 -2.919008907382698
17 997 -2.919008907382698
17 998 -2.919008907382698
17 999 -2.919008907382698
17 1000 -2.919008907382698
17 1001 -2.919008907382698
17 1002 -2.919008907382698
17 1003 -2.919008907382698
17 1004 -2.919008907382698
18 1005 -2.919008907382698
18 1006 -2.919008907382698
18 1007 -2.919008907382698
18 1008 -2.919008907382698
18 1009 -2.919008907382698
18 1010 -2.919008907382698
18 1011 -2.919008907382698
18 1012 -2.919008907382698
18 1013 -2.919008907382698
18 1014 -2.919008907382698
18 1015 -2.919008907382698
18 1016 -2.919008907382698
18 1017 -2.919008907382698
18 1018 -2.919008907382698
18 1019 -2.919008907382698
18 1020 -2.919008907382698
18 1021 -2.919008907382698
18 1022 -2.919008907382698
18 1023 -2.919008907382698
18 1024 -2.919008907382698
18 1025 -2.919008907382698
18 1026 -2.919008907382698
18 1027 -2.919008907382698
18 1028 -2.919008907382698
18 1029 -2.919008907382698
18 1030 -2.919008907382698
18 1031 -2.919008907382698
18 1032 -2.919008907382698
18 1033 -2.919008907382698
18 1034 -2.919008907382698
18 1035 -2.919008907382698
18 1036 -2.919008907382698
18 1037 -2.919008907382698
18 1038 -2.919008907382698
18 1039 -2.919008907382698
18 1040 -2.919008907382698
18 1041 -2.919008907382698
18 1042 -2.919008907382698
18 1043 -2.919008907382698
18 1044 -2.919008907382698
18 1045 -2.919008907382698
18 1046 -2.919008907382698
18 1047 -2.919008907382698
18 1048 -2.919008907382698
18 1049 -2.919008907382698
18 1050 -2.919008907382698
18 1051 -2.919008907382698
18 1052 -2.919008907382698
18 1053 -2.919008907382698
18 1054 -2.919008907382698
18 1055 -2.919008907382698
18 1056 -2.919008907382698
18 1057 -2.919008907382698
18 1058 -2.919008907382698
18 1059 -2.919008907382698
18 1060 -2.919008907382698
18 1061 -2.919008907382698
18 1062 -2.919008907382698
18 1063 -2.919008907382698
19 1064 -2.919008907382698
19 1065 -2.919008907382698
19 1066 -2.919008907382698
19 1067 -2.919008907382698
19 1068 -2.919008907382698
19 1069 -2.919008907382698
19 1070 -2.919008907382698
19 1071 -2.919008907382698
19 1072 -2.919008907382698
19 1073 -2.919008907382698
19 1074 -2.919008907382698
19 1075 -2.919008907382698
19 1076 -2.919008907382698
19 1077 -2.919008907382698
19 1078 -2.919008907382698
19 1079 -2.919008907382698
19 1080 -2.919008907382698
19 1081 -2.976170208468583
19 1082 -2.976170208468583
19 1083 -2.976170208468583
19 1084 -2.976170208468583
19 1085 -2.976170208468583
19 1086 -2.976170208468583
19 1087 -2.976170208468583
19 1088 -2.976170208468583
19 1089 -2.976170208468583
19 1090 -2.976170208468583
19 1091 -2.976170208468583
19 1092 -2.976170208468583
19 1093 -2.976170208468583
19 1094 -2.976170208468583
19 1095 -2.976170208468583
19 1096 -2.976170208468583
19 1097 -2.976170208468583
19 1098 -2.976170208468583
19 1099 -2.976170208468583
19 1100 -2.976170208468583
19 1101 -2.976170208468583
19 1102 -2.976170208468583
19 1103 -2.976170208468583
19 1104 -2.976170208468583
19 1105 -2.976170208468583
19 1106 -2.976170208468583
19 1107 -2.976170208468583
19 1108 -2.976170208468583
19 1109 -2.976170208468583
19 1110 -2.976170208468583
19 1111 -2.976170208468583
19 1112 -2.976170208468583
19 1113 -2.976170208468583
19 1114 -2.976170208468583
19 1115 -2.976170208468583
19 1116 -2.976170208468583
19 1117 -2.9767030241977204
19 1118 -2.9767030241977204
19 1119 -2.9767030241977204
19 1120 -2.9767030241977204
19 1121 -2.9767030241977204
19 1122 -2.9767030241977204
19 1123 -2.9767030241977204
19 1124 -2.9767030241977204
20 1125 -2.9767030241977204
20 1126 -2.9767030241977204
20 1127 -2.9767030241977204
20 1128 -2.9767030241977204
20 1129 -2.9767030241977204
20 1130 -2.9767030241977204
20 1131 -2.9767030241977204
20 1132 -2.9767030241977204
20 1133 -2.9767030241977204
20 1134 -2.9767030241977204
20 1135 -2.9767030241977204
20 1136 -2.9767030241977204
20 1137 -2.9767030241977204
20 1138 -2.9767030241977204
20 1139 -2.9767030241977204
20 1140 -2.9767030241977204
20 1141 -2.9767030241977204
20 1142 -2.9767030241977204
20 1143 -2.9767030241977204
20 1144 -2.9767030241977204
20 1145 -2.9767030241977204
20 1146 -2.9767030241977204
20 1147 -2.9767030241977204
20 1148 -2.9767030241977204
20 1149 -2.9767030241977204
20 1150 -2.9767030241977204
20 1151 -2.9767030241977204
20 1152 -2.9767030241977204
20 1153 -2.9767030241977204
20 1154 -2.9767030241977204
20 1155 -2.9767030241977204
20 1156 -2.9767030241977204
20 1157 -2.9767030241977204
20 1158 -2.9767030241977204
20 1159 -2.9767030241977204
20 1160 -2.9767030241977204
20 1161 -2.9767030241977204
20 1162 -2.9846982269266955
20 1163 -2.9846982269266955
20 1164 -3.133318198661686
20 1165 -3.133318198661686
20 1166 -3.133318198661686
20 1167 -3.133318198661686
20 1168 -3.133318198661686
20 1169 -3.133318198661686
20 1170 -3.133318198661686
20 1171 -3.133318198661686
20 1172 -3.133318198661686
20 1173 -3.133318198661686
20 1174 -3.133318198661686
20 1175 -3.133318198661686
20 1176 -3.1333297225734262
20 1177 -3.1333297225734262
21 1178 -3.1333297225734262
21 1179 -3.1333297225734262
21 1180 -3.1333297225734262
21 1181 -3.1333297225734262
21 1182 -3.1333297225734262
21 1183 -3.1333297225734262
21 1184 -3.1333297225734262
21 1185 -3.1333297225734262
21 1186 -3.1333297225734262
21 1187 -3.1333297225734262
21 1188 -3.1333297225734262
21 1189 -3.1333297225734262
21 1190 -3.1333297225734262
21 1191 -3.1333297225734262
21 1192 -3.1333297225734262
21 1193 -3.1333297225734262
21 1194 -3.1333297225734262
21 1195 -3.1333297225734262
21 1196 -3.1333297225734262
21 1197 -3.1333297225734262
21 1198 -3.1333297225734262
21 1199 -3.1333297225734262
21 1200 -3.1333297225734262
21 1201 -3.1333297225734262
21 1202 -3.1333297225734262
21 1203 -3.1333297225734262
21 1204 -3.1333297225734262
21 1205 -3.1333297225734262
21 1206 -3.1333297225734262
21 1207 -3.1333297225734262
21 1208 -3.1333297225734262
21 1209 -3.1333297225734262
21 1210 -3.1333297225734262
21 1211 -3.1333297225734262
21 1212 -3.1333297225734262
21 1213 -3.1333297225734262
21 1214 -3.1333297225734262
21 1215 -3.1333297225734262
21 1216 -3.1333297225734262
21 1217 -3.1333297225734262
21 1218 -3.1333297225734262
21 1219 -3.1333297225734262
21 1220 -3.1333297225734262
21 1221 -3.1333297225734262
21 1222 -3.1333297225734262
21 1223 -3.1333297225734262
21 1224 -3.1333297225734262
21 1225 -3.1333297225734262
21 1226 -3.1333297225734262
21 1227 -3.1333297225734262
21 1228 -3.1333297225734262
21 1229 -3.1333297225734262
21 1230 -3.1333297225734262
21 1231 -3.1333297225734262
21 1232 -3.1333297225734262
21 1233 -3.1333297225734262
21 1234 -3.1333297225734262
21 1235 -3.1333297225734262
21 1236 -3.1333297225734262
21 1237 -3.1333297225734262
21 1238 -3.1333297225734262
21 1239 -3.1333297225734262
21 1240 -3.1333297225734262
21 1241 -3.1333297225734262
21 1242 -3.1333297225734262
22 1243 -3.1333297225734262
22 1244 -3.1333297225734262
22 1245 -3.1333297225734262
22 1246 -3.1333297225734262
22 1247 -3.1333297225734262
22 1248 -3.1333297225734262
22 1249 -3.1333297225734262
22 1250 -3.1333297225734262
22 1251 -3.1333297225734262
22 1252 -3.1333297225734262
22 1253 -3.1333297225734262
22 1254 -3.2832359934909143
22 1255 -3.2832359934909143
22 1256 -3.2832359934909143
22 1257 -3.2841941330739886
22 1258 -3.2841941330739886
22 1259 -3.2841941330739886
22 1260 -3.2841941330739886
22 1261 -3.2841941330739886
22 1262 -3.2841941330739886
22 1263 -3.2841941330739886
22 1264 -3.2841941330739886
22 1265 -3.2852589334659323
22 1266 -3.2852589334659323
22 1267 -3.2852589334659323
22 1268 -3.2852589334659323
22 1269 -3.2852589334659323
22 1270 -3.2852589334659323
22 1271 -3.2852589334659323
22 1272 -3.2852589334659323
22 1273 -3.2852589334659323
22 1274 -3.2852589334659323
22 1275 -3.2852589334659323
22 1276 -3.2852589334659323
22 1277 -3.2852589334659323
22 1278 -3.2852589334659323
22 1279 -3.2852589334659323
22 1280 -3.2852589334659323
22 1281 -3.2852589334659323
22 1282 -3.2852589334659323
22 1283 -3.2852589334659323
22 1284 -3.2852589334659323
22 1285 -3.2852589334659323
22 1286 -3.2852589334659323
22 1287 -3.2852589334659323
22 1288 -3.2852589334659323
22 1289 -3.2852589334659323
22 1290 -3.285270670695712
22 1291 -3.285270670695712
22 1292 -3.285270670695712
22 1293 -3.285270670695712
22 1294 -3.285270670695712
22 1295 -3.285270670695712
22 1296 -3.285270670695712
22 1297 -3.285270670695712
22 1298 -3.285270670695712
22 1299 -3.285270670695712
22 1300 -3.285270670695712
22 1301 -3.285270670695712
22 1302 -3.285270670695712
22 1303 -3.285270670695712
22 1304 -3.285270670695712
23 1305 -3.285270670695712
23 1306 -3.285270670695712
23 1307 -3.285270670695712
23 1308 -3.285270670695712
23 1309 -3.296611364028591
23 1310 -3.296611364028591
23 1311 -3.296611364028591
23 1312 -3.296611364028591
23 1313 -3.296611364028591
23 1314 -3.296611364028591
23 1315 -3.296611364028591
23 1316 -3.296611364028591
23 1317 -3.296611364028591
23 1318 -3.296611364028591
23 1319 -3.296611364028591
23 1320 -3.296611364028591
23 1321 -3.296611364028591
23 1322 -3.296611364028591
23 1323 -3.296611364028591
23 1324 -3.296611364028591
23 1325 -3.296611364028591
23 1326 -3.296611364028591
23 1327 -3.296611364028591
23 1328 -3.296611364028591
23 1329 -3.296611364028591
23 1330 -3.296611364028591
23 1331 -3.296611364028591
23 1332 -3.296611364028591
23 1333 -3.296611364028591
23 1334 -3.296611364028591
23 1335 -3.296611364028591
23 1336 -3.296611364028591
23 1337 -3.296611364028591
23 1338 -3.296611364028591
23 1339 -3.296611364028591
23 1340 -3.296611364028591
23 1341 -3.296611364028591
23 1342 -3.296611364028591
23 1343 -3.296611364028591
23 1344 -3.296611364028591
23 1345 -3.296611364028591
23 1346 -3.296611364028591
23 1347 -3.296611364028591
23 1348 -3.296611364028591
23 1349 -3.296611364028591
23 1350 -3.296611364028591
23 1351 -3.296611364028591
23 1352 -3.296611364028591
23 1353 -3.296611364028591
23 1354 -3.296611364028591
23 1355 -3.296611364028591
23 1356 -3.296611364028591
23 1357 -3.296611364028591
23 1358 -3.296611364028591
24 1359 -3.296611364028591
24 1360 -3.3062925965379732
24 1361 -3.3062925965379732
24 1362 -3.3062925965379732
24 1363 -3.3062925965379732
24 1364 -3.3062925965379732
24 1365 -3.3062925965379732
24 1366 -3.3062925965379732
24 1367 -3.3062925965379732
24 1368 -3.3062925965379732
24 1369 -3.3062925965379732
24 1370 -3.3062925965379732
24 1371 -3.3062925965379732
24 1372 -3.3066062274257644
24 1373 -3.3066062274257644
24 1374 -3.3066062274257644
24 1375 -3.3066062274257644
24 1376 -3.3066062274257644
24 1377 -3.3066062274257644
24 1378 -3.3066062274257644
24 1379 -3.3066062274257644
24 1380 -3.3066062274257644
24 1381 -3.3066062274257644
24 1382 -3.3066062274257644
24 1383 -3.3066062274257644
24 1384 -3.3066062274257644
24 1385 -3.3066062274257644
24 1386 -3.3066062274257644
24 1387 -3.3066062274257644
24 1388 -3.3066062274257644
24 1389 -3.3066062274257644
24 1390 -3.3066062274257644
24 1391 -3.3066062274257644
24 1392 -3.3066062274257644
24 1393 -3.3066062274257644
24 1394 -3.3066062274257644
24 1395 -3.3066062274257644
24 1396 -3.3066062274257644
24 1397 -3.3066062274257644
24 1398 -3.3066062274257644
24 1399 -3.3066062274257644
24 1400 -3.3066062274257644
24 1401 -3.3066062274257644
24 1402 -3.3066062274257644
24 1403 -3.3066062274257644
24 1404 -3.3066062274257644
24 1405 -3.3066062274257644
24 1406 -3.3066062274257644
24 1407 -3.3066062274257644
24 1408 -3.3066062274257644
24 1409 -3.3066062274257644
24 1410 -3.3066062274257644
24 1411 -3.3066062274257644
24 1412 -3.3066062274257644
24 1413 -3.3066062274257644
24 1414 -3.3066062274257644
25 1415 -3.3066062274257644
25 1416 -3.3066062274257644
25 1417 -3.3066062274257644
25 1418 -3.3066062274257644
25 1419 -3.3066062274257644
25 1420 -3.3066062274257644
25 1421 -3.3066062274257644
25 1422 -3.3066062274257644
25 1423 -3.3066062274257644
25 1424 -3.3066062274257644
25 1425 -3.3066062274257644
25 1426 -3.3066062274257644
25 1427 -3.3066062274257644
25 1428 -3.3066062274257644
25 1429 -3.3066062274257644
25 1430 -3.3066062274257644
25 1431 -3.3066062274257644
25 1432 -3.3066062274257644
25 1433 -3.3066062274257644
25 1434 -3.3066062274257644
25 1435 -3.3066062274257644
25 1436 -3.3066062274257644
25 1437 -3.3066062274257644
25 1438 -3.3066062274257644
25 1439 -3.3066062274257644
25 1440 -3.3066062274257644
25 1441 -3.3066062274257644
25 1442 -3.3066062274257644
25 1443 -3.3066062274257644
25 1444 -3.3066062274257644
25 1445 -3.3066062274257644
25 1446 -3.3066062274257644
25 1447 -3.3066062274257644
25 1448 -3.3066062274257644
25 1449 -3.3066062274257644
25 1450 -3.3066062274257644
25 1451 -3.3066062274257644
25 1452 -3.3066062274257644
25 1453 -3.3066062274257644
25 1454 -3.3066062274257644
25 1455 -3.3066062274257644
25 1456 -3.3066062274257644
25 1457 -3.3066062274257644
25 1458 -3.3066062274257644
25 1459 -3.3066062274257644
25 1460 -3.3066062274257644
25 1461 -3.3066062274257644
25 1462 -3.3066062274257644
25 1463 -3.3066062274257644
25 1464 -3.3066062274257644
25 1465 -3.3066062274257644
25 1466 -3.3066062274257644
25 1467 -3.3066062274257644
25 1468 -3.3066062274257644
25 1469 -3.3066062274257644
25 1470 -3.3066062274257644
25 1471 -3.3066062274257644
25 1472 -3.3066062274257644
25 1473 -3.3066062274257644
25 1474 -3.3066062274257644
25 1475 -3.3066062274257644
25 1476 -3.3066062274257644
25 1477 -3.3066062274257644
26 1478 -3.3066062274257644
26 1479 -3.3066062274257644
26 1480 -3.3066062274257644
26 1481 -3.3066062274257644
26 1482 -3.3066062274257644
26 1483 -3.3066062274257644
26 1484 -3.3066062274257644
26 1485 -3.3066062274257644
26 1486 -3.3066062274257644
26 1487 -3.3066062274257644
26 1488 -3.3066062274257644
26 1489 -3.3066062274257644
26 1490 -3.3066062274257644
26 1491 -3.3066062274257644
26 1492 -3.3066062274257644
26 1493 -3.3066062274257644
26 1494 -3.3066062274257644
26 1495 -3.3066062274257644
26 1496 -3.3066062274257644
26 1497 -3.3066062274257644
26 1498 -3.3066062274257644
26 1499 -3.3066062274257644
26 1500 -3.3066062274257644
26 1501 -3.3066062274257644
26 1502 -3.3066062274257644
26 1503 -3.3066062274257644
26 1504 -3.3066062274257644
26 1505 -3.3066062274257644
26 1506 -3.3066062274257644
26 1507 -3.3066062274257644
26 1508 -3.3066062274257644
26 1509 -3.3066062274257644
26 1510 -3.3066062274257644
26 1511 -3.3066062274257644
26 1512 -3.3066062274257644
26 1513 -3.3066062274257644
26 1514 -3.3066062274257644
26 1515 -3.3066062274257644
26 1516 -3.3066062274257644
26 1517 -3.3066062274257644
26 1518 -3.3066062274257644
26 1519 -3.3066062274257644
26 1520 -3.3066062274257644
26 1521 -3.3066062274257644
26 1522 -3.3066062274257644
26 1523 -3.3066062274257644
26 1524 -3.3066062274257644
26 1525 -3.3066062274257644
26 1526 -3.3066062274257644
26 1527 -3.3066062274257644
26 1528 -3.3066062274257644
26 1529 -3.3066062274257644
26 1530 -3.3066062274257644
26 1531 -3.3066062274257644
26 1532 -3.3066062274257644
26 1533 -3.3066062274257644
26 1534 -3.3066062274257644
26 1535 -3.3066062274257644
26 1536 -3.3066062274257644
26 1537 -3.3066062274257644
26 1538 -3.3066062274257644
26 1539 -3.3066062274257644
26 1540 -3.3066062274257644
26 1541 -3.3066062274257644
27 1542 -3.3066062274257644
27 1543 -3.3066062274257644
27 1544 -3.3066062274257644
27 1545 -3.3066062274257644
27 1546 -3.3066062274257644
27 1547 -3.3066062274257644
27 1548 -3.3066062274257644
27 1549 -3.3066062274257644
27 1550 -3.3066062274257644
27 1551 -3.3066062274257644
27 1552 -3.3066062274257644
27 1553 -3.3066062274257644
27 1554 -3.3066062274257644
27 1555 -3.3066062274257644
27 1556 -3.3066062274257644
27 1557 -3.3066062274257644
27 1558 -3.3066062274257644
27 1559 -3.3066062274257644
27 1560 -3.3066062274257644
27 1561 -3.3066062274257644
27 1562 -3.3066062274257644
27 1563 -3.3066062274257644
27 1564 -3.3066062274257644
27 1565 -3.3066062274257644
27 1566 -3.3066062274257644
27 1567 -3.3066062274257644
27 1568 -3.3066062274257644
27 1569 -3.3066062274257644
27 1570 -3.3066062274257644
27 1571 -3.3066062274257644
27 1572 -3.3066062274257644
27 1573 -3.3066062274257644
27 1574 -3.3066062274257644
27 1575 -3.3066062274257644
27 1576 -3.3066062274257644
27 1577 -3.3066062274257644
27 1578 -3.3066062274257644
27 1579 -3.3066062274257644
27 1580 -3.3066062274257644
27 1581 -3.3066062274257644
27 1582 -3.3066062274257644
27 1583 -3.3066062274257644
27 1584 -3.3066062274257644
27 1585 -3.3066062274257644
27 1586 -3.3066062274257644
27 1587 -3.3066062274257644
27 1588 -3.3066062274257644
27 1589 -3.3066062274257644
27 1590 -3.3066062274257644
27 1591 -3.3066062274257644
27 1592 -3.3066062274257644
27 1593 -3.3066062274257644
27 1594 -3.3066062274257644
27 1595 -3.3066062274257644
27 1596 -3.3066062274257644
27 1597 -3.3066062274257644
27 1598 -3.3066062274257644
27 1599 -3.3066062274257644
28 1600 -3.3066062274257644
28 1601 -3.3066062274257644
28 1602 -3.3066062274257644
28 1603 -3.3066062274257644
28 1604 -3.3066062274257644
28 1605 -3.3066062274257644
28 1606 -3.3066062274257644
28 1607 -3.3066062274257644
28 1608 -3.3066062274257644
28 1609 -3.3066062274257644
28 1610 -3.3066062274257644
28 1611 -3.3066062274257644
28 1612 -3.3066062274257644
28 1613 -3.3066062274257644
28 1614 -3.3066062274257644
28 1615 -3.3066062274257644
28 1616 -3.3066062274257644
28 1617 -3.3066062274257644
28 1618 -3.3066062274257644
28 1619 -3.3066062274257644
28 1620 -3.3066062274257644
28 1621 -3.3066062274257644
28 1622 -3.3066062274257644
28 1623 -3.3066062274257644
28 1624 -3.3066062274257644
28 1625 -3.3066062274257644
28 1626 -3.3066062274257644
28 1627 -3.3066062274257644
28 1628 -3.3066062274257644
28 1629 -3.3066062274257644
28 1630 -3.3066062274257644
28 1631 -3.3066062274257644
28 1632 -3.3066062274257644
28 1633 -3.3066062274257644
28 1634 -3.3066062274257644
28 1635 -3.3066062274257644
28 1636 -3.3066062274257644
28 1637 -3.3066062274257644
28 1638 -3.3066062274257644
28 1639 -3.3066062274257644
28 1640 -3.3066062274257644
28 1641 -3.3066062274257644
28 1642 -3.3066062274257644
28 1643 -3.3066062274257644
28 1644 -3.3066062274257644
28 1645 -3.3066062274257644
28 1646 -3.3066062274257644
28 1647 -3.3066062274257644
28 1648 -3.3066062274257644
28 1649 -3.3066062274257644
28 1650 -3.3066062274257644
28 1651 -3.3066062274257644
28 1652 -3.3066062274257644
28 1653 -3.3066062274257644
28 1654 -3.3066062274257644
28 1655 -3.3066062274257644
28 1656 -3.3066062274257644
28 1657 -3.3066062274257644
28 1658 -3.3066062274257644
29 1659 -3.3066062274257644
29 1660 -3.3066062274257644
29 1661 -3.3066062274257644
29 1662 -3.3066062274257644
29 1663 -3.3066062274257644
29 1664 -3.3066062274257644
29 1665 -3.3066062274257644
29 1666 -3.3066062274257644
29 1667 -3.3066062274257644
29 1668 -3.3066062274257644
29 1669 -3.3066062274257644
29 1670 -3.3066062274257644
29 1671 -3.3066062274257644
29 1672 -3.3066062274257644
29 1673 -3.3066062274257644
29 1674 -3.3066062274257644
29 1675 -3.3066062274257644
29 1676 -3.3066062274257644
29 1677 -3.3066062274257644
29 1678 -3.3066062274257644
29 1679 -3.3066062274257644
29 1680 -3.3066062274257644
29 1681 -3.3066062274257644
29 1682 -3.3066062274257644
29 1683 -3.3066062274257644
29 1684 -3.3066062274257644
29 1685 -3.3066062274257644
29 1686 -3.3066062274257644
29 1687 -3.3066062274257644
29 1688 -3.3066062274257644
29 1689 -3.3066062274257644
29 1690 -3.3066062274257644
29 1691 -3.3066062274257644
29 1692 -3.3066062274257644
29 1693 -3.3066062274257644
29 1694 -3.3066062274257644
29 1695 -3.3066062274257644
29 1696 -3.3066062274257644
29 1697 -3.3066062274257644
29 1698 -3.3066062274257644
29 1699 -3.3066062274257644
29 1700 -3.3066062274257644
29 1701 -3.3066062274257644
29 1702 -3.3066062274257644
29 1703 -3.3066062274257644
29 1704 -3.3066062274257644
29 1705 -3.3066062274257644
29 1706 -3.3066062274257644
29 1707 -3.3066062274257644
29 1708 -3.3066062274257644
29 1709 -3.3066062274257644
29 1710 -3.3066062274257644
29 1711 -3.3066062274257644
29 1712 -3.3066062274257644
29 1713 -3.3066062274257644
29 1714 -3.3066062274257644
29 1715 -3.3066062274257644
29 1716 -3.3066062274257644
29 1717 -3.3066062274257644
29 1718 -3.3066062274257644
29 1719 -3.3066062274257644
29 1720 -3.3066062274257644
30 1721 -3.3066062274257644
30 1722 -3.3066062274257644
30 1723 -3.3066062274257644
30 1724 -3.3066062274257644
30 1725 -3.3066062274257644
30 1726 -3.3066062274257644
30 1727 -3.3066062274257644
30 1728 -3.3066062274257644
30 1729 -3.3066062274257644
30 1730 -3.3066062274257644
30 1731 -3.3066062274257644
30 1732 -3.3066062274257644
30 1733 -3.3066062274257644
30 1734 -3.3066062274257644
30 1735 -3.3066062274257644
30 1736 -3.3066062274257644
30 1737 -3.3066062274257644
30 1738 -3.3066062274257644
30 1739 -3.3066062274257644
30 1740 -3.3066062274257644
30 1741 -3.3066062274257644
30 1742 -3.3066062274257644
30 1743 -3.3066062274257644
30 1744 -3.3066062274257644
30 1745 -3.3066062274257644
30 1746 -3.3066062274257644
30 1747 -3.3066062274257644
30 1748 -3.3066062274257644
30 1749 -3.3066062274257644
30 1750 -3.3066062274257644
30 1751 -3.3066062274257644
30 1752 -3.3066062274257644
30 1753 -3.3066062274257644
30 1754 -3.3066062274257644
30 1755 -3.3066062274257644
30 1756 -3.3102207660472542
30 1757 -3.3102207660472542
30 1758 -3.3102207660472542
30 1759 -3.3102207660472542
30 1760 -3.3102207660472542
30 1761 -3.3102207660472542
30 1762 -3.3102207660472542
30 1763 -3.3102207660472542
30 1764 -3.3102207660472542
30 1765 -3.3102207660472542
30 1766 -3.3102207660472542
30 1767 -3.3102207660472542
30 1768 -3.3102207660472542
30 1769 -3.3102207660472542
30 1770 -3.3102207660472542
30 1771 -3.3102207660472542
30 1772 -3.3102207660472542
30 1773 -3.3102207660472542
30 1774 -3.3102207660472542
30 1775 -3.3102207660472542
30 1776 -3.3102207660472542
31 1777 -3.3102207660472542
31 1778 -3.3102207660472542
31 1779 -3.3102207660472542
31 1780 -3.3102207660472542
31 1781 -3.3102207660472542
31 1782 -3.3102207660472542
31 1783 -3.3102207660472542
31 1784 -3.3102207660472542
31 1785 -3.3102207660472542
31 1786 -3.3102207660472542
31 1787 -3.3102207660472542
31 1788 -3.3102207660472542
31 1789 -3.3102207660472542
31 1790 -3.3102207660472542
31 1791 -3.3102207660472542
31 1792 -3.3102207660472542
31 1793 -3.3102207660472542
31 1794 -3.3102207660472542
31 1795 -3.3102207660472542
31 1796 -3.3102207660472542
31 1797 -3.3102207660472542
31 1798 -3.3102207660472542
31 1799 -3.3102207660472542
31 1800 -3.3102207660472542
31 1801 -3.3102207660472542
31 1802 -3.3102207660472542
31 1803 -3.3102207660472542
31 1804 -3.3102207660472542
31 1805 -3.3102207660472542
31 1806 -3.3102207660472542
31 1807 -3.3102207660472542
31 1808 -3.3102207660472542
31 1809 -3.3102207660472542
31 1810 -3.3102207660472542
31 1811 -3.3102207660472542
31 1812 -3.3102207660472542
31 1813 -3.3102207660472542
31 1814 -3.3102207660472542
31 1815 -3.3102207660472542
31 1816 -3.3102207660472542
31 1817 -3.3102207660472542
31 1818 -3.3102207660472542
31 1819 -3.3102207660472542
31 1820 -3.3102207660472542
31 1821 -3.3102207660472542
31 1822 -3.3102207660472542
31 1823 -3.3102207660472542
31 1824 -3.3102207660472542
31 1825 -3.3102207660472542
31 1826 -3.3102207660472542
31 1827 -3.3102207660472542
31 1828 -3.3102207660472542
31 1829 -3.3102207660472542
31 1830 -3.3102207660472542
31 1831 -3.3102207660472542
31 1832 -3.3102207660472542
31 1833 -3.3102207660472542
31 1834 -3.3102207660472542
31 1835 -3.3102207660472542
31 1836 -3.3102207660472542
31 1837 -3.3102207660472542
31 1838 -3.3102207660472542
31 1839 -3.3102207660472542
31 1840 -3.3102207660472542
32 1841 -3.3102207660472542
32 1842 -3.3102207660472542
32 1843 -3.3102207660472542
32 1844 -3.3102207660472542
32 1845 -3.3102207660472542
32 1846 -3.3102207660472542
32 1847 -3.3102207660472542
32 1848 -3.3102207660472542
32 1849 -3.3102207660472542
32 1850 -3.3102207660472542
32 1851 -3.3102207660472542
32 1852 -3.3102207660472542
32 1853 -3.3102207660472542
32 1854 -3.3102207660472542
32 1855 -3.3102207660472542
32 1856 -3.3102207660472542
32 1857 -3.3102207660472542
32 1858 -3.3102207660472542
32 1859 -3.3102207660472542
32 1860 -3.3102207660472542
32 1861 -3.3102207660472542
32 1862 -3.3102207660472542
32 1863 -3.3102207660472542
32 1864 -3.3102207660472542
32 1865 -3.3102207660472542
32 1866 -3.3102207660472542
32 1867 -3.3102207660472542
32 1868 -3.3102207660472542
32 1869 -3.3102207660472542
32 1870 -3.3102207660472542
32 1871 -3.3102207660472542
32 1872 -3.3102207660472542
32 1873 -3.3102207660472542
32 1874 -3.3102207660472542
32 1875 -3.3102207660472542
32 1876 -3.3102207660472542
32 1877 -3.3102207660472542
32 1878 -3.3102207660472542
32 1879 -3.3102207660472542
32 1880 -3.3102207660472542
32 1881 -3.3102207660472542
32 1882 -3.3102207660472542
32 1883 -3.3102207660472542
32 1884 -3.3102207660472542
32 1885 -3.3102207660472542
32 1886 -3.3102207660472542
32 1887 -3.3102207660472542
32 1888 -3.3102207660472542
32 1889 -3.3102207660472542
32 1890 -3.3102207660472542
32 1891 -3.3102207660472542
32 1892 -3.3102207660472542
32 1893 -3.3102207660472542
32 1894 -3.3102207660472542
32 1895 -3.3102207660472542
33 1896 -3.3102207660472542
33 1897 -3.3102207660472542
33 1898 -3.3102207660472542
33 1899 -3.3102207660472542
33 1900 -3.3102207660472542
33 1901 -3.3102207660472542
33 1902 -3.3102207660472542
33 1903 -3.3102207660472542
33 1904 -3.3102207660472542
33 1905 -3.3102207660472542
33 1906 -3.3102207660472542
33 1907 -3.3102207660472542
33 1908 -3.3102207660472542
33 1909 -3.3102207660472542
33 1910 -3.3102207660472542
33 1911 -3.3102207660472542
33 1912 -3.3102207660472542
33 1913 -3.3102207660472542
33 1914 -3.3102207660472542
33 1915 -3.3102207660472542
33 1916 -3.3102207660472542
33 1917 -3.3102207660472542
33 1918 -3.3102207660472542
33 1919 -3.3104694694096013
33 1920 -3.3104694694096013
33 1921 -3.3104694694096013
33 1922 -3.3104694694096013
33 1923 -3.3104694694096013
33 1924 -3.3104694694096013
33 1925 -3.3104694694096013
33 1926 -3.3104694694096013
33 1927 -3.3104694694096013
33 1928 -3.3104694694096013
33 1929 -3.3104694694096013
33 1930 -3.3104694694096013
33 1931 -3.3104694694096013
33 1932 -3.3104694694096013
33 1933 -3.3104694694096013
33 1934 -3.3104694694096013
33 1935 -3.3104694694096013
33 1936 -3.3104694694096013
33 1937 -3.3104694694096013
33 1938 -3.3104694694096013
33 1939 -3.3104694694096013
33 1940 -3.3104694694096013
33 1941 -3.314855472793865
33 1942 -3.314855472793865
33 1943 -3.314855472793865
33 1944 -3.314855472793865
33 1945 -3.314855472793865
33 1946 -3.314855472793865
33 1947 -3.314855472793865
33 1948 -3.314855472793865
33 1949 -3.314855472793865
33 1950 -3.314855472793865
33 1951 -3.314855472793865
33 1952 -3.314855472793865
33 1953 -3.314855472793865
33 1954 -3.314855472793865
34 1955 -3.314855472793865
34 1956 -3.314855472793865
34 1957 -3.314855472793865
34 1958 -3.314855472793865
34 1959 -3.314855472793865
34 1960 -3.314855472793865
34 1961 -3.314855472793865
34 1962 -3.314855472793865
34 1963 -3.314855472793865
34 1964 -3.314855472793865
34 1965 -3.314855472793865
34 1966 -3.314855472793865
34 1967 -3.314855472793865
34 1968 -3.314855472793865
34 1969 -3.314855472793865
34 1970 -3.314855472793865
34 1971 -3.314855472793865
34 1972 -3.314855472793865
34 1973 -3.314855472793865
34 1974 -3.314855472793865
34 1975 -3.314855472793865
34 1976 -3.314855472793865
34 1977 -3.314855472793865
34 1978 -3.315339958229465
34 1979 -3.315339958229465
34 1980 -3.315339958229465
34 1981 -3.315339958229465
34 1982 -3.315339958229465
34 1983 -3.315339958229465
34 1984 -3.315339958229465
34 1985 -3.315339958229465
34 1986 -3.315339958229465
34 1987 -3.315339958229465
34 1988 -3.315339958229465
34 1989 -3.315339958229465
34 1990 -3.315339958229465
34 1991 -3.315339958229465
34 1992 -3.315339958229465
34 1993 -3.315339958229465
34 1994 -3.315339958229465
34 1995 -3.315339958229465
34 1996 -3.315339958229465
34 1997 -3.315339958229465
34 1998 -3.315339958229465
34 1999 -3.315339958229465
34 2000 -3.315339958229465
34 2001 -3.315339958229465
34 2002 -3.315339958229465
34 2003 -3.315339958229465
34 2004 -3.315339958229465
34 2005 -3.315339958229465
34 2006 -3.320016017912291
