0 1 -0.8870548779241614
0 2 -1.0409922976236698
0 3 -1.8711315138422546
0 4 -1.8711315138422546
0 5 -1.8711315138422546
0 6 -1.9072309363660631
0 7 -1.9072309363660631
0 8 -1.9093311332378244
0 9 -1.9093311332378244
0 10 -1.9093311332378244
0 11 -1.9093311332378244
0 12 -1.9093311332378244
0 13 -1.9093311332378244
1 14 -2.6338380663674577
1 15 -2.6338380663674577
1 16 -2.6338380663674577
1 17 -2.6338380663674577
1 18 -2.6338380663674577
1 19 -2.6338380663674577
1 20 -2.6338380663674577
1 21 -2.6338380663674577
1 22 -2.6338380663674577
1 23 -2.6338380663674577
1 24 -2.6338380663674577
1 25 -2.6338380663674577
1 26 -2.6338380663674577
1 27 -2.6338380663674577
1 28 -2.6338380663674577
1 29 -2.6338380663674577
1 30 -2.6338380663674577
1 31 -2.6338380663674577
1 32 -2.6338380663674577
1 33 -2.6338380663674577
1 34 -2.6338380663674577
1 35 -2.6338380663674577
1 36 -2.6338380663674577
1 37 -2.6338380663674577
1 38 -2.7009716335454517
1 39 -2.7009716335454517
1 40 -2.7009716335454517
1 41 -2.7009716335454517
1 42 -2.7009716335454517
1 43 -2.7009716335454517
1 44 -2.7009716335454517
1 45 -2.7009716335454517
1 46 -2.7009716335454517
1 47 -2.7009716335454517
1 48 -2.7009716335454517
1 49 -2.7009716335454517
1 50 -2.7009716335454517
1 51 -2.7009716335454517
1 52 -2.7009716335454517
1 53 -2.7009716335454517
1 54 -2.7009716335454517
1 55 -2.7009716335454517
1 56 -2.7009716335454517
1 57 -2.7692543558117984
1 58 -2.7692543558117984
1 59 -2.7692543558117984
1 60 -2.7757444160344886
1 61 -2.7757444160344886
1 62 -2.7757444160344886
1 63 -2.7757444160344886
1 64 -2.7757444160344886
1 65 -2.7757444160344886
1 66 -2.7757444160344886
1 67 -2.7757444160344886
1 68 -2.7757444160344886
1 69 -2.7757444160344886
2 70 -2.7757444160344886
2 71 -2.7757444160344886
2 72 -2.7757444160344886
2 73 -2.7757444160344886
2 74 -2.7757444160344886
2 75 -2.7757444160344886
2 76 -2.7757444160344886
2 77 -2.7757444160344886
2 78 -2.7757444160344886
2 79 -2.7757444160344886
2 80 -2.7757444160344886
2 81 -2.7757444160344886
2 82 -2.7757444160344886
2 83 -2.7757444160344886
2 84 -2.7757444160344886
2 85 -2.7757444160344886
2 86 -2.7757444160344886
2 87 -2.7757444160344886
2 88 -2.7757444160344886
2 89 -2.7757444160344886
2 90 -2.7757444160344886
2 91 -2.7757444160344886
2 92 -2.7757444160344886
2 93 -2.7757444160344886
2 94 -2.7757444160344886
2 95 -2.7757444160344886
2 96 -2.7757444160344886
2 97 -2.7757444160344886
2 98 -2.7757444160344886
2 99 -2.7757444160344886
2 100 -2.7757444160344886
2 101 -2.7757444160344886
2 102 -2.7757444160344886
2 103 -2.7757444160344886
2 104 -2.7757444160344886
2 105 -2.7757444160344886
2 106 -2.7757444160344886
2 107 -2.7757444160344886
2 108 -2.7757444160344886
2 109 -2.7757444160344886
2 110 -2.7757444160344886
2 111 -2.7757444160344886
2 112 -2.7757444160344886
2 113 -2.7757444160344886
2 114 -2.7757444160344886
2 115 -2.7757444160344886
2 116 -2.7757444160344886
2 117 -2.7757444160344886
2 118 -2.7757444160344886
2 119 -2.7757444160344886
2 120 -2.7757444160344886
2 121 -2.7757444160344886
2 122 -2.7757444160344886
2 123 -2.7757444160344886
2 124 -2.7757444160344886
2 125 -2.7757444160344886
3 126 -2.7757444160344886
3 127 -2.7757444160344886
3 128 -2.7757444160344886
3 129 -2.7757444160344886
3 130 -2.7757444160344886
3 131 -2.7757444160344886
3 132 -2.7757444160344886
3 133 -2.7757444160344886
3 134 -2.7757444160344886
3 135 -2.7757444160344886
3 136 -2.7757444160344886
3 137 -2.7757444160344886
3 138 -2.7757444160344886
3 139 -2.7757444160344886
3 140 -2.7757444160344886
3 141 -2.7757444160344886
3 142 -2.7757444160344886
3 143 -2.7757444160344886
3 144 -2.7757444160344886
3 145 -2.7757444160344886
3 146 -2.7757444160344886
3 147 -2.8059754773450902
3 148 -2.8059754773450902
3 149 -2.8059754773450902
3 150 -2.8059754773450902
3 151 -2.8059754773450902
3 152 -2.806385489737238
3 153 -2.806385489737238
3 154 -2.806385489737238
3 155 -2.806385489737238
3 156 -2.806385489737238
3 157 -2.806385489737238
3 158 -2.806385489737238
3 159 -2.806385489737238
3 160 -2.806385489737238
3 161 -2.806385489737238
3 162 -2.806385489737238
3 163 -2.806385489737238
3 164 -2.806385489737238
3 165 -2.806385489737238
3 166 -2.806385489737238
3 167 -2.806385489737238
3 168 -2.806385489737238
3 169 -2.806385489737238
3 170 -2.806385489737238
3 171 -2.806385489737238
3 172 -2.806385489737238
3 173 -2.806385489737238
3 174 -2.806385489737238
3 175 -2.806385489737238
3 176 -2.806385489737238
3 177 -2.806385489737238
3 178 -2.806385489737238
3 179 -2.806385489737238
3 180 -2.806385489737238
4 181 -2.806385489737238
4 182 -2.806385489737238
4 183 -2.806385489737238
4 184 -2.809940495958058
4 185 -2.809940495958058
4 186 -2.809940495958058
4 187 -2.809940495958058
4 188 -2.809940495958058
4 189 -2.809940495958058
4 190 -2.809940495958058
4 191 -2.809940495958058
4 192 -2.809940495958058
4 193 -2.809940495958058
4 194 -2.809940495958058
4 195 -2.809940495958058
4 196 -2.809940495958058
4 197 -2.809940495958058
4 198 -2.809940495958058
4 199 -2.809940495958058
4 200 -2.809940495958058
4 201 -2.809940495958058
4 202 -2.809940495958058
4 203 -2.809940495958058
4 204 -2.809940495958058
4 205 -2.809940495958058
4 206 -2.809940495958058
4 207 -2.809940495958058
4 208 -2.809940495958058
4 209 -2.809940495958058
4 210 -2.809940495958058
4 211 -2.809940495958058
4 212 -2.809940495958058
4 213 -2.809940495958058
4 214 -2.809940495958058
4 215 -2.809940495958058
4 216 -2.809940495958058
4 217 -2.809940495958058
4 218 -2.809940495958058
4 219 -2.809940495958058
4 220 -2.809940495958058
4 221 -2.8143909528223356
4 222 -2.8143909528223356
4 223 -2.8143909528223356
4 224 -2.8143909528223356
4 225 -2.8143909528223356
4 226 -2.8143909528223356
4 227 -2.8143909528223356
4 228 -2.8143909528223356
4 229 -2.8213566812621016
4 230 -2.8213566812621016
4 231 -2.8213566812621016
4 232 -2.8213566812621016
4 233 -2.8213566812621016
4 234 -2.8213566812621016
4 235 -2.8213566812621016
4 236 -2.8213566812621016
4 237 -2.8213566812621016
4 238 -2.8213566812621016
4 239 -2.8213566812621016
4 240 -2.8213566812621016
4 241 -2.8213566812621016
4 242 -2.8213566812621016
4 243 -2.8213566812621016
5 244 -2.8213566812621016
5 245 -2.8213566812621016
5 246 -2.8213566812621016
5 247 -2.8213566812621016
5 248 -2.8213566812621016
5 249 -2.8213566812621016
5 250 -2.8213566812621016
5 251 -2.8213566812621016
5 252 -2.8213566812621016
5 253 -2.8213566812621016
5 254 -2.8213566812621016
5 255 -2.8213566812621016
5 256 -2.8213566812621016
5 257 -2.8213566812621016
5 258 -2.8213566812621016
5 259 -2.8213566812621016
5 260 -2.8213566812621016
5 261 -2.8213566812621016
5 262 -2.8213566812621016
5 263 -2.8213566812621016
5 264 -2.8213566812621016
5 265 -2.8213566812621016
5 266 -2.8213566812621016
5 267 -2.8213566812621016
5 268 -2.8213566812621016
5 269 -2.8213566812621016
5 270 -2.8213566812621016
5 271 -2.8213566812621016
5 272 -2.8213566812621016
5 273 -2.8213566812621016
5 274 -2.8213566812621016
5 275 -2.8213566812621016
5 276 -2.8213566812621016
5 277 -2.8213566812621016
5 278 -2.8213566812621016
5 279 -2.8213566812621016
5 280 -2.8213566812621016
5 281 -2.8213566812621016
5 282 -2.8213566812621016
5 283 -2.8213566812621016
5 284 -2.8213566812621016
5 285 -2.8213566812621016
5 286 -2.8213566812621016
5 287 -2.8213566812621016
5 288 -2.8213566812621016
5 289 -2.8213566812621016
5 290 -2.8213566812621016
5 291 -2.821532430120834
5 292 -2.821532430120834
5 293 -2.821532430120834
5 294 -2.821532430120834
5 295 -2.821532430120834
5 296 -2.821532430120834
5 297 -2.821532430120834
5 298 -2.821532430120834
5 299 -2.821532430120834
5 300 -2.821532430120834
5 301 -2.821532430120834
5 302 -2.821532430120834
5 303 -2.821532430120834
5 304 -2.821532430120834
5 305 -2.821532430120834
5 306 -2.821532430120834
5 307 -2.821532430120834
5 308 -2.821532430120834
5 309 -2.821532430120834
6 310 -2.821532430120834
6 311 -2.821532430120834
6 312 -2.821532430120834
6 313 -2.821532430120834
6 314 -2.821532430120834
6 315 -2.821532430120834
6 316 -2.821532430120834
6 317 -2.827149252615784
6 318 -2.827149252615784
6 319 -2.827149252615784
6 320 -2.827149252615784
6 321 -2.827149252615784
6 322 -2.827149252615784
6 323 -2.827149252615784
6 324 -2.827149252615784
6 325 -2.827149252615784
6 326 -2.827149252615784
6 327 -2.827149252615784
6 328 -2.827149252615784
6 329 -2.827149252615784
6 330 -2.827149252615784
6 331 -2.827149252615784
6 332 -2.827149252615784
6 333 -2.827149252615784
6 334 -2.827149252615784
6 335 -2.827149252615784
6 336 -2.827149252615784
6 337 -2.827149252615784
6 338 -2.827149252615784
6 339 -2.827149252615784
6 340 -2.827149252615784
6 341 -2.827149252615784
6 342 -2.827149252615784
6 343 -2.827149252615784
6 344 -2.827149252615784
6 345 -2.827149252615784
6 346 -2.827149252615784
6 347 -2.827149252615784
6 348 -2.827149252615784
6 349 -2.827149252615784
6 350 -2.827149252615784
6 351 -2.827149252615784
6 352 -2.827149252615784
6 353 -2.827149252615784
6 354 -2.827149252615784
6 355 -2.827149252615784
6 356 -2.827149252615784
7 357 -2.827149252615784
7 358 -2.827149252615784
7 359 -2.827149252615784
7 360 -2.827149252615784
7 361 -2.827149252615784
7 362 -2.827149252615784
7 363 -2.827149252615784
7 364 -2.827149252615784
7 365 -2.827149252615784
7 366 -2.827149252615784
7 367 -2.827149252615784
7 368 -2.827149252615784
7 369 -2.827149252615784
7 370 -2.827149252615784
7 371 -2.8283143874531644
7 372 -2.8283143874531644
7 373 -2.8283143874531644
7 374 -2.8283143874531644
7 375 -2.8283143874531644
7 376 -2.8283143874531644
7 377 -2.8283143874531644
7 378 -2.8283143874531644
7 379 -2.8283143874531644
7 380 -2.8283143874531644
7 381 -2.8283143874531644
7 382 -2.8283143874531644
7 383 -2.8283143874531644
7 384 -2.8283143874531644
7 385 -2.8283143874531644
7 386 -2.8283143874531644
7 387 -2.8360226663360772
7 388 -2.8360226663360772
7 389 -2.8360226663360772
7 390 -2.8360226663360772
7 391 -2.8360226663360772
7 392 -2.8360226663360772
7 393 -2.8360226663360772
7 394 -2.8360226663360772
7 395 -2.8360226663360772
7 396 -2.8360226663360772
7 397 -2.8360226663360772
7 398 -2.8360226663360772
7 399 -2.8360226663360772
7 400 -2.8360226663360772
7 401 -2.8360226663360772
7 402 -2.8360226663360772
7 403 -2.8360226663360772
7 404 -2.8360226663360772
7 405 -2.8360226663360772
7 406 -2.8360636055599806
7 407 -2.8360636055599806
7 408 -2.8360636055599806
7 409 -2.8360636055599806
7 410 -2.8360636055599806
7 411 -3.178029758885811
7 412 -3.178029758885811
7 413 -3.178029758885811
7 414 -3.178029758885811
7 415 -3.178029758885811
7 416 -3.178029758885811
7 417 -3.178029758885811
7 418 -3.2650112486731127
8 419 -3.2650112486731127
8 420 -3.2650112486731127
8 421 -3.2650112486731127
8 422 -3.2650112486731127
8 423 -3.2650112486731127
8 424 -3.2650112486731127
8 425 -3.2650112486731127
8 426 -3.2650112486731127
8 427 -3.2650112486731127
8 428 -3.2650112486731127
8 429 -3.2650112486731127
8 430 -3.2650112486731127
8 431 -3.2650112486731127
8 432 -3.2650112486731127
8 433 -3.2650112486731127
8 434 -3.2650112486731127
8 435 -3.2650112486731127
8 436 -3.2650112486731127
8 437 -3.2650112486731127
8 438 -3.2650112486731127
8 439 -3.2650112486731127
8 440 -3.2650112486731127
8 441 -3.2650112486731127
8 442 -3.2650112486731127
8 443 -3.2650112486731127
8 444 -3.2650112486731127
8 445 -3.2650112486731127
8 446 -3.2650112486731127
8 447 -3.2650112486731127
8 448 -3.2650112486731127
8 449 -3.2650112486731127
8 450 -3.2650112486731127
8 451 -3.2650112486731127
8 452 -3.2650112486731127
8 453 -3.2650112486731127
8 454 -3.2650112486731127
8 455 -3.2650112486731127
8 456 -3.2650112486731127
8 457 -3.2650112486731127
8 458 -3.2650112486731127
8 459 -3.2650112486731127
8 460 -3.2650112486731127
8 461 -3.2650112486731127
8 462 -3.2650112486731127
8 463 -3.2650112486731127
8 464 -3.2650112486731127
8 465 -3.2650112486731127
8 466 -3.2650112486731127
8 467 -3.2650112486731127
8 468 -3.2650112486731127
8 469 -3.2650112486731127
8 470 -3.2650112486731127
8 471 -3.2650112486731127
8 472 -3.2650112486731127
8 473 -3.2650112486731127
8 474 -3.2650112486731127
8 475 -3.2650112486731127
8 476 -3.2650112486731127
8 477 -3.2650112486731127
8 478 -3.2650112486731127
8 479 -3.2650112486731127
8 480 -3.2650112486731127
8 481 -3.2650112486731127
8 482 -3.2650112486731127
9 483 -3.2650112486731127
9 484 -3.2650112486731127
9 485 -3.2650112486731127
9 486 -3.2650112486731127
9 487 -3.2652919139664425
9 488 -3.2652919139664425
9 489 -3.2652919139664425
9 490 -3.2652919139664425
9 491 -3.2652919139664425
9 492 -3.2652919139664425
9 493 -3.2652919139664425
9 494 -3.2652919139664425
9 495 -3.2652919139664425
9 496 -3.2652919139664425
9 497 -3.2652919139664425
9 498 -3.2652919139664425
9 499 -3.2652919139664425
9 500 -3.2652919139664425
9 501 -3.2652919139664425
9 502 -3.2652919139664425
9 503 -3.2652919139664425
9 504 -3.2652919139664425
9 505 -3.2664852140489757
9 506 -3.2664852140489757
9 507 -3.2664852140489757
9 508 -3.2664852140489757
9 509 -3.2664852140489757
9 510 -3.2664852140489757
9 511 -3.2664852140489757
9 512 -3.2664852140489757
9 513 -3.2664852140489757
9 514 -3.2664852140489757
9 515 -3.2746463918660282
9 516 -3.2746463918660282
9 517 -3.2746463918660282
9 518 -3.2746463918660282
9 519 -3.2746463918660282
9 520 -3.2746463918660282
9 521 -3.2746463918660282
9 522 -3.2746463918660282
9 523 -3.2746463918660282
9 524 -3.2746463918660282
9 525 -3.2746463918660282
9 526 -3.2746463918660282
9 527 -3.2746463918660282
9 528 -3.2746463918660282
9 529 -3.2746463918660282
9 530 -3.2746463918660282
9 531 -3.2746463918660282
9 532 -3.2746463918660282
9 533 -3.279233246387189
9 534 -3.279233246387189
9 535 -3.279233246387189
9 536 -3.279233246387189
9 537 -3.279233246387189
9 538 -3.279233246387189
9 539 -3.279233246387189
9 540 -3.279233246387189
9 541 -3.279233246387189
9 542 -3.279233246387189
9 543 -3.279233246387189
9 544 -3.279233246387189
9 545 -3.279233246387189
9 546 -3.279233246387189
9 547 -3.279233246387189
9 548 -3.279233246387189
9 549 -3.279233246387189
9 550 -3.279233246387189
9 551 -3.279233246387189
9 552 -3.279233246387189
10 553 -3.279233246387189
10 554 -3.279233246387189
10 555 -3.279233246387189
10 556 -3.279233246387189
10 557 -3.279233246387189
10 558 -3.279233246387189
10 559 -3.279233246387189
10 560 -3.2794057422316647
10 561 -3.2794057422316647
10 562 -3.2794057422316647
10 563 -3.2794057422316647
10 564 -3.2794057422316647
10 565 -3.2794057422316647
10 566 -3.2794057422316647
10 567 -3.2794057422316647
10 568 -3.2794057422316647
10 569 -3.2794057422316647
10 570 -3.2794057422316647
10 571 -3.2794057422316647
10 572 -3.2794057422316647
10 573 -3.2794057422316647
10 574 -3.2794057422316647
10 575 -3.2794057422316647
10 576 -3.2794057422316647
10 577 -3.2794057422316647
10 578 -3.2794057422316647
10 579 -3.2794057422316647
10 580 -3.2794057422316647
10 581 -3.2794057422316647
10 582 -3.2794057422316647
10 583 -3.2794057422316647
10 584 -3.2794057422316647
10 585 -3.2794057422316647
10 586 -3.2794057422316647
10 587 -3.2794057422316647
10 588 -3.2794057422316647
10 589 -3.2794057422316647
10 590 -3.2794057422316647
10 591 -3.2794057422316647
10 592 -3.2794057422316647
10 593 -3.2794057422316647
10 594 -3.2794057422316647
10 595 -3.2794057422316647
10 596 -3.279617173078604
10 597 -3.279617173078604
10 598 -3.279617173078604
10 599 -3.279617173078604
10 600 -3.279617173078604
10 601 -3.279617173078604
10 602 -3.279617173078604
10 603 -3.279617173078604
10 604 -3.279617173078604
10 605 -3.279617173078604
10 606 -3.279617173078604
10 607 -3.279617173078604
10 608 -3.279617173078604
10 609 -3.279617173078604
10 610 -3.279617173078604
10 611 -3.279617173078604
10 612 -3.279617173078604
10 613 -3.279617173078604
10 614 -3.279617173078604
10 615 -3.279617173078604
10 616 -3.279617173078604
10 617 -3.280113922101292
11 618 -3.280113922101292
11 619 -3.280113922101292
11 620 -3.280113922101292
11 621 -3.280113922101292
11 622 -3.280113922101292
11 623 -3.280113922101292
11 624 -3.280113922101292
11 625 -3.280113922101292
11 626 -3.280113922101292
11 627 -3.280113922101292
11 628 -3.280113922101292
11 629 -3.280113922101292
11 630 -3.2805291652247974
11 631 -3.2805291652247974
11 632 -3.2805291652247974
11 633 -3.2805291652247974
11 634 -3.2805291652247974
11 635 -3.2805291652247974
11 636 -3.2805291652247974
11 637 -3.2805291652247974
11 638 -3.2805291652247974
11 639 -3.2805291652247974
11 640 -3.2805291652247974
11 641 -3.2805291652247974
11 642 -3.2805291652247974
11 643 -3.2876067165819522
11 644 -3.2876067165819522
11 645 -3.2876067165819522
11 646 -3.2876067165819522
11 647 -3.2876067165819522
11 648 -3.2876067165819522
11 649 -3.2876067165819522
11 650 -3.294382714537272
11 651 -3.294382714537272
11 652 -3.294382714537272
11 653 -3.294382714537272
11 654 -3.294382714537272
11 655 -3.294382714537272
11 656 -3.294382714537272
11 657 -3.294688703694607
11 658 -3.294688703694607
11 659 -3.294688703694607
11 660 -3.294688703694607
11 661 -3.294688703694607
11 662 -3.294688703694607
11 663 -3.294688703694607
11 664 -3.294688703694607
11 665 -3.294688703694607
11 666 -3.294688703694607
11 667 -3.294688703694607
11 668 -3.294688703694607
11 669 -3.294688703694607
11 670 -3.294688703694607
11 671 -3.294688703694607
11 672 -3.294688703694607
11 673 -3.294688703694607
11 674 -3.294688703694607
11 675 -3.3018163219893824
11 676 -3.3018163219893824
11 677 -3.3018163219893824
11 678 -3.3018163219893824
11 679 -3.3018163219893824
11 680 -3.3018163219893824
11 681 -3.3018163219893824
11 682 -3.3018163219893824
11 683 -3.3018163219893824
12 684 -3.3018163219893824
12 685 -3.3018163219893824
12 686 -3.3018163219893824
12 687 -3.302808846877746
12 688 -3.302808846877746
12 689 -3.302808846877746
12 690 -3.302808846877746
12 691 -3.302808846877746
12 692 -3.302808846877746
12 693 -3.302808846877746
12 694 -3.302808846877746
12 695 -3.302808846877746
12 696 -3.302808846877746
12 697 -3.302808846877746
12 698 -3.302808846877746
12 699 -3.302808846877746
12 700 -3.302808846877746
12 701 -3.302808846877746
12 702 -3.305685928642667
12 703 -3.305685928642667
12 704 -3.305685928642667
12 705 -3.305685928642667
12 706 -3.305685928642667
12 707 -3.305685928642667
12 708 -3.305685928642667
12 709 -3.305685928642667
12 710 -3.305685928642667
12 711 -3.305685928642667
12 712 -3.305685928642667
12 713 -3.305685928642667
12 714 -3.305685928642667
12 715 -3.305685928642667
12 716 -3.305685928642667
12 717 -3.305685928642667
12 718 -3.305685928642667
12 719 -3.305685928642667
12 720 -3.305685928642667
12 721 -3.305685928642667
12 722 -3.305685928642667
12 723 -3.305685928642667
12 724 -3.305685928642667
12 725 -3.305685928642667
12 726 -3.305685928642667
12 727 -3.305685928642667
12 728 -3.305685928642667
12 729 -3.305685928642667
12 730 -3.305685928642667
12 731 -3.305685928642667
12 732 -3.305685928642667
12 733 -3.305685928642667
12 734 -3.305685928642667
12 735 -3.305685928642667
12 736 -3.305685928642667
13 737 -3.305685928642667
13 738 -3.305685928642667
13 739 -3.305685928642667
13 740 -3.305685928642667
13 741 -3.305685928642667
13 742 -3.305685928642667
13 743 -3.305685928642667
13 744 -3.305685928642667
13 745 -3.305685928642667
13 746 -3.305685928642667
13 747 -3.305685928642667
13 748 -3.305685928642667
13 749 -3.305685928642667
13 750 -3.305685928642667
13 751 -3.305685928642667
13 752 -3.305685928642667
13 753 -3.305685928642667
13 754 -3.305685928642667
13 755 -3.305685928642667
13 756 -3.305685928642667
13 757 -3.305685928642667
13 758 -3.305685928642667
13 759 -3.305685928642667
13 760 -3.305685928642667
13 761 -3.305685928642667
13 762 -3.305685928642667
13 763 -3.305685928642667
13 764 -3.305685928642667
13 765 -3.305685928642667
13 766 -3.305685928642667
13 767 -3.305685928642667
13 768 -3.305685928642667
13 769 -3.305685928642667
13 770 -3.305685928642667
13 771 -3.305685928642667
13 772 -3.305685928642667
13 773 -3.305685928642667
13 774 -3.305685928642667
13 775 -3.305685928642667
13 776 -3.305685928642667
13 777 -3.305685928642667
13 778 -3.305685928642667
13 779 -3.305685928642667
13 780 -3.305685928642667
13 781 -3.305685928642667
13 782 -3.305685928642667
13 783 -3.305685928642667
13 784 -3.305685928642667
13 785 -3.305685928642667
13 786 -3.305685928642667
13 787 -3.305685928642667
13 788 -3.305685928642667
13 789 -3.305685928642667
13 790 -3.305685928642667
13 791 -3.305685928642667
13 792 -3.305685928642667
13 793 -3.305685928642667
13 794 -3.305685928642667
14 795 -3.305685928642667
14 796 -3.305685928642667
14 797 -3.305685928642667
14 798 -3.305685928642667
14 799 -3.305685928642667
14 800 -3.305685928642667
14 801 -3.305685928642667
14 802 -3.305685928642667
14 803 -3.305685928642667
14 804 -3.305685928642667
14 805 -3.305685928642667
14 806 -3.305685928642667
14 807 -3.305685928642667
14 808 -3.305685928642667
14 809 -3.305685928642667
14 810 -3.305685928642667
14 811 -3.305685928642667
14 812 -3.305685928642667
14 813 -3.3061216545968493
14 814 -3.3061216545968493
14 815 -3.3061216545968493
14 816 -3.3061216545968493
14 817 -3.3061216545968493
14 818 -3.3061216545968493
14 819 -3.3061216545968493
14 820 -3.3061216545968493
14 821 -3.3061216545968493
14 822 -3.3061216545968493
14 823 -3.3061216545968493
14 824 -3.3061216545968493
14 825 -3.3061216545968493
14 826 -3.3061216545968493
14 827 -3.3061216545968493
14 828 -3.3061216545968493
14 829 -3.3061216545968493
14 830 -3.3061216545968493
14 831 -3.3061216545968493
14 832 -3.3061216545968493
14 833 -3.3061216545968493
14 834 -3.3061216545968493
14 835 -3.3061216545968493
14 836 -3.3061216545968493
14 837 -3.3061216545968493
14 838 -3.3061216545968493
14 839 -3.3061216545968493
14 840 -3.3061216545968493
14 841 -3.3061216545968493
14 842 -3.3061216545968493
14 843 -3.3061216545968493
14 844 -3.3061216545968493
14 845 -3.3061216545968493
14 846 -3.3061216545968493
14 847 -3.3061216545968493
14 848 -3.3061216545968493
14 849 -3.3061216545968493
14 850 -3.3061216545968493
14 851 -3.3061216545968493
14 852 -3.3061216545968493
15 853 -3.3061216545968493
15 854 -3.3061216545968493
15 855 -3.3061216545968493
15 856 -3.3061216545968493
15 857 -3.3061216545968493
15 858 -3.3061216545968493
15 859 -3.3061216545968493
15 860 -3.3061216545968493
15 861 -3.3061216545968493
15 862 -3.3061216545968493
15 863 -3.3061216545968493
15 864 -3.3061216545968493
15 865 -3.3061216545968493
15 866 -3.3061216545968493
15 867 -3.3061216545968493
15 868 -3.3061216545968493
15 869 -3.3061216545968493
15 870 -3.3061216545968493
15 871 -3.3061216545968493
15 872 -3.3061216545968493
15 873 -3.3061216545968493
15 874 -3.3061216545968493
15 875 -3.3061216545968493
15 876 -3.3061216545968493
15 877 -3.3061216545968493
15 878 -3.3061216545968493
15 879 -3.3061216545968493
15 880 -3.3061216545968493
15 881 -3.3061216545968493
15 882 -3.3061216545968493
15 883 -3.3061216545968493
15 884 -3.3061216545968493
15 885 -3.3061216545968493
15 886 -3.3061216545968493
15 887 -3.3061216545968493
15 888 -3.3061216545968493
15 889 -3.3061216545968493
15 890 -3.3061216545968493
15 891 -3.3061216545968493
15 892 -3.3061216545968493
15 893 -3.3061216545968493
15 894 -3.3061216545968493
15 895 -3.3061216545968493
15 896 -3.3061216545968493
15 897 -3.3061216545968493
15 898 -3.3061216545968493
15 899 -3.3061216545968493
15 900 -3.3061216545968493
15 901 -3.3061216545968493
15 902 -3.3061216545968493
15 903 -3.3061216545968493
15 904 -3.3061216545968493
15 905 -3.3061216545968493
15 906 -3.3061216545968493
15 907 -3.3061216545968493
15 908 -3.3061216545968493
15 909 -3.3061216545968493
15 910 -3.3061216545968493
15 911 -3.3061216545968493
15 912 -3.3061216545968493
16 913 -3.3061216545968493
16 914 -3.3061216545968493
16 915 -3.3061216545968493
16 916 -3.3061216545968493
16 917 -3.3061216545968493
16 918 -3.3061216545968493
16 919 -3.3061216545968493
16 920 -3.3061216545968493
16 921 -3.3061216545968493
16 922 -3.3061216545968493
16 923 -3.3061216545968493
16 924 -3.3061216545968493
16 925 -3.3061216545968493
16 926 -3.3061216545968493
16 927 -3.3061216545968493
16 928 -3.3061216545968493
16 929 -3.3061216545968493
16 930 -3.3061216545968493
16 931 -3.3061216545968493
16 932 -3.3061216545968493
16 933 -3.3061216545968493
16 934 -3.3061216545968493
16 935 -3.3061216545968493
16 936 -3.3061216545968493
16 937 -3.3061216545968493
16 938 -3.3061216545968493
16 939 -3.3061216545968493
16 940 -3.3061216545968493
16 941 -3.3061216545968493
16 942 -3.3061216545968493
16 943 -3.3061216545968493
16 944 -3.3061216545968493
16 945 -3.3061216545968493
16 946 -3.3061216545968493
16 947 -3.3061216545968493
16 948 -3.3061216545968493
16 949 -3.3061216545968493
16 950 -3.3061216545968493
16 951 -3.3061216545968493
16 952 -3.3061216545968493
16 953 -3.3061216545968493
16 954 -3.3061216545968493
16 955 -3.3061216545968493
16 956 -3.3061216545968493
16 957 -3.3061216545968493
16 958 -3.3061216545968493
16 959 -3.3061216545968493
16 960 -3.3061216545968493
16 961 -3.3061216545968493
16 962 -3.3061216545968493
16 963 -3.3061216545968493
16 964 -3.3061216545968493
16 965 -3.3061216545968493
16 966 -3.3061216545968493
16 967 -3.3061216545968493
16 968 -3.3061216545968493
16 969 -3.3061216545968493
17 970 -3.3061216545968493
17 971 -3.3061216545968493
17 972 -3.3061216545968493
17 973 -3.3061216545968493
17 974 -3.3061216545968493
17 975 -3.3061216545968493
17 976 -3.3061216545968493
17 977 -3.3061216545968493
17 978 -3.3061216545968493
17 979 -3.3061216545968493
17 980 -3.3061216545968493
17 981 -3.3061216545968493
17 982 -3.3061216545968493
17 983 -3.3061216545968493
17 984 -3.3061216545968493
17 985 -3.3061216545968493
17 986 -3.3061216545968493
17 987 -3.3061216545968493
17 988 -3.3061216545968493
17 989 -3.3061216545968493
17 990 -3.3061216545968493
17 991 -3.3061216545968493
17 992 -3.3061216545968493
17 993 -3.3061216545968493
17 994 -3.3061216545968493
17 995 -3.3061216545968493
17 996 -3.3061216545968493
17 997 -3.3061216545968493
17 998 -3.3061216545968493
17 999 -3.3061216545968493
17 1000 -3.3061216545968493
17 1001 -3.3061216545968493
17 1002 -3.3061216545968493
17 1003 -3.3061216545968493
17 1004 -3.3061216545968493
17 1005 -3.3061216545968493
17 1006 -3.3061216545968493
17 1007 -3.3061216545968493
17 1008 -3.3061216545968493
17 1009 -3.3061216545968493
17 1010 -3.3061216545968493
17 1011 -3.3061216545968493
17 1012 -3.3061216545968493
17 1013 -3.3061216545968493
17 1014 -3.3061216545968493
17 1015 -3.3061216545968493
17 1016 -3.3061216545968493
17 1017 -3.3061216545968493
17 1018 -3.3061216545968493
17 1019 -3.3061216545968493
17 1020 -3.3066724720980036
17 1021 -3.3066724720980036
17 1022 -3.3066724720980036
17 1023 -3.3066724720980036
17 1024 -3.3066724720980036
17 1025 -3.3066724720980036
17 1026 -3.3066724720980036
17 1027 -3.3066724720980036
17 1028 -3.3066724720980036
17 1029 -3.3066724720980036
17 1030 -3.3066724720980036
17 1031 -3.3066724720980036
17 1032 -3.3066724720980036
18 1033 -3.3066724720980036
18 1034 -3.3066724720980036
18 1035 -3.3066724720980036
18 1036 -3.3066724720980036
18 1037 -3.3066724720980036
18 1038 -3.3066724720980036
18 1039 -3.3066724720980036
18 1040 -3.3066724720980036
18 1041 -3.3066724720980036
18 1042 -3.3066724720980036
18 1043 -3.3066724720980036
18 1044 -3.3066724720980036
18 1045 -3.3066724720980036
18 1046 -3.3066724720980036
18 1047 -3.3066724720980036
18 1048 -3.3066724720980036
18 1049 -3.3066724720980036
18 1050 -3.3066724720980036
18 1051 -3.3066724720980036
18 1052 -3.3066724720980036
18 1053 -3.3066724720980036
18 1054 -3.3066724720980036
18 1055 -3.3066724720980036
18 1056 -3.3066724720980036
18 1057 -3.3066724720980036
18 1058 -3.3066724720980036
18 1059 -3.3066724720980036
18 1060 -3.3066724720980036
18 1061 -3.3066724720980036
18 1062 -3.3066724720980036
18 1063 -3.3066724720980036
18 1064 -3.3066724720980036
18 1065 -3.3066724720980036
18 1066 -3.3066724720980036
18 1067 -3.3066724720980036
18 1068 -3.3066724720980036
18 1069 -3.3066724720980036
18 1070 -3.3066724720980036
18 1071 -3.3066724720980036
18 1072 -3.3066724720980036
18 1073 -3.3066724720980036
18 1074 -3.3066724720980036
18 1075 -3.3066724720980036
18 1076 -3.3066724720980036
18 1077 -3.3066724720980036
18 1078 -3.3066724720980036
18 1079 -3.3066724720980036
18 1080 -3.3066724720980036
18 1081 -3.3066724720980036
18 1082 -3.3066724720980036
18 1083 -3.3066724720980036
18 1084 -3.3066724720980036
18 1085 -3.306743629057614
18 1086 -3.306743629057614
18 1087 -3.306743629057614
18 1088 -3.306743629057614
18 1089 -3.306743629057614
18 1090 -3.306743629057614
18 1091 -3.306743629057614
18 1092 -3.306743629057614
18 1093 -3.306743629057614
18 1094 -3.306743629057614
18 1095 -3.306743629057614
18 1096 -3.306743629057614
19 1097 -3.306743629057614
19 1098 -3.306743629057614
19 1099 -3.306743629057614
19 1100 -3.306743629057614
19 1101 -3.306743629057614
19 1102 -3.306743629057614
19 1103 -3.306743629057614
19 1104 -3.306743629057614
19 1105 -3.306743629057614
19 1106 -3.306743629057614
19 1107 -3.306743629057614
19 1108 -3.306743629057614
19 1109 -3.306743629057614
19 1110 -3.306743629057614
19 1111 -3.306743629057614
19 1112 -3.306743629057614
19 1113 -3.306743629057614
19 1114 -3.306743629057614
19 1115 -3.306743629057614
19 1116 -3.306743629057614
19 1117 -3.306743629057614
19 1118 -3.306743629057614
19 1119 -3.306743629057614
19 1120 -3.306743629057614
19 1121 -3.306743629057614
19 1122 -3.306743629057614
19 1123 -3.306743629057614
19 1124 -3.306743629057614
19 1125 -3.306743629057614
19 1126 -3.306743629057614
19 1127 -3.306743629057614
19 1128 -3.306743629057614
19 1129 -3.306743629057614
19 1130 -3.306743629057614
19 1131 -3.306743629057614
19 1132 -3.306743629057614
19 1133 -3.306743629057614
19 1134 -3.306743629057614
19 1135 -3.306743629057614
19 1136 -3.306743629057614
19 1137 -3.306743629057614
19 1138 -3.306743629057614
19 1139 -3.306743629057614
19 1140 -3.306743629057614
19 1141 -3.306743629057614
19 1142 -3.306743629057614
19 1143 -3.306743629057614
19 1144 -3.306743629057614
19 1145 -3.306743629057614
19 1146 -3.306743629057614
19 1147 -3.306743629057614
19 1148 -3.306743629057614
19 1149 -3.306743629057614
19 1150 -3.306743629057614
19 1151 -3.306743629057614
19 1152 -3.306743629057614
19 1153 -3.306743629057614
19 1154 -3.306743629057614
19 1155 -3.306743629057614
19 1156 -3.306743629057614
20 1157 -3.306743629057614
20 1158 -3.306743629057614
20 1159 -3.306743629057614
20 1160 -3.306743629057614
20 1161 -3.306743629057614
20 1162 -3.306743629057614
20 1163 -3.306743629057614
20 1164 -3.306743629057614
20 1165 -3.306743629057614
20 1166 -3.306743629057614
20 1167 -3.306743629057614
20 1168 -3.306743629057614
20 1169 -3.306743629057614
20 1170 -3.306743629057614
20 1171 -3.306743629057614
20 1172 -3.306743629057614
20 1173 -3.306743629057614
20 1174 -3.306743629057614
20 1175 -3.306743629057614
20 1176 -3.306743629057614
20 1177 -3.306743629057614
20 1178 -3.306743629057614
20 1179 -3.306743629057614
20 1180 -3.306743629057614
20 1181 -3.306743629057614
20 1182 -3.306743629057614
20 1183 -3.306743629057614
20 1184 -3.306743629057614
20 1185 -3.306743629057614
20 1186 -3.306743629057614
20 1187 -3.306743629057614
20 1188 -3.306743629057614
20 1189 -3.306743629057614
20 1190 -3.306743629057614
20 1191 -3.306743629057614
20 1192 -3.306743629057614
20 1193 -3.306743629057614
20 1194 -3.306743629057614
20 1195 -3.306743629057614
20 1196 -3.306743629057614
20 1197 -3.3075750328273323
20 1198 -3.3075750328273323
20 1199 -3.3075750328273323
20 1200 -3.3075750328273323
20 1201 -3.3075750328273323
20 1202 -3.3075750328273323
20 1203 -3.3075750328273323
20 1204 -3.3075750328273323
20 1205 -3.3075750328273323
20 1206 -3.3075750328273323
20 1207 -3.3075750328273323
20 1208 -3.3075750328273323
20 1209 -3.3075750328273323
20 1210 -3.3075750328273323
20 1211 -3.3075750328273323
20 1212 -3.3075750328273323
20 1213 -3.3075750328273323
20 1214 -3.3075750328273323
20 1215 -3.3075750328273323
20 1216 -3.3075750328273323
20 1217 -3.3075750328273323
20 1218 -3.3075750328273323
21 1219 -3.3075750328273323
21 1220 -3.3075750328273323
21 1221 -3.3075750328273323
21 1222 -3.3075750328273323
21 1223 -3.3075750328273323
21 1224 -3.3075750328273323
21 1225 -3.3075750328273323
21 1226 -3.3075750328273323
21 1227 -3.3075750328273323
21 1228 -3.3075750328273323
21 1229 -3.3075750328273323
21 1230 -3.3075750328273323
21 1231 -3.318796087105276
21 1232 -3.318796087105276
21 1233 -3.318796087105276
21 1234 -3.320996324763063
