0 1 -0.8870548779241614
0 2 -2.3867569734169454
0 3 -2.3867569734169454
0 4 -2.3867569734169454
0 5 -2.3867569734169454
0 6 -2.3867569734169454
0 7 -2.5148276996779755
0 8 -2.5148276996779755
0 9 -2.5148276996779755
0 10 -2.5834591063742067
1 11 -2.5834591063742067
1 12 -2.5834591063742067
1 13 -2.5834591063742067
1 14 -2.5834591063742067
1 15 -2.9514729362207923
1 16 -2.9514729362207923
1 17 -2.9514729362207923
1 18 -2.9514729362207923
1 19 -2.9514729362207923
1 20 -2.9514729362207923
1 21 -2.9514729362207923
1 22 -2.9514729362207923
1 23 -2.9514729362207923
1 24 -2.9514729362207923
1 25 -2.9514729362207923
1 26 -2.9514729362207923
1 27 -2.9514729362207923
1 28 -2.9514729362207923
1 29 -2.9514729362207923
1 30 -2.9514729362207923
1 31 -2.9514729362207923
1 32 -2.9514729362207923
1 33 -2.9514729362207923
1 34 -2.9514729362207923
1 35 -2.9514729362207923
1 36 -2.9514729362207923
1 37 -2.9514729362207923
1 38 -2.9514729362207923
1 39 -2.9514729362207923
1 40 -2.9514729362207923
1 41 -2.9514729362207923
1 42 -2.9514729362207923
1 43 -2.9514729362207923
1 44 -2.9514729362207923
1 45 -2.9514729362207923
1 46 -2.9514729362207923
1 47 -2.9514729362207923
1 48 -2.9514729362207923
1 49 -2.9514729362207923
1 50 -2.9514729362207923
1 51 -2.9514729362207923
1 52 -2.9514729362207923
1 53 -2.9514729362207923
1 54 -3.0802809263479847
1 55 -3.0802809263479847
1 56 -3.0802809263479847
1 57 -3.0802809263479847
1 58 -3.0802809263479847
2 59 -3.0802809263479847
2 60 -3.0802809263479847
2 61 -3.0802809263479847
2 62 -3.0802809263479847
2 63 -3.0802809263479847
2 64 -3.0802809263479847
2 65 -3.0802809263479847
2 66 -3.0802809263479847
2 67 -3.0802809263479847
2 68 -3.0802809263479847
2 69 -3.0802809263479847
2 70 -3.0802809263479847
2 71 -3.0802809263479847
2 72 -3.0802809263479847
2 73 -3.0802809263479847
2 74 -3.0802809263479847
2 75 -3.0802809263479847
2 76 -3.0802809263479847
2 77 -3.0802809263479847
2 78 -3.0802809263479847
2 79 -3.0802809263479847
2 80 -3.0802809263479847
2 81 -3.0802809263479847
2 82 -3.0802809263479847
2 83 -3.0802809263479847
2 84 -3.0802809263479847
2 85 -3.0802809263479847
2 86 -3.0802809263479847
2 87 -3.0802809263479847
2 88 -3.0802809263479847
2 89 -3.0802809263479847
2 90 -3.0802809263479847
2 91 -3.0802809263479847
2 92 -3.0802809263479847
2 93 -3.0802809263479847
2 94 -3.0802809263479847
2 95 -3.0802809263479847
2 96 -3.0802809263479847
2 97 -3.0802809263479847
2 98 -3.0802809263479847
2 99 -3.0802809263479847
2 100 -3.0802809263479847
2 101 -3.0802809263479847
2 102 -3.0802809263479847
2 103 -3.0802809263479847
2 104 -3.0802809263479847
2 105 -3.0802809263479847
2 106 -3.1022206705836113
2 107 -3.1022206705836113
2 108 -3.1022206705836113
2 109 -3.1022206705836113
2 110 -3.1022206705836113
2 111 -3.1022206705836113
2 112 -3.1022206705836113
3 113 -3.1022206705836113
3 114 -3.1022206705836113
3 115 -3.1022206705836113
3 116 -3.1022206705836113
3 117 -3.1022206705836113
3 118 -3.1022206705836113
3 119 -3.1022206705836113
3 120 -3.1022206705836113
3 121 -3.1022206705836113
3 122 -3.1022206705836113
3 123 -3.1022206705836113
3 124 -3.1022206705836113
3 125 -3.1022206705836113
3 126 -3.1022206705836113
3 127 -3.1022206705836113
3 128 -3.1022206705836113
3 129 -3.1022206705836113
3 130 -3.1022206705836113
3 131 -3.1022206705836113
3 132 -3.1022206705836113
3 133 -3.1022206705836113
3 134 -3.1022206705836113
3 135 -3.1022206705836113
3 136 -3.1022206705836113
3 137 -3.1022206705836113
3 138 -3.1022206705836113
3 139 -3.1022206705836113
3 140 -3.1022206705836113
3 141 -3.1022206705836113
3 142 -3.1022206705836113
3 143 -3.1022206705836113
3 144 -3.1022206705836113
3 145 -3.1022206705836113
3 146 -3.1022206705836113
3 147 -3.1022206705836113
3 148 -3.1022206705836113
3 149 -3.1022206705836113
3 150 -3.1022206705836113
3 151 -3.1022206705836113
3 152 -3.1022206705836113
3 153 -3.1022206705836113
3 154 -3.1022206705836113
3 155 -3.1022206705836113
3 156 -3.1022206705836113
3 157 -3.1022206705836113
3 158 -3.1022206705836113
3 159 -3.1022206705836113
3 160 -3.135708742606883
3 161 -3.135708742606883
4 162 -3.135708742606883
4 163 -3.135708742606883
4 164 -3.135708742606883
4 165 -3.135708742606883
4 166 -3.135708742606883
4 167 -3.135708742606883
4 168 -3.135708742606883
4 169 -3.135708742606883
4 170 -3.135708742606883
4 171 -3.135708742606883
4 172 -3.135708742606883
4 173 -3.135708742606883
4 174 -3.135708742606883
4 175 -3.135708742606883
4 176 -3.135708742606883
4 177 -3.135708742606883
4 178 -3.135708742606883
4 179 -3.135708742606883
4 180 -3.135708742606883
4 181 -3.135708742606883
4 182 -3.135708742606883
4 183 -3.135708742606883
4 184 -3.135708742606883
4 185 -3.135708742606883
4 186 -3.135708742606883
4 187 -3.135708742606883
4 188 -3.135708742606883
4 189 -3.135708742606883
4 190 -3.135708742606883
4 191 -3.135708742606883
4 192 -3.135708742606883
4 193 -3.135708742606883
4 194 -3.135708742606883
4 195 -3.135708742606883
4 196 -3.135708742606883
4 197 -3.135708742606883
4 198 -3.135708742606883
4 199 -3.135708742606883
4 200 -3.135708742606883
4 201 -3.135708742606883
4 202 -3.135708742606883
4 203 -3.135708742606883
4 204 -3.135708742606883
4 205 -3.135708742606883
4 206 -3.135708742606883
5 207 -3.135708742606883
5 208 -3.135708742606883
5 209 -3.135708742606883
5 210 -3.135708742606883
5 211 -3.135708742606883
5 212 -3.135708742606883
5 213 -3.135708742606883
5 214 -3.135708742606883
5 215 -3.135708742606883
5 216 -3.135708742606883
5 217 -3.135708742606883
5 218 -3.135708742606883
5 219 -3.135708742606883
5 220 -3.135708742606883
5 221 -3.135708742606883
5 222 -3.135708742606883
5 223 -3.223082752710622
5 224 -3.223082752710622
5 225 -3.223082752710622
5 226 -3.223082752710622
5 227 -3.223082752710622
5 228 -3.223082752710622
5 229 -3.223082752710622
5 230 -3.223082752710622
5 231 -3.223082752710622
5 232 -3.223082752710622
5 233 -3.223082752710622
5 234 -3.223082752710622
5 235 -3.223082752710622
5 236 -3.223082752710622
5 237 -3.223082752710622
5 238 -3.223082752710622
5 239 -3.223082752710622
5 240 -3.223082752710622
5 241 -3.223082752710622
5 242 -3.223082752710622
5 243 -3.223082752710622
5 244 -3.223082752710622
5 245 -3.223082752710622
5 246 -3.223082752710622
5 247 -3.223082752710622
5 248 -3.223082752710622
5 249 -3.223082752710622
5 250 -3.223082752710622
5 251 -3.223082752710622
5 252 -3.223082752710622
5 253 -3.223082752710622
5 254 -3.223082752710622
5 255 -3.223082752710622
6 256 -3.223082752710622
6 257 -3.223082752710622
6 258 -3.223082752710622
6 259 -3.223082752710622
6 260 -3.223082752710622
6 261 -3.223082752710622
6 262 -3.223082752710622
6 263 -3.223082752710622
6 264 -3.223082752710622
6 265 -3.223082752710622
6 266 -3.223082752710622
6 267 -3.223082752710622
6 268 -3.223082752710622
6 269 -3.223082752710622
6 270 -3.223082752710622
6 271 -3.223082752710622
6 272 -3.223082752710622
6 273 -3.223082752710622
6 274 -3.223082752710622
6 275 -3.223082752710622
6 276 -3.2451477087817913
6 277 -3.2451477087817913
6 278 -3.2451477087817913
6 279 -3.2451477087817913
6 280 -3.2451477087817913
6 281 -3.2451477087817913
6 282 -3.2451477087817913
6 283 -3.2451477087817913
6 284 -3.2451477087817913
6 285 -3.2451477087817913
6 286 -3.2451477087817913
6 287 -3.2451477087817913
6 288 -3.2451477087817913
6 289 -3.2528254966645287
6 290 -3.2528254966645287
6 291 -3.2528254966645287
6 292 -3.2528254966645287
6 293 -3.2528254966645287
6 294 -3.2528254966645287
6 295 -3.2528254966645287
6 296 -3.2528254966645287
6 297 -3.2528254966645287
7 298 -3.2528254966645287
7 299 -3.2528254966645287
7 300 -3.2528254966645287
7 301 -3.2528254966645287
7 302 -3.2528254966645287
7 303 -3.2528254966645287
7 304 -3.2528254966645287
7 305 -3.2528254966645287
7 306 -3.2532557059647003
7 307 -3.2532557059647003
7 308 -3.2532557059647003
7 309 -3.2532557059647003
7 310 -3.2532557059647003
7 311 -3.2532557059647003
7 312 -3.2532557059647003
7 313 -3.2532557059647003
7 314 -3.2532557059647003
7 315 -3.2533015067499647
7 316 -3.2533015067499647
7 317 -3.2533015067499647
7 318 -3.2533015067499647
7 319 -3.2533015067499647
7 320 -3.2533015067499647
7 321 -3.2533015067499647
7 322 -3.2533015067499647
7 323 -3.2533015067499647
7 324 -3.2533015067499647
7 325 -3.2533015067499647
7 326 -3.2533015067499647
7 327 -3.2533015067499647
7 328 -3.2533015067499647
7 329 -3.2533015067499647
7 330 -3.2533015067499647
7 331 -3.2533015067499647
7 332 -3.2533015067499647
7 333 -3.2533015067499647
7 334 -3.2533015067499647
7 335 -3.2533015067499647
7 336 -3.2533015067499647
7 337 -3.2533015067499647
7 338 -3.2533015067499647
7 339 -3.2533015067499647
7 340 -3.2533015067499647
7 341 -3.2533015067499647
7 342 -3.2533015067499647
7 343 -3.2533015067499647
7 344 -3.2533015067499647
7 345 -3.2533015067499647
7 346 -3.2533015067499647
7 347 -3.2533015067499647
7 348 -3.2533015067499647
7 349 -3.2533015067499647
7 350 -3.2533015067499647
7 351 -3.2533015067499647
7 352 -3.2533015067499647
7 353 -3.2533015067499647
8 354 -3.2533015067499647
8 355 -3.2533015067499647
8 356 -3.2533015067499647
8 357 -3.2533015067499647
8 358 -3.2533015067499647
8 359 -3.2533015067499647
8 360 -3.2533015067499647
8 361 -3.2533015067499647
8 362 -3.2533015067499647
8 363 -3.2533015067499647
8 364 -3.2533015067499647
8 365 -3.2533015067499647
8 366 -3.2533015067499647
8 367 -3.2533015067499647
8 368 -3.2533015067499647
8 369 -3.2533015067499647
8 370 -3.2533015067499647
8 371 -3.2533015067499647
8 372 -3.2533015067499647
8 373 -3.2533015067499647
8 374 -3.2533015067499647
8 375 -3.2533015067499647
8 376 -3.2533015067499647
8 377 -3.2533015067499647
8 378 -3.2533015067499647
8 379 -3.2533015067499647
8 380 -3.2533015067499647
8 381 -3.2533015067499647
8 382 -3.2533015067499647
8 383 -3.2533015067499647
8 384 -3.2533015067499647
8 385 -3.2533015067499647
8 386 -3.2533015067499647
8 387 -3.2533201133609655
8 388 -3.2533201133609655
8 389 -3.2533201133609655
8 390 -3.2533201133609655
8 391 -3.2533201133609655
8 392 -3.2533201133609655
8 393 -3.2533201133609655
8 394 -3.2533201133609655
8 395 -3.2533201133609655
8 396 -3.2533201133609655
8 397 -3.2533201133609655
8 398 -3.2533201133609655
8 399 -3.2533201133609655
8 400 -3.2533201133609655
8 401 -3.2533201133609655
8 402 -3.2533201133609655
8 403 -3.2533201133609655
8 404 -3.2533201133609655
8 405 -3.2533201133609655
8 406 -3.2533201133609655
8 407 -3.2533201133609655
8 408 -3.2533201133609655
8 409 -3.2533201133609655
8 410 -3.2533201133609655
8 411 -3.2533201133609655
8 412 -3.2533201133609655
9 413 -3.2533201133609655
9 414 -3.2533201133609655
9 415 -3.2533201133609655
9 416 -3.2533201133609655
9 417 -3.2533201133609655
9 418 -3.2533201133609655
9 419 -3.2533201133609655
9 420 -3.2533201133609655
9 421 -3.2533201133609655
9 422 -3.2533201133609655
9 423 -3.2533201133609655
9 424 -3.2533201133609655
9 425 -3.2533201133609655
9 426 -3.2533201133609655
9 427 -3.2533201133609655
9 428 -3.2533201133609655
9 429 -3.2547597244801993
9 430 -3.2547597244801993
9 431 -3.2547597244801993
9 432 -3.2547597244801993
9 433 -3.2547597244801993
9 434 -3.2547597244801993
9 435 -3.2547597244801993
9 436 -3.2547597244801993
9 437 -3.2547597244801993
9 438 -3.2547597244801993
9 439 -3.2547597244801993
9 440 -3.2547597244801993
9 441 -3.2547597244801993
9 442 -3.2547597244801993
9 443 -3.2547597244801993
9 444 -3.2547597244801993
9 445 -3.2547597244801993
9 446 -3.2547597244801993
9 447 -3.2547597244801993
9 448 -3.2547597244801993
9 449 -3.2547597244801993
9 450 -3.2547597244801993
9 451 -3.2547597244801993
9 452 -3.2547597244801993
9 453 -3.2547597244801993
9 454 -3.2547597244801993
9 455 -3.2547597244801993
9 456 -3.2547597244801993
9 457 -3.2547597244801993
9 458 -3.2547597244801993
9 459 -3.2547597244801993
9 460 -3.2547597244801993
9 461 -3.2660517851916397
9 462 -3.2660517851916397
9 463 -3.2660517851916397
9 464 -3.2660517851916397
9 465 -3.2660517851916397
9 466 -3.2660517851916397
9 467 -3.2660517851916397
9 468 -3.2660517851916397
9 469 -3.2660517851916397
9 470 -3.2660517851916397
10 471 -3.2660517851916397
10 472 -3.2660517851916397
10 473 -3.2660517851916397
10 474 -3.2660517851916397
10 475 -3.2660517851916397
10 476 -3.2660517851916397
10 477 -3.2660517851916397
10 478 -3.2660517851916397
10 479 -3.2660517851916397
10 480 -3.2660517851916397
10 481 -3.2660517851916397
10 482 -3.2660517851916397
10 483 -3.2660517851916397
10 484 -3.2660517851916397
10 485 -3.2660517851916397
10 486 -3.2660517851916397
10 487 -3.2660517851916397
10 488 -3.2660517851916397
10 489 -3.2660517851916397
10 490 -3.2660517851916397
10 491 -3.2660517851916397
10 492 -3.2660517851916397
10 493 -3.2660517851916397
10 494 -3.2660517851916397
10 495 -3.2660517851916397
10 496 -3.2660517851916397
10 497 -3.2660517851916397
10 498 -3.2660517851916397
10 499 -3.2660517851916397
10 500 -3.2660517851916397
10 501 -3.2660517851916397
10 502 -3.2660517851916397
10 503 -3.2660517851916397
10 504 -3.2660517851916397
10 505 -3.2660517851916397
10 506 -3.2660517851916397
10 507 -3.2660517851916397
10 508 -3.2660517851916397
10 509 -3.2660517851916397
10 510 -3.2660517851916397
10 511 -3.2660517851916397
10 512 -3.2660517851916397
10 513 -3.2660517851916397
10 514 -3.2660517851916397
10 515 -3.2660517851916397
10 516 -3.2660517851916397
10 517 -3.2660517851916397
10 518 -3.2660517851916397
10 519 -3.2660517851916397
10 520 -3.2660517851916397
10 521 -3.2660517851916397
10 522 -3.2660517851916397
10 523 -3.2660517851916397
10 524 -3.2660517851916397
10 525 -3.2660517851916397
10 526 -3.2660517851916397
11 527 -3.2660517851916397
11 528 -3.2670463312645626
11 529 -3.2670463312645626
11 530 -3.2670463312645626
11 531 -3.2670463312645626
11 532 -3.2670463312645626
11 533 -3.2670463312645626
11 534 -3.2670463312645626
11 535 -3.2670463312645626
11 536 -3.2670463312645626
11 537 -3.2670463312645626
11 538 -3.2670463312645626
11 539 -3.2670463312645626
11 540 -3.2670463312645626
11 541 -3.2670463312645626
11 542 -3.2670463312645626
11 543 -3.2670463312645626
11 544 -3.2670463312645626
11 545 -3.301983504879804
11 546 -3.301983504879804
11 547 -3.301983504879804
11 548 -3.301983504879804
11 549 -3.301983504879804
11 550 -3.301983504879804
11 551 -3.301983504879804
11 552 -3.301983504879804
11 553 -3.301983504879804
11 554 -3.301983504879804
11 555 -3.301983504879804
11 556 -3.301983504879804
11 557 -3.301983504879804
11 558 -3.301983504879804
11 559 -3.301983504879804
11 560 -3.301983504879804
11 561 -3.301983504879804
11 562 -3.301983504879804
11 563 -3.301983504879804
11 564 -3.301983504879804
11 565 -3.301983504879804
11 566 -3.301983504879804
11 567 -3.301983504879804
11 568 -3.301983504879804
11 569 -3.301983504879804
11 570 -3.301983504879804
11 571 -3.301983504879804
11 572 -3.301983504879804
11 573 -3.301983504879804
11 574 -3.301983504879804
11 575 -3.301983504879804
11 576 -3.301983504879804
11 577 -3.301983504879804
11 578 -3.301983504879804
11 579 -3.301983504879804
11 580 -3.301983504879804
11 581 -3.301983504879804
11 582 -3.301983504879804
12 583 -3.301983504879804
12 584 -3.301983504879804
12 585 -3.301983504879804
12 586 -3.301983504879804
12 587 -3.301983504879804
12 588 -3.301983504879804
12 589 -3.301983504879804
12 590 -3.301983504879804
12 591 -3.301983504879804
12 592 -3.301983504879804
12 593 -3.301983504879804
12 594 -3.301983504879804
12 595 -3.301983504879804
12 596 -3.301983504879804
12 597 -3.301983504879804
12 598 -3.301983504879804
12 599 -3.301983504879804
12 600 -3.301983504879804
12 601 -3.301983504879804
12 602 -3.301983504879804
12 603 -3.301983504879804
12 604 -3.301983504879804
12 605 -3.301983504879804
12 606 -3.301983504879804
12 607 -3.301983504879804
12 608 -3.301983504879804
12 609 -3.301983504879804
12 610 -3.301983504879804
12 611 -3.301983504879804
12 612 -3.301983504879804
12 613 -3.301983504879804
12 614 -3.301983504879804
12 615 -3.301983504879804
12 616 -3.301983504879804
12 617 -3.301983504879804
12 618 -3.3030433047394974
12 619 -3.3030433047394974
12 620 -3.3030433047394974
12 621 -3.3030433047394974
12 622 -3.3030433047394974
12 623 -3.3030433047394974
12 624 -3.3030433047394974
12 625 -3.3030433047394974
12 626 -3.3030433047394974
12 627 -3.3030433047394974
12 628 -3.3030433047394974
12 629 -3.3030433047394974
12 630 -3.3030433047394974
12 631 -3.3030433047394974
12 632 -3.3030433047394974
12 633 -3.3030433047394974
12 634 -3.303066347230483
12 635 -3.303066347230483
12 636 -3.303066347230483
12 637 -3.303066347230483
12 638 -3.303066347230483
12 639 -3.303066347230483
12 640 -3.303066347230483
12 641 -3.303066347230483
13 642 -3.303066347230483
13 643 -3.303066347230483
13 644 -3.303066347230483
13 645 -3.303066347230483
13 646 -3.303066347230483
13 647 -3.303066347230483
13 648 -3.303066347230483
13 649 -3.303066347230483
13 650 -3.303066347230483
13 651 -3.303066347230483
13 652 -3.303066347230483
13 653 -3.303066347230483
13 654 -3.303066347230483
13 655 -3.303066347230483
13 656 -3.303066347230483
13 657 -3.303066347230483
13 658 -3.303066347230483
13 659 -3.303066347230483
13 660 -3.303066347230483
13 661 -3.303066347230483
13 662 -3.303066347230483
13 663 -3.303066347230483
13 664 -3.303066347230483
13 665 -3.303066347230483
13 666 -3.303066347230483
13 667 -3.303066347230483
13 668 -3.303066347230483
13 669 -3.303066347230483
13 670 -3.303066347230483
13 671 -3.303066347230483
13 672 -3.303066347230483
13 673 -3.303066347230483
13 674 -3.303066347230483
13 675 -3.303066347230483
13 676 -3.303066347230483
13 677 -3.303066347230483
13 678 -3.303066347230483
13 679 -3.303066347230483
13 680 -3.303066347230483
13 681 -3.303066347230483
13 682 -3.303066347230483
13 683 -3.308169131041811
13 684 -3.308169131041811
13 685 -3.308169131041811
13 686 -3.308169131041811
13 687 -3.308169131041811
13 688 -3.308169131041811
13 689 -3.308169131041811
13 690 -3.308169131041811
13 691 -3.308169131041811
13 692 -3.308169131041811
13 693 -3.308169131041811
13 694 -3.308169131041811
13 695 -3.308169131041811
13 696 -3.308169131041811
13 697 -3.308169131041811
13 698 -3.308169131041811
13 699 -3.308169131041811
13 700 -3.308169131041811
14 701 -3.308169131041811
14 702 -3.308169131041811
14 703 -3.308169131041811
14 704 -3.308169131041811
14 705 -3.308169131041811
14 706 -3.308169131041811
14 707 -3.308169131041811
14 708 -3.308169131041811
14 709 -3.308169131041811
14 710 -3.308169131041811
14 711 -3.308169131041811
14 712 -3.308169131041811
14 713 -3.308169131041811
14 714 -3.308169131041811
14 715 -3.308169131041811
14 716 -3.308169131041811
14 717 -3.308169131041811
14 718 -3.308169131041811
14 719 -3.308169131041811
14 720 -3.308169131041811
14 721 -3.308169131041811
14 722 -3.308169131041811
14 723 -3.308169131041811
14 724 -3.308169131041811
14 725 -3.308169131041811
14 726 -3.308169131041811
14 727 -3.308169131041811
14 728 -3.308169131041811
14 729 -3.308169131041811
14 730 -3.308169131041811
14 731 -3.308169131041811
14 732 -3.308169131041811
14 733 -3.308169131041811
14 734 -3.308169131041811
14 735 -3.308169131041811
14 736 -3.308169131041811
14 737 -3.308169131041811
14 738 -3.308169131041811
14 739 -3.308169131041811
14 740 -3.308169131041811
14 741 -3.308169131041811
14 742 -3.308169131041811
14 743 -3.308169131041811
14 744 -3.308169131041811
14 745 -3.308169131041811
14 746 -3.308169131041811
14 747 -3.308169131041811
14 748 -3.308169131041811
14 749 -3.308169131041811
14 750 -3.308169131041811
14 751 -3.308169131041811
14 752 -3.308169131041811
14 753 -3.308169131041811
14 754 -3.308169131041811
14 755 -3.308169131041811
14 756 -3.308169131041811
14 757 -3.308169131041811
14 758 -3.308169131041811
15 759 -3.308169131041811
15 760 -3.308169131041811
15 761 -3.308169131041811
15 762 -3.308169131041811
15 763 -3.308169131041811
15 764 -3.308169131041811
15 765 -3.308169131041811
15 766 -3.308169131041811
15 767 -3.308169131041811
15 768 -3.308169131041811
15 769 -3.308169131041811
15 770 -3.308169131041811
15 771 -3.308169131041811
15 772 -3.308169131041811
15 773 -3.308169131041811
15 774 -3.308169131041811
15 775 -3.308169131041811
15 776 -3.308169131041811
15 777 -3.308169131041811
15 778 -3.308169131041811
15 779 -3.308169131041811
15 780 -3.308169131041811
15 781 -3.308169131041811
15 782 -3.308169131041811
15 783 -3.308169131041811
15 784 -3.308169131041811
15 785 -3.308169131041811
15 786 -3.308169131041811
15 787 -3.308169131041811
15 788 -3.308169131041811
15 789 -3.308946960732062
15 790 -3.308946960732062
15 791 -3.308946960732062
15 792 -3.308946960732062
15 793 -3.308946960732062
15 794 -3.308946960732062
15 795 -3.308946960732062
15 796 -3.308946960732062
15 797 -3.308946960732062
15 798 -3.308946960732062
15 799 -3.308946960732062
15 800 -3.308946960732062
15 801 -3.308946960732062
15 802 -3.308946960732062
15 803 -3.308946960732062
15 804 -3.308946960732062
15 805 -3.308946960732062
15 806 -3.308946960732062
15 807 -3.308946960732062
15 808 -3.308946960732062
15 809 -3.308946960732062
15 810 -3.308946960732062
15 811 -3.308946960732062
15 812 -3.308946960732062
15 813 -3.308946960732062
15 814 -3.308946960732062
15 815 -3.308946960732062
15 816 -3.308946960732062
15 817 -3.308946960732062
16 818 -3.308946960732062
16 819 -3.308946960732062
16 820 -3.308946960732062
16 821 -3.308946960732062
16 822 -3.308946960732062
16 823 -3.308946960732062
16 824 -3.308946960732062
16 825 -3.308946960732062
16 826 -3.308946960732062
16 827 -3.308946960732062
16 828 -3.308946960732062
16 829 -3.308946960732062
16 830 -3.308946960732062
16 831 -3.308946960732062
16 832 -3.308946960732062
16 833 -3.308946960732062
16 834 -3.308946960732062
16 835 -3.308946960732062
16 836 -3.308946960732062
16 837 -3.308946960732062
16 838 -3.308946960732062
16 839 -3.308946960732062
16 840 -3.308946960732062
16 841 -3.308946960732062
16 842 -3.308946960732062
16 843 -3.308946960732062
16 844 -3.308946960732062
16 845 -3.308946960732062
16 846 -3.308946960732062
16 847 -3.308946960732062
16 848 -3.308946960732062
16 849 -3.308946960732062
16 850 -3.308946960732062
16 851 -3.308946960732062
16 852 -3.308946960732062
16 853 -3.308946960732062
16 854 -3.308946960732062
16 855 -3.308946960732062
16 856 -3.3089543707464855
16 857 -3.3089543707464855
16 858 -3.3089543707464855
16 859 -3.3089543707464855
16 860 -3.3089543707464855
16 861 -3.3089543707464855
16 862 -3.3089543707464855
16 863 -3.3089543707464855
16 864 -3.3089543707464855
16 865 -3.3089543707464855
16 866 -3.3089543707464855
16 867 -3.3089543707464855
16 868 -3.3089543707464855
16 869 -3.3089543707464855
16 870 -3.3089543707464855
16 871 -3.3089543707464855
16 872 -3.3089543707464855
16 873 -3.3089543707464855
16 874 -3.3089543707464855
16 875 -3.3089543707464855
16 876 -3.3089543707464855
16 877 -3.3089543707464855
16 878 -3.3089543707464855
16 879 -3.3089543707464855
16 880 -3.3089543707464855
16 881 -3.3089543707464855
16 882 -3.3089543707464855
17 883 -3.3089543707464855
17 884 -3.3089543707464855
17 885 -3.3089543707464855
17 886 -3.3089543707464855
17 887 -3.3089543707464855
17 888 -3.3089543707464855
17 889 -3.3089543707464855
17 890 -3.3089543707464855
17 891 -3.3089543707464855
17 892 -3.3089543707464855
17 893 -3.3089543707464855
17 894 -3.3089543707464855
17 895 -3.3089543707464855
17 896 -3.3089543707464855
17 897 -3.3089543707464855
17 898 -3.3089543707464855
17 899 -3.3089543707464855
17 900 -3.3089543707464855
17 901 -3.3089543707464855
17 902 -3.3089543707464855
17 903 -3.3089543707464855
17 904 -3.3089543707464855
17 905 -3.3089543707464855
17 906 -3.3089543707464855
17 907 -3.3089543707464855
17 908 -3.3089543707464855
17 909 -3.3089543707464855
17 910 -3.3089543707464855
17 911 -3.3089543707464855
17 912 -3.3089543707464855
17 913 -3.3089543707464855
17 914 -3.3089543707464855
17 915 -3.3089543707464855
17 916 -3.3089543707464855
17 917 -3.3089543707464855
17 918 -3.3089543707464855
17 919 -3.3089543707464855
17 920 -3.3089543707464855
17 921 -3.3089543707464855
17 922 -3.3089543707464855
17 923 -3.3089543707464855
17 924 -3.3089543707464855
17 925 -3.3089543707464855
17 926 -3.3089543707464855
17 927 -3.3089543707464855
17 928 -3.3089543707464855
17 929 -3.3089543707464855
17 930 -3.3089543707464855
17 931 -3.3089543707464855
17 932 -3.3089543707464855
17 933 -3.3089543707464855
17 934 -3.3089543707464855
17 935 -3.3089543707464855
17 936 -3.3089543707464855
18 937 -3.3089543707464855
18 938 -3.3089543707464855
18 939 -3.3089543707464855
18 940 -3.3089543707464855
18 941 -3.3089543707464855
18 942 -3.3089543707464855
18 943 -3.3089543707464855
18 944 -3.3089543707464855
18 945 -3.3089543707464855
18 946 -3.3089543707464855
18 947 -3.3089543707464855
18 948 -3.3089543707464855
18 949 -3.3089543707464855
18 950 -3.3089543707464855
18 951 -3.3089543707464855
18 952 -3.3089543707464855
18 953 -3.3089543707464855
18 954 -3.3089543707464855
18 955 -3.3089543707464855
18 956 -3.3089543707464855
18 957 -3.3089543707464855
18 958 -3.3089543707464855
18 959 -3.3089543707464855
18 960 -3.3089543707464855
18 961 -3.3089543707464855
18 962 -3.3089543707464855
18 963 -3.3089543707464855
18 964 -3.3089543707464855
18 965 -3.3089543707464855
18 966 -3.3089543707464855
18 967 -3.3089543707464855
18 968 -3.3089543707464855
18 969 -3.3089543707464855
18 970 -3.3089543707464855
18 971 -3.3089543707464855
18 972 -3.3089543707464855
18 973 -3.3089543707464855
18 974 -3.3089543707464855
18 975 -3.3089543707464855
18 976 -3.3089543707464855
18 977 -3.3089543707464855
18 978 -3.3089543707464855
18 979 -3.3089543707464855
18 980 -3.3089543707464855
18 981 -3.3089543707464855
18 982 -3.3089543707464855
19 983 -3.3089543707464855
19 984 -3.3089543707464855
19 985 -3.3089543707464855
19 986 -3.3089543707464855
19 987 -3.3089543707464855
19 988 -3.3089543707464855
19 989 -3.3089543707464855
19 990 -3.3089543707464855
19 991 -3.3089543707464855
19 992 -3.3089543707464855
19 993 -3.3089543707464855
19 994 -3.3089543707464855
19 995 -3.3089543707464855
19 996 -3.3089543707464855
19 997 -3.3089543707464855
19 998 -3.3089543707464855
19 999 -3.3089543707464855
19 1000 -3.3089543707464855
19 1001 -3.3089543707464855
19 1002 -3.3089543707464855
19 1003 -3.3089543707464855
19 1004 -3.3089543707464855
19 1005 -3.3089543707464855
19 1006 -3.3089543707464855
19 1007 -3.3089543707464855
19 1008 -3.3089543707464855
19 1009 -3.3089543707464855
19 1010 -3.3089543707464855
19 1011 -3.3089543707464855
19 1012 -3.3089543707464855
19 1013 -3.3089543707464855
19 1014 -3.3089543707464855
19 1015 -3.3089543707464855
19 1016 -3.3089543707464855
19 1017 -3.3089543707464855
19 1018 -3.3089543707464855
19 1019 -3.3089543707464855
19 1020 -3.3089543707464855
19 1021 -3.3089543707464855
19 1022 -3.3089543707464855
19 1023 -3.3089543707464855
19 1024 -3.3089543707464855
19 1025 -3.3089543707464855
19 1026 -3.3089543707464855
19 1027 -3.3089543707464855
19 1028 -3.3089543707464855
19 1029 -3.3089543707464855
19 1030 -3.3089543707464855
19 1031 -3.3089543707464855
19 1032 -3.3089543707464855
19 1033 -3.3089543707464855
19 1034 -3.3089543707464855
19 1035 -3.3089543707464855
20 1036 -3.3089543707464855
20 1037 -3.3089543707464855
20 1038 -3.3089543707464855
20 1039 -3.3089543707464855
20 1040 -3.3089543707464855
20 1041 -3.3089543707464855
20 1042 -3.3089543707464855
20 1043 -3.3089543707464855
20 1044 -3.3089543707464855
20 1045 -3.3089543707464855
20 1046 -3.3089543707464855
20 1047 -3.3089543707464855
20 1048 -3.3089543707464855
20 1049 -3.3089543707464855
20 1050 -3.3089543707464855
20 1051 -3.3089543707464855
20 1052 -3.3089543707464855
20 1053 -3.3089543707464855
20 1054 -3.3089543707464855
20 1055 -3.3089543707464855
20 1056 -3.3089543707464855
20 1057 -3.3089543707464855
20 1058 -3.3089543707464855
20 1059 -3.3089543707464855
20 1060 -3.3089543707464855
20 1061 -3.3089543707464855
20 1062 -3.3089543707464855
20 1063 -3.3089543707464855
20 1064 -3.3089543707464855
20 1065 -3.3089543707464855
20 1066 -3.3089543707464855
20 1067 -3.3089543707464855
20 1068 -3.3089543707464855
20 1069 -3.3089543707464855
20 1070 -3.3089543707464855
20 1071 -3.3089543707464855
20 1072 -3.3089543707464855
20 1073 -3.3089543707464855
20 1074 -3.3089543707464855
20 1075 -3.3089543707464855
20 1076 -3.3089543707464855
20 1077 -3.3089543707464855
20 1078 -3.3089543707464855
20 1079 -3.3089543707464855
20 1080 -3.3089543707464855
20 1081 -3.3089543707464855
20 1082 -3.3089543707464855
20 1083 -3.3089543707464855
20 1084 -3.3089543707464855
20 1085 -3.3089543707464855
20 1086 -3.3089543707464855
20 1087 -3.3089543707464855
20 1088 -3.3089543707464855
20 1089 -3.3089543707464855
21 1090 -3.3089543707464855
21 1091 -3.3089543707464855
21 1092 -3.3089543707464855
21 1093 -3.3089543707464855
21 1094 -3.3089543707464855
21 1095 -3.3089543707464855
21 1096 -3.3089543707464855
21 1097 -3.3089543707464855
21 1098 -3.3089543707464855
21 1099 -3.3089543707464855
21 1100 -3.3089543707464855
21 1101 -3.3089543707464855
21 1102 -3.3089543707464855
21 1103 -3.3089543707464855
21 1104 -3.3089543707464855
21 1105 -3.3089543707464855
21 1106 -3.3089543707464855
21 1107 -3.3089543707464855
21 1108 -3.3089543707464855
21 1109 -3.3089543707464855
21 1110 -3.3089543707464855
21 1111 -3.3089543707464855
21 1112 -3.3089543707464855
21 1113 -3.3089543707464855
21 1114 -3.3089543707464855
21 1115 -3.3089543707464855
21 1116 -3.3089543707464855
21 1117 -3.3089543707464855
21 1118 -3.3089543707464855
21 1119 -3.3089543707464855
21 1120 -3.3089543707464855
21 1121 -3.3089543707464855
21 1122 -3.3089543707464855
21 1123 -3.3089543707464855
21 1124 -3.3089543707464855
21 1125 -3.3089543707464855
21 1126 -3.3089543707464855
21 1127 -3.3089543707464855
21 1128 -3.3089543707464855
21 1129 -3.3089543707464855
21 1130 -3.3089543707464855
21 1131 -3.3089543707464855
21 1132 -3.3089543707464855
21 1133 -3.3089543707464855
21 1134 -3.3089543707464855
21 1135 -3.3089543707464855
21 1136 -3.3089543707464855
21 1137 -3.3089543707464855
21 1138 -3.3089543707464855
21 1139 -3.3089543707464855
21 1140 -3.3089543707464855
21 1141 -3.3089543707464855
21 1142 -3.3089543707464855
21 1143 -3.3089543707464855
21 1144 -3.3089543707464855
21 1145 -3.3089543707464855
21 1146 -3.3089543707464855
21 1147 -3.3089543707464855
22 1148 -3.3089543707464855
22 1149 -3.3089543707464855
22 1150 -3.3089543707464855
22 1151 -3.3089543707464855
22 1152 -3.3089543707464855
22 1153 -3.3089543707464855
22 1154 -3.3089543707464855
22 1155 -3.3089543707464855
22 1156 -3.3089543707464855
22 1157 -3.3089543707464855
22 1158 -3.3089543707464855
22 1159 -3.3089543707464855
22 1160 -3.3089543707464855
22 1161 -3.3089543707464855
22 1162 -3.3089543707464855
22 1163 -3.3089543707464855
22 1164 -3.3089543707464855
22 1165 -3.3089543707464855
22 1166 -3.3089543707464855
22 1167 -3.3089543707464855
22 1168 -3.3089543707464855
22 1169 -3.3089543707464855
22 1170 -3.3089543707464855
22 1171 -3.3089543707464855
22 1172 -3.3089543707464855
22 1173 -3.3089543707464855
22 1174 -3.3089543707464855
22 1175 -3.3089543707464855
22 1176 -3.3089543707464855
22 1177 -3.3089543707464855
22 1178 -3.3089543707464855
22 1179 -3.3089543707464855
22 1180 -3.3089543707464855
22 1181 -3.3089543707464855
22 1182 -3.3089543707464855
22 1183 -3.3089543707464855
22 1184 -3.3089543707464855
22 1185 -3.3089543707464855
22 1186 -3.3089543707464855
23 1187 -3.3089543707464855
23 1188 -3.3089543707464855
23 1189 -3.3089543707464855
23 1190 -3.3089543707464855
23 1191 -3.3089543707464855
23 1192 -3.3089543707464855
23 1193 -3.3089543707464855
23 1194 -3.3089543707464855
23 1195 -3.3089543707464855
23 1196 -3.3089543707464855
23 1197 -3.3089543707464855
23 1198 -3.3089543707464855
23 1199 -3.3089543707464855
23 1200 -3.3089543707464855
23 1201 -3.3089543707464855
23 1202 -3.3089543707464855
23 1203 -3.3089543707464855
23 1204 -3.3089543707464855
23 1205 -3.3089543707464855
23 1206 -3.3089543707464855
23 1207 -3.3089543707464855
23 1208 -3.3089543707464855
23 1209 -3.3089543707464855
23 1210 -3.3089543707464855
23 1211 -3.3089543707464855
23 1212 -3.3089543707464855
23 1213 -3.3089543707464855
23 1214 -3.3089543707464855
23 1215 -3.3089543707464855
23 1216 -3.3089543707464855
23 1217 -3.3089543707464855
23 1218 -3.3089543707464855
23 1219 -3.3089543707464855
23 1220 -3.3089543707464855
23 1221 -3.3089543707464855
23 1222 -3.3089543707464855
23 1223 -3.3089543707464855
23 1224 -3.3089543707464855
23 1225 -3.3089543707464855
23 1226 -3.3089543707464855
23 1227 -3.3089543707464855
23 1228 -3.3089543707464855
23 1229 -3.3089543707464855
23 1230 -3.3089543707464855
23 1231 -3.3089543707464855
23 1232 -3.3089543707464855
23 1233 -3.3089543707464855
23 1234 -3.3089543707464855
23 1235 -3.3089543707464855
23 1236 -3.3089543707464855
24 1237 -3.3089543707464855
24 1238 -3.3089543707464855
24 1239 -3.3089543707464855
24 1240 -3.3089543707464855
24 1241 -3.3089543707464855
24 1242 -3.3089543707464855
24 1243 -3.3089543707464855
24 1244 -3.3089543707464855
24 1245 -3.3089543707464855
24 1246 -3.3089543707464855
24 1247 -3.3089543707464855
24 1248 -3.3089543707464855
24 1249 -3.3089543707464855
24 1250 -3.3089543707464855
24 1251 -3.3089543707464855
24 1252 -3.3089543707464855
24 1253 -3.3089543707464855
24 1254 -3.3089543707464855
24 1255 -3.3089543707464855
24 1256 -3.3089543707464855
24 1257 -3.3089543707464855
24 1258 -3.3089543707464855
24 1259 -3.3089543707464855
24 1260 -3.3089543707464855
24 1261 -3.3089543707464855
24 1262 -3.3089543707464855
24 1263 -3.3089543707464855
24 1264 -3.3089543707464855
24 1265 -3.3089543707464855
24 1266 -3.3089543707464855
24 1267 -3.3089543707464855
24 1268 -3.3089543707464855
24 1269 -3.3089543707464855
24 1270 -3.3089543707464855
24 1271 -3.3089543707464855
24 1272 -3.3089543707464855
24 1273 -3.3089543707464855
24 1274 -3.3089543707464855
24 1275 -3.3089543707464855
24 1276 -3.3089543707464855
24 1277 -3.3089543707464855
24 1278 -3.3089543707464855
24 1279 -3.3089543707464855
24 1280 -3.3089543707464855
24 1281 -3.3089543707464855
24 1282 -3.3089543707464855
24 1283 -3.3089543707464855
24 1284 -3.3089543707464855
25 1285 -3.3089543707464855
25 1286 -3.3089543707464855
25 1287 -3.3089543707464855
25 1288 -3.3089543707464855
25 1289 -3.3089543707464855
25 1290 -3.3089543707464855
25 1291 -3.3089543707464855
25 1292 -3.3089543707464855
25 1293 -3.3089543707464855
25 1294 -3.3089543707464855
25 1295 -3.3089543707464855
25 1296 -3.3089543707464855
25 1297 -3.3089543707464855
25 1298 -3.3089543707464855
25 1299 -3.3089543707464855
25 1300 -3.3089543707464855
25 1301 -3.3089543707464855
25 1302 -3.3089543707464855
25 1303 -3.3089543707464855
25 1304 -3.3089543707464855
25 1305 -3.3089543707464855
25 1306 -3.3089543707464855
25 1307 -3.3089543707464855
25 1308 -3.3089543707464855
25 1309 -3.3089543707464855
25 1310 -3.3089543707464855
25 1311 -3.3089543707464855
25 1312 -3.3089543707464855
25 1313 -3.3089543707464855
25 1314 -3.3089543707464855
25 1315 -3.3089543707464855
25 1316 -3.3089543707464855
25 1317 -3.3089543707464855
25 1318 -3.3089543707464855
25 1319 -3.3089543707464855
25 1320 -3.3089543707464855
25 1321 -3.3089543707464855
25 1322 -3.3089543707464855
25 1323 -3.3089543707464855
25 1324 -3.3089543707464855
25 1325 -3.3089543707464855
25 1326 -3.3089543707464855
25 1327 -3.3089543707464855
25 1328 -3.3089543707464855
25 1329 -3.3089543707464855
25 1330 -3.3089543707464855
25 1331 -3.3089543707464855
25 1332 -3.3089543707464855
25 1333 -3.3089543707464855
25 1334 -3.3089543707464855
25 1335 -3.3089543707464855
25 1336 -3.3089543707464855
25 1337 -3.3089543707464855
25 1338 -3.3089543707464855
25 1339 -3.3089543707464855
25 1340 -3.3089543707464855
25 1341 -3.3089543707464855
26 1342 -3.3089543707464855
26 1343 -3.3089543707464855
26 1344 -3.3089543707464855
26 1345 -3.3089543707464855
26 1346 -3.3089543707464855
26 1347 -3.3089543707464855
26 1348 -3.3089543707464855
26 1349 -3.3089543707464855
26 1350 -3.3089543707464855
26 1351 -3.3089543707464855
26 1352 -3.3089543707464855
26 1353 -3.3089543707464855
26 1354 -3.3089543707464855
26 1355 -3.3089543707464855
26 1356 -3.3089543707464855
26 1357 -3.3089543707464855
26 1358 -3.3089543707464855
26 1359 -3.3089543707464855
26 1360 -3.3089543707464855
26 1361 -3.3089543707464855
26 1362 -3.3089543707464855
26 1363 -3.3089543707464855
26 1364 -3.3089543707464855
26 1365 -3.3089543707464855
26 1366 -3.3089543707464855
26 1367 -3.3089543707464855
26 1368 -3.3089543707464855
26 1369 -3.3089543707464855
26 1370 -3.3089543707464855
26 1371 -3.3089543707464855
26 1372 -3.3089543707464855
26 1373 -3.3089543707464855
26 1374 -3.3089543707464855
26 1375 -3.3089543707464855
26 1376 -3.3094828382845134
26 1377 -3.3094828382845134
26 1378 -3.3094828382845134
26 1379 -3.3094828382845134
26 1380 -3.3094828382845134
26 1381 -3.3094828382845134
26 1382 -3.3094828382845134
26 1383 -3.3094828382845134
26 1384 -3.3094828382845134
26 1385 -3.3094828382845134
26 1386 -3.3094828382845134
26 1387 -3.3094828382845134
26 1388 -3.3094828382845134
26 1389 -3.3094828382845134
26 1390 -3.3094828382845134
26 1391 -3.3094828382845134
26 1392 -3.3094828382845134
26 1393 -3.3094828382845134
26 1394 -3.3094828382845134
26 1395 -3.3094828382845134
26 1396 -3.3094828382845134
26 1397 -3.3094828382845134
26 1398 -3.3094828382845134
26 1399 -3.3094828382845134
26 1400 -3.3094828382845134
27 1401 -3.3094828382845134
27 1402 -3.3094828382845134
27 1403 -3.3094828382845134
27 1404 -3.3094828382845134
27 1405 -3.3094828382845134
27 1406 -3.3094828382845134
27 1407 -3.3094828382845134
27 1408 -3.3094828382845134
27 1409 -3.3094828382845134
27 1410 -3.3094828382845134
27 1411 -3.3094828382845134
27 1412 -3.3094828382845134
27 1413 -3.3094828382845134
27 1414 -3.3094828382845134
27 1415 -3.3094828382845134
27 1416 -3.3094828382845134
27 1417 -3.3094828382845134
27 1418 -3.3094828382845134
27 1419 -3.3094828382845134
27 1420 -3.3094828382845134
27 1421 -3.3094828382845134
27 1422 -3.3094828382845134
27 1423 -3.3094828382845134
27 1424 -3.3094828382845134
27 1425 -3.3094828382845134
27 1426 -3.3094828382845134
27 1427 -3.3094828382845134
27 1428 -3.3094828382845134
27 1429 -3.3094828382845134
27 1430 -3.3094828382845134
27 1431 -3.3094828382845134
27 1432 -3.3094828382845134
27 1433 -3.3094828382845134
27 1434 -3.3094828382845134
27 1435 -3.3094828382845134
27 1436 -3.3094828382845134
27 1437 -3.3094828382845134
27 1438 -3.3094828382845134
27 1439 -3.3094828382845134
27 1440 -3.3094828382845134
27 1441 -3.3094828382845134
27 1442 -3.311956815237262
27 1443 -3.311956815237262
27 1444 -3.311956815237262
27 1445 -3.311956815237262
27 1446 -3.311956815237262
27 1447 -3.311956815237262
27 1448 -3.311956815237262
27 1449 -3.311956815237262
27 1450 -3.311956815237262
27 1451 -3.311956815237262
27 1452 -3.311956815237262
27 1453 -3.311956815237262
27 1454 -3.311956815237262
27 1455 -3.311956815237262
27 1456 -3.311956815237262
27 1457 -3.311956815237262
27 1458 -3.311956815237262
27 1459 -3.311956815237262
27 1460 -3.311956815237262
27 1461 -3.311956815237262
27 1462 -3.311956815237262
28 1463 -3.311956815237262
28 1464 -3.311956815237262
28 1465 -3.311956815237262
28 1466 -3.311956815237262
28 1467 -3.311956815237262
28 1468 -3.311956815237262
28 1469 -3.311956815237262
28 1470 -3.311956815237262
28 1471 -3.311956815237262
28 1472 -3.311956815237262
28 1473 -3.311956815237262
28 1474 -3.311956815237262
28 1475 -3.311956815237262
28 1476 -3.311956815237262
28 1477 -3.311956815237262
28 1478 -3.311956815237262
28 1479 -3.311956815237262
28 1480 -3.311956815237262
28 1481 -3.311956815237262
28 1482 -3.311956815237262
28 1483 -3.311956815237262
28 1484 -3.311956815237262
28 1485 -3.311956815237262
28 1486 -3.311956815237262
28 1487 -3.311956815237262
28 1488 -3.311956815237262
28 1489 -3.311956815237262
28 1490 -3.311956815237262
28 1491 -3.311956815237262
28 1492 -3.311956815237262
28 1493 -3.311956815237262
28 1494 -3.311956815237262
28 1495 -3.311956815237262
28 1496 -3.311956815237262
28 1497 -3.311956815237262
28 1498 -3.311956815237262
28 1499 -3.311956815237262
28 1500 -3.311956815237262
28 1501 -3.311956815237262
28 1502 -3.311956815237262
28 1503 -3.311956815237262
28 1504 -3.311956815237262
28 1505 -3.311956815237262
28 1506 -3.311956815237262
28 1507 -3.311956815237262
28 1508 -3.311956815237262
28 1509 -3.311956815237262
28 1510 -3.311956815237262
28 1511 -3.311956815237262
28 1512 -3.311956815237262
28 1513 -3.311956815237262
28 1514 -3.311956815237262
28 1515 -3.311956815237262
28 1516 -3.311956815237262
28 1517 -3.311956815237262
28 1518 -3.311956815237262
28 1519 -3.311956815237262
28 1520 -3.311956815237262
28 1521 -3.311956815237262
28 1522 -3.311956815237262
28 1523 -3.311956815237262
28 1524 -3.311956815237262
29 1525 -3.311956815237262
29 1526 -3.311956815237262
29 1527 -3.311956815237262
29 1528 -3.311956815237262
29 1529 -3.311956815237262
29 1530 -3.311956815237262
29 1531 -3.311956815237262
29 1532 -3.311956815237262
29 1533 -3.311956815237262
29 1534 -3.311956815237262
29 1535 -3.311956815237262
29 1536 -3.311956815237262
29 1537 -3.311956815237262
29 1538 -3.311956815237262
29 1539 -3.311956815237262
29 1540 -3.311956815237262
29 1541 -3.311956815237262
29 1542 -3.311956815237262
29 1543 -3.311956815237262
29 1544 -3.311956815237262
29 1545 -3.311956815237262
29 1546 -3.311956815237262
29 1547 -3.311956815237262
29 1548 -3.311956815237262
29 1549 -3.311956815237262
29 1550 -3.311956815237262
29 1551 -3.311956815237262
29 1552 -3.311956815237262
29 1553 -3.311956815237262
29 1554 -3.311956815237262
29 1555 -3.311956815237262
29 1556 -3.311956815237262
29 1557 -3.311956815237262
29 1558 -3.311956815237262
29 1559 -3.311956815237262
29 1560 -3.311956815237262
29 1561 -3.311956815237262
29 1562 -3.311956815237262
29 1563 -3.311956815237262
29 1564 -3.311956815237262
29 1565 -3.311956815237262
29 1566 -3.311956815237262
29 1567 -3.311956815237262
29 1568 -3.311956815237262
29 1569 -3.311956815237262
29 1570 -3.311956815237262
29 1571 -3.311956815237262
29 1572 -3.311956815237262
29 1573 -3.311956815237262
29 1574 -3.311956815237262
29 1575 -3.311956815237262
29 1576 -3.311956815237262
29 1577 -3.311956815237262
29 1578 -3.311956815237262
29 1579 -3.311956815237262
29 1580 -3.311956815237262
29 1581 -3.311956815237262
29 1582 -3.311956815237262
29 1583 -3.311956815237262
29 1584 -3.311956815237262
29 1585 -3.311956815237262
29 1586 -3.311956815237262
30 1587 -3.311956815237262
30 1588 -3.311956815237262
30 1589 -3.311956815237262
30 1590 -3.311956815237262
30 1591 -3.311956815237262
30 1592 -3.311956815237262
30 1593 -3.311956815237262
30 1594 -3.311956815237262
30 1595 -3.311956815237262
30 1596 -3.311956815237262
30 1597 -3.311956815237262
30 1598 -3.311956815237262
30 1599 -3.311956815237262
30 1600 -3.311956815237262
30 1601 -3.311956815237262
30 1602 -3.311956815237262
30 1603 -3.311956815237262
30 1604 -3.311956815237262
30 1605 -3.311956815237262
30 1606 -3.311956815237262
30 1607 -3.311956815237262
30 1608 -3.311956815237262
30 1609 -3.311956815237262
30 1610 -3.311956815237262
30 1611 -3.311956815237262
30 1612 -3.311956815237262
30 1613 -3.311956815237262
30 1614 -3.311956815237262
30 1615 -3.311956815237262
30 1616 -3.311956815237262
30 1617 -3.311956815237262
30 1618 -3.311956815237262
30 1619 -3.311956815237262
30 1620 -3.311956815237262
30 1621 -3.311956815237262
30 1622 -3.311956815237262
30 1623 -3.311956815237262
30 1624 -3.311956815237262
30 1625 -3.311956815237262
30 1626 -3.311956815237262
30 1627 -3.311956815237262
30 1628 -3.311956815237262
30 1629 -3.311956815237262
30 1630 -3.311956815237262
30 1631 -3.311956815237262
30 1632 -3.311956815237262
30 1633 -3.311956815237262
30 1634 -3.311956815237262
30 1635 -3.311956815237262
30 1636 -3.311956815237262
30 1637 -3.311956815237262
30 1638 -3.312656732992499
30 1639 -3.312656732992499
30 1640 -3.312656732992499
30 1641 -3.312656732992499
30 1642 -3.312656732992499
30 1643 -3.312656732992499
30 1644 -3.31447161653391
30 1645 -3.31447161653391
30 1646 -3.31447161653391
30 1647 -3.31447161653391
30 1648 -3.31447161653391
30 1649 -3.31447161653391
30 1650 -3.31447161653391
31 1651 -3.31447161653391
31 1652 -3.31447161653391
31 1653 -3.31447161653391
31 1654 -3.31447161653391
31 1655 -3.31447161653391
31 1656 -3.31447161653391
31 1657 -3.31447161653391
31 1658 -3.31447161653391
31 1659 -3.31447161653391
31 1660 -3.31447161653391
31 1661 -3.31447161653391
31 1662 -3.31447161653391
31 1663 -3.31447161653391
31 1664 -3.31447161653391
31 1665 -3.31447161653391
31 1666 -3.31447161653391
31 1667 -3.31447161653391
31 1668 -3.31447161653391
31 1669 -3.31447161653391
31 1670 -3.31447161653391
31 1671 -3.31447161653391
31 1672 -3.31447161653391
31 1673 -3.31447161653391
31 1674 -3.31447161653391
31 1675 -3.31447161653391
31 1676 -3.31447161653391
31 1677 -3.31447161653391
31 1678 -3.31447161653391
31 1679 -3.31447161653391
31 1680 -3.31447161653391
31 1681 -3.31447161653391
31 1682 -3.31447161653391
31 1683 -3.31447161653391
31 1684 -3.31447161653391
31 1685 -3.31447161653391
31 1686 -3.31447161653391
31 1687 -3.31447161653391
31 1688 -3.31447161653391
31 1689 -3.31447161653391
31 1690 -3.31447161653391
31 1691 -3.31447161653391
31 1692 -3.31447161653391
31 1693 -3.31447161653391
31 1694 -3.31447161653391
31 1695 -3.31447161653391
31 1696 -3.31447161653391
31 1697 -3.31447161653391
31 1698 -3.31447161653391
31 1699 -3.31447161653391
31 1700 -3.31447161653391
31 1701 -3.31447161653391
31 1702 -3.31447161653391
31 1703 -3.31447161653391
31 1704 -3.31447161653391
31 1705 -3.31447161653391
31 1706 -3.31447161653391
31 1707 -3.31447161653391
31 1708 -3.31447161653391
31 1709 -3.31447161653391
32 1710 -3.31447161653391
32 1711 -3.31447161653391
32 1712 -3.31447161653391
32 1713 -3.31447161653391
32 1714 -3.31447161653391
32 1715 -3.31447161653391
32 1716 -3.31447161653391
32 1717 -3.31447161653391
32 1718 -3.31447161653391
32 1719 -3.31447161653391
32 1720 -3.31447161653391
32 1721 -3.31447161653391
32 1722 -3.31447161653391
32 1723 -3.31447161653391
32 1724 -3.31447161653391
32 1725 -3.31447161653391
32 1726 -3.31447161653391
32 1727 -3.31447161653391
32 1728 -3.31447161653391
32 1729 -3.31447161653391
32 1730 -3.31447161653391
32 1731 -3.31447161653391
32 1732 -3.31447161653391
32 1733 -3.31447161653391
32 1734 -3.31447161653391
32 1735 -3.31447161653391
32 1736 -3.31447161653391
32 1737 -3.31447161653391
32 1738 -3.31447161653391
32 1739 -3.31447161653391
32 1740 -3.31447161653391
32 1741 -3.31447161653391
32 1742 -3.31447161653391
32 1743 -3.31447161653391
32 1744 -3.31447161653391
32 1745 -3.31447161653391
32 1746 -3.31447161653391
32 1747 -3.31447161653391
32 1748 -3.31447161653391
32 1749 -3.31447161653391
32 1750 -3.31447161653391
32 1751 -3.31447161653391
32 1752 -3.31447161653391
32 1753 -3.31447161653391
32 1754 -3.31447161653391
32 1755 -3.31447161653391
32 1756 -3.31447161653391
32 1757 -3.31447161653391
32 1758 -3.31447161653391
32 1759 -3.31447161653391
32 1760 -3.31447161653391
33 1761 -3.31447161653391
33 1762 -3.31447161653391
33 1763 -3.31447161653391
33 1764 -3.31447161653391
33 1765 -3.31447161653391
33 1766 -3.31447161653391
33 1767 -3.31447161653391
33 1768 -3.31447161653391
33 1769 -3.31447161653391
33 1770 -3.31447161653391
33 1771 -3.31447161653391
33 1772 -3.31447161653391
33 1773 -3.31447161653391
33 1774 -3.31447161653391
33 1775 -3.31447161653391
33 1776 -3.31447161653391
33 1777 -3.31447161653391
33 1778 -3.31447161653391
33 1779 -3.31447161653391
33 1780 -3.31447161653391
33 1781 -3.31447161653391
33 1782 -3.31447161653391
33 1783 -3.31447161653391
33 1784 -3.31447161653391
33 1785 -3.31447161653391
33 1786 -3.31447161653391
33 1787 -3.31447161653391
33 1788 -3.31447161653391
33 1789 -3.31447161653391
33 1790 -3.31447161653391
33 1791 -3.31447161653391
33 1792 -3.31447161653391
33 1793 -3.31447161653391
33 1794 -3.31447161653391
33 1795 -3.31447161653391
33 1796 -3.31447161653391
33 1797 -3.31447161653391
33 1798 -3.31447161653391
33 1799 -3.31447161653391
33 1800 -3.31447161653391
33 1801 -3.31447161653391
33 1802 -3.31447161653391
33 1803 -3.31447161653391
33 1804 -3.31447161653391
33 1805 -3.31447161653391
33 1806 -3.31447161653391
33 1807 -3.31447161653391
33 1808 -3.31447161653391
33 1809 -3.31447161653391
33 1810 -3.31447161653391
33 1811 -3.31447161653391
33 1812 -3.31447161653391
33 1813 -3.31447161653391
33 1814 -3.31447161653391
33 1815 -3.31447161653391
33 1816 -3.31447161653391
33 1817 -3.31447161653391
34 1818 -3.31447161653391
34 1819 -3.31447161653391
34 1820 -3.31447161653391
34 1821 -3.31447161653391
34 1822 -3.31447161653391
34 1823 -3.31447161653391
34 1824 -3.31447161653391
34 1825 -3.31447161653391
34 1826 -3.31447161653391
34 1827 -3.31447161653391
34 1828 -3.31447161653391
34 1829 -3.31447161653391
34 1830 -3.31447161653391
34 1831 -3.31447161653391
34 1832 -3.31447161653391
34 1833 -3.31447161653391
34 1834 -3.31447161653391
34 1835 -3.31447161653391
34 1836 -3.31447161653391
34 1837 -3.31447161653391
34 1838 -3.31447161653391
34 1839 -3.31447161653391
34 1840 -3.31447161653391
34 1841 -3.31447161653391
34 1842 -3.31447161653391
34 1843 -3.31447161653391
34 1844 -3.31447161653391
34 1845 -3.31447161653391
34 1846 -3.31447161653391
34 1847 -3.31447161653391
34 1848 -3.31447161653391
34 1849 -3.31447161653391
34 1850 -3.31447161653391
34 1851 -3.31447161653391
34 1852 -3.31447161653391
34 1853 -3.314786682748263
34 1854 -3.314786682748263
34 1855 -3.314786682748263
34 1856 -3.314786682748263
34 1857 -3.314786682748263
34 1858 -3.314786682748263
34 1859 -3.314786682748263
34 1860 -3.314786682748263
34 1861 -3.314786682748263
34 1862 -3.314786682748263
34 1863 -3.314786682748263
34 1864 -3.314786682748263
34 1865 -3.314786682748263
34 1866 -3.314786682748263
35 1867 -3.314786682748263
35 1868 -3.314786682748263
35 1869 -3.314786682748263
35 1870 -3.314786682748263
35 1871 -3.314786682748263
35 1872 -3.314786682748263
35 1873 -3.314786682748263
35 1874 -3.314786682748263
35 1875 -3.314786682748263
35 1876 -3.314786682748263
35 1877 -3.314786682748263
35 1878 -3.314786682748263
35 1879 -3.314786682748263
35 1880 -3.314786682748263
35 1881 -3.314786682748263
35 1882 -3.314786682748263
35 1883 -3.314786682748263
35 1884 -3.314786682748263
35 1885 -3.314786682748263
35 1886 -3.314786682748263
35 1887 -3.314786682748263
35 1888 -3.314786682748263
35 1889 -3.314786682748263
35 1890 -3.314786682748263
35 1891 -3.314786682748263
35 1892 -3.314786682748263
35 1893 -3.314786682748263
35 1894 -3.314786682748263
35 1895 -3.314786682748263
35 1896 -3.314786682748263
35 1897 -3.314786682748263
35 1898 -3.314786682748263
35 1899 -3.314786682748263
35 1900 -3.314786682748263
35 1901 -3.314786682748263
35 1902 -3.314786682748263
35 1903 -3.314786682748263
35 1904 -3.314786682748263
35 1905 -3.314786682748263
35 1906 -3.314786682748263
35 1907 -3.314786682748263
35 1908 -3.314786682748263
35 1909 -3.314786682748263
35 1910 -3.314786682748263
35 1911 -3.314786682748263
35 1912 -3.314786682748263
35 1913 -3.314786682748263
35 1914 -3.314786682748263
35 1915 -3.314786682748263
35 1916 -3.314786682748263
35 1917 -3.314786682748263
35 1918 -3.314786682748263
35 1919 -3.314786682748263
35 1920 -3.314786682748263
35 1921 -3.314786682748263
35 1922 -3.314786682748263
35 1923 -3.314786682748263
36 1924 -3.314786682748263
36 1925 -3.314786682748263
36 1926 -3.314786682748263
36 1927 -3.314786682748263
36 1928 -3.314786682748263
36 1929 -3.314786682748263
36 1930 -3.314786682748263
36 1931 -3.314786682748263
36 1932 -3.314786682748263
36 1933 -3.314786682748263
36 1934 -3.314786682748263
36 1935 -3.314786682748263
36 1936 -3.314786682748263
36 1937 -3.314786682748263
36 1938 -3.314786682748263
36 1939 -3.314786682748263
36 1940 -3.314786682748263
36 1941 -3.314786682748263
36 1942 -3.314786682748263
36 1943 -3.314786682748263
36 1944 -3.314786682748263
36 1945 -3.314786682748263
36 1946 -3.314786682748263
36 1947 -3.314786682748263
36 1948 -3.314786682748263
36 1949 -3.314786682748263
36 1950 -3.314786682748263
36 1951 -3.314786682748263
36 1952 -3.314786682748263
36 1953 -3.314786682748263
36 1954 -3.314786682748263
36 1955 -3.314786682748263
36 1956 -3.314786682748263
36 1957 -3.314786682748263
36 1958 -3.314786682748263
36 1959 -3.314786682748263
36 1960 -3.314786682748263
36 1961 -3.314786682748263
36 1962 -3.314786682748263
36 1963 -3.314786682748263
36 1964 -3.314786682748263
36 1965 -3.314786682748263
36 1966 -3.314786682748263
36 1967 -3.314786682748263
36 1968 -3.314786682748263
36 1969 -3.314786682748263
36 1970 -3.314786682748263
36 1971 -3.314786682748263
36 1972 -3.314786682748263
36 1973 -3.314786682748263
36 1974 -3.314786682748263
36 1975 -3.314786682748263
36 1976 -3.314786682748263
36 1977 -3.314786682748263
36 1978 -3.314786682748263
37 1979 -3.314786682748263
37 1980 -3.314786682748263
37 1981 -3.314786682748263
37 1982 -3.314786682748263
37 1983 -3.314786682748263
37 1984 -3.314786682748263
37 1985 -3.314786682748263
37 1986 -3.314786682748263
37 1987 -3.314786682748263
37 1988 -3.314786682748263
37 1989 -3.314786682748263
37 1990 -3.314786682748263
37 1991 -3.314786682748263
37 1992 -3.314786682748263
37 1993 -3.314786682748263
37 1994 -3.314786682748263
37 1995 -3.314786682748263
37 1996 -3.314786682748263
37 1997 -3.314786682748263
37 1998 -3.314786682748263
37 1999 -3.314786682748263
37 2000 -3.314786682748263
37 2001 -3.314786682748263
37 2002 -3.314786682748263
37 2003 -3.314786682748263
37 2004 -3.314786682748263
37 2005 -3.314786682748263
37 2006 -3.314786682748263
37 2007 -3.314786682748263
37 2008 -3.314786682748263
37 2009 -3.314786682748263
37 2010 -3.314786682748263
37 2011 -3.314786682748263
37 2012 -3.314786682748263
37 2013 -3.314786682748263
37 2014 -3.314786682748263
37 2015 -3.314786682748263
37 2016 -3.314786682748263
37 2017 -3.314786682748263
37 2018 -3.314786682748263
37 2019 -3.314786682748263
37 2020 -3.314786682748263
37 2021 -3.314786682748263
37 2022 -3.314786682748263
37 2023 -3.314786682748263
37 2024 -3.314786682748263
37 2025 -3.314786682748263
37 2026 -3.314786682748263
37 2027 -3.314786682748263
37 2028 -3.314786682748263
37 2029 -3.314786682748263
37 2030 -3.314786682748263
37 2031 -3.314786682748263
37 2032 -3.314786682748263
37 2033 -3.314786682748263
37 2034 -3.314786682748263
38 2035 -3.314786682748263
38 2036 -3.314786682748263
38 2037 -3.314786682748263
38 2038 -3.314786682748263
38 2039 -3.314786682748263
38 2040 -3.314786682748263
38 2041 -3.314786682748263
38 2042 -3.314786682748263
38 2043 -3.314786682748263
38 2044 -3.314786682748263
38 2045 -3.314786682748263
38 2046 -3.314786682748263
38 2047 -3.314786682748263
38 2048 -3.314786682748263
38 2049 -3.314786682748263
38 2050 -3.314786682748263
38 2051 -3.314786682748263
38 2052 -3.314786682748263
38 2053 -3.314786682748263
38 2054 -3.314786682748263
38 2055 -3.314786682748263
38 2056 -3.314786682748263
38 2057 -3.314786682748263
38 2058 -3.314786682748263
38 2059 -3.314786682748263
38 2060 -3.314786682748263
38 2061 -3.314786682748263
38 2062 -3.314786682748263
38 2063 -3.314786682748263
38 2064 -3.314786682748263
38 2065 -3.314786682748263
38 2066 -3.314786682748263
38 2067 -3.314786682748263
38 2068 -3.314786682748263
38 2069 -3.314786682748263
38 2070 -3.314786682748263
38 2071 -3.314786682748263
38 2072 -3.314786682748263
38 2073 -3.314786682748263
38 2074 -3.314786682748263
38 2075 -3.314786682748263
38 2076 -3.314786682748263
38 2077 -3.314786682748263
38 2078 -3.314786682748263
38 2079 -3.314786682748263
38 2080 -3.314786682748263
38 2081 -3.314786682748263
38 2082 -3.314786682748263
38 2083 -3.314786682748263
38 2084 -3.314786682748263
38 2085 -3.314786682748263
38 2086 -3.314786682748263
38 2087 -3.314786682748263
39 2088 -3.314786682748263
39 2089 -3.314786682748263
39 2090 -3.314786682748263
39 2091 -3.314786682748263
39 2092 -3.314786682748263
39 2093 -3.314786682748263
39 2094 -3.314786682748263
39 2095 -3.314786682748263
39 2096 -3.314786682748263
39 2097 -3.314786682748263
39 2098 -3.314786682748263
39 2099 -3.314786682748263
39 2100 -3.314786682748263
39 2101 -3.314786682748263
39 2102 -3.314786682748263
39 2103 -3.314786682748263
39 2104 -3.314786682748263
39 2105 -3.314786682748263
39 2106 -3.314786682748263
39 2107 -3.314786682748263
39 2108 -3.314786682748263
39 2109 -3.314786682748263
39 2110 -3.314786682748263
39 2111 -3.314786682748263
39 2112 -3.314786682748263
39 2113 -3.314786682748263
39 2114 -3.314786682748263
39 2115 -3.314786682748263
39 2116 -3.314786682748263
39 2117 -3.314786682748263
39 2118 -3.314786682748263
39 2119 -3.314786682748263
39 2120 -3.314786682748263
39 2121 -3.314786682748263
39 2122 -3.314786682748263
39 2123 -3.314786682748263
39 2124 -3.314786682748263
39 2125 -3.314786682748263
39 2126 -3.314786682748263
39 2127 -3.314786682748263
39 2128 -3.314786682748263
39 2129 -3.314786682748263
39 2130 -3.314786682748263
39 2131 -3.314786682748263
39 2132 -3.314786682748263
39 2133 -3.314786682748263
39 2134 -3.314786682748263
39 2135 -3.314786682748263
39 2136 -3.314786682748263
39 2137 -3.314786682748263
39 2138 -3.314786682748263
39 2139 -3.314786682748263
39 2140 -3.314786682748263
39 2141 -3.314786682748263
39 2142 -3.314786682748263
39 2143 -3.314786682748263
39 2144 -3.314786682748263
40 2145 -3.314786682748263
40 2146 -3.314786682748263
40 2147 -3.314786682748263
40 2148 -3.314786682748263
40 2149 -3.314786682748263
40 2150 -3.314786682748263
40 2151 -3.314786682748263
40 2152 -3.314786682748263
40 2153 -3.314786682748263
40 2154 -3.314786682748263
40 2155 -3.314786682748263
40 2156 -3.314786682748263
40 2157 -3.314786682748263
40 2158 -3.314786682748263
40 2159 -3.314786682748263
40 2160 -3.314786682748263
40 2161 -3.314786682748263
40 2162 -3.314786682748263
40 2163 -3.314786682748263
40 2164 -3.314786682748263
40 2165 -3.314786682748263
40 2166 -3.314786682748263
40 2167 -3.314786682748263
40 2168 -3.314786682748263
40 2169 -3.314786682748263
40 2170 -3.314786682748263
40 2171 -3.314786682748263
40 2172 -3.314786682748263
40 2173 -3.314786682748263
40 2174 -3.314786682748263
40 2175 -3.314786682748263
40 2176 -3.314786682748263
40 2177 -3.314786682748263
40 2178 -3.314786682748263
40 2179 -3.314786682748263
40 2180 -3.314786682748263
40 2181 -3.314786682748263
40 2182 -3.314786682748263
40 2183 -3.314786682748263
40 2184 -3.314786682748263
40 2185 -3.314786682748263
40 2186 -3.314786682748263
40 2187 -3.314786682748263
40 2188 -3.314786682748263
40 2189 -3.314786682748263
40 2190 -3.314786682748263
40 2191 -3.314786682748263
41 2192 -3.314786682748263
41 2193 -3.314786682748263
41 2194 -3.314786682748263
41 2195 -3.314786682748263
41 2196 -3.314786682748263
41 2197 -3.314786682748263
41 2198 -3.314786682748263
41 2199 -3.314786682748263
41 2200 -3.314786682748263
41 2201 -3.314786682748263
41 2202 -3.314786682748263
41 2203 -3.314786682748263
41 2204 -3.314786682748263
41 2205 -3.314786682748263
41 2206 -3.314786682748263
41 2207 -3.314786682748263
41 2208 -3.314786682748263
41 2209 -3.314786682748263
41 2210 -3.314786682748263
41 2211 -3.314786682748263
41 2212 -3.314786682748263
41 2213 -3.314786682748263
41 2214 -3.314786682748263
41 2215 -3.314786682748263
41 2216 -3.314786682748263
41 2217 -3.314786682748263
41 2218 -3.314786682748263
41 2219 -3.314786682748263
41 2220 -3.314786682748263
41 2221 -3.314786682748263
41 2222 -3.314786682748263
41 2223 -3.314786682748263
41 2224 -3.314786682748263
41 2225 -3.314786682748263
41 2226 -3.314786682748263
41 2227 -3.314786682748263
41 2228 -3.314786682748263
41 2229 -3.314786682748263
41 2230 -3.314786682748263
41 2231 -3.314786682748263
41 2232 -3.314786682748263
41 2233 -3.314786682748263
41 2234 -3.314786682748263
41 2235 -3.314786682748263
41 2236 -3.314786682748263
41 2237 -3.314786682748263
41 2238 -3.314786682748263
41 2239 -3.314786682748263
41 2240 -3.314786682748263
41 2241 -3.314786682748263
41 2242 -3.314786682748263
41 2243 -3.314786682748263
41 2244 -3.314786682748263
41 2245 -3.314786682748263
41 2246 -3.314786682748263
41 2247 -3.314786682748263
41 2248 -3.314786682748263
41 2249 -3.314786682748263
42 2250 -3.314786682748263
42 2251 -3.314786682748263
42 2252 -3.314786682748263
42 2253 -3.314786682748263
42 2254 -3.314786682748263
42 2255 -3.314786682748263
42 2256 -3.314786682748263
42 2257 -3.314786682748263
42 2258 -3.314786682748263
42 2259 -3.314786682748263
42 2260 -3.314786682748263
42 2261 -3.314786682748263
42 2262 -3.314786682748263
42 2263 -3.314786682748263
42 2264 -3.314786682748263
42 2265 -3.314786682748263
42 2266 -3.314786682748263
42 2267 -3.314786682748263
42 2268 -3.314786682748263
42 2269 -3.314786682748263
42 2270 -3.314786682748263
42 2271 -3.314786682748263
42 2272 -3.314786682748263
42 2273 -3.314786682748263
42 2274 -3.314786682748263
42 2275 -3.314786682748263
42 2276 -3.314786682748263
42 2277 -3.314786682748263
42 2278 -3.314786682748263
42 2279 -3.314786682748263
42 2280 -3.314786682748263
42 2281 -3.314786682748263
42 2282 -3.314786682748263
42 2283 -3.314786682748263
42 2284 -3.314786682748263
42 2285 -3.314786682748263
42 2286 -3.314786682748263
42 2287 -3.314786682748263
42 2288 -3.314786682748263
42 2289 -3.314786682748263
42 2290 -3.314786682748263
42 2291 -3.314786682748263
42 2292 -3.314786682748263
42 2293 -3.314786682748263
42 2294 -3.314786682748263
42 2295 -3.314786682748263
42 2296 -3.314786682748263
42 2297 -3.314786682748263
42 2298 -3.314786682748263
42 2299 -3.314786682748263
42 2300 -3.314786682748263
42 2301 -3.314786682748263
42 2302 -3.314786682748263
42 2303 -3.314786682748263
42 2304 -3.314786682748263
42 2305 -3.314786682748263
42 2306 -3.314786682748263
42 2307 -3.314786682748263
42 2308 -3.314786682748263
43 2309 -3.314786682748263
43 2310 -3.314786682748263
43 2311 -3.314786682748263
43 2312 -3.314786682748263
43 2313 -3.314786682748263
43 2314 -3.314786682748263
43 2315 -3.314786682748263
43 2316 -3.314786682748263
43 2317 -3.314786682748263
43 2318 -3.314786682748263
43 2319 -3.314786682748263
43 2320 -3.314786682748263
43 2321 -3.314786682748263
43 2322 -3.314786682748263
43 2323 -3.314786682748263
43 2324 -3.314786682748263
43 2325 -3.314786682748263
43 2326 -3.314786682748263
43 2327 -3.314786682748263
43 2328 -3.314786682748263
43 2329 -3.314786682748263
43 2330 -3.314786682748263
43 2331 -3.314786682748263
43 2332 -3.314786682748263
43 2333 -3.314786682748263
43 2334 -3.314786682748263
43 2335 -3.314786682748263
43 2336 -3.314786682748263
43 2337 -3.314786682748263
43 2338 -3.314786682748263
43 2339 -3.314786682748263
43 2340 -3.314786682748263
43 2341 -3.314786682748263
43 2342 -3.314786682748263
43 2343 -3.314786682748263
43 2344 -3.314786682748263
43 2345 -3.314786682748263
43 2346 -3.314786682748263
43 2347 -3.314786682748263
43 2348 -3.314786682748263
43 2349 -3.314786682748263
43 2350 -3.314786682748263
43 2351 -3.314786682748263
43 2352 -3.314786682748263
43 2353 -3.314786682748263
43 2354 -3.314786682748263
43 2355 -3.314786682748263
43 2356 -3.314786682748263
43 2357 -3.314786682748263
43 2358 -3.314786682748263
43 2359 -3.314786682748263
43 2360 -3.3147912217146085
43 2361 -3.3147912217146085
43 2362 -3.3147912217146085
43 2363 -3.3147912217146085
43 2364 -3.3147912217146085
43 2365 -3.3147912217146085
43 2366 -3.3147912217146085
43 2367 -3.3147912217146085
44 2368 -3.3147912217146085
44 2369 -3.3147912217146085
44 2370 -3.3147912217146085
44 2371 -3.3147912217146085
44 2372 -3.3147912217146085
44 2373 -3.3147912217146085
44 2374 -3.3147912217146085
44 2375 -3.3147912217146085
44 2376 -3.3147912217146085
44 2377 -3.3147912217146085
44 2378 -3.3147912217146085
44 2379 -3.3147912217146085
44 2380 -3.3147912217146085
44 2381 -3.3147912217146085
44 2382 -3.3147912217146085
44 2383 -3.3147912217146085
44 2384 -3.3147912217146085
44 2385 -3.3147912217146085
44 2386 -3.3147912217146085
44 2387 -3.3147912217146085
44 2388 -3.3147912217146085
44 2389 -3.3147912217146085
44 2390 -3.3147912217146085
44 2391 -3.3147912217146085
44 2392 -3.3147912217146085
44 2393 -3.3147912217146085
44 2394 -3.3147912217146085
44 2395 -3.3147912217146085
44 2396 -3.3147912217146085
44 2397 -3.3147912217146085
44 2398 -3.3147912217146085
44 2399 -3.3147912217146085
44 2400 -3.3147912217146085
44 2401 -3.3147912217146085
44 2402 -3.3147912217146085
44 2403 -3.3147912217146085
44 2404 -3.3147912217146085
45 2405 -3.3147912217146085
45 2406 -3.3147912217146085
45 2407 -3.3147912217146085
45 2408 -3.3147912217146085
45 2409 -3.3147912217146085
45 2410 -3.3147912217146085
45 2411 -3.3147912217146085
45 2412 -3.3147912217146085
45 2413 -3.3147912217146085
45 2414 -3.3147912217146085
45 2415 -3.3147912217146085
45 2416 -3.3147912217146085
45 2417 -3.3147912217146085
45 2418 -3.3147912217146085
45 2419 -3.3147912217146085
45 2420 -3.3147912217146085
45 2421 -3.3147912217146085
45 2422 -3.3147912217146085
45 2423 -3.3147912217146085
45 2424 -3.3147912217146085
45 2425 -3.3147912217146085
45 2426 -3.3147912217146085
45 2427 -3.3147912217146085
45 2428 -3.3147912217146085
45 2429 -3.3147912217146085
45 2430 -3.3147912217146085
45 2431 -3.3147912217146085
45 2432 -3.3147912217146085
45 2433 -3.3147912217146085
45 2434 -3.3147912217146085
45 2435 -3.3147912217146085
45 2436 -3.3147912217146085
45 2437 -3.3147912217146085
45 2438 -3.3147912217146085
45 2439 -3.3147912217146085
45 2440 -3.3147912217146085
45 2441 -3.3147912217146085
45 2442 -3.3147912217146085
45 2443 -3.3147912217146085
45 2444 -3.3147912217146085
45 2445 -3.3147912217146085
45 2446 -3.3147912217146085
46 2447 -3.3147912217146085
46 2448 -3.3147912217146085
46 2449 -3.3147912217146085
46 2450 -3.3147912217146085
46 2451 -3.3147912217146085
46 2452 -3.3147912217146085
46 2453 -3.3147912217146085
46 2454 -3.3147912217146085
46 2455 -3.3147912217146085
46 2456 -3.3147912217146085
46 2457 -3.3147912217146085
46 2458 -3.3147912217146085
46 2459 -3.3147912217146085
46 2460 -3.3147912217146085
46 2461 -3.3147912217146085
46 2462 -3.3147912217146085
46 2463 -3.3147912217146085
46 2464 -3.3147912217146085
46 2465 -3.3147912217146085
46 2466 -3.3147912217146085
46 2467 -3.3147912217146085
46 2468 -3.3147912217146085
46 2469 -3.3147912217146085
46 2470 -3.3147912217146085
46 2471 -3.3147912217146085
46 2472 -3.3147912217146085
46 2473 -3.3147912217146085
46 2474 -3.3147912217146085
46 2475 -3.3147912217146085
46 2476 -3.3147912217146085
46 2477 -3.3147912217146085
46 2478 -3.3147912217146085
46 2479 -3.3147912217146085
46 2480 -3.3147912217146085
46 2481 -3.3147912217146085
46 2482 -3.3147912217146085
46 2483 -3.3147912217146085
46 2484 -3.3147912217146085
46 2485 -3.3147912217146085
46 2486 -3.3147912217146085
46 2487 -3.3147912217146085
46 2488 -3.3147912217146085
46 2489 -3.3147912217146085
46 2490 -3.3147912217146085
46 2491 -3.3147912217146085
46 2492 -3.3147912217146085
46 2493 -3.3147912217146085
46 2494 -3.3147912217146085
46 2495 -3.3147912217146085
47 2496 -3.3147912217146085
47 2497 -3.3147912217146085
47 2498 -3.3147912217146085
47 2499 -3.3147912217146085
47 2500 -3.3147912217146085
47 2501 -3.3147912217146085
47 2502 -3.3147912217146085
47 2503 -3.3147912217146085
47 2504 -3.3147912217146085
47 2505 -3.3147912217146085
47 2506 -3.3147912217146085
47 2507 -3.3147912217146085
47 2508 -3.3147912217146085
47 2509 -3.3147912217146085
47 2510 -3.3147912217146085
47 2511 -3.3147912217146085
47 2512 -3.3147912217146085
47 2513 -3.3147912217146085
47 2514 -3.3147912217146085
47 2515 -3.3147912217146085
47 2516 -3.3147912217146085
47 2517 -3.3147912217146085
47 2518 -3.3147912217146085
47 2519 -3.3147912217146085
47 2520 -3.3147912217146085
47 2521 -3.3147912217146085
47 2522 -3.3147912217146085
47 2523 -3.3147912217146085
47 2524 -3.3147912217146085
47 2525 -3.3147912217146085
47 2526 -3.3147912217146085
47 2527 -3.3147912217146085
47 2528 -3.3147912217146085
47 2529 -3.3147912217146085
47 2530 -3.3147912217146085
47 2531 -3.3147912217146085
47 2532 -3.3147912217146085
47 2533 -3.3147912217146085
47 2534 -3.3147912217146085
47 2535 -3.3147912217146085
47 2536 -3.3147912217146085
48 2537 -3.3147912217146085
48 2538 -3.3147912217146085
48 2539 -3.3147912217146085
48 2540 -3.3147912217146085
48 2541 -3.3147912217146085
48 2542 -3.3147912217146085
48 2543 -3.3147912217146085
48 2544 -3.3147912217146085
48 2545 -3.3147912217146085
48 2546 -3.3147912217146085
48 2547 -3.3147912217146085
48 2548 -3.3147912217146085
48 2549 -3.3147912217146085
48 2550 -3.3147912217146085
48 2551 -3.319804003099685
48 2552 -3.319804003099685
48 2553 -3.319804003099685
48 2554 -3.319804003099685
48 2555 -3.319804003099685
48 2556 -3.319804003099685
48 2557 -3.319804003099685
48 2558 -3.319804003099685
48 2559 -3.319804003099685
48 2560 -3.319804003099685
48 2561 -3.319804003099685
48 2562 -3.319804003099685
48 2563 -3.319804003099685
48 2564 -3.319804003099685
48 2565 -3.319804003099685
48 2566 -3.319804003099685
48 2567 -3.319804003099685
48 2568 -3.319804003099685
48 2569 -3.319804003099685
48 2570 -3.319804003099685
48 2571 -3.319804003099685
48 2572 -3.319804003099685
48 2573 -3.319804003099685
48 2574 -3.319804003099685
48 2575 -3.319804003099685
48 2576 -3.319804003099685
48 2577 -3.319804003099685
48 2578 -3.319804003099685
48 2579 -3.319804003099685
48 2580 -3.319804003099685
48 2581 -3.319804003099685
48 2582 -3.319804003099685
48 2583 -3.319804003099685
48 2584 -3.319804003099685
48 2585 -3.319804003099685
49 2586 -3.319804003099685
49 2587 -3.319804003099685
49 2588 -3.319804003099685
49 2589 -3.319804003099685
49 2590 -3.319804003099685
49 2591 -3.319804003099685
49 2592 -3.319804003099685
49 2593 -3.319804003099685
49 2594 -3.319804003099685
49 2595 -3.319804003099685
49 2596 -3.319804003099685
49 2597 -3.319804003099685
49 2598 -3.319804003099685
49 2599 -3.319804003099685
49 2600 -3.319804003099685
49 2601 -3.319804003099685
49 2602 -3.319804003099685
49 2603 -3.319804003099685
49 2604 -3.319804003099685
49 2605 -3.319804003099685
49 2606 -3.319804003099685
49 2607 -3.319804003099685
49 2608 -3.319804003099685
49 2609 -3.319804003099685
49 2610 -3.319804003099685
49 2611 -3.319804003099685
49 2612 -3.319804003099685
49 2613 -3.319804003099685
49 2614 -3.319804003099685
49 2615 -3.319804003099685
49 2616 -3.319804003099685
49 2617 -3.319804003099685
49 2618 -3.319804003099685
49 2619 -3.319804003099685
49 2620 -3.319804003099685
49 2621 -3.319804003099685
49 2622 -3.319804003099685
49 2623 -3.319804003099685
49 2624 -3.319804003099685
49 2625 -3.319804003099685
49 2626 -3.319804003099685
49 2627 -3.319804003099685
49 2628 -3.319804003099685
49 2629 -3.319804003099685
49 2630 -3.319804003099685
49 2631 -3.319804003099685
49 2632 -3.319804003099685
49 2633 -3.319804003099685
49 2634 -3.319804003099685
49 2635 -3.319804003099685
49 2636 -3.319804003099685
49 2637 -3.319804003099685
49 2638 -3.319804003099685
49 2639 -3.319804003099685
49 2640 -3.319804003099685
49 2641 -3.319804003099685
49 2642 -3.319804003099685
49 2643 -3.319804003099685
49 2644 -3.319804003099685
49 2645 -3.319804003099685
50 2646 -3.319804003099685
50 2647 -3.319804003099685
50 2648 -3.319804003099685
50 2649 -3.319804003099685
50 2650 -3.319804003099685
50 2651 -3.319804003099685
50 2652 -3.319804003099685
50 2653 -3.319804003099685
50 2654 -3.320435936078576
