0 1 -0.8870548779241614
0 2 -2.0277420235537598
0 3 -2.0277420235537598
0 4 -2.0277420235537598
0 5 -2.0701041066668555
0 6 -2.0767202032633585
0 7 -2.0767202032633585
0 8 -2.0767202032633585
0 9 -2.0767202032633585
0 10 -2.0767202032633585
1 11 -2.0767202032633585
1 12 -2.0767202032633585
1 13 -2.0767202032633585
1 14 -2.0767202032633585
1 15 -2.0767202032633585
1 16 -2.0767202032633585
1 17 -2.0767202032633585
1 18 -2.0767202032633585
1 19 -2.0767202032633585
1 20 -2.0767202032633585
1 21 -2.0767202032633585
1 22 -2.0767202032633585
1 23 -2.0767202032633585
1 24 -2.0767202032633585
1 25 -2.0767202032633585
1 26 -2.0767202032633585
1 27 -2.0767202032633585
1 28 -2.0767202032633585
1 29 -2.0767202032633585
1 30 -2.0767202032633585
1 31 -2.0767202032633585
1 32 -2.0767202032633585
1 33 -2.0767202032633585
1 34 -2.0767202032633585
1 35 -2.0767202032633585
1 36 -2.0767202032633585
1 37 -2.0767202032633585
1 38 -2.2763760834007587
1 39 -2.2763760834007587
1 40 -2.2763760834007587
1 41 -2.2763760834007587
1 42 -2.2763760834007587
1 43 -2.2763760834007587
1 44 -2.2763760834007587
1 45 -2.2763760834007587
1 46 -2.2763760834007587
1 47 -2.2763760834007587
1 48 -2.2763760834007587
1 49 -2.2763760834007587
1 50 -2.2763760834007587
1 51 -2.322674941525835
1 52 -2.322674941525835
1 53 -2.322674941525835
1 54 -2.322674941525835
1 55 -2.322674941525835
1 56 -2.322674941525835
1 57 -2.322674941525835
1 58 -2.322674941525835
1 59 -2.322674941525835
1 60 -2.4575849280494384
1 61 -2.4575849280494384
1 62 -2.4575849280494384
1 63 -2.4575849280494384
1 64 -2.4575849280494384
1 65 -2.4575849280494384
1 66 -2.4575849280494384
1 67 -2.4575849280494384
2 68 -2.4575849280494384
2 69 -2.4575849280494384
2 70 -2.4575849280494384
2 71 -2.4575849280494384
2 72 -2.4575849280494384
2 73 -2.4575849280494384
2 74 -2.4575849280494384
2 75 -2.4575849280494384
2 76 -2.4575849280494384
2 77 -2.4575849280494384
2 78 -2.480858755351914
2 79 -2.480858755351914
2 80 -2.480858755351914
2 81 -2.480858755351914
2 82 -2.480858755351914
2 83 -2.480858755351914
2 84 -2.480858755351914
2 85 -2.480858755351914
2 86 -2.480858755351914
2 87 -2.480858755351914
2 88 -2.480858755351914
2 89 -2.480858755351914
2 90 -2.480858755351914
2 91 -2.480858755351914
2 92 -2.480858755351914
2 93 -2.480858755351914
2 94 -2.480858755351914
2 95 -2.480858755351914
2 96 -2.480858755351914
2 97 -2.480858755351914
2 98 -2.480858755351914
2 99 -2.480858755351914
2 100 -2.480858755351914
2 101 -2.480858755351914
2 102 -2.480858755351914
2 103 -2.480858755351914
2 104 -2.480858755351914
2 105 -2.480858755351914
2 106 -2.480858755351914
2 107 -2.480858755351914
2 108 -2.480858755351914
2 109 -2.480858755351914
2 110 -2.480858755351914
2 111 -2.487614437096771
2 112 -2.487614437096771
2 113 -2.487614437096771
2 114 -2.487614437096771
2 115 -2.487614437096771
2 116 -2.487614437096771
3 117 -2.487614437096771
3 118 -2.487614437096771
3 119 -2.487614437096771
3 120 -2.487614437096771
3 121 -2.487614437096771
3 122 -2.487614437096771
3 123 -2.487614437096771
3 124 -2.487614437096771
3 125 -2.487614437096771
3 126 -2.487614437096771
3 127 -2.487614437096771
3 128 -2.487614437096771
3 129 -2.487614437096771
3 130 -2.487614437096771
3 131 -2.487614437096771
3 132 -2.487614437096771
3 133 -2.487614437096771
3 134 -2.487614437096771
3 135 -2.487614437096771
3 136 -2.487614437096771
3 137 -2.487614437096771
3 138 -2.5924181366140746
3 139 -2.5924181366140746
3 140 -2.5924181366140746
3 141 -2.5924181366140746
3 142 -2.5924181366140746
3 143 -2.5924181366140746
3 144 -2.6003431707342153
3 145 -2.6003431707342153
3 146 -2.6003431707342153
3 147 -2.6003431707342153
3 148 -2.6003431707342153
3 149 -2.6003431707342153
3 150 -2.6003431707342153
3 151 -2.6003431707342153
3 152 -2.6003431707342153
3 153 -2.6003431707342153
3 154 -2.6003431707342153
3 155 -2.6003431707342153
3 156 -2.6003431707342153
3 157 -2.6003431707342153
3 158 -2.6003431707342153
3 159 -2.6003431707342153
3 160 -2.6003431707342153
3 161 -2.6003431707342153
3 162 -2.6003431707342153
3 163 -2.6003431707342153
3 164 -2.6003431707342153
3 165 -2.6003431707342153
3 166 -2.6003431707342153
3 167 -2.6003431707342153
3 168 -2.6003431707342153
3 169 -2.6003431707342153
3 170 -2.6003431707342153
3 171 -2.6003431707342153
3 172 -2.6003431707342153
3 173 -2.6003431707342153
3 174 -2.6003431707342153
3 175 -2.6003431707342153
3 176 -2.6003431707342153
3 177 -2.6003431707342153
3 178 -2.6003431707342153
4 179 -2.6003431707342153
4 180 -2.6003431707342153
4 181 -2.6003431707342153
4 182 -2.6003431707342153
4 183 -2.6003431707342153
4 184 -2.6003431707342153
4 185 -2.6003431707342153
4 186 -2.6003431707342153
4 187 -2.6003431707342153
4 188 -2.6003431707342153
4 189 -2.6003431707342153
4 190 -2.6003431707342153
4 191 -2.6003431707342153
4 192 -2.9036701216167935
4 193 -2.9036701216167935
4 194 -2.9036701216167935
4 195 -2.9036701216167935
4 196 -2.9036701216167935
4 197 -2.9036701216167935
4 198 -2.9036701216167935
4 199 -2.9036701216167935
4 200 -2.9036701216167935
4 201 -2.9036701216167935
4 202 -2.9036701216167935
4 203 -2.9036701216167935
4 204 -2.9036701216167935
4 205 -2.9036701216167935
4 206 -2.9036701216167935
4 207 -2.9036701216167935
4 208 -2.9036701216167935
4 209 -2.9039185503993465
4 210 -2.9074302159724987
4 211 -2.9074302159724987
4 212 -3.007498153593621
4 213 -3.007498153593621
4 214 -3.007498153593621
4 215 -3.007498153593621
4 216 -3.007498153593621
4 217 -3.007498153593621
4 218 -3.007498153593621
4 219 -3.007498153593621
4 220 -3.007498153593621
4 221 -3.0146550662561657
4 222 -3.0146550662561657
4 223 -3.0146550662561657
4 224 -3.0146550662561657
4 225 -3.0146550662561657
4 226 -3.0146550662561657
4 227 -3.0146550662561657
4 228 -3.0146550662561657
4 229 -3.0146550662561657
4 230 -3.0146550662561657
4 231 -3.0146550662561657
4 232 -3.0146550662561657
4 233 -3.0146550662561657
4 234 -3.0146550662561657
4 235 -3.0146550662561657
4 236 -3.0146550662561657
4 237 -3.0146550662561657
4 238 -3.0146550662561657
5 239 -3.0146550662561657
5 240 -3.0146550662561657
5 241 -3.0146550662561657
5 242 -3.0146550662561657
5 243 -3.0146550662561657
5 244 -3.0146550662561657
5 245 -3.0146550662561657
5 246 -3.0146550662561657
5 247 -3.0146550662561657
5 248 -3.0146550662561657
5 249 -3.0146550662561657
5 250 -3.0146550662561657
5 251 -3.0146550662561657
5 252 -3.0146550662561657
5 253 -3.0146550662561657
5 254 -3.0146550662561657
5 255 -3.0146550662561657
5 256 -3.0146550662561657
5 257 -3.0146550662561657
5 258 -3.0146550662561657
5 259 -3.0146550662561657
5 260 -3.0146550662561657
5 261 -3.0146550662561657
5 262 -3.0146550662561657
5 263 -3.0146550662561657
5 264 -3.0146550662561657
5 265 -3.0146550662561657
5 266 -3.0146550662561657
5 267 -3.0146550662561657
5 268 -3.0146550662561657
5 269 -3.0146550662561657
5 270 -3.0146550662561657
5 271 -3.0146550662561657
5 272 -3.0146550662561657
5 273 -3.0146550662561657
5 274 -3.0146550662561657
5 275 -3.0146550662561657
5 276 -3.0146550662561657
5 277 -3.0146550662561657
5 278 -3.0146550662561657
5 279 -3.0146550662561657
5 280 -3.0146550662561657
5 281 -3.0146550662561657
5 282 -3.0146550662561657
5 283 -3.0146550662561657
5 284 -3.0146550662561657
5 285 -3.0146550662561657
5 286 -3.0146550662561657
5 287 -3.0146550662561657
5 288 -3.0146550662561657
5 289 -3.0146550662561657
5 290 -3.0146550662561657
5 291 -3.0146550662561657
5 292 -3.0146550662561657
5 293 -3.0146550662561657
5 294 -3.0146550662561657
5 295 -3.0146550662561657
5 296 -3.0146550662561657
5 297 -3.0146550662561657
5 298 -3.0146550662561657
5 299 -3.0146550662561657
5 300 -3.0146550662561657
5 301 -3.0146550662561657
6 302 -3.0146550662561657
6 303 -3.0146550662561657
6 304 -3.0146550662561657
6 305 -3.0146550662561657
6 306 -3.0146550662561657
6 307 -3.0146550662561657
6 308 -3.0146550662561657
6 309 -3.0146550662561657
6 310 -3.0146550662561657
6 311 -3.0146550662561657
6 312 -3.0146550662561657
6 313 -3.0146550662561657
6 314 -3.0146550662561657
6 315 -3.0146550662561657
6 316 -3.0146550662561657
6 317 -3.0146550662561657
6 318 -3.0146550662561657
6 319 -3.0146550662561657
6 320 -3.0146550662561657
6 321 -3.0146550662561657
6 322 -3.0146550662561657
6 323 -3.0146550662561657
6 324 -3.0146550662561657
6 325 -3.0146550662561657
6 326 -3.0146550662561657
6 327 -3.0146550662561657
6 328 -3.0146550662561657
6 329 -3.0146550662561657
6 330 -3.0146550662561657
6 331 -3.0146550662561657
6 332 -3.0152528659495648
6 333 -3.0152528659495648
6 334 -3.0152528659495648
6 335 -3.0152528659495648
6 336 -3.0152528659495648
6 337 -3.0152528659495648
6 338 -3.0152528659495648
6 339 -3.0152528659495648
6 340 -3.0152528659495648
6 341 -3.0152528659495648
6 342 -3.0152528659495648
6 343 -3.0152528659495648
6 344 -3.0152528659495648
6 345 -3.0152528659495648
6 346 -3.0152528659495648
6 347 -3.0152528659495648
6 348 -3.0152528659495648
6 349 -3.0152528659495648
6 350 -3.0152528659495648
6 351 -3.0152528659495648
6 352 -3.0152528659495648
6 353 -3.0152528659495648
6 354 -3.0152528659495648
6 355 -3.0152528659495648
6 356 -3.2426151170793016
6 357 -3.2426151170793016
6 358 -3.2426151170793016
6 359 -3.2426151170793016
6 360 -3.2426151170793016
6 361 -3.2426151170793016
6 362 -3.2426151170793016
6 363 -3.2426151170793016
6 364 -3.2426151170793016
6 365 -3.2426151170793016
7 366 -3.2426151170793016
7 367 -3.2426151170793016
7 368 -3.2426151170793016
7 369 -3.2426151170793016
7 370 -3.2426151170793016
7 371 -3.2426151170793016
7 372 -3.2426151170793016
7 373 -3.2426151170793016
7 374 -3.2426151170793016
7 375 -3.2426151170793016
7 376 -3.2426151170793016
7 377 -3.2426151170793016
7 378 -3.2426151170793016
7 379 -3.2426151170793016
7 380 -3.2426151170793016
7 381 -3.2426151170793016
7 382 -3.2426151170793016
7 383 -3.2426151170793016
7 384 -3.2426151170793016
7 385 -3.2426151170793016
7 386 -3.2426151170793016
7 387 -3.2426151170793016
7 388 -3.2426151170793016
7 389 -3.2426151170793016
7 390 -3.2426151170793016
7 391 -3.2426151170793016
7 392 -3.2426151170793016
7 393 -3.2426151170793016
7 394 -3.2426151170793016
7 395 -3.2426151170793016
7 396 -3.2426151170793016
7 397 -3.2426151170793016
7 398 -3.2426151170793016
7 399 -3.2426151170793016
7 400 -3.2426151170793016
7 401 -3.2426151170793016
7 402 -3.2426151170793016
7 403 -3.2426151170793016
7 404 -3.2426151170793016
7 405 -3.2426151170793016
7 406 -3.2426151170793016
7 407 -3.2426151170793016
7 408 -3.2426151170793016
7 409 -3.2426151170793016
7 410 -3.2426151170793016
7 411 -3.2426151170793016
7 412 -3.2426151170793016
7 413 -3.2426151170793016
7 414 -3.2426151170793016
7 415 -3.2426151170793016
7 416 -3.2426151170793016
7 417 -3.2426151170793016
7 418 -3.2426151170793016
7 419 -3.2426151170793016
7 420 -3.2426151170793016
7 421 -3.2426151170793016
7 422 -3.2426151170793016
7 423 -3.2426151170793016
7 424 -3.2426151170793016
7 425 -3.2426151170793016
7 426 -3.2426151170793016
7 427 -3.2426151170793016
7 428 -3.2426151170793016
7 429 -3.2426151170793016
7 430 -3.2426151170793016
8 431 -3.2426151170793016
8 432 -3.2426151170793016
8 433 -3.2426151170793016
8 434 -3.2426151170793016
8 435 -3.2426151170793016
8 436 -3.2426151170793016
8 437 -3.2426151170793016
8 438 -3.2426151170793016
8 439 -3.2426151170793016
8 440 -3.2426151170793016
8 441 -3.2426151170793016
8 442 -3.2426151170793016
8 443 -3.2426151170793016
8 444 -3.2426151170793016
8 445 -3.2426151170793016
8 446 -3.2426151170793016
8 447 -3.2426151170793016
8 448 -3.2426151170793016
8 449 -3.2426151170793016
8 450 -3.2426151170793016
8 451 -3.2426151170793016
8 452 -3.2426151170793016
8 453 -3.2426151170793016
8 454 -3.2426151170793016
8 455 -3.2430338890641597
8 456 -3.2430338890641597
8 457 -3.2430338890641597
8 458 -3.2430338890641597
8 459 -3.2430338890641597
8 460 -3.2430338890641597
8 461 -3.2430338890641597
8 462 -3.2430338890641597
8 463 -3.2430338890641597
8 464 -3.2430338890641597
8 465 -3.2430338890641597
8 466 -3.2430338890641597
8 467 -3.2430338890641597
8 468 -3.2430338890641597
8 469 -3.2430338890641597
8 470 -3.2430338890641597
8 471 -3.2430338890641597
8 472 -3.2430338890641597
8 473 -3.2430338890641597
8 474 -3.2430338890641597
8 475 -3.2430338890641597
8 476 -3.2430338890641597
8 477 -3.2430338890641597
8 478 -3.2430338890641597
8 479 -3.2430338890641597
8 480 -3.2430338890641597
8 481 -3.2430338890641597
8 482 -3.2430338890641597
8 483 -3.2430338890641597
8 484 -3.2430338890641597
8 485 -3.2430338890641597
8 486 -3.2430338890641597
8 487 -3.2430338890641597
8 488 -3.2430338890641597
8 489 -3.2430338890641597
8 490 -3.2444019460954587
9 491 -3.2444019460954587
9 492 -3.2444019460954587
9 493 -3.2444019460954587
9 494 -3.2444019460954587
9 495 -3.2444019460954587
9 496 -3.2458114241628597
9 497 -3.2458114241628597
9 498 -3.2458114241628597
9 499 -3.2458114241628597
9 500 -3.2458114241628597
9 501 -3.2458114241628597
9 502 -3.2458114241628597
9 503 -3.2458114241628597
9 504 -3.2458114241628597
9 505 -3.2458114241628597
9 506 -3.2458114241628597
9 507 -3.2458114241628597
9 508 -3.2458114241628597
9 509 -3.2458114241628597
9 510 -3.2458114241628597
9 511 -3.2458114241628597
9 512 -3.2458114241628597
9 513 -3.2458114241628597
9 514 -3.2458114241628597
9 515 -3.2458114241628597
9 516 -3.2458114241628597
9 517 -3.2458114241628597
9 518 -3.2458114241628597
9 519 -3.2458114241628597
9 520 -3.2458114241628597
9 521 -3.2458114241628597
9 522 -3.2458114241628597
9 523 -3.2458114241628597
9 524 -3.2458114241628597
9 525 -3.2458114241628597
9 526 -3.2458114241628597
9 527 -3.2458114241628597
9 528 -3.2458114241628597
9 529 -3.2458114241628597
9 530 -3.2458114241628597
9 531 -3.2458114241628597
9 532 -3.2458114241628597
9 533 -3.2458114241628597
9 534 -3.2458114241628597
9 535 -3.2458114241628597
9 536 -3.2458114241628597
9 537 -3.2458114241628597
9 538 -3.2458114241628597
9 539 -3.2458114241628597
10 540 -3.2458114241628597
10 541 -3.247236604827732
10 542 -3.247236604827732
10 543 -3.247236604827732
10 544 -3.247236604827732
10 545 -3.247236604827732
10 546 -3.247236604827732
10 547 -3.247236604827732
10 548 -3.247236604827732
10 549 -3.247236604827732
10 550 -3.247236604827732
10 551 -3.247236604827732
10 552 -3.247236604827732
10 553 -3.247236604827732
10 554 -3.247236604827732
10 555 -3.247236604827732
10 556 -3.247236604827732
10 557 -3.247236604827732
10 558 -3.247236604827732
10 559 -3.247236604827732
10 560 -3.247236604827732
10 561 -3.247236604827732
10 562 -3.247236604827732
10 563 -3.247236604827732
10 564 -3.247236604827732
10 565 -3.247236604827732
10 566 -3.247236604827732
10 567 -3.247236604827732
10 568 -3.247236604827732
10 569 -3.247236604827732
10 570 -3.247236604827732
10 571 -3.247236604827732
10 572 -3.247236604827732
10 573 -3.247236604827732
10 574 -3.247236604827732
10 575 -3.247236604827732
10 576 -3.247236604827732
10 577 -3.247236604827732
10 578 -3.247236604827732
10 579 -3.247236604827732
10 580 -3.247236604827732
10 581 -3.247236604827732
10 582 -3.247236604827732
10 583 -3.247236604827732
10 584 -3.247236604827732
10 585 -3.247236604827732
10 586 -3.247236604827732
10 587 -3.247236604827732
10 588 -3.247236604827732
10 589 -3.247236604827732
10 590 -3.247236604827732
10 591 -3.247236604827732
10 592 -3.247236604827732
10 593 -3.247236604827732
10 594 -3.247236604827732
11 595 -3.247236604827732
11 596 -3.247236604827732
11 597 -3.247236604827732
11 598 -3.247236604827732
11 599 -3.247236604827732
11 600 -3.247236604827732
11 601 -3.247236604827732
11 602 -3.247236604827732
11 603 -3.247236604827732
11 604 -3.247236604827732
11 605 -3.247236604827732
11 606 -3.247236604827732
11 607 -3.247236604827732
11 608 -3.247236604827732
11 609 -3.247236604827732
11 610 -3.247236604827732
11 611 -3.247236604827732
11 612 -3.247236604827732
11 613 -3.247236604827732
11 614 -3.247236604827732
11 615 -3.247236604827732
11 616 -3.247236604827732
11 617 -3.247236604827732
11 618 -3.247236604827732
11 619 -3.247236604827732
11 620 -3.247236604827732
11 621 -3.247236604827732
11 622 -3.247236604827732
11 623 -3.247236604827732
11 624 -3.247236604827732
11 625 -3.247236604827732
11 626 -3.247236604827732
11 627 -3.247236604827732
11 628 -3.247236604827732
11 629 -3.247236604827732
11 630 -3.247236604827732
11 631 -3.247236604827732
11 632 -3.247236604827732
11 633 -3.247236604827732
11 634 -3.247236604827732
11 635 -3.247236604827732
11 636 -3.247236604827732
11 637 -3.247236604827732
11 638 -3.247236604827732
11 639 -3.247236604827732
11 640 -3.247236604827732
11 641 -3.247236604827732
11 642 -3.247236604827732
11 643 -3.247236604827732
11 644 -3.247236604827732
11 645 -3.247236604827732
11 646 -3.247236604827732
11 647 -3.247236604827732
11 648 -3.247236604827732
11 649 -3.247236604827732
11 650 -3.247236604827732
11 651 -3.247236604827732
12 652 -3.247236604827732
12 653 -3.247236604827732
12 654 -3.247236604827732
12 655 -3.247236604827732
12 656 -3.247236604827732
12 657 -3.247236604827732
12 658 -3.247236604827732
12 659 -3.247236604827732
12 660 -3.247236604827732
12 661 -3.247236604827732
12 662 -3.247236604827732
12 663 -3.247236604827732
12 664 -3.247236604827732
12 665 -3.247236604827732
12 666 -3.247236604827732
12 667 -3.247236604827732
12 668 -3.247236604827732
12 669 -3.247236604827732
12 670 -3.247236604827732
12 671 -3.247236604827732
12 672 -3.247236604827732
12 673 -3.247236604827732
12 674 -3.247236604827732
12 675 -3.247236604827732
12 676 -3.247236604827732
12 677 -3.249207501452453
12 678 -3.249207501452453
12 679 -3.249207501452453
12 680 -3.249207501452453
12 681 -3.249207501452453
12 682 -3.249207501452453
12 683 -3.249207501452453
12 684 -3.249207501452453
12 685 -3.249207501452453
12 686 -3.249207501452453
12 687 -3.249207501452453
12 688 -3.249207501452453
12 689 -3.249207501452453
12 690 -3.249207501452453
12 691 -3.249207501452453
12 692 -3.249207501452453
12 693 -3.249207501452453
12 694 -3.249207501452453
12 695 -3.249207501452453
12 696 -3.249207501452453
12 697 -3.249207501452453
12 698 -3.249207501452453
12 699 -3.249207501452453
12 700 -3.249207501452453
12 701 -3.249207501452453
12 702 -3.249207501452453
12 703 -3.249207501452453
12 704 -3.249207501452453
12 705 -3.249207501452453
12 706 -3.249207501452453
12 707 -3.249207501452453
12 708 -3.249207501452453
12 709 -3.249207501452453
12 710 -3.249207501452453
12 711 -3.249207501452453
12 712 -3.249207501452453
12 713 -3.249207501452453
13 714 -3.249207501452453
13 715 -3.249207501452453
13 716 -3.249207501452453
13 717 -3.249207501452453
13 718 -3.249207501452453
13 719 -3.249207501452453
13 720 -3.249207501452453
13 721 -3.249207501452453
13 722 -3.250424942077552
13 723 -3.250424942077552
13 724 -3.250424942077552
13 725 -3.2518326392462256
13 726 -3.2518326392462256
13 727 -3.2518326392462256
13 728 -3.2518326392462256
13 729 -3.2518326392462256
13 730 -3.2518326392462256
13 731 -3.2518326392462256
13 732 -3.2518326392462256
13 733 -3.2518326392462256
13 734 -3.2518326392462256
13 735 -3.2518326392462256
13 736 -3.2518326392462256
13 737 -3.2518326392462256
13 738 -3.2518326392462256
13 739 -3.2518326392462256
13 740 -3.2518326392462256
13 741 -3.2518326392462256
13 742 -3.2518326392462256
13 743 -3.2518326392462256
13 744 -3.2518326392462256
13 745 -3.2518326392462256
13 746 -3.2518326392462256
13 747 -3.2518326392462256
13 748 -3.2518326392462256
13 749 -3.2518326392462256
13 750 -3.2518326392462256
13 751 -3.2518326392462256
13 752 -3.2518326392462256
13 753 -3.2518326392462256
13 754 -3.2518326392462256
14 755 -3.2518326392462256
14 756 -3.2518326392462256
14 757 -3.2518326392462256
14 758 -3.2518326392462256
14 759 -3.2518326392462256
14 760 -3.2518326392462256
14 761 -3.2518326392462256
14 762 -3.2518326392462256
14 763 -3.2518326392462256
14 764 -3.2518326392462256
14 765 -3.2518326392462256
14 766 -3.2518326392462256
14 767 -3.2518326392462256
14 768 -3.2518326392462256
14 769 -3.2518326392462256
14 770 -3.2518326392462256
14 771 -3.2518326392462256
14 772 -3.2518326392462256
14 773 -3.2518326392462256
14 774 -3.2518326392462256
14 775 -3.2518326392462256
14 776 -3.2518326392462256
14 777 -3.2518326392462256
14 778 -3.2518326392462256
14 779 -3.2518326392462256
14 780 -3.2518326392462256
14 781 -3.2518326392462256
14 782 -3.2518326392462256
14 783 -3.2518326392462256
14 784 -3.2518326392462256
14 785 -3.2518326392462256
14 786 -3.2518326392462256
14 787 -3.2518326392462256
14 788 -3.2518326392462256
14 789 -3.2518326392462256
14 790 -3.2518326392462256
14 791 -3.2518326392462256
14 792 -3.2518326392462256
14 793 -3.2518326392462256
14 794 -3.2518326392462256
14 795 -3.2518326392462256
14 796 -3.2518326392462256
14 797 -3.2518326392462256
14 798 -3.2518326392462256
14 799 -3.2518326392462256
14 800 -3.2518326392462256
14 801 -3.2518326392462256
14 802 -3.2518326392462256
14 803 -3.2518326392462256
14 804 -3.2518326392462256
14 805 -3.2518326392462256
14 806 -3.2518326392462256
14 807 -3.2518326392462256
14 808 -3.2518326392462256
14 809 -3.2518326392462256
14 810 -3.2518326392462256
14 811 -3.2518326392462256
14 812 -3.2518326392462256
14 813 -3.2518326392462256
14 814 -3.2518326392462256
14 815 -3.2518326392462256
14 816 -3.2518326392462256
14 817 -3.2518326392462256
14 818 -3.2518326392462256
14 819 -3.2518326392462256
14 820 -3.2518326392462256
14 821 -3.2518326392462256
15 822 -3.2518326392462256
15 823 -3.2518326392462256
15 824 -3.2518326392462256
15 825 -3.2518326392462256
15 826 -3.2518326392462256
15 827 -3.2518326392462256
15 828 -3.2518326392462256
15 829 -3.2518326392462256
15 830 -3.2518326392462256
15 831 -3.2518326392462256
15 832 -3.2518326392462256
15 833 -3.2518326392462256
15 834 -3.2518326392462256
15 835 -3.2518326392462256
15 836 -3.2518326392462256
15 837 -3.2518326392462256
15 838 -3.2518326392462256
15 839 -3.2518326392462256
15 840 -3.2518326392462256
15 841 -3.2518326392462256
15 842 -3.2518326392462256
15 843 -3.2518326392462256
15 844 -3.2518326392462256
15 845 -3.2518326392462256
15 846 -3.2518326392462256
15 847 -3.2518326392462256
15 848 -3.2518326392462256
15 849 -3.2518326392462256
15 850 -3.2518326392462256
15 851 -3.2518326392462256
15 852 -3.2518326392462256
15 853 -3.2518326392462256
15 854 -3.2518326392462256
15 855 -3.2518326392462256
15 856 -3.2518326392462256
15 857 -3.2518326392462256
15 858 -3.2518326392462256
15 859 -3.2518326392462256
15 860 -3.2518326392462256
15 861 -3.2518326392462256
15 862 -3.2518326392462256
15 863 -3.2518326392462256
15 864 -3.2518326392462256
15 865 -3.2518326392462256
15 866 -3.2518326392462256
15 867 -3.2518326392462256
15 868 -3.2518326392462256
15 869 -3.2518326392462256
15 870 -3.2518326392462256
15 871 -3.2543835091842714
15 872 -3.2543835091842714
15 873 -3.2543835091842714
15 874 -3.2543835091842714
15 875 -3.2543835091842714
16 876 -3.2543835091842714
16 877 -3.2543835091842714
16 878 -3.2543835091842714
16 879 -3.2543835091842714
16 880 -3.2543835091842714
16 881 -3.2543835091842714
16 882 -3.2543835091842714
16 883 -3.2543835091842714
16 884 -3.2543835091842714
16 885 -3.2543835091842714
16 886 -3.2543835091842714
16 887 -3.2543835091842714
16 888 -3.2543835091842714
16 889 -3.2543835091842714
16 890 -3.2543835091842714
16 891 -3.2543835091842714
16 892 -3.2543835091842714
16 893 -3.2543835091842714
16 894 -3.2543835091842714
16 895 -3.2543835091842714
16 896 -3.2543835091842714
16 897 -3.2543835091842714
16 898 -3.2543835091842714
16 899 -3.2543835091842714
16 900 -3.2543835091842714
16 901 -3.2543835091842714
16 902 -3.2543835091842714
16 903 -3.2543835091842714
16 904 -3.2543835091842714
16 905 -3.2543835091842714
16 906 -3.2543835091842714
16 907 -3.2543835091842714
16 908 -3.2543835091842714
16 909 -3.2543835091842714
16 910 -3.2543835091842714
16 911 -3.2543835091842714
16 912 -3.2543835091842714
16 913 -3.2543835091842714
16 914 -3.2543835091842714
16 915 -3.2543835091842714
16 916 -3.2543835091842714
16 917 -3.2543835091842714
16 918 -3.2543835091842714
16 919 -3.2543835091842714
16 920 -3.2543835091842714
16 921 -3.2543835091842714
16 922 -3.2543835091842714
16 923 -3.2543835091842714
16 924 -3.2543835091842714
16 925 -3.2543835091842714
16 926 -3.2543835091842714
16 927 -3.2543835091842714
16 928 -3.2543835091842714
16 929 -3.2543835091842714
16 930 -3.2543835091842714
16 931 -3.2543835091842714
16 932 -3.2543835091842714
16 933 -3.2543835091842714
16 934 -3.2543835091842714
17 935 -3.2543835091842714
17 936 -3.2543835091842714
17 937 -3.2543835091842714
17 938 -3.2543835091842714
17 939 -3.2543835091842714
17 940 -3.2543835091842714
17 941 -3.2543835091842714
17 942 -3.2543835091842714
17 943 -3.2543835091842714
17 944 -3.2543835091842714
17 945 -3.2543835091842714
17 946 -3.2543835091842714
17 947 -3.2543835091842714
17 948 -3.2543835091842714
17 949 -3.2543835091842714
17 950 -3.2543835091842714
17 951 -3.2543835091842714
17 952 -3.2543835091842714
17 953 -3.2543835091842714
17 954 -3.2543835091842714
17 955 -3.2543835091842714
17 956 -3.2543835091842714
17 957 -3.2543835091842714
17 958 -3.2543835091842714
17 959 -3.2543835091842714
17 960 -3.2543835091842714
17 961 -3.2543835091842714
17 962 -3.2543835091842714
17 963 -3.2543835091842714
17 964 -3.2543835091842714
17 965 -3.2543835091842714
17 966 -3.2543835091842714
17 967 -3.2543835091842714
17 968 -3.2543835091842714
17 969 -3.2543835091842714
17 970 -3.2543835091842714
17 971 -3.2543835091842714
17 972 -3.2543835091842714
17 973 -3.2543835091842714
17 974 -3.2543835091842714
17 975 -3.2543835091842714
17 976 -3.2543835091842714
17 977 -3.2543835091842714
17 978 -3.2547720295282736
17 979 -3.2547720295282736
17 980 -3.2547720295282736
17 981 -3.2547720295282736
17 982 -3.2547720295282736
17 983 -3.2547720295282736
17 984 -3.2547720295282736
17 985 -3.2547720295282736
17 986 -3.2547720295282736
17 987 -3.2547720295282736
17 988 -3.2547720295282736
17 989 -3.2547720295282736
17 990 -3.2547720295282736
17 991 -3.2547720295282736
17 992 -3.2547720295282736
17 993 -3.2547720295282736
17 994 -3.2547720295282736
18 995 -3.2547720295282736
18 996 -3.2547720295282736
18 997 -3.2547720295282736
18 998 -3.2547720295282736
18 999 -3.2547720295282736
18 1000 -3.2547720295282736
18 1001 -3.2547720295282736
18 1002 -3.2547720295282736
18 1003 -3.2547720295282736
18 1004 -3.2547720295282736
18 1005 -3.2547720295282736
18 1006 -3.2547720295282736
18 1007 -3.2547720295282736
18 1008 -3.2547720295282736
18 1009 -3.2547720295282736
18 1010 -3.2547720295282736
18 1011 -3.2547720295282736
18 1012 -3.2547720295282736
18 1013 -3.254820814420395
18 1014 -3.254820814420395
18 1015 -3.254820814420395
18 1016 -3.254820814420395
18 1017 -3.254820814420395
18 1018 -3.254820814420395
18 1019 -3.254820814420395
18 1020 -3.254820814420395
18 1021 -3.254820814420395
18 1022 -3.254820814420395
18 1023 -3.254820814420395
18 1024 -3.254820814420395
18 1025 -3.254820814420395
18 1026 -3.254820814420395
18 1027 -3.254820814420395
18 1028 -3.254820814420395
18 1029 -3.254820814420395
18 1030 -3.254820814420395
18 1031 -3.254820814420395
18 1032 -3.254820814420395
18 1033 -3.254820814420395
18 1034 -3.254820814420395
18 1035 -3.254820814420395
18 1036 -3.254820814420395
18 1037 -3.254820814420395
18 1038 -3.254820814420395
18 1039 -3.254820814420395
18 1040 -3.254820814420395
18 1041 -3.254820814420395
18 1042 -3.254820814420395
18 1043 -3.254820814420395
18 1044 -3.254820814420395
18 1045 -3.254820814420395
18 1046 -3.254820814420395
18 1047 -3.254820814420395
18 1048 -3.254820814420395
18 1049 -3.254820814420395
18 1050 -3.254820814420395
18 1051 -3.254820814420395
18 1052 -3.254820814420395
18 1053 -3.254820814420395
18 1054 -3.254820814420395
18 1055 -3.254820814420395
18 1056 -3.254820814420395
19 1057 -3.254820814420395
19 1058 -3.254820814420395
19 1059 -3.254820814420395
19 1060 -3.254820814420395
19 1061 -3.254820814420395
19 1062 -3.254820814420395
19 1063 -3.254820814420395
19 1064 -3.254820814420395
19 1065 -3.254820814420395
19 1066 -3.254820814420395
19 1067 -3.254820814420395
19 1068 -3.254820814420395
19 1069 -3.254820814420395
19 1070 -3.254820814420395
19 1071 -3.254820814420395
19 1072 -3.254820814420395
19 1073 -3.254820814420395
19 1074 -3.254820814420395
19 1075 -3.254820814420395
19 1076 -3.254820814420395
19 1077 -3.254820814420395
19 1078 -3.254820814420395
19 1079 -3.254820814420395
19 1080 -3.254820814420395
19 1081 -3.254820814420395
19 1082 -3.254820814420395
19 1083 -3.254820814420395
19 1084 -3.254820814420395
19 1085 -3.254820814420395
19 1086 -3.254820814420395
19 1087 -3.254820814420395
19 1088 -3.254820814420395
19 1089 -3.254820814420395
19 1090 -3.254820814420395
19 1091 -3.254820814420395
19 1092 -3.254820814420395
19 1093 -3.254820814420395
19 1094 -3.254820814420395
19 1095 -3.254820814420395
19 1096 -3.254820814420395
19 1097 -3.254820814420395
19 1098 -3.254820814420395
19 1099 -3.254820814420395
19 1100 -3.254820814420395
19 1101 -3.255428409037651
19 1102 -3.255428409037651
19 1103 -3.255428409037651
19 1104 -3.255428409037651
19 1105 -3.255428409037651
19 1106 -3.255428409037651
19 1107 -3.255428409037651
19 1108 -3.255428409037651
19 1109 -3.255428409037651
19 1110 -3.255428409037651
20 1111 -3.255428409037651
20 1112 -3.255428409037651
20 1113 -3.255428409037651
20 1114 -3.255428409037651
20 1115 -3.255428409037651
20 1116 -3.255428409037651
20 1117 -3.255428409037651
20 1118 -3.255428409037651
20 1119 -3.255428409037651
20 1120 -3.255428409037651
20 1121 -3.255428409037651
20 1122 -3.255428409037651
20 1123 -3.255428409037651
20 1124 -3.255428409037651
20 1125 -3.255428409037651
20 1126 -3.255428409037651
20 1127 -3.255428409037651
20 1128 -3.255428409037651
20 1129 -3.255428409037651
20 1130 -3.255428409037651
20 1131 -3.255428409037651
20 1132 -3.255428409037651
20 1133 -3.255428409037651
20 1134 -3.255428409037651
20 1135 -3.255428409037651
20 1136 -3.255428409037651
20 1137 -3.255428409037651
20 1138 -3.255428409037651
20 1139 -3.255428409037651
20 1140 -3.255428409037651
20 1141 -3.255428409037651
20 1142 -3.255428409037651
20 1143 -3.255428409037651
20 1144 -3.255428409037651
20 1145 -3.255428409037651
20 1146 -3.255428409037651
20 1147 -3.255428409037651
20 1148 -3.255428409037651
20 1149 -3.255428409037651
20 1150 -3.255428409037651
20 1151 -3.255428409037651
20 1152 -3.255428409037651
20 1153 -3.255428409037651
20 1154 -3.255428409037651
20 1155 -3.255428409037651
20 1156 -3.255428409037651
20 1157 -3.255428409037651
20 1158 -3.255428409037651
20 1159 -3.255428409037651
20 1160 -3.255428409037651
20 1161 -3.255428409037651
20 1162 -3.255428409037651
20 1163 -3.255428409037651
20 1164 -3.255428409037651
20 1165 -3.255428409037651
20 1166 -3.255428409037651
20 1167 -3.255428409037651
20 1168 -3.255428409037651
20 1169 -3.255428409037651
20 1170 -3.255428409037651
20 1171 -3.255428409037651
20 1172 -3.255428409037651
20 1173 -3.255428409037651
21 1174 -3.255428409037651
21 1175 -3.255428409037651
21 1176 -3.255428409037651
21 1177 -3.255428409037651
21 1178 -3.255428409037651
21 1179 -3.255428409037651
21 1180 -3.255428409037651
21 1181 -3.255428409037651
21 1182 -3.255428409037651
21 1183 -3.255428409037651
21 1184 -3.255428409037651
21 1185 -3.255428409037651
21 1186 -3.255428409037651
21 1187 -3.255428409037651
21 1188 -3.255428409037651
21 1189 -3.255428409037651
21 1190 -3.255428409037651
21 1191 -3.255428409037651
21 1192 -3.255428409037651
21 1193 -3.255428409037651
21 1194 -3.255428409037651
21 1195 -3.255428409037651
21 1196 -3.255428409037651
21 1197 -3.255428409037651
21 1198 -3.255428409037651
21 1199 -3.255428409037651
21 1200 -3.255428409037651
21 1201 -3.255428409037651
21 1202 -3.255428409037651
21 1203 -3.255428409037651
21 1204 -3.255428409037651
21 1205 -3.255428409037651
21 1206 -3.255428409037651
21 1207 -3.255428409037651
21 1208 -3.255428409037651
21 1209 -3.255428409037651
21 1210 -3.255428409037651
21 1211 -3.255428409037651
21 1212 -3.255428409037651
21 1213 -3.255428409037651
21 1214 -3.255428409037651
21 1215 -3.255428409037651
21 1216 -3.255428409037651
21 1217 -3.255428409037651
21 1218 -3.255428409037651
21 1219 -3.261845883183297
21 1220 -3.261845883183297
21 1221 -3.261845883183297
21 1222 -3.261845883183297
21 1223 -3.261845883183297
21 1224 -3.261845883183297
21 1225 -3.261845883183297
21 1226 -3.261845883183297
21 1227 -3.261845883183297
21 1228 -3.261845883183297
21 1229 -3.261845883183297
21 1230 -3.261845883183297
21 1231 -3.261845883183297
21 1232 -3.261845883183297
21 1233 -3.261845883183297
21 1234 -3.261845883183297
22 1235 -3.261845883183297
22 1236 -3.261845883183297
22 1237 -3.261845883183297
22 1238 -3.261845883183297
22 1239 -3.261845883183297
22 1240 -3.261845883183297
22 1241 -3.261845883183297
22 1242 -3.261845883183297
22 1243 -3.261845883183297
22 1244 -3.261845883183297
22 1245 -3.261845883183297
22 1246 -3.261845883183297
22 1247 -3.261845883183297
22 1248 -3.261845883183297
22 1249 -3.261845883183297
22 1250 -3.261845883183297
22 1251 -3.261845883183297
22 1252 -3.261845883183297
22 1253 -3.261845883183297
22 1254 -3.261845883183297
22 1255 -3.261845883183297
22 1256 -3.261845883183297
22 1257 -3.261845883183297
22 1258 -3.261845883183297
22 1259 -3.261845883183297
22 1260 -3.3100291780545317
22 1261 -3.3100291780545317
22 1262 -3.3100291780545317
22 1263 -3.3100291780545317
22 1264 -3.3100291780545317
22 1265 -3.3100291780545317
22 1266 -3.3100291780545317
22 1267 -3.3100291780545317
22 1268 -3.3100291780545317
22 1269 -3.3100291780545317
22 1270 -3.3100291780545317
22 1271 -3.3100291780545317
22 1272 -3.3100291780545317
22 1273 -3.3100291780545317
22 1274 -3.3100291780545317
22 1275 -3.3100291780545317
22 1276 -3.3100291780545317
22 1277 -3.3100291780545317
22 1278 -3.3100291780545317
22 1279 -3.3100291780545317
22 1280 -3.3100291780545317
22 1281 -3.3100291780545317
22 1282 -3.3100291780545317
22 1283 -3.3100291780545317
22 1284 -3.3100291780545317
22 1285 -3.3100291780545317
22 1286 -3.3100291780545317
22 1287 -3.3100291780545317
22 1288 -3.3100291780545317
22 1289 -3.3100291780545317
22 1290 -3.3100291780545317
22 1291 -3.3100291780545317
22 1292 -3.3100291780545317
22 1293 -3.3100291780545317
22 1294 -3.3100291780545317
22 1295 -3.3100291780545317
22 1296 -3.3100291780545317
22 1297 -3.3100291780545317
22 1298 -3.3100291780545317
22 1299 -3.3100291780545317
23 1300 -3.3100291780545317
23 1301 -3.3100291780545317
23 1302 -3.3100291780545317
23 1303 -3.3100291780545317
23 1304 -3.3100291780545317
23 1305 -3.3100291780545317
23 1306 -3.3100291780545317
23 1307 -3.3100291780545317
23 1308 -3.3100291780545317
23 1309 -3.3100291780545317
23 1310 -3.3100291780545317
23 1311 -3.3100291780545317
23 1312 -3.3100291780545317
23 1313 -3.3100291780545317
23 1314 -3.3100291780545317
23 1315 -3.3100291780545317
23 1316 -3.3100291780545317
23 1317 -3.3100291780545317
23 1318 -3.3100291780545317
23 1319 -3.3100291780545317
23 1320 -3.3100291780545317
23 1321 -3.3100291780545317
23 1322 -3.3100291780545317
23 1323 -3.3100291780545317
23 1324 -3.3100291780545317
23 1325 -3.3100291780545317
23 1326 -3.3100291780545317
23 1327 -3.3100291780545317
23 1328 -3.3100291780545317
23 1329 -3.3100291780545317
23 1330 -3.3100291780545317
23 1331 -3.3100291780545317
23 1332 -3.3100291780545317
23 1333 -3.3100291780545317
23 1334 -3.3100291780545317
23 1335 -3.3100291780545317
23 1336 -3.3100291780545317
23 1337 -3.3100291780545317
23 1338 -3.3100291780545317
23 1339 -3.3100291780545317
23 1340 -3.3100291780545317
23 1341 -3.3100291780545317
23 1342 -3.3100291780545317
23 1343 -3.3100291780545317
23 1344 -3.3100291780545317
23 1345 -3.3100291780545317
23 1346 -3.3100291780545317
23 1347 -3.3100291780545317
23 1348 -3.3100291780545317
23 1349 -3.3100291780545317
23 1350 -3.3100291780545317
23 1351 -3.3100291780545317
23 1352 -3.3100291780545317
23 1353 -3.3100291780545317
23 1354 -3.3100291780545317
23 1355 -3.3100291780545317
23 1356 -3.3100291780545317
23 1357 -3.3100291780545317
23 1358 -3.3100291780545317
23 1359 -3.3100291780545317
23 1360 -3.3100291780545317
23 1361 -3.3100291780545317
23 1362 -3.3100291780545317
23 1363 -3.3100291780545317
23 1364 -3.3100291780545317
23 1365 -3.3100291780545317
23 1366 -3.3100291780545317
23 1367 -3.3100291780545317
24 1368 -3.3100291780545317
24 1369 -3.3100291780545317
24 1370 -3.3100291780545317
24 1371 -3.3100291780545317
24 1372 -3.3100291780545317
24 1373 -3.3100291780545317
24 1374 -3.3100291780545317
24 1375 -3.3100291780545317
24 1376 -3.3100291780545317
24 1377 -3.3100291780545317
24 1378 -3.3100291780545317
24 1379 -3.3100291780545317
24 1380 -3.3100291780545317
24 1381 -3.3100291780545317
24 1382 -3.3100291780545317
24 1383 -3.3100291780545317
24 1384 -3.3100291780545317
24 1385 -3.3100291780545317
24 1386 -3.3100291780545317
24 1387 -3.3100291780545317
24 1388 -3.3100291780545317
24 1389 -3.3100291780545317
24 1390 -3.3100291780545317
24 1391 -3.3100291780545317
24 1392 -3.3100291780545317
24 1393 -3.3100291780545317
24 1394 -3.3100291780545317
24 1395 -3.3100291780545317
24 1396 -3.3100291780545317
24 1397 -3.3100291780545317
24 1398 -3.3100291780545317
24 1399 -3.3100291780545317
24 1400 -3.3100291780545317
24 1401 -3.3100291780545317
24 1402 -3.3100291780545317
24 1403 -3.3100291780545317
24 1404 -3.3100291780545317
24 1405 -3.3100291780545317
24 1406 -3.3100291780545317
24 1407 -3.3100291780545317
24 1408 -3.3100291780545317
24 1409 -3.3100291780545317
24 1410 -3.3100291780545317
24 1411 -3.3100291780545317
24 1412 -3.3100291780545317
24 1413 -3.3100291780545317
24 1414 -3.3100291780545317
24 1415 -3.3100291780545317
24 1416 -3.3100291780545317
24 1417 -3.3100291780545317
24 1418 -3.3100291780545317
24 1419 -3.3100291780545317
24 1420 -3.3100291780545317
24 1421 -3.3100291780545317
25 1422 -3.3100291780545317
25 1423 -3.3100291780545317
25 1424 -3.3100291780545317
25 1425 -3.3100291780545317
25 1426 -3.3100291780545317
25 1427 -3.3100291780545317
25 1428 -3.312180010806389
25 1429 -3.312180010806389
25 1430 -3.312180010806389
25 1431 -3.312180010806389
25 1432 -3.312180010806389
25 1433 -3.312180010806389
25 1434 -3.312180010806389
25 1435 -3.312180010806389
25 1436 -3.312180010806389
25 1437 -3.312180010806389
25 1438 -3.312180010806389
25 1439 -3.312180010806389
25 1440 -3.312180010806389
25 1441 -3.312180010806389
25 1442 -3.312180010806389
25 1443 -3.312180010806389
25 1444 -3.312180010806389
25 1445 -3.312180010806389
25 1446 -3.312180010806389
25 1447 -3.312180010806389
25 1448 -3.312180010806389
25 1449 -3.312180010806389
25 1450 -3.312180010806389
25 1451 -3.312180010806389
25 1452 -3.312180010806389
25 1453 -3.312180010806389
25 1454 -3.312180010806389
25 1455 -3.312180010806389
25 1456 -3.312180010806389
25 1457 -3.312180010806389
25 1458 -3.312180010806389
25 1459 -3.312180010806389
25 1460 -3.312180010806389
25 1461 -3.312180010806389
25 1462 -3.312180010806389
25 1463 -3.312180010806389
25 1464 -3.312180010806389
25 1465 -3.312180010806389
25 1466 -3.312180010806389
25 1467 -3.312180010806389
25 1468 -3.312180010806389
25 1469 -3.312180010806389
25 1470 -3.312180010806389
25 1471 -3.312180010806389
25 1472 -3.312180010806389
25 1473 -3.312180010806389
25 1474 -3.312180010806389
25 1475 -3.312180010806389
25 1476 -3.312180010806389
25 1477 -3.312180010806389
25 1478 -3.312180010806389
25 1479 -3.312180010806389
25 1480 -3.312180010806389
26 1481 -3.312180010806389
26 1482 -3.312180010806389
26 1483 -3.312180010806389
26 1484 -3.312180010806389
26 1485 -3.312180010806389
26 1486 -3.312180010806389
26 1487 -3.312180010806389
26 1488 -3.312180010806389
26 1489 -3.312180010806389
26 1490 -3.312180010806389
26 1491 -3.312180010806389
26 1492 -3.312180010806389
26 1493 -3.312180010806389
26 1494 -3.312180010806389
26 1495 -3.312180010806389
26 1496 -3.312180010806389
26 1497 -3.312180010806389
26 1498 -3.312180010806389
26 1499 -3.312180010806389
26 1500 -3.312180010806389
26 1501 -3.312180010806389
26 1502 -3.312180010806389
26 1503 -3.312180010806389
26 1504 -3.3122467735133676
26 1505 -3.3122467735133676
26 1506 -3.3122467735133676
26 1507 -3.3122467735133676
26 1508 -3.3122467735133676
26 1509 -3.3122467735133676
26 1510 -3.3122467735133676
26 1511 -3.3122467735133676
26 1512 -3.3122467735133676
26 1513 -3.3122467735133676
26 1514 -3.3122467735133676
26 1515 -3.3122467735133676
26 1516 -3.3122467735133676
26 1517 -3.3122467735133676
26 1518 -3.3122467735133676
26 1519 -3.3122467735133676
26 1520 -3.3122467735133676
26 1521 -3.3122467735133676
26 1522 -3.3122467735133676
26 1523 -3.3122467735133676
26 1524 -3.3122467735133676
26 1525 -3.3122467735133676
26 1526 -3.3122467735133676
26 1527 -3.3122467735133676
26 1528 -3.3122467735133676
26 1529 -3.3122467735133676
26 1530 -3.3122467735133676
26 1531 -3.3122467735133676
26 1532 -3.3122467735133676
26 1533 -3.3122467735133676
26 1534 -3.3122467735133676
26 1535 -3.3122467735133676
26 1536 -3.3122467735133676
26 1537 -3.3122467735133676
26 1538 -3.3122467735133676
26 1539 -3.3122467735133676
26 1540 -3.3122467735133676
26 1541 -3.3122467735133676
26 1542 -3.3122467735133676
26 1543 -3.3122467735133676
26 1544 -3.3122467735133676
26 1545 -3.3122467735133676
26 1546 -3.3122467735133676
26 1547 -3.3122467735133676
26 1548 -3.3122467735133676
26 1549 -3.3122467735133676
27 1550 -3.3122467735133676
27 1551 -3.3122467735133676
27 1552 -3.3122467735133676
27 1553 -3.3122467735133676
27 1554 -3.3122467735133676
27 1555 -3.3122467735133676
27 1556 -3.3122467735133676
27 1557 -3.3122467735133676
27 1558 -3.3122467735133676
27 1559 -3.3122467735133676
27 1560 -3.3122467735133676
27 1561 -3.3122467735133676
27 1562 -3.3122467735133676
27 1563 -3.3122467735133676
27 1564 -3.3122467735133676
27 1565 -3.3122467735133676
27 1566 -3.3122467735133676
27 1567 -3.3122467735133676
27 1568 -3.3122467735133676
27 1569 -3.3122467735133676
27 1570 -3.3122467735133676
27 1571 -3.3122467735133676
27 1572 -3.3122467735133676
27 1573 -3.3122467735133676
27 1574 -3.3122467735133676
27 1575 -3.3122467735133676
27 1576 -3.3122467735133676
27 1577 -3.3122467735133676
27 1578 -3.3122467735133676
27 1579 -3.3122467735133676
27 1580 -3.3122467735133676
27 1581 -3.3122467735133676
27 1582 -3.3122467735133676
27 1583 -3.3122467735133676
27 1584 -3.3122467735133676
27 1585 -3.3122467735133676
27 1586 -3.3122467735133676
27 1587 -3.3122467735133676
27 1588 -3.3122467735133676
27 1589 -3.3122467735133676
27 1590 -3.3122467735133676
27 1591 -3.3122467735133676
27 1592 -3.3122467735133676
27 1593 -3.3122467735133676
27 1594 -3.3122467735133676
27 1595 -3.3122467735133676
27 1596 -3.3122467735133676
27 1597 -3.3122467735133676
27 1598 -3.3122467735133676
27 1599 -3.3122467735133676
27 1600 -3.3122467735133676
27 1601 -3.3122467735133676
28 1602 -3.3122467735133676
28 1603 -3.3122467735133676
28 1604 -3.3122467735133676
28 1605 -3.3122467735133676
28 1606 -3.3122467735133676
28 1607 -3.3122467735133676
28 1608 -3.3122467735133676
28 1609 -3.3122467735133676
28 1610 -3.3122467735133676
28 1611 -3.3122467735133676
28 1612 -3.3122467735133676
28 1613 -3.3122467735133676
28 1614 -3.3122467735133676
28 1615 -3.3122467735133676
28 1616 -3.3122467735133676
28 1617 -3.3122467735133676
28 1618 -3.3122467735133676
28 1619 -3.3122467735133676
28 1620 -3.3122467735133676
28 1621 -3.3122467735133676
28 1622 -3.3122467735133676
28 1623 -3.3122467735133676
28 1624 -3.3122467735133676
28 1625 -3.3122467735133676
28 1626 -3.3122467735133676
28 1627 -3.3122467735133676
28 1628 -3.3122467735133676
28 1629 -3.3122467735133676
28 1630 -3.3122467735133676
28 1631 -3.3122467735133676
28 1632 -3.3122467735133676
28 1633 -3.3122467735133676
28 1634 -3.3122467735133676
28 1635 -3.318493128673405
28 1636 -3.318493128673405
28 1637 -3.318493128673405
28 1638 -3.318493128673405
28 1639 -3.318493128673405
28 1640 -3.318493128673405
28 1641 -3.318493128673405
28 1642 -3.318493128673405
28 1643 -3.318493128673405
28 1644 -3.318493128673405
28 1645 -3.318493128673405
28 1646 -3.318493128673405
28 1647 -3.318493128673405
28 1648 -3.318493128673405
28 1649 -3.318493128673405
28 1650 -3.318493128673405
28 1651 -3.318493128673405
28 1652 -3.318493128673405
28 1653 -3.318493128673405
28 1654 -3.318493128673405
28 1655 -3.318493128673405
28 1656 -3.318493128673405
29 1657 -3.318493128673405
29 1658 -3.318493128673405
29 1659 -3.318493128673405
29 1660 -3.318493128673405
29 1661 -3.318493128673405
29 1662 -3.318493128673405
29 1663 -3.318493128673405
29 1664 -3.318493128673405
29 1665 -3.318493128673405
29 1666 -3.318493128673405
29 1667 -3.318493128673405
29 1668 -3.318493128673405
29 1669 -3.318493128673405
29 1670 -3.318493128673405
29 1671 -3.318493128673405
29 1672 -3.318493128673405
29 1673 -3.318493128673405
29 1674 -3.318493128673405
29 1675 -3.318493128673405
29 1676 -3.318493128673405
29 1677 -3.318493128673405
29 1678 -3.318493128673405
29 1679 -3.318493128673405
29 1680 -3.318493128673405
29 1681 -3.318493128673405
29 1682 -3.320206943718524
