0 1 49.5
0 2 49.4
0 3 44.1
0 4 44.1
1 5 44.1
1 6 44.1
1 7 44.1
1 8 44.1
1 9 44.1
1 10 44.1
1 11 43.2
1 12 43.2
1 13 43.2
1 14 43.2
1 15 43.2
1 16 43.2
1 17 42.1
1 18 41.7
1 19 41.7
1 20 41.7
1 21 41.7
1 22 41.7
1 23 41.6
1 24 41.6
1 25 41.6
1 26 41.1
1 27 40.9
1 28 40.9
1 29 40.9
1 30 40.9
1 31 40.9
1 32 40.9
1 33 40.9
1 34 40.1
1 35 40.1
1 36 40.1
1 37 39.7
1 38 39.7
1 39 39.7
1 40 39.5
1 41 39.5
1 42 39.3
1 43 39.3
1 44 39.3
1 45 39.3
1 46 39.3
1 47 39.3
1 48 39.3
1 49 39.3
1 50 39.2
1 51 39.2
1 52 39.2
1 53 39.1
1 54 39.1
1 55 39.1
1 56 39.1
1 57 39.0
1 58 38.5
1 59 38.5
1 60 38.5
1 61 38.5
1 62 38.5
1 63 38.5
1 64 38.0
1 65 38.0
1 66 38.0
1 67 38.0
1 68 36.4
1 69 36.4
1 70 36.4
1 71 36.4
1 72 36.4
1 73 36.0
2 74 36.0
2 75 36.0
2 76 33.2
2 77 33.2
2 78 32.0
2 79 32.0
2 80 32.0
2 81 32.0
2 82 31.0
2 83 31.0
2 84 31.0
2 85 29.6
2 86 29.6
2 87 29.4
2 88 29.4
2 89 29.4
2 90 29.4
2 91 29.4
2 92 29.4
2 93 29.4
2 94 29.2
2 95 29.2
2 96 29.2
2 97 28.8
2 98 28.8
2 99 28.8
2 100 28.8
2 101 28.8
2 102 28.8
2 103 28.8
2 104 28.8
2 105 28.8
2 106 28.8
2 107 28.8
2 108 28.8
2 109 28.8
2 110 28.8
2 111 28.8
2 112 28.8
2 113 28.8
2 114 28.8
2 115 28.8
2 116 28.8
2 117 28.8
2 118 28.8
2 119 28.8
2 120 28.8
2 121 28.8
2 122 28.8
2 123 28.8
2 124 28.8
2 125 28.8
2 126 28.8
2 127 28.8
2 128 28.8
2 129 28.8
2 130 28.8
2 131 28.8
2 132 28.8
2 133 28.8
2 134 28.8
2 135 28.8
2 136 28.8
2 137 28.8
2 138 28.8
2 139 28.8
2 140 28.8
2 141 28.8
2 142 28.8
3 143 28.8
3 144 28.8
3 145 28.8
3 146 28.8
3 147 28.8
3 148 28.8
3 149 28.8
3 150 28.8
3 151 28.8
3 152 28.8
3 153 28.8
3 154 28.8
3 155 28.8
3 156 28.8
3 157 28.8
3 158 28.8
3 159 28.8
3 160 28.8
3 161 28.8
3 162 28.8
3 163 28.8
3 164 28.8
3 165 28.8
3 166 28.8
3 167 28.8
3 168 28.8
3 169 28.8
3 170 28.8
3 171 28.8
3 172 28.8
3 173 28.8
3 174 28.1
3 175 28.1
3 176 27.8
3 177 27.8
3 178 27.8
3 179 27.6
3 180 27.6
3 181 27.6
3 182 27.6
3 183 27.2
3 184 27.2
3 185 27.2
3 186 27.2
3 187 26.2
3 188 26.2
3 189 26.2
3 190 26.2
3 191 26.2
3 192 26.2
3 193 26.2
3 194 26.0
3 195 26.0
3 196 26.0
3 197 26.0
3 198 25.8
3 199 25.8
3 200 25.8
3 201 25.8
3 202 25.8
3 203 25.8
3 204 25.8
3 205 25.8
3 206 25.8
3 207 25.8
3 208 25.8
3 209 25.8
3 210 25.8
3 211 25.8
3 212 25.8
3 213 25.8
3 214 25.8
3 215 25.8
3 216 25.6
3 217 25.6
4 218 25.6
4 219 25.6
4 220 25.6
4 221 25.6
4 222 25.6
4 223 25.6
4 224 25.6
4 225 25.6
4 226 25.6
4 227 25.6
4 228 25.6
4 229 25.6
4 230 25.6
4 231 25.6
4 232 25.6
4 233 25.6
4 234 25.6
4 235 25.6
4 236 25.6
4 237 25.6
4 238 25.6
4 239 25.6
4 240 25.6
4 241 25.6
4 242 25.6
4 243 25.6
4 244 25.6
4 245 25.6
4 246 25.6
4 247 25.6
4 248 25.6
4 249 25.6
4 250 25.6
4 251 25.6
4 252 25.6
4 253 25.6
4 254 25.6
4 255 25.6
4 256 25.6
4 257 25.6
4 258 25.6
4 259 25.6
4 260 25.6
4 261 25.6
4 262 25.6
4 263 25.6
4 264 25.6
4 265 25.6
4 266 25.6
4 267 25.6
4 268 25.6
4 269 25.6
4 270 25.6
4 271 25.6
4 272 25.6
4 273 25.6
4 274 25.6
4 275 25.6
4 276 25.6
4 277 25.6
4 278 25.6
4 279 25.6
5 280 25.6
5 281 25.6
5 282 25.6
5 283 25.6
5 284 25.6
5 285 25.6
5 286 25.6
5 287 25.6
5 288 25.6
5 289 25.6
5 290 25.6
5 291 25.6
5 292 25.6
5 293 25.6
5 294 25.6
5 295 25.6
5 296 25.6
5 297 25.6
5 298 25.6
5 299 25.6
5 300 25.6
5 301 25.6
5 302 25.6
5 303 25.6
5 304 25.6
5 305 25.6
5 306 25.6
5 307 25.6
5 308 25.6
5 309 25.6
5 310 25.6
5 311 25.6
5 312 25.6
5 313 25.6
5 314 25.6
5 315 25.6
5 316 25.6
5 317 25.6
5 318 25.6
5 319 25.6
5 320 25.6
5 321 25.6
5 322 25.6
5 323 25.6
5 324 25.6
5 325 25.6
5 326 25.6
5 327 25.6
5 328 25.6
5 329 25.6
5 330 25.6
5 331 25.6
5 332 25.6
5 333 25.6
5 334 25.6
5 335 25.6
5 336 25.6
5 337 25.6
5 338 25.6
5 339 25.6
5 340 25.6
5 341 25.6
5 342 25.6
5 343 25.6
5 344 25.6
5 345 25.6
5 346 25.6
5 347 25.6
5 348 25.6
5 349 25.6
5 350 25.6
5 351 25.6
5 352 25.6
5 353 25.6
6 354 25.6
6 355 25.6
6 356 25.6
6 357 25.6
6 358 25.6
6 359 25.6
6 360 25.6
6 361 25.6
6 362 25.6
6 363 25.6
6 364 25.6
6 365 25.6
6 366 25.6
6 367 25.6
6 368 25.6
6 369 25.6
6 370 25.6
6 371 25.6
6 372 25.6
6 373 25.6
6 374 25.6
6 375 25.6
6 376 25.6
6 377 25.6
6 378 25.6
6 379 25.6
6 380 25.6
6 381 25.6
6 382 25.6
6 383 25.6
6 384 25.6
6 385 25.6
6 386 25.6
6 387 25.6
6 388 25.6
6 389 25.6
6 390 25.6
6 391 25.6
6 392 25.6
6 393 25.6
6 394 25.6
6 395 25.6
6 396 25.6
6 397 25.6
6 398 25.6
6 399 25.6
6 400 25.6
6 401 25.6
6 402 25.6
6 403 25.6
6 404 25.6
6 405 25.6
6 406 25.6
6 407 25.6
6 408 25.6
6 409 25.6
6 410 25.6
6 411 25.6
6 412 25.6
6 413 25.6
6 414 25.6
6 415 25.6
6 416 25.6
6 417 25.6
6 418 25.6
6 419 25.6
6 420 25.6
6 421 25.6
6 422 25.6
6 423 25.6
6 424 25.6
6 425 25.6
6 426 25.6
6 427 25.6
6 428 25.6
6 429 25.6
6 430 25.6
6 431 25.6
6 432 25.6
6 433 25.6
6 434 25.6
7 435 25.6
7 436 25.6
7 437 25.6
7 438 25.6
7 439 25.6
7 440 25.6
7 441 25.6
7 442 25.6
7 443 25.6
7 444 25.6
7 445 25.6
7 446 25.6
7 447 25.6
7 448 25.6
7 449 25.6
7 450 25.6
7 451 25.6
7 452 25.6
7 453 25.6
7 454 25.6
7 455 25.6
7 456 25.6
7 457 25.6
7 458 25.6
7 459 25.6
7 460 25.6
7 461 25.6
7 462 25.6
7 463 25.6
7 464 25.6
7 465 25.6
7 466 25.6
7 467 25.6
7 468 25.6
7 469 25.6
7 470 25.6
7 471 25.6
7 472 25.6
7 473 25.6
7 474 25.6
7 475 25.6
7 476 25.6
7 477 25.6
7 478 25.6
7 479 25.6
7 480 25.6
7 481 25.6
7 482 25.6
7 483 25.6
7 484 25.6
7 485 25.6
7 486 25.6
7 487 25.6
7 488 25.6
7 489 25.6
7 490 25.6
7 491 25.6
7 492 25.6
7 493 25.6
7 494 25.6
7 495 25.6
7 496 25.6
7 497 25.6
7 498 25.6
7 499 25.6
7 500 25.6
7 501 25.6
7 502 25.6
7 503 25.6
7 504 25.6
7 505 25.6
7 506 25.6
7 507 25.6
7 508 25.6
7 509 25.6
7 510 25.6
7 511 25.6
7 512 25.6
7 513 25.6
7 514 25.6
7 515 25.6
7 516 25.6
7 517 25.6
7 518 25.6
8 519 25.6
8 520 25.6
8 521 25.6
8 522 25.6
8 523 25.6
8 524 25.6
8 525 25.6
8 526 25.6
8 527 25.6
8 528 25.6
8 529 25.6
8 530 25.6
8 531 25.6
8 532 25.6
8 533 25.6
8 534 25.6
8 535 25.6
8 536 25.6
8 537 25.6
8 538 25.6
8 539 25.6
8 540 25.6
8 541 25.6
8 542 25.6
8 543 25.6
8 544 25.6
8 545 25.6
8 546 25.6
8 547 25.6
8 548 25.6
8 549 25.6
8 550 25.6
8 551 25.6
8 552 25.6
8 553 25.6
8 554 25.6
8 555 25.6
8 556 25.6
8 557 25.6
8 558 25.6
8 559 25.6
8 560 25.6
8 561 25.6
8 562 25.6
8 563 25.6
8 564 25.6
8 565 25.6
8 566 25.6
8 567 25.6
8 568 25.6
8 569 25.6
8 570 25.6
8 571 25.6
8 572 25.6
8 573 25.6
8 574 25.6
8 575 25.6
8 576 25.6
8 577 25.6
8 578 25.6
8 579 25.6
8 580 25.6
8 581 25.6
8 582 25.6
8 583 25.6
8 584 25.6
8 585 25.6
8 586 25.6
8 587 25.6
8 588 25.6
8 589 25.6
8 590 25.6
8 591 25.6
8 592 25.6
8 593 25.6
8 594 25.6
8 595 25.6
8 596 25.6
8 597 25.6
8 598 25.6
8 599 25.6
8 600 25.6
8 601 25.6
9 602 25.6
9 603 25.6
9 604 25.6
9 605 25.6
9 606 25.6
9 607 25.6
9 608 25.6
9 609 25.6
9 610 25.6
9 611 25.6
9 612 25.6
9 613 25.6
9 614 25.6
9 615 25.6
9 616 25.6
9 617 25.6
9 618 25.6
9 619 25.6
9 620 25.6
9 621 25.6
9 622 25.6
9 623 25.6
9 624 25.6
9 625 25.6
9 626 25.6
9 627 25.6
9 628 25.6
9 629 25.6
9 630 25.6
9 631 25.6
9 632 25.6
9 633 25.6
9 634 25.6
9 635 25.6
9 636 25.6
9 637 25.6
9 638 25.6
9 639 25.6
9 640 25.6
9 641 25.6
9 642 25.6
9 643 25.6
9 644 25.6
9 645 25.6
9 646 25.6
9 647 25.6
9 648 25.6
9 649 25.6
9 650 25.6
9 651 25.6
9 652 25.6
9 653 25.6
9 654 25.6
9 655 25.6
9 656 25.6
9 657 25.6
9 658 25.6
9 659 25.6
9 660 25.6
9 661 25.6
9 662 25.6
9 663 25.6
9 664 25.6
9 665 25.6
9 666 25.6
9 667 25.6
9 668 25.6
9 669 25.6
9 670 25.6
9 671 25.6
9 672 25.6
9 673 25.6
9 674 25.6
9 675 25.6
9 676 25.6
9 677 25.6
9 678 25.6
9 679 25.6
9 680 25.6
9 681 25.6
9 682 25.6
9 683 25.6
9 684 25.6
9 685 25.6
10 686 25.6
10 687 25.6
10 688 25.6
10 689 25.6
10 690 25.6
10 691 25.6
10 692 25.6
10 693 25.6
10 694 25.6
10 695 25.6
10 696 25.6
10 697 25.6
10 698 25.6
10 699 25.6
10 700 25.6
10 701 25.6
10 702 25.6
10 703 25.6
10 704 25.6
10 705 25.6
10 706 25.6
10 707 25.6
10 708 25.6
10 709 25.6
10 710 25.6
10 711 25.6
10 712 25.6
10 713 25.6
10 714 25.6
10 715 25.6
10 716 25.6
10 717 25.6
10 718 25.6
10 719 25.6
10 720 25.6
10 721 25.6
10 722 25.6
10 723 25.6
10 724 25.6
10 725 25.6
10 726 25.6
10 727 25.6
10 728 25.6
10 729 25.6
10 730 25.6
10 731 25.6
10 732 25.6
10 733 25.6
10 734 25.6
10 735 25.6
10 736 25.6
10 737 25.6
10 738 25.6
10 739 25.6
10 740 25.6
10 741 25.6
10 742 25.6
10 743 25.6
10 744 25.6
10 745 25.6
10 746 25.6
10 747 25.6
10 748 25.6
10 749 25.6
10 750 25.6
10 751 25.6
10 752 25.6
10 753 25.6
10 754 25.6
10 755 25.6
10 756 25.6
10 757 25.6
11 758 25.6
11 759 25.6
11 760 25.6
11 761 25.6
11 762 25.6
11 763 25.6
11 764 25.6
11 765 25.6
11 766 25.6
11 767 25.6
11 768 25.6
11 769 25.6
11 770 25.6
11 771 25.6
11 772 25.6
11 773 25.6
11 774 25.6
11 775 25.6
11 776 25.6
11 777 25.6
11 778 25.6
11 779 25.6
11 780 25.6
11 781 25.6
11 782 25.6
11 783 25.6
11 784 25.6
11 785 25.6
11 786 25.6
11 787 25.6
11 788 25.6
11 789 25.6
11 790 25.6
11 791 25.6
11 792 25.6
11 793 25.6
11 794 25.6
11 795 25.6
11 796 25.6
11 797 25.6
11 798 25.6
11 799 25.6
11 800 25.6
11 801 25.6
11 802 25.6
11 803 25.6
11 804 25.6
11 805 25.6
11 806 25.6
11 807 25.6
11 808 25.6
11 809 25.6
11 810 25.6
11 811 25.6
11 812 25.6
11 813 25.6
11 814 25.6
11 815 25.6
11 816 25.6
11 817 25.6
11 818 25.6
11 819 25.6
11 820 25.6
11 821 25.6
11 822 25.6
11 823 25.6
11 824 25.6
11 825 25.6
11 826 25.6
11 827 25.6
11 828 25.6
11 829 25.6
11 830 25.6
11 831 25.6
11 832 25.6
11 833 25.6
11 834 25.6
11 835 25.6
11 836 25.6
11 837 25.6
11 838 25.6
12 839 25.6
12 840 25.6
12 841 25.6
12 842 25.6
12 843 25.6
12 844 25.6
12 845 25.6
12 846 25.6
12 847 25.6
12 848 25.6
12 849 25.6
12 850 25.6
12 851 25.6
12 852 25.6
12 853 25.6
12 854 25.6
12 855 25.6
12 856 25.6
12 857 25.6
12 858 25.6
12 859 25.6
12 860 25.6
12 861 25.6
12 862 25.6
12 863 25.6
12 864 25.6
12 865 25.6
12 866 25.6
12 867 25.6
12 868 25.6
12 869 25.6
12 870 25.6
12 871 25.6
12 872 25.6
12 873 25.6
12 874 25.6
12 875 25.6
12 876 25.6
12 877 25.6
12 878 25.6
12 879 25.6
12 880 25.6
12 881 25.6
12 882 25.6
12 883 25.6
12 884 25.6
12 885 25.6
12 886 25.6
12 887 25.6
12 888 25.6
12 889 25.6
12 890 25.6
12 891 25.6
12 892 25.6
12 893 25.6
12 894 25.6
12 895 25.6
12 896 25.6
12 897 25.6
12 898 25.6
12 899 25.6
12 900 25.6
12 901 25.6
12 902 25.6
12 903 25.6
12 904 25.6
12 905 25.6
12 906 25.6
12 907 25.6
12 908 25.6
12 909 25.6
12 910 25.6
12 911 25.6
12 912 25.6
12 913 25.6
12 914 25.6
12 915 25.6
12 916 25.6
12 917 25.6
13 918 25.6
13 919 25.6
13 920 25.6
13 921 25.6
13 922 25.6
13 923 25.6
13 924 25.6
13 925 25.6
13 926 25.6
13 927 25.6
13 928 25.6
13 929 25.6
13 930 25.6
13 931 25.6
13 932 25.6
13 933 25.6
13 934 25.6
13 935 25.6
13 936 25.6
13 937 25.6
13 938 25.6
13 939 25.6
13 940 25.6
13 941 25.6
13 942 25.6
13 943 25.6
13 944 25.6
13 945 25.6
13 946 25.6
13 947 25.6
13 948 25.6
13 949 25.6
13 950 25.6
13 951 25.6
13 952 25.6
13 953 25.6
13 954 25.6
13 955 25.6
13 956 25.6
13 957 25.6
13 958 25.6
13 959 25.6
13 960 25.6
13 961 25.6
13 962 25.6
13 963 25.6
13 964 25.6
13 965 25.6
13 966 25.6
13 967 25.6
13 968 25.6
13 969 25.6
13 970 25.6
13 971 25.6
13 972 25.6
13 973 25.6
13 974 25.6
13 975 25.6
13 976 25.6
13 977 25.6
13 978 25.6
13 979 25.6
13 980 25.6
13 981 25.6
13 982 25.6
13 983 25.6
13 984 25.6
13 985 25.6
13 986 25.6
13 987 25.6
13 988 25.6
13 989 25.6
13 990 25.6
13 991 25.6
13 992 25.6
13 993 25.6
13 994 25.6
13 995 25.6
13 996 25.6
13 997 25.6
13 998 25.6
13 999 25.6
14 1000 25.6
14 1001 25.6
14 1002 25.6
14 1003 25.6
14 1004 25.6
14 1005 25.6
14 1006 25.6
14 1007 25.6
14 1008 25.6
14 1009 25.6
14 1010 25.6
14 1011 25.6
14 1012 25.6
14 1013 25.6
14 1014 25.6
14 1015 25.6
14 1016 25.6
14 1017 25.6
14 1018 25.6
14 1019 25.6
14 1020 25.6
14 1021 25.6
14 1022 25.6
14 1023 25.6
14 1024 25.6
14 1025 25.6
14 1026 25.6
14 1027 25.6
14 1028 25.6
14 1029 25.6
14 1030 25.6
14 1031 25.6
14 1032 25.6
14 1033 25.6
14 1034 25.6
14 1035 25.6
14 1036 25.6
14 1037 25.6
14 1038 25.6
14 1039 25.6
14 1040 25.6
14 1041 25.6
14 1042 25.6
14 1043 25.6
14 1044 25.6
14 1045 25.6
14 1046 25.6
14 1047 25.6
14 1048 25.6
14 1049 25.6
14 1050 25.6
14 1051 25.6
14 1052 25.6
14 1053 25.6
14 1054 25.6
14 1055 25.6
14 1056 25.6
14 1057 25.6
14 1058 25.6
14 1059 25.6
14 1060 25.6
14 1061 25.6
14 1062 25.6
14 1063 25.6
14 1064 25.6
14 1065 25.6
14 1066 25.6
14 1067 25.6
14 1068 25.6
14 1069 25.6
14 1070 25.6
14 1071 25.6
14 1072 25.6
14 1073 25.6
14 1074 25.6
14 1075 25.6
15 1076 25.6
15 1077 25.6
15 1078 25.6
15 1079 25.6
15 1080 25.6
15 1081 25.6
15 1082 25.6
15 1083 25.6
15 1084 25.6
15 1085 25.6
15 1086 25.6
15 1087 25.6
15 1088 25.6
15 1089 25.6
15 1090 25.6
15 1091 25.6
15 1092 25.6
15 1093 25.6
15 1094 25.6
15 1095 25.6
15 1096 25.6
15 1097 25.6
15 1098 25.6
15 1099 25.6
15 1100 25.6
15 1101 25.6
15 1102 25.6
15 1103 25.6
15 1104 25.6
15 1105 25.6
15 1106 25.6
15 1107 25.6
15 1108 25.6
15 1109 25.6
15 1110 25.6
15 1111 25.6
15 1112 25.6
15 1113 25.6
15 1114 25.6
15 1115 25.6
15 1116 25.6
15 1117 25.6
15 1118 25.6
15 1119 25.6
15 1120 25.6
15 1121 25.6
15 1122 25.6
15 1123 25.6
15 1124 25.6
15 1125 25.6
15 1126 25.6
15 1127 25.6
15 1128 25.6
15 1129 25.6
15 1130 25.6
15 1131 25.6
15 1132 25.6
15 1133 25.6
15 1134 25.6
15 1135 25.6
15 1136 25.6
15 1137 25.6
15 1138 25.6
15 1139 25.6
15 1140 25.6
15 1141 25.6
15 1142 25.6
15 1143 25.6
15 1144 25.6
15 1145 25.6
15 1146 25.6
15 1147 25.6
15 1148 25.6
15 1149 25.6
15 1150 25.6
15 1151 25.6
15 1152 25.6
15 1153 25.6
15 1154 25.6
16 1155 25.6
16 1156 25.6
16 1157 25.6
16 1158 25.6
16 1159 25.6
16 1160 25.6
16 1161 25.6
16 1162 25.6
16 1163 25.6
16 1164 25.6
16 1165 25.6
16 1166 25.6
16 1167 25.6
16 1168 25.6
16 1169 25.6
16 1170 25.6
16 1171 25.6
16 1172 25.6
16 1173 25.6
16 1174 25.6
16 1175 25.6
16 1176 25.6
16 1177 25.6
16 1178 25.6
16 1179 25.6
16 1180 25.6
16 1181 25.6
16 1182 25.6
16 1183 25.6
16 1184 25.6
16 1185 25.6
16 1186 25.6
16 1187 25.6
16 1188 25.6
16 1189 25.6
16 1190 25.6
16 1191 25.6
16 1192 25.6
16 1193 25.6
16 1194 25.6
16 1195 25.6
16 1196 25.6
16 1197 25.6
16 1198 25.6
16 1199 25.6
16 1200 25.6
16 1201 25.6
16 1202 25.6
16 1203 25.6
16 1204 25.6
16 1205 25.6
16 1206 25.6
16 1207 25.6
16 1208 25.6
16 1209 25.6
16 1210 25.6
16 1211 25.6
16 1212 25.6
16 1213 25.6
16 1214 25.6
16 1215 25.6
16 1216 25.6
16 1217 25.6
16 1218 25.6
16 1219 25.6
16 1220 25.6
16 1221 25.6
16 1222 25.6
16 1223 25.6
16 1224 25.6
16 1225 25.6
16 1226 25.6
16 1227 25.6
16 1228 25.6
16 1229 25.6
16 1230 25.6
16 1231 25.6
16 1232 25.6
17 1233 25.6
17 1234 25.6
17 1235 25.6
17 1236 25.6
17 1237 25.6
17 1238 25.6
17 1239 25.6
17 1240 25.6
17 1241 25.6
17 1242 25.6
17 1243 25.6
17 1244 25.6
17 1245 25.6
17 1246 25.6
17 1247 25.6
17 1248 25.6
17 1249 25.6
17 1250 25.6
17 1251 25.6
17 1252 25.6
17 1253 25.6
17 1254 25.6
17 1255 25.6
17 1256 25.6
17 1257 25.6
17 1258 25.6
17 1259 25.6
17 1260 25.6
17 1261 25.6
17 1262 25.6
17 1263 25.6
17 1264 25.6
17 1265 25.6
17 1266 25.6
17 1267 25.6
17 1268 25.6
17 1269 25.6
17 1270 25.6
17 1271 25.6
17 1272 25.6
17 1273 25.6
17 1274 25.6
17 1275 25.6
17 1276 25.6
17 1277 25.6
17 1278 25.6
17 1279 25.6
17 1280 25.6
17 1281 25.6
17 1282 25.6
17 1283 25.6
17 1284 25.6
17 1285 25.6
17 1286 25.6
17 1287 25.6
17 1288 25.6
17 1289 25.6
17 1290 25.6
17 1291 25.6
17 1292 25.6
17 1293 25.6
17 1294 25.6
17 1295 25.6
17 1296 25.6
17 1297 25.6
17 1298 25.6
17 1299 25.6
17 1300 25.6
17 1301 25.6
17 1302 25.6
17 1303 25.6
17 1304 25.6
17 1305 25.6
17 1306 25.6
17 1307 25.6
17 1308 25.6
17 1309 25.6
17 1310 25.6
17 1311 25.6
17 1312 25.6
17 1313 25.6
17 1314 25.6
17 1315 25.6
17 1316 25.6
18 1317 25.6
18 1318 25.6
18 1319 25.6
18 1320 25.6
18 1321 25.6
18 1322 25.6
18 1323 25.6
18 1324 25.6
18 1325 25.6
18 1326 25.6
18 1327 25.6
18 1328 25.6
18 1329 25.6
18 1330 25.6
18 1331 25.6
18 1332 25.6
18 1333 25.6
18 1334 25.6
18 1335 25.6
18 1336 25.6
18 1337 25.6
18 1338 25.6
18 1339 25.6
18 1340 25.6
18 1341 25.6
18 1342 25.6
18 1343 25.6
18 1344 25.6
18 1345 25.6
18 1346 25.6
18 1347 25.6
18 1348 25.6
18 1349 25.6
18 1350 25.6
18 1351 25.6
18 1352 25.6
18 1353 25.6
18 1354 25.6
18 1355 25.6
18 1356 25.6
18 1357 25.6
18 1358 25.6
18 1359 25.6
18 1360 25.6
18 1361 25.6
18 1362 25.6
18 1363 25.6
18 1364 25.6
18 1365 25.6
18 1366 25.6
18 1367 25.6
18 1368 25.6
18 1369 25.6
18 1370 25.6
18 1371 25.6
18 1372 25.6
18 1373 25.6
18 1374 25.6
18 1375 25.6
18 1376 25.6
18 1377 25.6
18 1378 25.6
18 1379 25.6
18 1380 25.6
18 1381 25.6
18 1382 25.6
18 1383 25.6
18 1384 25.6
18 1385 25.6
18 1386 25.6
18 1387 25.6
18 1388 25.6
19 1389 25.6
19 1390 25.6
19 1391 25.6
19 1392 25.6
19 1393 25.6
19 1394 25.6
19 1395 25.6
19 1396 25.6
19 1397 25.6
19 1398 25.6
19 1399 25.6
19 1400 25.6
19 1401 25.6
19 1402 25.6
19 1403 25.6
19 1404 25.6
19 1405 25.6
19 1406 25.6
19 1407 25.6
19 1408 25.6
19 1409 25.6
19 1410 25.6
19 1411 25.6
19 1412 25.6
19 1413 25.6
19 1414 25.6
19 1415 25.6
19 1416 25.6
19 1417 25.6
19 1418 25.6
19 1419 25.6
19 1420 25.6
19 1421 25.6
19 1422 25.6
19 1423 25.6
19 1424 25.6
19 1425 25.6
19 1426 25.6
19 1427 25.6
19 1428 25.6
19 1429 25.6
19 1430 25.6
19 1431 25.6
19 1432 25.6
19 1433 25.6
19 1434 25.6
19 1435 25.6
19 1436 25.6
19 1437 25.6
19 1438 25.6
19 1439 25.6
19 1440 25.6
19 1441 25.6
19 1442 25.6
19 1443 25.6
19 1444 25.6
19 1445 25.6
19 1446 25.6
19 1447 25.6
19 1448 25.6
19 1449 25.6
19 1450 25.6
19 1451 25.6
19 1452 25.6
19 1453 25.6
19 1454 25.6
19 1455 25.6
19 1456 25.6
19 1457 25.6
19 1458 25.6
19 1459 25.6
20 1460 25.6
20 1461 25.6
20 1462 25.6
20 1463 25.6
20 1464 25.6
20 1465 25.6
20 1466 25.6
20 1467 25.6
20 1468 25.6
20 1469 25.6
20 1470 25.6
20 1471 25.6
20 1472 25.6
20 1473 25.6
20 1474 25.6
20 1475 25.6
20 1476 25.6
20 1477 25.6
20 1478 25.6
20 1479 25.6
20 1480 25.6
20 1481 25.6
20 1482 25.6
20 1483 25.6
20 1484 25.6
20 1485 25.6
20 1486 25.6
20 1487 25.6
20 1488 25.6
20 1489 25.6
20 1490 25.6
20 1491 25.6
20 1492 25.6
20 1493 25.6
20 1494 25.6
20 1495 25.6
20 1496 25.6
20 1497 25.6
20 1498 25.6
20 1499 25.6
20 1500 25.6
20 1501 25.6
20 1502 25.6
20 1503 25.6
20 1504 25.6
20 1505 25.6
20 1506 25.6
20 1507 25.6
20 1508 25.6
20 1509 25.6
20 1510 25.6
20 1511 25.6
20 1512 25.6
20 1513 25.6
20 1514 25.6
20 1515 25.6
20 1516 25.6
20 1517 25.6
20 1518 25.6
20 1519 25.6
20 1520 25.6
20 1521 25.6
20 1522 25.6
20 1523 25.6
20 1524 25.6
20 1525 25.6
20 1526 25.6
21 1527 25.6
21 1528 25.6
21 1529 25.6
21 1530 25.6
21 1531 25.6
21 1532 25.6
21 1533 25.6
21 1534 25.6
21 1535 25.6
21 1536 25.6
21 1537 25.6
21 1538 25.6
21 1539 25.6
21 1540 25.6
21 1541 25.6
21 1542 25.6
21 1543 25.6
21 1544 25.6
21 1545 25.6
21 1546 25.6
21 1547 25.6
21 1548 25.6
21 1549 25.6
21 1550 25.6
21 1551 25.6
21 1552 25.6
21 1553 25.6
21 1554 25.6
21 1555 25.6
21 1556 25.6
21 1557 25.6
21 1558 25.6
21 1559 25.6
21 1560 25.6
21 1561 25.6
21 1562 25.6
21 1563 25.6
21 1564 25.6
21 1565 25.6
21 1566 25.6
21 1567 25.6
21 1568 25.6
21 1569 25.6
21 1570 25.6
21 1571 25.6
21 1572 25.6
21 1573 25.6
21 1574 25.6
21 1575 25.6
21 1576 25.6
21 1577 25.6
21 1578 25.6
21 1579 25.6
21 1580 25.6
21 1581 25.6
21 1582 25.6
21 1583 25.6
21 1584 25.6
21 1585 25.6
21 1586 25.6
21 1587 25.6
21 1588 25.6
21 1589 25.6
21 1590 25.6
21 1591 25.6
21 1592 25.6
21 1593 25.6
21 1594 25.6
21 1595 25.6
21 1596 25.6
21 1597 25.6
21 1598 25.6
22 1599 25.6
22 1600 25.6
22 1601 25.6
22 1602 25.6
22 1603 25.6
22 1604 25.6
22 1605 25.6
22 1606 25.6
22 1607 25.6
22 1608 25.6
22 1609 25.6
22 1610 25.6
22 1611 25.6
22 1612 25.6
22 1613 25.6
22 1614 25.6
22 1615 25.6
22 1616 25.6
22 1617 25.6
22 1618 25.6
22 1619 25.6
22 1620 25.6
22 1621 25.6
22 1622 25.6
22 1623 25.6
22 1624 25.6
22 1625 25.6
22 1626 25.6
22 1627 25.6
22 1628 25.6
22 1629 25.6
22 1630 25.6
22 1631 25.6
22 1632 25.6
22 1633 25.6
22 1634 25.6
22 1635 25.6
22 1636 25.6
22 1637 25.6
22 1638 25.6
22 1639 25.6
22 1640 25.6
22 1641 25.6
22 1642 25.6
22 1643 25.6
22 1644 25.6
22 1645 25.6
22 1646 25.6
22 1647 25.6
22 1648 25.6
22 1649 25.6
22 1650 25.6
22 1651 25.6
22 1652 25.6
22 1653 25.6
22 1654 25.6
22 1655 25.6
22 1656 25.6
22 1657 25.6
22 1658 25.6
22 1659 25.6
22 1660 25.6
22 1661 25.6
22 1662 25.6
22 1663 25.6
22 1664 25.6
22 1665 25.6
22 1666 25.6
22 1667 25.6
22 1668 25.6
23 1669 25.6
23 1670 25.6
23 1671 25.6
23 1672 25.6
23 1673 25.6
23 1674 25.6
23 1675 25.6
23 1676 25.6
23 1677 25.6
23 1678 25.6
23 1679 25.6
23 1680 25.6
23 1681 25.6
23 1682 25.6
23 1683 25.6
23 1684 25.6
23 1685 25.6
23 1686 25.6
23 1687 25.6
23 1688 25.6
23 1689 25.6
23 1690 25.6
23 1691 25.6
23 1692 25.6
23 1693 25.6
23 1694 25.6
23 1695 25.6
23 1696 25.6
23 1697 25.6
23 1698 25.6
23 1699 25.6
23 1700 25.6
23 1701 25.6
23 1702 25.6
23 1703 25.6
23 1704 25.6
23 1705 25.6
23 1706 25.6
23 1707 25.6
23 1708 25.6
23 1709 25.6
23 1710 25.6
23 1711 25.6
23 1712 25.6
23 1713 25.6
23 1714 25.6
23 1715 25.6
23 1716 25.6
23 1717 25.6
23 1718 25.6
23 1719 25.6
23 1720 25.6
23 1721 25.6
23 1722 25.6
23 1723 25.6
23 1724 25.6
23 1725 25.6
23 1726 25.6
23 1727 25.6
23 1728 25.6
23 1729 25.6
23 1730 25.6
23 1731 25.6
23 1732 25.6
23 1733 25.6
23 1734 25.6
24 1735 25.6
24 1736 25.6
24 1737 25.6
24 1738 25.6
24 1739 25.6
24 1740 25.6
24 1741 25.6
24 1742 25.6
24 1743 25.6
24 1744 25.6
24 1745 25.6
24 1746 25.6
24 1747 25.6
24 1748 25.6
24 1749 25.6
24 1750 25.6
24 1751 25.6
24 1752 25.6
24 1753 25.6
24 1754 25.6
24 1755 25.6
24 1756 25.6
24 1757 25.6
24 1758 25.6
24 1759 25.6
24 1760 25.6
24 1761 25.6
24 1762 25.6
24 1763 25.6
24 1764 25.6
24 1765 25.6
24 1766 25.6
24 1767 25.6
24 1768 25.6
24 1769 25.6
24 1770 25.6
24 1771 25.6
24 1772 25.6
24 1773 25.6
24 1774 25.6
24 1775 25.6
24 1776 25.6
24 1777 25.6
24 1778 25.6
24 1779 25.6
24 1780 25.6
24 1781 25.6
24 1782 25.6
24 1783 25.6
24 1784 25.6
24 1785 25.6
24 1786 25.6
24 1787 25.6
24 1788 25.6
24 1789 25.6
24 1790 25.6
24 1791 25.6
24 1792 25.6
24 1793 25.6
24 1794 25.6
24 1795 25.6
24 1796 25.6
24 1797 25.6
24 1798 25.6
24 1799 25.6
24 1800 25.6
24 1801 25.6
24 1802 25.6
25 1803 25.6
25 1804 25.6
25 1805 25.6
25 1806 25.6
25 1807 25.6
25 1808 25.6
25 1809 25.6
25 1810 25.6
25 1811 25.6
25 1812 25.6
25 1813 25.6
25 1814 25.6
25 1815 25.6
25 1816 25.6
25 1817 25.6
25 1818 25.6
25 1819 25.6
25 1820 25.6
25 1821 25.6
25 1822 25.6
25 1823 25.6
25 1824 25.6
25 1825 25.6
25 1826 25.6
25 1827 25.6
25 1828 25.6
25 1829 25.6
25 1830 25.6
25 1831 25.6
25 1832 25.6
25 1833 25.6
25 1834 25.6
25 1835 25.6
25 1836 25.6
25 1837 25.6
25 1838 25.6
25 1839 25.6
25 1840 25.6
25 1841 25.6
25 1842 25.6
25 1843 25.6
25 1844 25.6
25 1845 25.6
25 1846 25.6
25 1847 25.6
25 1848 25.6
25 1849 25.6
25 1850 25.6
25 1851 25.6
25 1852 25.6
25 1853 25.6
25 1854 25.6
25 1855 25.6
25 1856 25.6
26 1857 25.6
26 1858 25.6
26 1859 25.6
26 1860 25.6
26 1861 25.6
26 1862 25.6
26 1863 25.6
26 1864 25.6
26 1865 25.6
26 1866 25.6
26 1867 25.6
26 1868 25.6
26 1869 25.6
26 1870 25.6
26 1871 25.6
26 1872 25.6
26 1873 25.6
26 1874 25.6
26 1875 25.6
26 1876 25.6
26 1877 25.6
26 1878 25.6
26 1879 25.6
26 1880 25.6
26 1881 25.6
26 1882 25.6
26 1883 25.6
26 1884 25.6
26 1885 25.6
26 1886 25.6
26 1887 25.6
26 1888 25.6
26 1889 25.6
26 1890 25.6
26 1891 25.6
26 1892 25.6
26 1893 25.6
26 1894 25.6
26 1895 25.6
26 1896 25.6
26 1897 25.6
26 1898 25.6
26 1899 25.6
26 1900 25.6
26 1901 25.6
26 1902 25.6
26 1903 25.6
26 1904 25.6
26 1905 25.6
26 1906 25.6
26 1907 25.6
26 1908 25.6
26 1909 25.6
26 1910 25.6
26 1911 25.6
26 1912 25.6
26 1913 25.6
26 1914 25.6
26 1915 25.6
26 1916 25.6
26 1917 25.6
26 1918 25.6
26 1919 25.6
26 1920 25.6
26 1921 25.6
26 1922 25.6
27 1923 25.6
27 1924 25.6
27 1925 25.6
27 1926 25.6
27 1927 25.6
27 1928 25.6
27 1929 25.6
27 1930 25.6
27 1931 25.6
27 1932 25.6
27 1933 25.6
27 1934 25.6
27 1935 25.6
27 1936 25.6
27 1937 25.6
27 1938 25.6
27 1939 25.6
27 1940 25.6
27 1941 25.6
27 1942 25.6
27 1943 25.6
27 1944 25.6
27 1945 25.6
27 1946 25.6
27 1947 25.6
27 1948 25.6
27 1949 25.6
27 1950 25.6
27 1951 25.6
27 1952 25.6
27 1953 25.6
27 1954 25.6
27 1955 25.6
27 1956 25.6
27 1957 25.6
27 1958 25.6
27 1959 25.6
27 1960 25.6
27 1961 25.6
27 1962 25.6
27 1963 25.6
27 1964 25.6
27 1965 25.6
27 1966 25.6
27 1967 25.6
27 1968 25.6
27 1969 25.6
27 1970 25.6
27 1971 25.6
27 1972 25.6
27 1973 25.6
27 1974 25.6
27 1975 25.6
27 1976 25.6
27 1977 25.6
27 1978 25.6
27 1979 25.6
27 1980 25.6
27 1981 25.6
27 1982 25.6
27 1983 25.6
28 1984 25.6
28 1985 25.6
28 1986 25.6
28 1987 25.6
28 1988 25.6
28 1989 25.6
28 1990 25.6
28 1991 25.6
28 1992 25.6
28 1993 25.6
28 1994 25.6
28 1995 25.6
28 1996 25.6
28 1997 25.6
28 1998 25.6
28 1999 25.6
28 2000 25.6
28 2001 25.6
28 2002 25.6
28 2003 25.6
28 2004 25.6
28 2005 25.6
28 2006 25.6
28 2007 25.6
28 2008 25.6
28 2009 25.6
28 2010 25.6
28 2011 25.6
28 2012 25.6
28 2013 25.6
28 2014 25.6
28 2015 25.6
28 2016 25.6
28 2017 25.6
28 2018 25.6
28 2019 25.6
28 2020 25.6
28 2021 25.6
28 2022 25.6
28 2023 25.6
28 2024 25.6
28 2025 25.6
28 2026 25.6
28 2027 25.6
29 2028 25.6
29 2029 25.6
29 2030 25.6
29 2031 25.6
29 2032 25.6
29 2033 25.6
29 2034 25.6
29 2035 25.6
29 2036 25.6
29 2037 25.6
29 2038 25.6
29 2039 25.6
29 2040 25.6
29 2041 25.6
29 2042 25.6
29 2043 25.6
29 2044 25.6
29 2045 25.6
29 2046 25.6
29 2047 25.6
29 2048 25.6
29 2049 25.6
29 2050 25.6
29 2051 25.6
29 2052 25.6
29 2053 25.6
29 2054 25.6
29 2055 25.6
29 2056 25.6
29 2057 25.6
29 2058 25.6
29 2059 25.6
29 2060 25.6
29 2061 25.6
29 2062 25.6
29 2063 25.6
29 2064 25.6
29 2065 25.6
29 2066 25.6
29 2067 25.6
29 2068 25.6
29 2069 25.6
29 2070 25.6
30 2071 25.6
30 2072 25.6
30 2073 25.6
30 2074 25.6
30 2075 25.6
30 2076 25.6
30 2077 25.6
30 2078 25.6
30 2079 25.6
30 2080 25.6
30 2081 25.6
30 2082 25.6
30 2083 25.6
30 2084 25.6
30 2085 25.6
30 2086 25.6
30 2087 25.6
30 2088 25.6
30 2089 25.6
30 2090 25.6
30 2091 25.6
30 2092 25.6
30 2093 25.6
30 2094 25.6
30 2095 25.6
30 2096 25.6
30 2097 25.6
30 2098 25.6
30 2099 25.6
30 2100 25.6
30 2101 25.6
30 2102 25.6
30 2103 25.6
30 2104 25.6
30 2105 25.6
30 2106 25.6
30 2107 25.6
30 2108 25.6
30 2109 25.6
30 2110 25.6
30 2111 25.6
30 2112 25.6
30 2113 25.6
30 2114 25.6
30 2115 25.6
30 2116 25.6
30 2117 25.6
30 2118 25.6
30 2119 25.6
30 2120 25.6
30 2121 25.6
30 2122 25.6
30 2123 25.6
30 2124 25.6
30 2125 25.6
30 2126 25.6
30 2127 25.6
30 2128 25.6
30 2129 25.6
30 2130 25.6
30 2131 25.6
30 2132 25.6
30 2133 25.6
30 2134 25.6
30 2135 25.6
30 2136 25.6
30 2137 25.6
30 2138 25.6
30 2139 25.6
31 2140 25.6
31 2141 25.6
31 2142 25.6
31 2143 25.6
31 2144 25.6
31 2145 25.6
31 2146 25.6
31 2147 25.6
31 2148 25.6
31 2149 25.6
31 2150 25.6
31 2151 25.6
31 2152 25.6
31 2153 25.6
31 2154 25.6
31 2155 25.6
31 2156 25.6
31 2157 25.6
31 2158 25.6
31 2159 25.6
31 2160 25.6
31 2161 25.6
31 2162 25.6
31 2163 25.6
31 2164 25.6
31 2165 25.6
31 2166 25.6
31 2167 25.6
31 2168 25.6
31 2169 25.6
31 2170 25.6
31 2171 25.6
31 2172 25.6
31 2173 25.6
31 2174 25.6
31 2175 25.6
31 2176 25.6
31 2177 25.6
31 2178 25.6
31 2179 25.6
31 2180 25.6
31 2181 25.6
31 2182 25.6
31 2183 25.6
31 2184 25.6
31 2185 25.6
31 2186 25.6
31 2187 25.6
31 2188 25.6
31 2189 25.6
31 2190 25.6
31 2191 25.6
31 2192 25.6
31 2193 25.6
31 2194 25.6
31 2195 25.6
31 2196 25.6
31 2197 25.6
31 2198 25.6
31 2199 25.6
31 2200 25.6
31 2201 25.6
31 2202 25.6
31 2203 25.6
31 2204 25.6
31 2205 25.6
31 2206 25.6
31 2207 25.6
31 2208 25.6
31 2209 25.6
31 2210 25.6
31 2211 25.6
31 2212 25.6
31 2213 25.6
31 2214 25.6
31 2215 25.6
31 2216 25.6
32 2217 25.6
32 2218 25.6
32 2219 25.6
32 2220 25.6
32 2221 25.6
32 2222 25.6
32 2223 25.6
32 2224 25.6
32 2225 25.6
32 2226 25.6
32 2227 25.6
32 2228 25.6
32 2229 25.6
32 2230 25.6
32 2231 25.6
32 2232 25.6
32 2233 25.6
32 2234 25.6
32 2235 25.6
32 2236 25.6
32 2237 25.6
32 2238 25.6
32 2239 25.6
32 2240 25.6
32 2241 25.6
32 2242 25.6
32 2243 25.6
32 2244 25.6
32 2245 25.6
32 2246 25.6
32 2247 25.6
32 2248 25.6
32 2249 25.6
32 2250 25.6
32 2251 25.6
32 2252 25.6
32 2253 25.6
32 2254 25.6
32 2255 25.6
32 2256 25.6
32 2257 25.6
32 2258 25.6
32 2259 25.6
32 2260 25.6
32 2261 25.6
32 2262 25.6
32 2263 25.6
32 2264 25.6
32 2265 25.6
32 2266 25.6
32 2267 25.6
32 2268 25.6
32 2269 25.6
32 2270 25.6
32 2271 25.6
32 2272 25.6
32 2273 25.6
32 2274 25.6
32 2275 25.6
32 2276 25.6
32 2277 25.6
32 2278 25.6
32 2279 25.6
32 2280 25.6
32 2281 25.6
32 2282 25.6
32 2283 25.6
32 2284 25.6
32 2285 25.6
32 2286 25.6
32 2287 25.6
32 2288 25.6
32 2289 25.6
32 2290 25.6
33 2291 25.6
33 2292 25.6
33 2293 25.6
33 2294 25.6
33 2295 25.6
33 2296 25.6
33 2297 25.6
33 2298 25.6
33 2299 25.6
33 2300 25.6
33 2301 25.6
33 2302 25.6
33 2303 25.6
33 2304 25.6
33 2305 25.6
33 2306 25.6
33 2307 25.6
33 2308 25.6
33 2309 25.6
33 2310 25.6
33 2311 25.6
33 2312 25.6
33 2313 25.6
33 2314 25.6
33 2315 25.6
33 2316 25.6
33 2317 25.6
33 2318 25.6
33 2319 25.6
33 2320 25.6
33 2321 25.6
33 2322 25.6
33 2323 25.6
33 2324 25.6
33 2325 25.6
33 2326 25.6
33 2327 25.6
33 2328 25.6
33 2329 25.6
33 2330 25.6
33 2331 25.6
33 2332 25.6
33 2333 25.6
33 2334 25.6
33 2335 25.6
33 2336 25.6
33 2337 25.6
33 2338 25.6
33 2339 25.6
33 2340 25.6
33 2341 25.6
33 2342 25.6
33 2343 25.6
33 2344 25.6
33 2345 25.6
33 2346 25.6
33 2347 25.6
33 2348 25.6
33 2349 25.6
33 2350 25.6
33 2351 25.6
33 2352 25.6
33 2353 25.6
33 2354 25.6
33 2355 25.6
33 2356 25.6
33 2357 25.6
33 2358 25.6
33 2359 25.6
33 2360 25.6
33 2361 25.6
33 2362 25.6
33 2363 25.6
33 2364 25.6
33 2365 25.6
33 2366 25.6
33 2367 25.6
34 2368 25.6
34 2369 25.6
34 2370 25.6
34 2371 25.6
34 2372 25.6
34 2373 25.6
34 2374 25.6
34 2375 25.6
34 2376 25.6
34 2377 25.6
34 2378 25.6
34 2379 25.6
34 2380 25.6
34 2381 25.6
34 2382 25.6
34 2383 25.6
34 2384 25.6
34 2385 25.6
34 2386 25.6
34 2387 25.6
34 2388 25.6
34 2389 25.6
34 2390 25.6
34 2391 25.6
34 2392 25.6
34 2393 25.6
34 2394 25.6
34 2395 25.6
34 2396 25.6
34 2397 25.6
34 2398 25.6
34 2399 25.6
34 2400 25.6
34 2401 25.6
34 2402 25.6
34 2403 25.6
34 2404 25.6
34 2405 25.6
34 2406 25.6
34 2407 25.6
34 2408 25.6
34 2409 25.6
34 2410 25.6
34 2411 25.6
34 2412 25.6
34 2413 25.6
34 2414 25.6
34 2415 25.6
34 2416 25.6
34 2417 25.6
34 2418 25.6
34 2419 25.6
34 2420 25.6
34 2421 25.6
34 2422 25.6
34 2423 25.6
34 2424 25.6
34 2425 25.6
34 2426 25.6
34 2427 25.6
34 2428 25.6
34 2429 25.6
34 2430 25.6
34 2431 25.6
34 2432 25.6
34 2433 25.6
34 2434 25.6
34 2435 25.6
34 2436 25.6
34 2437 25.6
34 2438 25.6
34 2439 25.6
34 2440 25.6
34 2441 25.6
34 2442 25.6
34 2443 25.6
35 2444 25.6
35 2445 25.6
35 2446 25.6
35 2447 25.6
35 2448 25.6
35 2449 25.6
35 2450 25.6
35 2451 25.6
35 2452 25.6
35 2453 25.6
35 2454 25.6
35 2455 25.6
35 2456 25.6
35 2457 25.6
35 2458 25.6
35 2459 25.6
35 2460 25.6
35 2461 25.6
35 2462 25.6
35 2463 25.6
35 2464 25.6
35 2465 25.6
35 2466 25.6
35 2467 25.6
35 2468 25.6
35 2469 25.6
35 2470 25.6
35 2471 25.6
35 2472 25.6
35 2473 25.6
35 2474 25.6
35 2475 25.6
35 2476 25.6
35 2477 25.6
35 2478 25.6
35 2479 25.6
35 2480 25.6
35 2481 25.6
35 2482 25.6
35 2483 25.6
35 2484 25.6
35 2485 25.6
35 2486 25.6
35 2487 25.6
35 2488 25.6
35 2489 25.6
35 2490 25.6
35 2491 25.6
35 2492 25.6
35 2493 25.6
35 2494 25.6
35 2495 25.6
35 2496 25.6
35 2497 25.6
35 2498 25.6
35 2499 25.6
35 2500 25.6
35 2501 25.6
35 2502 25.6
35 2503 25.6
35 2504 25.6
35 2505 25.6
35 2506 25.6
35 2507 25.6
35 2508 25.6
35 2509 25.6
35 2510 25.6
35 2511 25.6
36 2512 25.6
36 2513 25.6
36 2514 25.6
36 2515 25.6
36 2516 25.6
36 2517 25.6
36 2518 25.6
36 2519 25.6
36 2520 25.6
36 2521 25.6
36 2522 25.6
36 2523 25.6
36 2524 25.6
36 2525 25.6
36 2526 25.6
36 2527 25.6
36 2528 25.6
36 2529 25.6
36 2530 25.6
36 2531 25.6
36 2532 25.6
36 2533 25.6
36 2534 25.6
36 2535 25.6
36 2536 25.6
36 2537 25.6
36 2538 25.6
36 2539 25.6
36 2540 25.6
36 2541 25.6
36 2542 25.6
36 2543 25.6
36 2544 25.6
36 2545 25.6
36 2546 25.6
36 2547 25.6
36 2548 25.6
36 2549 25.6
36 2550 25.6
36 2551 25.6
36 2552 25.6
36 2553 25.6
36 2554 25.6
36 2555 25.6
36 2556 25.6
36 2557 25.6
36 2558 25.6
36 2559 25.6
36 2560 25.6
36 2561 25.6
36 2562 25.6
36 2563 25.6
36 2564 25.6
36 2565 25.6
36 2566 25.6
36 2567 25.6
36 2568 25.6
36 2569 25.6
36 2570 25.6
36 2571 25.6
36 2572 25.6
36 2573 25.6
36 2574 25.6
36 2575 25.6
36 2576 25.6
36 2577 25.6
36 2578 25.6
36 2579 25.6
36 2580 25.6
36 2581 25.6
36 2582 25.6
36 2583 25.6
37 2584 25.6
37 2585 25.6
37 2586 25.6
37 2587 25.6
37 2588 25.6
37 2589 25.6
37 2590 25.6
37 2591 25.6
37 2592 25.6
37 2593 25.6
37 2594 25.6
37 2595 25.6
37 2596 25.6
37 2597 25.6
37 2598 25.6
37 2599 25.6
37 2600 25.6
37 2601 25.6
37 2602 25.6
37 2603 25.6
37 2604 25.6
37 2605 25.6
37 2606 25.6
37 2607 25.6
37 2608 25.6
37 2609 25.6
37 2610 25.6
37 2611 25.6
37 2612 25.6
37 2613 25.6
37 2614 25.6
37 2615 25.6
37 2616 25.6
37 2617 25.6
37 2618 25.6
37 2619 25.6
37 2620 25.6
37 2621 25.6
37 2622 25.6
37 2623 25.6
37 2624 25.6
37 2625 25.6
37 2626 25.6
37 2627 25.6
37 2628 25.6
37 2629 25.6
37 2630 25.6
37 2631 25.6
37 2632 25.6
37 2633 25.6
37 2634 25.6
37 2635 25.6
37 2636 25.6
37 2637 25.6
37 2638 25.6
37 2639 25.6
37 2640 25.6
37 2641 25.6
37 2642 25.6
37 2643 25.6
37 2644 25.6
37 2645 25.6
37 2646 25.6
37 2647 25.6
37 2648 25.6
37 2649 25.6
37 2650 25.6
37 2651 25.6
37 2652 25.6
37 2653 25.6
37 2654 25.6
37 2655 25.6
38 2656 25.6
38 2657 25.6
38 2658 25.6
38 2659 25.6
38 2660 25.6
38 2661 25.6
38 2662 25.6
38 2663 25.6
38 2664 25.6
38 2665 25.6
38 2666 25.6
38 2667 25.6
38 2668 25.6
38 2669 25.6
38 2670 25.6
38 2671 25.6
38 2672 25.6
38 2673 25.6
38 2674 25.6
38 2675 25.6
38 2676 25.6
38 2677 25.6
38 2678 25.6
38 2679 25.6
38 2680 25.6
38 2681 25.6
38 2682 25.6
38 2683 25.6
38 2684 25.6
38 2685 25.6
38 2686 25.6
38 2687 25.6
38 2688 25.6
38 2689 25.6
38 2690 25.6
38 2691 25.6
38 2692 25.6
38 2693 25.6
38 2694 25.6
38 2695 25.6
38 2696 25.6
38 2697 25.6
38 2698 25.6
38 2699 25.6
38 2700 25.6
38 2701 25.6
38 2702 25.6
38 2703 25.6
38 2704 25.6
38 2705 25.6
38 2706 25.6
38 2707 25.6
38 2708 25.6
38 2709 25.6
38 2710 25.6
38 2711 25.6
38 2712 25.6
38 2713 25.6
38 2714 25.6
38 2715 25.6
38 2716 25.6
38 2717 25.6
38 2718 25.6
38 2719 25.6
38 2720 25.6
38 2721 25.6
38 2722 25.6
39 2723 25.6
39 2724 25.6
39 2725 25.6
39 2726 25.6
39 2727 25.6
39 2728 25.6
39 2729 25.6
39 2730 25.6
39 2731 25.6
39 2732 25.6
39 2733 25.6
39 2734 25.6
39 2735 25.6
39 2736 25.6
39 2737 25.6
39 2738 25.6
39 2739 25.6
39 2740 25.6
39 2741 25.6
39 2742 25.6
39 2743 25.6
39 2744 25.6
39 2745 25.6
39 2746 25.6
39 2747 25.6
39 2748 25.6
39 2749 25.6
39 2750 25.6
39 2751 25.6
39 2752 25.6
39 2753 25.6
39 2754 25.6
39 2755 25.6
39 2756 25.6
39 2757 25.6
39 2758 25.6
39 2759 25.6
39 2760 25.6
39 2761 25.6
39 2762 25.6
39 2763 25.6
39 2764 25.6
39 2765 25.6
39 2766 25.6
39 2767 25.6
39 2768 25.6
39 2769 25.6
39 2770 25.6
39 2771 25.6
39 2772 25.6
39 2773 25.6
39 2774 25.6
39 2775 25.6
39 2776 25.6
39 2777 25.6
39 2778 25.6
39 2779 25.6
39 2780 25.6
39 2781 25.6
39 2782 25.6
39 2783 25.6
39 2784 25.6
39 2785 25.6
39 2786 25.6
39 2787 25.6
39 2788 25.6
39 2789 25.6
39 2790 25.6
39 2791 25.6
39 2792 25.6
39 2793 25.6
39 2794 25.6
39 2795 25.6
39 2796 25.6
40 2797 25.6
40 2798 25.6
40 2799 25.6
40 2800 25.6
40 2801 25.6
40 2802 25.6
40 2803 25.6
40 2804 25.6
40 2805 25.6
40 2806 25.6
40 2807 25.6
40 2808 25.6
40 2809 25.6
40 2810 25.6
40 2811 25.6
40 2812 25.6
40 2813 25.6
40 2814 25.6
40 2815 25.6
40 2816 25.6
40 2817 25.6
40 2818 25.6
40 2819 25.6
40 2820 25.6
40 2821 25.6
40 2822 25.6
40 2823 25.6
40 2824 25.6
40 2825 25.6
40 2826 25.6
40 2827 25.6
40 2828 25.6
40 2829 25.6
40 2830 25.6
40 2831 25.6
40 2832 25.6
40 2833 25.6
40 2834 25.6
40 2835 25.6
40 2836 25.6
40 2837 25.6
40 2838 25.6
40 2839 25.6
40 2840 25.6
40 2841 25.6
40 2842 25.6
40 2843 25.6
40 2844 25.6
40 2845 25.6
40 2846 25.6
40 2847 25.6
40 2848 25.6
40 2849 25.6
40 2850 25.6
40 2851 25.6
40 2852 25.6
40 2853 25.6
40 2854 25.6
40 2855 25.6
40 2856 25.6
40 2857 25.6
40 2858 25.6
40 2859 25.6
40 2860 25.6
40 2861 25.6
40 2862 25.6
40 2863 25.6
40 2864 25.6
40 2865 25.6
40 2866 25.6
40 2867 25.6
40 2868 25.6
41 2869 25.6
41 2870 25.6
41 2871 25.6
41 2872 25.6
41 2873 25.6
41 2874 25.6
41 2875 25.6
41 2876 25.6
41 2877 25.6
41 2878 25.6
41 2879 25.6
41 2880 25.6
41 2881 25.6
41 2882 25.6
41 2883 25.6
41 2884 25.6
41 2885 25.6
41 2886 25.6
41 2887 25.6
41 2888 25.6
41 2889 25.6
41 2890 25.6
41 2891 25.6
41 2892 25.6
41 2893 25.6
41 2894 25.6
41 2895 25.6
41 2896 25.6
41 2897 25.6
41 2898 25.6
41 2899 25.6
41 2900 25.6
41 2901 25.6
41 2902 25.6
41 2903 25.6
41 2904 25.6
41 2905 25.6
41 2906 25.6
41 2907 25.6
41 2908 25.6
41 2909 25.6
41 2910 25.6
41 2911 25.6
41 2912 25.6
41 2913 25.6
41 2914 25.6
41 2915 25.6
41 2916 25.6
41 2917 25.6
41 2918 25.6
41 2919 25.6
41 2920 25.6
41 2921 25.6
41 2922 25.6
41 2923 25.6
41 2924 25.6
41 2925 25.6
41 2926 25.6
41 2927 25.6
41 2928 25.6
41 2929 25.6
41 2930 25.6
41 2931 25.6
41 2932 25.6
41 2933 25.6
41 2934 25.6
41 2935 25.6
41 2936 25.6
41 2937 25.6
41 2938 25.6
41 2939 25.6
41 2940 25.6
41 2941 25.6
41 2942 25.6
42 2943 25.6
42 2944 25.6
42 2945 25.6
42 2946 25.6
42 2947 25.6
42 2948 25.6
42 2949 25.6
42 2950 25.6
42 2951 25.6
42 2952 25.6
42 2953 25.6
42 2954 25.6
42 2955 25.6
42 2956 25.6
42 2957 25.6
42 2958 25.6
42 2959 25.6
42 2960 25.6
42 2961 25.6
42 2962 25.6
42 2963 25.6
42 2964 25.6
42 2965 25.6
42 2966 25.6
42 2967 25.6
42 2968 25.6
42 2969 25.6
42 2970 25.6
42 2971 25.6
42 2972 25.6
42 2973 25.6
42 2974 25.6
42 2975 25.6
42 2976 25.6
42 2977 25.6
42 2978 25.6
42 2979 25.6
42 2980 25.6
42 2981 25.6
42 2982 25.6
42 2983 25.6
42 2984 25.6
42 2985 25.6
42 2986 25.6
42 2987 25.6
42 2988 25.6
42 2989 25.6
42 2990 25.6
42 2991 25.6
42 2992 25.6
42 2993 25.6
42 2994 25.6
42 2995 25.6
42 2996 25.6
42 2997 25.6
42 2998 25.6
42 2999 25.6
42 3000 25.6
42 3001 25.6
42 3002 25.6
42 3003 25.6
42 3004 25.6
42 3005 25.6
42 3006 25.6
42 3007 25.6
42 3008 25.6
42 3009 25.6
42 3010 25.6
42 3011 25.6
42 3012 25.6
43 3013 25.6
43 3014 25.6
43 3015 25.6
43 3016 25.6
43 3017 25.6
43 3018 25.6
43 3019 25.6
43 3020 25.6
43 3021 25.6
43 3022 25.6
43 3023 25.6
43 3024 25.6
43 3025 25.6
43 3026 25.6
43 3027 25.6
43 3028 25.6
43 3029 25.6
43 3030 25.6
43 3031 25.6
43 3032 25.6
43 3033 25.6
43 3034 25.6
43 3035 25.6
43 3036 25.6
43 3037 25.6
43 3038 25.6
43 3039 25.6
43 3040 25.6
43 3041 25.6
43 3042 25.6
43 3043 25.6
43 3044 25.6
43 3045 25.6
43 3046 25.6
43 3047 25.6
43 3048 25.6
43 3049 25.6
43 3050 25.6
43 3051 25.6
43 3052 25.6
43 3053 25.6
43 3054 25.6
43 3055 25.6
43 3056 25.6
43 3057 25.6
43 3058 25.6
43 3059 25.6
43 3060 25.6
43 3061 25.6
43 3062 25.6
43 3063 25.6
43 3064 25.6
43 3065 25.6
43 3066 25.6
43 3067 25.6
43 3068 25.6
43 3069 25.6
43 3070 25.6
43 3071 25.6
43 3072 25.6
43 3073 25.6
43 3074 25.6
43 3075 25.6
43 3076 25.6
43 3077 25.6
44 3078 25.6
44 3079 25.6
44 3080 25.6
44 3081 25.6
44 3082 25.6
44 3083 25.6
44 3084 25.6
44 3085 25.6
44 3086 25.6
44 3087 25.6
44 3088 25.6
44 3089 25.6
44 3090 25.6
44 3091 25.6
44 3092 25.6
44 3093 25.6
44 3094 25.6
44 3095 25.6
44 3096 25.6
44 3097 25.6
44 3098 25.6
44 3099 25.6
44 3100 25.6
44 3101 25.6
44 3102 25.6
44 3103 25.6
44 3104 25.6
44 3105 25.6
44 3106 25.6
44 3107 25.6
44 3108 25.6
44 3109 25.6
44 3110 25.6
44 3111 25.6
44 3112 25.6
44 3113 25.6
44 3114 25.6
44 3115 25.6
44 3116 25.6
44 3117 25.6
44 3118 25.6
44 3119 25.6
44 3120 25.6
44 3121 25.6
44 3122 25.6
44 3123 25.6
44 3124 25.6
44 3125 25.6
44 3126 25.6
44 3127 25.6
44 3128 25.6
44 3129 25.6
44 3130 25.6
44 3131 25.6
44 3132 25.6
44 3133 25.6
44 3134 25.6
44 3135 25.6
44 3136 25.6
44 3137 25.6
44 3138 25.6
44 3139 25.6
44 3140 25.6
44 3141 25.6
44 3142 25.6
44 3143 25.6
45 3144 25.6
45 3145 25.6
45 3146 25.6
45 3147 25.6
45 3148 25.6
45 3149 25.6
45 3150 25.6
45 3151 25.6
45 3152 25.6
45 3153 25.6
45 3154 25.6
45 3155 25.6
45 3156 25.6
45 3157 25.6
45 3158 25.6
45 3159 25.6
45 3160 25.6
45 3161 25.6
45 3162 25.6
45 3163 25.6
45 3164 25.6
45 3165 25.6
45 3166 25.6
45 3167 25.6
45 3168 25.6
45 3169 25.6
45 3170 25.6
45 3171 25.6
45 3172 25.6
45 3173 25.6
45 3174 25.6
45 3175 25.6
45 3176 25.6
45 3177 25.6
45 3178 25.6
45 3179 25.6
45 3180 25.6
45 3181 25.6
45 3182 25.6
45 3183 25.6
45 3184 25.6
45 3185 25.6
45 3186 25.6
45 3187 25.6
45 3188 25.6
45 3189 25.6
45 3190 25.6
45 3191 25.6
45 3192 25.6
45 3193 25.6
45 3194 25.6
45 3195 25.6
45 3196 25.6
45 3197 25.6
45 3198 25.6
45 3199 25.6
46 3200 25.6
46 3201 25.6
46 3202 25.6
46 3203 25.6
46 3204 25.6
46 3205 25.6
46 3206 25.6
46 3207 25.6
46 3208 25.6
46 3209 25.6
46 3210 25.6
46 3211 25.6
46 3212 25.6
46 3213 25.6
46 3214 25.6
46 3215 25.6
46 3216 25.6
46 3217 25.6
46 3218 25.6
46 3219 25.6
46 3220 25.6
46 3221 25.6
46 3222 25.6
46 3223 25.6
46 3224 25.6
46 3225 25.6
46 3226 25.6
46 3227 25.6
46 3228 25.6
46 3229 25.6
46 3230 25.6
46 3231 25.6
46 3232 25.6
46 3233 25.6
46 3234 25.6
46 3235 25.6
46 3236 25.6
46 3237 25.6
46 3238 25.6
46 3239 25.6
46 3240 25.6
46 3241 25.6
46 3242 25.6
46 3243 25.6
46 3244 25.6
46 3245 25.6
46 3246 25.6
46 3247 25.6
46 3248 25.6
46 3249 25.6
46 3250 25.6
46 3251 25.6
46 3252 25.6
46 3253 25.6
46 3254 25.6
46 3255 25.6
46 3256 25.6
46 3257 25.6
46 3258 25.6
46 3259 25.6
46 3260 25.6
46 3261 25.6
46 3262 25.6
46 3263 25.6
46 3264 25.6
46 3265 25.6
46 3266 25.6
46 3267 25.6
47 3268 25.6
47 3269 25.6
47 3270 25.6
47 3271 25.6
47 3272 25.6
47 3273 25.6
47 3274 25.6
47 3275 25.6
47 3276 25.6
47 3277 25.6
47 3278 25.6
47 3279 25.6
47 3280 25.6
47 3281 25.6
47 3282 25.6
47 3283 25.6
47 3284 25.6
47 3285 25.6
47 3286 25.6
47 3287 25.6
47 3288 25.6
47 3289 25.6
47 3290 25.6
47 3291 25.6
47 3292 25.6
47 3293 25.6
47 3294 25.6
47 3295 25.6
47 3296 25.6
47 3297 25.6
47 3298 25.6
47 3299 25.6
47 3300 25.6
47 3301 25.6
47 3302 25.6
47 3303 25.6
47 3304 25.6
47 3305 25.6
47 3306 25.6
47 3307 25.6
47 3308 25.6
47 3309 25.6
47 3310 25.6
47 3311 25.6
47 3312 25.6
47 3313 25.6
47 3314 25.6
47 3315 25.6
47 3316 25.6
47 3317 25.6
47 3318 25.6
47 3319 25.6
47 3320 25.6
47 3321 25.6
47 3322 25.6
47 3323 25.6
47 3324 25.6
47 3325 25.6
47 3326 25.6
47 3327 25.6
47 3328 25.6
47 3329 25.6
47 3330 25.6
47 3331 25.6
47 3332 25.6
47 3333 25.6
48 3334 25.6
48 3335 25.6
48 3336 25.6
48 3337 25.6
48 3338 25.6
48 3339 25.6
48 3340 25.6
48 3341 25.6
48 3342 25.6
48 3343 25.6
48 3344 25.6
48 3345 25.6
48 3346 25.6
48 3347 25.6
48 3348 25.6
48 3349 25.6
48 3350 25.6
48 3351 25.6
48 3352 25.6
48 3353 25.6
48 3354 25.6
48 3355 25.6
48 3356 25.6
48 3357 25.6
48 3358 25.6
48 3359 25.6
48 3360 25.6
48 3361 25.6
48 3362 25.6
48 3363 25.6
48 3364 25.6
48 3365 25.6
48 3366 25.6
48 3367 25.6
48 3368 25.6
48 3369 25.6
48 3370 25.6
48 3371 25.6
48 3372 25.6
48 3373 25.6
48 3374 25.6
48 3375 25.6
48 3376 25.6
48 3377 25.6
48 3378 25.6
48 3379 25.6
48 3380 25.6
48 3381 25.6
48 3382 25.6
48 3383 25.6
48 3384 25.6
48 3385 25.6
48 3386 25.6
48 3387 25.6
48 3388 25.6
48 3389 25.6
48 3390 25.6
48 3391 25.6
48 3392 25.6
48 3393 25.6
48 3394 25.6
48 3395 25.6
48 3396 25.6
49 3397 25.6
49 3398 25.6
49 3399 25.6
49 3400 25.6
49 3401 25.6
49 3402 25.6
49 3403 25.6
49 3404 25.6
49 3405 25.6
49 3406 25.6
49 3407 25.6
49 3408 25.6
49 3409 25.6
49 3410 25.6
49 3411 25.6
49 3412 25.6
49 3413 25.6
49 3414 25.6
49 3415 25.6
49 3416 25.6
49 3417 25.6
49 3418 25.6
49 3419 25.6
49 3420 25.6
49 3421 25.6
49 3422 25.6
49 3423 25.6
49 3424 25.6
49 3425 25.6
49 3426 25.6
49 3427 25.6
49 3428 25.6
49 3429 25.6
49 3430 25.6
49 3431 25.6
49 3432 25.6
49 3433 25.6
49 3434 25.6
49 3435 25.6
49 3436 25.6
49 3437 25.6
49 3438 25.6
49 3439 25.6
49 3440 25.6
49 3441 25.6
49 3442 25.6
49 3443 25.6
49 3444 25.6
49 3445 25.6
49 3446 25.6
49 3447 25.6
49 3448 25.6
49 3449 25.6
49 3450 25.6
49 3451 25.6
49 3452 25.6
49 3453 25.6
49 3454 25.6
49 3455 25.6
49 3456 25.6
49 3457 25.6
49 3458 25.6
49 3459 25.6
49 3460 25.6
49 3461 25.6
49 3462 25.6
49 3463 25.6
50 3464 25.6
50 3465 25.6
50 3466 25.6
50 3467 25.6
50 3468 25.6
50 3469 25.6
50 3470 25.6
50 3471 25.6
50 3472 25.6
50 3473 25.6
50 3474 25.6
50 3475 25.6
50 3476 25.6
50 3477 25.6
50 3478 25.6
50 3479 25.6
50 3480 25.6
50 3481 25.6
50 3482 25.6
50 3483 25.6
50 3484 25.6
50 3485 25.6
50 3486 25.6
50 3487 25.6
50 3488 25.6
50 3489 25.6
50 3490 25.6
50 3491 25.6
50 3492 25.6
50 3493 25.6
50 3494 25.6
50 3495 25.6
50 3496 25.6
50 3497 25.6
50 3498 25.6
50 3499 25.6
50 3500 25.6
50 3501 25.6
50 3502 25.6
50 3503 25.6
50 3504 25.6
50 3505 25.6
50 3506 25.6
50 3507 25.6
50 3508 25.6
50 3509 25.6
50 3510 25.6
50 3511 25.6
50 3512 25.6
50 3513 25.6
50 3514 25.6
50 3515 25.6
50 3516 25.6
50 3517 25.6
50 3518 25.6
50 3519 25.6
50 3520 25.6
50 3521 25.6
50 3522 25.6
50 3523 25.6
51 3524 25.6
51 3525 25.6
51 3526 25.6
51 3527 25.6
51 3528 25.6
51 3529 25.6
51 3530 25.6
51 3531 25.6
51 3532 25.6
51 3533 25.6
51 3534 25.6
51 3535 25.6
51 3536 25.6
51 3537 25.6
51 3538 25.6
51 3539 25.6
51 3540 25.6
51 3541 25.6
51 3542 25.6
51 3543 25.6
51 3544 25.6
51 3545 25.6
51 3546 25.6
51 3547 25.6
51 3548 25.6
51 3549 25.6
51 3550 25.6
51 3551 25.6
51 3552 25.6
51 3553 25.6
51 3554 25.6
51 3555 25.6
51 3556 25.6
51 3557 25.6
51 3558 25.6
51 3559 25.6
51 3560 25.6
51 3561 25.6
51 3562 25.6
51 3563 25.6
51 3564 25.6
51 3565 25.6
51 3566 25.6
51 3567 25.6
51 3568 25.6
51 3569 25.6
51 3570 25.6
51 3571 25.6
51 3572 25.6
51 3573 25.6
51 3574 25.6
51 3575 25.6
51 3576 25.6
51 3577 25.6
51 3578 25.6
51 3579 25.6
51 3580 25.6
51 3581 25.6
51 3582 25.6
51 3583 25.6
52 3584 25.6
52 3585 25.6
52 3586 25.6
52 3587 25.6
52 3588 25.6
52 3589 25.6
52 3590 25.6
52 3591 25.6
52 3592 25.6
52 3593 25.6
52 3594 25.6
52 3595 25.6
52 3596 25.6
52 3597 25.6
52 3598 25.6
52 3599 25.6
52 3600 25.6
52 3601 25.6
52 3602 25.6
52 3603 25.6
52 3604 25.6
52 3605 25.6
52 3606 25.6
52 3607 25.6
52 3608 25.6
52 3609 25.6
52 3610 25.6
52 3611 25.6
52 3612 25.6
52 3613 25.6
52 3614 25.6
52 3615 25.6
52 3616 25.6
52 3617 25.6
52 3618 25.6
52 3619 25.6
52 3620 25.6
52 3621 25.6
52 3622 25.6
52 3623 25.6
52 3624 25.6
52 3625 25.6
52 3626 25.6
52 3627 25.6
52 3628 25.6
52 3629 25.6
52 3630 25.6
52 3631 25.6
52 3632 25.6
52 3633 25.6
52 3634 25.6
52 3635 25.6
52 3636 25.6
52 3637 25.6
52 3638 25.6
52 3639 25.6
52 3640 25.6
52 3641 25.6
52 3642 25.6
52 3643 25.6
52 3644 25.6
52 3645 25.6
52 3646 25.6
52 3647 25.6
53 3648 25.6
53 3649 25.6
53 3650 25.6
53 3651 25.6
53 3652 25.6
53 3653 25.6
53 3654 25.6
53 3655 25.6
53 3656 25.6
53 3657 25.6
53 3658 25.6
53 3659 25.6
53 3660 25.6
53 3661 25.6
53 3662 25.6
53 3663 25.6
53 3664 25.6
53 3665 25.6
53 3666 25.6
53 3667 25.6
53 3668 25.6
53 3669 25.6
53 3670 25.6
53 3671 25.6
53 3672 25.6
53 3673 25.6
53 3674 25.6
53 3675 25.6
53 3676 25.6
53 3677 25.6
53 3678 25.6
53 3679 25.6
53 3680 25.6
53 3681 25.6
53 3682 25.6
53 3683 25.6
53 3684 25.6
53 3685 25.6
53 3686 25.6
53 3687 25.6
53 3688 25.6
53 3689 25.6
53 3690 25.6
53 3691 25.6
53 3692 25.6
53 3693 25.6
53 3694 25.6
53 3695 25.6
53 3696 25.6
53 3697 25.6
53 3698 25.6
53 3699 25.6
53 3700 25.6
53 3701 25.6
53 3702 25.6
53 3703 25.6
53 3704 25.6
53 3705 25.6
53 3706 25.6
53 3707 25.6
53 3708 25.6
53 3709 25.6
53 3710 25.6
53 3711 25.6
54 3712 25.6
54 3713 25.6
54 3714 25.6
54 3715 25.6
54 3716 25.6
54 3717 25.6
54 3718 25.6
54 3719 25.6
54 3720 25.6
54 3721 25.6
54 3722 25.6
54 3723 25.6
54 3724 25.6
54 3725 25.6
54 3726 25.6
54 3727 25.6
54 3728 25.6
54 3729 25.6
54 3730 25.6
54 3731 25.6
54 3732 25.6
54 3733 25.6
54 3734 25.6
54 3735 25.6
54 3736 25.6
54 3737 25.6
54 3738 25.6
54 3739 25.6
54 3740 25.6
54 3741 25.6
54 3742 25.6
54 3743 25.6
54 3744 25.6
54 3745 25.6
54 3746 25.6
54 3747 25.6
54 3748 25.6
54 3749 25.6
54 3750 25.6
54 3751 25.6
54 3752 25.6
54 3753 25.6
54 3754 25.6
54 3755 25.6
54 3756 25.6
54 3757 25.6
54 3758 25.6
54 3759 25.6
54 3760 25.6
54 3761 25.6
54 3762 25.6
54 3763 25.6
54 3764 25.6
54 3765 25.6
54 3766 25.6
54 3767 25.6
54 3768 25.6
55 3769 25.6
55 3770 25.6
55 3771 25.6
55 3772 25.6
55 3773 25.6
55 3774 25.6
55 3775 25.6
55 3776 25.6
55 3777 25.6
55 3778 25.6
55 3779 25.6
55 3780 25.6
55 3781 25.6
55 3782 25.6
55 3783 25.6
55 3784 25.6
55 3785 25.6
55 3786 25.6
55 3787 25.6
55 3788 25.6
55 3789 25.6
55 3790 25.6
55 3791 25.6
55 3792 25.6
55 3793 25.6
55 3794 25.6
55 3795 25.6
55 3796 25.6
55 3797 25.6
55 3798 25.6
55 3799 25.6
55 3800 25.6
55 3801 25.6
55 3802 25.6
55 3803 25.6
55 3804 25.6
55 3805 25.6
55 3806 25.6
55 3807 25.6
55 3808 25.6
55 3809 25.6
55 3810 25.6
55 3811 25.6
55 3812 25.6
55 3813 25.6
55 3814 25.6
55 3815 25.6
56 3816 25.6
56 3817 25.6
56 3818 25.6
56 3819 25.6
56 3820 25.6
56 3821 25.6
56 3822 25.6
56 3823 25.6
56 3824 25.6
56 3825 25.6
56 3826 25.6
56 3827 25.6
56 3828 25.6
56 3829 25.6
56 3830 25.6
56 3831 25.6
56 3832 25.6
56 3833 25.6
56 3834 25.6
56 3835 25.6
56 3836 25.6
56 3837 25.6
56 3838 25.6
56 3839 25.6
56 3840 25.6
56 3841 25.6
56 3842 25.6
56 3843 25.6
56 3844 25.6
56 3845 25.6
56 3846 25.6
56 3847 25.6
56 3848 25.6
56 3849 25.6
56 3850 25.6
56 3851 25.6
56 3852 25.6
56 3853 25.6
56 3854 25.6
56 3855 25.6
56 3856 25.6
56 3857 25.6
56 3858 25.6
56 3859 25.6
56 3860 25.6
56 3861 25.6
56 3862 25.6
56 3863 25.6
56 3864 25.6
56 3865 25.6
56 3866 25.6
56 3867 25.6
56 3868 25.6
56 3869 25.6
57 3870 25.6
57 3871 25.6
57 3872 25.6
57 3873 25.6
57 3874 25.6
57 3875 25.6
57 3876 25.6
57 3877 25.6
57 3878 25.6
57 3879 25.6
57 3880 25.6
57 3881 25.6
57 3882 25.6
57 3883 25.6
57 3884 25.6
57 3885 25.6
57 3886 25.6
57 3887 25.6
57 3888 25.6
57 3889 25.6
57 3890 25.6
57 3891 25.6
57 3892 25.6
57 3893 25.6
57 3894 25.6
57 3895 25.6
57 3896 25.6
57 3897 25.6
57 3898 25.6
57 3899 25.6
57 3900 25.6
57 3901 25.6
57 3902 25.6
57 3903 25.6
57 3904 25.6
57 3905 25.6
57 3906 25.6
57 3907 25.6
57 3908 25.6
57 3909 25.6
57 3910 25.6
57 3911 25.6
57 3912 25.6
57 3913 25.6
57 3914 25.6
57 3915 25.6
57 3916 25.6
57 3917 25.6
57 3918 25.6
57 3919 25.6
57 3920 25.6
57 3921 25.6
57 3922 25.6
57 3923 25.6
57 3924 25.6
57 3925 25.6
57 3926 25.6
58 3927 25.6
58 3928 25.6
58 3929 25.6
58 3930 25.6
58 3931 25.6
58 3932 25.6
58 3933 25.6
58 3934 25.6
58 3935 25.6
58 3936 25.6
58 3937 25.6
58 3938 25.6
58 3939 25.6
58 3940 25.6
58 3941 25.6
58 3942 25.6
58 3943 25.6
58 3944 25.6
58 3945 25.6
58 3946 25.6
58 3947 25.6
58 3948 25.6
58 3949 25.6
58 3950 25.6
58 3951 25.6
58 3952 25.6
58 3953 25.6
58 3954 25.6
58 3955 25.6
58 3956 25.6
58 3957 25.6
58 3958 25.6
58 3959 25.6
58 3960 25.6
58 3961 25.6
58 3962 25.6
58 3963 25.6
58 3964 25.6
58 3965 25.6
58 3966 25.6
58 3967 25.6
58 3968 25.6
58 3969 25.6
58 3970 25.6
58 3971 25.6
58 3972 25.6
58 3973 25.6
58 3974 25.6
58 3975 25.6
58 3976 25.6
58 3977 25.6
58 3978 25.6
58 3979 25.6
58 3980 25.6
58 3981 25.6
58 3982 25.6
58 3983 25.6
58 3984 25.6
58 3985 25.6
58 3986 25.6
59 3987 25.6
59 3988 25.6
59 3989 25.6
59 3990 25.6
59 3991 25.6
59 3992 25.6
59 3993 25.6
59 3994 25.6
59 3995 25.6
59 3996 25.6
59 3997 25.6
59 3998 25.6
59 3999 25.6
59 4000 25.6
59 4001 25.6
59 4002 25.6
59 4003 25.6
59 4004 25.6
59 4005 25.6
59 4006 25.6
59 4007 25.6
59 4008 25.6
59 4009 25.6
59 4010 25.6
59 4011 25.6
59 4012 25.6
59 4013 25.6
59 4014 25.6
59 4015 25.6
59 4016 25.6
59 4017 25.6
59 4018 25.6
59 4019 25.6
59 4020 25.6
59 4021 25.6
59 4022 25.6
59 4023 25.6
59 4024 25.6
59 4025 25.6
59 4026 25.6
59 4027 25.6
59 4028 25.6
59 4029 25.6
59 4030 25.6
59 4031 25.6
59 4032 25.6
59 4033 25.6
59 4034 25.6
59 4035 25.6
59 4036 25.6
59 4037 25.6
59 4038 25.6
59 4039 25.6
59 4040 25.6
59 4041 25.6
59 4042 25.6
59 4043 25.6
59 4044 25.6
59 4045 25.6
60 4046 25.6
60 4047 25.6
60 4048 25.6
60 4049 25.6
60 4050 25.6
60 4051 25.6
60 4052 25.6
60 4053 25.6
60 4054 25.6
60 4055 25.6
60 4056 25.6
60 4057 25.6
60 4058 25.6
60 4059 25.6
60 4060 25.6
60 4061 25.6
60 4062 25.6
60 4063 25.6
60 4064 25.6
60 4065 25.6
60 4066 25.6
60 4067 25.6
60 4068 25.6
60 4069 25.6
60 4070 25.6
60 4071 25.6
60 4072 25.6
60 4073 25.6
60 4074 25.6
60 4075 25.6
60 4076 25.6
60 4077 25.6
60 4078 25.6
60 4079 25.6
60 4080 25.6
60 4081 25.6
60 4082 25.6
60 4083 25.6
60 4084 25.6
60 4085 25.6
60 4086 25.6
60 4087 25.6
60 4088 25.6
60 4089 25.6
60 4090 25.6
60 4091 25.6
60 4092 25.6
60 4093 25.6
60 4094 25.6
60 4095 25.6
60 4096 25.6
60 4097 25.6
60 4098 25.6
60 4099 25.6
60 4100 25.6
60 4101 25.6
60 4102 25.6
60 4103 25.6
61 4104 25.6
61 4105 25.6
61 4106 25.6
61 4107 25.6
61 4108 25.6
61 4109 25.6
61 4110 25.6
61 4111 25.6
61 4112 25.6
61 4113 25.6
61 4114 25.6
61 4115 25.6
61 4116 25.6
61 4117 25.6
61 4118 25.6
61 4119 25.6
61 4120 25.6
61 4121 25.6
61 4122 25.6
61 4123 25.6
61 4124 25.6
61 4125 25.6
61 4126 25.6
61 4127 25.6
61 4128 25.6
61 4129 25.6
61 4130 25.6
61 4131 25.6
61 4132 25.6
61 4133 25.6
61 4134 25.6
61 4135 25.6
61 4136 25.6
61 4137 25.6
61 4138 25.6
61 4139 25.6
61 4140 25.6
61 4141 25.6
61 4142 25.6
61 4143 25.6
61 4144 25.6
61 4145 25.6
61 4146 25.6
61 4147 25.6
61 4148 25.6
61 4149 25.6
61 4150 25.6
61 4151 25.6
61 4152 25.6
61 4153 25.6
61 4154 25.6
61 4155 25.6
61 4156 25.6
61 4157 25.6
61 4158 25.6
61 4159 25.6
61 4160 25.6
61 4161 25.6
61 4162 25.6
62 4163 25.6
62 4164 25.6
62 4165 25.6
62 4166 25.6
62 4167 25.6
62 4168 25.6
62 4169 25.6
62 4170 25.6
62 4171 25.6
62 4172 25.6
62 4173 25.6
62 4174 25.6
62 4175 25.6
62 4176 25.6
62 4177 25.6
62 4178 25.6
62 4179 25.6
62 4180 25.6
62 4181 25.6
62 4182 25.6
62 4183 25.6
62 4184 25.6
62 4185 25.6
62 4186 25.6
62 4187 25.6
62 4188 25.6
62 4189 25.6
62 4190 25.6
62 4191 25.6
62 4192 25.6
62 4193 25.6
62 4194 25.6
62 4195 25.6
62 4196 25.6
62 4197 25.6
62 4198 25.6
62 4199 25.6
62 4200 25.6
62 4201 25.6
62 4202 25.6
62 4203 25.6
62 4204 25.6
62 4205 25.6
62 4206 25.6
62 4207 25.6
62 4208 25.6
62 4209 25.6
62 4210 25.6
62 4211 25.6
62 4212 25.6
62 4213 25.6
62 4214 25.6
62 4215 25.6
62 4216 25.6
63 4217 25.6
63 4218 25.6
63 4219 25.6
63 4220 25.6
63 4221 25.6
63 4222 25.6
63 4223 25.6
63 4224 25.6
63 4225 25.6
63 4226 25.6
63 4227 25.6
63 4228 25.6
63 4229 25.6
63 4230 25.6
63 4231 25.6
63 4232 25.6
63 4233 25.6
63 4234 25.6
63 4235 25.6
63 4236 25.6
63 4237 25.6
63 4238 25.6
63 4239 25.6
63 4240 25.6
63 4241 25.6
63 4242 25.6
63 4243 25.6
63 4244 25.6
63 4245 25.6
63 4246 25.6
63 4247 25.6
63 4248 25.6
63 4249 25.6
63 4250 25.6
63 4251 25.6
63 4252 25.6
63 4253 25.6
63 4254 25.6
63 4255 25.6
63 4256 25.6
63 4257 25.6
63 4258 25.6
63 4259 25.6
63 4260 25.6
63 4261 25.6
63 4262 25.6
63 4263 25.6
63 4264 25.6
63 4265 25.6
63 4266 25.6
63 4267 25.6
63 4268 25.6
63 4269 25.6
63 4270 25.6
63 4271 25.6
63 4272 25.6
63 4273 25.6
63 4274 25.6
63 4275 25.6
63 4276 25.6
63 4277 25.6
63 4278 25.6
64 4279 25.6
64 4280 25.6
64 4281 25.6
64 4282 25.6
64 4283 25.6
64 4284 25.6
64 4285 25.6
64 4286 25.6
64 4287 25.6
64 4288 25.6
64 4289 25.6
64 4290 25.6
64 4291 25.6
64 4292 25.6
64 4293 25.6
64 4294 25.6
64 4295 25.6
64 4296 25.6
64 4297 25.6
64 4298 25.6
64 4299 25.6
64 4300 25.6
64 4301 25.6
64 4302 25.6
64 4303 25.6
64 4304 25.6
64 4305 25.6
64 4306 25.6
64 4307 25.6
64 4308 25.6
64 4309 25.6
64 4310 25.6
64 4311 25.6
64 4312 25.6
64 4313 25.6
64 4314 25.6
64 4315 25.6
64 4316 25.6
64 4317 25.6
64 4318 25.6
64 4319 25.6
64 4320 25.6
64 4321 25.6
64 4322 25.6
64 4323 25.6
64 4324 25.6
64 4325 25.6
64 4326 25.6
64 4327 25.6
64 4328 25.6
64 4329 25.6
64 4330 25.6
64 4331 25.6
64 4332 25.6
65 4333 25.6
65 4334 25.6
65 4335 25.6
65 4336 25.6
65 4337 25.6
65 4338 25.6
65 4339 25.6
65 4340 25.6
65 4341 25.6
65 4342 25.6
65 4343 25.6
65 4344 25.6
65 4345 25.6
65 4346 25.6
65 4347 25.6
65 4348 25.6
65 4349 25.6
65 4350 25.6
65 4351 25.6
65 4352 25.6
65 4353 25.6
65 4354 25.6
65 4355 25.6
65 4356 25.6
65 4357 25.6
65 4358 25.6
65 4359 25.6
65 4360 25.6
65 4361 25.6
65 4362 25.6
65 4363 25.6
65 4364 25.6
65 4365 25.6
65 4366 25.6
65 4367 25.6
65 4368 25.6
65 4369 25.6
65 4370 25.6
65 4371 25.6
65 4372 25.6
65 4373 25.6
65 4374 25.6
65 4375 25.6
65 4376 25.6
65 4377 25.6
65 4378 25.6
65 4379 25.6
65 4380 25.6
65 4381 25.6
65 4382 25.6
65 4383 25.6
65 4384 25.6
65 4385 25.6
65 4386 25.6
65 4387 25.6
65 4388 25.6
65 4389 25.6
65 4390 25.6
66 4391 25.6
66 4392 25.6
66 4393 25.6
66 4394 25.6
66 4395 25.6
66 4396 25.6
66 4397 25.6
66 4398 25.6
66 4399 25.6
66 4400 25.6
66 4401 25.6
66 4402 25.6
66 4403 25.6
66 4404 25.6
66 4405 25.6
66 4406 25.6
66 4407 25.6
66 4408 25.6
66 4409 25.6
66 4410 25.6
66 4411 25.6
66 4412 25.6
66 4413 25.6
66 4414 25.6
66 4415 25.6
66 4416 25.6
66 4417 25.6
66 4418 25.6
66 4419 25.6
66 4420 25.6
66 4421 25.6
66 4422 25.6
66 4423 25.6
66 4424 25.6
66 4425 25.6
66 4426 25.6
66 4427 25.6
66 4428 25.6
66 4429 25.6
66 4430 25.6
66 4431 25.6
66 4432 25.6
66 4433 25.6
66 4434 25.6
66 4435 25.6
66 4436 25.6
66 4437 25.6
66 4438 25.6
66 4439 25.6
66 4440 25.6
66 4441 25.6
66 4442 25.6
66 4443 25.6
66 4444 25.6
66 4445 25.6
66 4446 25.6
66 4447 25.6
67 4448 25.6
67 4449 25.6
67 4450 25.6
67 4451 25.6
67 4452 25.6
67 4453 25.6
67 4454 25.6
67 4455 25.6
67 4456 25.6
67 4457 25.6
67 4458 25.6
67 4459 25.6
67 4460 25.6
67 4461 25.6
67 4462 25.6
67 4463 25.6
67 4464 25.6
67 4465 25.6
67 4466 25.6
67 4467 25.6
67 4468 25.6
67 4469 25.6
67 4470 25.6
67 4471 25.6
67 4472 25.6
67 4473 25.6
67 4474 25.6
67 4475 25.6
67 4476 25.6
67 4477 25.6
67 4478 25.6
67 4479 25.6
67 4480 25.6
67 4481 25.6
67 4482 25.6
67 4483 25.6
67 4484 25.6
67 4485 25.6
67 4486 25.6
67 4487 25.6
67 4488 25.6
67 4489 25.6
67 4490 25.6
67 4491 25.6
67 4492 25.6
67 4493 25.6
67 4494 25.6
67 4495 25.6
67 4496 25.6
67 4497 25.6
67 4498 25.6
67 4499 25.6
67 4500 25.6
68 4501 25.6
68 4502 25.6
68 4503 25.6
68 4504 25.6
68 4505 25.6
68 4506 25.6
68 4507 25.6
68 4508 25.6
68 4509 25.6
68 4510 25.6
68 4511 25.6
68 4512 25.6
68 4513 25.6
68 4514 25.6
68 4515 25.6
68 4516 25.6
68 4517 25.6
68 4518 25.6
68 4519 25.6
68 4520 25.6
68 4521 25.6
68 4522 25.6
68 4523 25.6
68 4524 25.6
68 4525 25.6
68 4526 25.6
68 4527 25.6
68 4528 25.6
68 4529 25.6
68 4530 25.6
68 4531 25.6
68 4532 25.6
68 4533 25.6
68 4534 25.6
68 4535 25.6
68 4536 25.6
68 4537 25.6
68 4538 25.6
68 4539 25.6
68 4540 25.6
68 4541 25.6
68 4542 25.6
68 4543 25.6
68 4544 25.6
68 4545 25.6
68 4546 25.6
68 4547 25.6
68 4548 25.6
68 4549 25.6
68 4550 25.6
68 4551 25.6
68 4552 25.6
68 4553 25.6
68 4554 25.6
68 4555 25.6
69 4556 25.6
69 4557 25.6
69 4558 25.6
69 4559 25.6
69 4560 25.6
69 4561 25.6
69 4562 25.6
69 4563 25.6
69 4564 25.6
69 4565 25.6
69 4566 25.6
69 4567 25.6
69 4568 25.6
69 4569 25.6
69 4570 25.6
69 4571 25.6
69 4572 25.6
69 4573 25.6
69 4574 25.6
69 4575 25.6
69 4576 25.6
69 4577 25.6
69 4578 25.6
69 4579 25.6
69 4580 25.6
69 4581 25.6
69 4582 25.6
69 4583 25.6
69 4584 25.6
69 4585 25.6
69 4586 25.6
69 4587 25.6
69 4588 25.6
69 4589 25.6
69 4590 25.6
69 4591 25.6
69 4592 25.6
69 4593 25.6
69 4594 25.6
69 4595 25.6
69 4596 25.6
69 4597 25.6
69 4598 25.6
69 4599 25.6
69 4600 25.6
69 4601 25.6
69 4602 25.6
69 4603 25.6
69 4604 25.6
69 4605 25.6
69 4606 25.6
69 4607 25.6
69 4608 25.6
69 4609 25.6
69 4610 25.6
69 4611 25.6
69 4612 25.6
69 4613 25.6
69 4614 25.6
69 4615 25.6
70 4616 25.6
70 4617 25.6
70 4618 25.6
70 4619 25.6
70 4620 25.6
70 4621 25.6
70 4622 25.6
70 4623 25.6
70 4624 25.6
70 4625 25.6
70 4626 25.6
70 4627 25.6
70 4628 25.6
70 4629 25.6
70 4630 25.6
70 4631 25.6
70 4632 25.6
70 4633 25.6
70 4634 25.6
70 4635 25.6
70 4636 25.6
70 4637 25.6
70 4638 25.6
70 4639 25.6
70 4640 25.6
70 4641 25.6
70 4642 25.6
70 4643 25.6
70 4644 25.6
70 4645 25.6
70 4646 25.6
70 4647 25.6
70 4648 25.6
70 4649 25.6
70 4650 25.6
70 4651 25.6
70 4652 25.6
70 4653 25.6
70 4654 25.6
70 4655 25.6
70 4656 25.6
70 4657 25.6
70 4658 25.6
70 4659 25.6
70 4660 25.6
70 4661 25.6
70 4662 25.6
70 4663 25.6
70 4664 25.6
70 4665 25.6
70 4666 25.6
70 4667 25.6
70 4668 25.6
70 4669 25.6
70 4670 25.6
70 4671 25.6
70 4672 25.6
70 4673 25.6
71 4674 25.6
71 4675 25.6
71 4676 25.6
71 4677 25.6
71 4678 25.6
71 4679 25.6
71 4680 25.6
71 4681 25.6
71 4682 25.6
71 4683 25.6
71 4684 25.6
71 4685 25.6
71 4686 25.6
71 4687 25.6
71 4688 25.6
71 4689 25.6
71 4690 25.6
71 4691 25.6
71 4692 25.6
71 4693 25.6
71 4694 25.6
71 4695 25.6
71 4696 25.6
71 4697 25.6
71 4698 25.6
71 4699 25.6
71 4700 25.6
71 4701 25.6
71 4702 25.6
71 4703 25.6
71 4704 25.6
71 4705 25.6
71 4706 25.6
71 4707 25.6
71 4708 25.6
71 4709 25.6
71 4710 25.6
71 4711 25.6
71 4712 25.6
71 4713 25.6
71 4714 25.6
71 4715 25.6
71 4716 25.6
71 4717 25.6
71 4718 25.6
71 4719 25.6
71 4720 25.6
71 4721 25.6
71 4722 25.6
71 4723 25.6
71 4724 25.6
71 4725 25.6
71 4726 25.6
71 4727 25.6
71 4728 25.6
71 4729 25.6
71 4730 25.6
71 4731 25.6
71 4732 25.6
72 4733 25.6
72 4734 25.6
72 4735 25.6
72 4736 25.6
72 4737 25.6
72 4738 25.6
72 4739 25.6
72 4740 25.6
72 4741 25.6
72 4742 25.6
72 4743 25.6
72 4744 25.6
72 4745 25.6
72 4746 25.6
72 4747 25.6
72 4748 25.6
72 4749 25.6
72 4750 25.6
72 4751 25.6
72 4752 25.6
72 4753 25.6
72 4754 25.6
72 4755 25.6
72 4756 25.6
72 4757 25.6
72 4758 25.6
72 4759 25.6
72 4760 25.6
72 4761 25.6
72 4762 25.6
72 4763 25.6
72 4764 25.6
72 4765 25.6
72 4766 25.6
72 4767 25.6
72 4768 25.6
72 4769 25.6
72 4770 25.6
72 4771 25.6
72 4772 25.6
72 4773 25.6
72 4774 25.6
72 4775 25.6
72 4776 25.6
72 4777 25.6
72 4778 25.6
72 4779 25.6
72 4780 25.6
72 4781 25.6
72 4782 25.6
72 4783 25.6
72 4784 25.6
72 4785 25.6
72 4786 25.6
72 4787 25.6
72 4788 25.6
72 4789 25.6
73 4790 25.6
73 4791 25.6
73 4792 25.6
73 4793 25.6
73 4794 25.6
73 4795 25.6
73 4796 25.6
73 4797 25.6
73 4798 25.6
73 4799 25.6
73 4800 25.6
73 4801 25.6
73 4802 25.6
73 4803 25.6
73 4804 25.6
73 4805 25.6
73 4806 25.6
73 4807 25.6
73 4808 25.6
73 4809 25.6
73 4810 25.6
73 4811 25.6
73 4812 25.6
73 4813 25.6
73 4814 25.6
73 4815 25.6
73 4816 25.6
73 4817 25.6
73 4818 25.6
73 4819 25.6
73 4820 25.6
73 4821 25.6
73 4822 25.6
73 4823 25.6
73 4824 25.6
73 4825 25.6
73 4826 25.6
73 4827 25.6
73 4828 25.6
73 4829 25.6
73 4830 25.6
73 4831 25.6
73 4832 25.6
73 4833 25.6
73 4834 25.6
73 4835 25.6
73 4836 25.6
73 4837 25.6
73 4838 25.6
73 4839 25.6
73 4840 25.6
73 4841 25.6
73 4842 25.6
73 4843 25.6
73 4844 25.6
73 4845 25.6
73 4846 25.6
73 4847 25.6
73 4848 25.6
73 4849 25.6
74 4850 25.6
74 4851 25.6
74 4852 25.6
74 4853 25.6
74 4854 25.6
74 4855 25.6
74 4856 25.6
74 4857 25.6
74 4858 25.6
74 4859 25.6
74 4860 25.6
74 4861 25.6
74 4862 25.6
74 4863 25.6
74 4864 25.6
74 4865 25.6
74 4866 25.6
74 4867 25.6
74 4868 25.6
74 4869 25.6
74 4870 25.6
74 4871 25.6
74 4872 25.6
74 4873 25.6
74 4874 25.6
74 4875 25.6
74 4876 25.6
74 4877 25.6
74 4878 25.6
74 4879 25.6
74 4880 25.6
74 4881 25.6
74 4882 25.6
74 4883 25.6
74 4884 25.6
74 4885 25.6
74 4886 25.6
74 4887 25.6
74 4888 25.6
74 4889 25.6
74 4890 25.6
74 4891 25.6
74 4892 25.6
74 4893 25.6
74 4894 25.6
74 4895 25.6
74 4896 25.6
74 4897 25.6
74 4898 25.6
74 4899 25.6
74 4900 25.6
74 4901 25.6
74 4902 25.6
74 4903 25.6
74 4904 25.6
74 4905 25.6
74 4906 25.6
74 4907 25.6
74 4908 25.6
74 4909 25.6
74 4910 25.6
75 4911 25.6
75 4912 25.6
75 4913 25.6
75 4914 25.6
75 4915 25.6
75 4916 25.6
75 4917 25.6
75 4918 25.6
75 4919 25.6
75 4920 25.6
75 4921 25.6
75 4922 25.6
75 4923 25.6
75 4924 25.6
75 4925 25.6
75 4926 25.6
75 4927 25.6
75 4928 25.6
75 4929 25.6
75 4930 25.6
75 4931 25.6
75 4932 25.6
75 4933 25.6
75 4934 25.6
75 4935 25.6
75 4936 25.6
75 4937 25.6
75 4938 25.6
75 4939 25.6
75 4940 25.6
75 4941 25.6
75 4942 25.6
75 4943 25.6
75 4944 25.6
75 4945 25.6
75 4946 25.6
75 4947 25.6
75 4948 25.6
75 4949 25.6
75 4950 25.6
75 4951 25.6
75 4952 25.6
75 4953 25.6
75 4954 25.6
75 4955 25.6
75 4956 25.6
75 4957 25.6
75 4958 25.6
75 4959 25.6
75 4960 25.6
75 4961 25.6
75 4962 25.6
75 4963 25.6
75 4964 25.6
75 4965 25.6
75 4966 25.6
76 4967 25.6
76 4968 25.6
76 4969 25.6
76 4970 25.6
76 4971 25.6
76 4972 25.6
76 4973 25.6
76 4974 25.6
76 4975 25.6
76 4976 25.6
76 4977 25.6
76 4978 25.6
76 4979 25.6
76 4980 25.6
76 4981 25.6
76 4982 25.6
76 4983 25.6
76 4984 25.6
76 4985 25.6
76 4986 25.6
76 4987 25.6
76 4988 25.6
76 4989 25.6
76 4990 25.6
76 4991 25.6
76 4992 25.6
76 4993 25.6
76 4994 25.6
76 4995 25.6
76 4996 25.6
76 4997 25.6
76 4998 25.6
76 4999 25.6
76 5000 25.6
76 5001 25.6
76 5002 25.6
76 5003 25.6
76 5004 25.6
76 5005 25.6
76 5006 25.6
76 5007 25.6
76 5008 25.6
76 5009 25.6
76 5010 25.6
76 5011 25.6
76 5012 25.6
76 5013 25.6
76 5014 25.6
76 5015 25.6
76 5016 25.6
76 5017 25.6
76 5018 25.6
76 5019 25.6
76 5020 25.6
76 5021 25.6
76 5022 25.6
76 5023 25.6
76 5024 25.6
76 5025 25.6
77 5026 25.6
77 5027 25.6
77 5028 25.6
77 5029 25.6
77 5030 25.6
77 5031 25.6
77 5032 25.6
77 5033 25.6
77 5034 25.6
77 5035 25.6
77 5036 25.6
77 5037 25.6
77 5038 25.6
77 5039 25.6
77 5040 25.6
77 5041 25.6
77 5042 25.6
77 5043 25.6
77 5044 25.6
77 5045 25.6
77 5046 25.6
77 5047 25.6
77 5048 25.6
77 5049 25.6
77 5050 25.6
77 5051 25.6
77 5052 25.6
77 5053 25.6
77 5054 25.6
77 5055 25.6
77 5056 25.6
77 5057 25.6
77 5058 25.6
77 5059 25.6
77 5060 25.6
77 5061 25.6
77 5062 25.6
77 5063 25.6
77 5064 25.6
77 5065 25.6
77 5066 25.6
77 5067 25.6
77 5068 25.6
77 5069 25.6
77 5070 25.6
77 5071 25.6
77 5072 25.6
77 5073 25.6
77 5074 25.6
77 5075 25.6
77 5076 25.6
77 5077 25.6
77 5078 25.6
77 5079 25.6
77 5080 25.6
77 5081 25.6
77 5082 25.6
77 5083 25.6
77 5084 25.6
77 5085 25.6
77 5086 25.6
78 5087 25.6
78 5088 25.6
78 5089 25.6
78 5090 25.6
78 5091 25.6
78 5092 25.6
78 5093 25.6
78 5094 25.6
78 5095 25.6
78 5096 25.6
78 5097 25.6
78 5098 25.6
78 5099 25.6
78 5100 25.6
78 5101 25.6
78 5102 25.6
78 5103 25.6
78 5104 25.6
78 5105 25.6
78 5106 25.6
78 5107 25.6
78 5108 25.6
78 5109 25.6
78 5110 25.6
78 5111 25.6
78 5112 25.6
78 5113 25.6
78 5114 25.6
78 5115 25.6
78 5116 25.6
78 5117 25.6
78 5118 25.6
78 5119 25.6
78 5120 25.6
78 5121 25.6
78 5122 25.6
78 5123 25.6
78 5124 25.6
78 5125 25.6
78 5126 25.6
78 5127 25.6
78 5128 25.6
78 5129 25.6
78 5130 25.6
78 5131 25.6
78 5132 25.6
78 5133 25.6
78 5134 25.6
78 5135 25.6
78 5136 25.6
78 5137 25.6
78 5138 25.6
78 5139 25.6
78 5140 25.6
78 5141 25.6
79 5142 25.6
79 5143 25.6
79 5144 25.6
79 5145 25.6
79 5146 25.6
79 5147 25.6
79 5148 25.6
79 5149 25.6
79 5150 25.6
79 5151 25.6
79 5152 25.6
79 5153 25.6
79 5154 25.6
79 5155 25.6
79 5156 25.6
79 5157 25.6
79 5158 25.6
79 5159 25.6
79 5160 25.6
79 5161 25.6
79 5162 25.6
79 5163 25.6
79 5164 25.6
79 5165 25.6
79 5166 25.6
79 5167 25.6
79 5168 25.6
79 5169 25.6
79 5170 25.6
79 5171 25.6
79 5172 25.6
79 5173 25.6
79 5174 25.6
79 5175 25.6
79 5176 25.6
79 5177 25.6
79 5178 25.6
79 5179 25.6
79 5180 25.6
79 5181 25.6
79 5182 25.6
79 5183 25.6
79 5184 25.6
79 5185 25.6
79 5186 25.6
79 5187 25.6
79 5188 25.6
79 5189 25.6
79 5190 25.6
79 5191 25.6
79 5192 25.6
79 5193 25.6
79 5194 25.6
79 5195 25.6
79 5196 25.6
79 5197 25.6
79 5198 25.6
79 5199 25.6
80 5200 25.6
80 5201 25.6
80 5202 25.6
80 5203 25.6
80 5204 25.6
80 5205 25.6
80 5206 25.6
80 5207 25.6
80 5208 25.6
80 5209 25.6
80 5210 25.6
80 5211 25.6
80 5212 25.6
80 5213 25.6
80 5214 25.6
80 5215 25.6
80 5216 25.6
80 5217 25.6
80 5218 25.6
80 5219 25.6
80 5220 25.6
80 5221 25.6
80 5222 25.6
80 5223 25.6
80 5224 25.6
80 5225 25.6
80 5226 25.6
80 5227 25.6
80 5228 25.6
80 5229 25.6
80 5230 25.6
80 5231 25.6
80 5232 25.6
80 5233 25.6
80 5234 25.6
80 5235 25.6
80 5236 25.6
80 5237 25.6
80 5238 25.6
80 5239 25.6
80 5240 25.6
80 5241 25.6
80 5242 25.6
80 5243 25.6
80 5244 25.6
80 5245 25.6
80 5246 25.6
80 5247 25.6
80 5248 25.6
80 5249 25.6
80 5250 25.6
80 5251 25.6
80 5252 25.6
80 5253 25.6
80 5254 25.6
80 5255 25.6
80 5256 25.6
81 5257 25.6
81 5258 25.6
81 5259 25.6
81 5260 25.6
81 5261 25.6
81 5262 25.6
81 5263 25.6
81 5264 25.6
81 5265 25.6
81 5266 25.6
81 5267 25.6
81 5268 25.6
81 5269 25.6
81 5270 25.6
81 5271 25.6
81 5272 25.6
81 5273 25.6
81 5274 25.6
81 5275 25.6
81 5276 25.6
81 5277 25.6
81 5278 25.6
81 5279 25.6
81 5280 25.6
81 5281 25.6
81 5282 25.6
81 5283 25.6
81 5284 25.6
81 5285 25.6
81 5286 25.6
81 5287 25.6
81 5288 25.6
81 5289 25.6
81 5290 25.6
81 5291 25.6
81 5292 25.6
81 5293 25.6
81 5294 25.6
81 5295 25.6
81 5296 25.6
81 5297 25.6
81 5298 25.6
81 5299 25.6
81 5300 25.6
81 5301 25.6
81 5302 25.6
81 5303 25.6
81 5304 25.6
81 5305 25.6
81 5306 25.6
81 5307 25.6
81 5308 25.6
81 5309 25.6
81 5310 25.6
82 5311 25.6
82 5312 25.6
82 5313 25.6
82 5314 25.6
82 5315 25.6
82 5316 25.6
82 5317 25.6
82 5318 25.6
82 5319 25.6
82 5320 25.6
82 5321 25.6
82 5322 25.6
82 5323 25.6
82 5324 25.6
82 5325 25.6
82 5326 25.6
82 5327 25.6
82 5328 25.6
82 5329 25.6
82 5330 25.6
82 5331 25.6
82 5332 25.6
82 5333 25.6
82 5334 25.6
82 5335 25.6
82 5336 25.6
82 5337 25.6
82 5338 25.6
82 5339 25.6
82 5340 25.6
82 5341 25.6
82 5342 25.6
82 5343 25.6
82 5344 25.6
82 5345 25.6
82 5346 25.6
82 5347 25.6
82 5348 25.6
82 5349 25.6
82 5350 25.6
82 5351 25.6
82 5352 25.6
82 5353 25.6
82 5354 25.6
82 5355 25.6
82 5356 25.6
82 5357 25.6
82 5358 25.6
82 5359 25.6
82 5360 25.6
82 5361 25.6
82 5362 25.6
82 5363 25.6
82 5364 25.6
82 5365 25.6
82 5366 25.6
82 5367 25.6
83 5368 25.6
83 5369 25.6
83 5370 25.6
83 5371 25.6
83 5372 25.6
83 5373 25.6
83 5374 25.6
83 5375 25.6
83 5376 25.6
83 5377 25.6
83 5378 25.6
83 5379 25.6
83 5380 25.6
83 5381 25.6
83 5382 25.6
83 5383 25.6
83 5384 25.6
83 5385 25.6
83 5386 25.6
83 5387 25.6
83 5388 25.6
83 5389 25.6
83 5390 25.6
83 5391 25.6
83 5392 25.6
83 5393 25.6
83 5394 25.6
83 5395 25.6
83 5396 25.6
83 5397 25.6
83 5398 25.6
83 5399 25.6
83 5400 25.6
83 5401 25.6
83 5402 25.6
83 5403 25.6
83 5404 25.6
83 5405 25.6
83 5406 25.6
83 5407 25.6
83 5408 25.6
83 5409 25.6
83 5410 25.6
83 5411 25.6
83 5412 25.6
83 5413 25.6
83 5414 25.6
83 5415 25.6
83 5416 25.6
83 5417 25.6
83 5418 25.6
83 5419 25.6
83 5420 25.6
83 5421 25.6
83 5422 25.6
84 5423 25.6
84 5424 25.6
84 5425 25.6
84 5426 25.6
84 5427 25.6
84 5428 25.6
84 5429 25.6
84 5430 25.6
84 5431 25.6
84 5432 25.6
84 5433 25.6
84 5434 25.6
84 5435 25.6
84 5436 25.6
84 5437 25.6
84 5438 25.6
84 5439 25.6
84 5440 25.6
84 5441 25.6
84 5442 25.6
84 5443 25.6
84 5444 25.6
84 5445 25.6
84 5446 25.6
84 5447 25.6
84 5448 25.6
84 5449 25.6
84 5450 25.6
84 5451 25.6
84 5452 25.6
84 5453 25.6
84 5454 25.6
84 5455 25.6
84 5456 25.6
84 5457 25.6
84 5458 25.6
84 5459 25.6
84 5460 25.6
84 5461 25.6
84 5462 25.6
84 5463 25.6
84 5464 25.6
84 5465 25.6
84 5466 25.6
84 5467 25.6
84 5468 25.6
84 5469 25.6
84 5470 25.6
84 5471 25.6
84 5472 25.6
84 5473 25.6
84 5474 25.6
84 5475 25.6
84 5476 25.6
84 5477 25.6
84 5478 25.6
84 5479 25.6
84 5480 25.6
84 5481 25.6
84 5482 25.6
85 5483 25.6
85 5484 25.6
85 5485 25.6
85 5486 25.6
85 5487 25.6
85 5488 25.6
85 5489 25.6
85 5490 25.6
85 5491 25.6
85 5492 25.6
85 5493 25.6
85 5494 25.6
85 5495 25.6
85 5496 25.6
85 5497 25.6
85 5498 25.6
85 5499 25.6
85 5500 25.6
85 5501 25.6
85 5502 25.6
85 5503 25.6
85 5504 25.6
85 5505 25.6
85 5506 25.6
85 5507 25.6
85 5508 25.6
85 5509 25.6
85 5510 25.6
85 5511 25.6
85 5512 25.6
85 5513 25.6
85 5514 25.6
85 5515 25.6
85 5516 25.6
85 5517 25.6
85 5518 25.6
85 5519 25.6
85 5520 25.6
85 5521 25.6
85 5522 25.6
85 5523 25.6
85 5524 25.6
85 5525 25.6
85 5526 25.6
85 5527 25.6
85 5528 25.6
85 5529 25.6
85 5530 25.6
85 5531 25.6
85 5532 25.6
85 5533 25.6
85 5534 25.6
85 5535 25.6
85 5536 25.6
85 5537 25.6
86 5538 25.6
86 5539 25.6
86 5540 25.6
86 5541 25.6
86 5542 25.6
86 5543 25.6
86 5544 25.6
86 5545 25.6
86 5546 25.6
86 5547 25.6
86 5548 25.6
86 5549 25.6
86 5550 25.6
86 5551 25.6
86 5552 25.6
86 5553 25.6
86 5554 25.6
86 5555 25.6
86 5556 25.6
86 5557 25.6
86 5558 25.6
86 5559 25.6
86 5560 25.6
86 5561 25.6
86 5562 25.6
86 5563 25.6
86 5564 25.6
86 5565 25.6
86 5566 25.6
86 5567 25.6
86 5568 25.6
86 5569 25.6
86 5570 25.6
86 5571 25.6
86 5572 25.6
86 5573 25.6
86 5574 25.6
86 5575 25.6
86 5576 25.6
86 5577 25.6
86 5578 25.6
86 5579 25.6
86 5580 25.6
86 5581 25.6
86 5582 25.6
86 5583 25.6
86 5584 25.6
86 5585 25.6
86 5586 25.6
86 5587 25.6
86 5588 25.6
86 5589 25.6
86 5590 25.6
86 5591 25.6
86 5592 25.6
86 5593 25.6
86 5594 25.6
86 5595 25.6
87 5596 25.6
87 5597 25.6
87 5598 25.6
87 5599 25.6
87 5600 25.6
87 5601 25.6
87 5602 25.6
87 5603 25.6
87 5604 25.6
87 5605 25.6
87 5606 25.6
87 5607 25.6
87 5608 25.6
87 5609 25.6
87 5610 25.6
87 5611 25.6
87 5612 25.6
87 5613 25.6
87 5614 25.6
87 5615 25.6
87 5616 25.6
87 5617 25.6
87 5618 25.6
87 5619 25.6
87 5620 25.6
87 5621 25.6
87 5622 25.6
87 5623 25.6
87 5624 25.6
87 5625 25.6
87 5626 25.6
87 5627 25.6
87 5628 25.6
87 5629 25.6
87 5630 25.6
87 5631 25.6
87 5632 25.6
87 5633 25.6
87 5634 25.6
87 5635 25.6
87 5636 25.6
87 5637 25.6
87 5638 25.6
87 5639 25.6
87 5640 25.6
87 5641 25.6
87 5642 25.6
87 5643 25.6
87 5644 25.6
87 5645 25.6
87 5646 25.6
87 5647 25.6
87 5648 25.6
87 5649 25.6
87 5650 25.6
87 5651 25.6
87 5652 25.6
87 5653 25.6
87 5654 25.6
88 5655 25.6
88 5656 25.6
88 5657 25.6
88 5658 25.6
88 5659 25.6
88 5660 25.6
88 5661 25.6
88 5662 25.6
88 5663 25.6
88 5664 25.6
88 5665 25.6
88 5666 25.6
88 5667 25.6
88 5668 25.6
88 5669 25.6
88 5670 25.6
88 5671 25.6
88 5672 25.6
88 5673 25.6
88 5674 25.6
88 5675 25.6
88 5676 25.6
88 5677 25.6
88 5678 25.6
88 5679 25.6
88 5680 25.6
88 5681 25.6
88 5682 25.6
88 5683 25.6
88 5684 25.6
88 5685 25.6
88 5686 25.6
88 5687 25.6
88 5688 25.6
88 5689 25.6
88 5690 25.6
88 5691 25.6
88 5692 25.6
88 5693 25.6
88 5694 25.6
88 5695 25.6
88 5696 25.6
88 5697 25.6
88 5698 25.6
88 5699 25.6
88 5700 25.6
88 5701 25.6
88 5702 25.6
88 5703 25.6
88 5704 25.6
88 5705 25.6
88 5706 25.6
88 5707 25.6
88 5708 25.6
89 5709 25.6
89 5710 25.6
89 5711 25.6
89 5712 25.6
89 5713 25.6
89 5714 25.6
89 5715 25.6
89 5716 25.6
89 5717 25.6
89 5718 25.6
89 5719 25.6
89 5720 25.6
89 5721 25.6
89 5722 25.6
89 5723 25.6
89 5724 25.6
89 5725 25.6
89 5726 25.6
89 5727 25.6
89 5728 25.6
89 5729 25.6
89 5730 25.6
89 5731 25.6
89 5732 25.6
89 5733 25.6
89 5734 25.6
89 5735 25.6
89 5736 25.6
89 5737 25.6
89 5738 25.6
89 5739 25.6
89 5740 25.6
89 5741 25.6
89 5742 25.6
89 5743 25.6
89 5744 25.6
89 5745 25.6
89 5746 25.6
89 5747 25.6
89 5748 25.6
89 5749 25.6
89 5750 25.6
89 5751 25.6
89 5752 25.6
89 5753 25.6
89 5754 25.6
89 5755 25.6
89 5756 25.6
89 5757 25.6
89 5758 25.6
89 5759 25.6
89 5760 25.6
89 5761 25.6
89 5762 25.6
89 5763 25.6
89 5764 25.6
89 5765 25.6
89 5766 25.6
89 5767 25.6
89 5768 25.6
89 5769 25.6
89 5770 25.6
89 5771 25.6
89 5772 25.6
90 5773 25.6
90 5774 25.6
90 5775 25.6
90 5776 25.6
90 5777 25.6
90 5778 25.6
90 5779 25.6
90 5780 25.6
90 5781 25.6
90 5782 25.6
90 5783 25.6
90 5784 25.6
90 5785 25.6
90 5786 25.6
90 5787 25.6
90 5788 25.6
90 5789 25.6
90 5790 25.6
90 5791 25.6
90 5792 25.6
90 5793 25.6
90 5794 25.6
90 5795 25.6
90 5796 25.6
90 5797 25.6
90 5798 25.6
90 5799 25.6
90 5800 25.6
90 5801 25.6
90 5802 25.6
90 5803 25.6
90 5804 25.6
90 5805 25.6
90 5806 25.6
90 5807 25.6
90 5808 25.6
90 5809 25.6
90 5810 25.6
90 5811 25.6
90 5812 25.6
90 5813 25.6
90 5814 25.6
90 5815 25.6
90 5816 25.6
90 5817 25.6
90 5818 25.6
90 5819 25.6
90 5820 25.6
90 5821 25.6
90 5822 25.6
90 5823 25.6
90 5824 25.6
90 5825 25.6
90 5826 25.6
90 5827 25.6
90 5828 25.6
90 5829 25.6
90 5830 25.6
90 5831 25.6
90 5832 25.6
91 5833 25.6
91 5834 25.6
91 5835 25.6
91 5836 25.6
91 5837 25.6
91 5838 25.6
91 5839 25.6
91 5840 25.6
91 5841 25.6
91 5842 25.6
91 5843 25.6
91 5844 25.6
91 5845 25.6
91 5846 25.6
91 5847 25.6
91 5848 25.6
91 5849 25.6
91 5850 25.6
91 5851 25.6
91 5852 25.6
91 5853 25.6
91 5854 25.6
91 5855 25.6
91 5856 25.6
91 5857 25.6
91 5858 25.6
91 5859 25.6
91 5860 25.6
91 5861 25.6
91 5862 25.6
91 5863 25.6
91 5864 25.6
91 5865 25.6
91 5866 25.6
91 5867 25.6
91 5868 25.6
91 5869 25.6
91 5870 25.6
91 5871 25.6
91 5872 25.6
91 5873 25.6
91 5874 25.6
91 5875 25.6
91 5876 25.6
91 5877 25.6
91 5878 25.6
91 5879 25.6
91 5880 25.6
91 5881 25.6
91 5882 25.6
91 5883 25.6
91 5884 25.6
91 5885 25.6
91 5886 25.6
91 5887 25.6
91 5888 25.6
91 5889 25.6
91 5890 25.6
91 5891 25.6
91 5892 25.6
91 5893 25.6
92 5894 25.6
92 5895 25.6
92 5896 25.6
92 5897 25.6
92 5898 25.6
92 5899 25.6
92 5900 25.6
92 5901 25.6
92 5902 25.6
92 5903 25.6
92 5904 25.6
92 5905 25.6
92 5906 25.6
92 5907 25.6
92 5908 25.6
92 5909 25.6
92 5910 25.6
92 5911 25.6
92 5912 25.6
92 5913 25.6
92 5914 25.6
92 5915 25.6
92 5916 25.6
92 5917 25.6
92 5918 25.6
92 5919 25.6
92 5920 25.6
92 5921 25.6
92 5922 25.6
92 5923 25.6
92 5924 25.6
92 5925 25.6
92 5926 25.6
92 5927 25.6
92 5928 25.6
92 5929 25.6
92 5930 25.6
92 5931 25.6
92 5932 25.6
92 5933 25.6
92 5934 25.6
92 5935 25.6
92 5936 25.6
92 5937 25.6
92 5938 25.6
92 5939 25.6
92 5940 25.6
92 5941 25.6
92 5942 25.6
92 5943 25.6
92 5944 25.6
92 5945 25.6
93 5946 25.6
93 5947 25.6
93 5948 25.6
93 5949 25.6
93 5950 25.6
93 5951 25.6
93 5952 25.6
93 5953 25.6
93 5954 25.6
93 5955 25.6
93 5956 25.6
93 5957 25.6
93 5958 25.6
93 5959 25.6
93 5960 25.6
93 5961 25.6
93 5962 25.6
93 5963 25.6
93 5964 25.6
93 5965 25.6
93 5966 25.6
93 5967 25.6
93 5968 25.6
93 5969 25.6
93 5970 25.6
93 5971 25.6
93 5972 25.6
93 5973 25.6
93 5974 25.6
93 5975 25.6
93 5976 25.6
93 5977 25.6
93 5978 25.6
93 5979 25.6
93 5980 25.6
93 5981 25.6
93 5982 25.6
93 5983 25.6
93 5984 25.6
93 5985 25.6
93 5986 25.6
93 5987 25.6
93 5988 25.6
93 5989 25.6
93 5990 25.6
93 5991 25.6
93 5992 25.6
93 5993 25.6
93 5994 25.6
93 5995 25.6
93 5996 25.6
93 5997 25.6
93 5998 25.6
93 5999 25.6
93 6000 25.6
93 6001 25.6
93 6002 25.6
94 6003 25.6
94 6004 25.6
94 6005 25.6
94 6006 25.6
94 6007 25.6
94 6008 25.6
94 6009 25.6
94 6010 25.6
94 6011 25.6
94 6012 25.6
94 6013 25.6
94 6014 25.6
94 6015 25.6
94 6016 25.6
94 6017 25.6
94 6018 25.6
94 6019 25.6
94 6020 25.6
94 6021 25.6
94 6022 25.6
94 6023 25.6
94 6024 25.6
94 6025 25.6
94 6026 25.6
94 6027 25.6
94 6028 25.6
94 6029 25.6
94 6030 25.6
94 6031 25.6
94 6032 25.6
94 6033 25.6
94 6034 25.6
94 6035 25.6
94 6036 25.6
94 6037 25.6
94 6038 25.6
94 6039 25.6
94 6040 25.6
94 6041 25.6
94 6042 25.6
94 6043 25.6
94 6044 25.6
94 6045 25.6
94 6046 25.6
94 6047 25.6
94 6048 25.6
94 6049 25.6
94 6050 25.6
94 6051 25.6
94 6052 25.6
94 6053 25.6
94 6054 25.6
94 6055 25.6
94 6056 25.6
94 6057 25.6
94 6058 25.6
95 6059 25.6
95 6060 25.6
95 6061 25.6
95 6062 25.6
95 6063 25.6
95 6064 25.6
95 6065 25.6
95 6066 25.6
95 6067 25.6
95 6068 25.6
95 6069 25.6
95 6070 25.6
95 6071 25.6
95 6072 25.6
95 6073 25.6
95 6074 25.6
95 6075 25.6
95 6076 25.6
95 6077 25.6
95 6078 25.6
95 6079 25.6
95 6080 25.6
95 6081 25.6
95 6082 25.6
95 6083 25.6
95 6084 25.6
95 6085 25.6
95 6086 25.6
95 6087 25.6
95 6088 25.6
95 6089 25.6
95 6090 25.6
95 6091 25.6
95 6092 25.6
95 6093 25.6
95 6094 25.6
95 6095 25.6
95 6096 25.6
95 6097 25.6
95 6098 25.6
95 6099 25.6
95 6100 25.6
95 6101 25.6
95 6102 25.6
95 6103 25.6
95 6104 25.6
95 6105 25.6
95 6106 25.6
95 6107 25.6
95 6108 25.6
95 6109 25.6
95 6110 25.6
95 6111 25.6
95 6112 25.6
95 6113 25.6
95 6114 25.6
95 6115 25.6
95 6116 25.6
96 6117 25.6
96 6118 25.6
96 6119 25.6
96 6120 25.6
96 6121 25.6
96 6122 25.6
96 6123 25.6
96 6124 25.6
96 6125 25.6
96 6126 25.6
96 6127 25.6
96 6128 25.6
96 6129 25.6
96 6130 25.6
96 6131 25.6
96 6132 25.6
96 6133 25.6
96 6134 25.6
96 6135 25.6
96 6136 25.6
96 6137 25.6
96 6138 25.6
96 6139 25.6
96 6140 25.6
96 6141 25.6
96 6142 25.6
96 6143 25.6
96 6144 25.6
96 6145 25.6
96 6146 25.6
96 6147 25.6
96 6148 25.6
96 6149 25.6
96 6150 25.6
96 6151 25.6
96 6152 25.6
96 6153 25.6
96 6154 25.6
96 6155 25.6
96 6156 25.6
96 6157 25.6
96 6158 25.6
96 6159 25.6
96 6160 25.6
96 6161 25.6
96 6162 25.6
96 6163 25.6
96 6164 25.6
96 6165 25.6
96 6166 25.6
96 6167 25.6
96 6168 25.6
96 6169 25.6
96 6170 25.6
96 6171 25.6
96 6172 25.6
96 6173 25.6
96 6174 25.6
97 6175 25.6
97 6176 25.6
97 6177 25.6
97 6178 25.6
97 6179 25.6
97 6180 25.6
97 6181 25.6
97 6182 25.6
97 6183 25.6
97 6184 25.6
97 6185 25.6
97 6186 25.6
97 6187 25.6
97 6188 25.6
97 6189 25.6
97 6190 25.6
97 6191 25.6
97 6192 25.6
97 6193 25.6
97 6194 25.6
97 6195 25.6
97 6196 25.6
97 6197 25.6
97 6198 25.6
97 6199 25.6
97 6200 25.6
97 6201 25.6
97 6202 25.6
97 6203 25.6
97 6204 25.6
97 6205 25.6
97 6206 25.6
97 6207 25.6
97 6208 25.6
97 6209 25.6
97 6210 25.6
97 6211 25.6
97 6212 25.6
97 6213 25.6
97 6214 25.6
97 6215 25.6
97 6216 25.6
97 6217 25.6
97 6218 25.6
97 6219 25.6
97 6220 25.6
97 6221 25.6
97 6222 25.6
97 6223 25.6
97 6224 25.6
97 6225 25.6
97 6226 25.6
97 6227 25.6
97 6228 25.6
97 6229 25.6
97 6230 25.6
97 6231 25.6
98 6232 25.6
98 6233 25.6
98 6234 25.6
98 6235 25.6
98 6236 25.6
98 6237 25.6
98 6238 25.6
98 6239 25.6
98 6240 25.6
98 6241 25.6
98 6242 25.6
98 6243 25.6
98 6244 25.6
98 6245 25.6
98 6246 25.6
98 6247 25.6
98 6248 25.6
98 6249 25.6
98 6250 25.6
98 6251 25.6
98 6252 25.6
98 6253 25.6
98 6254 25.6
98 6255 25.6
98 6256 25.6
98 6257 25.6
98 6258 25.6
98 6259 25.6
98 6260 25.6
98 6261 25.6
98 6262 25.6
98 6263 25.6
98 6264 25.6
98 6265 25.6
98 6266 25.6
98 6267 25.6
98 6268 25.6
98 6269 25.6
98 6270 25.6
98 6271 25.6
98 6272 25.6
98 6273 25.6
98 6274 25.6
98 6275 25.6
98 6276 25.6
98 6277 25.6
98 6278 25.6
98 6279 25.6
98 6280 25.6
98 6281 25.6
98 6282 25.6
98 6283 25.6
98 6284 25.6
98 6285 25.6
98 6286 25.6
98 6287 25.6
98 6288 25.6
98 6289 25.6
98 6290 25.6
99 6291 25.6
99 6292 25.6
99 6293 25.6
99 6294 25.6
99 6295 25.6
99 6296 25.6
99 6297 25.6
99 6298 25.6
99 6299 25.6
99 6300 25.6
99 6301 25.6
99 6302 25.6
99 6303 25.6
99 6304 25.6
99 6305 25.6
99 6306 25.6
99 6307 25.6
99 6308 25.6
99 6309 25.6
99 6310 25.6
99 6311 25.6
99 6312 25.6
99 6313 25.6
99 6314 25.6
99 6315 25.6
99 6316 25.6
99 6317 25.6
99 6318 25.6
99 6319 25.6
99 6320 25.6
99 6321 25.6
99 6322 25.6
99 6323 25.6
99 6324 25.6
99 6325 25.6
99 6326 25.6
99 6327 25.6
99 6328 25.6
99 6329 25.6
99 6330 25.6
99 6331 25.6
99 6332 25.6
99 6333 25.6
99 6334 25.6
99 6335 25.6
99 6336 25.6
99 6337 25.6
99 6338 25.6
99 6339 25.6
99 6340 25.6
99 6341 25.6
99 6342 25.6
99 6343 25.6
99 6344 25.6
99 6345 25.6
99 6346 25.6
99 6347 25.6
99 6348 25.6
99 6349 25.6
99 6350 25.6
99 6351 25.6
99 6352 25.6
99 6353 25.6
100 6354 25.6
100 6355 25.6
100 6356 25.6
100 6357 25.6
100 6358 25.6
100 6359 25.6
100 6360 25.6
100 6361 25.6
100 6362 25.6
100 6363 25.6
100 6364 25.6
100 6365 25.6
100 6366 25.6
100 6367 25.6
100 6368 25.6
100 6369 25.6
100 6370 25.6
100 6371 25.6
100 6372 25.6
100 6373 25.6
100 6374 25.6
100 6375 25.6
100 6376 25.6
100 6377 25.6
100 6378 25.6
100 6379 25.6
100 6380 25.6
100 6381 25.6
100 6382 25.6
100 6383 25.6
100 6384 25.6
100 6385 25.6
100 6386 25.6
100 6387 25.6
100 6388 25.6
100 6389 25.6
100 6390 25.6
100 6391 25.6
100 6392 25.6
100 6393 25.6
100 6394 25.6
100 6395 25.6
100 6396 25.6
100 6397 25.6
100 6398 25.6
100 6399 25.6
100 6400 25.6
100 6401 25.6
100 6402 25.6
100 6403 25.6
100 6404 25.6
100 6405 25.6
100 6406 25.6
100 6407 25.6
100 6408 25.6
100 6409 25.6
101 6410 25.6
101 6411 25.6
101 6412 25.6
101 6413 25.6
101 6414 25.6
101 6415 25.6
101 6416 25.6
101 6417 25.6
101 6418 25.6
101 6419 25.6
101 6420 25.6
101 6421 25.6
101 6422 25.6
101 6423 25.6
101 6424 25.6
101 6425 25.6
101 6426 25.6
101 6427 25.6
101 6428 25.6
101 6429 25.6
101 6430 25.6
101 6431 25.6
101 6432 25.6
101 6433 25.6
101 6434 25.6
101 6435 25.6
101 6436 25.6
101 6437 25.6
101 6438 25.6
101 6439 25.6
101 6440 25.6
101 6441 25.6
101 6442 25.6
101 6443 25.6
101 6444 25.6
101 6445 25.6
101 6446 25.6
101 6447 25.6
101 6448 25.6
101 6449 25.6
101 6450 25.6
101 6451 25.6
101 6452 25.6
101 6453 25.6
101 6454 25.6
101 6455 25.6
101 6456 25.6
101 6457 25.6
101 6458 25.6
101 6459 25.6
101 6460 25.6
101 6461 25.6
101 6462 25.6
101 6463 25.6
101 6464 25.6
101 6465 25.6
101 6466 25.6
101 6467 25.6
101 6468 25.6
101 6469 25.6
101 6470 25.6
101 6471 25.6
102 6472 25.6
102 6473 25.6
102 6474 25.6
102 6475 25.6
102 6476 25.6
102 6477 25.6
102 6478 25.6
102 6479 25.6
102 6480 25.6
102 6481 25.6
102 6482 25.6
102 6483 25.6
102 6484 25.6
102 6485 25.6
102 6486 25.6
102 6487 25.6
102 6488 25.6
102 6489 25.6
102 6490 25.6
102 6491 25.6
102 6492 25.6
102 6493 25.6
102 6494 25.6
102 6495 25.6
102 6496 25.6
102 6497 25.6
102 6498 25.6
102 6499 25.6
102 6500 25.6
102 6501 25.6
102 6502 25.6
102 6503 25.6
102 6504 25.6
102 6505 25.6
102 6506 25.6
102 6507 25.6
102 6508 25.6
102 6509 25.6
102 6510 25.6
102 6511 25.6
102 6512 25.6
102 6513 25.6
102 6514 25.6
102 6515 25.6
102 6516 25.6
102 6517 25.6
102 6518 25.6
102 6519 25.6
102 6520 25.6
102 6521 25.6
102 6522 25.6
102 6523 25.6
102 6524 25.6
102 6525 25.6
102 6526 25.6
102 6527 25.6
102 6528 25.6
102 6529 25.6
102 6530 25.6
103 6531 25.6
103 6532 25.6
103 6533 25.6
103 6534 25.6
103 6535 25.6
103 6536 25.6
103 6537 25.6
103 6538 25.6
103 6539 25.6
103 6540 25.6
103 6541 25.6
103 6542 25.6
103 6543 25.6
103 6544 25.6
103 6545 25.6
103 6546 25.6
103 6547 25.6
103 6548 25.6
103 6549 25.6
103 6550 25.6
103 6551 25.6
103 6552 25.6
103 6553 25.6
103 6554 25.6
103 6555 25.6
103 6556 25.6
103 6557 25.6
103 6558 25.6
103 6559 25.6
103 6560 25.6
103 6561 25.6
103 6562 25.6
103 6563 25.6
103 6564 25.6
103 6565 25.6
103 6566 25.6
103 6567 25.6
103 6568 25.6
103 6569 25.6
103 6570 25.6
103 6571 25.6
103 6572 25.6
103 6573 25.6
103 6574 25.6
103 6575 25.6
103 6576 25.6
103 6577 25.6
103 6578 25.6
103 6579 25.6
103 6580 25.6
103 6581 25.6
103 6582 25.6
103 6583 25.6
103 6584 25.6
103 6585 25.6
103 6586 25.6
103 6587 25.6
103 6588 25.6
104 6589 25.6
104 6590 25.6
104 6591 25.6
104 6592 25.6
104 6593 25.6
104 6594 25.6
104 6595 25.6
104 6596 25.6
104 6597 25.6
104 6598 25.6
104 6599 25.6
104 6600 25.6
104 6601 25.6
104 6602 25.6
104 6603 25.6
104 6604 25.6
104 6605 25.6
104 6606 25.6
104 6607 25.6
104 6608 25.6
104 6609 25.6
104 6610 25.6
104 6611 25.6
104 6612 25.6
104 6613 25.6
104 6614 25.6
104 6615 25.6
104 6616 25.6
104 6617 25.6
104 6618 25.6
104 6619 25.6
104 6620 25.6
104 6621 25.6
104 6622 25.6
104 6623 25.6
104 6624 25.6
104 6625 25.6
104 6626 25.6
104 6627 25.6
104 6628 25.6
104 6629 25.6
104 6630 25.6
104 6631 25.6
104 6632 25.6
104 6633 25.6
104 6634 25.6
104 6635 25.6
104 6636 25.6
104 6637 25.6
104 6638 25.6
104 6639 25.6
104 6640 25.6
104 6641 25.6
104 6642 25.6
104 6643 25.6
105 6644 25.6
105 6645 25.6
105 6646 25.6
105 6647 25.6
105 6648 25.6
105 6649 25.6
105 6650 25.6
105 6651 25.6
105 6652 25.6
105 6653 25.6
105 6654 25.6
105 6655 25.6
105 6656 25.6
105 6657 25.6
105 6658 25.6
105 6659 25.6
105 6660 25.6
105 6661 25.6
105 6662 25.6
105 6663 25.6
105 6664 25.6
105 6665 25.6
105 6666 25.6
105 6667 25.6
105 6668 25.6
105 6669 25.6
105 6670 25.6
105 6671 25.6
105 6672 25.6
105 6673 25.6
105 6674 25.6
105 6675 25.6
105 6676 25.6
105 6677 25.6
105 6678 25.6
105 6679 25.6
105 6680 25.6
105 6681 25.6
105 6682 25.6
105 6683 25.6
105 6684 25.6
105 6685 25.6
105 6686 25.6
105 6687 25.6
105 6688 25.6
105 6689 25.6
105 6690 25.6
105 6691 25.6
105 6692 25.6
105 6693 25.6
105 6694 25.6
105 6695 25.6
105 6696 25.6
105 6697 25.6
105 6698 25.6
105 6699 25.6
105 6700 25.6
105 6701 25.6
105 6702 25.6
105 6703 25.6
105 6704 25.6
106 6705 25.6
106 6706 25.6
106 6707 25.6
106 6708 25.6
106 6709 25.6
106 6710 25.6
106 6711 25.6
106 6712 25.6
106 6713 25.6
106 6714 25.6
106 6715 25.6
106 6716 25.6
106 6717 25.6
106 6718 25.6
106 6719 25.6
106 6720 25.6
106 6721 25.6
106 6722 25.6
106 6723 25.6
106 6724 25.6
106 6725 25.6
106 6726 25.6
106 6727 25.6
106 6728 25.6
106 6729 25.6
106 6730 25.6
106 6731 25.6
106 6732 25.6
106 6733 25.6
106 6734 25.6
106 6735 25.6
106 6736 25.6
106 6737 25.6
106 6738 25.6
106 6739 25.6
106 6740 25.6
106 6741 25.6
106 6742 25.6
106 6743 25.6
106 6744 25.6
106 6745 25.6
106 6746 25.6
106 6747 25.6
106 6748 25.6
106 6749 25.6
106 6750 25.6
106 6751 25.6
106 6752 25.6
106 6753 25.6
106 6754 25.6
106 6755 25.6
106 6756 25.6
106 6757 25.6
106 6758 25.6
106 6759 25.6
106 6760 25.6
106 6761 25.6
106 6762 25.6
106 6763 25.6
106 6764 25.6
106 6765 25.6
106 6766 25.6
106 6767 25.6
107 6768 25.6
107 6769 25.6
107 6770 25.6
107 6771 25.6
107 6772 25.6
107 6773 25.6
107 6774 25.6
107 6775 25.6
107 6776 25.6
107 6777 25.6
107 6778 25.6
107 6779 25.6
107 6780 25.6
107 6781 25.6
107 6782 25.6
107 6783 25.6
107 6784 25.6
107 6785 25.6
107 6786 25.6
107 6787 25.6
107 6788 25.6
107 6789 25.6
107 6790 25.6
107 6791 25.6
107 6792 25.6
107 6793 25.6
107 6794 25.6
107 6795 25.6
107 6796 25.6
107 6797 25.6
107 6798 25.6
107 6799 25.6
107 6800 25.6
107 6801 25.6
107 6802 25.6
107 6803 25.6
107 6804 25.6
107 6805 25.6
107 6806 25.6
107 6807 25.6
107 6808 25.6
107 6809 25.6
107 6810 25.6
107 6811 25.6
107 6812 25.6
107 6813 25.6
107 6814 25.6
107 6815 25.6
107 6816 25.6
107 6817 25.6
107 6818 25.6
107 6819 25.6
107 6820 25.6
107 6821 25.6
107 6822 25.6
107 6823 25.6
107 6824 25.6
107 6825 25.6
107 6826 25.6
107 6827 25.6
107 6828 25.6
107 6829 25.6
108 6830 25.6
108 6831 25.6
108 6832 25.6
108 6833 25.6
108 6834 25.6
108 6835 25.6
108 6836 25.6
108 6837 25.6
108 6838 25.6
108 6839 25.6
108 6840 25.6
108 6841 25.6
108 6842 25.6
108 6843 25.6
108 6844 25.6
108 6845 25.6
108 6846 25.6
108 6847 25.6
108 6848 25.6
108 6849 25.6
108 6850 25.6
108 6851 25.6
108 6852 25.6
108 6853 25.6
108 6854 25.6
108 6855 25.6
108 6856 25.6
108 6857 25.6
108 6858 25.6
108 6859 25.6
108 6860 25.6
108 6861 25.6
108 6862 25.6
108 6863 25.6
108 6864 25.6
108 6865 25.6
108 6866 25.6
108 6867 25.6
108 6868 25.6
108 6869 25.6
108 6870 25.6
108 6871 25.6
108 6872 25.6
108 6873 25.6
108 6874 25.6
108 6875 25.6
108 6876 25.6
108 6877 25.6
108 6878 25.6
108 6879 25.6
108 6880 25.6
108 6881 25.6
108 6882 25.6
108 6883 25.6
108 6884 25.6
108 6885 25.6
108 6886 25.6
108 6887 25.6
108 6888 25.6
108 6889 25.6
109 6890 25.6
109 6891 25.6
109 6892 25.6
109 6893 25.6
109 6894 25.6
109 6895 25.6
109 6896 25.6
109 6897 25.6
109 6898 25.6
109 6899 25.6
109 6900 25.6
109 6901 25.6
109 6902 25.6
109 6903 25.6
109 6904 25.6
109 6905 25.6
109 6906 25.6
109 6907 25.6
109 6908 25.6
109 6909 25.6
109 6910 25.6
109 6911 25.6
109 6912 25.6
109 6913 25.6
109 6914 25.6
109 6915 25.6
109 6916 25.6
109 6917 25.6
109 6918 25.6
109 6919 25.6
109 6920 25.6
109 6921 25.6
109 6922 25.6
109 6923 25.6
109 6924 25.6
109 6925 25.6
109 6926 25.6
109 6927 25.6
109 6928 25.6
109 6929 25.6
109 6930 25.6
109 6931 25.6
109 6932 25.6
109 6933 25.6
109 6934 25.6
109 6935 25.6
109 6936 25.6
109 6937 25.6
109 6938 25.6
109 6939 25.6
109 6940 25.6
109 6941 25.6
109 6942 25.6
109 6943 25.6
109 6944 25.6
109 6945 25.6
109 6946 25.6
110 6947 25.6
110 6948 25.6
110 6949 25.6
110 6950 25.6
110 6951 25.6
110 6952 25.6
110 6953 25.6
110 6954 25.6
110 6955 25.6
110 6956 25.6
110 6957 25.6
110 6958 25.6
110 6959 25.6
110 6960 25.6
110 6961 25.6
110 6962 25.6
110 6963 25.6
110 6964 25.6
110 6965 25.6
110 6966 25.6
110 6967 25.6
110 6968 25.6
110 6969 25.6
110 6970 25.6
110 6971 25.6
110 6972 25.6
110 6973 25.6
110 6974 25.6
110 6975 25.6
110 6976 25.6
110 6977 25.6
110 6978 25.6
110 6979 25.6
110 6980 25.6
110 6981 25.6
110 6982 25.6
110 6983 25.6
110 6984 25.6
110 6985 25.6
110 6986 25.6
110 6987 25.6
110 6988 25.6
110 6989 25.6
110 6990 25.6
110 6991 25.6
110 6992 25.6
110 6993 25.6
110 6994 25.6
110 6995 25.6
110 6996 25.6
110 6997 25.6
110 6998 25.6
110 6999 25.6
110 7000 25.6
110 7001 25.6
110 7002 25.6
110 7003 25.6
110 7004 25.6
110 7005 25.6
110 7006 25.6
111 7007 25.6
111 7008 25.6
111 7009 25.6
111 7010 25.6
111 7011 25.6
111 7012 25.6
111 7013 25.6
111 7014 25.6
111 7015 25.6
111 7016 25.6
111 7017 25.6
111 7018 25.6
111 7019 25.6
111 7020 25.6
111 7021 25.6
111 7022 25.6
111 7023 25.6
111 7024 25.6
111 7025 25.6
111 7026 25.6
111 7027 25.6
111 7028 25.6
111 7029 25.6
111 7030 25.6
111 7031 25.6
111 7032 25.6
111 7033 25.6
111 7034 25.6
111 7035 25.6
111 7036 25.6
111 7037 25.6
111 7038 25.6
111 7039 25.6
111 7040 25.6
111 7041 25.6
111 7042 25.6
111 7043 25.6
111 7044 25.6
111 7045 25.6
111 7046 25.6
111 7047 25.6
111 7048 25.6
111 7049 25.6
111 7050 25.6
111 7051 25.6
111 7052 25.6
111 7053 25.6
111 7054 25.6
111 7055 25.6
111 7056 25.6
111 7057 25.6
111 7058 25.6
111 7059 25.6
111 7060 25.6
111 7061 25.6
111 7062 25.6
111 7063 25.6
111 7064 25.6
111 7065 25.6
111 7066 25.6
112 7067 25.6
112 7068 25.6
112 7069 25.6
112 7070 25.6
112 7071 25.6
112 7072 25.6
112 7073 25.6
112 7074 25.6
112 7075 25.6
112 7076 25.6
112 7077 25.6
112 7078 25.6
112 7079 25.6
112 7080 25.6
112 7081 25.6
112 7082 25.6
112 7083 25.6
112 7084 25.6
112 7085 25.6
112 7086 25.6
112 7087 25.6
112 7088 25.6
112 7089 25.6
112 7090 25.6
112 7091 25.6
112 7092 25.6
112 7093 25.6
112 7094 25.6
112 7095 25.6
112 7096 25.6
112 7097 25.6
112 7098 25.6
112 7099 25.6
112 7100 25.6
112 7101 25.6
112 7102 25.6
112 7103 25.6
112 7104 25.6
112 7105 25.6
112 7106 25.6
112 7107 25.6
112 7108 25.6
112 7109 25.6
112 7110 25.6
112 7111 25.6
112 7112 25.6
112 7113 25.6
112 7114 25.6
112 7115 25.6
112 7116 25.6
112 7117 25.6
112 7118 25.6
112 7119 25.6
112 7120 25.6
112 7121 25.6
112 7122 25.6
112 7123 25.6
112 7124 25.6
112 7125 25.6
112 7126 25.6
112 7127 25.6
112 7128 25.6
113 7129 25.6
113 7130 25.6
113 7131 25.6
113 7132 25.6
113 7133 25.6
113 7134 25.6
113 7135 25.6
113 7136 25.6
113 7137 25.6
113 7138 25.6
113 7139 25.6
113 7140 25.6
113 7141 25.6
113 7142 25.6
113 7143 25.6
113 7144 25.6
113 7145 25.6
113 7146 25.6
113 7147 25.6
113 7148 25.6
113 7149 25.6
113 7150 25.6
113 7151 25.6
113 7152 25.6
113 7153 25.6
113 7154 25.6
113 7155 25.6
113 7156 25.6
113 7157 25.6
113 7158 25.6
113 7159 25.6
113 7160 25.6
113 7161 25.6
113 7162 25.6
113 7163 25.6
113 7164 25.6
113 7165 25.6
113 7166 25.6
113 7167 25.6
113 7168 25.6
113 7169 25.6
113 7170 25.6
113 7171 25.6
113 7172 25.6
113 7173 25.6
113 7174 25.6
113 7175 25.6
113 7176 25.6
113 7177 25.6
113 7178 25.6
113 7179 25.6
113 7180 25.6
113 7181 25.6
113 7182 25.6
113 7183 25.6
113 7184 25.6
113 7185 25.6
113 7186 25.6
113 7187 25.6
113 7188 25.6
113 7189 25.6
113 7190 25.6
113 7191 25.6
113 7192 25.6
114 7193 25.6
114 7194 25.6
114 7195 25.6
114 7196 25.6
114 7197 25.6
114 7198 25.6
114 7199 25.6
114 7200 25.6
114 7201 25.6
114 7202 25.6
114 7203 25.6
114 7204 25.6
114 7205 25.6
114 7206 25.6
114 7207 25.6
114 7208 25.6
114 7209 25.6
114 7210 25.6
114 7211 25.6
114 7212 25.6
114 7213 25.6
114 7214 25.6
114 7215 25.6
114 7216 25.6
114 7217 25.6
114 7218 25.6
114 7219 25.6
114 7220 25.6
114 7221 25.6
114 7222 25.6
114 7223 25.6
114 7224 25.6
114 7225 25.6
114 7226 25.6
114 7227 25.6
114 7228 25.6
114 7229 25.6
114 7230 25.6
114 7231 25.6
114 7232 25.6
114 7233 25.6
114 7234 25.6
114 7235 25.6
114 7236 25.6
114 7237 25.6
114 7238 25.6
114 7239 25.6
114 7240 25.6
114 7241 25.6
114 7242 25.6
114 7243 25.6
114 7244 25.6
114 7245 25.6
114 7246 25.6
114 7247 25.6
114 7248 25.6
114 7249 25.6
114 7250 25.6
114 7251 25.6
114 7252 25.6
114 7253 25.6
114 7254 25.6
114 7255 25.6
114 7256 25.6
114 7257 25.6
114 7258 25.6
114 7259 25.6
114 7260 25.6
114 7261 25.6
114 7262 25.6
114 7263 25.6
114 7264 25.6
114 7265 25.6
114 7266 25.6
114 7267 25.6
114 7268 25.6
114 7269 25.6
115 7270 25.6
115 7271 25.6
115 7272 25.6
115 7273 25.6
115 7274 25.6
115 7275 25.6
115 7276 25.6
115 7277 25.6
115 7278 25.6
115 7279 25.6
115 7280 25.6
115 7281 25.6
115 7282 25.6
115 7283 25.6
115 7284 25.6
115 7285 25.6
115 7286 25.6
115 7287 25.6
115 7288 25.6
115 7289 25.6
115 7290 25.6
115 7291 25.6
115 7292 25.6
115 7293 25.6
115 7294 25.6
115 7295 25.6
115 7296 25.6
115 7297 25.6
115 7298 25.6
115 7299 25.6
115 7300 25.6
115 7301 25.6
115 7302 25.6
115 7303 25.6
115 7304 25.6
115 7305 25.6
115 7306 25.6
115 7307 25.6
115 7308 25.6
115 7309 25.6
115 7310 25.6
115 7311 25.6
115 7312 25.6
115 7313 25.6
115 7314 25.6
115 7315 25.6
115 7316 25.6
115 7317 25.6
115 7318 25.6
115 7319 25.6
115 7320 25.6
115 7321 25.6
115 7322 25.6
115 7323 25.6
115 7324 25.6
115 7325 25.6
115 7326 25.6
115 7327 25.6
115 7328 25.6
115 7329 25.6
115 7330 25.6
115 7331 25.6
115 7332 25.6
115 7333 25.6
115 7334 25.6
115 7335 25.6
115 7336 25.6
115 7337 25.6
115 7338 25.6
115 7339 25.6
115 7340 25.6
115 7341 25.6
116 7342 25.6
116 7343 25.6
116 7344 25.6
116 7345 25.6
116 7346 25.6
116 7347 25.6
116 7348 25.6
116 7349 25.6
116 7350 25.6
116 7351 25.6
116 7352 25.6
116 7353 25.6
116 7354 25.6
116 7355 25.6
116 7356 25.6
116 7357 25.6
116 7358 25.6
116 7359 25.6
116 7360 25.6
116 7361 25.6
116 7362 25.6
116 7363 25.6
116 7364 25.6
116 7365 25.6
116 7366 25.6
116 7367 25.6
116 7368 25.6
116 7369 25.6
116 7370 25.6
116 7371 25.6
116 7372 25.6
116 7373 25.6
116 7374 25.6
116 7375 25.6
116 7376 25.6
116 7377 25.6
116 7378 25.6
116 7379 25.6
116 7380 25.6
116 7381 25.6
116 7382 25.6
116 7383 25.6
116 7384 25.6
116 7385 25.6
116 7386 25.6
116 7387 25.6
116 7388 25.6
116 7389 25.6
116 7390 25.6
116 7391 25.6
116 7392 25.6
116 7393 25.6
116 7394 25.6
116 7395 25.6
116 7396 25.6
116 7397 25.6
116 7398 25.6
116 7399 25.6
116 7400 25.6
116 7401 25.6
116 7402 25.6
116 7403 25.6
116 7404 25.6
116 7405 25.6
116 7406 25.6
116 7407 25.6
116 7408 25.6
116 7409 25.6
116 7410 25.6
116 7411 25.6
116 7412 25.6
116 7413 25.6
116 7414 25.6
116 7415 25.6
116 7416 25.6
116 7417 25.6
116 7418 25.6
116 7419 25.6
116 7420 25.6
117 7421 25.6
117 7422 25.6
117 7423 25.6
117 7424 25.6
117 7425 25.6
117 7426 25.6
117 7427 25.6
117 7428 25.6
117 7429 25.6
117 7430 25.6
117 7431 25.6
117 7432 25.6
117 7433 25.6
117 7434 25.6
117 7435 25.6
117 7436 25.6
117 7437 25.6
117 7438 25.6
117 7439 25.6
117 7440 25.6
117 7441 25.6
117 7442 25.6
117 7443 25.6
117 7444 25.6
117 7445 25.6
117 7446 25.6
117 7447 25.6
117 7448 25.6
117 7449 25.6
117 7450 25.6
117 7451 25.6
117 7452 25.6
117 7453 25.6
117 7454 25.6
117 7455 25.6
117 7456 25.6
117 7457 25.6
117 7458 25.6
117 7459 25.6
117 7460 25.6
117 7461 25.6
117 7462 25.6
117 7463 25.6
117 7464 25.6
117 7465 25.6
117 7466 25.6
117 7467 25.6
117 7468 25.6
117 7469 25.6
117 7470 25.6
117 7471 25.6
117 7472 25.6
117 7473 25.6
117 7474 25.6
117 7475 25.6
117 7476 25.6
117 7477 25.6
117 7478 25.6
118 7479 25.6
118 7480 25.6
118 7481 25.6
118 7482 25.6
118 7483 25.6
118 7484 25.6
118 7485 25.6
118 7486 25.6
118 7487 25.6
118 7488 25.6
118 7489 25.6
118 7490 25.6
118 7491 25.6
118 7492 25.6
118 7493 25.6
118 7494 25.6
118 7495 25.6
118 7496 25.6
118 7497 25.6
118 7498 25.6
118 7499 25.6
118 7500 25.6
118 7501 25.6
118 7502 25.6
118 7503 25.6
118 7504 25.6
118 7505 25.6
118 7506 25.6
118 7507 25.6
118 7508 25.6
118 7509 25.6
118 7510 25.6
118 7511 25.6
118 7512 25.6
118 7513 25.6
118 7514 25.6
118 7515 25.6
118 7516 25.6
118 7517 25.6
118 7518 25.6
118 7519 25.6
118 7520 25.6
118 7521 25.6
118 7522 25.6
118 7523 25.6
118 7524 25.6
118 7525 25.6
118 7526 25.6
119 7527 25.6
119 7528 25.6
119 7529 25.6
119 7530 25.6
119 7531 25.6
119 7532 25.6
119 7533 25.6
119 7534 25.6
119 7535 25.6
119 7536 25.6
119 7537 25.6
119 7538 25.6
119 7539 25.6
119 7540 25.6
119 7541 25.6
119 7542 25.6
119 7543 25.6
119 7544 25.6
119 7545 25.6
119 7546 25.6
119 7547 25.6
119 7548 25.6
119 7549 25.6
119 7550 25.6
119 7551 25.6
119 7552 25.6
119 7553 25.6
119 7554 25.6
119 7555 25.6
119 7556 25.6
119 7557 25.6
119 7558 25.6
119 7559 25.6
119 7560 25.6
119 7561 25.6
119 7562 25.6
119 7563 25.6
119 7564 25.6
119 7565 25.6
119 7566 25.6
119 7567 25.6
119 7568 25.6
119 7569 25.6
119 7570 25.6
119 7571 25.6
119 7572 25.6
119 7573 25.6
119 7574 25.6
119 7575 25.6
119 7576 25.6
119 7577 25.6
119 7578 25.6
119 7579 25.6
119 7580 25.6
119 7581 25.6
119 7582 25.6
119 7583 25.6
119 7584 25.6
119 7585 25.6
119 7586 25.6
119 7587 25.6
119 7588 25.6
119 7589 25.6
119 7590 25.6
119 7591 25.6
119 7592 25.6
119 7593 25.6
119 7594 25.6
119 7595 25.6
119 7596 25.6
119 7597 25.6
120 7598 25.6
120 7599 25.6
120 7600 25.6
120 7601 25.6
120 7602 25.6
120 7603 25.6
120 7604 25.6
120 7605 25.6
120 7606 25.6
120 7607 25.6
120 7608 25.6
120 7609 25.6
120 7610 25.6
120 7611 25.6
120 7612 25.6
120 7613 25.6
120 7614 25.6
120 7615 25.6
120 7616 25.6
120 7617 25.6
120 7618 25.6
120 7619 25.6
120 7620 25.6
120 7621 25.6
120 7622 25.6
120 7623 25.6
120 7624 25.6
120 7625 25.6
120 7626 25.6
120 7627 25.6
120 7628 25.6
120 7629 25.6
120 7630 25.6
120 7631 25.6
120 7632 25.6
120 7633 25.6
120 7634 25.6
120 7635 25.6
120 7636 25.6
120 7637 25.6
120 7638 25.6
120 7639 25.6
120 7640 25.6
120 7641 25.6
120 7642 25.6
120 7643 25.6
120 7644 25.6
120 7645 25.6
120 7646 25.6
120 7647 25.6
120 7648 25.6
120 7649 25.6
120 7650 25.6
120 7651 25.6
120 7652 25.6
120 7653 25.6
120 7654 25.6
120 7655 25.6
120 7656 25.6
120 7657 25.6
120 7658 25.6
120 7659 25.6
120 7660 25.6
120 7661 25.6
120 7662 25.6
120 7663 25.6
120 7664 25.6
120 7665 25.6
120 7666 25.6
120 7667 25.6
120 7668 25.6
121 7669 25.6
