0 1 49.5
1 2 47.8
1 3 47.8
1 4 47.8
1 5 47.8
1 6 47.5
1 7 47.5
1 8 47.5
1 9 47.5
1 10 47.5
1 11 47.5
1 12 47.5
1 13 47.5
1 14 47.5
1 15 47.5
1 16 47.5
1 17 47.3
1 18 46.9
1 19 46.9
1 20 46.9
1 21 46.9
1 22 46.9
1 23 46.9
1 24 46.9
1 25 46.9
1 26 46.9
1 27 46.9
1 28 46.9
1 29 46.4
1 30 46.4
1 31 46.0
1 32 46.0
1 33 46.0
1 34 46.0
1 35 46.0
1 36 46.0
1 37 46.0
2 38 46.0
2 39 46.0
2 40 46.0
2 41 45.6
2 42 45.6
2 43 45.6
2 44 45.6
2 45 42.2
2 46 42.2
2 47 41.8
2 48 41.8
2 49 41.8
2 50 41.6
2 51 41.6
2 52 41.6
2 53 41.6
2 54 41.6
2 55 41.6
2 56 41.1
2 57 41.1
2 58 40.9
2 59 40.9
2 60 40.1
2 61 40.0
2 62 40.0
2 63 40.0
2 64 40.0
2 65 40.0
2 66 40.0
2 67 40.0
2 68 40.0
2 69 39.8
2 70 39.8
2 71 39.8
2 72 39.8
2 73 39.4
2 74 39.4
2 75 39.4
2 76 39.3
2 77 39.3
2 78 39.3
2 79 39.2
2 80 39.2
2 81 39.2
3 82 39.2
3 83 39.2
3 84 39.2
3 85 39.2
3 86 39.2
3 87 39.2
3 88 39.2
3 89 39.2
3 90 39.2
3 91 39.2
3 92 39.2
3 93 39.2
3 94 39.2
3 95 39.2
3 96 39.2
3 97 39.2
3 98 39.2
3 99 39.2
3 100 39.2
3 101 39.2
3 102 39.2
3 103 39.2
3 104 39.2
3 105 39.2
3 106 39.2
3 107 39.2
3 108 39.2
3 109 39.2
3 110 39.2
3 111 39.2
3 112 39.2
3 113 39.2
3 114 39.2
3 115 39.2
3 116 39.2
3 117 39.2
3 118 39.2
3 119 39.2
3 120 39.2
4 121 39.2
4 122 39.2
4 123 39.2
4 124 39.2
4 125 39.2
4 126 39.2
4 127 39.2
4 128 39.2
4 129 39.2
4 130 39.2
4 131 39.2
4 132 39.2
4 133 39.2
4 134 39.2
4 135 39.2
4 136 39.2
4 137 39.2
4 138 39.2
4 139 39.2
4 140 39.2
4 141 39.2
4 142 39.2
4 143 39.2
4 144 39.2
4 145 39.2
4 146 39.2
4 147 38.4
4 148 38.4
4 149 38.4
4 150 38.4
4 151 38.4
4 152 38.4
4 153 38.4
4 154 38.4
4 155 38.4
4 156 38.4
4 157 38.4
4 158 38.4
4 159 38.4
4 160 38.4
4 161 38.4
4 162 38.4
4 163 38.4
4 164 38.4
4 165 38.4
4 166 38.4
4 167 38.4
4 168 38.4
5 169 38.4
5 170 38.4
5 171 38.4
5 172 38.4
5 173 38.4
5 174 38.4
5 175 38.4
5 176 38.4
5 177 38.4
5 178 38.4
5 179 37.4
5 180 37.4
5 181 37.4
5 182 37.4
5 183 37.4
5 184 37.0
5 185 37.0
5 186 36.9
5 187 36.9
5 188 36.8
5 189 36.8
5 190 36.8
5 191 36.8
5 192 36.8
5 193 36.8
5 194 36.8
5 195 36.8
5 196 36.8
5 197 36.8
5 198 36.8
5 199 36.8
5 200 36.8
5 201 36.8
5 202 36.8
5 203 36.8
5 204 34.2
5 205 34.2
5 206 34.2
5 207 33.8
5 208 33.8
5 209 33.8
5 210 33.8
5 211 33.8
5 212 33.6
5 213 33.6
5 214 33.6
5 215 33.6
5 216 32.6
5 217 32.6
6 218 32.6
6 219 32.6
6 220 32.6
6 221 32.6
6 222 32.6
6 223 32.0
6 224 32.0
6 225 32.0
6 226 32.0
6 227 32.0
6 228 32.0
6 229 32.0
6 230 32.0
6 231 32.0
6 232 32.0
6 233 32.0
6 234 32.0
6 235 32.0
6 236 32.0
6 237 32.0
6 238 32.0
6 239 32.0
6 240 32.0
6 241 32.0
6 242 32.0
6 243 32.0
6 244 32.0
6 245 32.0
6 246 32.0
6 247 32.0
6 248 32.0
6 249 32.0
6 250 32.0
6 251 32.0
6 252 32.0
6 253 32.0
6 254 32.0
6 255 32.0
6 256 32.0
6 257 32.0
6 258 32.0
6 259 32.0
6 260 32.0
6 261 32.0
6 262 32.0
6 263 32.0
6 264 32.0
6 265 32.0
6 266 32.0
6 267 32.0
6 268 32.0
7 269 32.0
7 270 32.0
7 271 32.0
7 272 32.0
7 273 32.0
7 274 32.0
7 275 32.0
7 276 32.0
7 277 32.0
7 278 32.0
7 279 32.0
7 280 32.0
7 281 32.0
7 282 32.0
7 283 32.0
7 284 32.0
7 285 32.0
7 286 32.0
7 287 32.0
7 288 32.0
7 289 32.0
7 290 32.0
7 291 32.0
7 292 32.0
7 293 32.0
7 294 32.0
7 295 32.0
7 296 32.0
7 297 32.0
7 298 32.0
7 299 32.0
7 300 32.0
7 301 32.0
7 302 32.0
7 303 32.0
7 304 32.0
7 305 32.0
7 306 32.0
7 307 31.6
7 308 31.6
7 309 31.6
7 310 31.6
7 311 31.6
7 312 31.6
7 313 31.6
7 314 31.6
7 315 31.6
7 316 31.6
7 317 31.0
8 318 31.0
8 319 31.0
8 320 30.0
8 321 30.0
8 322 30.0
8 323 30.0
8 324 29.6
8 325 29.6
8 326 29.6
8 327 29.6
8 328 29.6
8 329 29.6
8 330 29.6
8 331 29.6
8 332 29.6
8 333 29.6
8 334 29.6
8 335 29.6
8 336 29.6
8 337 29.6
8 338 29.6
8 339 29.6
8 340 29.6
8 341 29.6
8 342 29.6
8 343 29.4
8 344 29.4
8 345 29.4
8 346 29.4
8 347 29.4
8 348 29.4
8 349 29.4
8 350 29.0
8 351 29.0
8 352 29.0
8 353 29.0
8 354 29.0
8 355 29.0
8 356 29.0
8 357 29.0
8 358 29.0
8 359 29.0
8 360 29.0
8 361 29.0
8 362 29.0
8 363 29.0
8 364 29.0
8 365 29.0
8 366 29.0
8 367 29.0
8 368 29.0
8 369 29.0
9 370 29.0
9 371 29.0
9 372 29.0
9 373 29.0
9 374 29.0
9 375 29.0
9 376 29.0
9 377 29.0
9 378 29.0
9 379 29.0
9 380 29.0
9 381 28.8
9 382 28.8
9 383 28.8
9 384 28.8
9 385 28.8
9 386 28.8
9 387 28.8
9 388 28.8
9 389 28.8
9 390 28.8
9 391 28.8
9 392 28.8
9 393 28.8
9 394 28.8
9 395 28.8
9 396 28.8
9 397 28.8
9 398 28.8
9 399 28.8
9 400 28.8
9 401 28.8
9 402 28.8
9 403 28.8
9 404 28.8
9 405 28.8
9 406 28.8
9 407 28.8
9 408 28.8
9 409 28.8
9 410 28.8
9 411 28.8
9 412 28.8
9 413 28.8
9 414 28.8
9 415 28.8
9 416 28.8
9 417 28.8
9 418 28.8
9 419 28.8
9 420 28.8
10 421 28.8
10 422 28.8
10 423 28.8
10 424 28.8
10 425 28.8
10 426 28.8
10 427 28.8
10 428 28.8
10 429 28.8
10 430 28.8
10 431 28.8
10 432 28.8
10 433 28.8
10 434 28.8
10 435 28.8
10 436 28.8
10 437 28.8
10 438 28.8
10 439 28.8
10 440 28.8
10 441 28.8
10 442 28.8
10 443 28.8
10 444 28.8
10 445 28.8
10 446 28.8
10 447 28.8
10 448 28.8
10 449 28.8
10 450 28.8
10 451 28.8
10 452 28.8
10 453 28.8
10 454 28.8
10 455 28.8
10 456 28.8
10 457 28.8
10 458 28.8
10 459 28.8
10 460 28.8
10 461 28.8
10 462 28.8
10 463 28.8
10 464 28.8
10 465 28.8
10 466 28.8
10 467 28.8
10 468 28.8
10 469 28.8
11 470 28.8
11 471 28.8
11 472 28.8
11 473 28.8
11 474 28.8
11 475 28.8
11 476 28.8
11 477 28.8
11 478 28.8
11 479 28.8
11 480 28.8
11 481 28.8
11 482 28.8
11 483 28.8
11 484 28.8
11 485 28.8
11 486 28.8
11 487 28.8
11 488 28.8
11 489 28.8
11 490 28.8
11 491 28.8
11 492 28.8
11 493 28.8
11 494 28.8
11 495 28.8
11 496 28.8
11 497 28.8
11 498 28.8
11 499 28.8
11 500 28.8
11 501 28.8
11 502 28.8
11 503 28.8
11 504 28.8
11 505 28.8
11 506 28.8
11 507 28.8
11 508 28.8
11 509 28.8
11 510 28.8
11 511 28.8
11 512 28.8
11 513 28.8
11 514 28.8
11 515 28.8
11 516 28.8
12 517 28.8
12 518 28.8
12 519 28.8
12 520 28.8
12 521 28.8
12 522 28.8
12 523 28.8
12 524 28.8
12 525 28.8
12 526 28.8
12 527 28.8
12 528 28.8
12 529 28.8
12 530 28.8
12 531 28.8
12 532 28.8
12 533 28.8
12 534 28.8
12 535 28.8
12 536 28.8
12 537 28.8
12 538 28.8
12 539 28.8
12 540 28.8
12 541 28.8
12 542 28.8
12 543 28.8
12 544 28.8
12 545 28.8
12 546 28.8
12 547 28.8
12 548 28.8
12 549 28.8
12 550 28.8
12 551 28.8
12 552 28.8
12 553 28.8
12 554 28.8
12 555 28.8
12 556 28.8
12 557 28.8
12 558 28.8
12 559 28.8
12 560 28.8
12 561 28.8
12 562 28.8
12 563 28.8
12 564 28.8
13 565 28.8
13 566 28.8
13 567 28.8
13 568 28.8
13 569 28.8
13 570 28.8
13 571 28.8
13 572 28.8
13 573 28.8
13 574 28.8
13 575 28.8
13 576 28.8
13 577 28.8
13 578 28.8
13 579 28.8
13 580 28.8
13 581 28.8
13 582 28.8
13 583 28.8
13 584 28.8
13 585 28.8
13 586 28.8
13 587 28.8
13 588 28.8
13 589 28.8
13 590 28.8
13 591 28.8
13 592 28.6
13 593 28.6
13 594 28.4
13 595 28.4
13 596 28.4
13 597 28.4
13 598 28.4
13 599 28.0
13 600 27.8
13 601 27.8
13 602 27.8
13 603 27.8
13 604 27.6
13 605 27.6
13 606 27.6
13 607 27.6
13 608 27.6
13 609 27.6
13 610 27.6
13 611 27.6
13 612 27.6
13 613 27.6
13 614 27.6
13 615 27.6
13 616 27.6
14 617 27.6
14 618 27.6
14 619 27.6
14 620 27.6
14 621 27.6
14 622 27.6
14 623 27.6
14 624 27.6
14 625 27.6
14 626 27.6
14 627 27.6
14 628 27.6
14 629 27.6
14 630 27.6
14 631 27.6
14 632 27.6
14 633 27.6
14 634 27.6
14 635 27.6
14 636 27.6
14 637 27.6
14 638 27.6
14 639 27.6
14 640 27.6
14 641 27.6
14 642 27.6
14 643 27.6
14 644 27.6
14 645 27.6
14 646 27.6
14 647 27.6
14 648 27.6
14 649 27.6
14 650 27.6
14 651 27.6
14 652 27.6
14 653 27.6
14 654 27.6
14 655 27.6
14 656 27.6
14 657 27.6
14 658 27.6
14 659 27.6
14 660 27.6
14 661 27.6
14 662 27.6
14 663 27.6
14 664 27.6
15 665 27.6
15 666 27.6
15 667 27.6
15 668 27.6
15 669 27.6
15 670 27.6
15 671 27.6
15 672 27.6
15 673 27.6
15 674 27.6
15 675 27.6
15 676 27.6
15 677 27.6
15 678 27.6
15 679 27.6
15 680 27.6
15 681 27.6
15 682 27.6
15 683 27.6
15 684 27.6
15 685 27.6
15 686 27.6
15 687 27.6
15 688 27.6
15 689 27.6
15 690 27.6
15 691 27.6
15 692 27.6
15 693 27.2
15 694 27.2
15 695 27.2
15 696 27.2
15 697 27.2
15 698 27.2
15 699 27.2
15 700 27.2
15 701 27.2
15 702 27.2
15 703 27.2
15 704 27.2
15 705 27.2
15 706 27.2
15 707 27.2
15 708 27.2
15 709 27.2
15 710 27.2
15 711 27.2
15 712 27.2
15 713 27.2
15 714 27.2
16 715 27.2
16 716 27.2
16 717 27.2
16 718 27.2
16 719 27.2
16 720 27.2
16 721 27.2
16 722 27.2
16 723 27.2
16 724 27.2
16 725 27.2
16 726 27.2
16 727 27.2
16 728 27.2
16 729 27.2
16 730 27.2
16 731 27.2
16 732 27.2
16 733 27.2
16 734 27.2
16 735 27.2
16 736 27.2
16 737 27.2
16 738 27.2
16 739 27.2
16 740 27.2
16 741 27.2
16 742 27.2
16 743 27.2
16 744 27.2
16 745 27.2
16 746 27.2
16 747 27.2
16 748 27.2
16 749 27.2
16 750 27.2
16 751 27.2
16 752 27.2
16 753 27.2
16 754 27.2
16 755 27.2
16 756 27.2
16 757 27.2
16 758 27.2
16 759 27.2
16 760 27.2
16 761 27.2
16 762 27.2
16 763 27.2
16 764 27.2
17 765 27.2
17 766 27.2
17 767 27.2
17 768 27.2
17 769 27.2
17 770 27.2
17 771 27.2
17 772 27.2
17 773 27.2
17 774 27.2
17 775 27.2
17 776 27.2
17 777 27.2
17 778 27.2
17 779 27.2
17 780 27.2
17 781 27.2
17 782 27.2
17 783 27.2
17 784 27.2
17 785 27.2
17 786 27.2
17 787 27.2
17 788 27.2
17 789 27.2
17 790 27.2
17 791 27.2
17 792 27.2
17 793 27.2
17 794 27.2
17 795 27.2
17 796 27.2
17 797 27.2
17 798 27.2
17 799 27.2
17 800 27.2
17 801 27.2
17 802 27.2
17 803 27.2
17 804 27.2
17 805 27.2
17 806 27.2
17 807 27.2
17 808 27.2
17 809 27.2
17 810 27.2
18 811 27.2
18 812 27.2
18 813 27.0
18 814 27.0
18 815 27.0
18 816 27.0
18 817 27.0
18 818 27.0
18 819 27.0
18 820 27.0
18 821 27.0
18 822 27.0
18 823 27.0
18 824 27.0
18 825 27.0
18 826 27.0
18 827 27.0
18 828 27.0
18 829 27.0
18 830 27.0
18 831 27.0
18 832 27.0
18 833 27.0
18 834 27.0
18 835 27.0
18 836 27.0
18 837 27.0
18 838 27.0
18 839 27.0
18 840 27.0
18 841 27.0
18 842 27.0
18 843 27.0
18 844 27.0
18 845 27.0
18 846 27.0
18 847 27.0
18 848 27.0
18 849 27.0
18 850 27.0
18 851 27.0
18 852 27.0
18 853 27.0
18 854 27.0
18 855 27.0
18 856 27.0
18 857 27.0
18 858 27.0
18 859 27.0
18 860 27.0
19 861 27.0
19 862 27.0
19 863 27.0
19 864 26.6
19 865 26.6
19 866 26.6
19 867 26.6
19 868 26.4
19 869 26.4
19 870 26.4
19 871 26.4
19 872 26.4
19 873 26.4
19 874 26.2
19 875 26.2
19 876 26.2
19 877 26.2
19 878 26.2
19 879 26.2
19 880 26.2
19 881 26.2
19 882 26.2
19 883 26.2
19 884 26.2
19 885 26.2
19 886 26.2
19 887 26.2
19 888 26.2
19 889 26.2
19 890 26.2
19 891 26.2
19 892 26.2
19 893 26.2
19 894 26.2
19 895 26.2
19 896 26.2
19 897 26.2
19 898 26.2
19 899 26.2
19 900 26.2
19 901 26.2
19 902 26.2
19 903 26.2
19 904 26.2
19 905 26.2
19 906 26.2
19 907 26.2
19 908 26.2
19 909 26.2
19 910 26.2
20 911 26.2
20 912 26.2
20 913 26.2
20 914 26.2
20 915 26.2
20 916 26.2
20 917 26.2
20 918 26.2
20 919 26.2
20 920 26.2
20 921 26.2
20 922 26.2
20 923 26.2
20 924 26.2
20 925 26.2
20 926 26.2
20 927 26.2
20 928 26.2
20 929 26.2
20 930 26.2
20 931 26.2
20 932 26.2
20 933 26.2
20 934 26.2
20 935 26.2
20 936 26.2
20 937 26.2
20 938 26.2
20 939 26.2
20 940 26.2
20 941 26.2
20 942 26.2
20 943 26.2
20 944 26.2
20 945 26.2
20 946 26.2
20 947 26.2
20 948 26.2
20 949 26.2
20 950 26.2
20 951 26.2
20 952 26.2
20 953 26.2
20 954 26.2
20 955 26.2
20 956 26.2
20 957 26.2
20 958 26.2
20 959 26.2
21 960 26.2
21 961 26.2
21 962 26.2
21 963 26.2
21 964 26.2
21 965 26.2
21 966 26.2
21 967 26.2
21 968 26.2
21 969 26.2
21 970 26.2
21 971 26.2
21 972 26.2
21 973 26.2
21 974 26.2
21 975 26.2
21 976 26.2
21 977 26.2
21 978 26.2
21 979 26.2
21 980 26.2
21 981 26.2
21 982 26.2
21 983 26.2
21 984 26.2
21 985 26.2
21 986 26.2
21 987 26.2
21 988 26.2
21 989 26.2
21 990 26.2
21 991 26.2
21 992 26.2
21 993 26.2
21 994 26.2
21 995 26.2
21 996 26.2
21 997 26.2
21 998 26.2
21 999 26.2
21 1000 26.2
21 1001 26.2
21 1002 26.2
21 1003 26.2
21 1004 26.2
21 1005 26.2
21 1006 26.2
21 1007 26.2
21 1008 26.2
22 1009 26.2
22 1010 26.2
22 1011 26.2
22 1012 26.2
22 1013 26.2
22 1014 26.2
22 1015 26.2
22 1016 26.2
22 1017 26.2
22 1018 26.2
22 1019 26.2
22 1020 26.2
22 1021 26.2
22 1022 26.2
22 1023 26.2
22 1024 26.2
22 1025 26.2
22 1026 26.2
22 1027 26.2
22 1028 26.2
22 1029 26.2
22 1030 26.2
22 1031 26.2
22 1032 26.2
22 1033 26.2
22 1034 26.2
22 1035 26.2
22 1036 26.2
22 1037 26.2
22 1038 26.2
22 1039 26.2
22 1040 26.2
22 1041 26.2
22 1042 26.2
22 1043 26.2
22 1044 26.2
22 1045 26.2
22 1046 26.2
22 1047 26.2
22 1048 26.2
22 1049 26.2
22 1050 26.2
22 1051 26.2
22 1052 26.2
22 1053 26.2
22 1054 26.2
22 1055 26.2
22 1056 26.2
23 1057 26.2
23 1058 26.2
23 1059 26.2
23 1060 26.2
23 1061 26.2
23 1062 26.2
23 1063 26.2
23 1064 26.2
23 1065 26.2
23 1066 26.2
23 1067 26.2
23 1068 26.2
23 1069 26.2
23 1070 26.2
23 1071 26.2
23 1072 26.2
23 1073 26.2
23 1074 26.2
23 1075 26.2
23 1076 26.2
23 1077 26.2
23 1078 26.2
23 1079 26.2
23 1080 26.2
23 1081 26.2
23 1082 26.2
23 1083 26.2
23 1084 26.2
23 1085 26.2
23 1086 26.2
23 1087 26.2
23 1088 26.2
23 1089 26.2
23 1090 26.2
23 1091 26.2
23 1092 26.2
23 1093 26.2
23 1094 26.2
23 1095 26.2
23 1096 26.2
23 1097 26.2
23 1098 26.2
23 1099 26.2
23 1100 26.2
23 1101 26.2
23 1102 26.2
23 1103 26.2
23 1104 26.2
23 1105 26.2
24 1106 26.2
24 1107 26.2
24 1108 26.2
24 1109 26.2
24 1110 26.2
24 1111 26.2
24 1112 26.2
24 1113 26.2
24 1114 26.2
24 1115 26.2
24 1116 26.2
24 1117 26.2
24 1118 26.2
24 1119 26.2
24 1120 26.2
24 1121 26.2
24 1122 26.2
24 1123 26.2
24 1124 26.2
24 1125 26.2
24 1126 26.2
24 1127 26.2
24 1128 26.2
24 1129 26.2
24 1130 26.2
24 1131 26.2
24 1132 26.2
24 1133 26.2
24 1134 26.2
24 1135 26.2
24 1136 26.2
24 1137 26.2
24 1138 26.2
24 1139 26.2
24 1140 26.2
24 1141 26.2
24 1142 26.2
24 1143 26.2
24 1144 26.2
24 1145 26.2
24 1146 26.2
24 1147 26.2
24 1148 26.2
24 1149 26.2
24 1150 26.2
24 1151 26.2
24 1152 26.2
25 1153 26.2
25 1154 26.2
25 1155 26.2
25 1156 26.2
25 1157 26.2
25 1158 26.2
25 1159 26.2
25 1160 26.2
25 1161 26.2
25 1162 26.2
25 1163 26.2
25 1164 26.2
25 1165 26.2
25 1166 26.2
25 1167 26.2
25 1168 26.2
25 1169 26.2
25 1170 26.2
25 1171 26.2
25 1172 26.2
25 1173 26.2
25 1174 26.2
25 1175 26.2
25 1176 26.2
25 1177 26.0
25 1178 26.0
25 1179 26.0
25 1180 26.0
25 1181 26.0
25 1182 26.0
25 1183 26.0
25 1184 26.0
25 1185 26.0
25 1186 26.0
25 1187 26.0
25 1188 26.0
25 1189 26.0
25 1190 26.0
25 1191 26.0
25 1192 26.0
25 1193 26.0
25 1194 26.0
25 1195 26.0
25 1196 26.0
25 1197 26.0
25 1198 26.0
25 1199 26.0
25 1200 26.0
25 1201 26.0
25 1202 26.0
26 1203 26.0
26 1204 26.0
26 1205 26.0
26 1206 26.0
26 1207 26.0
26 1208 26.0
26 1209 26.0
26 1210 26.0
26 1211 26.0
26 1212 26.0
26 1213 26.0
26 1214 26.0
26 1215 26.0
26 1216 26.0
26 1217 26.0
26 1218 26.0
26 1219 26.0
26 1220 26.0
26 1221 26.0
26 1222 26.0
26 1223 26.0
26 1224 26.0
26 1225 26.0
26 1226 26.0
26 1227 26.0
26 1228 26.0
26 1229 26.0
26 1230 26.0
26 1231 26.0
26 1232 26.0
26 1233 26.0
26 1234 26.0
26 1235 26.0
26 1236 26.0
26 1237 26.0
26 1238 26.0
26 1239 26.0
26 1240 26.0
26 1241 26.0
26 1242 26.0
26 1243 26.0
26 1244 26.0
26 1245 26.0
26 1246 26.0
26 1247 26.0
26 1248 26.0
26 1249 25.9
26 1250 25.9
26 1251 25.9
26 1252 25.9
27 1253 25.9
27 1254 25.9
27 1255 25.9
27 1256 25.9
27 1257 25.6
27 1258 25.6
27 1259 25.6
27 1260 25.6
27 1261 25.6
27 1262 25.6
27 1263 25.6
27 1264 25.6
27 1265 25.6
27 1266 25.6
27 1267 25.6
27 1268 25.6
27 1269 25.6
27 1270 25.6
27 1271 25.6
27 1272 25.6
27 1273 25.6
27 1274 25.6
27 1275 25.6
27 1276 25.6
27 1277 25.6
27 1278 25.6
27 1279 25.6
27 1280 25.6
27 1281 25.6
27 1282 25.6
27 1283 25.6
27 1284 25.6
27 1285 25.6
27 1286 25.6
27 1287 25.6
27 1288 25.6
27 1289 25.6
27 1290 25.6
27 1291 25.6
27 1292 25.6
27 1293 25.6
27 1294 25.6
27 1295 25.6
27 1296 25.6
27 1297 25.6
27 1298 25.6
27 1299 25.6
27 1300 25.6
28 1301 25.6
28 1302 25.6
28 1303 25.6
28 1304 25.6
28 1305 25.6
28 1306 25.6
28 1307 25.6
28 1308 25.6
28 1309 25.6
28 1310 25.6
28 1311 25.6
28 1312 25.6
28 1313 25.6
28 1314 25.6
28 1315 25.6
28 1316 25.6
28 1317 25.6
28 1318 25.6
28 1319 25.6
28 1320 25.6
28 1321 25.6
28 1322 25.6
28 1323 25.6
28 1324 25.6
28 1325 25.6
28 1326 25.6
28 1327 25.6
28 1328 25.6
28 1329 25.6
28 1330 25.6
28 1331 25.6
28 1332 25.6
28 1333 25.6
28 1334 25.6
28 1335 25.6
28 1336 25.6
28 1337 25.6
28 1338 25.6
28 1339 25.6
28 1340 25.6
28 1341 25.6
28 1342 25.6
28 1343 25.6
28 1344 25.6
28 1345 25.6
28 1346 25.6
28 1347 25.6
28 1348 25.6
29 1349 25.6
29 1350 25.6
29 1351 25.6
29 1352 25.6
29 1353 25.6
29 1354 25.6
29 1355 25.6
29 1356 25.6
29 1357 25.6
29 1358 25.6
29 1359 25.6
29 1360 25.6
29 1361 25.6
29 1362 25.6
29 1363 25.6
29 1364 25.6
29 1365 25.6
29 1366 25.6
29 1367 25.6
29 1368 25.6
29 1369 25.6
29 1370 25.6
29 1371 25.6
29 1372 25.6
29 1373 25.6
29 1374 25.6
29 1375 25.6
29 1376 25.6
29 1377 25.6
29 1378 25.6
29 1379 25.6
29 1380 25.6
29 1381 25.6
29 1382 25.6
29 1383 25.6
29 1384 25.6
29 1385 25.6
29 1386 25.6
29 1387 25.6
29 1388 25.6
29 1389 25.6
29 1390 25.6
29 1391 25.6
29 1392 25.6
29 1393 25.6
29 1394 25.6
29 1395 25.6
29 1396 25.6
29 1397 25.6
29 1398 25.6
29 1399 25.6
30 1400 25.6
30 1401 25.6
30 1402 25.6
30 1403 25.6
30 1404 25.6
30 1405 25.6
30 1406 25.6
30 1407 25.6
30 1408 25.6
30 1409 25.6
30 1410 25.6
30 1411 25.6
30 1412 25.6
30 1413 25.6
30 1414 25.6
30 1415 25.6
30 1416 25.6
30 1417 25.6
30 1418 25.6
30 1419 25.6
30 1420 25.6
30 1421 25.6
30 1422 25.6
30 1423 25.6
30 1424 25.6
30 1425 25.6
30 1426 25.6
30 1427 25.6
30 1428 25.6
30 1429 25.6
30 1430 25.6
30 1431 25.6
30 1432 25.6
30 1433 25.6
30 1434 25.6
30 1435 25.6
30 1436 25.6
30 1437 25.6
30 1438 25.6
30 1439 25.6
30 1440 25.6
30 1441 25.6
30 1442 25.6
30 1443 25.6
30 1444 25.6
30 1445 25.6
30 1446 25.6
30 1447 25.6
30 1448 25.6
30 1449 25.6
30 1450 25.6
31 1451 25.6
31 1452 25.6
31 1453 25.6
31 1454 25.6
31 1455 25.6
31 1456 25.6
31 1457 25.6
31 1458 25.6
31 1459 25.6
31 1460 25.6
31 1461 25.6
31 1462 25.6
31 1463 25.6
31 1464 25.6
31 1465 25.6
31 1466 25.6
31 1467 25.6
31 1468 25.6
31 1469 25.6
31 1470 25.6
31 1471 25.6
31 1472 25.6
31 1473 25.6
31 1474 25.6
31 1475 25.6
31 1476 25.6
31 1477 25.6
31 1478 25.6
31 1479 25.6
31 1480 25.6
31 1481 25.6
31 1482 25.6
31 1483 25.6
31 1484 25.6
31 1485 25.6
31 1486 25.6
31 1487 25.6
31 1488 25.6
31 1489 25.6
31 1490 25.6
31 1491 25.6
31 1492 25.6
31 1493 25.6
31 1494 25.6
31 1495 25.6
31 1496 25.6
31 1497 25.6
31 1498 25.6
31 1499 25.6
32 1500 25.6
32 1501 25.6
32 1502 25.6
32 1503 25.6
32 1504 25.6
32 1505 25.6
32 1506 25.6
32 1507 25.6
32 1508 25.6
32 1509 25.6
32 1510 25.6
32 1511 25.6
32 1512 25.6
32 1513 25.6
32 1514 25.6
32 1515 25.6
32 1516 25.6
32 1517 25.6
32 1518 25.6
32 1519 25.6
32 1520 25.6
32 1521 25.6
32 1522 25.6
32 1523 25.6
32 1524 25.6
32 1525 25.6
32 1526 25.6
32 1527 25.6
32 1528 25.6
32 1529 25.6
32 1530 25.6
32 1531 25.6
32 1532 25.6
32 1533 25.6
32 1534 25.6
32 1535 25.6
32 1536 25.6
32 1537 25.6
32 1538 25.6
32 1539 25.6
32 1540 25.6
32 1541 25.6
32 1542 25.6
32 1543 25.6
32 1544 25.6
32 1545 25.6
32 1546 25.6
33 1547 25.6
33 1548 25.6
33 1549 25.6
33 1550 25.6
33 1551 25.6
33 1552 25.6
33 1553 25.6
33 1554 25.6
33 1555 25.6
33 1556 25.6
33 1557 25.6
33 1558 25.6
33 1559 25.6
33 1560 25.6
33 1561 25.6
33 1562 25.6
33 1563 25.6
33 1564 25.6
33 1565 25.6
33 1566 25.6
33 1567 25.6
33 1568 25.6
33 1569 25.6
33 1570 25.6
33 1571 25.6
33 1572 25.6
33 1573 25.6
33 1574 25.6
33 1575 25.6
33 1576 25.6
33 1577 25.6
33 1578 25.6
33 1579 25.6
33 1580 25.6
33 1581 25.6
33 1582 25.6
33 1583 25.6
33 1584 25.6
33 1585 25.6
33 1586 25.6
33 1587 25.6
33 1588 25.6
33 1589 25.6
33 1590 25.6
33 1591 25.6
33 1592 25.6
33 1593 25.6
33 1594 25.6
33 1595 25.6
34 1596 25.6
34 1597 25.6
34 1598 25.6
34 1599 25.6
34 1600 25.6
34 1601 25.6
34 1602 25.6
34 1603 25.6
34 1604 25.6
34 1605 25.6
34 1606 25.6
34 1607 25.6
34 1608 25.6
34 1609 25.6
34 1610 25.6
34 1611 25.6
34 1612 25.6
34 1613 25.6
34 1614 25.6
34 1615 25.6
34 1616 25.6
34 1617 25.6
34 1618 25.6
34 1619 25.6
34 1620 25.6
34 1621 25.6
34 1622 25.6
34 1623 25.6
34 1624 25.6
34 1625 25.6
34 1626 25.6
34 1627 25.6
34 1628 25.6
34 1629 25.6
34 1630 25.6
34 1631 25.6
34 1632 25.6
34 1633 25.6
34 1634 25.6
34 1635 25.6
34 1636 25.6
34 1637 23.8
34 1638 23.8
34 1639 23.8
34 1640 23.8
34 1641 23.8
34 1642 23.8
34 1643 23.8
34 1644 23.8
35 1645 23.8
35 1646 23.8
35 1647 23.6
35 1648 22.7
35 1649 22.7
35 1650 22.7
35 1651 22.7
35 1652 22.7
35 1653 22.7
35 1654 22.6
35 1655 22.6
35 1656 22.6
35 1657 22.3
35 1658 22.3
35 1659 22.3
35 1660 22.3
35 1661 22.0
35 1662 22.0
35 1663 22.0
35 1664 22.0
35 1665 22.0
35 1666 22.0
35 1667 22.0
35 1668 22.0
35 1669 21.5
35 1670 21.5
35 1671 21.5
35 1672 21.5
35 1673 21.1
35 1674 21.1
35 1675 20.6
35 1676 20.6
35 1677 20.6
35 1678 20.6
35 1679 20.6
35 1680 20.6
35 1681 20.6
35 1682 20.6
35 1683 20.6
35 1684 20.6
35 1685 20.6
35 1686 20.6
35 1687 20.6
35 1688 20.6
35 1689 20.6
35 1690 20.6
35 1691 20.6
35 1692 20.6
35 1693 20.6
35 1694 20.6
36 1695 20.6
36 1696 20.6
36 1697 20.6
36 1698 20.6
36 1699 20.6
36 1700 20.6
36 1701 20.6
36 1702 20.6
36 1703 20.6
36 1704 20.6
36 1705 20.6
36 1706 20.6
36 1707 20.6
36 1708 20.6
36 1709 20.6
36 1710 20.6
36 1711 20.6
36 1712 20.6
36 1713 20.6
36 1714 20.6
36 1715 20.6
36 1716 20.6
36 1717 20.6
36 1718 20.6
36 1719 20.6
36 1720 20.6
36 1721 20.6
36 1722 20.6
36 1723 20.6
36 1724 20.6
36 1725 20.6
36 1726 20.6
36 1727 20.6
36 1728 20.6
36 1729 20.6
36 1730 20.6
36 1731 20.6
36 1732 20.6
36 1733 20.6
36 1734 20.6
36 1735 20.6
36 1736 20.6
36 1737 20.6
36 1738 20.6
36 1739 20.6
36 1740 20.6
36 1741 20.6
36 1742 20.6
36 1743 20.6
36 1744 20.6
37 1745 20.6
37 1746 20.6
37 1747 20.6
37 1748 20.6
37 1749 20.6
37 1750 20.6
37 1751 20.6
37 1752 20.6
37 1753 20.6
37 1754 20.6
37 1755 20.6
37 1756 20.6
37 1757 20.6
37 1758 20.6
37 1759 20.6
37 1760 20.6
37 1761 20.6
37 1762 20.6
37 1763 20.6
37 1764 20.6
37 1765 20.6
37 1766 20.6
37 1767 20.6
37 1768 20.6
37 1769 20.6
37 1770 20.6
37 1771 20.6
37 1772 20.6
37 1773 20.6
37 1774 20.6
37 1775 20.6
37 1776 20.6
37 1777 20.6
37 1778 20.6
37 1779 20.6
37 1780 20.6
37 1781 20.6
37 1782 20.6
37 1783 20.6
37 1784 20.6
37 1785 20.6
37 1786 20.6
37 1787 20.6
37 1788 20.6
37 1789 20.6
37 1790 20.6
37 1791 20.6
37 1792 20.6
37 1793 20.6
38 1794 20.6
38 1795 20.6
38 1796 20.6
38 1797 20.6
38 1798 20.6
38 1799 20.6
38 1800 20.6
38 1801 20.6
38 1802 20.6
38 1803 20.6
38 1804 20.6
38 1805 20.6
38 1806 20.6
38 1807 20.6
38 1808 20.6
38 1809 20.6
38 1810 20.6
38 1811 20.6
38 1812 20.6
38 1813 20.6
38 1814 20.6
38 1815 20.6
38 1816 20.6
38 1817 20.6
38 1818 20.6
38 1819 20.6
38 1820 20.6
38 1821 20.6
38 1822 20.6
38 1823 20.6
38 1824 20.6
38 1825 20.6
38 1826 20.6
38 1827 20.6
38 1828 20.6
38 1829 20.6
38 1830 20.6
38 1831 20.6
38 1832 20.6
38 1833 20.6
38 1834 20.6
38 1835 20.6
38 1836 20.6
38 1837 20.6
38 1838 20.6
38 1839 20.6
38 1840 20.6
38 1841 20.6
38 1842 20.6
39 1843 20.6
39 1844 20.6
39 1845 20.6
39 1846 20.6
39 1847 20.6
39 1848 20.6
39 1849 20.6
39 1850 20.6
39 1851 20.6
39 1852 20.6
39 1853 20.6
39 1854 20.6
39 1855 20.6
39 1856 20.6
39 1857 20.6
39 1858 20.6
39 1859 20.6
39 1860 20.6
39 1861 20.6
39 1862 20.6
39 1863 20.6
39 1864 20.6
39 1865 20.6
39 1866 20.6
39 1867 20.6
39 1868 20.6
39 1869 20.6
39 1870 20.6
39 1871 20.6
39 1872 20.6
39 1873 20.6
39 1874 20.6
39 1875 20.6
39 1876 20.6
39 1877 20.6
39 1878 20.6
39 1879 20.6
39 1880 20.6
39 1881 20.6
39 1882 20.6
39 1883 20.4
39 1884 20.4
39 1885 20.4
39 1886 20.4
39 1887 20.4
39 1888 20.4
39 1889 20.4
39 1890 20.4
39 1891 20.4
39 1892 20.4
39 1893 20.4
39 1894 20.4
40 1895 20.4
40 1896 20.4
40 1897 20.4
40 1898 20.4
40 1899 20.4
40 1900 20.4
40 1901 20.4
40 1902 20.4
40 1903 20.4
40 1904 20.4
40 1905 20.0
40 1906 20.0
40 1907 20.0
40 1908 20.0
40 1909 20.0
40 1910 20.0
40 1911 20.0
40 1912 20.0
40 1913 20.0
40 1914 20.0
40 1915 20.0
40 1916 20.0
40 1917 20.0
40 1918 20.0
40 1919 20.0
40 1920 20.0
40 1921 20.0
40 1922 20.0
40 1923 20.0
40 1924 20.0
40 1925 20.0
40 1926 20.0
40 1927 20.0
40 1928 20.0
40 1929 20.0
40 1930 20.0
40 1931 20.0
40 1932 20.0
40 1933 20.0
40 1934 20.0
40 1935 20.0
40 1936 20.0
40 1937 20.0
40 1938 20.0
40 1939 20.0
40 1940 20.0
40 1941 20.0
40 1942 20.0
41 1943 20.0
41 1944 20.0
41 1945 20.0
41 1946 20.0
41 1947 20.0
41 1948 20.0
41 1949 20.0
41 1950 20.0
41 1951 20.0
41 1952 20.0
41 1953 20.0
41 1954 20.0
41 1955 20.0
41 1956 20.0
41 1957 20.0
41 1958 20.0
41 1959 20.0
41 1960 20.0
41 1961 20.0
41 1962 20.0
41 1963 20.0
41 1964 20.0
41 1965 20.0
41 1966 20.0
41 1967 20.0
41 1968 20.0
41 1969 20.0
41 1970 20.0
41 1971 20.0
41 1972 20.0
41 1973 20.0
41 1974 20.0
41 1975 20.0
41 1976 20.0
41 1977 20.0
41 1978 20.0
41 1979 20.0
41 1980 20.0
41 1981 20.0
41 1982 20.0
41 1983 20.0
41 1984 20.0
41 1985 20.0
41 1986 20.0
41 1987 20.0
41 1988 20.0
41 1989 20.0
41 1990 20.0
41 1991 20.0
41 1992 20.0
41 1993 19.9
42 1994 19.9
42 1995 19.9
42 1996 19.9
42 1997 19.9
42 1998 19.9
42 1999 19.9
42 2000 19.9
42 2001 19.9
42 2002 19.9
42 2003 19.9
42 2004 19.9
42 2005 19.9
42 2006 19.9
42 2007 19.8
42 2008 19.8
42 2009 19.8
42 2010 19.8
42 2011 19.8
42 2012 19.8
42 2013 19.8
42 2014 19.8
42 2015 19.8
42 2016 19.8
42 2017 19.8
42 2018 19.8
42 2019 19.8
42 2020 19.8
42 2021 19.8
42 2022 19.8
42 2023 19.8
42 2024 19.8
42 2025 19.8
42 2026 19.8
42 2027 19.8
42 2028 19.8
42 2029 19.8
42 2030 19.8
42 2031 19.8
42 2032 19.8
42 2033 19.8
42 2034 19.8
42 2035 19.8
42 2036 19.8
42 2037 19.8
42 2038 19.8
42 2039 19.8
42 2040 19.8
42 2041 19.8
42 2042 19.8
42 2043 19.8
43 2044 19.8
43 2045 19.8
43 2046 19.8
43 2047 19.8
43 2048 19.8
43 2049 19.8
43 2050 19.8
43 2051 19.8
43 2052 19.8
43 2053 19.8
43 2054 19.8
43 2055 19.8
43 2056 19.8
43 2057 19.8
43 2058 19.8
43 2059 19.8
43 2060 19.8
43 2061 19.8
43 2062 19.7
43 2063 19.7
43 2064 19.7
43 2065 19.7
43 2066 19.7
43 2067 19.6
43 2068 19.6
43 2069 19.6
43 2070 19.6
43 2071 19.6
43 2072 19.6
43 2073 19.6
43 2074 19.6
43 2075 19.6
43 2076 19.6
43 2077 19.6
43 2078 19.6
43 2079 19.6
43 2080 19.6
43 2081 19.6
43 2082 19.6
43 2083 19.6
43 2084 19.6
43 2085 19.6
43 2086 19.6
43 2087 19.6
43 2088 19.6
43 2089 19.6
43 2090 19.6
43 2091 19.6
43 2092 19.5
43 2093 19.5
43 2094 19.5
44 2095 19.5
44 2096 19.5
44 2097 19.5
44 2098 19.5
44 2099 19.5
44 2100 19.5
44 2101 19.5
44 2102 19.5
44 2103 19.5
44 2104 19.5
44 2105 19.5
44 2106 19.5
44 2107 19.5
44 2108 19.5
44 2109 19.5
44 2110 19.5
44 2111 19.5
44 2112 19.5
44 2113 19.5
44 2114 19.5
44 2115 19.5
44 2116 19.5
44 2117 19.5
44 2118 19.5
44 2119 19.5
44 2120 19.5
44 2121 19.5
44 2122 19.5
44 2123 19.5
44 2124 19.5
44 2125 19.5
44 2126 19.5
44 2127 19.5
44 2128 19.5
44 2129 19.5
44 2130 19.5
44 2131 19.5
44 2132 19.5
44 2133 19.5
44 2134 19.5
44 2135 19.5
44 2136 19.5
44 2137 19.5
44 2138 19.5
44 2139 19.5
44 2140 19.5
44 2141 19.5
44 2142 19.5
44 2143 19.5
44 2144 19.5
45 2145 19.5
45 2146 19.5
45 2147 19.5
45 2148 19.5
45 2149 19.5
45 2150 19.5
45 2151 19.5
45 2152 19.5
45 2153 19.5
45 2154 19.5
45 2155 19.5
45 2156 19.5
45 2157 19.5
45 2158 19.5
45 2159 19.5
45 2160 19.5
45 2161 19.5
45 2162 19.5
45 2163 19.5
45 2164 19.5
45 2165 19.5
45 2166 19.5
45 2167 19.5
45 2168 19.5
45 2169 19.5
45 2170 19.5
45 2171 19.5
45 2172 19.5
45 2173 19.5
45 2174 19.5
45 2175 19.5
45 2176 19.5
45 2177 19.5
45 2178 19.5
45 2179 19.5
45 2180 19.5
45 2181 19.5
45 2182 19.5
45 2183 19.5
45 2184 19.5
45 2185 19.5
45 2186 19.5
45 2187 19.5
45 2188 19.5
45 2189 19.5
45 2190 19.5
45 2191 19.5
45 2192 19.5
45 2193 19.5
46 2194 19.5
46 2195 19.5
46 2196 19.5
46 2197 19.5
46 2198 19.5
46 2199 19.5
46 2200 19.3
46 2201 19.3
46 2202 19.3
46 2203 19.3
46 2204 19.3
46 2205 19.3
46 2206 19.3
46 2207 19.3
46 2208 19.3
46 2209 19.3
46 2210 19.3
46 2211 19.3
46 2212 19.3
46 2213 19.3
46 2214 19.3
46 2215 19.3
46 2216 19.3
46 2217 19.3
46 2218 19.3
46 2219 19.3
46 2220 19.3
46 2221 19.3
46 2222 19.3
46 2223 19.3
46 2224 19.3
46 2225 19.3
46 2226 19.3
46 2227 19.3
46 2228 19.3
46 2229 19.3
46 2230 19.3
46 2231 19.3
46 2232 19.3
46 2233 19.3
46 2234 19.3
46 2235 19.3
46 2236 19.3
46 2237 19.3
46 2238 19.3
46 2239 19.3
46 2240 19.3
46 2241 19.3
46 2242 19.3
46 2243 19.3
47 2244 19.3
47 2245 19.3
47 2246 19.3
47 2247 19.3
47 2248 19.3
47 2249 19.3
47 2250 19.3
47 2251 19.3
47 2252 19.3
47 2253 19.3
47 2254 19.3
47 2255 19.3
47 2256 19.3
47 2257 19.3
47 2258 19.3
47 2259 19.3
47 2260 19.3
47 2261 19.3
47 2262 19.3
47 2263 19.3
47 2264 19.3
47 2265 19.3
47 2266 19.3
47 2267 19.3
47 2268 19.3
47 2269 19.3
47 2270 19.3
47 2271 19.3
47 2272 19.3
47 2273 19.3
47 2274 19.3
47 2275 19.3
47 2276 19.3
47 2277 19.3
47 2278 19.3
47 2279 19.3
47 2280 19.3
47 2281 19.3
47 2282 19.3
47 2283 19.3
47 2284 19.3
47 2285 19.3
47 2286 19.3
47 2287 19.3
47 2288 19.3
47 2289 19.3
47 2290 19.3
47 2291 19.3
47 2292 19.3
48 2293 19.3
48 2294 19.3
48 2295 19.3
48 2296 19.3
48 2297 19.3
48 2298 19.3
48 2299 19.3
48 2300 19.3
48 2301 19.3
48 2302 19.3
48 2303 19.3
48 2304 19.3
48 2305 19.3
48 2306 19.3
48 2307 19.3
48 2308 19.3
48 2309 19.3
48 2310 19.3
48 2311 19.3
48 2312 19.3
48 2313 19.3
48 2314 19.3
48 2315 19.3
48 2316 19.3
48 2317 19.3
48 2318 19.3
48 2319 19.3
48 2320 19.3
48 2321 19.3
48 2322 19.3
48 2323 19.3
48 2324 19.3
48 2325 19.3
48 2326 19.3
48 2327 19.3
48 2328 19.3
48 2329 19.3
48 2330 19.3
48 2331 19.3
48 2332 19.3
48 2333 19.3
48 2334 19.3
48 2335 19.3
48 2336 19.3
48 2337 19.3
48 2338 19.3
48 2339 19.3
48 2340 19.3
49 2341 19.3
49 2342 19.3
49 2343 19.3
49 2344 19.3
49 2345 19.3
49 2346 19.3
49 2347 19.3
49 2348 19.3
49 2349 19.3
49 2350 19.3
49 2351 19.3
49 2352 19.3
49 2353 19.3
49 2354 19.3
49 2355 19.3
49 2356 19.3
49 2357 19.3
49 2358 19.3
49 2359 19.3
49 2360 19.3
49 2361 19.3
49 2362 19.3
49 2363 19.3
49 2364 19.3
49 2365 19.3
49 2366 19.3
49 2367 19.3
49 2368 19.3
49 2369 19.3
49 2370 19.3
49 2371 19.3
49 2372 19.3
49 2373 19.3
49 2374 19.3
49 2375 19.3
49 2376 19.3
49 2377 19.3
49 2378 19.3
49 2379 19.3
49 2380 19.3
49 2381 19.3
49 2382 19.3
49 2383 19.3
49 2384 19.3
49 2385 19.3
49 2386 19.3
49 2387 19.3
49 2388 19.3
49 2389 19.3
49 2390 19.3
50 2391 19.3
50 2392 19.3
50 2393 19.3
50 2394 19.3
50 2395 19.3
50 2396 19.3
50 2397 19.3
50 2398 19.3
50 2399 19.3
50 2400 19.3
50 2401 19.3
50 2402 19.3
50 2403 19.3
50 2404 19.3
50 2405 19.3
50 2406 19.3
50 2407 19.3
50 2408 19.3
50 2409 19.3
50 2410 19.3
50 2411 19.3
50 2412 19.3
50 2413 19.3
50 2414 19.3
50 2415 19.3
50 2416 19.3
50 2417 19.3
50 2418 19.3
50 2419 19.3
50 2420 19.3
50 2421 19.3
50 2422 19.3
50 2423 19.3
50 2424 19.3
50 2425 19.3
50 2426 19.3
50 2427 19.3
50 2428 19.3
50 2429 19.3
50 2430 19.3
50 2431 19.3
50 2432 19.3
50 2433 19.3
50 2434 19.3
50 2435 19.3
50 2436 19.3
50 2437 19.3
50 2438 19.3
50 2439 19.3
50 2440 19.3
50 2441 19.3
51 2442 19.3
51 2443 19.3
51 2444 19.3
51 2445 19.3
51 2446 19.3
51 2447 19.3
51 2448 19.3
51 2449 19.3
51 2450 19.3
51 2451 19.3
51 2452 19.3
51 2453 19.3
51 2454 19.3
51 2455 19.3
51 2456 19.3
51 2457 19.3
51 2458 19.3
51 2459 19.3
51 2460 19.3
51 2461 19.3
51 2462 19.3
51 2463 19.3
51 2464 19.3
51 2465 19.3
51 2466 19.3
51 2467 19.3
51 2468 19.3
51 2469 19.3
51 2470 19.3
51 2471 19.3
51 2472 19.3
51 2473 19.3
51 2474 19.3
51 2475 19.3
51 2476 19.3
51 2477 19.3
51 2478 19.3
51 2479 19.3
51 2480 19.3
51 2481 19.3
51 2482 19.3
51 2483 19.3
51 2484 19.3
51 2485 19.3
51 2486 19.3
51 2487 19.3
51 2488 19.3
51 2489 19.3
51 2490 19.3
52 2491 19.3
52 2492 19.3
52 2493 19.3
52 2494 19.3
52 2495 19.3
52 2496 19.3
52 2497 19.3
52 2498 19.3
52 2499 19.3
52 2500 19.3
52 2501 19.3
52 2502 19.3
52 2503 19.3
52 2504 19.3
52 2505 19.3
52 2506 19.3
52 2507 19.3
52 2508 19.3
52 2509 19.3
52 2510 19.3
52 2511 19.3
52 2512 19.3
52 2513 19.3
52 2514 19.3
52 2515 19.3
52 2516 19.3
52 2517 19.3
52 2518 19.3
52 2519 19.3
52 2520 19.3
52 2521 19.3
52 2522 19.3
52 2523 19.3
52 2524 19.3
52 2525 19.3
52 2526 19.3
52 2527 19.3
52 2528 19.3
52 2529 19.3
52 2530 19.3
52 2531 19.3
52 2532 19.3
52 2533 19.3
52 2534 19.3
52 2535 19.3
52 2536 19.3
52 2537 19.3
52 2538 19.3
53 2539 19.3
53 2540 19.3
53 2541 19.3
53 2542 19.3
53 2543 19.3
53 2544 19.3
53 2545 19.3
53 2546 19.3
53 2547 19.3
53 2548 19.3
53 2549 19.3
53 2550 19.3
53 2551 19.3
53 2552 19.3
53 2553 19.3
53 2554 19.3
53 2555 19.3
53 2556 19.3
53 2557 19.3
53 2558 19.3
53 2559 19.3
53 2560 19.3
53 2561 19.3
53 2562 19.3
53 2563 19.3
53 2564 19.3
53 2565 19.3
53 2566 19.3
53 2567 19.3
53 2568 19.3
53 2569 19.3
53 2570 19.3
53 2571 19.3
53 2572 19.3
53 2573 19.3
53 2574 19.3
53 2575 19.3
53 2576 19.3
53 2577 19.3
53 2578 19.3
53 2579 19.3
53 2580 19.3
53 2581 19.3
53 2582 19.3
53 2583 19.3
53 2584 19.3
53 2585 19.3
53 2586 19.3
53 2587 19.3
53 2588 19.3
54 2589 19.3
54 2590 19.3
54 2591 19.3
54 2592 19.3
54 2593 19.3
54 2594 19.3
54 2595 19.3
54 2596 19.3
54 2597 19.3
54 2598 19.3
54 2599 19.3
54 2600 19.3
54 2601 19.3
54 2602 19.3
54 2603 19.3
54 2604 19.3
54 2605 19.3
54 2606 19.3
54 2607 19.3
54 2608 19.3
54 2609 19.3
54 2610 19.3
54 2611 19.3
54 2612 19.3
54 2613 19.3
54 2614 19.3
54 2615 19.3
54 2616 19.3
54 2617 19.3
54 2618 19.3
54 2619 19.3
54 2620 19.3
54 2621 19.3
54 2622 19.3
54 2623 19.3
54 2624 19.3
54 2625 19.3
54 2626 19.3
54 2627 19.3
54 2628 19.3
54 2629 19.3
54 2630 19.3
54 2631 19.3
54 2632 19.3
54 2633 19.3
54 2634 19.3
54 2635 19.3
54 2636 19.3
55 2637 19.3
55 2638 19.3
55 2639 19.3
55 2640 19.3
55 2641 19.3
55 2642 19.3
55 2643 19.3
55 2644 19.3
55 2645 19.3
55 2646 19.3
55 2647 19.3
55 2648 19.3
55 2649 19.3
55 2650 19.3
55 2651 19.3
55 2652 19.3
55 2653 19.3
55 2654 19.3
55 2655 19.3
55 2656 19.3
55 2657 19.3
55 2658 19.3
55 2659 19.3
55 2660 19.3
55 2661 19.3
55 2662 19.3
55 2663 19.3
55 2664 19.3
55 2665 19.3
55 2666 19.3
55 2667 19.3
55 2668 19.3
55 2669 19.3
55 2670 19.3
55 2671 19.3
55 2672 19.3
55 2673 19.3
55 2674 19.3
55 2675 19.3
55 2676 19.3
55 2677 19.3
55 2678 19.3
55 2679 19.3
55 2680 19.3
55 2681 19.3
55 2682 19.3
55 2683 19.3
55 2684 19.3
55 2685 19.3
55 2686 19.3
55 2687 19.3
55 2688 19.3
55 2689 19.3
56 2690 19.3
56 2691 19.3
56 2692 19.3
56 2693 19.3
56 2694 19.3
56 2695 19.3
56 2696 19.3
56 2697 19.3
56 2698 19.3
56 2699 19.3
56 2700 19.3
56 2701 19.3
56 2702 19.3
56 2703 19.3
56 2704 19.3
56 2705 19.3
56 2706 19.3
56 2707 19.3
56 2708 19.3
56 2709 19.3
56 2710 19.3
56 2711 19.3
56 2712 19.3
56 2713 19.3
56 2714 19.3
56 2715 19.3
56 2716 19.3
56 2717 19.3
56 2718 19.3
56 2719 19.3
56 2720 19.3
56 2721 19.3
56 2722 19.3
56 2723 19.3
56 2724 19.3
56 2725 19.3
56 2726 19.3
56 2727 19.3
56 2728 19.3
56 2729 19.3
56 2730 19.3
56 2731 19.3
56 2732 19.3
56 2733 19.3
56 2734 19.3
56 2735 19.3
56 2736 19.3
56 2737 19.3
56 2738 19.3
57 2739 19.3
57 2740 19.3
57 2741 19.3
57 2742 19.3
57 2743 19.3
57 2744 19.3
57 2745 19.3
57 2746 19.3
57 2747 19.3
57 2748 19.3
57 2749 19.3
57 2750 19.3
57 2751 19.3
57 2752 19.3
57 2753 19.3
57 2754 19.3
57 2755 19.3
57 2756 19.3
57 2757 19.3
57 2758 19.3
57 2759 19.3
57 2760 19.3
57 2761 19.3
57 2762 19.3
57 2763 19.3
57 2764 19.3
57 2765 19.3
57 2766 19.3
57 2767 19.3
57 2768 19.3
57 2769 19.3
57 2770 19.3
57 2771 19.3
57 2772 19.3
57 2773 19.3
57 2774 19.3
57 2775 19.3
57 2776 19.3
57 2777 19.3
57 2778 19.3
57 2779 19.3
57 2780 19.3
57 2781 19.3
57 2782 19.3
57 2783 19.3
57 2784 19.3
57 2785 19.3
57 2786 19.3
57 2787 19.3
58 2788 19.3
58 2789 19.3
58 2790 19.3
58 2791 19.3
58 2792 19.3
58 2793 19.3
58 2794 19.3
58 2795 19.3
58 2796 19.3
58 2797 19.3
58 2798 19.3
58 2799 19.3
58 2800 19.3
58 2801 19.3
58 2802 19.3
58 2803 19.3
58 2804 19.3
58 2805 19.3
58 2806 19.3
58 2807 19.3
58 2808 19.3
58 2809 19.3
58 2810 19.3
58 2811 19.3
58 2812 19.3
58 2813 19.3
58 2814 19.3
58 2815 19.3
58 2816 19.3
58 2817 19.3
58 2818 19.3
58 2819 19.3
58 2820 19.3
58 2821 19.3
58 2822 19.3
58 2823 19.3
58 2824 19.3
58 2825 19.3
58 2826 19.3
58 2827 19.3
58 2828 19.3
58 2829 19.3
58 2830 19.3
58 2831 19.3
58 2832 19.3
58 2833 19.3
58 2834 19.3
58 2835 19.3
58 2836 19.3
58 2837 19.3
59 2838 19.3
59 2839 19.3
59 2840 19.3
59 2841 19.3
59 2842 19.3
59 2843 19.3
59 2844 19.3
59 2845 19.3
59 2846 19.3
59 2847 19.3
59 2848 19.3
59 2849 19.3
59 2850 19.3
59 2851 19.3
59 2852 19.3
59 2853 19.3
59 2854 19.3
59 2855 19.3
59 2856 19.3
59 2857 19.3
59 2858 19.3
59 2859 19.3
59 2860 19.3
59 2861 19.3
59 2862 19.3
59 2863 19.3
59 2864 19.3
59 2865 19.3
59 2866 19.3
59 2867 19.3
59 2868 19.3
59 2869 19.3
59 2870 19.3
59 2871 19.3
59 2872 19.3
59 2873 19.3
59 2874 19.3
59 2875 19.3
59 2876 19.3
59 2877 19.3
59 2878 19.3
59 2879 19.3
59 2880 19.3
59 2881 19.3
59 2882 19.3
59 2883 19.3
59 2884 19.3
59 2885 19.3
59 2886 19.3
59 2887 19.3
59 2888 19.3
60 2889 19.3
60 2890 19.3
60 2891 19.3
60 2892 19.3
60 2893 19.3
60 2894 19.3
60 2895 19.3
60 2896 19.3
60 2897 19.3
60 2898 19.3
60 2899 19.3
60 2900 19.3
60 2901 19.3
60 2902 19.3
60 2903 19.3
60 2904 19.3
60 2905 19.3
60 2906 19.3
60 2907 19.3
60 2908 19.3
60 2909 19.3
60 2910 19.3
60 2911 19.3
60 2912 19.3
60 2913 19.3
60 2914 19.3
60 2915 19.3
60 2916 19.3
60 2917 19.3
60 2918 19.3
60 2919 19.3
60 2920 19.3
60 2921 19.3
60 2922 19.3
60 2923 19.3
60 2924 19.3
60 2925 19.3
60 2926 19.3
60 2927 19.3
60 2928 19.3
60 2929 19.3
60 2930 19.3
60 2931 19.3
60 2932 19.3
60 2933 19.3
60 2934 19.3
60 2935 19.3
60 2936 19.3
60 2937 19.3
60 2938 19.3
61 2939 19.3
61 2940 19.3
61 2941 19.3
61 2942 19.3
61 2943 19.3
61 2944 19.3
61 2945 19.3
61 2946 19.3
61 2947 19.3
61 2948 19.3
61 2949 19.3
61 2950 19.3
61 2951 19.3
61 2952 19.3
61 2953 19.3
61 2954 19.3
61 2955 19.3
61 2956 19.3
61 2957 19.3
61 2958 19.3
61 2959 19.3
61 2960 19.3
61 2961 19.3
61 2962 19.3
61 2963 19.3
61 2964 19.3
61 2965 19.3
61 2966 19.3
61 2967 19.3
61 2968 19.3
61 2969 19.3
61 2970 19.3
61 2971 19.3
61 2972 19.3
61 2973 19.3
61 2974 19.3
61 2975 19.3
61 2976 19.3
61 2977 19.3
61 2978 19.3
61 2979 19.3
61 2980 19.3
61 2981 19.3
61 2982 19.3
61 2983 19.3
61 2984 19.3
61 2985 19.3
61 2986 19.3
61 2987 19.3
62 2988 19.3
62 2989 19.3
62 2990 19.3
62 2991 19.3
62 2992 19.3
62 2993 19.3
62 2994 19.3
62 2995 19.3
62 2996 19.3
62 2997 19.3
62 2998 19.3
62 2999 19.3
62 3000 19.3
62 3001 19.3
62 3002 19.3
62 3003 19.3
62 3004 19.3
62 3005 19.3
62 3006 19.3
62 3007 19.3
62 3008 19.3
62 3009 19.3
62 3010 19.3
62 3011 19.3
62 3012 19.3
62 3013 19.3
62 3014 19.3
62 3015 19.3
62 3016 19.3
62 3017 19.3
62 3018 19.3
62 3019 19.3
62 3020 19.3
62 3021 19.3
62 3022 19.3
62 3023 19.3
62 3024 19.3
62 3025 19.3
62 3026 19.3
62 3027 19.3
62 3028 19.3
62 3029 19.3
62 3030 19.3
62 3031 19.3
62 3032 19.3
62 3033 19.3
62 3034 19.3
62 3035 19.3
62 3036 19.3
63 3037 19.3
63 3038 19.3
63 3039 19.3
63 3040 19.3
63 3041 19.3
63 3042 19.3
63 3043 19.3
63 3044 19.3
63 3045 19.3
63 3046 19.3
63 3047 19.3
63 3048 19.3
63 3049 19.3
63 3050 19.3
63 3051 19.3
63 3052 19.3
63 3053 19.3
63 3054 19.3
63 3055 19.3
63 3056 19.3
63 3057 19.3
63 3058 19.3
63 3059 19.3
63 3060 19.3
63 3061 19.3
63 3062 19.3
63 3063 19.3
63 3064 19.3
63 3065 19.3
63 3066 19.3
63 3067 19.3
63 3068 19.3
63 3069 19.3
63 3070 19.3
63 3071 19.3
63 3072 19.3
63 3073 19.3
63 3074 19.3
63 3075 19.3
63 3076 19.3
63 3077 19.3
63 3078 19.3
63 3079 19.3
63 3080 19.3
63 3081 19.3
63 3082 19.3
63 3083 19.3
63 3084 19.3
63 3085 19.3
64 3086 19.3
64 3087 19.3
64 3088 19.3
64 3089 19.3
64 3090 19.3
64 3091 19.3
64 3092 19.3
64 3093 19.3
64 3094 19.3
64 3095 19.3
64 3096 19.3
64 3097 19.3
64 3098 19.3
64 3099 19.3
64 3100 19.3
64 3101 19.3
64 3102 19.3
64 3103 19.2
64 3104 19.2
64 3105 19.2
64 3106 19.2
64 3107 19.2
64 3108 19.2
64 3109 19.2
64 3110 19.2
64 3111 19.2
64 3112 19.2
64 3113 19.2
64 3114 19.2
64 3115 19.2
64 3116 19.2
64 3117 19.2
64 3118 19.2
64 3119 19.2
64 3120 19.2
64 3121 19.2
64 3122 19.2
64 3123 19.2
64 3124 19.2
64 3125 19.2
64 3126 19.2
64 3127 19.2
64 3128 19.2
64 3129 19.2
64 3130 19.2
64 3131 19.2
64 3132 19.2
64 3133 19.2
64 3134 19.2
65 3135 19.2
65 3136 19.2
65 3137 19.2
65 3138 19.2
65 3139 19.2
65 3140 19.2
65 3141 19.2
65 3142 19.2
65 3143 19.2
65 3144 19.2
65 3145 19.2
65 3146 19.2
65 3147 19.2
65 3148 19.2
65 3149 19.2
65 3150 19.2
65 3151 19.2
65 3152 19.2
65 3153 19.2
65 3154 19.2
65 3155 19.2
65 3156 19.2
65 3157 19.2
65 3158 19.2
65 3159 19.2
65 3160 19.2
65 3161 19.2
65 3162 19.2
65 3163 19.2
65 3164 19.2
65 3165 19.2
65 3166 19.2
65 3167 19.2
65 3168 19.2
65 3169 19.2
65 3170 19.2
65 3171 19.2
65 3172 19.2
65 3173 19.2
65 3174 19.2
65 3175 19.2
65 3176 19.2
65 3177 19.2
65 3178 19.2
65 3179 19.2
65 3180 19.2
65 3181 19.2
65 3182 19.2
65 3183 19.2
65 3184 19.2
65 3185 19.2
66 3186 19.2
66 3187 19.2
66 3188 19.2
66 3189 19.2
66 3190 19.2
66 3191 19.2
66 3192 19.2
66 3193 19.2
66 3194 19.2
66 3195 19.2
66 3196 19.2
66 3197 19.2
66 3198 19.2
66 3199 19.2
66 3200 19.2
66 3201 19.2
66 3202 19.2
66 3203 19.2
66 3204 19.2
66 3205 19.2
66 3206 19.2
66 3207 19.2
66 3208 19.2
66 3209 19.2
66 3210 19.2
66 3211 19.2
66 3212 19.2
66 3213 19.2
66 3214 19.2
66 3215 19.2
66 3216 19.2
66 3217 19.2
66 3218 19.2
66 3219 19.2
66 3220 19.2
66 3221 19.2
66 3222 19.2
66 3223 19.2
66 3224 19.2
66 3225 19.2
66 3226 19.2
66 3227 19.2
66 3228 19.2
66 3229 19.2
66 3230 19.2
66 3231 19.2
66 3232 19.2
67 3233 19.2
67 3234 19.2
67 3235 19.2
67 3236 19.2
67 3237 19.2
67 3238 19.2
67 3239 19.2
67 3240 19.2
67 3241 19.2
67 3242 19.2
67 3243 19.2
67 3244 19.2
67 3245 19.2
67 3246 19.2
67 3247 19.2
67 3248 19.2
67 3249 19.2
67 3250 19.2
67 3251 19.2
67 3252 19.2
67 3253 19.2
67 3254 19.2
67 3255 19.2
67 3256 19.2
67 3257 19.2
67 3258 19.2
67 3259 19.2
67 3260 19.2
67 3261 19.2
67 3262 19.2
67 3263 19.2
67 3264 19.2
67 3265 19.2
67 3266 19.2
67 3267 19.2
67 3268 19.2
67 3269 19.2
67 3270 19.2
67 3271 19.2
67 3272 19.2
67 3273 19.2
67 3274 19.2
67 3275 19.2
67 3276 19.2
67 3277 19.2
67 3278 19.2
67 3279 19.2
67 3280 19.2
68 3281 19.2
68 3282 19.2
68 3283 19.2
68 3284 19.2
68 3285 19.2
68 3286 19.2
68 3287 19.2
68 3288 19.2
68 3289 19.2
68 3290 19.2
68 3291 19.2
68 3292 19.2
68 3293 19.2
68 3294 19.2
68 3295 19.2
68 3296 19.2
68 3297 19.2
68 3298 19.2
68 3299 19.2
68 3300 19.2
68 3301 19.2
68 3302 19.2
68 3303 19.2
68 3304 19.2
68 3305 19.2
68 3306 19.2
68 3307 19.2
68 3308 19.2
68 3309 19.2
68 3310 19.2
68 3311 19.2
68 3312 19.2
68 3313 19.2
68 3314 19.2
68 3315 19.2
68 3316 19.2
68 3317 19.2
68 3318 19.2
68 3319 19.2
68 3320 19.2
68 3321 19.2
68 3322 19.2
68 3323 19.2
68 3324 19.2
68 3325 19.2
68 3326 19.2
68 3327 19.2
68 3328 19.2
68 3329 19.2
68 3330 19.2
69 3331 19.2
69 3332 19.2
69 3333 19.2
69 3334 19.2
69 3335 19.2
69 3336 19.2
69 3337 19.2
69 3338 19.2
69 3339 19.2
69 3340 19.2
69 3341 19.2
69 3342 19.2
69 3343 19.2
69 3344 19.2
69 3345 19.2
69 3346 19.2
69 3347 19.2
69 3348 19.2
69 3349 19.2
69 3350 19.2
69 3351 19.2
69 3352 19.2
69 3353 19.2
69 3354 19.2
69 3355 19.2
69 3356 19.2
69 3357 19.2
69 3358 19.2
69 3359 19.2
69 3360 19.2
69 3361 19.2
69 3362 19.2
69 3363 19.2
69 3364 19.2
69 3365 19.2
69 3366 19.2
69 3367 19.2
69 3368 19.2
69 3369 19.2
69 3370 19.2
69 3371 19.2
69 3372 19.2
69 3373 19.2
69 3374 19.2
69 3375 19.2
69 3376 19.2
69 3377 19.2
69 3378 19.2
69 3379 19.2
69 3380 19.2
70 3381 19.2
70 3382 19.2
70 3383 19.2
70 3384 19.2
70 3385 19.2
70 3386 19.2
70 3387 19.2
70 3388 19.2
70 3389 19.2
70 3390 19.2
70 3391 19.2
70 3392 19.2
70 3393 19.2
70 3394 19.2
70 3395 19.2
70 3396 19.2
70 3397 19.2
70 3398 19.2
70 3399 19.2
70 3400 19.2
70 3401 19.2
70 3402 19.2
70 3403 19.2
70 3404 19.2
70 3405 19.2
70 3406 19.2
70 3407 19.2
70 3408 19.2
70 3409 19.2
70 3410 19.2
70 3411 19.2
70 3412 19.2
70 3413 19.2
70 3414 19.2
70 3415 19.2
70 3416 19.2
70 3417 19.2
70 3418 19.2
70 3419 19.2
70 3420 19.2
70 3421 19.2
70 3422 19.2
70 3423 19.2
70 3424 19.2
70 3425 19.2
70 3426 19.2
70 3427 19.2
70 3428 19.2
70 3429 19.2
70 3430 19.2
70 3431 19.2
71 3432 19.2
71 3433 19.2
71 3434 19.2
71 3435 19.2
71 3436 19.2
71 3437 19.2
71 3438 19.2
71 3439 19.2
71 3440 19.2
71 3441 19.2
71 3442 19.2
71 3443 19.2
71 3444 19.2
71 3445 19.2
71 3446 19.2
71 3447 19.2
71 3448 19.2
71 3449 19.2
71 3450 19.2
71 3451 19.2
71 3452 19.2
71 3453 19.2
71 3454 19.2
71 3455 19.2
71 3456 19.2
71 3457 19.2
71 3458 19.2
71 3459 19.2
71 3460 19.2
71 3461 19.2
71 3462 19.2
71 3463 19.2
71 3464 19.2
71 3465 19.2
71 3466 19.2
71 3467 19.2
71 3468 19.2
71 3469 19.2
71 3470 19.2
71 3471 19.2
71 3472 19.2
71 3473 19.2
71 3474 19.2
71 3475 19.2
71 3476 19.2
71 3477 19.2
71 3478 19.2
71 3479 19.2
71 3480 19.2
72 3481 19.2
72 3482 19.2
72 3483 19.2
72 3484 19.2
72 3485 19.2
72 3486 19.2
72 3487 19.2
72 3488 19.2
72 3489 19.2
72 3490 19.2
72 3491 19.2
72 3492 19.2
72 3493 19.2
72 3494 19.2
72 3495 19.2
72 3496 19.2
72 3497 19.2
72 3498 19.2
72 3499 19.2
72 3500 19.2
72 3501 19.2
72 3502 19.2
72 3503 19.2
72 3504 19.2
72 3505 19.2
72 3506 19.2
72 3507 19.2
72 3508 19.2
72 3509 19.2
72 3510 19.2
72 3511 19.2
72 3512 19.2
72 3513 19.2
72 3514 19.2
72 3515 19.2
72 3516 19.2
72 3517 19.2
72 3518 19.2
72 3519 19.2
72 3520 19.2
72 3521 19.2
72 3522 19.2
72 3523 19.2
72 3524 19.2
72 3525 19.2
72 3526 19.2
72 3527 19.2
72 3528 19.2
72 3529 19.2
72 3530 19.2
72 3531 19.2
72 3532 19.2
73 3533 19.2
73 3534 19.2
73 3535 19.2
73 3536 19.2
73 3537 19.2
73 3538 19.2
73 3539 19.2
73 3540 19.2
73 3541 19.2
73 3542 19.2
73 3543 19.2
73 3544 19.2
73 3545 19.2
73 3546 19.2
73 3547 19.2
73 3548 19.2
73 3549 19.2
73 3550 19.2
73 3551 19.2
73 3552 19.2
73 3553 19.2
73 3554 19.2
73 3555 19.2
73 3556 19.2
73 3557 19.2
73 3558 19.2
73 3559 19.2
73 3560 19.2
73 3561 19.2
73 3562 19.2
73 3563 19.2
73 3564 19.2
73 3565 19.2
73 3566 19.2
73 3567 19.2
73 3568 19.2
73 3569 19.2
73 3570 19.2
73 3571 19.2
73 3572 19.2
73 3573 19.2
73 3574 19.2
73 3575 19.2
73 3576 19.2
73 3577 19.2
73 3578 19.2
73 3579 19.2
73 3580 19.2
73 3581 19.2
73 3582 19.2
74 3583 19.2
74 3584 19.2
74 3585 19.2
74 3586 19.2
74 3587 19.2
74 3588 19.2
74 3589 19.2
74 3590 19.2
74 3591 19.2
74 3592 19.2
74 3593 19.2
74 3594 19.2
74 3595 19.2
74 3596 19.2
74 3597 19.2
74 3598 19.2
74 3599 19.2
74 3600 19.2
74 3601 19.2
74 3602 19.1
74 3603 19.1
74 3604 19.1
74 3605 19.1
74 3606 18.8
74 3607 18.8
74 3608 18.8
74 3609 18.8
74 3610 18.0
74 3611 18.0
74 3612 18.0
74 3613 18.0
74 3614 18.0
74 3615 18.0
74 3616 18.0
74 3617 18.0
74 3618 18.0
74 3619 18.0
74 3620 18.0
74 3621 18.0
74 3622 18.0
74 3623 18.0
74 3624 18.0
74 3625 18.0
74 3626 18.0
74 3627 18.0
74 3628 18.0
74 3629 18.0
74 3630 18.0
74 3631 18.0
75 3632 18.0
75 3633 18.0
75 3634 18.0
75 3635 18.0
75 3636 18.0
75 3637 18.0
75 3638 18.0
75 3639 18.0
75 3640 18.0
75 3641 18.0
75 3642 18.0
75 3643 18.0
75 3644 18.0
75 3645 18.0
75 3646 18.0
75 3647 18.0
75 3648 18.0
75 3649 18.0
75 3650 18.0
75 3651 18.0
75 3652 18.0
75 3653 18.0
75 3654 18.0
75 3655 18.0
75 3656 18.0
75 3657 18.0
75 3658 18.0
75 3659 18.0
75 3660 18.0
75 3661 18.0
75 3662 18.0
75 3663 18.0
75 3664 18.0
75 3665 18.0
75 3666 18.0
75 3667 18.0
75 3668 18.0
75 3669 18.0
75 3670 18.0
75 3671 18.0
75 3672 18.0
75 3673 18.0
75 3674 18.0
75 3675 18.0
75 3676 18.0
75 3677 18.0
75 3678 18.0
75 3679 18.0
75 3680 18.0
75 3681 18.0
75 3682 18.0
75 3683 18.0
76 3684 18.0
76 3685 18.0
76 3686 17.7
76 3687 17.7
76 3688 17.7
76 3689 17.7
76 3690 17.7
76 3691 17.7
76 3692 17.7
76 3693 17.7
76 3694 17.7
76 3695 17.7
76 3696 17.7
76 3697 17.7
76 3698 17.7
76 3699 17.7
76 3700 17.7
76 3701 17.7
76 3702 17.7
76 3703 17.7
76 3704 17.6
76 3705 17.6
76 3706 17.6
76 3707 17.6
76 3708 17.6
76 3709 17.6
76 3710 17.6
76 3711 17.6
76 3712 17.6
76 3713 17.6
76 3714 17.6
76 3715 17.6
76 3716 17.6
76 3717 17.6
76 3718 17.6
76 3719 17.6
76 3720 17.6
76 3721 17.6
76 3722 17.6
76 3723 17.6
76 3724 17.6
76 3725 17.6
76 3726 17.6
76 3727 17.6
76 3728 17.6
76 3729 17.6
76 3730 17.6
76 3731 17.6
76 3732 17.6
76 3733 17.6
76 3734 17.6
77 3735 17.6
77 3736 17.6
77 3737 17.6
77 3738 17.6
77 3739 17.6
77 3740 17.6
77 3741 17.6
77 3742 17.6
77 3743 17.6
77 3744 17.6
77 3745 17.6
77 3746 17.6
77 3747 17.4
77 3748 17.4
77 3749 17.4
77 3750 17.3
77 3751 17.3
77 3752 17.3
77 3753 17.2
77 3754 17.2
77 3755 17.0
77 3756 17.0
77 3757 17.0
77 3758 16.9
77 3759 16.9
77 3760 16.9
77 3761 16.9
77 3762 16.9
77 3763 16.9
77 3764 16.9
77 3765 16.9
77 3766 16.9
77 3767 16.8
77 3768 16.8
77 3769 16.8
77 3770 16.8
77 3771 16.8
77 3772 16.8
77 3773 16.8
77 3774 16.8
77 3775 16.8
77 3776 16.8
77 3777 16.8
77 3778 16.8
77 3779 16.8
77 3780 16.8
77 3781 16.8
77 3782 16.8
77 3783 16.8
77 3784 16.8
78 3785 16.8
78 3786 16.8
78 3787 16.8
78 3788 16.8
78 3789 16.8
78 3790 16.8
78 3791 16.8
78 3792 16.8
78 3793 16.8
78 3794 16.8
78 3795 16.8
78 3796 16.8
78 3797 16.8
78 3798 16.8
78 3799 16.8
78 3800 16.8
78 3801 16.8
78 3802 16.8
78 3803 16.8
78 3804 16.8
78 3805 16.8
78 3806 16.8
78 3807 16.8
78 3808 16.8
78 3809 16.8
78 3810 16.8
78 3811 16.8
78 3812 16.8
78 3813 16.8
78 3814 16.8
78 3815 16.8
78 3816 16.8
78 3817 16.8
78 3818 16.8
78 3819 16.8
78 3820 16.8
78 3821 16.8
78 3822 16.8
78 3823 16.8
78 3824 16.8
78 3825 16.8
78 3826 16.8
78 3827 16.8
78 3828 16.8
78 3829 16.8
78 3830 16.8
78 3831 16.8
78 3832 16.8
79 3833 16.8
79 3834 16.8
79 3835 16.8
79 3836 16.8
79 3837 16.8
79 3838 16.8
79 3839 16.8
79 3840 16.8
79 3841 16.8
79 3842 16.8
79 3843 16.8
79 3844 16.8
79 3845 16.8
79 3846 16.8
79 3847 16.8
79 3848 16.8
79 3849 16.8
79 3850 16.8
79 3851 16.8
79 3852 16.8
79 3853 16.8
79 3854 16.8
79 3855 16.8
79 3856 16.8
79 3857 16.8
79 3858 16.8
79 3859 16.8
79 3860 16.8
79 3861 16.8
79 3862 16.8
79 3863 16.8
79 3864 16.8
79 3865 16.8
79 3866 16.8
79 3867 16.8
79 3868 16.8
79 3869 16.8
79 3870 16.8
79 3871 16.8
79 3872 16.8
79 3873 16.8
79 3874 16.8
79 3875 16.8
79 3876 16.8
79 3877 16.8
79 3878 16.8
79 3879 16.8
79 3880 16.8
80 3881 16.8
80 3882 16.8
80 3883 16.8
80 3884 16.8
80 3885 16.8
80 3886 16.8
80 3887 16.8
80 3888 16.8
80 3889 16.8
80 3890 16.8
80 3891 16.8
80 3892 16.8
80 3893 16.8
80 3894 16.8
80 3895 16.8
80 3896 16.8
80 3897 16.8
80 3898 16.8
80 3899 16.8
80 3900 16.8
80 3901 16.8
80 3902 16.8
80 3903 16.8
80 3904 16.8
80 3905 16.8
80 3906 16.8
80 3907 16.8
80 3908 16.8
80 3909 16.8
80 3910 16.8
80 3911 16.8
80 3912 16.8
80 3913 16.8
80 3914 16.8
80 3915 16.8
80 3916 16.8
80 3917 16.8
80 3918 16.8
80 3919 16.8
80 3920 16.8
80 3921 16.8
80 3922 16.8
80 3923 16.8
80 3924 16.8
80 3925 16.8
80 3926 16.8
80 3927 16.8
80 3928 16.8
81 3929 16.8
81 3930 16.8
81 3931 16.8
81 3932 16.8
81 3933 16.8
81 3934 16.8
81 3935 16.8
81 3936 16.8
81 3937 16.8
81 3938 16.8
81 3939 16.8
81 3940 16.8
81 3941 16.8
81 3942 16.8
81 3943 16.8
81 3944 16.8
81 3945 16.8
81 3946 16.8
81 3947 16.8
81 3948 16.8
81 3949 16.8
81 3950 16.8
81 3951 16.8
81 3952 16.8
81 3953 16.8
81 3954 16.8
81 3955 16.8
81 3956 16.8
81 3957 16.8
81 3958 16.8
81 3959 16.8
81 3960 16.8
81 3961 16.8
81 3962 16.8
81 3963 16.8
81 3964 16.8
81 3965 16.8
81 3966 16.8
81 3967 16.8
81 3968 16.8
81 3969 16.8
81 3970 16.8
81 3971 16.8
81 3972 16.8
81 3973 16.8
81 3974 16.8
81 3975 16.8
81 3976 16.8
81 3977 16.8
81 3978 16.8
82 3979 16.8
82 3980 16.8
82 3981 16.8
82 3982 16.8
82 3983 16.8
82 3984 16.8
82 3985 16.8
82 3986 16.8
82 3987 16.8
82 3988 16.8
82 3989 16.8
82 3990 16.8
82 3991 16.8
82 3992 16.8
82 3993 16.8
82 3994 16.8
82 3995 16.8
82 3996 16.8
82 3997 16.8
82 3998 16.8
82 3999 16.8
82 4000 16.8
82 4001 16.8
82 4002 16.8
82 4003 16.8
82 4004 16.8
82 4005 16.8
82 4006 16.8
82 4007 16.8
82 4008 16.8
82 4009 16.8
82 4010 16.8
82 4011 16.8
82 4012 16.8
82 4013 16.8
82 4014 16.8
82 4015 16.8
82 4016 16.8
82 4017 16.8
82 4018 16.8
82 4019 16.8
82 4020 16.8
82 4021 16.8
82 4022 16.8
82 4023 16.8
82 4024 16.8
82 4025 16.8
82 4026 16.8
82 4027 16.8
83 4028 16.8
83 4029 16.8
83 4030 16.8
83 4031 16.8
83 4032 16.8
83 4033 16.8
83 4034 16.8
83 4035 16.8
83 4036 16.8
83 4037 16.8
83 4038 16.8
83 4039 16.8
83 4040 16.8
83 4041 16.8
83 4042 16.8
83 4043 16.8
83 4044 16.8
83 4045 16.8
83 4046 16.8
83 4047 16.8
83 4048 16.8
83 4049 16.8
83 4050 16.8
83 4051 16.8
83 4052 16.8
83 4053 16.8
83 4054 16.8
83 4055 16.8
83 4056 16.8
83 4057 16.8
83 4058 16.8
83 4059 16.8
83 4060 16.8
83 4061 16.8
83 4062 16.8
83 4063 16.8
83 4064 16.8
83 4065 16.8
83 4066 16.8
83 4067 16.8
83 4068 16.8
83 4069 16.8
83 4070 16.8
83 4071 16.8
83 4072 16.8
83 4073 16.8
83 4074 16.8
83 4075 16.8
84 4076 16.8
84 4077 16.8
84 4078 16.8
84 4079 16.8
84 4080 16.8
84 4081 16.8
84 4082 16.8
84 4083 16.8
84 4084 16.8
84 4085 16.8
84 4086 16.8
84 4087 16.8
84 4088 16.8
84 4089 16.8
84 4090 16.8
84 4091 16.8
84 4092 16.8
84 4093 16.8
84 4094 16.8
84 4095 16.8
84 4096 16.8
84 4097 16.8
84 4098 16.8
84 4099 16.8
84 4100 16.8
84 4101 16.8
84 4102 16.8
84 4103 16.8
84 4104 16.8
84 4105 16.8
84 4106 16.8
84 4107 16.8
84 4108 16.8
84 4109 16.8
84 4110 16.8
84 4111 16.8
84 4112 16.8
84 4113 16.8
84 4114 16.8
84 4115 16.8
84 4116 16.8
84 4117 16.8
84 4118 16.8
84 4119 16.8
84 4120 16.8
84 4121 16.8
84 4122 16.8
85 4123 16.8
85 4124 16.8
85 4125 16.8
85 4126 16.8
85 4127 16.8
85 4128 16.8
85 4129 16.8
85 4130 16.8
85 4131 16.8
85 4132 16.8
85 4133 16.8
85 4134 16.8
85 4135 16.8
85 4136 16.8
85 4137 16.8
85 4138 16.8
85 4139 16.8
85 4140 16.8
85 4141 16.8
85 4142 16.8
85 4143 16.8
85 4144 16.8
85 4145 16.8
85 4146 16.8
85 4147 16.8
85 4148 16.8
85 4149 16.8
85 4150 16.8
85 4151 16.8
85 4152 16.8
85 4153 16.8
85 4154 16.8
85 4155 16.8
85 4156 16.8
85 4157 16.8
85 4158 16.8
85 4159 16.8
85 4160 16.8
85 4161 16.8
85 4162 16.8
85 4163 16.8
85 4164 16.8
85 4165 16.8
85 4166 16.8
85 4167 16.8
85 4168 16.8
85 4169 16.8
85 4170 16.8
85 4171 16.8
86 4172 16.8
86 4173 16.8
86 4174 16.8
86 4175 16.8
86 4176 16.8
86 4177 16.8
86 4178 16.8
86 4179 16.8
86 4180 16.8
86 4181 16.8
86 4182 16.8
86 4183 16.8
86 4184 16.8
86 4185 16.8
86 4186 16.8
86 4187 16.8
86 4188 16.8
86 4189 16.8
86 4190 16.8
86 4191 16.8
86 4192 16.8
86 4193 16.8
86 4194 16.8
86 4195 16.8
86 4196 16.8
86 4197 16.8
86 4198 16.8
86 4199 16.8
86 4200 16.8
86 4201 16.8
86 4202 16.8
86 4203 16.8
86 4204 16.8
86 4205 16.8
86 4206 16.8
86 4207 16.8
86 4208 16.8
86 4209 16.8
86 4210 16.8
86 4211 16.8
86 4212 16.8
86 4213 16.8
86 4214 16.8
86 4215 16.8
86 4216 16.8
86 4217 16.8
86 4218 16.8
86 4219 16.8
86 4220 16.8
87 4221 16.8
87 4222 16.8
87 4223 16.8
87 4224 16.8
87 4225 16.8
87 4226 16.8
87 4227 16.8
87 4228 16.8
87 4229 16.8
87 4230 16.8
87 4231 16.8
87 4232 16.8
87 4233 16.8
87 4234 16.8
87 4235 16.8
87 4236 16.8
87 4237 16.8
87 4238 16.8
87 4239 16.8
87 4240 16.8
87 4241 16.8
87 4242 16.8
87 4243 16.8
87 4244 16.8
87 4245 16.8
87 4246 16.8
87 4247 16.8
87 4248 16.8
87 4249 16.8
87 4250 16.8
87 4251 16.8
87 4252 16.8
87 4253 16.8
87 4254 16.8
87 4255 16.8
87 4256 16.8
87 4257 16.8
87 4258 16.8
87 4259 16.8
87 4260 16.8
87 4261 16.8
87 4262 16.8
87 4263 16.8
87 4264 16.8
87 4265 16.8
87 4266 16.8
87 4267 16.8
87 4268 16.8
88 4269 16.8
88 4270 16.8
88 4271 16.8
88 4272 16.8
88 4273 16.8
88 4274 16.5
88 4275 16.5
88 4276 16.5
88 4277 16.5
88 4278 16.5
88 4279 16.5
88 4280 16.5
88 4281 16.5
88 4282 16.5
88 4283 16.5
88 4284 16.5
88 4285 16.5
88 4286 16.5
88 4287 16.5
88 4288 16.5
88 4289 16.5
88 4290 16.5
88 4291 16.5
88 4292 16.5
88 4293 16.5
88 4294 16.5
88 4295 16.5
88 4296 16.5
88 4297 16.5
88 4298 16.5
88 4299 16.5
88 4300 16.5
88 4301 16.5
88 4302 16.5
88 4303 16.5
88 4304 16.5
88 4305 16.5
88 4306 16.5
88 4307 16.5
88 4308 16.5
88 4309 16.5
88 4310 16.5
88 4311 16.5
88 4312 16.5
88 4313 16.5
88 4314 16.5
88 4315 16.5
88 4316 16.5
88 4317 16.5
88 4318 16.5
89 4319 16.5
89 4320 16.5
89 4321 16.5
89 4322 16.5
89 4323 16.5
89 4324 16.5
89 4325 16.5
89 4326 16.5
89 4327 16.5
89 4328 16.5
89 4329 16.5
89 4330 16.5
89 4331 16.5
89 4332 16.5
89 4333 16.5
89 4334 16.5
89 4335 16.5
89 4336 16.4
89 4337 16.4
89 4338 16.4
89 4339 16.4
89 4340 16.4
89 4341 16.4
89 4342 16.4
89 4343 16.4
89 4344 16.4
89 4345 16.4
89 4346 16.4
89 4347 16.4
89 4348 16.4
89 4349 16.4
89 4350 16.4
89 4351 16.4
89 4352 16.4
89 4353 16.4
89 4354 16.4
89 4355 16.4
89 4356 16.4
89 4357 16.4
89 4358 16.4
89 4359 16.4
89 4360 16.4
89 4361 16.4
89 4362 16.4
89 4363 16.4
89 4364 16.4
89 4365 16.4
89 4366 16.4
90 4367 16.4
90 4368 16.4
90 4369 16.4
90 4370 16.4
90 4371 16.4
90 4372 16.4
90 4373 16.4
90 4374 16.4
90 4375 16.4
90 4376 16.4
90 4377 16.4
90 4378 16.4
90 4379 16.4
90 4380 16.4
90 4381 16.4
90 4382 16.4
90 4383 16.4
90 4384 16.4
90 4385 16.4
90 4386 16.4
90 4387 16.4
90 4388 16.4
90 4389 16.4
90 4390 16.4
90 4391 16.4
90 4392 16.4
90 4393 16.4
90 4394 16.4
90 4395 16.4
90 4396 16.4
90 4397 16.4
90 4398 16.4
90 4399 16.4
90 4400 16.4
90 4401 16.4
90 4402 16.4
90 4403 16.4
90 4404 16.4
90 4405 16.4
90 4406 16.4
90 4407 16.4
90 4408 16.4
90 4409 16.4
90 4410 16.4
90 4411 16.4
90 4412 16.4
90 4413 16.4
90 4414 16.4
90 4415 16.4
90 4416 16.4
91 4417 16.4
91 4418 16.4
91 4419 16.4
91 4420 16.4
91 4421 16.4
91 4422 16.4
91 4423 16.4
91 4424 16.4
91 4425 16.4
91 4426 16.4
91 4427 16.4
91 4428 16.4
91 4429 16.4
91 4430 16.4
91 4431 16.4
91 4432 16.4
91 4433 16.4
91 4434 16.4
91 4435 16.4
91 4436 16.4
91 4437 16.4
91 4438 16.4
91 4439 16.4
91 4440 16.4
91 4441 16.4
91 4442 16.4
91 4443 16.4
91 4444 16.4
91 4445 16.4
91 4446 16.4
91 4447 16.4
91 4448 16.4
91 4449 16.4
91 4450 16.4
91 4451 16.4
91 4452 16.4
91 4453 16.4
91 4454 16.4
91 4455 16.4
91 4456 16.4
91 4457 16.4
91 4458 16.4
91 4459 16.1
91 4460 16.1
91 4461 16.1
91 4462 16.1
91 4463 16.1
91 4464 16.1
91 4465 16.1
92 4466 16.1
92 4467 16.1
92 4468 16.1
92 4469 16.1
92 4470 16.1
92 4471 16.1
92 4472 16.1
92 4473 16.1
92 4474 16.1
92 4475 16.1
92 4476 16.1
92 4477 16.1
92 4478 16.1
92 4479 16.1
92 4480 16.0
92 4481 16.0
92 4482 16.0
92 4483 16.0
92 4484 16.0
92 4485 16.0
92 4486 16.0
92 4487 16.0
92 4488 16.0
92 4489 16.0
92 4490 16.0
92 4491 16.0
92 4492 16.0
92 4493 16.0
92 4494 16.0
92 4495 16.0
92 4496 16.0
92 4497 16.0
92 4498 16.0
92 4499 16.0
92 4500 16.0
92 4501 16.0
92 4502 16.0
92 4503 16.0
92 4504 16.0
92 4505 16.0
92 4506 16.0
92 4507 16.0
92 4508 16.0
92 4509 16.0
92 4510 16.0
92 4511 16.0
92 4512 16.0
92 4513 16.0
92 4514 16.0
92 4515 16.0
93 4516 16.0
93 4517 16.0
93 4518 16.0
93 4519 16.0
93 4520 16.0
93 4521 16.0
93 4522 16.0
93 4523 16.0
93 4524 16.0
93 4525 16.0
93 4526 16.0
93 4527 16.0
93 4528 16.0
93 4529 16.0
93 4530 16.0
93 4531 16.0
93 4532 16.0
93 4533 16.0
93 4534 16.0
93 4535 16.0
93 4536 16.0
93 4537 16.0
93 4538 16.0
93 4539 16.0
93 4540 16.0
93 4541 16.0
93 4542 16.0
93 4543 16.0
93 4544 16.0
93 4545 16.0
93 4546 16.0
93 4547 16.0
93 4548 16.0
93 4549 16.0
93 4550 16.0
93 4551 16.0
93 4552 16.0
93 4553 16.0
93 4554 16.0
93 4555 16.0
93 4556 16.0
93 4557 16.0
93 4558 16.0
93 4559 16.0
93 4560 16.0
93 4561 16.0
93 4562 16.0
93 4563 16.0
94 4564 16.0
94 4565 16.0
94 4566 16.0
94 4567 16.0
94 4568 16.0
94 4569 16.0
94 4570 16.0
94 4571 16.0
94 4572 16.0
94 4573 16.0
94 4574 16.0
94 4575 16.0
94 4576 16.0
94 4577 16.0
94 4578 16.0
94 4579 16.0
94 4580 16.0
94 4581 16.0
94 4582 16.0
94 4583 16.0
94 4584 16.0
94 4585 16.0
94 4586 16.0
94 4587 16.0
94 4588 16.0
94 4589 16.0
94 4590 16.0
94 4591 16.0
94 4592 16.0
94 4593 16.0
94 4594 16.0
94 4595 16.0
94 4596 16.0
94 4597 16.0
94 4598 16.0
94 4599 16.0
94 4600 16.0
94 4601 16.0
94 4602 16.0
94 4603 16.0
94 4604 16.0
94 4605 16.0
94 4606 16.0
94 4607 16.0
94 4608 16.0
94 4609 16.0
95 4610 16.0
95 4611 16.0
95 4612 16.0
95 4613 16.0
95 4614 16.0
95 4615 16.0
95 4616 16.0
95 4617 16.0
95 4618 16.0
95 4619 16.0
95 4620 16.0
95 4621 16.0
95 4622 16.0
95 4623 16.0
95 4624 16.0
95 4625 16.0
95 4626 16.0
95 4627 16.0
95 4628 16.0
95 4629 16.0
95 4630 16.0
95 4631 16.0
95 4632 16.0
95 4633 16.0
95 4634 16.0
95 4635 16.0
95 4636 16.0
95 4637 16.0
95 4638 16.0
95 4639 16.0
95 4640 16.0
95 4641 16.0
95 4642 16.0
95 4643 16.0
95 4644 16.0
95 4645 16.0
95 4646 16.0
95 4647 16.0
95 4648 16.0
95 4649 16.0
95 4650 16.0
95 4651 16.0
95 4652 16.0
95 4653 16.0
95 4654 16.0
95 4655 16.0
95 4656 16.0
95 4657 16.0
95 4658 16.0
96 4659 16.0
96 4660 16.0
96 4661 16.0
96 4662 16.0
96 4663 16.0
96 4664 16.0
96 4665 15.8
96 4666 15.8
96 4667 15.8
96 4668 15.8
96 4669 15.8
96 4670 15.8
96 4671 15.8
96 4672 15.8
96 4673 15.6
96 4674 15.6
96 4675 15.6
96 4676 15.4
96 4677 15.2
96 4678 15.2
96 4679 15.2
96 4680 15.2
96 4681 15.2
96 4682 15.2
96 4683 15.2
96 4684 15.2
96 4685 15.2
96 4686 15.2
96 4687 15.2
96 4688 15.2
96 4689 15.2
96 4690 15.2
96 4691 15.2
96 4692 15.2
96 4693 15.2
96 4694 15.2
96 4695 15.2
96 4696 15.2
96 4697 15.2
96 4698 15.2
96 4699 15.2
96 4700 15.2
96 4701 15.2
96 4702 15.2
96 4703 15.2
96 4704 15.2
96 4705 15.2
96 4706 15.2
96 4707 15.2
96 4708 15.2
96 4709 15.2
97 4710 15.2
97 4711 15.2
97 4712 15.2
97 4713 15.2
97 4714 15.2
97 4715 15.2
97 4716 15.2
97 4717 15.2
97 4718 15.2
97 4719 15.2
97 4720 15.2
97 4721 15.2
97 4722 15.2
97 4723 15.2
97 4724 15.2
97 4725 15.2
97 4726 15.2
97 4727 15.2
97 4728 15.2
97 4729 15.2
97 4730 15.2
97 4731 15.2
97 4732 15.2
97 4733 15.2
97 4734 15.2
97 4735 15.2
97 4736 15.2
97 4737 15.2
97 4738 15.2
97 4739 15.2
97 4740 15.2
97 4741 15.2
97 4742 15.2
97 4743 15.2
97 4744 15.2
97 4745 15.2
97 4746 15.2
97 4747 15.2
97 4748 15.2
97 4749 15.2
97 4750 15.2
97 4751 15.2
97 4752 15.2
97 4753 15.2
97 4754 15.2
97 4755 15.2
97 4756 15.2
97 4757 15.2
97 4758 15.2
97 4759 15.2
98 4760 15.2
98 4761 15.2
98 4762 15.2
98 4763 15.2
98 4764 15.2
98 4765 15.2
98 4766 15.2
98 4767 15.2
98 4768 15.2
98 4769 15.2
98 4770 15.2
98 4771 15.2
98 4772 15.2
98 4773 15.2
98 4774 15.2
98 4775 15.2
98 4776 15.2
98 4777 15.2
98 4778 15.2
98 4779 15.2
98 4780 15.2
98 4781 15.2
98 4782 15.2
98 4783 15.2
98 4784 15.2
98 4785 15.2
98 4786 15.2
98 4787 15.2
98 4788 15.2
98 4789 15.2
98 4790 15.2
98 4791 15.2
98 4792 15.2
98 4793 15.2
98 4794 15.2
98 4795 15.2
98 4796 15.2
98 4797 15.2
98 4798 15.2
98 4799 15.2
98 4800 15.2
98 4801 15.2
98 4802 15.2
98 4803 15.2
98 4804 15.2
99 4805 15.2
99 4806 15.2
99 4807 15.2
99 4808 15.2
99 4809 15.2
99 4810 15.2
99 4811 15.2
99 4812 15.2
99 4813 15.2
99 4814 15.2
99 4815 15.2
99 4816 15.2
99 4817 15.2
99 4818 15.2
99 4819 15.2
99 4820 15.2
99 4821 15.2
99 4822 15.2
99 4823 15.2
99 4824 15.2
99 4825 15.2
99 4826 15.2
99 4827 15.2
99 4828 15.2
99 4829 15.2
99 4830 15.2
99 4831 15.2
99 4832 15.2
99 4833 15.2
99 4834 15.2
99 4835 15.2
99 4836 15.2
99 4837 15.2
99 4838 15.2
99 4839 15.2
99 4840 15.2
99 4841 15.2
99 4842 15.2
99 4843 15.2
99 4844 15.2
99 4845 15.2
99 4846 15.2
99 4847 15.2
99 4848 15.2
99 4849 15.2
99 4850 15.2
99 4851 15.2
99 4852 15.2
99 4853 15.2
100 4854 15.2
100 4855 15.2
100 4856 15.2
100 4857 15.2
100 4858 15.2
100 4859 15.2
100 4860 15.2
100 4861 15.2
100 4862 15.2
100 4863 15.2
100 4864 15.2
100 4865 15.2
100 4866 15.2
100 4867 15.2
100 4868 15.2
100 4869 15.2
100 4870 15.2
100 4871 15.2
100 4872 15.2
100 4873 15.2
100 4874 15.2
100 4875 15.2
100 4876 15.2
100 4877 15.2
100 4878 15.2
100 4879 15.2
100 4880 15.2
100 4881 15.2
100 4882 15.2
100 4883 15.2
100 4884 15.2
100 4885 15.2
100 4886 15.2
100 4887 15.2
100 4888 15.2
100 4889 15.2
100 4890 15.2
100 4891 15.2
100 4892 15.2
100 4893 15.2
100 4894 15.2
100 4895 15.2
100 4896 15.2
100 4897 15.2
100 4898 15.2
100 4899 15.2
100 4900 15.2
100 4901 15.2
100 4902 15.2
100 4903 15.2
101 4904 15.2
101 4905 15.2
101 4906 15.2
101 4907 15.2
101 4908 15.2
101 4909 15.2
101 4910 15.2
101 4911 15.2
101 4912 15.2
101 4913 15.2
101 4914 15.2
101 4915 15.2
101 4916 15.2
101 4917 15.2
101 4918 15.2
101 4919 15.2
101 4920 15.2
101 4921 15.2
101 4922 15.2
101 4923 15.2
101 4924 15.2
101 4925 15.2
101 4926 15.2
101 4927 15.2
101 4928 15.2
101 4929 15.2
101 4930 15.2
101 4931 15.2
101 4932 15.2
101 4933 15.2
101 4934 15.2
101 4935 15.2
101 4936 15.2
101 4937 15.2
101 4938 15.2
101 4939 15.2
101 4940 15.2
101 4941 15.2
101 4942 15.2
101 4943 15.1
101 4944 15.1
101 4945 15.1
101 4946 15.0
101 4947 15.0
101 4948 15.0
101 4949 15.0
101 4950 15.0
102 4951 15.0
102 4952 15.0
102 4953 15.0
102 4954 15.0
102 4955 15.0
102 4956 15.0
102 4957 15.0
102 4958 15.0
102 4959 15.0
102 4960 15.0
102 4961 15.0
102 4962 15.0
102 4963 15.0
102 4964 15.0
102 4965 15.0
102 4966 15.0
102 4967 15.0
102 4968 15.0
102 4969 15.0
102 4970 15.0
102 4971 15.0
102 4972 15.0
102 4973 15.0
102 4974 15.0
102 4975 14.9
102 4976 14.9
102 4977 14.9
102 4978 14.9
102 4979 14.9
102 4980 14.9
102 4981 14.9
102 4982 14.9
102 4983 14.9
102 4984 14.9
102 4985 14.9
102 4986 14.9
102 4987 14.9
102 4988 14.9
102 4989 14.9
102 4990 14.9
102 4991 14.9
102 4992 14.9
102 4993 14.9
102 4994 14.9
102 4995 14.9
102 4996 14.9
102 4997 14.9
102 4998 14.9
102 4999 14.9
102 5000 14.9
102 5001 14.9
102 5002 14.9
102 5003 14.9
103 5004 14.9
103 5005 14.9
103 5006 14.9
103 5007 14.9
103 5008 14.9
103 5009 14.9
103 5010 14.9
103 5011 14.9
103 5012 14.9
103 5013 14.9
103 5014 14.9
103 5015 14.9
103 5016 14.9
103 5017 14.9
103 5018 14.9
103 5019 14.9
103 5020 14.9
103 5021 14.9
103 5022 14.9
103 5023 14.9
103 5024 14.9
103 5025 14.9
103 5026 14.9
103 5027 14.9
103 5028 14.9
103 5029 14.9
103 5030 14.9
103 5031 14.9
103 5032 14.9
103 5033 14.9
103 5034 14.9
103 5035 14.9
103 5036 14.9
103 5037 14.9
103 5038 14.9
103 5039 14.9
103 5040 14.9
103 5041 14.9
103 5042 14.9
103 5043 14.9
103 5044 14.9
103 5045 14.9
103 5046 14.9
103 5047 14.9
103 5048 14.9
103 5049 14.9
103 5050 14.9
103 5051 14.9
103 5052 14.9
103 5053 14.9
104 5054 14.9
104 5055 14.9
104 5056 14.9
104 5057 14.9
104 5058 14.9
104 5059 14.9
104 5060 14.9
104 5061 14.9
104 5062 14.9
104 5063 14.9
104 5064 14.9
104 5065 14.9
104 5066 14.9
104 5067 14.9
104 5068 14.9
104 5069 14.9
104 5070 14.9
104 5071 14.9
104 5072 14.9
104 5073 14.9
104 5074 14.9
104 5075 14.9
104 5076 14.9
104 5077 14.9
104 5078 14.9
104 5079 14.9
104 5080 14.9
104 5081 14.9
104 5082 14.9
104 5083 14.9
104 5084 14.9
104 5085 14.9
104 5086 14.9
104 5087 14.9
104 5088 14.9
104 5089 14.9
104 5090 14.9
104 5091 14.9
104 5092 14.9
104 5093 14.9
104 5094 14.9
104 5095 14.9
104 5096 14.9
104 5097 14.9
104 5098 14.9
104 5099 14.9
104 5100 14.9
104 5101 14.9
104 5102 14.9
104 5103 14.9
105 5104 14.9
105 5105 14.9
105 5106 14.9
105 5107 14.9
105 5108 14.9
105 5109 14.9
105 5110 14.9
105 5111 14.9
105 5112 14.9
105 5113 14.9
105 5114 14.9
105 5115 14.9
105 5116 14.9
105 5117 14.9
105 5118 14.9
105 5119 14.9
105 5120 14.9
105 5121 14.9
105 5122 14.9
105 5123 14.9
105 5124 14.8
105 5125 14.8
105 5126 14.8
105 5127 14.8
105 5128 14.8
105 5129 14.8
105 5130 14.8
105 5131 14.8
105 5132 14.8
105 5133 14.8
105 5134 14.8
105 5135 14.8
105 5136 14.8
105 5137 14.8
105 5138 14.8
105 5139 14.8
105 5140 14.8
105 5141 14.8
105 5142 14.8
105 5143 14.8
105 5144 14.8
105 5145 14.8
105 5146 14.8
105 5147 14.8
105 5148 14.8
105 5149 14.8
105 5150 14.8
105 5151 14.8
105 5152 14.8
105 5153 14.8
106 5154 14.8
106 5155 14.8
106 5156 14.8
106 5157 14.8
106 5158 14.8
106 5159 14.8
106 5160 14.8
106 5161 14.8
106 5162 14.8
106 5163 14.8
106 5164 14.8
106 5165 14.8
106 5166 14.8
106 5167 14.8
106 5168 14.8
106 5169 14.8
106 5170 14.8
106 5171 14.8
106 5172 14.8
106 5173 14.8
106 5174 14.8
106 5175 14.8
106 5176 14.8
106 5177 14.8
106 5178 14.8
106 5179 14.8
106 5180 14.8
106 5181 14.8
106 5182 14.8
106 5183 14.8
106 5184 14.8
106 5185 14.8
106 5186 14.8
106 5187 14.8
106 5188 14.8
106 5189 14.8
106 5190 14.8
106 5191 14.8
106 5192 14.8
106 5193 14.8
106 5194 14.8
106 5195 14.8
106 5196 14.8
106 5197 14.8
106 5198 14.8
106 5199 14.8
106 5200 14.8
106 5201 14.8
106 5202 14.8
107 5203 14.8
107 5204 14.8
107 5205 14.8
107 5206 14.8
107 5207 14.8
107 5208 14.8
107 5209 14.8
107 5210 14.8
107 5211 14.8
107 5212 14.8
107 5213 14.8
107 5214 14.8
107 5215 14.8
107 5216 14.8
107 5217 14.8
107 5218 14.8
107 5219 14.8
107 5220 14.8
107 5221 14.8
107 5222 14.8
107 5223 14.8
107 5224 14.8
107 5225 14.8
107 5226 14.8
107 5227 14.8
107 5228 14.8
107 5229 14.8
107 5230 14.8
107 5231 14.8
107 5232 14.8
107 5233 14.8
107 5234 14.8
107 5235 14.8
107 5236 14.8
107 5237 14.8
107 5238 14.8
107 5239 14.8
107 5240 14.8
107 5241 14.8
107 5242 14.8
107 5243 14.8
107 5244 14.8
107 5245 14.8
107 5246 14.8
107 5247 14.8
107 5248 14.8
107 5249 14.8
107 5250 14.8
107 5251 14.8
107 5252 14.8
107 5253 14.8
107 5254 14.8
107 5255 14.8
108 5256 14.8
108 5257 14.8
108 5258 14.8
108 5259 14.8
108 5260 14.8
108 5261 14.8
108 5262 14.8
108 5263 14.8
108 5264 14.8
108 5265 14.8
108 5266 14.8
108 5267 14.8
108 5268 14.8
108 5269 14.8
108 5270 14.8
108 5271 14.8
108 5272 14.8
108 5273 14.8
108 5274 14.8
108 5275 14.8
108 5276 14.8
108 5277 14.8
108 5278 14.8
108 5279 14.8
108 5280 14.8
108 5281 14.8
108 5282 14.8
108 5283 14.8
108 5284 14.8
108 5285 14.8
108 5286 14.8
108 5287 14.8
108 5288 14.8
108 5289 14.8
108 5290 14.8
108 5291 14.8
108 5292 14.8
108 5293 14.8
108 5294 14.8
108 5295 14.8
108 5296 14.8
108 5297 14.8
108 5298 14.8
108 5299 14.8
108 5300 14.8
108 5301 14.8
108 5302 14.8
108 5303 14.8
108 5304 14.8
109 5305 14.8
109 5306 14.8
109 5307 14.8
109 5308 14.8
109 5309 14.8
109 5310 14.8
109 5311 14.8
109 5312 14.8
109 5313 14.8
109 5314 14.8
109 5315 14.8
109 5316 14.8
109 5317 14.8
109 5318 14.8
109 5319 14.8
109 5320 14.8
109 5321 14.8
109 5322 14.8
109 5323 14.8
109 5324 14.8
109 5325 14.8
109 5326 14.8
109 5327 14.8
109 5328 14.8
109 5329 14.8
109 5330 14.8
109 5331 14.8
109 5332 14.8
109 5333 14.8
109 5334 14.8
109 5335 14.8
109 5336 14.8
109 5337 14.8
109 5338 14.8
109 5339 14.8
109 5340 14.8
109 5341 14.8
109 5342 14.8
109 5343 14.8
109 5344 14.8
109 5345 14.8
109 5346 14.8
109 5347 14.8
109 5348 14.8
109 5349 14.8
109 5350 14.6
109 5351 14.6
109 5352 14.6
109 5353 14.4
109 5354 14.4
110 5355 14.4
110 5356 14.4
110 5357 14.4
110 5358 14.4
110 5359 14.4
110 5360 14.4
110 5361 14.4
110 5362 14.4
110 5363 14.4
110 5364 14.4
110 5365 14.4
110 5366 14.4
110 5367 14.4
110 5368 14.4
110 5369 14.4
110 5370 14.4
110 5371 14.4
110 5372 14.4
110 5373 14.4
110 5374 14.4
110 5375 14.4
110 5376 14.4
110 5377 14.4
110 5378 14.4
110 5379 14.4
110 5380 14.4
110 5381 14.4
110 5382 14.4
110 5383 14.4
110 5384 14.4
110 5385 14.4
110 5386 14.4
110 5387 14.4
110 5388 14.4
110 5389 14.4
110 5390 14.4
110 5391 14.4
110 5392 14.4
110 5393 14.4
110 5394 14.4
110 5395 14.4
110 5396 14.4
110 5397 14.4
110 5398 14.4
110 5399 14.4
110 5400 14.4
110 5401 14.4
110 5402 14.4
110 5403 14.4
110 5404 14.4
110 5405 14.4
111 5406 14.4
111 5407 14.4
111 5408 14.3
111 5409 14.3
111 5410 14.3
111 5411 14.3
111 5412 14.1
111 5413 14.1
111 5414 14.1
111 5415 14.1
111 5416 14.1
111 5417 14.1
111 5418 14.1
111 5419 14.1
111 5420 14.1
111 5421 14.1
111 5422 14.1
111 5423 14.1
111 5424 14.0
111 5425 14.0
111 5426 14.0
111 5427 14.0
111 5428 14.0
111 5429 13.8
111 5430 13.8
111 5431 13.8
111 5432 13.8
111 5433 13.8
111 5434 13.8
111 5435 13.8
111 5436 13.8
111 5437 13.8
111 5438 13.8
111 5439 13.8
111 5440 13.8
111 5441 13.8
111 5442 13.8
111 5443 13.8
111 5444 13.8
111 5445 13.8
111 5446 13.8
111 5447 13.8
111 5448 13.8
111 5449 13.8
111 5450 13.8
111 5451 13.8
111 5452 13.8
111 5453 13.8
111 5454 13.8
111 5455 13.8
112 5456 13.8
112 5457 13.8
112 5458 13.8
112 5459 13.8
112 5460 13.8
112 5461 13.8
112 5462 13.8
112 5463 13.8
112 5464 13.8
112 5465 13.8
112 5466 13.8
112 5467 13.8
112 5468 13.8
112 5469 13.8
112 5470 13.8
112 5471 13.8
112 5472 13.8
112 5473 13.8
112 5474 13.8
112 5475 13.8
112 5476 13.8
112 5477 13.8
112 5478 13.8
112 5479 13.8
112 5480 13.8
112 5481 13.8
112 5482 13.8
112 5483 13.8
112 5484 13.8
112 5485 13.8
112 5486 13.8
112 5487 13.8
112 5488 13.8
112 5489 13.8
112 5490 13.8
112 5491 13.8
112 5492 13.8
112 5493 13.8
112 5494 13.8
112 5495 13.8
112 5496 13.8
112 5497 13.8
112 5498 13.8
112 5499 13.8
112 5500 13.8
112 5501 13.8
112 5502 13.8
112 5503 13.8
112 5504 13.7
112 5505 13.7
112 5506 13.7
113 5507 13.7
113 5508 13.6
113 5509 13.6
113 5510 13.6
113 5511 13.6
113 5512 13.6
113 5513 13.6
113 5514 13.6
113 5515 13.6
113 5516 13.6
113 5517 13.6
113 5518 13.6
113 5519 13.6
113 5520 13.6
113 5521 13.6
113 5522 13.6
113 5523 13.6
113 5524 13.6
113 5525 13.6
113 5526 13.6
113 5527 13.6
113 5528 13.6
113 5529 13.6
113 5530 13.6
113 5531 13.6
113 5532 13.6
113 5533 13.6
113 5534 13.6
113 5535 13.6
113 5536 13.6
113 5537 13.6
113 5538 13.6
113 5539 13.6
113 5540 13.6
113 5541 13.6
113 5542 13.6
113 5543 13.6
113 5544 13.6
113 5545 13.6
113 5546 13.6
113 5547 13.6
113 5548 13.6
113 5549 13.6
113 5550 13.6
113 5551 13.6
113 5552 13.6
113 5553 13.6
113 5554 13.6
113 5555 13.6
113 5556 13.6
113 5557 13.6
114 5558 13.6
114 5559 13.6
114 5560 13.6
114 5561 13.6
114 5562 13.6
114 5563 13.6
114 5564 13.6
114 5565 13.6
114 5566 13.6
114 5567 13.6
114 5568 13.6
114 5569 13.6
114 5570 13.6
114 5571 13.6
114 5572 13.6
114 5573 13.6
114 5574 13.6
114 5575 13.6
114 5576 13.6
114 5577 13.6
114 5578 13.6
114 5579 13.6
114 5580 13.6
114 5581 13.6
114 5582 13.6
114 5583 13.6
114 5584 13.6
114 5585 13.6
114 5586 13.6
114 5587 13.6
114 5588 13.6
114 5589 13.6
114 5590 13.6
114 5591 13.6
114 5592 13.6
114 5593 13.6
114 5594 13.6
114 5595 13.6
114 5596 13.6
114 5597 13.6
114 5598 13.6
114 5599 13.6
114 5600 13.6
114 5601 13.6
114 5602 13.6
114 5603 13.6
114 5604 13.6
114 5605 13.6
114 5606 13.6
114 5607 13.6
115 5608 13.6
115 5609 13.6
115 5610 13.6
115 5611 13.6
115 5612 13.6
115 5613 13.6
115 5614 13.6
115 5615 13.6
115 5616 13.6
115 5617 13.6
115 5618 13.6
115 5619 13.6
115 5620 13.6
115 5621 13.6
115 5622 13.6
115 5623 13.6
115 5624 13.6
115 5625 13.6
115 5626 13.6
115 5627 13.6
115 5628 13.6
115 5629 13.6
115 5630 13.6
115 5631 13.6
115 5632 13.6
115 5633 13.6
115 5634 13.6
115 5635 13.6
115 5636 13.6
115 5637 13.6
115 5638 13.6
115 5639 13.6
115 5640 13.6
115 5641 13.6
115 5642 13.6
115 5643 13.6
115 5644 13.6
115 5645 13.6
115 5646 13.6
115 5647 13.6
115 5648 13.6
115 5649 13.6
115 5650 13.6
115 5651 13.6
115 5652 13.6
115 5653 13.6
115 5654 13.6
115 5655 13.6
115 5656 13.6
115 5657 13.6
115 5658 13.6
115 5659 13.6
115 5660 13.6
115 5661 13.6
116 5662 13.6
116 5663 13.6
116 5664 13.6
116 5665 13.6
116 5666 13.6
116 5667 13.6
116 5668 13.6
116 5669 13.6
116 5670 13.6
116 5671 13.6
116 5672 13.6
116 5673 13.6
116 5674 13.6
116 5675 13.6
116 5676 13.6
116 5677 13.6
116 5678 13.6
116 5679 13.6
116 5680 13.6
116 5681 13.6
116 5682 13.6
116 5683 13.6
116 5684 13.6
116 5685 13.6
116 5686 13.6
116 5687 13.6
116 5688 13.6
116 5689 13.6
116 5690 13.6
116 5691 13.6
116 5692 13.6
116 5693 13.6
116 5694 13.6
116 5695 13.6
116 5696 13.6
116 5697 13.6
116 5698 13.6
116 5699 13.6
116 5700 13.6
116 5701 13.6
116 5702 13.6
116 5703 13.6
116 5704 13.6
116 5705 13.6
116 5706 13.6
116 5707 13.6
116 5708 13.6
116 5709 13.6
116 5710 13.6
116 5711 13.6
117 5712 13.6
117 5713 13.6
117 5714 13.6
117 5715 13.6
117 5716 13.6
117 5717 13.6
117 5718 13.5
117 5719 13.5
117 5720 13.5
117 5721 13.5
117 5722 13.5
117 5723 13.5
117 5724 13.5
117 5725 13.5
117 5726 13.5
117 5727 13.5
117 5728 13.5
117 5729 13.5
117 5730 13.5
117 5731 13.5
117 5732 13.5
117 5733 13.5
117 5734 13.5
117 5735 13.5
117 5736 13.5
117 5737 13.5
117 5738 13.5
117 5739 13.5
117 5740 13.5
117 5741 13.5
117 5742 13.5
117 5743 13.5
117 5744 13.5
117 5745 13.5
117 5746 13.5
117 5747 13.5
117 5748 13.5
117 5749 13.5
117 5750 13.5
117 5751 13.5
117 5752 13.5
117 5753 13.5
117 5754 13.5
117 5755 13.5
117 5756 13.5
117 5757 13.5
117 5758 13.5
117 5759 13.5
117 5760 13.5
118 5761 13.5
118 5762 13.5
118 5763 13.5
118 5764 13.5
118 5765 13.5
118 5766 13.5
118 5767 13.5
118 5768 13.5
118 5769 13.5
118 5770 13.5
118 5771 13.5
118 5772 13.5
118 5773 13.5
118 5774 13.5
118 5775 13.5
118 5776 13.5
118 5777 13.5
118 5778 13.5
118 5779 13.5
118 5780 13.5
118 5781 13.5
118 5782 13.5
118 5783 13.5
118 5784 13.4
118 5785 13.4
118 5786 13.4
118 5787 13.4
118 5788 13.4
118 5789 13.4
118 5790 13.4
118 5791 13.4
118 5792 13.4
118 5793 13.4
118 5794 13.4
118 5795 13.4
118 5796 13.4
118 5797 13.4
118 5798 13.4
118 5799 13.4
118 5800 13.4
118 5801 13.4
118 5802 13.4
118 5803 13.4
118 5804 13.4
118 5805 13.4
118 5806 13.4
118 5807 13.4
118 5808 13.4
118 5809 13.4
118 5810 13.4
118 5811 13.4
118 5812 13.4
118 5813 13.4
119 5814 13.4
119 5815 13.4
119 5816 13.4
119 5817 13.4
119 5818 13.4
119 5819 13.4
119 5820 13.4
119 5821 13.4
119 5822 13.4
119 5823 13.4
119 5824 13.4
119 5825 13.4
119 5826 13.4
119 5827 13.4
119 5828 13.4
119 5829 13.4
119 5830 13.4
119 5831 13.4
119 5832 13.4
119 5833 13.4
119 5834 13.4
119 5835 13.4
119 5836 13.4
119 5837 13.4
119 5838 13.4
119 5839 13.4
119 5840 13.4
119 5841 13.4
119 5842 13.4
119 5843 13.4
119 5844 13.4
119 5845 13.4
119 5846 13.4
119 5847 13.4
119 5848 13.4
119 5849 13.4
119 5850 13.4
119 5851 13.4
119 5852 13.4
119 5853 13.4
119 5854 13.4
119 5855 13.4
119 5856 13.4
119 5857 13.4
119 5858 13.4
119 5859 13.4
119 5860 13.4
119 5861 13.4
119 5862 13.4
119 5863 13.4
119 5864 13.4
119 5865 13.4
119 5866 13.4
120 5867 13.4
120 5868 13.4
120 5869 13.4
120 5870 13.4
120 5871 13.4
120 5872 13.4
120 5873 13.4
120 5874 13.4
120 5875 13.4
120 5876 13.4
120 5877 13.4
120 5878 13.4
120 5879 13.4
120 5880 13.4
120 5881 13.4
120 5882 13.4
120 5883 13.4
120 5884 13.4
120 5885 13.4
120 5886 13.4
120 5887 13.4
120 5888 13.4
120 5889 13.4
120 5890 13.4
120 5891 13.4
120 5892 13.4
120 5893 13.4
120 5894 13.4
120 5895 13.4
120 5896 13.4
120 5897 13.4
120 5898 13.4
120 5899 13.4
120 5900 13.4
120 5901 13.3
120 5902 13.3
120 5903 13.3
120 5904 13.2
120 5905 13.2
120 5906 13.2
120 5907 13.2
120 5908 13.2
120 5909 13.2
120 5910 13.2
120 5911 13.2
120 5912 13.2
120 5913 13.2
120 5914 13.2
120 5915 13.2
120 5916 13.2
120 5917 13.2
120 5918 13.2
120 5919 13.2
120 5920 13.2
120 5921 13.2
120 5922 13.2
121 5923 13.2
