0 1 49.5
0 2 49.5
0 3 49.5
1 4 49.5
1 5 49.5
1 6 49.5
1 7 49.5
1 8 49.1
1 9 49.1
1 10 49.1
1 11 49.1
1 12 47.8
1 13 47.8
1 14 47.8
1 15 46.9
1 16 46.9
1 17 46.9
1 18 46.5
1 19 46.5
1 20 46.5
1 21 46.5
1 22 46.4
1 23 46.4
1 24 46.4
1 25 46.4
1 26 46.4
1 27 46.4
1 28 46.4
1 29 46.4
1 30 46.4
1 31 46.4
1 32 46.4
1 33 46.4
1 34 46.4
1 35 46.4
1 36 46.4
1 37 46.4
1 38 46.4
2 39 46.4
2 40 46.4
2 41 46.4
2 42 46.4
2 43 46.4
2 44 46.4
2 45 46.4
2 46 46.4
2 47 46.4
2 48 46.4
2 49 46.4
2 50 46.4
2 51 46.4
2 52 46.4
2 53 46.4
2 54 46.4
2 55 46.4
2 56 46.4
2 57 46.4
2 58 46.4
2 59 46.4
2 60 46.4
2 61 46.4
2 62 46.4
2 63 46.4
2 64 46.4
2 65 46.4
2 66 46.4
2 67 46.4
2 68 46.4
2 69 46.4
2 70 46.4
2 71 46.4
2 72 46.4
2 73 46.4
2 74 46.4
2 75 46.4
2 76 46.4
2 77 46.4
3 78 46.4
3 79 46.4
3 80 46.4
3 81 46.4
3 82 46.4
3 83 46.4
3 84 46.4
3 85 46.4
3 86 46.4
3 87 46.4
3 88 46.4
3 89 46.4
3 90 46.4
3 91 46.4
3 92 46.4
3 93 46.4
3 94 46.4
3 95 46.4
3 96 46.4
3 97 46.4
3 98 46.4
3 99 46.4
3 100 46.4
3 101 46.4
3 102 46.4
3 103 46.4
3 104 46.4
3 105 45.6
3 106 42.6
3 107 42.6
3 108 42.6
3 109 41.8
3 110 41.8
3 111 41.8
3 112 41.8
3 113 41.8
3 114 41.8
3 115 41.8
3 116 41.8
3 117 41.8
3 118 41.8
3 119 41.8
3 120 41.8
4 121 41.8
4 122 41.8
4 123 41.8
4 124 41.8
4 125 41.8
4 126 41.8
4 127 41.8
4 128 41.8
4 129 41.8
4 130 41.8
4 131 41.8
4 132 41.8
4 133 41.8
4 134 41.8
4 135 41.8
4 136 41.8
4 137 41.8
4 138 41.8
4 139 41.8
4 140 41.8
4 141 41.8
4 142 41.8
4 143 41.8
4 144 41.8
4 145 41.8
4 146 41.8
4 147 41.8
4 148 41.8
4 149 41.8
4 150 41.8
4 151 41.8
4 152 41.8
4 153 41.8
4 154 41.8
4 155 41.8
4 156 41.8
4 157 41.8
4 158 41.8
4 159 41.8
4 160 41.8
4 161 41.8
4 162 41.8
5 163 41.8
5 164 41.8
5 165 41.8
5 166 41.8
5 167 41.8
5 168 41.8
5 169 41.8
5 170 41.8
5 171 41.8
5 172 41.8
5 173 41.8
5 174 41.8
5 175 41.8
5 176 41.8
5 177 41.8
5 178 41.8
5 179 41.8
5 180 41.8
5 181 41.8
5 182 41.8
5 183 41.8
5 184 41.8
5 185 41.8
5 186 41.8
5 187 41.8
5 188 41.8
5 189 41.8
5 190 41.8
5 191 41.8
5 192 41.8
5 193 41.8
5 194 41.8
5 195 41.8
5 196 41.8
5 197 41.8
5 198 41.8
5 199 41.8
5 200 41.8
5 201 41.8
5 202 41.8
5 203 41.8
5 204 41.8
5 205 41.8
5 206 41.8
5 207 41.8
5 208 41.8
6 209 41.8
6 210 41.8
6 211 41.8
6 212 41.8
6 213 41.8
6 214 41.8
6 215 41.8
6 216 41.8
6 217 41.8
6 218 41.8
6 219 41.8
6 220 41.8
6 221 41.8
6 222 41.8
6 223 41.8
6 224 41.8
6 225 41.8
6 226 41.8
6 227 41.8
6 228 41.8
6 229 41.8
6 230 41.8
6 231 41.8
6 232 41.8
6 233 41.8
6 234 41.8
6 235 41.8
6 236 41.8
6 237 41.8
6 238 41.8
6 239 41.8
6 240 41.8
6 241 41.8
6 242 41.8
6 243 41.8
6 244 40.0
6 245 40.0
6 246 38.7
6 247 38.7
6 248 38.1
6 249 38.1
6 250 37.2
6 251 37.2
6 252 37.2
6 253 37.2
6 254 37.2
6 255 37.2
6 256 37.2
6 257 37.2
6 258 37.2
7 259 36.8
7 260 36.8
7 261 36.8
7 262 36.8
7 263 36.8
7 264 36.8
7 265 36.6
7 266 36.6
7 267 36.6
7 268 36.6
7 269 36.6
7 270 36.6
7 271 36.6
7 272 36.6
7 273 36.6
7 274 36.6
7 275 36.6
7 276 36.6
7 277 36.6
7 278 36.6
7 279 36.6
7 280 36.6
7 281 36.3
7 282 36.3
7 283 36.3
7 284 36.3
7 285 36.3
7 286 36.3
7 287 36.3
7 288 36.0
7 289 36.0
7 290 36.0
7 291 36.0
7 292 36.0
7 293 36.0
7 294 36.0
7 295 36.0
7 296 36.0
7 297 36.0
7 298 36.0
7 299 36.0
7 300 36.0
7 301 35.8
7 302 35.8
7 303 35.8
7 304 35.8
7 305 35.8
7 306 35.8
8 307 35.8
8 308 35.8
8 309 35.6
8 310 35.3
8 311 35.3
8 312 35.3
8 313 35.3
8 314 35.3
8 315 35.3
8 316 35.3
8 317 35.3
8 318 35.3
8 319 35.2
8 320 35.2
8 321 35.2
8 322 35.2
8 323 35.2
8 324 35.2
8 325 35.2
8 326 35.2
8 327 35.2
8 328 35.2
8 329 35.2
8 330 34.6
8 331 34.6
8 332 32.0
8 333 32.0
8 334 32.0
8 335 32.0
8 336 32.0
8 337 32.0
8 338 32.0
8 339 32.0
8 340 32.0
8 341 32.0
8 342 32.0
8 343 32.0
8 344 32.0
8 345 32.0
8 346 32.0
8 347 32.0
8 348 32.0
8 349 32.0
8 350 32.0
8 351 32.0
8 352 32.0
8 353 32.0
8 354 32.0
8 355 32.0
8 356 32.0
8 357 32.0
8 358 32.0
9 359 32.0
9 360 32.0
9 361 32.0
9 362 32.0
9 363 32.0
9 364 32.0
9 365 32.0
9 366 32.0
9 367 32.0
9 368 32.0
9 369 32.0
9 370 32.0
9 371 32.0
9 372 32.0
9 373 32.0
9 374 32.0
9 375 32.0
9 376 32.0
9 377 32.0
9 378 32.0
9 379 32.0
9 380 32.0
9 381 32.0
9 382 32.0
9 383 32.0
9 384 32.0
9 385 32.0
9 386 32.0
9 387 32.0
9 388 32.0
9 389 32.0
9 390 32.0
9 391 32.0
9 392 32.0
9 393 32.0
9 394 32.0
9 395 32.0
9 396 32.0
9 397 32.0
9 398 32.0
9 399 32.0
9 400 32.0
9 401 32.0
9 402 32.0
9 403 32.0
9 404 32.0
9 405 32.0
9 406 32.0
10 407 32.0
10 408 32.0
10 409 32.0
10 410 32.0
10 411 32.0
10 412 32.0
10 413 32.0
10 414 32.0
10 415 32.0
10 416 32.0
10 417 32.0
10 418 32.0
10 419 32.0
10 420 32.0
10 421 32.0
10 422 32.0
10 423 32.0
10 424 32.0
10 425 32.0
10 426 32.0
10 427 32.0
10 428 32.0
10 429 32.0
10 430 32.0
10 431 32.0
10 432 32.0
10 433 32.0
10 434 32.0
10 435 32.0
10 436 32.0
10 437 32.0
10 438 32.0
10 439 32.0
10 440 32.0
10 441 32.0
10 442 32.0
10 443 32.0
10 444 32.0
10 445 32.0
10 446 32.0
10 447 32.0
10 448 32.0
10 449 32.0
10 450 32.0
10 451 32.0
10 452 32.0
10 453 32.0
10 454 32.0
10 455 32.0
10 456 32.0
11 457 32.0
11 458 32.0
11 459 32.0
11 460 32.0
11 461 32.0
11 462 32.0
11 463 32.0
11 464 32.0
11 465 32.0
11 466 32.0
11 467 32.0
11 468 32.0
11 469 32.0
11 470 32.0
11 471 32.0
11 472 32.0
11 473 32.0
11 474 32.0
11 475 32.0
11 476 32.0
11 477 32.0
11 478 32.0
11 479 32.0
11 480 32.0
11 481 32.0
11 482 32.0
11 483 32.0
11 484 32.0
11 485 32.0
11 486 32.0
11 487 32.0
11 488 32.0
11 489 32.0
11 490 32.0
11 491 32.0
11 492 32.0
11 493 32.0
11 494 32.0
11 495 32.0
11 496 32.0
11 497 32.0
11 498 32.0
11 499 32.0
11 500 32.0
11 501 32.0
11 502 32.0
11 503 32.0
11 504 32.0
11 505 32.0
11 506 32.0
12 507 32.0
12 508 32.0
12 509 32.0
12 510 32.0
12 511 32.0
12 512 32.0
12 513 32.0
12 514 32.0
12 515 32.0
12 516 32.0
12 517 32.0
12 518 32.0
12 519 32.0
12 520 32.0
12 521 32.0
12 522 32.0
12 523 32.0
12 524 32.0
12 525 32.0
12 526 32.0
12 527 32.0
12 528 32.0
12 529 32.0
12 530 32.0
12 531 32.0
12 532 32.0
12 533 32.0
12 534 32.0
12 535 32.0
12 536 32.0
12 537 32.0
12 538 32.0
12 539 32.0
12 540 32.0
12 541 32.0
12 542 32.0
12 543 32.0
12 544 32.0
12 545 32.0
12 546 32.0
12 547 32.0
12 548 32.0
12 549 32.0
12 550 32.0
12 551 32.0
12 552 32.0
12 553 32.0
12 554 32.0
12 555 32.0
13 556 32.0
13 557 32.0
13 558 32.0
13 559 32.0
13 560 32.0
13 561 32.0
13 562 32.0
13 563 32.0
13 564 32.0
13 565 32.0
13 566 32.0
13 567 32.0
13 568 32.0
13 569 32.0
13 570 32.0
13 571 32.0
13 572 32.0
13 573 32.0
13 574 32.0
13 575 32.0
13 576 32.0
13 577 32.0
13 578 32.0
13 579 32.0
13 580 32.0
13 581 32.0
13 582 32.0
13 583 32.0
13 584 32.0
13 585 32.0
13 586 32.0
13 587 32.0
13 588 32.0
13 589 32.0
13 590 32.0
13 591 32.0
13 592 32.0
13 593 32.0
13 594 32.0
13 595 32.0
13 596 32.0
13 597 32.0
13 598 32.0
13 599 32.0
13 600 32.0
13 601 32.0
13 602 32.0
13 603 32.0
14 604 32.0
14 605 32.0
14 606 32.0
14 607 32.0
14 608 32.0
14 609 32.0
14 610 32.0
14 611 32.0
14 612 32.0
14 613 32.0
14 614 32.0
14 615 32.0
14 616 32.0
14 617 32.0
14 618 32.0
14 619 32.0
14 620 32.0
14 621 32.0
14 622 32.0
14 623 32.0
14 624 32.0
14 625 32.0
14 626 32.0
14 627 32.0
14 628 32.0
14 629 32.0
14 630 32.0
14 631 32.0
14 632 32.0
14 633 32.0
14 634 32.0
14 635 32.0
14 636 32.0
14 637 32.0
14 638 32.0
14 639 32.0
14 640 32.0
14 641 32.0
14 642 32.0
14 643 32.0
14 644 32.0
14 645 32.0
14 646 32.0
14 647 32.0
14 648 32.0
14 649 32.0
14 650 32.0
14 651 32.0
15 652 32.0
15 653 32.0
15 654 32.0
15 655 32.0
15 656 32.0
15 657 32.0
15 658 32.0
15 659 32.0
15 660 32.0
15 661 32.0
15 662 32.0
15 663 32.0
15 664 32.0
15 665 32.0
15 666 32.0
15 667 32.0
15 668 32.0
15 669 32.0
15 670 32.0
15 671 32.0
15 672 32.0
15 673 32.0
15 674 32.0
15 675 32.0
15 676 32.0
15 677 32.0
15 678 32.0
15 679 32.0
15 680 32.0
15 681 32.0
15 682 32.0
15 683 32.0
15 684 32.0
15 685 32.0
15 686 32.0
15 687 32.0
15 688 32.0
15 689 32.0
15 690 32.0
15 691 32.0
15 692 32.0
15 693 32.0
15 694 32.0
15 695 32.0
15 696 32.0
15 697 32.0
15 698 32.0
15 699 32.0
15 700 32.0
15 701 32.0
16 702 32.0
16 703 32.0
16 704 32.0
16 705 32.0
16 706 32.0
16 707 32.0
16 708 32.0
16 709 32.0
16 710 32.0
16 711 32.0
16 712 32.0
16 713 31.4
16 714 31.4
16 715 31.4
16 716 31.4
16 717 31.3
16 718 31.3
16 719 31.3
16 720 31.3
16 721 31.3
16 722 31.3
16 723 31.3
16 724 31.3
16 725 31.3
16 726 31.3
16 727 31.3
16 728 31.3
16 729 31.3
16 730 31.3
16 731 31.3
16 732 31.3
16 733 31.3
16 734 31.3
16 735 31.3
16 736 31.3
16 737 31.3
16 738 31.3
16 739 31.3
16 740 31.3
16 741 31.3
16 742 31.3
16 743 31.3
16 744 31.3
16 745 31.3
16 746 31.3
16 747 31.3
16 748 31.3
16 749 31.3
16 750 31.3
16 751 31.3
16 752 31.3
16 753 31.3
16 754 31.3
17 755 31.3
17 756 31.3
17 757 31.3
17 758 30.2
17 759 30.2
17 760 30.2
17 761 30.2
17 762 30.2
17 763 30.0
17 764 30.0
17 765 30.0
17 766 30.0
17 767 30.0
17 768 30.0
17 769 30.0
17 770 30.0
17 771 30.0
17 772 30.0
17 773 30.0
17 774 30.0
17 775 30.0
17 776 30.0
17 777 30.0
17 778 30.0
17 779 30.0
17 780 30.0
17 781 30.0
17 782 30.0
17 783 29.8
17 784 29.8
17 785 29.8
17 786 29.8
17 787 29.8
17 788 29.8
17 789 29.8
17 790 29.8
17 791 29.8
17 792 29.8
17 793 29.8
17 794 29.8
17 795 29.8
17 796 29.8
17 797 29.8
17 798 29.8
17 799 29.8
17 800 29.8
17 801 29.8
17 802 29.8
17 803 29.8
17 804 29.8
17 805 29.8
17 806 29.8
17 807 29.8
17 808 29.8
18 809 29.8
18 810 29.8
18 811 29.8
18 812 29.8
18 813 29.8
18 814 29.8
18 815 29.8
18 816 29.8
18 817 29.8
18 818 29.8
18 819 29.8
18 820 29.8
18 821 29.8
18 822 29.8
18 823 29.8
18 824 29.8
18 825 29.8
18 826 29.8
18 827 29.8
18 828 29.8
18 829 29.8
18 830 29.8
18 831 29.8
18 832 29.8
18 833 29.8
18 834 29.8
18 835 29.8
18 836 29.8
18 837 29.8
18 838 29.8
18 839 29.8
18 840 29.8
18 841 29.8
18 842 29.8
18 843 29.8
18 844 29.8
18 845 29.8
18 846 29.8
18 847 29.8
18 848 29.8
18 849 29.8
18 850 29.8
18 851 29.8
18 852 29.8
18 853 29.8
18 854 29.8
18 855 29.8
18 856 29.8
18 857 29.8
18 858 29.8
18 859 29.8
18 860 29.8
19 861 29.8
19 862 29.8
19 863 29.8
19 864 29.8
19 865 29.8
19 866 29.8
19 867 29.8
19 868 29.8
19 869 29.8
19 870 29.8
19 871 29.8
19 872 29.8
19 873 29.8
19 874 29.8
19 875 29.8
19 876 29.8
19 877 29.8
19 878 29.8
19 879 29.8
19 880 29.7
19 881 29.7
19 882 29.7
19 883 29.7
19 884 29.7
19 885 29.7
19 886 29.7
19 887 29.7
19 888 29.7
19 889 29.7
19 890 29.7
19 891 29.7
19 892 29.7
19 893 29.7
19 894 29.7
19 895 29.7
19 896 29.7
19 897 29.7
19 898 29.7
19 899 29.7
19 900 29.7
19 901 29.7
19 902 29.6
19 903 29.6
19 904 29.6
19 905 29.6
19 906 29.6
19 907 29.6
19 908 29.6
19 909 29.6
19 910 29.6
19 911 29.6
19 912 29.6
20 913 29.6
20 914 29.6
20 915 29.6
20 916 29.6
20 917 29.6
20 918 29.6
20 919 29.6
20 920 29.6
20 921 29.6
20 922 29.6
20 923 29.6
20 924 29.6
20 925 29.6
20 926 29.6
20 927 29.6
20 928 29.6
20 929 29.6
20 930 29.6
20 931 29.6
20 932 29.6
20 933 29.6
20 934 29.6
20 935 29.6
20 936 29.6
20 937 29.6
20 938 29.6
20 939 29.6
20 940 29.6
20 941 29.6
20 942 29.6
20 943 29.6
20 944 29.6
20 945 29.6
20 946 29.6
20 947 29.6
20 948 29.6
20 949 29.6
20 950 29.6
20 951 29.6
20 952 29.6
20 953 29.6
20 954 29.6
20 955 29.6
20 956 29.6
20 957 29.6
20 958 29.6
20 959 29.6
20 960 29.6
20 961 29.6
21 962 29.6
21 963 29.6
21 964 29.6
21 965 29.6
21 966 29.6
21 967 29.6
21 968 29.6
21 969 29.6
21 970 29.6
21 971 29.6
21 972 29.6
21 973 29.6
21 974 29.6
21 975 29.6
21 976 29.6
21 977 29.6
21 978 29.6
21 979 29.6
21 980 29.6
21 981 29.6
21 982 29.6
21 983 29.6
21 984 29.6
21 985 29.6
21 986 29.6
21 987 29.6
21 988 29.6
21 989 29.6
21 990 29.6
21 991 29.6
21 992 29.6
21 993 29.6
21 994 29.6
21 995 29.6
21 996 29.6
21 997 29.6
21 998 29.6
21 999 29.6
21 1000 29.6
21 1001 29.6
21 1002 29.6
21 1003 29.6
21 1004 29.6
21 1005 29.6
21 1006 29.6
21 1007 29.6
22 1008 29.6
22 1009 29.6
22 1010 29.6
22 1011 29.6
22 1012 29.6
22 1013 29.6
22 1014 29.6
22 1015 29.6
22 1016 29.6
22 1017 29.6
22 1018 29.6
22 1019 29.6
22 1020 29.6
22 1021 29.6
22 1022 29.6
22 1023 29.6
22 1024 29.6
22 1025 29.6
22 1026 29.6
22 1027 29.6
22 1028 29.6
22 1029 29.6
22 1030 29.6
22 1031 29.6
22 1032 29.6
22 1033 29.6
22 1034 29.6
22 1035 29.6
22 1036 29.6
22 1037 29.6
22 1038 29.6
22 1039 29.6
22 1040 29.6
22 1041 29.6
22 1042 29.6
22 1043 29.6
22 1044 29.6
22 1045 29.6
22 1046 29.6
22 1047 29.6
22 1048 29.6
22 1049 29.6
22 1050 29.6
22 1051 29.6
22 1052 29.6
22 1053 29.6
22 1054 29.6
22 1055 29.6
22 1056 29.6
23 1057 29.6
23 1058 29.6
23 1059 29.6
23 1060 29.6
23 1061 29.6
23 1062 29.6
23 1063 29.6
23 1064 29.6
23 1065 29.6
23 1066 29.6
23 1067 29.6
23 1068 29.6
23 1069 29.6
23 1070 29.6
23 1071 29.6
23 1072 29.6
23 1073 29.6
23 1074 29.6
23 1075 29.6
23 1076 29.6
23 1077 29.6
23 1078 29.6
23 1079 29.6
23 1080 29.6
23 1081 29.6
23 1082 29.6
23 1083 29.6
23 1084 29.6
23 1085 29.6
23 1086 29.6
23 1087 29.6
23 1088 29.6
23 1089 29.6
23 1090 29.6
23 1091 29.6
23 1092 29.6
23 1093 29.6
23 1094 29.6
23 1095 29.6
23 1096 29.6
23 1097 29.6
23 1098 29.6
23 1099 29.6
23 1100 29.6
23 1101 29.6
23 1102 29.6
23 1103 29.6
23 1104 29.6
23 1105 29.6
23 1106 29.6
23 1107 29.6
24 1108 29.6
24 1109 29.6
24 1110 29.6
24 1111 29.6
24 1112 29.6
24 1113 29.6
24 1114 29.6
24 1115 29.6
24 1116 29.6
24 1117 29.6
24 1118 29.6
24 1119 29.6
24 1120 29.6
24 1121 29.6
24 1122 29.6
24 1123 29.6
24 1124 29.6
24 1125 29.6
24 1126 29.6
24 1127 29.6
24 1128 29.6
24 1129 29.6
24 1130 29.6
24 1131 29.6
24 1132 29.6
24 1133 29.6
24 1134 29.6
24 1135 29.6
24 1136 29.6
24 1137 29.6
24 1138 29.6
24 1139 29.6
24 1140 29.6
24 1141 29.6
24 1142 29.6
24 1143 29.6
24 1144 29.6
24 1145 29.6
24 1146 29.6
24 1147 29.6
24 1148 29.6
24 1149 29.6
24 1150 29.6
24 1151 29.6
24 1152 29.6
24 1153 29.6
25 1154 29.6
25 1155 29.6
25 1156 29.6
25 1157 29.6
25 1158 29.6
25 1159 29.6
25 1160 29.6
25 1161 29.6
25 1162 29.6
25 1163 29.6
25 1164 29.6
25 1165 29.6
25 1166 29.6
25 1167 29.6
25 1168 29.6
25 1169 29.6
25 1170 29.6
25 1171 29.6
25 1172 29.6
25 1173 29.6
25 1174 29.6
25 1175 29.6
25 1176 29.6
25 1177 29.6
25 1178 29.6
25 1179 29.6
25 1180 29.6
25 1181 29.6
25 1182 29.6
25 1183 29.6
25 1184 29.6
25 1185 29.6
25 1186 29.6
25 1187 29.6
25 1188 29.6
25 1189 29.6
25 1190 29.6
25 1191 29.6
25 1192 29.6
25 1193 29.6
25 1194 29.6
25 1195 29.6
25 1196 29.6
25 1197 29.6
25 1198 29.6
25 1199 29.6
26 1200 29.6
26 1201 29.6
26 1202 29.6
26 1203 29.6
26 1204 29.6
26 1205 29.6
26 1206 29.6
26 1207 29.6
26 1208 29.6
26 1209 29.6
26 1210 29.6
26 1211 29.6
26 1212 29.6
26 1213 29.6
26 1214 29.6
26 1215 29.6
26 1216 29.6
26 1217 29.6
26 1218 29.6
26 1219 29.6
26 1220 29.6
26 1221 29.6
26 1222 29.6
26 1223 29.6
26 1224 29.6
26 1225 29.6
26 1226 29.6
26 1227 29.6
26 1228 29.6
26 1229 29.6
26 1230 29.6
26 1231 29.6
26 1232 29.6
26 1233 29.6
26 1234 29.6
26 1235 29.6
26 1236 29.6
26 1237 29.6
26 1238 29.6
26 1239 29.6
26 1240 29.6
26 1241 29.6
26 1242 29.6
26 1243 29.6
26 1244 29.6
27 1245 29.6
27 1246 29.6
27 1247 29.6
27 1248 29.6
27 1249 29.6
27 1250 29.6
27 1251 29.6
27 1252 29.6
27 1253 29.6
27 1254 29.6
27 1255 29.6
27 1256 29.6
27 1257 29.6
27 1258 29.6
27 1259 29.6
27 1260 29.6
27 1261 29.6
27 1262 29.6
27 1263 29.6
27 1264 29.6
27 1265 29.6
27 1266 29.6
27 1267 29.6
27 1268 29.6
27 1269 29.6
27 1270 29.6
27 1271 29.6
27 1272 29.6
27 1273 29.6
27 1274 29.6
27 1275 29.6
27 1276 29.6
27 1277 29.6
27 1278 29.6
27 1279 29.6
27 1280 29.6
27 1281 29.6
27 1282 29.6
27 1283 29.6
27 1284 29.6
27 1285 29.6
27 1286 29.6
27 1287 29.6
27 1288 29.6
27 1289 29.6
27 1290 29.6
27 1291 29.6
27 1292 29.6
27 1293 29.6
27 1294 29.6
28 1295 29.6
28 1296 29.6
28 1297 29.6
28 1298 29.6
28 1299 29.6
28 1300 29.6
28 1301 29.6
28 1302 29.6
28 1303 29.6
28 1304 29.6
28 1305 29.6
28 1306 29.6
28 1307 29.6
28 1308 29.6
28 1309 29.6
28 1310 29.6
28 1311 29.6
28 1312 29.6
28 1313 29.6
28 1314 29.6
28 1315 29.6
28 1316 29.6
28 1317 29.6
28 1318 29.6
28 1319 29.6
28 1320 29.6
28 1321 29.6
28 1322 29.6
28 1323 29.6
28 1324 29.6
28 1325 29.6
28 1326 29.6
28 1327 29.6
28 1328 29.6
28 1329 29.6
28 1330 29.3
28 1331 29.3
28 1332 29.3
28 1333 29.3
28 1334 29.3
28 1335 29.3
28 1336 29.3
28 1337 29.3
28 1338 29.3
29 1339 29.3
29 1340 29.3
29 1341 29.3
29 1342 29.3
29 1343 29.3
29 1344 29.3
29 1345 29.3
29 1346 29.3
29 1347 29.3
29 1348 29.3
29 1349 29.3
29 1350 29.3
29 1351 29.3
29 1352 29.3
29 1353 29.3
29 1354 29.3
29 1355 29.3
29 1356 29.3
29 1357 29.3
29 1358 29.3
29 1359 29.3
29 1360 29.3
29 1361 29.3
29 1362 29.3
29 1363 29.3
29 1364 29.3
29 1365 29.3
29 1366 29.3
29 1367 29.3
29 1368 29.3
29 1369 29.3
29 1370 29.3
29 1371 29.3
29 1372 29.3
29 1373 29.3
29 1374 29.3
29 1375 29.3
29 1376 29.3
29 1377 29.3
29 1378 29.3
29 1379 29.3
29 1380 29.3
29 1381 29.3
29 1382 29.3
29 1383 29.3
29 1384 29.3
29 1385 29.3
29 1386 29.3
29 1387 29.3
30 1388 28.9
30 1389 28.9
30 1390 28.9
30 1391 28.9
30 1392 28.9
30 1393 28.9
30 1394 28.9
30 1395 28.9
30 1396 28.9
30 1397 28.9
30 1398 28.9
30 1399 28.9
30 1400 28.9
30 1401 28.9
30 1402 28.9
30 1403 28.9
30 1404 28.8
30 1405 28.8
30 1406 28.8
30 1407 28.8
30 1408 28.8
30 1409 28.8
30 1410 28.8
30 1411 28.8
30 1412 28.8
30 1413 28.8
30 1414 28.8
30 1415 28.8
30 1416 28.8
30 1417 28.8
30 1418 28.8
30 1419 28.8
30 1420 28.8
30 1421 28.8
30 1422 28.8
30 1423 28.8
30 1424 28.8
30 1425 28.8
30 1426 28.8
30 1427 28.8
30 1428 28.8
30 1429 28.8
30 1430 28.8
30 1431 28.8
30 1432 28.8
30 1433 28.8
30 1434 28.8
30 1435 28.8
30 1436 28.8
30 1437 28.8
31 1438 28.7
31 1439 28.7
31 1440 28.7
31 1441 28.7
31 1442 28.7
31 1443 28.7
31 1444 28.7
31 1445 28.6
31 1446 28.6
31 1447 28.6
31 1448 28.6
31 1449 28.6
31 1450 28.6
31 1451 28.6
31 1452 28.6
31 1453 28.6
31 1454 28.6
31 1455 28.6
31 1456 28.6
31 1457 28.6
31 1458 28.6
31 1459 28.5
31 1460 28.5
31 1461 28.5
31 1462 28.4
31 1463 28.4
31 1464 28.4
31 1465 28.4
31 1466 28.4
31 1467 28.4
31 1468 28.4
31 1469 28.4
31 1470 28.4
31 1471 28.4
31 1472 28.4
31 1473 28.4
31 1474 28.4
31 1475 28.4
31 1476 28.4
31 1477 28.4
31 1478 28.4
31 1479 28.4
31 1480 28.4
31 1481 28.4
31 1482 28.4
31 1483 28.4
31 1484 28.4
31 1485 28.4
31 1486 28.4
31 1487 28.4
32 1488 28.4
32 1489 28.4
32 1490 28.4
32 1491 28.4
32 1492 28.4
32 1493 28.4
32 1494 28.4
32 1495 28.4
32 1496 28.4
32 1497 28.4
32 1498 28.4
32 1499 28.4
32 1500 28.4
32 1501 28.4
32 1502 28.4
32 1503 28.4
32 1504 28.4
32 1505 28.4
32 1506 28.4
32 1507 28.4
32 1508 28.4
32 1509 28.4
32 1510 28.4
32 1511 28.4
32 1512 28.4
32 1513 28.4
32 1514 28.4
32 1515 28.4
32 1516 28.4
32 1517 28.4
32 1518 28.4
32 1519 28.4
32 1520 28.4
32 1521 28.4
32 1522 28.4
32 1523 28.4
32 1524 28.4
32 1525 28.4
32 1526 28.4
32 1527 28.4
32 1528 28.4
32 1529 28.4
32 1530 28.4
32 1531 28.4
32 1532 28.4
32 1533 28.4
32 1534 28.4
32 1535 28.4
32 1536 28.4
33 1537 28.4
33 1538 28.4
33 1539 28.4
33 1540 28.4
33 1541 28.4
33 1542 28.4
33 1543 28.4
33 1544 28.4
33 1545 28.4
33 1546 28.4
33 1547 28.4
33 1548 28.4
33 1549 28.4
33 1550 28.4
33 1551 28.4
33 1552 28.4
33 1553 28.4
33 1554 28.4
33 1555 28.4
33 1556 28.4
33 1557 28.4
33 1558 28.4
33 1559 28.4
33 1560 28.4
33 1561 28.4
33 1562 28.4
33 1563 28.4
33 1564 28.4
33 1565 28.4
33 1566 28.4
33 1567 28.4
33 1568 28.4
33 1569 28.4
33 1570 28.4
33 1571 28.4
33 1572 28.4
33 1573 28.4
33 1574 28.4
33 1575 28.4
33 1576 28.4
33 1577 28.4
33 1578 28.4
33 1579 28.4
33 1580 28.4
33 1581 28.4
33 1582 28.4
34 1583 28.4
34 1584 28.4
34 1585 28.4
34 1586 28.4
34 1587 28.4
34 1588 28.4
34 1589 28.4
34 1590 28.4
34 1591 28.4
34 1592 28.4
34 1593 28.4
34 1594 28.4
34 1595 28.4
34 1596 28.4
34 1597 28.4
34 1598 28.4
34 1599 28.4
34 1600 28.4
34 1601 28.4
34 1602 28.4
34 1603 28.4
34 1604 28.4
34 1605 28.4
34 1606 28.4
34 1607 28.4
34 1608 28.4
34 1609 28.4
34 1610 28.4
34 1611 28.4
34 1612 28.4
34 1613 28.4
34 1614 28.4
34 1615 28.4
34 1616 28.4
34 1617 28.4
34 1618 28.4
34 1619 28.4
34 1620 28.4
34 1621 28.4
34 1622 28.4
34 1623 28.4
34 1624 28.4
34 1625 28.4
34 1626 28.4
34 1627 28.4
34 1628 28.4
34 1629 28.4
34 1630 28.4
34 1631 28.4
35 1632 28.3
35 1633 28.3
35 1634 28.2
35 1635 28.2
35 1636 28.2
35 1637 28.2
35 1638 28.2
35 1639 28.2
35 1640 28.2
35 1641 28.2
35 1642 28.2
35 1643 28.2
35 1644 28.2
35 1645 28.2
35 1646 28.2
35 1647 28.1
35 1648 28.1
35 1649 28.1
35 1650 28.1
35 1651 28.1
35 1652 28.1
35 1653 28.1
35 1654 28.1
35 1655 28.1
35 1656 28.1
35 1657 28.0
35 1658 28.0
35 1659 28.0
35 1660 28.0
35 1661 27.9
35 1662 27.9
35 1663 27.9
35 1664 27.9
35 1665 27.9
35 1666 27.8
35 1667 27.8
35 1668 27.8
35 1669 27.8
35 1670 27.8
35 1671 27.8
35 1672 27.8
35 1673 27.7
35 1674 27.7
35 1675 27.7
35 1676 27.7
35 1677 27.7
35 1678 27.7
36 1679 27.7
36 1680 27.7
36 1681 27.7
36 1682 27.7
36 1683 27.7
36 1684 27.7
36 1685 27.7
36 1686 27.7
36 1687 27.7
36 1688 27.7
36 1689 27.7
36 1690 27.7
36 1691 27.7
36 1692 27.7
36 1693 27.7
36 1694 27.7
36 1695 27.7
36 1696 27.7
36 1697 27.7
36 1698 27.7
36 1699 27.7
36 1700 27.7
36 1701 27.7
36 1702 27.7
36 1703 27.7
36 1704 27.7
36 1705 27.7
36 1706 27.7
36 1707 27.7
36 1708 27.7
36 1709 27.7
36 1710 27.7
36 1711 27.7
36 1712 27.7
36 1713 27.7
36 1714 27.7
36 1715 27.7
36 1716 27.7
36 1717 27.7
36 1718 27.7
36 1719 27.7
36 1720 27.7
37 1721 27.7
37 1722 27.7
37 1723 27.7
37 1724 27.7
37 1725 27.7
37 1726 27.7
37 1727 27.7
37 1728 27.7
37 1729 27.7
37 1730 27.7
37 1731 27.7
37 1732 27.7
37 1733 27.7
37 1734 27.7
37 1735 27.7
37 1736 27.7
37 1737 27.7
37 1738 27.7
37 1739 27.7
37 1740 27.7
37 1741 27.7
37 1742 27.7
37 1743 27.7
37 1744 27.7
37 1745 27.7
37 1746 27.7
37 1747 27.7
37 1748 27.7
37 1749 27.7
37 1750 27.7
37 1751 27.7
37 1752 27.7
37 1753 27.7
37 1754 27.7
37 1755 27.7
37 1756 27.7
37 1757 27.7
37 1758 27.7
37 1759 27.7
37 1760 27.7
37 1761 27.7
37 1762 27.7
37 1763 27.7
37 1764 27.7
37 1765 27.7
37 1766 27.7
37 1767 27.7
37 1768 27.7
37 1769 27.7
38 1770 27.7
38 1771 27.7
38 1772 27.7
38 1773 27.7
38 1774 27.7
38 1775 27.7
38 1776 27.7
38 1777 27.7
38 1778 27.7
38 1779 27.7
38 1780 27.7
38 1781 27.7
38 1782 27.7
38 1783 27.7
38 1784 27.7
38 1785 27.7
38 1786 27.7
38 1787 27.7
38 1788 27.7
38 1789 27.7
38 1790 27.7
38 1791 27.7
38 1792 27.7
38 1793 27.7
38 1794 27.7
38 1795 27.7
38 1796 27.7
38 1797 27.7
38 1798 27.5
38 1799 27.5
38 1800 27.5
38 1801 27.5
38 1802 27.5
38 1803 27.5
38 1804 27.5
38 1805 27.5
38 1806 27.5
38 1807 27.5
38 1808 27.5
38 1809 27.5
38 1810 27.5
38 1811 27.5
38 1812 27.5
38 1813 27.5
38 1814 27.5
38 1815 27.5
38 1816 27.5
38 1817 27.5
38 1818 27.5
38 1819 27.5
39 1820 27.4
39 1821 27.4
39 1822 27.4
39 1823 27.4
39 1824 27.4
39 1825 27.3
39 1826 27.3
39 1827 27.3
39 1828 27.3
39 1829 27.3
39 1830 27.2
39 1831 27.2
39 1832 27.2
39 1833 27.0
39 1834 27.0
39 1835 27.0
39 1836 27.0
39 1837 27.0
39 1838 27.0
39 1839 26.9
39 1840 26.9
39 1841 26.9
39 1842 26.1
39 1843 26.1
39 1844 26.1
39 1845 26.1
39 1846 26.1
39 1847 26.1
39 1848 26.1
39 1849 26.1
39 1850 26.1
39 1851 26.1
39 1852 26.1
39 1853 26.1
39 1854 26.1
39 1855 26.1
39 1856 26.1
39 1857 26.1
39 1858 26.1
39 1859 26.1
39 1860 26.1
39 1861 26.1
39 1862 26.1
39 1863 26.1
39 1864 26.1
39 1865 26.1
39 1866 26.1
39 1867 26.1
39 1868 26.1
39 1869 26.1
39 1870 26.1
40 1871 26.1
40 1872 26.1
40 1873 26.1
40 1874 26.1
40 1875 26.1
40 1876 26.1
40 1877 26.1
40 1878 26.1
40 1879 26.1
40 1880 26.1
40 1881 26.1
40 1882 26.1
40 1883 26.1
40 1884 26.1
40 1885 26.1
40 1886 26.1
40 1887 26.1
40 1888 26.1
40 1889 26.1
40 1890 26.1
40 1891 26.1
40 1892 26.1
40 1893 26.1
40 1894 26.1
40 1895 26.1
40 1896 26.1
40 1897 26.1
40 1898 26.1
40 1899 26.1
40 1900 26.1
40 1901 26.1
40 1902 26.1
40 1903 26.1
40 1904 26.1
40 1905 26.1
40 1906 26.1
40 1907 26.1
40 1908 26.1
40 1909 26.1
40 1910 26.1
40 1911 26.1
40 1912 26.1
40 1913 26.1
40 1914 26.1
40 1915 26.1
40 1916 26.1
40 1917 26.1
40 1918 26.1
40 1919 26.1
40 1920 26.1
40 1921 26.1
40 1922 26.1
41 1923 26.1
41 1924 26.1
41 1925 26.1
41 1926 26.1
41 1927 26.1
41 1928 26.1
41 1929 26.1
41 1930 26.1
41 1931 26.1
41 1932 26.1
41 1933 26.1
41 1934 26.1
41 1935 26.1
41 1936 26.1
41 1937 26.1
41 1938 26.1
41 1939 26.1
41 1940 26.1
41 1941 26.1
41 1942 26.1
41 1943 26.1
41 1944 26.1
41 1945 26.1
41 1946 26.1
41 1947 26.1
41 1948 26.1
41 1949 26.1
41 1950 26.1
41 1951 26.1
41 1952 26.1
41 1953 26.1
41 1954 26.1
41 1955 26.1
41 1956 26.1
41 1957 26.1
41 1958 26.1
41 1959 26.1
41 1960 26.1
41 1961 26.1
41 1962 26.1
41 1963 26.1
41 1964 26.1
41 1965 26.1
41 1966 26.1
41 1967 26.1
41 1968 26.1
41 1969 26.1
41 1970 26.1
41 1971 26.1
42 1972 26.1
42 1973 26.1
42 1974 26.1
42 1975 26.1
42 1976 26.1
42 1977 26.1
42 1978 26.1
42 1979 26.1
42 1980 26.1
42 1981 26.1
42 1982 26.1
42 1983 26.1
42 1984 26.1
42 1985 26.1
42 1986 26.1
42 1987 26.1
42 1988 26.1
42 1989 26.1
42 1990 26.1
42 1991 26.1
42 1992 26.1
42 1993 26.1
42 1994 26.1
42 1995 26.1
42 1996 26.1
42 1997 26.1
42 1998 26.1
42 1999 26.1
42 2000 26.1
42 2001 26.1
42 2002 26.1
42 2003 26.1
42 2004 26.1
42 2005 26.1
42 2006 26.1
42 2007 26.1
42 2008 26.1
42 2009 26.1
42 2010 26.1
42 2011 26.1
42 2012 26.1
42 2013 26.1
42 2014 26.1
42 2015 26.1
42 2016 26.1
42 2017 26.1
42 2018 26.1
42 2019 26.1
42 2020 26.1
42 2021 26.1
42 2022 26.1
43 2023 26.1
43 2024 26.1
43 2025 26.1
43 2026 26.1
43 2027 26.1
43 2028 26.1
43 2029 26.1
43 2030 26.1
43 2031 26.1
43 2032 26.1
43 2033 26.1
43 2034 26.1
43 2035 26.1
43 2036 26.1
43 2037 26.1
43 2038 26.1
43 2039 26.1
43 2040 26.1
43 2041 26.1
43 2042 26.1
43 2043 26.1
43 2044 26.1
43 2045 26.1
43 2046 26.1
43 2047 26.1
43 2048 26.1
43 2049 26.1
43 2050 26.1
43 2051 26.1
43 2052 26.1
43 2053 26.1
43 2054 26.1
43 2055 26.1
43 2056 26.1
43 2057 26.1
43 2058 26.1
43 2059 26.1
43 2060 26.1
43 2061 26.1
43 2062 26.1
43 2063 26.1
43 2064 26.1
43 2065 26.1
43 2066 26.1
43 2067 26.1
43 2068 26.1
43 2069 26.1
43 2070 26.1
43 2071 26.1
43 2072 26.1
44 2073 26.1
44 2074 26.1
44 2075 26.1
44 2076 26.1
44 2077 26.1
44 2078 26.1
44 2079 26.1
44 2080 26.1
44 2081 26.1
44 2082 26.1
44 2083 26.1
44 2084 26.1
44 2085 26.1
44 2086 26.1
44 2087 26.1
44 2088 26.1
44 2089 26.1
44 2090 26.1
44 2091 26.1
44 2092 26.1
44 2093 26.1
44 2094 26.1
44 2095 26.1
44 2096 26.1
44 2097 26.1
44 2098 26.1
44 2099 26.1
44 2100 26.1
44 2101 26.1
44 2102 26.1
44 2103 26.1
44 2104 26.1
44 2105 26.1
44 2106 26.1
44 2107 26.1
44 2108 26.1
44 2109 26.1
44 2110 26.1
44 2111 26.1
44 2112 26.1
44 2113 26.1
44 2114 26.1
44 2115 26.1
44 2116 26.1
44 2117 26.1
44 2118 26.1
44 2119 26.1
44 2120 26.1
45 2121 26.1
45 2122 26.1
45 2123 26.1
45 2124 26.1
45 2125 26.1
45 2126 26.1
45 2127 26.1
45 2128 26.1
45 2129 26.1
45 2130 26.1
45 2131 26.1
45 2132 26.1
45 2133 26.1
45 2134 26.1
45 2135 26.1
45 2136 26.1
45 2137 26.1
45 2138 26.1
45 2139 26.1
45 2140 26.1
45 2141 26.1
45 2142 26.1
45 2143 26.1
45 2144 26.1
45 2145 26.0
45 2146 26.0
45 2147 26.0
45 2148 26.0
45 2149 26.0
45 2150 26.0
45 2151 26.0
45 2152 26.0
45 2153 26.0
45 2154 25.9
45 2155 25.9
45 2156 25.9
45 2157 25.9
45 2158 25.9
45 2159 25.9
45 2160 25.9
45 2161 25.9
45 2162 25.9
45 2163 25.9
45 2164 25.9
45 2165 25.9
45 2166 25.7
45 2167 25.7
45 2168 25.7
46 2169 25.7
46 2170 25.7
46 2171 25.7
46 2172 25.7
46 2173 25.7
46 2174 25.7
46 2175 25.7
46 2176 25.7
46 2177 25.7
46 2178 25.7
46 2179 25.7
46 2180 25.7
46 2181 25.7
46 2182 25.7
46 2183 25.7
46 2184 25.7
46 2185 25.7
46 2186 25.7
46 2187 25.7
46 2188 25.7
46 2189 25.7
46 2190 25.7
46 2191 25.7
46 2192 25.7
46 2193 25.7
46 2194 25.7
46 2195 25.7
46 2196 25.7
46 2197 25.7
46 2198 25.7
46 2199 25.7
46 2200 25.7
46 2201 25.7
46 2202 25.7
46 2203 25.7
46 2204 25.7
46 2205 25.7
46 2206 25.7
46 2207 25.7
46 2208 25.7
46 2209 25.7
46 2210 25.7
46 2211 25.7
46 2212 25.7
46 2213 25.7
46 2214 25.7
46 2215 25.7
46 2216 25.7
46 2217 25.7
46 2218 25.6
46 2219 25.6
46 2220 25.6
46 2221 25.6
47 2222 25.6
47 2223 25.6
47 2224 25.6
47 2225 25.6
47 2226 25.6
47 2227 25.6
47 2228 25.6
47 2229 25.6
47 2230 25.6
47 2231 25.6
47 2232 25.6
47 2233 25.6
47 2234 25.6
47 2235 25.6
47 2236 25.6
47 2237 25.6
47 2238 25.6
47 2239 25.6
47 2240 25.6
47 2241 25.6
47 2242 25.6
47 2243 25.6
47 2244 25.6
47 2245 25.6
47 2246 25.6
47 2247 25.6
47 2248 25.6
47 2249 25.6
47 2250 25.6
47 2251 25.6
47 2252 25.6
47 2253 25.6
47 2254 25.6
47 2255 25.6
47 2256 25.6
47 2257 25.6
47 2258 25.6
47 2259 25.6
47 2260 25.6
47 2261 25.6
47 2262 25.6
47 2263 25.6
47 2264 25.6
47 2265 25.6
47 2266 25.6
47 2267 25.6
47 2268 25.6
47 2269 25.6
47 2270 25.6
47 2271 25.6
48 2272 25.6
48 2273 25.6
48 2274 25.6
48 2275 25.6
48 2276 25.6
48 2277 25.6
48 2278 25.6
48 2279 25.6
48 2280 25.6
48 2281 25.6
48 2282 25.6
48 2283 25.6
48 2284 25.6
48 2285 25.6
48 2286 25.6
48 2287 25.6
48 2288 25.6
48 2289 25.6
48 2290 25.6
48 2291 25.6
48 2292 25.6
48 2293 25.6
48 2294 25.6
48 2295 25.6
48 2296 25.6
48 2297 25.6
48 2298 25.6
48 2299 25.6
48 2300 25.6
48 2301 25.6
48 2302 25.6
48 2303 25.6
48 2304 25.6
48 2305 25.6
48 2306 25.6
48 2307 25.6
48 2308 25.6
48 2309 25.6
48 2310 25.6
48 2311 25.6
48 2312 25.6
48 2313 25.6
48 2314 25.6
48 2315 25.6
48 2316 25.6
48 2317 25.6
48 2318 25.6
48 2319 25.6
48 2320 25.6
48 2321 25.6
48 2322 25.6
49 2323 25.6
49 2324 25.6
49 2325 25.6
49 2326 25.6
49 2327 25.6
49 2328 25.6
49 2329 25.6
49 2330 25.6
49 2331 25.6
49 2332 25.6
49 2333 25.6
49 2334 25.6
49 2335 25.6
49 2336 25.6
49 2337 25.6
49 2338 25.6
49 2339 25.6
49 2340 25.6
49 2341 25.6
49 2342 25.6
49 2343 25.6
49 2344 25.6
49 2345 25.6
49 2346 25.6
49 2347 25.6
49 2348 25.6
49 2349 25.6
49 2350 25.6
49 2351 25.6
49 2352 25.6
49 2353 25.6
49 2354 25.6
49 2355 25.6
49 2356 25.6
49 2357 25.6
49 2358 25.6
49 2359 25.6
49 2360 25.6
49 2361 25.6
49 2362 25.6
49 2363 25.6
49 2364 25.6
49 2365 25.6
49 2366 25.6
49 2367 25.6
49 2368 25.6
49 2369 25.6
50 2370 25.6
50 2371 25.6
50 2372 25.6
50 2373 25.6
50 2374 25.6
50 2375 25.6
50 2376 25.6
50 2377 25.6
50 2378 25.6
50 2379 25.6
50 2380 25.6
50 2381 25.6
50 2382 25.6
50 2383 25.6
50 2384 25.6
50 2385 25.6
50 2386 25.6
50 2387 25.6
50 2388 25.6
50 2389 25.6
50 2390 25.6
50 2391 25.6
50 2392 25.6
50 2393 25.6
50 2394 25.6
50 2395 25.6
50 2396 25.6
50 2397 25.6
50 2398 25.6
50 2399 25.6
50 2400 25.6
50 2401 25.6
50 2402 25.6
50 2403 25.6
50 2404 25.6
50 2405 25.6
50 2406 25.6
50 2407 25.6
50 2408 25.6
50 2409 25.6
50 2410 25.6
50 2411 25.6
51 2412 25.6
51 2413 25.6
51 2414 25.6
51 2415 25.6
51 2416 25.6
51 2417 25.6
51 2418 25.6
51 2419 25.6
51 2420 25.6
51 2421 25.6
51 2422 25.6
51 2423 25.6
51 2424 25.6
51 2425 25.6
51 2426 25.6
51 2427 25.6
51 2428 25.6
51 2429 25.6
51 2430 25.6
51 2431 25.6
51 2432 25.6
51 2433 25.6
51 2434 25.6
51 2435 25.6
51 2436 25.6
51 2437 25.6
51 2438 25.6
51 2439 25.6
51 2440 25.6
51 2441 25.6
51 2442 25.6
51 2443 25.6
51 2444 25.6
51 2445 25.6
51 2446 25.6
51 2447 25.6
51 2448 25.6
51 2449 25.6
51 2450 25.6
51 2451 25.6
51 2452 25.6
51 2453 25.6
51 2454 25.6
51 2455 25.6
51 2456 25.6
51 2457 25.6
51 2458 25.6
51 2459 25.6
51 2460 25.6
52 2461 25.6
52 2462 25.6
52 2463 25.6
52 2464 25.6
52 2465 25.6
52 2466 25.6
52 2467 25.6
52 2468 25.6
52 2469 25.6
52 2470 25.6
52 2471 25.6
52 2472 25.6
52 2473 25.6
52 2474 25.6
52 2475 25.6
52 2476 25.6
52 2477 25.6
52 2478 25.6
52 2479 25.6
52 2480 25.6
52 2481 25.6
52 2482 25.6
52 2483 25.6
52 2484 25.6
52 2485 25.6
52 2486 25.6
52 2487 25.6
52 2488 25.6
52 2489 25.6
52 2490 25.6
52 2491 25.6
52 2492 25.6
52 2493 25.6
52 2494 25.6
52 2495 25.6
52 2496 25.6
52 2497 25.6
52 2498 25.6
52 2499 25.6
52 2500 25.6
52 2501 25.6
52 2502 25.6
52 2503 25.6
52 2504 25.6
52 2505 25.6
52 2506 25.6
52 2507 25.6
52 2508 25.6
52 2509 25.6
52 2510 25.6
52 2511 25.6
53 2512 25.6
53 2513 25.6
53 2514 25.6
53 2515 25.6
53 2516 25.6
53 2517 25.6
53 2518 25.6
53 2519 25.6
53 2520 25.6
53 2521 25.6
53 2522 25.6
53 2523 25.6
53 2524 25.6
53 2525 25.6
53 2526 25.6
53 2527 25.6
53 2528 25.6
53 2529 25.6
53 2530 25.6
53 2531 25.6
53 2532 25.6
53 2533 25.6
53 2534 25.6
53 2535 25.6
53 2536 25.6
53 2537 25.6
53 2538 25.6
53 2539 25.6
53 2540 25.6
53 2541 25.6
53 2542 25.6
53 2543 25.6
53 2544 25.6
53 2545 25.6
53 2546 25.5
53 2547 25.5
53 2548 25.5
53 2549 24.0
53 2550 24.0
53 2551 24.0
53 2552 23.9
53 2553 23.9
53 2554 23.9
53 2555 23.9
53 2556 23.9
53 2557 23.9
53 2558 23.9
53 2559 23.9
53 2560 23.3
53 2561 23.3
53 2562 23.3
53 2563 23.3
53 2564 23.3
54 2565 23.1
54 2566 23.1
54 2567 23.1
54 2568 23.1
54 2569 23.1
54 2570 23.1
54 2571 22.7
54 2572 22.7
54 2573 22.7
54 2574 22.7
54 2575 22.7
54 2576 22.7
54 2577 22.7
54 2578 22.7
54 2579 22.7
54 2580 22.7
54 2581 22.7
54 2582 22.7
54 2583 22.7
54 2584 22.7
54 2585 22.7
54 2586 22.7
54 2587 22.7
54 2588 22.7
54 2589 22.7
54 2590 22.7
54 2591 22.7
54 2592 22.7
54 2593 22.7
54 2594 22.7
54 2595 22.7
54 2596 22.7
54 2597 22.7
54 2598 22.7
54 2599 22.7
54 2600 22.7
54 2601 22.7
54 2602 22.7
54 2603 22.7
54 2604 22.7
54 2605 22.7
54 2606 22.7
54 2607 22.7
54 2608 22.7
54 2609 22.7
54 2610 22.7
54 2611 22.7
54 2612 22.7
54 2613 22.7
54 2614 22.7
54 2615 22.7
54 2616 22.7
54 2617 22.7
55 2618 22.7
55 2619 22.7
55 2620 22.7
55 2621 22.7
55 2622 22.7
55 2623 22.7
55 2624 22.7
55 2625 22.7
55 2626 22.7
55 2627 22.7
55 2628 22.7
55 2629 22.7
55 2630 22.7
55 2631 22.7
55 2632 22.7
55 2633 22.7
55 2634 22.7
55 2635 22.7
55 2636 22.7
55 2637 22.7
55 2638 22.7
55 2639 22.7
55 2640 22.7
55 2641 22.7
55 2642 22.7
55 2643 22.7
55 2644 22.7
55 2645 22.7
55 2646 22.7
55 2647 22.7
55 2648 22.7
55 2649 22.7
55 2650 22.7
55 2651 22.7
55 2652 22.7
55 2653 22.7
55 2654 22.7
55 2655 22.7
55 2656 22.7
55 2657 22.7
55 2658 22.7
55 2659 22.7
55 2660 22.7
55 2661 22.7
55 2662 22.7
55 2663 22.7
55 2664 22.7
55 2665 22.7
55 2666 22.7
55 2667 22.7
55 2668 22.7
55 2669 22.7
56 2670 22.7
56 2671 22.7
56 2672 22.7
56 2673 22.7
56 2674 22.7
56 2675 22.7
56 2676 22.7
56 2677 22.7
56 2678 22.7
56 2679 22.7
56 2680 22.7
56 2681 22.7
56 2682 22.7
56 2683 22.7
56 2684 22.7
56 2685 22.7
56 2686 22.7
56 2687 22.7
56 2688 22.7
56 2689 22.7
56 2690 22.7
56 2691 22.7
56 2692 22.7
56 2693 22.7
56 2694 22.7
56 2695 22.7
56 2696 22.7
56 2697 22.7
56 2698 22.7
56 2699 22.7
56 2700 22.7
56 2701 22.7
56 2702 22.7
56 2703 22.7
56 2704 22.6
56 2705 22.6
56 2706 22.6
56 2707 22.4
56 2708 22.4
56 2709 22.4
56 2710 22.4
56 2711 22.4
56 2712 22.4
56 2713 22.4
56 2714 22.4
56 2715 22.4
56 2716 22.4
56 2717 22.4
56 2718 22.4
56 2719 22.4
56 2720 22.4
57 2721 22.4
57 2722 22.4
57 2723 22.4
57 2724 21.6
57 2725 21.6
57 2726 21.6
57 2727 21.6
57 2728 21.6
57 2729 20.8
57 2730 20.8
57 2731 20.8
57 2732 20.8
57 2733 20.8
57 2734 20.8
57 2735 20.5
57 2736 20.5
57 2737 20.5
57 2738 20.5
57 2739 20.4
57 2740 20.2
57 2741 20.2
57 2742 20.2
57 2743 20.2
57 2744 20.2
57 2745 20.2
57 2746 20.2
57 2747 20.2
57 2748 20.2
57 2749 20.2
57 2750 20.2
57 2751 20.2
57 2752 20.2
57 2753 20.2
57 2754 20.2
57 2755 20.2
57 2756 20.2
57 2757 20.2
57 2758 20.2
57 2759 20.2
57 2760 20.2
57 2761 20.1
57 2762 20.1
57 2763 20.1
57 2764 20.1
57 2765 20.0
57 2766 20.0
57 2767 20.0
57 2768 20.0
57 2769 20.0
57 2770 20.0
57 2771 20.0
57 2772 20.0
57 2773 20.0
57 2774 20.0
57 2775 20.0
58 2776 20.0
58 2777 20.0
58 2778 20.0
58 2779 20.0
58 2780 20.0
58 2781 20.0
58 2782 20.0
58 2783 20.0
58 2784 20.0
58 2785 20.0
58 2786 20.0
58 2787 19.9
58 2788 19.9
58 2789 19.9
58 2790 19.9
58 2791 19.9
58 2792 19.9
58 2793 19.9
58 2794 19.9
58 2795 19.8
58 2796 19.8
58 2797 19.8
58 2798 19.8
58 2799 19.8
58 2800 19.8
58 2801 19.8
58 2802 19.8
58 2803 19.8
58 2804 19.8
58 2805 19.8
58 2806 19.8
58 2807 19.7
58 2808 19.7
58 2809 19.4
58 2810 19.3
58 2811 19.3
58 2812 19.3
58 2813 19.3
58 2814 19.3
58 2815 19.3
58 2816 19.3
58 2817 19.3
58 2818 19.3
58 2819 19.3
58 2820 19.3
58 2821 19.3
58 2822 19.3
58 2823 19.3
58 2824 19.3
58 2825 19.3
58 2826 19.3
59 2827 19.3
59 2828 19.3
59 2829 19.3
59 2830 19.3
59 2831 19.3
59 2832 19.3
59 2833 19.3
59 2834 19.3
59 2835 19.3
59 2836 19.3
59 2837 19.3
59 2838 19.3
59 2839 19.3
59 2840 19.3
59 2841 19.3
59 2842 19.3
59 2843 19.3
59 2844 19.3
59 2845 19.3
59 2846 19.3
59 2847 19.3
59 2848 19.3
59 2849 19.3
59 2850 19.3
59 2851 19.3
59 2852 19.3
59 2853 19.3
59 2854 19.3
59 2855 19.3
59 2856 19.3
59 2857 19.3
59 2858 19.3
59 2859 19.3
59 2860 19.3
59 2861 19.3
59 2862 19.3
59 2863 19.3
59 2864 19.3
59 2865 19.3
59 2866 19.3
59 2867 19.3
59 2868 19.3
59 2869 19.3
59 2870 19.3
59 2871 19.3
59 2872 19.3
59 2873 19.3
59 2874 19.3
59 2875 19.3
59 2876 19.3
59 2877 19.3
59 2878 19.3
59 2879 19.3
60 2880 19.3
60 2881 19.3
60 2882 19.3
60 2883 19.3
60 2884 19.3
60 2885 19.3
60 2886 19.3
60 2887 19.3
60 2888 19.3
60 2889 19.3
60 2890 19.3
60 2891 19.3
60 2892 19.3
60 2893 19.3
60 2894 19.3
60 2895 19.3
60 2896 19.3
60 2897 19.3
60 2898 19.3
60 2899 19.3
60 2900 19.3
60 2901 19.3
60 2902 19.3
60 2903 19.3
60 2904 19.3
60 2905 19.3
60 2906 19.3
60 2907 19.3
60 2908 19.3
60 2909 19.3
60 2910 19.3
60 2911 19.3
60 2912 19.3
60 2913 19.3
60 2914 19.3
60 2915 19.3
60 2916 19.3
60 2917 19.3
60 2918 19.3
60 2919 19.3
60 2920 19.3
60 2921 19.3
60 2922 19.3
60 2923 19.3
60 2924 19.3
60 2925 19.3
60 2926 19.3
60 2927 19.3
60 2928 19.3
60 2929 19.3
60 2930 19.3
61 2931 19.3
61 2932 19.3
61 2933 19.3
61 2934 19.3
61 2935 19.3
61 2936 19.3
61 2937 19.3
61 2938 19.3
61 2939 19.3
61 2940 19.3
61 2941 19.3
61 2942 19.3
61 2943 19.3
61 2944 19.3
61 2945 19.3
61 2946 19.3
61 2947 19.3
61 2948 19.3
61 2949 19.3
61 2950 19.3
61 2951 19.3
61 2952 19.3
61 2953 19.3
61 2954 19.3
61 2955 19.3
61 2956 19.3
61 2957 19.3
61 2958 19.3
61 2959 19.3
61 2960 19.3
61 2961 19.2
61 2962 19.2
61 2963 19.2
61 2964 19.2
61 2965 19.2
61 2966 19.2
61 2967 19.2
61 2968 19.2
61 2969 19.2
61 2970 19.2
61 2971 19.2
61 2972 19.2
61 2973 19.2
61 2974 19.2
61 2975 19.2
61 2976 19.2
61 2977 19.2
61 2978 19.2
61 2979 19.2
61 2980 19.2
61 2981 19.2
61 2982 19.2
61 2983 19.2
61 2984 19.2
61 2985 19.2
61 2986 19.2
62 2987 19.2
62 2988 19.2
62 2989 19.2
62 2990 19.2
62 2991 19.2
62 2992 19.2
62 2993 19.2
62 2994 19.2
62 2995 19.2
62 2996 19.2
62 2997 19.2
62 2998 19.2
62 2999 19.2
62 3000 19.2
62 3001 19.2
62 3002 19.2
62 3003 19.2
62 3004 19.2
62 3005 19.2
62 3006 19.2
62 3007 19.2
62 3008 19.2
62 3009 19.2
62 3010 19.2
62 3011 19.2
62 3012 19.2
62 3013 19.2
62 3014 19.2
62 3015 19.2
62 3016 19.2
62 3017 19.2
62 3018 19.2
62 3019 19.2
62 3020 19.2
62 3021 19.2
62 3022 19.2
62 3023 19.2
62 3024 19.2
62 3025 19.2
62 3026 19.2
62 3027 19.2
62 3028 19.2
62 3029 19.2
62 3030 19.2
62 3031 19.2
62 3032 19.2
62 3033 19.2
62 3034 19.2
62 3035 19.2
62 3036 19.2
62 3037 19.2
63 3038 19.2
63 3039 19.2
63 3040 19.2
63 3041 19.2
63 3042 19.2
63 3043 19.2
63 3044 19.2
63 3045 19.2
63 3046 19.2
63 3047 19.2
63 3048 19.2
63 3049 19.2
63 3050 19.2
63 3051 19.2
63 3052 19.2
63 3053 19.2
63 3054 19.2
63 3055 19.2
63 3056 19.2
63 3057 19.2
63 3058 19.2
63 3059 19.2
63 3060 19.2
63 3061 19.2
63 3062 19.2
63 3063 19.2
63 3064 19.2
63 3065 19.2
63 3066 19.2
63 3067 19.2
63 3068 19.2
63 3069 19.2
63 3070 19.2
63 3071 19.2
63 3072 19.2
63 3073 19.2
63 3074 19.2
63 3075 19.2
63 3076 19.2
63 3077 19.2
63 3078 19.2
63 3079 19.2
63 3080 19.2
63 3081 19.2
63 3082 19.2
63 3083 19.2
63 3084 19.2
63 3085 19.2
63 3086 19.2
63 3087 19.2
63 3088 19.2
63 3089 19.2
64 3090 19.2
64 3091 19.2
64 3092 19.2
64 3093 19.2
64 3094 19.2
64 3095 19.2
64 3096 19.2
64 3097 19.2
64 3098 19.2
64 3099 19.2
64 3100 19.2
64 3101 19.2
64 3102 19.2
64 3103 19.2
64 3104 19.2
64 3105 19.2
64 3106 19.2
64 3107 19.2
64 3108 19.2
64 3109 19.2
64 3110 19.2
64 3111 19.2
64 3112 19.2
64 3113 19.2
64 3114 19.2
64 3115 19.2
64 3116 19.2
64 3117 19.2
64 3118 19.2
64 3119 19.2
64 3120 19.2
64 3121 19.2
64 3122 19.2
64 3123 19.2
64 3124 19.2
64 3125 19.2
64 3126 19.2
64 3127 19.2
64 3128 19.2
64 3129 19.2
64 3130 19.2
64 3131 19.2
64 3132 19.2
64 3133 19.2
64 3134 19.2
64 3135 19.2
64 3136 19.2
64 3137 19.2
64 3138 19.2
64 3139 19.2
64 3140 19.2
65 3141 19.2
65 3142 19.2
65 3143 19.2
65 3144 19.2
65 3145 19.2
65 3146 19.2
65 3147 19.2
65 3148 19.2
65 3149 19.2
65 3150 19.2
65 3151 19.2
65 3152 19.2
65 3153 19.2
65 3154 19.2
65 3155 19.2
65 3156 19.2
65 3157 19.2
65 3158 19.2
65 3159 19.2
65 3160 19.2
65 3161 19.2
65 3162 19.2
65 3163 19.2
65 3164 19.2
65 3165 19.2
65 3166 19.2
65 3167 19.2
65 3168 19.2
65 3169 19.2
65 3170 19.2
65 3171 19.2
65 3172 19.2
65 3173 19.2
65 3174 19.2
65 3175 19.2
65 3176 19.2
65 3177 19.2
65 3178 19.2
65 3179 19.2
65 3180 19.2
65 3181 19.2
65 3182 19.2
65 3183 19.2
65 3184 19.2
65 3185 19.2
65 3186 19.2
65 3187 19.2
65 3188 19.2
65 3189 19.2
65 3190 19.2
65 3191 19.2
65 3192 19.2
65 3193 19.2
66 3194 19.2
66 3195 19.2
66 3196 19.2
66 3197 19.2
66 3198 19.2
66 3199 19.2
66 3200 19.2
66 3201 19.2
66 3202 19.2
66 3203 19.2
66 3204 19.2
66 3205 19.2
66 3206 19.2
66 3207 19.2
66 3208 19.2
66 3209 19.2
66 3210 19.2
66 3211 19.2
66 3212 19.2
66 3213 19.2
66 3214 19.2
66 3215 19.2
66 3216 19.2
66 3217 19.2
66 3218 19.2
66 3219 19.2
66 3220 19.2
66 3221 19.0
66 3222 19.0
66 3223 19.0
66 3224 19.0
66 3225 19.0
66 3226 19.0
66 3227 19.0
66 3228 19.0
66 3229 19.0
66 3230 19.0
66 3231 19.0
66 3232 19.0
66 3233 19.0
66 3234 19.0
66 3235 19.0
67 3236 18.5
67 3237 18.5
67 3238 18.5
67 3239 18.1
67 3240 18.1
67 3241 18.1
67 3242 18.1
67 3243 18.1
67 3244 18.1
67 3245 18.1
67 3246 18.1
67 3247 18.1
67 3248 18.1
67 3249 18.1
67 3250 17.7
67 3251 17.7
67 3252 17.7
67 3253 17.7
67 3254 17.7
67 3255 17.7
67 3256 17.7
67 3257 17.6
67 3258 17.6
67 3259 17.6
67 3260 17.6
67 3261 17.6
67 3262 17.6
67 3263 17.6
67 3264 17.6
67 3265 17.6
67 3266 17.6
67 3267 17.6
67 3268 17.6
67 3269 17.6
67 3270 17.6
67 3271 17.6
67 3272 17.6
67 3273 17.6
67 3274 17.6
67 3275 17.6
67 3276 17.6
67 3277 17.6
67 3278 17.6
67 3279 17.6
67 3280 17.6
67 3281 17.6
67 3282 17.6
67 3283 17.6
68 3284 17.6
68 3285 17.6
68 3286 17.6
68 3287 17.6
68 3288 17.6
68 3289 17.6
68 3290 17.6
68 3291 17.6
68 3292 17.6
68 3293 17.6
68 3294 17.6
68 3295 17.6
68 3296 17.6
68 3297 17.6
68 3298 17.6
68 3299 17.6
68 3300 17.6
68 3301 17.6
68 3302 17.6
68 3303 17.6
68 3304 17.6
68 3305 17.6
68 3306 17.6
68 3307 17.6
68 3308 17.6
68 3309 17.6
68 3310 17.6
68 3311 17.6
68 3312 17.6
68 3313 17.6
68 3314 17.6
68 3315 17.6
68 3316 17.6
68 3317 17.6
68 3318 17.6
68 3319 17.6
68 3320 17.6
68 3321 17.6
68 3322 17.6
68 3323 17.6
68 3324 17.6
68 3325 17.6
68 3326 17.6
68 3327 17.6
68 3328 17.6
68 3329 17.6
68 3330 17.6
68 3331 17.6
69 3332 17.6
69 3333 17.6
69 3334 17.6
69 3335 17.6
69 3336 17.6
69 3337 17.6
69 3338 17.6
69 3339 17.6
69 3340 17.6
69 3341 17.6
69 3342 17.6
69 3343 17.6
69 3344 17.6
69 3345 17.6
69 3346 17.6
69 3347 17.6
69 3348 17.6
69 3349 17.6
69 3350 17.6
69 3351 17.6
69 3352 17.6
69 3353 17.6
69 3354 17.6
69 3355 17.6
69 3356 17.6
69 3357 17.6
69 3358 17.6
69 3359 17.6
69 3360 17.6
69 3361 17.6
69 3362 17.6
69 3363 17.6
69 3364 17.6
69 3365 17.6
69 3366 17.6
69 3367 17.6
69 3368 17.6
69 3369 17.6
69 3370 17.6
69 3371 17.6
69 3372 17.6
69 3373 17.6
69 3374 17.6
69 3375 17.6
69 3376 17.6
69 3377 17.6
69 3378 17.6
69 3379 17.6
69 3380 17.6
69 3381 17.6
69 3382 17.6
69 3383 17.6
70 3384 17.6
70 3385 17.6
70 3386 17.6
70 3387 17.6
70 3388 17.6
70 3389 17.6
70 3390 17.6
70 3391 17.6
70 3392 17.6
70 3393 17.6
70 3394 17.6
70 3395 17.6
70 3396 17.6
70 3397 17.6
70 3398 17.6
70 3399 17.6
70 3400 17.6
70 3401 17.6
70 3402 17.3
70 3403 17.3
70 3404 17.3
70 3405 17.0
70 3406 17.0
70 3407 17.0
70 3408 17.0
70 3409 17.0
70 3410 17.0
70 3411 17.0
70 3412 17.0
70 3413 17.0
70 3414 16.9
70 3415 16.9
70 3416 16.8
70 3417 16.8
70 3418 16.8
70 3419 16.8
70 3420 16.8
70 3421 16.8
70 3422 16.8
70 3423 16.8
70 3424 16.8
70 3425 16.8
70 3426 16.8
70 3427 16.8
70 3428 16.8
70 3429 16.7
70 3430 16.7
70 3431 16.7
70 3432 16.5
70 3433 16.5
70 3434 16.5
70 3435 16.5
70 3436 16.5
70 3437 16.5
71 3438 16.5
71 3439 16.5
71 3440 16.5
71 3441 16.5
71 3442 16.5
71 3443 16.5
71 3444 16.5
71 3445 16.5
71 3446 16.5
71 3447 16.5
71 3448 16.5
71 3449 16.5
71 3450 16.5
71 3451 16.5
71 3452 16.5
71 3453 16.5
71 3454 16.5
71 3455 16.5
71 3456 16.5
71 3457 16.5
71 3458 16.5
71 3459 16.5
71 3460 16.5
71 3461 16.5
71 3462 16.5
71 3463 16.5
71 3464 16.5
71 3465 16.5
71 3466 16.5
71 3467 16.5
71 3468 16.5
71 3469 16.5
71 3470 16.5
71 3471 16.5
71 3472 16.5
71 3473 16.5
71 3474 16.5
71 3475 16.5
71 3476 16.5
71 3477 16.5
71 3478 16.5
71 3479 16.5
71 3480 16.5
71 3481 16.5
71 3482 16.5
71 3483 16.5
71 3484 16.5
71 3485 16.5
71 3486 16.5
71 3487 16.5
71 3488 16.5
71 3489 16.5
71 3490 16.5
72 3491 16.5
72 3492 16.5
72 3493 16.5
72 3494 16.5
72 3495 16.5
72 3496 16.5
72 3497 16.5
72 3498 16.5
72 3499 16.5
72 3500 16.5
72 3501 16.5
72 3502 16.5
72 3503 16.5
72 3504 16.5
72 3505 16.5
72 3506 16.5
72 3507 16.5
72 3508 16.5
72 3509 16.5
72 3510 16.5
72 3511 16.5
72 3512 16.5
72 3513 16.5
72 3514 16.5
72 3515 16.5
72 3516 16.5
72 3517 16.5
72 3518 16.5
72 3519 16.5
72 3520 16.5
72 3521 16.5
72 3522 16.5
72 3523 16.5
72 3524 16.5
72 3525 16.5
72 3526 16.5
72 3527 16.5
72 3528 16.5
72 3529 16.5
72 3530 16.5
72 3531 16.5
72 3532 16.5
72 3533 16.5
72 3534 16.5
72 3535 16.5
72 3536 16.5
72 3537 16.5
72 3538 16.5
72 3539 16.5
72 3540 16.5
72 3541 16.5
73 3542 16.5
73 3543 16.5
73 3544 16.5
73 3545 16.5
73 3546 16.5
73 3547 16.5
73 3548 16.5
73 3549 16.5
73 3550 16.5
73 3551 16.5
73 3552 16.5
73 3553 16.5
73 3554 16.5
73 3555 16.5
73 3556 16.5
73 3557 16.5
73 3558 16.5
73 3559 16.5
73 3560 16.5
73 3561 16.5
73 3562 16.5
73 3563 16.5
73 3564 16.5
73 3565 16.5
73 3566 16.5
73 3567 16.5
73 3568 16.5
73 3569 16.5
73 3570 16.5
73 3571 16.5
73 3572 16.5
73 3573 16.5
73 3574 16.5
73 3575 16.5
73 3576 16.5
73 3577 16.5
73 3578 16.5
73 3579 16.5
73 3580 16.5
73 3581 16.5
73 3582 16.5
73 3583 16.5
73 3584 16.5
73 3585 16.5
73 3586 16.5
73 3587 16.5
73 3588 16.5
73 3589 16.5
73 3590 16.5
73 3591 16.5
73 3592 16.5
74 3593 16.5
74 3594 16.5
74 3595 16.5
74 3596 16.5
74 3597 16.5
74 3598 16.5
74 3599 16.5
74 3600 16.5
74 3601 16.5
74 3602 16.5
74 3603 16.5
74 3604 16.5
74 3605 16.5
74 3606 16.5
74 3607 16.5
74 3608 16.5
74 3609 16.5
74 3610 16.5
74 3611 16.5
74 3612 16.5
74 3613 16.5
74 3614 16.5
74 3615 16.5
74 3616 16.5
74 3617 16.5
74 3618 16.5
74 3619 16.5
74 3620 16.5
74 3621 16.5
74 3622 16.5
74 3623 16.5
74 3624 16.5
74 3625 16.5
74 3626 16.5
74 3627 16.5
74 3628 16.5
74 3629 16.5
74 3630 16.5
74 3631 16.5
74 3632 16.5
74 3633 16.5
74 3634 16.5
74 3635 16.5
74 3636 16.5
74 3637 16.5
74 3638 16.5
74 3639 16.5
74 3640 16.5
74 3641 16.5
75 3642 16.5
75 3643 16.5
75 3644 16.5
75 3645 16.5
75 3646 16.5
75 3647 16.5
75 3648 16.5
75 3649 16.5
75 3650 16.5
75 3651 16.5
75 3652 16.5
75 3653 16.5
75 3654 16.5
75 3655 16.5
75 3656 16.5
75 3657 16.5
75 3658 16.5
75 3659 16.5
75 3660 16.5
75 3661 16.5
75 3662 16.5
75 3663 16.5
75 3664 16.5
75 3665 16.5
75 3666 16.5
75 3667 16.5
75 3668 16.5
75 3669 16.5
75 3670 16.5
75 3671 16.5
75 3672 16.5
75 3673 16.5
75 3674 16.5
75 3675 16.5
75 3676 16.5
75 3677 16.5
75 3678 16.5
75 3679 16.5
75 3680 16.5
75 3681 16.5
75 3682 16.5
75 3683 16.5
75 3684 16.5
75 3685 16.5
75 3686 16.5
75 3687 16.5
75 3688 16.5
75 3689 16.5
75 3690 16.5
75 3691 16.5
75 3692 16.5
75 3693 16.5
76 3694 16.5
76 3695 16.5
76 3696 16.5
76 3697 16.5
76 3698 16.5
76 3699 16.5
76 3700 16.5
76 3701 16.5
76 3702 16.5
76 3703 16.5
76 3704 16.5
76 3705 16.5
76 3706 16.5
76 3707 16.5
76 3708 16.5
76 3709 16.5
76 3710 16.5
76 3711 16.5
76 3712 16.5
76 3713 16.5
76 3714 16.5
76 3715 16.5
76 3716 16.5
76 3717 16.5
76 3718 16.5
76 3719 16.5
76 3720 16.5
76 3721 16.5
76 3722 16.5
76 3723 16.5
76 3724 16.5
76 3725 16.5
76 3726 16.5
76 3727 16.5
76 3728 16.5
76 3729 16.5
76 3730 16.5
76 3731 16.5
76 3732 16.5
76 3733 16.5
76 3734 16.5
76 3735 16.5
76 3736 16.5
76 3737 16.5
76 3738 16.5
76 3739 16.5
76 3740 16.5
76 3741 16.5
76 3742 16.5
76 3743 16.5
77 3744 16.5
77 3745 16.5
77 3746 16.5
77 3747 16.5
77 3748 16.5
77 3749 16.5
77 3750 16.5
77 3751 16.5
77 3752 16.5
77 3753 16.5
77 3754 16.5
77 3755 16.5
77 3756 16.5
77 3757 16.5
77 3758 16.5
77 3759 16.5
77 3760 16.5
77 3761 16.5
77 3762 16.5
77 3763 16.5
77 3764 16.5
77 3765 16.5
77 3766 16.5
77 3767 16.5
77 3768 16.5
77 3769 16.5
77 3770 16.5
77 3771 16.5
77 3772 16.5
77 3773 16.5
77 3774 16.5
77 3775 16.5
77 3776 16.5
77 3777 16.5
77 3778 16.5
77 3779 16.5
77 3780 16.5
77 3781 16.5
77 3782 16.5
77 3783 16.5
77 3784 16.5
77 3785 16.5
77 3786 16.5
77 3787 16.5
77 3788 16.5
77 3789 16.5
77 3790 16.5
77 3791 16.5
78 3792 16.5
78 3793 16.5
78 3794 16.5
78 3795 16.5
78 3796 16.5
78 3797 16.5
78 3798 16.5
78 3799 16.5
78 3800 16.5
78 3801 16.5
78 3802 16.5
78 3803 16.5
78 3804 16.5
78 3805 16.5
78 3806 16.5
78 3807 16.5
78 3808 16.5
78 3809 16.5
78 3810 16.5
78 3811 16.5
78 3812 16.5
78 3813 16.5
78 3814 16.5
78 3815 16.5
78 3816 16.5
78 3817 16.5
78 3818 16.5
78 3819 16.5
78 3820 16.5
78 3821 16.5
78 3822 16.5
78 3823 16.5
78 3824 16.5
78 3825 16.5
78 3826 16.5
78 3827 16.5
78 3828 16.5
78 3829 16.5
78 3830 16.5
78 3831 16.5
79 3832 16.5
79 3833 16.5
79 3834 16.5
79 3835 16.5
79 3836 16.5
79 3837 16.5
79 3838 16.5
79 3839 16.5
79 3840 16.5
79 3841 16.5
79 3842 16.5
79 3843 16.5
79 3844 16.5
79 3845 16.5
79 3846 16.5
79 3847 16.5
79 3848 16.5
79 3849 16.5
79 3850 16.5
79 3851 16.5
79 3852 16.5
79 3853 16.5
79 3854 16.5
79 3855 16.5
79 3856 16.5
79 3857 16.5
79 3858 16.5
79 3859 16.5
79 3860 16.5
79 3861 16.5
79 3862 16.5
79 3863 16.5
79 3864 16.5
79 3865 16.5
79 3866 16.5
79 3867 16.5
79 3868 16.5
79 3869 16.5
79 3870 16.5
79 3871 16.5
79 3872 16.5
79 3873 16.5
79 3874 16.5
79 3875 16.4
80 3876 16.4
80 3877 16.4
80 3878 16.4
80 3879 16.4
80 3880 16.4
80 3881 16.4
80 3882 16.4
80 3883 16.4
80 3884 16.4
80 3885 16.4
80 3886 16.4
80 3887 16.4
80 3888 16.4
80 3889 16.4
80 3890 16.4
80 3891 16.3
80 3892 16.3
80 3893 16.3
80 3894 16.3
80 3895 16.3
80 3896 16.3
80 3897 16.3
80 3898 16.3
80 3899 16.3
80 3900 16.3
80 3901 16.3
80 3902 16.3
80 3903 16.3
80 3904 16.3
80 3905 16.3
80 3906 16.3
80 3907 16.3
80 3908 16.3
80 3909 16.3
80 3910 16.3
80 3911 16.3
80 3912 16.3
80 3913 16.3
80 3914 16.3
80 3915 16.3
80 3916 16.3
81 3917 16.3
81 3918 16.3
81 3919 16.3
81 3920 16.3
81 3921 16.3
81 3922 16.3
81 3923 16.3
81 3924 16.3
81 3925 16.3
81 3926 16.3
81 3927 16.3
81 3928 16.3
81 3929 16.3
81 3930 16.3
81 3931 16.3
81 3932 16.3
81 3933 16.3
81 3934 16.3
81 3935 16.3
81 3936 16.3
81 3937 16.3
81 3938 16.3
81 3939 16.3
81 3940 16.3
81 3941 16.3
81 3942 16.3
81 3943 16.3
81 3944 16.3
81 3945 16.3
81 3946 16.3
81 3947 16.3
81 3948 16.3
81 3949 16.3
81 3950 16.3
81 3951 16.3
81 3952 16.3
81 3953 16.3
81 3954 16.3
81 3955 16.3
81 3956 16.3
81 3957 16.3
81 3958 16.3
81 3959 16.3
81 3960 16.3
81 3961 16.3
81 3962 16.3
81 3963 16.3
81 3964 16.3
81 3965 16.3
81 3966 16.3
82 3967 16.3
82 3968 16.3
82 3969 16.3
82 3970 16.3
82 3971 16.3
82 3972 16.3
82 3973 16.3
82 3974 16.3
82 3975 16.3
82 3976 16.3
82 3977 16.3
82 3978 16.3
82 3979 16.3
82 3980 16.3
82 3981 16.3
82 3982 16.3
82 3983 16.3
82 3984 16.3
82 3985 16.3
82 3986 16.3
82 3987 16.3
82 3988 16.3
82 3989 16.3
82 3990 16.3
82 3991 16.3
82 3992 16.3
82 3993 16.3
82 3994 16.3
82 3995 16.3
82 3996 16.3
82 3997 16.3
82 3998 16.3
82 3999 16.3
82 4000 16.3
82 4001 16.3
82 4002 16.3
82 4003 16.3
82 4004 16.3
82 4005 16.3
82 4006 16.3
82 4007 16.3
82 4008 16.3
82 4009 16.3
82 4010 16.3
82 4011 16.3
82 4012 16.3
82 4013 16.3
82 4014 16.3
82 4015 16.3
83 4016 16.3
83 4017 16.3
83 4018 16.3
83 4019 16.3
83 4020 16.3
83 4021 16.3
83 4022 16.3
83 4023 16.3
83 4024 16.3
83 4025 16.3
83 4026 16.3
83 4027 16.3
83 4028 16.3
83 4029 16.3
83 4030 16.3
83 4031 16.3
83 4032 16.3
83 4033 16.3
83 4034 16.3
83 4035 16.3
83 4036 16.3
83 4037 16.3
83 4038 16.3
83 4039 16.3
83 4040 16.3
83 4041 16.3
83 4042 16.3
83 4043 16.3
83 4044 16.3
83 4045 16.3
83 4046 16.3
83 4047 16.3
83 4048 16.3
83 4049 16.3
83 4050 16.3
83 4051 16.3
83 4052 16.3
83 4053 16.3
83 4054 16.3
83 4055 16.3
83 4056 16.3
83 4057 16.3
83 4058 16.3
83 4059 16.3
83 4060 16.3
83 4061 16.3
83 4062 16.3
83 4063 16.3
83 4064 16.3
83 4065 16.3
83 4066 16.3
83 4067 16.3
84 4068 16.3
84 4069 16.3
84 4070 16.3
84 4071 16.3
84 4072 16.3
84 4073 16.3
84 4074 16.3
84 4075 16.3
84 4076 16.3
84 4077 16.3
84 4078 16.3
84 4079 16.3
84 4080 16.3
84 4081 16.3
84 4082 16.3
84 4083 16.3
84 4084 16.3
84 4085 16.3
84 4086 16.2
84 4087 16.2
84 4088 16.2
84 4089 16.2
84 4090 16.2
84 4091 16.2
84 4092 16.2
84 4093 16.2
84 4094 16.2
84 4095 16.2
84 4096 16.2
84 4097 16.2
84 4098 16.2
84 4099 16.2
84 4100 16.2
84 4101 16.2
84 4102 16.2
84 4103 16.2
84 4104 16.2
84 4105 16.2
84 4106 16.2
84 4107 16.2
84 4108 16.2
84 4109 16.2
84 4110 16.2
84 4111 16.2
84 4112 16.1
84 4113 16.1
84 4114 16.1
84 4115 16.1
84 4116 16.1
84 4117 16.1
84 4118 16.1
84 4119 16.1
85 4120 16.1
85 4121 16.1
85 4122 16.1
85 4123 16.1
85 4124 16.1
85 4125 16.1
85 4126 16.1
85 4127 16.1
85 4128 16.1
85 4129 16.1
85 4130 16.1
85 4131 16.1
85 4132 16.1
85 4133 16.1
85 4134 16.1
85 4135 16.1
85 4136 16.1
85 4137 16.1
85 4138 16.1
85 4139 16.1
85 4140 16.1
85 4141 16.1
85 4142 16.1
85 4143 16.1
85 4144 16.1
85 4145 16.1
85 4146 16.1
85 4147 16.1
85 4148 16.1
85 4149 16.1
85 4150 16.1
85 4151 16.1
85 4152 16.1
85 4153 16.0
85 4154 16.0
85 4155 16.0
85 4156 16.0
85 4157 16.0
85 4158 16.0
85 4159 16.0
85 4160 16.0
85 4161 16.0
85 4162 16.0
85 4163 16.0
85 4164 16.0
85 4165 16.0
85 4166 16.0
85 4167 16.0
85 4168 16.0
85 4169 16.0
85 4170 16.0
85 4171 16.0
85 4172 16.0
86 4173 16.0
86 4174 16.0
86 4175 16.0
86 4176 16.0
86 4177 16.0
86 4178 16.0
86 4179 16.0
86 4180 16.0
86 4181 16.0
86 4182 16.0
86 4183 16.0
86 4184 16.0
86 4185 16.0
86 4186 16.0
86 4187 16.0
86 4188 16.0
86 4189 16.0
86 4190 16.0
86 4191 16.0
86 4192 16.0
86 4193 16.0
86 4194 16.0
86 4195 16.0
86 4196 16.0
86 4197 16.0
86 4198 16.0
86 4199 16.0
86 4200 16.0
86 4201 16.0
86 4202 16.0
86 4203 16.0
86 4204 16.0
86 4205 16.0
86 4206 16.0
86 4207 16.0
86 4208 16.0
86 4209 16.0
86 4210 16.0
86 4211 16.0
86 4212 16.0
86 4213 16.0
86 4214 16.0
86 4215 16.0
86 4216 16.0
86 4217 16.0
86 4218 16.0
87 4219 16.0
87 4220 16.0
87 4221 16.0
87 4222 16.0
87 4223 16.0
87 4224 16.0
87 4225 16.0
87 4226 16.0
87 4227 16.0
87 4228 16.0
87 4229 16.0
87 4230 16.0
87 4231 16.0
87 4232 16.0
87 4233 16.0
87 4234 16.0
87 4235 16.0
87 4236 16.0
87 4237 16.0
87 4238 16.0
87 4239 16.0
87 4240 16.0
87 4241 16.0
87 4242 16.0
87 4243 16.0
87 4244 16.0
87 4245 16.0
87 4246 16.0
87 4247 16.0
87 4248 16.0
87 4249 16.0
87 4250 16.0
87 4251 16.0
87 4252 16.0
87 4253 16.0
87 4254 16.0
87 4255 16.0
87 4256 16.0
88 4257 16.0
88 4258 16.0
88 4259 16.0
88 4260 16.0
88 4261 16.0
88 4262 16.0
88 4263 16.0
88 4264 16.0
88 4265 16.0
88 4266 16.0
88 4267 16.0
88 4268 16.0
88 4269 16.0
88 4270 16.0
88 4271 16.0
88 4272 16.0
88 4273 16.0
88 4274 16.0
88 4275 16.0
88 4276 16.0
88 4277 16.0
88 4278 16.0
88 4279 16.0
88 4280 16.0
88 4281 16.0
88 4282 16.0
88 4283 16.0
88 4284 16.0
88 4285 16.0
88 4286 16.0
88 4287 16.0
88 4288 16.0
88 4289 16.0
88 4290 16.0
88 4291 16.0
88 4292 16.0
88 4293 16.0
89 4294 16.0
89 4295 16.0
89 4296 16.0
89 4297 16.0
89 4298 16.0
89 4299 16.0
89 4300 16.0
89 4301 16.0
89 4302 16.0
89 4303 16.0
89 4304 16.0
89 4305 16.0
89 4306 16.0
89 4307 16.0
89 4308 16.0
89 4309 16.0
89 4310 16.0
89 4311 16.0
89 4312 16.0
89 4313 16.0
89 4314 16.0
89 4315 16.0
89 4316 16.0
89 4317 16.0
89 4318 16.0
89 4319 16.0
89 4320 16.0
89 4321 16.0
89 4322 16.0
89 4323 16.0
89 4324 16.0
89 4325 16.0
89 4326 16.0
89 4327 16.0
89 4328 16.0
89 4329 16.0
89 4330 16.0
90 4331 16.0
90 4332 16.0
90 4333 16.0
90 4334 16.0
90 4335 16.0
90 4336 16.0
90 4337 16.0
90 4338 16.0
90 4339 16.0
90 4340 16.0
90 4341 16.0
90 4342 16.0
90 4343 16.0
90 4344 16.0
90 4345 16.0
90 4346 16.0
90 4347 16.0
90 4348 16.0
90 4349 16.0
90 4350 16.0
90 4351 16.0
90 4352 16.0
90 4353 16.0
90 4354 16.0
90 4355 16.0
90 4356 16.0
90 4357 16.0
90 4358 16.0
90 4359 16.0
90 4360 16.0
90 4361 16.0
90 4362 16.0
90 4363 16.0
90 4364 16.0
90 4365 16.0
90 4366 16.0
90 4367 16.0
90 4368 16.0
90 4369 16.0
90 4370 16.0
90 4371 16.0
90 4372 16.0
90 4373 16.0
90 4374 16.0
90 4375 16.0
90 4376 16.0
91 4377 16.0
91 4378 16.0
91 4379 16.0
91 4380 16.0
91 4381 16.0
91 4382 16.0
91 4383 16.0
91 4384 16.0
91 4385 16.0
91 4386 16.0
91 4387 16.0
91 4388 16.0
91 4389 16.0
91 4390 16.0
91 4391 16.0
91 4392 16.0
91 4393 16.0
91 4394 16.0
91 4395 16.0
91 4396 16.0
91 4397 16.0
91 4398 16.0
91 4399 16.0
91 4400 16.0
91 4401 16.0
91 4402 16.0
91 4403 16.0
91 4404 16.0
91 4405 16.0
91 4406 16.0
91 4407 16.0
91 4408 16.0
91 4409 16.0
91 4410 16.0
91 4411 16.0
91 4412 16.0
91 4413 16.0
91 4414 16.0
91 4415 16.0
91 4416 16.0
91 4417 16.0
91 4418 16.0
91 4419 16.0
91 4420 16.0
91 4421 16.0
91 4422 16.0
91 4423 16.0
91 4424 16.0
91 4425 16.0
91 4426 16.0
91 4427 16.0
92 4428 16.0
92 4429 16.0
92 4430 16.0
92 4431 16.0
92 4432 16.0
92 4433 16.0
92 4434 16.0
92 4435 16.0
92 4436 16.0
92 4437 16.0
92 4438 16.0
92 4439 16.0
92 4440 16.0
92 4441 16.0
92 4442 16.0
92 4443 16.0
92 4444 16.0
92 4445 16.0
92 4446 16.0
92 4447 16.0
92 4448 16.0
92 4449 16.0
92 4450 16.0
92 4451 16.0
92 4452 16.0
92 4453 16.0
92 4454 16.0
92 4455 16.0
92 4456 16.0
92 4457 16.0
92 4458 16.0
92 4459 16.0
92 4460 16.0
92 4461 16.0
92 4462 16.0
92 4463 16.0
92 4464 16.0
92 4465 16.0
92 4466 16.0
92 4467 16.0
92 4468 16.0
92 4469 16.0
92 4470 16.0
92 4471 16.0
92 4472 16.0
92 4473 16.0
92 4474 16.0
92 4475 16.0
92 4476 16.0
92 4477 16.0
92 4478 16.0
93 4479 16.0
93 4480 16.0
93 4481 16.0
93 4482 16.0
93 4483 16.0
93 4484 16.0
93 4485 16.0
93 4486 16.0
93 4487 16.0
93 4488 16.0
93 4489 16.0
93 4490 16.0
93 4491 16.0
93 4492 16.0
93 4493 16.0
93 4494 16.0
93 4495 16.0
93 4496 16.0
93 4497 16.0
93 4498 16.0
93 4499 16.0
93 4500 16.0
93 4501 16.0
93 4502 16.0
93 4503 16.0
93 4504 16.0
93 4505 16.0
93 4506 16.0
93 4507 16.0
93 4508 16.0
93 4509 16.0
93 4510 16.0
93 4511 16.0
93 4512 16.0
93 4513 16.0
93 4514 16.0
93 4515 16.0
93 4516 16.0
93 4517 16.0
93 4518 16.0
93 4519 16.0
93 4520 16.0
93 4521 16.0
93 4522 16.0
93 4523 16.0
93 4524 16.0
93 4525 16.0
93 4526 16.0
93 4527 16.0
93 4528 16.0
93 4529 16.0
93 4530 16.0
94 4531 16.0
94 4532 16.0
94 4533 16.0
94 4534 16.0
94 4535 16.0
94 4536 16.0
94 4537 16.0
94 4538 16.0
94 4539 16.0
94 4540 16.0
94 4541 16.0
94 4542 16.0
94 4543 16.0
94 4544 16.0
94 4545 16.0
94 4546 16.0
94 4547 16.0
94 4548 16.0
94 4549 16.0
94 4550 16.0
94 4551 16.0
94 4552 16.0
94 4553 16.0
94 4554 16.0
94 4555 16.0
94 4556 16.0
94 4557 16.0
94 4558 16.0
94 4559 16.0
94 4560 16.0
94 4561 16.0
94 4562 16.0
94 4563 16.0
94 4564 16.0
94 4565 16.0
94 4566 16.0
94 4567 16.0
94 4568 16.0
94 4569 16.0
94 4570 16.0
94 4571 16.0
94 4572 16.0
94 4573 16.0
94 4574 16.0
94 4575 16.0
94 4576 16.0
94 4577 16.0
94 4578 16.0
94 4579 16.0
94 4580 16.0
94 4581 16.0
94 4582 16.0
95 4583 16.0
95 4584 16.0
95 4585 16.0
95 4586 16.0
95 4587 16.0
95 4588 16.0
95 4589 16.0
95 4590 16.0
95 4591 16.0
95 4592 16.0
95 4593 16.0
95 4594 16.0
95 4595 16.0
95 4596 16.0
95 4597 16.0
95 4598 16.0
95 4599 16.0
95 4600 16.0
95 4601 16.0
95 4602 16.0
95 4603 16.0
95 4604 16.0
95 4605 16.0
95 4606 16.0
95 4607 16.0
95 4608 16.0
95 4609 16.0
95 4610 16.0
95 4611 16.0
95 4612 16.0
95 4613 16.0
95 4614 16.0
95 4615 16.0
95 4616 16.0
95 4617 16.0
95 4618 16.0
95 4619 16.0
95 4620 16.0
95 4621 16.0
95 4622 16.0
95 4623 16.0
95 4624 16.0
95 4625 16.0
95 4626 16.0
95 4627 16.0
95 4628 16.0
95 4629 16.0
95 4630 16.0
95 4631 16.0
95 4632 16.0
95 4633 16.0
95 4634 16.0
95 4635 16.0
96 4636 16.0
96 4637 16.0
96 4638 16.0
96 4639 16.0
96 4640 16.0
96 4641 16.0
96 4642 16.0
96 4643 16.0
96 4644 16.0
96 4645 16.0
96 4646 16.0
96 4647 16.0
96 4648 16.0
96 4649 16.0
96 4650 16.0
96 4651 16.0
96 4652 16.0
96 4653 16.0
96 4654 16.0
96 4655 16.0
96 4656 16.0
96 4657 16.0
96 4658 16.0
96 4659 16.0
96 4660 16.0
96 4661 16.0
96 4662 16.0
96 4663 16.0
96 4664 16.0
96 4665 16.0
96 4666 16.0
96 4667 16.0
96 4668 16.0
96 4669 16.0
96 4670 16.0
96 4671 16.0
96 4672 16.0
96 4673 16.0
96 4674 16.0
96 4675 16.0
96 4676 16.0
96 4677 16.0
96 4678 16.0
96 4679 16.0
96 4680 16.0
96 4681 16.0
96 4682 16.0
96 4683 16.0
96 4684 16.0
96 4685 16.0
96 4686 16.0
96 4687 16.0
96 4688 16.0
97 4689 16.0
97 4690 16.0
97 4691 16.0
97 4692 16.0
97 4693 16.0
97 4694 16.0
97 4695 16.0
97 4696 16.0
97 4697 16.0
97 4698 16.0
97 4699 16.0
97 4700 16.0
97 4701 16.0
97 4702 16.0
97 4703 16.0
97 4704 16.0
97 4705 16.0
97 4706 16.0
97 4707 16.0
97 4708 16.0
97 4709 16.0
97 4710 16.0
97 4711 16.0
97 4712 16.0
97 4713 16.0
97 4714 16.0
97 4715 16.0
97 4716 16.0
97 4717 16.0
97 4718 16.0
97 4719 16.0
97 4720 16.0
97 4721 16.0
97 4722 16.0
97 4723 16.0
97 4724 16.0
97 4725 16.0
97 4726 16.0
97 4727 16.0
97 4728 16.0
97 4729 16.0
97 4730 16.0
97 4731 16.0
97 4732 16.0
97 4733 16.0
97 4734 16.0
97 4735 16.0
97 4736 16.0
97 4737 16.0
97 4738 16.0
97 4739 16.0
97 4740 16.0
97 4741 16.0
97 4742 16.0
97 4743 16.0
98 4744 16.0
98 4745 16.0
98 4746 16.0
98 4747 16.0
98 4748 16.0
98 4749 16.0
98 4750 16.0
98 4751 16.0
98 4752 16.0
98 4753 16.0
98 4754 16.0
98 4755 16.0
98 4756 16.0
98 4757 16.0
98 4758 16.0
98 4759 16.0
98 4760 16.0
98 4761 16.0
98 4762 16.0
98 4763 16.0
98 4764 16.0
98 4765 16.0
98 4766 16.0
98 4767 16.0
98 4768 16.0
98 4769 16.0
98 4770 16.0
98 4771 16.0
98 4772 16.0
98 4773 16.0
98 4774 16.0
98 4775 16.0
98 4776 16.0
98 4777 16.0
98 4778 16.0
98 4779 16.0
98 4780 16.0
98 4781 16.0
98 4782 16.0
98 4783 16.0
98 4784 16.0
98 4785 16.0
98 4786 16.0
98 4787 16.0
98 4788 16.0
98 4789 16.0
98 4790 16.0
98 4791 16.0
98 4792 16.0
99 4793 16.0
99 4794 16.0
99 4795 16.0
99 4796 16.0
99 4797 16.0
99 4798 16.0
99 4799 16.0
99 4800 16.0
99 4801 16.0
99 4802 16.0
99 4803 16.0
99 4804 16.0
99 4805 16.0
99 4806 16.0
99 4807 16.0
99 4808 16.0
99 4809 16.0
99 4810 16.0
99 4811 16.0
99 4812 16.0
99 4813 16.0
99 4814 16.0
99 4815 16.0
99 4816 16.0
99 4817 16.0
99 4818 16.0
99 4819 16.0
99 4820 16.0
99 4821 16.0
99 4822 16.0
99 4823 16.0
99 4824 16.0
99 4825 16.0
99 4826 16.0
99 4827 16.0
99 4828 16.0
99 4829 16.0
99 4830 16.0
99 4831 16.0
99 4832 16.0
99 4833 16.0
99 4834 16.0
99 4835 16.0
99 4836 16.0
99 4837 16.0
99 4838 16.0
99 4839 16.0
99 4840 16.0
99 4841 16.0
99 4842 16.0
99 4843 16.0
100 4844 16.0
100 4845 16.0
100 4846 16.0
100 4847 16.0
100 4848 16.0
100 4849 16.0
100 4850 16.0
100 4851 16.0
100 4852 16.0
100 4853 16.0
100 4854 16.0
100 4855 16.0
100 4856 16.0
100 4857 16.0
100 4858 16.0
100 4859 16.0
100 4860 16.0
100 4861 16.0
100 4862 15.9
100 4863 15.9
100 4864 15.9
100 4865 15.5
100 4866 15.5
100 4867 15.5
100 4868 15.4
100 4869 15.4
100 4870 15.2
100 4871 15.2
100 4872 15.2
100 4873 15.2
100 4874 15.2
100 4875 15.2
100 4876 15.2
100 4877 15.2
100 4878 15.2
100 4879 15.2
100 4880 15.2
100 4881 15.2
100 4882 15.2
100 4883 15.2
100 4884 15.2
100 4885 15.2
100 4886 15.2
100 4887 15.2
100 4888 15.2
100 4889 15.2
100 4890 15.2
100 4891 15.2
101 4892 15.2
101 4893 15.2
101 4894 15.2
101 4895 15.2
101 4896 15.2
101 4897 15.2
101 4898 15.2
101 4899 15.2
101 4900 15.2
101 4901 15.2
101 4902 15.2
101 4903 15.2
101 4904 15.2
101 4905 15.2
101 4906 15.2
101 4907 15.2
101 4908 15.2
101 4909 15.2
101 4910 15.2
101 4911 15.2
101 4912 15.2
101 4913 15.2
101 4914 15.2
101 4915 15.2
101 4916 15.2
101 4917 15.2
101 4918 15.2
101 4919 15.2
101 4920 15.2
101 4921 15.2
101 4922 15.2
101 4923 15.2
101 4924 15.2
101 4925 15.2
101 4926 15.2
101 4927 15.2
101 4928 15.2
101 4929 15.2
101 4930 15.2
101 4931 15.2
101 4932 15.2
101 4933 15.2
101 4934 15.2
101 4935 15.1
101 4936 15.1
101 4937 15.1
101 4938 15.1
101 4939 15.1
101 4940 15.1
102 4941 15.1
102 4942 15.0
102 4943 15.0
102 4944 15.0
102 4945 15.0
102 4946 14.9
102 4947 14.9
102 4948 14.8
102 4949 14.8
102 4950 14.8
102 4951 14.8
102 4952 14.8
102 4953 14.7
102 4954 14.7
102 4955 14.7
102 4956 14.7
102 4957 14.7
102 4958 14.7
102 4959 14.7
102 4960 14.7
102 4961 14.7
102 4962 14.7
102 4963 14.7
102 4964 14.7
102 4965 14.7
102 4966 14.7
102 4967 14.7
102 4968 14.7
102 4969 14.7
102 4970 14.7
102 4971 14.7
102 4972 14.7
102 4973 14.7
102 4974 14.7
102 4975 14.7
102 4976 14.7
102 4977 14.7
102 4978 14.7
102 4979 14.7
102 4980 14.7
102 4981 14.7
102 4982 14.7
102 4983 14.7
102 4984 14.7
102 4985 14.7
102 4986 14.7
102 4987 14.7
102 4988 14.7
102 4989 14.7
102 4990 14.7
102 4991 14.7
103 4992 14.7
103 4993 14.7
103 4994 14.7
103 4995 14.7
103 4996 14.7
103 4997 14.7
103 4998 14.7
103 4999 14.7
103 5000 14.7
103 5001 14.7
103 5002 14.7
103 5003 14.7
103 5004 14.7
103 5005 14.7
103 5006 14.7
103 5007 14.7
103 5008 14.7
103 5009 14.7
103 5010 14.7
103 5011 14.7
103 5012 14.7
103 5013 14.7
103 5014 14.7
103 5015 14.7
103 5016 14.7
103 5017 14.7
103 5018 14.7
103 5019 14.7
103 5020 14.7
103 5021 14.7
103 5022 14.7
103 5023 14.7
103 5024 14.7
103 5025 14.7
103 5026 14.7
103 5027 14.7
103 5028 14.7
103 5029 14.7
103 5030 14.7
103 5031 14.7
103 5032 14.7
103 5033 14.7
103 5034 14.7
103 5035 14.7
103 5036 14.7
104 5037 14.7
104 5038 14.7
104 5039 14.7
104 5040 14.7
104 5041 14.7
104 5042 14.7
104 5043 14.7
104 5044 14.7
104 5045 14.7
104 5046 14.7
104 5047 14.7
104 5048 14.7
104 5049 14.7
104 5050 14.7
104 5051 14.7
104 5052 14.7
104 5053 14.7
104 5054 14.7
104 5055 14.7
104 5056 14.7
104 5057 14.7
104 5058 14.7
104 5059 14.7
104 5060 14.7
104 5061 14.7
104 5062 14.7
104 5063 14.7
104 5064 14.7
104 5065 14.7
104 5066 14.7
104 5067 14.7
104 5068 14.7
104 5069 14.7
104 5070 14.7
104 5071 14.7
104 5072 14.7
104 5073 14.7
104 5074 14.7
104 5075 14.7
104 5076 14.7
104 5077 14.7
104 5078 14.7
104 5079 14.7
104 5080 14.7
104 5081 14.7
104 5082 14.7
104 5083 14.7
104 5084 14.7
104 5085 14.7
105 5086 14.7
105 5087 14.7
105 5088 14.7
105 5089 14.7
105 5090 14.7
105 5091 14.7
105 5092 14.7
105 5093 14.7
105 5094 14.7
105 5095 14.7
105 5096 14.7
105 5097 14.7
105 5098 14.7
105 5099 14.7
105 5100 14.7
105 5101 14.7
105 5102 14.7
105 5103 14.7
105 5104 14.7
105 5105 14.7
105 5106 14.7
105 5107 14.7
105 5108 14.7
105 5109 14.7
105 5110 14.7
105 5111 14.7
105 5112 14.7
105 5113 14.7
105 5114 14.7
105 5115 14.7
105 5116 14.7
105 5117 14.7
105 5118 14.7
105 5119 14.7
105 5120 14.7
105 5121 14.6
105 5122 14.6
105 5123 14.6
105 5124 14.6
105 5125 14.6
105 5126 14.6
105 5127 14.6
105 5128 14.6
105 5129 14.6
105 5130 14.6
105 5131 14.6
106 5132 14.6
106 5133 14.6
106 5134 14.6
106 5135 14.6
106 5136 14.6
106 5137 14.5
106 5138 14.5
106 5139 14.5
106 5140 14.5
106 5141 14.5
106 5142 14.5
106 5143 14.5
106 5144 14.5
106 5145 14.4
106 5146 14.4
106 5147 14.4
106 5148 14.2
106 5149 14.2
106 5150 14.2
106 5151 14.2
106 5152 14.2
106 5153 14.2
106 5154 14.2
106 5155 14.2
106 5156 14.2
106 5157 14.2
106 5158 14.2
106 5159 14.2
106 5160 14.2
106 5161 14.2
106 5162 14.2
106 5163 14.2
106 5164 14.2
106 5165 14.2
106 5166 14.2
106 5167 14.2
106 5168 14.2
106 5169 14.2
106 5170 14.2
106 5171 14.2
106 5172 14.2
106 5173 14.2
106 5174 14.2
106 5175 14.2
106 5176 14.2
106 5177 14.2
106 5178 14.2
106 5179 14.2
106 5180 14.2
107 5181 14.2
107 5182 14.2
107 5183 14.2
107 5184 14.2
107 5185 14.2
107 5186 14.2
107 5187 14.2
107 5188 14.2
107 5189 14.2
107 5190 14.2
107 5191 14.2
107 5192 14.2
107 5193 14.2
107 5194 14.2
107 5195 14.2
107 5196 14.2
107 5197 14.2
107 5198 14.2
107 5199 14.2
107 5200 14.2
107 5201 14.2
107 5202 14.2
107 5203 14.2
107 5204 14.2
107 5205 14.2
107 5206 14.2
107 5207 14.2
107 5208 14.2
107 5209 14.2
107 5210 14.2
107 5211 14.2
107 5212 14.2
107 5213 14.2
107 5214 14.2
107 5215 14.2
107 5216 14.2
107 5217 14.2
107 5218 14.2
107 5219 14.2
107 5220 14.2
107 5221 14.2
107 5222 14.2
107 5223 14.2
107 5224 14.2
107 5225 14.2
107 5226 14.2
107 5227 14.2
108 5228 14.0
108 5229 14.0
108 5230 14.0
108 5231 14.0
108 5232 14.0
108 5233 14.0
108 5234 14.0
108 5235 14.0
108 5236 14.0
108 5237 14.0
108 5238 14.0
108 5239 14.0
108 5240 14.0
108 5241 14.0
108 5242 14.0
108 5243 14.0
108 5244 14.0
108 5245 14.0
108 5246 14.0
108 5247 14.0
108 5248 14.0
108 5249 14.0
108 5250 14.0
108 5251 14.0
108 5252 14.0
108 5253 14.0
108 5254 14.0
108 5255 14.0
108 5256 14.0
108 5257 14.0
109 5258 14.0
109 5259 14.0
109 5260 14.0
109 5261 14.0
109 5262 14.0
109 5263 14.0
109 5264 14.0
109 5265 14.0
109 5266 14.0
109 5267 14.0
109 5268 14.0
109 5269 14.0
109 5270 14.0
109 5271 14.0
109 5272 14.0
109 5273 14.0
109 5274 14.0
109 5275 14.0
109 5276 14.0
109 5277 14.0
109 5278 14.0
109 5279 14.0
109 5280 14.0
109 5281 14.0
109 5282 14.0
109 5283 14.0
109 5284 14.0
109 5285 14.0
109 5286 14.0
109 5287 14.0
109 5288 14.0
109 5289 14.0
109 5290 14.0
109 5291 14.0
109 5292 14.0
109 5293 14.0
109 5294 14.0
109 5295 14.0
109 5296 14.0
109 5297 14.0
109 5298 14.0
109 5299 14.0
109 5300 14.0
109 5301 14.0
109 5302 14.0
109 5303 14.0
109 5304 14.0
109 5305 14.0
109 5306 14.0
109 5307 14.0
109 5308 14.0
110 5309 14.0
110 5310 14.0
110 5311 14.0
110 5312 14.0
110 5313 14.0
110 5314 14.0
110 5315 14.0
110 5316 14.0
110 5317 14.0
110 5318 14.0
110 5319 14.0
110 5320 14.0
110 5321 14.0
110 5322 14.0
110 5323 14.0
110 5324 14.0
110 5325 14.0
110 5326 14.0
110 5327 14.0
110 5328 14.0
110 5329 14.0
110 5330 14.0
110 5331 14.0
110 5332 14.0
110 5333 14.0
110 5334 14.0
110 5335 14.0
110 5336 14.0
110 5337 14.0
110 5338 14.0
110 5339 14.0
110 5340 14.0
110 5341 14.0
110 5342 14.0
110 5343 14.0
110 5344 14.0
111 5345 14.0
111 5346 14.0
111 5347 14.0
111 5348 14.0
111 5349 14.0
111 5350 14.0
111 5351 14.0
111 5352 14.0
111 5353 14.0
111 5354 14.0
111 5355 14.0
111 5356 14.0
111 5357 14.0
111 5358 14.0
111 5359 14.0
111 5360 14.0
111 5361 14.0
111 5362 14.0
111 5363 14.0
111 5364 14.0
111 5365 14.0
111 5366 14.0
111 5367 14.0
111 5368 14.0
111 5369 14.0
111 5370 14.0
111 5371 14.0
111 5372 14.0
111 5373 14.0
111 5374 14.0
111 5375 14.0
111 5376 14.0
111 5377 14.0
112 5378 14.0
112 5379 14.0
112 5380 14.0
112 5381 14.0
112 5382 14.0
112 5383 14.0
112 5384 14.0
112 5385 14.0
112 5386 14.0
112 5387 14.0
112 5388 14.0
112 5389 14.0
112 5390 14.0
112 5391 14.0
112 5392 14.0
112 5393 14.0
112 5394 14.0
112 5395 14.0
112 5396 14.0
112 5397 14.0
112 5398 14.0
112 5399 14.0
112 5400 14.0
112 5401 14.0
112 5402 14.0
112 5403 14.0
112 5404 14.0
112 5405 14.0
112 5406 14.0
112 5407 14.0
112 5408 14.0
112 5409 14.0
112 5410 14.0
112 5411 14.0
112 5412 14.0
112 5413 14.0
112 5414 14.0
112 5415 14.0
112 5416 13.9
112 5417 13.9
112 5418 13.9
113 5419 13.9
113 5420 13.9
113 5421 13.9
113 5422 13.9
113 5423 13.9
113 5424 13.9
113 5425 13.9
113 5426 13.9
113 5427 13.9
113 5428 13.9
113 5429 13.9
113 5430 13.9
113 5431 13.9
113 5432 13.9
113 5433 13.9
113 5434 13.9
113 5435 13.9
113 5436 13.9
113 5437 13.9
113 5438 13.9
113 5439 13.9
113 5440 13.9
113 5441 13.9
113 5442 13.9
113 5443 13.9
113 5444 13.9
113 5445 13.9
113 5446 13.9
113 5447 13.9
113 5448 13.9
113 5449 13.9
113 5450 13.9
113 5451 13.8
113 5452 13.8
113 5453 13.8
113 5454 13.8
113 5455 13.8
114 5456 13.8
114 5457 13.8
114 5458 13.8
114 5459 13.8
114 5460 13.8
114 5461 13.8
114 5462 13.8
114 5463 13.8
114 5464 13.8
114 5465 13.8
114 5466 13.8
114 5467 13.8
114 5468 13.8
114 5469 13.8
114 5470 13.8
114 5471 13.8
114 5472 13.8
114 5473 13.8
114 5474 13.8
114 5475 13.8
114 5476 13.8
114 5477 13.8
114 5478 13.8
114 5479 13.8
114 5480 13.8
114 5481 13.8
114 5482 13.8
114 5483 13.8
114 5484 13.8
114 5485 13.8
114 5486 13.8
114 5487 13.8
114 5488 13.8
114 5489 13.8
114 5490 13.8
114 5491 13.8
114 5492 13.8
114 5493 13.8
114 5494 13.8
114 5495 13.8
114 5496 13.8
114 5497 13.8
114 5498 13.8
114 5499 13.8
114 5500 13.8
114 5501 13.8
114 5502 13.8
114 5503 13.8
115 5504 13.8
115 5505 13.8
115 5506 13.8
115 5507 13.8
115 5508 13.8
115 5509 13.8
115 5510 13.8
115 5511 13.8
115 5512 13.8
115 5513 13.8
115 5514 13.8
115 5515 13.8
115 5516 13.8
115 5517 13.8
115 5518 13.8
115 5519 13.8
115 5520 13.8
115 5521 13.8
115 5522 13.8
115 5523 13.8
115 5524 13.8
115 5525 13.8
115 5526 13.8
115 5527 13.8
115 5528 13.8
115 5529 13.8
115 5530 13.8
115 5531 13.8
115 5532 13.8
115 5533 13.8
115 5534 13.8
115 5535 13.8
115 5536 13.8
115 5537 13.8
115 5538 13.8
115 5539 13.8
115 5540 13.8
115 5541 13.8
115 5542 13.8
115 5543 13.8
115 5544 13.8
115 5545 13.8
115 5546 13.8
115 5547 13.8
115 5548 13.8
115 5549 13.7
115 5550 13.7
116 5551 13.7
116 5552 13.7
116 5553 13.7
116 5554 13.7
116 5555 13.7
116 5556 13.7
116 5557 13.7
116 5558 13.7
116 5559 13.7
116 5560 13.7
116 5561 13.7
116 5562 13.7
116 5563 13.6
116 5564 13.6
116 5565 13.6
116 5566 13.6
116 5567 13.6
116 5568 13.6
116 5569 13.6
116 5570 13.6
116 5571 13.6
116 5572 13.6
116 5573 13.6
116 5574 13.6
116 5575 13.6
116 5576 13.6
116 5577 13.6
116 5578 13.6
116 5579 13.6
116 5580 13.6
116 5581 13.6
116 5582 13.6
116 5583 13.6
116 5584 13.6
116 5585 13.6
116 5586 13.6
116 5587 13.6
116 5588 13.6
116 5589 13.6
116 5590 13.6
116 5591 13.6
116 5592 13.6
116 5593 13.6
116 5594 13.6
116 5595 13.6
116 5596 13.6
116 5597 13.6
116 5598 13.6
116 5599 13.6
116 5600 13.6
117 5601 13.6
117 5602 13.6
117 5603 13.6
117 5604 13.6
117 5605 13.6
117 5606 13.6
117 5607 13.6
117 5608 13.6
117 5609 13.6
117 5610 13.6
117 5611 13.6
117 5612 13.6
117 5613 13.6
117 5614 13.6
117 5615 13.6
117 5616 13.6
117 5617 13.6
117 5618 13.6
117 5619 13.6
117 5620 13.6
117 5621 13.6
117 5622 13.6
117 5623 13.6
117 5624 13.6
117 5625 13.6
117 5626 13.6
117 5627 13.6
117 5628 13.6
117 5629 13.6
117 5630 13.6
117 5631 13.6
117 5632 13.6
117 5633 13.6
117 5634 13.6
117 5635 13.6
117 5636 13.6
117 5637 13.6
117 5638 13.6
117 5639 13.6
117 5640 13.6
117 5641 13.6
117 5642 13.6
117 5643 13.6
117 5644 13.6
117 5645 13.6
117 5646 13.6
117 5647 13.6
117 5648 13.6
117 5649 13.6
117 5650 13.6
118 5651 13.6
118 5652 13.6
118 5653 13.6
118 5654 13.6
118 5655 13.6
118 5656 13.6
118 5657 13.6
118 5658 13.6
118 5659 13.6
118 5660 13.6
118 5661 13.6
118 5662 13.6
118 5663 13.6
118 5664 13.6
118 5665 13.6
118 5666 13.6
118 5667 13.6
118 5668 13.6
118 5669 13.6
118 5670 13.6
118 5671 13.6
118 5672 13.6
118 5673 13.6
118 5674 13.6
118 5675 13.6
118 5676 13.6
118 5677 13.6
118 5678 13.6
118 5679 13.6
118 5680 13.6
118 5681 13.6
118 5682 13.6
118 5683 13.6
118 5684 13.6
118 5685 13.6
118 5686 13.6
118 5687 13.6
118 5688 13.6
118 5689 13.6
118 5690 13.6
118 5691 13.6
118 5692 13.6
118 5693 13.6
118 5694 13.6
118 5695 13.6
119 5696 13.6
119 5697 13.6
119 5698 13.6
119 5699 13.6
119 5700 13.6
119 5701 13.6
119 5702 13.6
119 5703 13.6
119 5704 13.6
119 5705 13.6
119 5706 13.6
119 5707 13.6
119 5708 13.6
119 5709 13.6
119 5710 13.6
119 5711 13.6
119 5712 13.6
119 5713 13.6
119 5714 13.6
119 5715 13.6
119 5716 13.6
119 5717 13.6
119 5718 13.6
119 5719 13.6
119 5720 13.6
119 5721 13.6
119 5722 13.5
119 5723 13.5
119 5724 13.5
119 5725 13.5
119 5726 13.5
119 5727 13.5
119 5728 13.5
119 5729 13.5
119 5730 13.5
119 5731 13.5
119 5732 13.5
119 5733 13.5
119 5734 13.5
119 5735 13.5
119 5736 13.5
119 5737 13.5
119 5738 13.5
119 5739 13.5
119 5740 13.5
119 5741 13.5
119 5742 13.5
119 5743 13.5
119 5744 13.5
119 5745 13.5
119 5746 13.5
119 5747 13.5
120 5748 13.5
120 5749 13.5
120 5750 13.5
120 5751 13.5
120 5752 13.5
120 5753 13.5
120 5754 13.5
120 5755 13.5
120 5756 13.5
120 5757 13.5
120 5758 13.5
120 5759 13.5
120 5760 13.5
120 5761 13.5
120 5762 13.5
120 5763 13.5
120 5764 13.5
120 5765 13.5
120 5766 13.5
120 5767 13.5
120 5768 13.5
120 5769 13.5
120 5770 13.5
120 5771 13.5
120 5772 13.5
120 5773 13.5
120 5774 13.5
120 5775 13.5
120 5776 13.5
120 5777 13.5
120 5778 13.5
120 5779 13.5
120 5780 13.5
120 5781 13.5
120 5782 13.5
120 5783 13.5
120 5784 13.5
120 5785 13.5
120 5786 13.5
120 5787 13.5
120 5788 13.5
120 5789 13.5
120 5790 13.5
120 5791 13.5
120 5792 13.5
120 5793 13.5
120 5794 13.5
120 5795 13.5
120 5796 13.5
120 5797 13.5
121 5798 13.5
