0 1 49.5
0 2 49.5
0 3 48.7
1 4 47.8
1 5 47.8
1 6 47.8
1 7 47.8
1 8 47.8
1 9 47.8
1 10 47.0
1 11 47.0
1 12 47.0
1 13 46.9
1 14 46.9
1 15 46.9
1 16 46.5
1 17 46.4
1 18 46.4
1 19 46.4
1 20 46.4
1 21 46.4
1 22 46.4
1 23 46.4
1 24 46.4
1 25 46.4
1 26 46.4
1 27 46.4
1 28 46.4
1 29 46.4
1 30 46.4
1 31 46.3
1 32 46.3
1 33 46.3
1 34 46.3
1 35 46.3
1 36 45.9
1 37 45.9
1 38 45.9
1 39 45.9
1 40 45.9
1 41 45.9
1 42 45.9
1 43 45.9
1 44 45.9
1 45 45.9
1 46 45.7
1 47 45.7
1 48 45.7
1 49 45.7
1 50 45.7
2 51 45.6
2 52 45.6
2 53 45.6
2 54 45.6
2 55 45.6
2 56 45.6
2 57 45.6
2 58 45.4
2 59 45.4
2 60 45.4
2 61 45.4
2 62 45.4
2 63 45.4
2 64 45.4
2 65 45.4
2 66 45.4
2 67 45.4
2 68 45.4
2 69 45.4
2 70 45.3
2 71 45.3
2 72 45.3
2 73 45.3
2 74 45.3
2 75 45.0
2 76 45.0
2 77 44.8
2 78 44.8
2 79 44.8
2 80 44.8
2 81 44.8
2 82 44.8
2 83 44.8
2 84 44.8
2 85 44.8
2 86 44.8
2 87 44.8
2 88 44.8
2 89 44.8
2 90 44.8
2 91 44.8
2 92 44.8
2 93 44.8
2 94 44.8
2 95 44.8
2 96 44.8
2 97 44.8
2 98 44.8
2 99 44.8
2 100 44.8
3 101 44.8
3 102 44.8
3 103 44.8
3 104 44.8
3 105 44.8
3 106 44.8
3 107 44.8
3 108 44.8
3 109 44.8
3 110 44.8
3 111 44.8
3 112 44.8
3 113 44.8
3 114 44.5
3 115 44.5
3 116 44.5
3 117 44.5
3 118 44.5
3 119 43.7
3 120 43.7
3 121 43.7
3 122 43.7
3 123 43.7
3 124 41.0
3 125 41.0
3 126 41.0
3 127 41.0
3 128 41.0
3 129 41.0
3 130 40.8
3 131 40.8
3 132 40.8
3 133 40.8
3 134 40.8
3 135 40.8
3 136 40.0
3 137 40.0
3 138 40.0
3 139 40.0
3 140 39.2
3 141 39.2
3 142 39.2
3 143 39.2
3 144 39.2
3 145 39.2
3 146 39.2
3 147 39.2
3 148 39.2
3 149 39.2
3 150 39.2
4 151 39.2
4 152 39.2
4 153 39.2
4 154 39.2
4 155 38.9
4 156 38.9
4 157 38.9
4 158 38.9
4 159 38.4
4 160 38.4
4 161 38.4
4 162 38.4
4 163 38.4
4 164 38.4
4 165 38.4
4 166 38.4
4 167 38.4
4 168 38.4
4 169 38.4
4 170 38.4
4 171 38.4
4 172 38.4
4 173 38.4
4 174 38.4
4 175 38.4
4 176 38.4
4 177 38.4
4 178 38.4
4 179 38.4
4 180 38.4
4 181 38.4
4 182 38.4
4 183 38.4
4 184 38.4
4 185 38.4
4 186 38.4
4 187 38.4
4 188 38.4
4 189 38.4
4 190 38.4
4 191 38.4
4 192 38.4
4 193 38.4
4 194 38.4
5 195 38.4
5 196 38.4
5 197 38.4
5 198 38.4
5 199 38.4
5 200 38.4
5 201 38.4
5 202 38.4
5 203 38.4
5 204 38.4
5 205 38.4
5 206 38.4
5 207 38.4
5 208 38.4
5 209 38.4
5 210 38.4
5 211 38.4
5 212 38.4
5 213 38.4
5 214 38.4
5 215 38.4
5 216 38.4
5 217 38.4
5 218 38.4
5 219 38.4
5 220 38.4
5 221 38.4
5 222 38.4
5 223 38.4
5 224 38.4
5 225 38.4
5 226 38.4
5 227 38.4
5 228 38.4
5 229 38.4
5 230 38.4
5 231 38.4
5 232 38.4
5 233 38.4
5 234 38.4
5 235 38.4
5 236 38.4
5 237 38.4
5 238 38.4
5 239 38.4
5 240 38.4
5 241 38.4
5 242 38.4
5 243 38.4
5 244 38.4
5 245 38.4
6 246 38.4
6 247 38.4
6 248 38.4
6 249 38.4
6 250 38.4
6 251 38.4
6 252 38.4
6 253 38.4
6 254 38.4
6 255 38.4
6 256 38.4
6 257 38.4
6 258 38.4
6 259 38.4
6 260 38.4
6 261 38.4
6 262 38.4
6 263 38.4
6 264 38.4
6 265 38.4
6 266 38.4
6 267 38.4
6 268 38.4
6 269 38.4
6 270 38.4
6 271 38.4
6 272 38.4
6 273 38.4
6 274 38.4
6 275 38.4
6 276 38.4
6 277 38.4
6 278 38.4
6 279 38.4
6 280 38.4
6 281 38.4
6 282 38.4
6 283 38.4
6 284 38.4
6 285 38.4
6 286 38.4
6 287 38.4
6 288 38.4
6 289 38.4
6 290 38.4
6 291 38.4
6 292 38.4
6 293 38.4
6 294 38.4
7 295 38.4
7 296 38.4
7 297 38.4
7 298 38.4
7 299 38.4
7 300 38.4
7 301 38.4
7 302 38.4
7 303 38.4
7 304 38.4
7 305 38.4
7 306 38.4
7 307 38.4
7 308 38.4
7 309 38.4
7 310 38.4
7 311 38.4
7 312 38.4
7 313 38.4
7 314 38.4
7 315 38.4
7 316 38.4
7 317 38.4
7 318 38.4
7 319 37.9
7 320 37.9
7 321 37.9
7 322 37.9
7 323 37.8
7 324 37.8
7 325 37.8
7 326 37.8
7 327 37.6
7 328 37.2
7 329 37.2
7 330 35.6
7 331 35.6
7 332 35.6
7 333 35.6
7 334 35.6
7 335 35.6
7 336 35.6
7 337 35.6
7 338 35.6
7 339 35.6
7 340 35.6
7 341 35.6
7 342 35.6
7 343 35.6
7 344 35.6
7 345 35.6
7 346 35.6
7 347 35.6
8 348 35.6
8 349 35.6
8 350 35.6
8 351 35.6
8 352 35.6
8 353 35.6
8 354 35.4
8 355 35.4
8 356 34.5
8 357 34.0
8 358 34.0
8 359 34.0
8 360 34.0
8 361 34.0
8 362 33.7
8 363 33.7
8 364 33.7
8 365 33.7
8 366 33.7
8 367 33.7
8 368 33.7
8 369 33.7
8 370 33.7
8 371 33.7
8 372 33.7
8 373 33.7
8 374 33.7
8 375 33.7
8 376 33.7
8 377 33.7
8 378 33.7
8 379 33.7
8 380 33.7
8 381 33.6
8 382 33.6
8 383 33.6
8 384 33.6
8 385 33.6
8 386 33.6
8 387 33.6
8 388 33.6
8 389 33.6
8 390 33.6
8 391 33.6
8 392 33.6
8 393 33.6
8 394 33.6
8 395 33.6
8 396 33.6
9 397 33.6
9 398 33.6
9 399 33.6
9 400 33.6
9 401 33.6
9 402 33.6
9 403 33.6
9 404 33.6
9 405 33.6
9 406 32.4
9 407 32.4
9 408 32.4
9 409 32.4
9 410 32.4
9 411 32.4
9 412 32.4
9 413 32.4
9 414 32.4
9 415 32.4
9 416 32.4
9 417 32.4
9 418 32.1
9 419 32.1
9 420 32.1
9 421 32.1
9 422 32.1
9 423 32.1
9 424 32.1
9 425 32.1
9 426 32.1
9 427 32.1
9 428 32.1
9 429 32.1
9 430 32.1
9 431 32.1
9 432 32.1
9 433 32.1
9 434 32.1
9 435 32.1
9 436 32.1
9 437 32.1
9 438 32.1
9 439 32.1
9 440 32.1
9 441 32.1
9 442 32.1
9 443 32.1
9 444 32.1
9 445 32.1
9 446 32.1
9 447 32.1
9 448 32.1
10 449 32.1
10 450 32.1
10 451 32.1
10 452 32.1
10 453 32.1
10 454 32.1
10 455 32.1
10 456 32.1
10 457 32.1
10 458 32.1
10 459 32.1
10 460 32.1
10 461 32.1
10 462 32.1
10 463 32.1
10 464 32.1
10 465 32.1
10 466 32.1
10 467 32.1
10 468 32.1
10 469 32.1
10 470 32.1
10 471 32.1
10 472 32.1
10 473 32.1
10 474 32.1
10 475 32.1
10 476 32.1
10 477 32.1
10 478 32.1
10 479 32.0
10 480 32.0
10 481 32.0
10 482 32.0
10 483 32.0
10 484 32.0
10 485 32.0
10 486 32.0
10 487 32.0
10 488 32.0
10 489 32.0
10 490 32.0
10 491 32.0
10 492 32.0
10 493 32.0
10 494 32.0
10 495 32.0
10 496 32.0
10 497 32.0
10 498 32.0
10 499 32.0
11 500 32.0
11 501 32.0
11 502 32.0
11 503 32.0
11 504 32.0
11 505 32.0
11 506 32.0
11 507 32.0
11 508 32.0
11 509 32.0
11 510 32.0
11 511 32.0
11 512 32.0
11 513 32.0
11 514 32.0
11 515 32.0
11 516 32.0
11 517 32.0
11 518 32.0
11 519 32.0
11 520 32.0
11 521 32.0
11 522 32.0
11 523 32.0
11 524 32.0
11 525 32.0
11 526 32.0
11 527 32.0
11 528 32.0
11 529 32.0
11 530 32.0
11 531 32.0
11 532 32.0
11 533 32.0
11 534 32.0
11 535 32.0
11 536 32.0
11 537 32.0
11 538 32.0
11 539 32.0
11 540 32.0
11 541 32.0
11 542 32.0
11 543 32.0
11 544 32.0
11 545 32.0
11 546 32.0
11 547 32.0
11 548 32.0
11 549 32.0
12 550 32.0
12 551 32.0
12 552 32.0
12 553 32.0
12 554 32.0
12 555 32.0
12 556 32.0
12 557 32.0
12 558 32.0
12 559 32.0
12 560 32.0
12 561 32.0
12 562 32.0
12 563 32.0
12 564 32.0
12 565 32.0
12 566 32.0
12 567 32.0
12 568 32.0
12 569 32.0
12 570 32.0
12 571 32.0
12 572 32.0
12 573 32.0
12 574 32.0
12 575 32.0
12 576 32.0
12 577 32.0
12 578 32.0
12 579 32.0
12 580 32.0
12 581 32.0
12 582 32.0
12 583 32.0
12 584 32.0
12 585 32.0
12 586 32.0
12 587 32.0
12 588 32.0
12 589 32.0
12 590 31.9
12 591 31.9
12 592 31.9
12 593 31.9
12 594 31.9
12 595 31.9
12 596 31.9
12 597 31.9
12 598 31.1
12 599 31.1
12 600 31.1
13 601 31.1
13 602 31.1
13 603 30.6
13 604 30.6
13 605 30.6
13 606 30.6
13 607 30.6
13 608 30.6
13 609 30.6
13 610 30.6
13 611 30.6
13 612 30.3
13 613 30.3
13 614 30.3
13 615 30.3
13 616 30.3
13 617 30.3
13 618 30.3
13 619 30.3
13 620 30.3
13 621 29.9
13 622 29.9
13 623 29.8
13 624 29.8
13 625 29.8
13 626 29.8
13 627 29.8
13 628 29.8
13 629 29.8
13 630 29.8
13 631 29.8
13 632 29.8
13 633 29.8
13 634 29.8
13 635 29.8
13 636 29.8
13 637 29.8
13 638 29.8
13 639 29.8
13 640 29.8
13 641 29.8
13 642 29.8
13 643 29.8
13 644 29.8
13 645 29.8
13 646 29.8
13 647 29.8
13 648 29.8
13 649 29.8
13 650 29.8
13 651 29.8
13 652 29.8
14 653 29.8
14 654 29.8
14 655 29.8
14 656 29.8
14 657 29.8
14 658 29.8
14 659 29.8
14 660 29.8
14 661 29.8
14 662 29.8
14 663 29.8
14 664 29.8
14 665 29.8
14 666 29.8
14 667 29.8
14 668 29.8
14 669 29.8
14 670 29.8
14 671 29.8
14 672 29.8
14 673 29.8
14 674 29.8
14 675 29.8
14 676 29.8
14 677 29.8
14 678 29.8
14 679 29.8
14 680 29.8
14 681 29.8
14 682 29.8
14 683 29.8
14 684 29.8
14 685 29.8
14 686 29.8
14 687 29.8
14 688 29.8
14 689 29.8
14 690 29.8
14 691 29.8
14 692 29.8
14 693 29.8
14 694 29.8
14 695 29.8
14 696 29.8
14 697 29.8
14 698 29.8
14 699 29.8
14 700 29.8
14 701 29.8
14 702 29.8
15 703 29.8
15 704 29.8
15 705 29.8
15 706 29.8
15 707 29.8
15 708 29.8
15 709 29.8
15 710 29.8
15 711 29.8
15 712 29.8
15 713 29.8
15 714 29.8
15 715 29.8
15 716 29.8
15 717 29.8
15 718 29.8
15 719 29.8
15 720 29.8
15 721 29.8
15 722 29.8
15 723 29.8
15 724 29.8
15 725 29.8
15 726 29.8
15 727 29.8
15 728 29.8
15 729 29.8
15 730 29.8
15 731 29.8
15 732 29.8
15 733 29.8
15 734 29.8
15 735 29.8
15 736 29.8
15 737 29.8
15 738 29.8
15 739 29.8
15 740 29.8
15 741 29.8
15 742 29.8
15 743 29.8
15 744 29.8
15 745 29.8
15 746 29.8
15 747 29.8
15 748 29.8
15 749 29.8
15 750 29.8
15 751 29.8
15 752 29.8
15 753 29.8
16 754 29.8
16 755 29.8
16 756 29.8
16 757 29.8
16 758 29.8
16 759 29.8
16 760 29.8
16 761 29.8
16 762 29.8
16 763 29.8
16 764 29.8
16 765 29.8
16 766 29.8
16 767 29.8
16 768 29.8
16 769 29.8
16 770 29.8
16 771 29.8
16 772 29.8
16 773 29.8
16 774 29.8
16 775 29.8
16 776 29.8
16 777 29.8
16 778 29.8
16 779 29.8
16 780 29.8
16 781 29.8
16 782 29.8
16 783 29.8
16 784 29.8
16 785 29.8
16 786 29.8
16 787 29.8
16 788 29.8
16 789 29.8
16 790 29.8
16 791 29.8
16 792 29.8
16 793 29.8
16 794 29.8
16 795 29.8
16 796 29.8
16 797 29.8
16 798 29.8
16 799 29.8
16 800 29.8
16 801 29.8
16 802 29.8
16 803 29.6
17 804 29.6
17 805 29.1
17 806 29.1
17 807 29.1
17 808 29.1
17 809 29.0
17 810 29.0
17 811 28.9
17 812 28.9
17 813 28.9
17 814 28.9
17 815 28.9
17 816 28.9
17 817 28.9
17 818 28.9
17 819 28.9
17 820 28.9
17 821 28.8
17 822 28.8
17 823 28.8
17 824 28.8
17 825 28.8
17 826 28.8
17 827 28.8
17 828 28.8
17 829 28.8
17 830 28.8
17 831 28.8
17 832 28.8
17 833 28.8
17 834 28.8
17 835 28.8
17 836 28.8
17 837 28.8
17 838 28.8
17 839 28.8
17 840 28.8
17 841 28.8
17 842 28.8
17 843 28.8
17 844 28.8
17 845 28.8
17 846 28.8
17 847 28.8
17 848 28.8
17 849 28.8
17 850 28.8
17 851 28.8
17 852 28.8
17 853 28.8
17 854 28.8
18 855 28.8
18 856 28.8
18 857 28.8
18 858 28.8
18 859 28.8
18 860 28.8
18 861 28.8
18 862 28.8
18 863 28.8
18 864 28.8
18 865 28.8
18 866 28.8
18 867 28.8
18 868 28.8
18 869 28.8
18 870 28.8
18 871 28.8
18 872 28.8
18 873 28.8
18 874 28.8
18 875 28.8
18 876 28.8
18 877 28.8
18 878 28.8
18 879 28.8
18 880 28.8
18 881 28.8
18 882 28.8
18 883 28.8
18 884 28.8
18 885 28.8
18 886 28.8
18 887 28.8
18 888 28.8
18 889 28.8
18 890 28.8
18 891 28.8
18 892 28.8
18 893 28.8
18 894 28.8
18 895 28.8
18 896 28.8
18 897 28.8
18 898 28.8
18 899 28.8
18 900 28.8
18 901 28.8
18 902 28.8
18 903 28.8
18 904 28.8
18 905 28.8
18 906 28.8
18 907 28.8
18 908 28.8
19 909 28.8
19 910 28.8
19 911 28.8
19 912 28.8
19 913 28.8
19 914 28.8
19 915 28.8
19 916 28.8
19 917 28.8
19 918 28.8
19 919 28.8
19 920 28.8
19 921 28.8
19 922 28.8
19 923 28.8
19 924 28.8
19 925 28.8
19 926 28.8
19 927 28.8
19 928 28.8
19 929 28.8
19 930 28.8
19 931 28.8
19 932 28.8
19 933 28.8
19 934 28.8
19 935 28.8
19 936 28.8
19 937 28.8
19 938 28.8
19 939 28.8
19 940 28.8
19 941 28.8
19 942 28.8
19 943 28.8
19 944 28.8
19 945 28.8
19 946 28.8
19 947 28.8
19 948 28.8
19 949 28.8
19 950 28.8
19 951 28.8
19 952 28.8
19 953 28.8
19 954 28.8
19 955 28.8
19 956 28.8
19 957 28.8
19 958 28.8
19 959 28.8
19 960 28.8
19 961 28.8
20 962 28.8
20 963 28.8
20 964 28.8
20 965 28.8
20 966 28.8
20 967 28.8
20 968 28.8
20 969 28.8
20 970 28.8
20 971 28.8
20 972 28.8
20 973 28.8
20 974 28.8
20 975 28.8
20 976 28.8
20 977 28.8
20 978 28.8
20 979 28.8
20 980 28.8
20 981 28.8
20 982 28.8
20 983 28.8
20 984 28.8
20 985 28.8
20 986 28.8
20 987 28.8
20 988 28.8
20 989 28.8
20 990 28.8
20 991 28.8
20 992 28.8
20 993 28.8
20 994 28.8
20 995 28.8
20 996 28.8
20 997 28.8
20 998 28.8
20 999 28.8
20 1000 28.8
20 1001 28.8
20 1002 28.8
20 1003 28.8
20 1004 28.8
20 1005 28.8
20 1006 28.8
20 1007 28.8
20 1008 28.8
20 1009 28.8
20 1010 28.8
20 1011 28.8
20 1012 28.8
21 1013 28.8
21 1014 28.8
21 1015 28.8
21 1016 28.8
21 1017 28.8
21 1018 28.8
21 1019 28.8
21 1020 28.8
21 1021 28.8
21 1022 28.8
21 1023 28.8
21 1024 28.8
21 1025 28.8
21 1026 28.8
21 1027 28.8
21 1028 28.8
21 1029 28.8
21 1030 28.8
21 1031 28.8
21 1032 28.8
21 1033 28.8
21 1034 28.8
21 1035 28.8
21 1036 28.8
21 1037 28.8
21 1038 28.8
21 1039 28.8
21 1040 28.8
21 1041 28.8
21 1042 28.8
21 1043 28.8
21 1044 28.8
21 1045 28.8
21 1046 28.8
21 1047 28.8
21 1048 28.8
21 1049 28.8
21 1050 28.8
21 1051 28.8
21 1052 28.8
21 1053 28.8
21 1054 28.8
21 1055 28.8
21 1056 28.8
21 1057 28.8
21 1058 28.8
21 1059 28.8
21 1060 28.8
21 1061 28.8
21 1062 28.8
22 1063 28.8
22 1064 28.8
22 1065 28.8
22 1066 28.8
22 1067 28.8
22 1068 28.8
22 1069 28.8
22 1070 28.8
22 1071 28.8
22 1072 28.8
22 1073 28.8
22 1074 28.8
22 1075 28.8
22 1076 28.8
22 1077 28.8
22 1078 28.8
22 1079 28.8
22 1080 28.8
22 1081 28.8
22 1082 28.8
22 1083 28.8
22 1084 28.8
22 1085 28.8
22 1086 28.8
22 1087 28.8
22 1088 28.8
22 1089 28.8
22 1090 28.8
22 1091 28.8
22 1092 28.8
22 1093 28.8
22 1094 28.8
22 1095 28.8
22 1096 28.8
22 1097 28.8
22 1098 28.8
22 1099 28.8
22 1100 28.8
22 1101 28.8
22 1102 28.8
22 1103 28.8
22 1104 28.8
22 1105 28.8
22 1106 28.8
22 1107 28.8
22 1108 28.8
22 1109 28.8
22 1110 28.8
22 1111 28.8
23 1112 28.8
23 1113 28.8
23 1114 28.8
23 1115 28.8
23 1116 28.8
23 1117 28.8
23 1118 28.8
23 1119 28.8
23 1120 28.8
23 1121 28.8
23 1122 28.8
23 1123 28.8
23 1124 28.8
23 1125 28.8
23 1126 28.8
23 1127 28.8
23 1128 28.8
23 1129 28.8
23 1130 28.8
23 1131 28.8
23 1132 28.8
23 1133 28.8
23 1134 28.8
23 1135 28.8
23 1136 28.8
23 1137 28.8
23 1138 28.8
23 1139 28.8
23 1140 28.8
23 1141 28.8
23 1142 28.8
23 1143 28.8
23 1144 28.8
23 1145 28.8
23 1146 28.8
23 1147 28.8
23 1148 28.8
23 1149 28.8
23 1150 28.8
23 1151 28.8
23 1152 28.8
23 1153 28.8
23 1154 28.8
23 1155 28.8
23 1156 28.8
23 1157 28.8
23 1158 28.8
23 1159 28.8
23 1160 28.8
23 1161 28.8
24 1162 28.8
24 1163 28.8
24 1164 28.8
24 1165 28.8
24 1166 28.8
24 1167 28.8
24 1168 28.8
24 1169 28.8
24 1170 28.8
24 1171 28.8
24 1172 28.8
24 1173 28.8
24 1174 28.8
24 1175 28.8
24 1176 28.8
24 1177 28.8
24 1178 28.8
24 1179 28.8
24 1180 28.8
24 1181 28.8
24 1182 28.8
24 1183 28.8
24 1184 28.8
24 1185 28.8
24 1186 28.8
24 1187 28.8
24 1188 28.8
24 1189 28.8
24 1190 28.8
24 1191 28.8
24 1192 28.8
24 1193 28.8
24 1194 28.8
24 1195 28.8
24 1196 28.8
24 1197 28.8
24 1198 28.8
24 1199 28.8
24 1200 28.8
24 1201 28.8
24 1202 28.8
24 1203 28.8
24 1204 28.8
24 1205 28.8
24 1206 28.8
24 1207 28.8
24 1208 28.8
24 1209 28.8
24 1210 28.8
24 1211 28.8
24 1212 28.8
24 1213 28.8
25 1214 28.8
25 1215 28.8
25 1216 28.8
25 1217 28.8
25 1218 28.8
25 1219 28.8
25 1220 28.8
25 1221 28.8
25 1222 28.8
25 1223 28.8
25 1224 28.8
25 1225 28.8
25 1226 28.8
25 1227 28.8
25 1228 28.8
25 1229 28.8
25 1230 28.8
25 1231 28.8
25 1232 28.8
25 1233 28.8
25 1234 28.8
25 1235 28.8
25 1236 28.8
25 1237 28.8
25 1238 28.8
25 1239 28.8
25 1240 28.8
25 1241 28.8
25 1242 28.8
25 1243 28.8
25 1244 28.8
25 1245 28.8
25 1246 28.8
25 1247 28.8
25 1248 28.8
25 1249 28.8
25 1250 28.8
25 1251 28.8
25 1252 28.8
25 1253 28.8
25 1254 28.8
25 1255 28.8
25 1256 28.8
25 1257 28.8
25 1258 28.8
25 1259 28.8
25 1260 28.8
25 1261 28.8
25 1262 28.8
25 1263 28.8
25 1264 28.8
25 1265 28.8
26 1266 28.8
26 1267 28.8
26 1268 28.8
26 1269 28.8
26 1270 28.8
26 1271 28.8
26 1272 28.8
26 1273 28.8
26 1274 28.8
26 1275 28.8
26 1276 28.8
26 1277 28.8
26 1278 28.8
26 1279 28.8
26 1280 28.8
26 1281 28.8
26 1282 28.8
26 1283 28.8
26 1284 28.8
26 1285 28.8
26 1286 28.8
26 1287 28.8
26 1288 28.8
26 1289 28.8
26 1290 28.8
26 1291 28.8
26 1292 28.8
26 1293 28.8
26 1294 28.8
26 1295 28.8
26 1296 28.8
26 1297 28.8
26 1298 28.8
26 1299 28.8
26 1300 28.8
26 1301 28.8
26 1302 28.8
26 1303 28.8
26 1304 28.8
26 1305 28.8
26 1306 28.8
26 1307 28.8
26 1308 28.8
26 1309 28.8
26 1310 28.8
26 1311 28.8
26 1312 28.8
26 1313 28.8
26 1314 28.8
26 1315 28.8
27 1316 28.8
27 1317 28.8
27 1318 28.8
27 1319 28.8
27 1320 28.8
27 1321 28.8
27 1322 28.8
27 1323 28.8
27 1324 28.8
27 1325 28.8
27 1326 28.8
27 1327 28.8
27 1328 28.8
27 1329 28.8
27 1330 28.8
27 1331 28.8
27 1332 28.8
27 1333 28.8
27 1334 28.8
27 1335 28.8
27 1336 28.8
27 1337 28.8
27 1338 28.8
27 1339 28.8
27 1340 28.8
27 1341 28.8
27 1342 28.8
27 1343 28.8
27 1344 28.8
27 1345 28.8
27 1346 28.8
27 1347 28.8
27 1348 28.8
27 1349 28.8
27 1350 28.8
27 1351 28.8
27 1352 28.8
27 1353 28.8
27 1354 28.8
27 1355 28.8
27 1356 28.8
27 1357 28.8
27 1358 28.8
27 1359 28.8
27 1360 28.8
27 1361 28.8
27 1362 28.8
27 1363 28.8
27 1364 28.8
28 1365 28.8
28 1366 28.8
28 1367 28.8
28 1368 28.8
28 1369 28.8
28 1370 28.8
28 1371 28.8
28 1372 28.8
28 1373 28.8
28 1374 28.8
28 1375 28.8
28 1376 28.8
28 1377 28.8
28 1378 28.8
28 1379 28.8
28 1380 28.8
28 1381 28.8
28 1382 28.8
28 1383 28.8
28 1384 28.8
28 1385 28.8
28 1386 28.8
28 1387 28.8
28 1388 28.8
28 1389 28.8
28 1390 28.8
28 1391 28.8
28 1392 28.8
28 1393 28.8
28 1394 28.8
28 1395 28.8
28 1396 28.8
28 1397 28.8
28 1398 28.8
28 1399 28.8
28 1400 28.8
28 1401 28.8
28 1402 28.8
28 1403 28.8
28 1404 28.8
28 1405 28.8
28 1406 28.8
28 1407 28.8
28 1408 28.8
28 1409 28.8
28 1410 28.8
28 1411 28.8
28 1412 28.8
28 1413 28.8
28 1414 28.8
28 1415 28.8
29 1416 28.8
29 1417 28.8
29 1418 28.8
29 1419 28.8
29 1420 28.8
29 1421 28.8
29 1422 28.8
29 1423 28.8
29 1424 28.8
29 1425 28.8
29 1426 28.8
29 1427 28.8
29 1428 28.8
29 1429 28.8
29 1430 28.8
29 1431 28.8
29 1432 28.8
29 1433 28.8
29 1434 28.8
29 1435 28.8
29 1436 28.8
29 1437 28.8
29 1438 28.8
29 1439 28.8
29 1440 28.8
29 1441 28.8
29 1442 28.8
29 1443 28.8
29 1444 28.8
29 1445 28.8
29 1446 28.8
29 1447 28.8
29 1448 28.8
29 1449 28.8
29 1450 28.8
29 1451 28.8
29 1452 28.8
29 1453 28.8
29 1454 28.8
29 1455 28.8
29 1456 28.8
29 1457 28.8
29 1458 28.8
29 1459 28.8
29 1460 28.8
29 1461 28.8
29 1462 28.8
29 1463 28.8
29 1464 28.8
29 1465 28.8
29 1466 28.8
30 1467 28.8
30 1468 28.8
30 1469 28.8
30 1470 28.8
30 1471 28.8
30 1472 28.8
30 1473 28.8
30 1474 28.8
30 1475 28.8
30 1476 28.8
30 1477 28.8
30 1478 28.8
30 1479 28.8
30 1480 28.8
30 1481 28.8
30 1482 28.8
30 1483 28.8
30 1484 28.8
30 1485 28.8
30 1486 28.8
30 1487 28.8
30 1488 28.8
30 1489 28.8
30 1490 28.8
30 1491 28.8
30 1492 28.8
30 1493 28.8
30 1494 28.8
30 1495 28.8
30 1496 28.8
30 1497 28.8
30 1498 28.8
30 1499 28.8
30 1500 28.8
30 1501 28.8
30 1502 28.8
30 1503 28.8
30 1504 28.8
30 1505 28.8
30 1506 28.8
30 1507 28.8
30 1508 28.8
30 1509 28.8
30 1510 28.8
30 1511 28.8
30 1512 28.8
30 1513 28.8
30 1514 28.8
30 1515 28.8
30 1516 28.8
30 1517 28.8
30 1518 28.8
31 1519 28.8
31 1520 28.8
31 1521 28.8
31 1522 28.8
31 1523 28.8
31 1524 28.8
31 1525 28.8
31 1526 28.8
31 1527 28.8
31 1528 28.8
31 1529 28.8
31 1530 28.8
31 1531 28.8
31 1532 28.8
31 1533 28.8
31 1534 28.8
31 1535 28.8
31 1536 28.8
31 1537 28.8
31 1538 28.8
31 1539 28.8
31 1540 28.8
31 1541 28.8
31 1542 28.8
31 1543 28.8
31 1544 28.8
31 1545 28.8
31 1546 28.8
31 1547 28.8
31 1548 28.8
31 1549 28.8
31 1550 28.8
31 1551 28.8
31 1552 28.8
31 1553 28.8
31 1554 28.8
31 1555 28.8
31 1556 28.8
31 1557 28.8
31 1558 28.8
31 1559 28.8
31 1560 28.8
31 1561 28.8
31 1562 28.8
31 1563 28.8
31 1564 28.8
31 1565 28.8
31 1566 28.8
31 1567 28.8
31 1568 28.8
31 1569 28.8
32 1570 28.8
32 1571 28.8
32 1572 28.8
32 1573 28.8
32 1574 28.8
32 1575 28.8
32 1576 28.8
32 1577 28.8
32 1578 28.8
32 1579 28.8
32 1580 28.8
32 1581 28.8
32 1582 28.8
32 1583 28.8
32 1584 28.8
32 1585 28.8
32 1586 28.8
32 1587 28.8
32 1588 28.8
32 1589 28.8
32 1590 28.8
32 1591 28.8
32 1592 28.8
32 1593 28.8
32 1594 28.8
32 1595 28.8
32 1596 28.8
32 1597 28.8
32 1598 28.8
32 1599 28.8
32 1600 28.8
32 1601 28.8
32 1602 28.8
32 1603 28.8
32 1604 28.8
32 1605 28.8
32 1606 28.8
32 1607 28.8
32 1608 28.8
32 1609 28.8
32 1610 28.8
32 1611 28.8
32 1612 28.8
32 1613 28.8
32 1614 28.8
32 1615 28.8
32 1616 28.8
32 1617 28.8
32 1618 28.8
32 1619 28.8
32 1620 28.8
32 1621 28.8
33 1622 28.8
33 1623 28.8
33 1624 28.8
33 1625 28.8
33 1626 28.8
33 1627 28.8
33 1628 28.8
33 1629 28.8
33 1630 28.8
33 1631 28.8
33 1632 28.8
33 1633 28.8
33 1634 28.8
33 1635 28.8
33 1636 28.8
33 1637 28.8
33 1638 28.8
33 1639 28.8
33 1640 28.8
33 1641 28.8
33 1642 28.8
33 1643 28.8
33 1644 28.8
33 1645 28.8
33 1646 28.8
33 1647 28.8
33 1648 28.8
33 1649 28.8
33 1650 28.8
33 1651 28.8
33 1652 28.8
33 1653 28.8
33 1654 28.8
33 1655 28.8
33 1656 28.8
33 1657 28.8
33 1658 28.8
33 1659 28.8
33 1660 28.8
33 1661 28.8
33 1662 28.8
33 1663 28.8
33 1664 28.8
33 1665 28.8
33 1666 28.8
33 1667 28.8
33 1668 28.8
33 1669 28.8
33 1670 28.8
33 1671 28.8
33 1672 28.8
34 1673 28.8
34 1674 28.8
34 1675 28.8
34 1676 28.8
34 1677 28.8
34 1678 28.8
34 1679 28.8
34 1680 28.8
34 1681 28.8
34 1682 28.8
34 1683 28.8
34 1684 28.8
34 1685 28.8
34 1686 28.8
34 1687 28.8
34 1688 28.8
34 1689 28.8
34 1690 28.8
34 1691 28.8
34 1692 28.8
34 1693 28.8
34 1694 28.8
34 1695 28.8
34 1696 28.8
34 1697 28.8
34 1698 28.8
34 1699 28.8
34 1700 28.8
34 1701 28.8
34 1702 28.8
34 1703 28.8
34 1704 28.8
34 1705 28.8
34 1706 28.8
34 1707 28.8
34 1708 28.8
34 1709 28.8
34 1710 28.8
34 1711 28.8
34 1712 28.8
34 1713 28.8
34 1714 28.8
34 1715 28.8
34 1716 28.8
34 1717 28.8
34 1718 28.8
34 1719 28.8
34 1720 28.8
35 1721 28.8
35 1722 28.8
35 1723 28.8
35 1724 28.8
35 1725 28.8
35 1726 28.8
35 1727 28.8
35 1728 28.8
35 1729 28.8
35 1730 28.8
35 1731 28.8
35 1732 28.8
35 1733 28.8
35 1734 28.8
35 1735 28.8
35 1736 28.8
35 1737 28.8
35 1738 28.8
35 1739 28.8
35 1740 28.8
35 1741 28.8
35 1742 28.8
35 1743 28.8
35 1744 28.8
35 1745 28.8
35 1746 28.8
35 1747 28.8
35 1748 28.8
35 1749 28.8
35 1750 28.8
35 1751 28.8
35 1752 28.8
35 1753 28.8
35 1754 28.8
35 1755 28.8
35 1756 28.8
35 1757 28.8
35 1758 28.8
35 1759 28.8
35 1760 28.8
35 1761 28.8
35 1762 28.8
35 1763 28.8
35 1764 28.8
35 1765 28.8
35 1766 28.8
35 1767 28.8
35 1768 28.8
35 1769 28.8
35 1770 28.8
35 1771 28.8
36 1772 28.8
36 1773 28.8
36 1774 28.8
36 1775 28.8
36 1776 28.8
36 1777 28.8
36 1778 28.8
36 1779 28.8
36 1780 28.8
36 1781 28.8
36 1782 28.8
36 1783 28.8
36 1784 28.8
36 1785 28.8
36 1786 28.8
36 1787 28.8
36 1788 28.8
36 1789 28.8
36 1790 28.8
36 1791 28.8
36 1792 28.8
36 1793 28.8
36 1794 28.8
36 1795 28.8
36 1796 28.8
36 1797 28.8
36 1798 28.8
36 1799 28.8
36 1800 28.8
36 1801 28.8
36 1802 28.8
36 1803 28.8
36 1804 28.8
36 1805 28.8
36 1806 28.8
36 1807 28.8
36 1808 28.8
36 1809 28.8
36 1810 28.8
36 1811 28.8
36 1812 28.8
36 1813 28.8
36 1814 28.8
36 1815 28.8
36 1816 28.8
36 1817 28.8
36 1818 28.8
36 1819 28.8
36 1820 28.8
36 1821 28.8
36 1822 28.8
36 1823 28.8
36 1824 28.8
37 1825 28.8
37 1826 28.8
37 1827 28.8
37 1828 28.8
37 1829 28.8
37 1830 28.8
37 1831 28.8
37 1832 28.8
37 1833 28.8
37 1834 28.8
37 1835 28.8
37 1836 28.8
37 1837 28.8
37 1838 28.8
37 1839 28.8
37 1840 28.8
37 1841 28.8
37 1842 28.8
37 1843 28.8
37 1844 28.8
37 1845 28.8
37 1846 28.8
37 1847 28.8
37 1848 28.8
37 1849 28.8
37 1850 28.8
37 1851 28.8
37 1852 28.8
37 1853 28.8
37 1854 28.8
37 1855 28.8
37 1856 28.8
37 1857 28.8
37 1858 28.8
37 1859 28.8
37 1860 28.8
37 1861 28.8
37 1862 28.8
37 1863 28.8
37 1864 28.8
37 1865 28.8
37 1866 28.8
37 1867 28.8
37 1868 28.8
37 1869 28.8
37 1870 28.8
37 1871 28.8
37 1872 28.8
37 1873 28.8
37 1874 28.8
38 1875 28.8
38 1876 28.8
38 1877 28.8
38 1878 28.8
38 1879 28.8
38 1880 28.8
38 1881 28.8
38 1882 28.8
38 1883 28.8
38 1884 28.8
38 1885 28.8
38 1886 28.8
38 1887 28.8
38 1888 28.8
38 1889 28.8
38 1890 28.8
38 1891 28.8
38 1892 28.8
38 1893 28.8
38 1894 28.8
38 1895 28.8
38 1896 28.8
38 1897 28.8
38 1898 28.8
38 1899 28.8
38 1900 28.8
38 1901 28.8
38 1902 28.8
38 1903 28.8
38 1904 28.8
38 1905 28.8
38 1906 28.8
38 1907 28.8
38 1908 28.8
38 1909 28.8
38 1910 28.8
38 1911 28.8
38 1912 28.8
38 1913 28.8
38 1914 28.8
38 1915 28.8
38 1916 28.8
38 1917 28.8
38 1918 28.8
38 1919 28.8
38 1920 28.8
38 1921 28.8
38 1922 28.8
38 1923 28.8
38 1924 28.8
38 1925 28.8
39 1926 28.8
39 1927 28.8
39 1928 28.8
39 1929 28.8
39 1930 28.8
39 1931 28.8
39 1932 28.8
39 1933 28.8
39 1934 28.8
39 1935 28.8
39 1936 28.8
39 1937 28.8
39 1938 28.8
39 1939 28.8
39 1940 28.8
39 1941 28.8
39 1942 28.8
39 1943 28.8
39 1944 28.8
39 1945 28.8
39 1946 28.8
39 1947 28.8
39 1948 28.8
39 1949 28.8
39 1950 28.8
39 1951 28.8
39 1952 28.8
39 1953 28.8
39 1954 28.8
39 1955 28.8
39 1956 28.8
39 1957 28.8
39 1958 28.8
39 1959 28.8
39 1960 28.8
39 1961 28.8
39 1962 28.8
39 1963 28.8
39 1964 28.8
39 1965 28.8
39 1966 28.8
39 1967 28.8
39 1968 28.8
39 1969 28.8
39 1970 28.8
39 1971 28.8
39 1972 28.8
39 1973 28.8
39 1974 28.8
39 1975 28.8
40 1976 28.8
40 1977 28.8
40 1978 28.8
40 1979 28.8
40 1980 28.8
40 1981 28.8
40 1982 28.8
40 1983 28.8
40 1984 28.8
40 1985 28.8
40 1986 28.8
40 1987 28.8
40 1988 28.8
40 1989 28.8
40 1990 28.8
40 1991 28.8
40 1992 28.8
40 1993 28.8
40 1994 28.8
40 1995 28.8
40 1996 28.8
40 1997 28.8
40 1998 28.8
40 1999 28.8
40 2000 28.8
40 2001 28.8
40 2002 28.8
40 2003 28.8
40 2004 28.8
40 2005 28.8
40 2006 28.8
40 2007 28.8
40 2008 28.8
40 2009 28.8
40 2010 28.8
40 2011 28.8
40 2012 28.8
40 2013 28.8
40 2014 28.8
40 2015 28.8
40 2016 28.8
40 2017 28.8
40 2018 28.7
40 2019 28.7
40 2020 28.7
40 2021 28.7
40 2022 28.7
40 2023 28.7
40 2024 28.7
40 2025 28.7
41 2026 28.7
41 2027 28.7
41 2028 28.7
41 2029 28.7
41 2030 28.7
41 2031 28.7
41 2032 28.7
41 2033 28.7
41 2034 28.7
41 2035 28.7
41 2036 28.7
41 2037 28.7
41 2038 28.7
41 2039 28.7
41 2040 28.7
41 2041 28.7
41 2042 28.7
41 2043 28.7
41 2044 28.7
41 2045 28.7
41 2046 28.7
41 2047 28.7
41 2048 28.7
41 2049 28.7
41 2050 28.7
41 2051 28.7
41 2052 28.7
41 2053 28.7
41 2054 28.7
41 2055 28.7
41 2056 28.7
41 2057 28.7
41 2058 28.7
41 2059 28.7
41 2060 28.7
41 2061 28.7
41 2062 28.7
41 2063 28.7
41 2064 28.7
41 2065 28.7
41 2066 28.7
41 2067 28.7
41 2068 28.7
41 2069 28.7
41 2070 28.7
41 2071 28.7
41 2072 28.7
41 2073 28.7
41 2074 28.7
41 2075 28.7
41 2076 28.7
42 2077 28.7
42 2078 28.7
42 2079 28.7
42 2080 28.7
42 2081 28.7
42 2082 28.7
42 2083 28.7
42 2084 28.7
42 2085 28.7
42 2086 28.7
42 2087 28.7
42 2088 28.7
42 2089 28.7
42 2090 28.7
42 2091 28.7
42 2092 28.7
42 2093 28.7
42 2094 28.7
42 2095 28.7
42 2096 28.7
42 2097 28.7
42 2098 28.7
42 2099 28.7
42 2100 28.7
42 2101 28.7
42 2102 28.7
42 2103 28.7
42 2104 28.6
42 2105 28.6
42 2106 28.6
42 2107 28.6
42 2108 28.6
42 2109 28.4
42 2110 28.4
42 2111 28.4
42 2112 28.4
42 2113 28.4
42 2114 28.4
42 2115 28.4
42 2116 28.4
42 2117 28.4
42 2118 28.4
42 2119 28.4
42 2120 28.4
42 2121 28.4
42 2122 28.4
42 2123 28.4
42 2124 28.4
42 2125 28.4
43 2126 28.4
43 2127 28.4
43 2128 28.4
43 2129 28.4
43 2130 28.4
43 2131 28.4
43 2132 28.4
43 2133 28.4
43 2134 28.4
43 2135 28.4
43 2136 28.4
43 2137 28.4
43 2138 28.4
43 2139 28.4
43 2140 28.4
43 2141 28.4
43 2142 28.4
43 2143 28.4
43 2144 28.4
43 2145 28.4
43 2146 28.4
43 2147 28.4
43 2148 28.4
43 2149 28.4
43 2150 28.4
43 2151 28.4
43 2152 28.4
43 2153 28.4
43 2154 28.4
43 2155 28.4
43 2156 28.4
43 2157 28.4
43 2158 28.4
43 2159 28.4
43 2160 28.4
43 2161 28.4
43 2162 28.4
43 2163 28.4
43 2164 28.4
43 2165 28.4
43 2166 28.4
43 2167 28.4
43 2168 28.4
43 2169 28.4
43 2170 28.4
43 2171 28.4
43 2172 28.4
43 2173 28.4
43 2174 28.4
43 2175 28.4
44 2176 28.4
44 2177 28.4
44 2178 28.4
44 2179 28.4
44 2180 28.4
44 2181 28.4
44 2182 28.4
44 2183 28.4
44 2184 28.4
44 2185 28.4
44 2186 28.4
44 2187 28.4
44 2188 28.4
44 2189 28.4
44 2190 28.4
44 2191 28.4
44 2192 28.4
44 2193 28.4
44 2194 28.4
44 2195 28.4
44 2196 28.4
44 2197 28.4
44 2198 28.4
44 2199 28.4
44 2200 28.4
44 2201 28.4
44 2202 28.4
44 2203 28.4
44 2204 28.4
44 2205 28.4
44 2206 28.4
44 2207 28.4
44 2208 28.4
44 2209 28.4
44 2210 28.4
44 2211 28.4
44 2212 28.4
44 2213 28.4
44 2214 28.4
44 2215 28.4
44 2216 28.4
44 2217 28.4
44 2218 28.4
44 2219 28.4
44 2220 28.4
44 2221 28.4
44 2222 28.4
44 2223 28.4
44 2224 28.0
44 2225 28.0
44 2226 28.0
45 2227 28.0
45 2228 28.0
45 2229 28.0
45 2230 28.0
45 2231 28.0
45 2232 28.0
45 2233 28.0
45 2234 28.0
45 2235 28.0
45 2236 28.0
45 2237 28.0
45 2238 28.0
45 2239 28.0
45 2240 28.0
45 2241 28.0
45 2242 28.0
45 2243 28.0
45 2244 28.0
45 2245 28.0
45 2246 28.0
45 2247 28.0
45 2248 28.0
45 2249 28.0
45 2250 28.0
45 2251 28.0
45 2252 28.0
45 2253 28.0
45 2254 28.0
45 2255 28.0
45 2256 28.0
45 2257 28.0
45 2258 28.0
45 2259 28.0
45 2260 28.0
45 2261 28.0
45 2262 28.0
45 2263 28.0
45 2264 28.0
45 2265 28.0
45 2266 28.0
45 2267 28.0
45 2268 28.0
45 2269 28.0
45 2270 28.0
45 2271 28.0
45 2272 28.0
45 2273 28.0
45 2274 28.0
45 2275 28.0
45 2276 28.0
45 2277 28.0
46 2278 28.0
46 2279 28.0
46 2280 28.0
46 2281 28.0
46 2282 28.0
46 2283 28.0
46 2284 28.0
46 2285 28.0
46 2286 28.0
46 2287 28.0
46 2288 28.0
46 2289 28.0
46 2290 28.0
46 2291 28.0
46 2292 28.0
46 2293 28.0
46 2294 28.0
46 2295 28.0
46 2296 28.0
46 2297 28.0
46 2298 28.0
46 2299 28.0
46 2300 28.0
46 2301 28.0
46 2302 28.0
46 2303 28.0
46 2304 28.0
46 2305 27.6
46 2306 27.6
46 2307 27.6
46 2308 27.6
46 2309 27.6
46 2310 27.6
46 2311 27.6
46 2312 27.6
46 2313 27.6
46 2314 27.6
46 2315 27.6
46 2316 27.6
46 2317 27.6
46 2318 27.6
46 2319 27.6
46 2320 27.2
46 2321 27.2
46 2322 27.2
46 2323 27.2
46 2324 27.2
46 2325 27.2
46 2326 27.2
46 2327 27.2
46 2328 27.2
46 2329 27.2
47 2330 27.2
47 2331 27.2
47 2332 27.2
47 2333 27.2
47 2334 27.2
47 2335 27.2
47 2336 27.2
47 2337 27.2
47 2338 27.2
47 2339 27.2
47 2340 27.2
47 2341 27.2
47 2342 27.2
47 2343 27.2
47 2344 27.2
47 2345 27.2
47 2346 27.2
47 2347 27.2
47 2348 27.2
47 2349 27.2
47 2350 27.2
47 2351 27.2
47 2352 27.2
47 2353 27.2
47 2354 27.2
47 2355 27.2
47 2356 27.2
47 2357 27.2
47 2358 27.2
47 2359 27.2
47 2360 27.2
47 2361 27.2
47 2362 27.2
47 2363 27.2
47 2364 27.2
47 2365 27.2
47 2366 27.2
47 2367 27.2
47 2368 27.2
47 2369 27.2
47 2370 27.2
47 2371 27.2
47 2372 27.2
47 2373 27.2
47 2374 27.2
47 2375 27.2
47 2376 27.2
47 2377 27.2
47 2378 27.2
47 2379 27.2
47 2380 27.2
47 2381 27.2
48 2382 27.2
48 2383 27.2
48 2384 27.2
48 2385 27.2
48 2386 27.2
48 2387 27.2
48 2388 27.2
48 2389 27.2
48 2390 27.2
48 2391 27.2
48 2392 27.2
48 2393 27.2
48 2394 27.2
48 2395 27.2
48 2396 27.2
48 2397 27.2
48 2398 27.2
48 2399 27.2
48 2400 27.2
48 2401 27.2
48 2402 27.2
48 2403 27.2
48 2404 27.2
48 2405 27.2
48 2406 27.2
48 2407 27.2
48 2408 27.2
48 2409 27.2
48 2410 27.2
48 2411 27.2
48 2412 27.2
48 2413 27.2
48 2414 27.2
48 2415 27.2
48 2416 27.2
48 2417 27.2
48 2418 27.2
48 2419 27.2
48 2420 27.2
48 2421 27.2
48 2422 27.2
48 2423 27.2
48 2424 27.2
48 2425 27.2
48 2426 27.2
48 2427 27.2
48 2428 27.2
48 2429 27.2
48 2430 27.2
48 2431 27.2
48 2432 27.2
49 2433 27.2
49 2434 27.2
49 2435 27.2
49 2436 27.2
49 2437 27.2
49 2438 27.2
49 2439 27.2
49 2440 27.2
49 2441 27.2
49 2442 27.2
49 2443 27.2
49 2444 27.2
49 2445 27.2
49 2446 27.2
49 2447 27.2
49 2448 27.2
49 2449 27.2
49 2450 27.2
49 2451 27.2
49 2452 27.2
49 2453 27.2
49 2454 27.2
49 2455 27.2
49 2456 27.2
49 2457 27.2
49 2458 27.2
49 2459 27.2
49 2460 27.2
49 2461 27.2
49 2462 27.2
49 2463 27.2
49 2464 27.2
49 2465 27.2
49 2466 27.2
49 2467 27.2
49 2468 27.2
49 2469 27.2
49 2470 27.2
49 2471 27.2
49 2472 27.2
49 2473 27.2
49 2474 27.2
49 2475 27.2
49 2476 27.2
49 2477 27.2
49 2478 27.2
49 2479 27.2
49 2480 27.2
49 2481 27.2
49 2482 27.2
50 2483 27.2
50 2484 27.2
50 2485 27.2
50 2486 27.2
50 2487 27.2
50 2488 27.2
50 2489 27.2
50 2490 27.2
50 2491 27.2
50 2492 27.2
50 2493 27.2
50 2494 27.2
50 2495 27.2
50 2496 27.2
50 2497 27.2
50 2498 27.2
50 2499 27.2
50 2500 27.2
50 2501 27.2
50 2502 27.2
50 2503 27.2
50 2504 27.2
50 2505 27.2
50 2506 27.2
50 2507 27.2
50 2508 27.2
50 2509 27.2
50 2510 27.2
50 2511 27.2
50 2512 27.2
50 2513 27.2
50 2514 27.2
50 2515 27.2
50 2516 27.2
50 2517 27.2
50 2518 27.2
50 2519 27.0
50 2520 27.0
50 2521 27.0
50 2522 27.0
50 2523 27.0
50 2524 27.0
50 2525 27.0
50 2526 27.0
50 2527 27.0
50 2528 27.0
50 2529 27.0
50 2530 27.0
50 2531 27.0
50 2532 27.0
50 2533 27.0
50 2534 27.0
51 2535 27.0
51 2536 27.0
51 2537 27.0
51 2538 27.0
51 2539 26.9
51 2540 26.9
51 2541 26.9
51 2542 26.5
51 2543 26.5
51 2544 26.5
51 2545 26.5
51 2546 26.5
51 2547 26.5
51 2548 26.5
51 2549 26.5
51 2550 26.5
51 2551 26.5
51 2552 26.5
51 2553 26.5
51 2554 26.5
51 2555 26.5
51 2556 26.5
51 2557 26.5
51 2558 26.5
51 2559 26.5
51 2560 26.5
51 2561 26.5
51 2562 26.5
51 2563 26.5
51 2564 26.5
51 2565 26.5
51 2566 26.5
51 2567 26.5
51 2568 26.5
51 2569 26.5
51 2570 26.5
51 2571 26.5
51 2572 26.5
51 2573 26.5
51 2574 26.5
51 2575 26.5
51 2576 26.5
51 2577 26.5
51 2578 26.5
51 2579 26.5
51 2580 26.4
51 2581 26.4
51 2582 26.4
51 2583 26.4
51 2584 26.4
51 2585 26.4
51 2586 26.4
52 2587 26.4
52 2588 26.4
52 2589 26.4
52 2590 26.4
52 2591 26.4
52 2592 26.4
52 2593 26.4
52 2594 26.4
52 2595 26.4
52 2596 26.1
52 2597 26.1
52 2598 26.1
52 2599 26.1
52 2600 26.1
52 2601 26.1
52 2602 26.1
52 2603 26.1
52 2604 26.1
52 2605 26.1
52 2606 26.1
52 2607 26.1
52 2608 26.1
52 2609 26.1
52 2610 26.1
52 2611 26.1
52 2612 26.0
52 2613 26.0
52 2614 26.0
52 2615 26.0
52 2616 26.0
52 2617 26.0
52 2618 26.0
52 2619 26.0
52 2620 26.0
52 2621 26.0
52 2622 26.0
52 2623 26.0
52 2624 26.0
52 2625 26.0
52 2626 26.0
52 2627 26.0
52 2628 26.0
52 2629 26.0
52 2630 26.0
52 2631 26.0
52 2632 26.0
52 2633 26.0
52 2634 26.0
52 2635 26.0
52 2636 26.0
52 2637 26.0
52 2638 26.0
53 2639 26.0
53 2640 26.0
53 2641 26.0
53 2642 26.0
53 2643 26.0
53 2644 26.0
53 2645 26.0
53 2646 26.0
53 2647 26.0
53 2648 26.0
53 2649 26.0
53 2650 26.0
53 2651 26.0
53 2652 26.0
53 2653 26.0
53 2654 26.0
53 2655 26.0
53 2656 26.0
53 2657 26.0
53 2658 26.0
53 2659 26.0
53 2660 26.0
53 2661 26.0
53 2662 26.0
53 2663 26.0
53 2664 26.0
53 2665 26.0
53 2666 26.0
53 2667 26.0
53 2668 26.0
53 2669 26.0
53 2670 26.0
53 2671 26.0
53 2672 26.0
53 2673 26.0
53 2674 26.0
53 2675 26.0
53 2676 26.0
53 2677 26.0
53 2678 26.0
53 2679 26.0
53 2680 26.0
53 2681 26.0
53 2682 26.0
53 2683 26.0
53 2684 26.0
53 2685 26.0
53 2686 26.0
53 2687 26.0
53 2688 26.0
53 2689 26.0
53 2690 26.0
53 2691 26.0
54 2692 26.0
54 2693 26.0
54 2694 26.0
54 2695 26.0
54 2696 26.0
54 2697 26.0
54 2698 26.0
54 2699 26.0
54 2700 26.0
54 2701 26.0
54 2702 26.0
54 2703 26.0
54 2704 26.0
54 2705 26.0
54 2706 26.0
54 2707 26.0
54 2708 26.0
54 2709 26.0
54 2710 26.0
54 2711 26.0
54 2712 26.0
54 2713 26.0
54 2714 26.0
54 2715 26.0
54 2716 26.0
54 2717 26.0
54 2718 26.0
54 2719 26.0
54 2720 26.0
54 2721 26.0
54 2722 26.0
54 2723 26.0
54 2724 26.0
54 2725 26.0
54 2726 26.0
54 2727 26.0
54 2728 26.0
54 2729 26.0
54 2730 26.0
54 2731 26.0
54 2732 26.0
54 2733 26.0
54 2734 26.0
54 2735 26.0
54 2736 26.0
54 2737 26.0
54 2738 26.0
54 2739 26.0
54 2740 26.0
54 2741 26.0
55 2742 26.0
55 2743 26.0
55 2744 26.0
55 2745 26.0
55 2746 26.0
55 2747 26.0
55 2748 26.0
55 2749 26.0
55 2750 26.0
55 2751 26.0
55 2752 26.0
55 2753 26.0
55 2754 26.0
55 2755 26.0
55 2756 26.0
55 2757 26.0
55 2758 26.0
55 2759 26.0
55 2760 26.0
55 2761 26.0
55 2762 26.0
55 2763 26.0
55 2764 26.0
55 2765 26.0
55 2766 26.0
55 2767 26.0
55 2768 26.0
55 2769 26.0
55 2770 26.0
55 2771 26.0
55 2772 26.0
55 2773 26.0
55 2774 26.0
55 2775 26.0
55 2776 26.0
55 2777 26.0
55 2778 26.0
55 2779 26.0
55 2780 26.0
55 2781 26.0
55 2782 26.0
55 2783 26.0
55 2784 26.0
55 2785 26.0
55 2786 26.0
55 2787 26.0
55 2788 26.0
55 2789 26.0
55 2790 26.0
55 2791 26.0
55 2792 26.0
55 2793 26.0
55 2794 26.0
55 2795 26.0
56 2796 26.0
56 2797 26.0
56 2798 26.0
56 2799 26.0
56 2800 26.0
56 2801 26.0
56 2802 26.0
56 2803 26.0
56 2804 26.0
56 2805 26.0
56 2806 26.0
56 2807 26.0
56 2808 26.0
56 2809 26.0
56 2810 26.0
56 2811 26.0
56 2812 26.0
56 2813 26.0
56 2814 26.0
56 2815 25.7
56 2816 25.7
56 2817 25.7
56 2818 25.7
56 2819 25.7
56 2820 25.7
56 2821 25.7
56 2822 25.7
56 2823 25.7
56 2824 25.7
56 2825 25.7
56 2826 25.7
56 2827 25.7
56 2828 25.7
56 2829 25.7
56 2830 25.7
56 2831 25.7
56 2832 25.7
56 2833 25.7
56 2834 25.7
56 2835 25.7
56 2836 25.6
56 2837 25.6
56 2838 25.6
56 2839 25.6
56 2840 25.6
56 2841 25.6
56 2842 25.6
56 2843 25.6
56 2844 25.6
56 2845 25.6
56 2846 25.6
56 2847 25.6
57 2848 25.6
57 2849 25.6
57 2850 25.6
57 2851 25.6
57 2852 25.6
57 2853 25.6
57 2854 25.6
57 2855 25.6
57 2856 25.6
57 2857 25.6
57 2858 25.6
57 2859 25.6
57 2860 25.6
57 2861 25.6
57 2862 25.6
57 2863 25.6
57 2864 25.6
57 2865 25.6
57 2866 25.6
57 2867 25.6
57 2868 25.6
57 2869 25.6
57 2870 25.6
57 2871 25.6
57 2872 25.6
57 2873 25.6
57 2874 25.6
57 2875 25.6
57 2876 25.6
57 2877 25.6
57 2878 25.6
57 2879 25.6
57 2880 25.6
57 2881 25.6
57 2882 25.6
57 2883 25.6
57 2884 25.6
57 2885 25.6
57 2886 25.6
57 2887 25.6
57 2888 25.6
57 2889 25.6
57 2890 25.6
57 2891 25.6
57 2892 25.6
57 2893 25.6
57 2894 25.6
57 2895 25.6
57 2896 25.6
57 2897 25.6
57 2898 25.6
57 2899 25.6
57 2900 25.6
58 2901 25.6
58 2902 25.6
58 2903 25.6
58 2904 25.6
58 2905 25.6
58 2906 25.6
58 2907 25.6
58 2908 25.6
58 2909 25.6
58 2910 25.6
58 2911 25.6
58 2912 25.6
58 2913 25.6
58 2914 25.6
58 2915 25.6
58 2916 25.6
58 2917 25.6
58 2918 25.6
58 2919 25.6
58 2920 25.6
58 2921 25.6
58 2922 25.6
58 2923 25.6
58 2924 25.6
58 2925 25.6
58 2926 25.6
58 2927 25.6
58 2928 25.6
58 2929 25.6
58 2930 25.6
58 2931 25.6
58 2932 25.6
58 2933 25.6
58 2934 25.6
58 2935 25.6
58 2936 25.6
58 2937 25.6
58 2938 25.6
58 2939 25.6
58 2940 25.6
58 2941 25.6
58 2942 25.6
58 2943 25.6
58 2944 25.6
58 2945 25.6
58 2946 25.6
58 2947 25.6
58 2948 25.6
58 2949 25.6
58 2950 25.6
58 2951 25.6
58 2952 25.6
59 2953 25.6
59 2954 25.6
59 2955 25.6
59 2956 25.6
59 2957 25.6
59 2958 25.6
59 2959 25.6
59 2960 25.6
59 2961 25.6
59 2962 25.6
59 2963 25.6
59 2964 25.6
59 2965 25.6
59 2966 25.6
59 2967 25.6
59 2968 25.6
59 2969 25.6
59 2970 25.6
59 2971 25.6
59 2972 25.6
59 2973 25.6
59 2974 25.6
59 2975 25.6
59 2976 25.6
59 2977 25.6
59 2978 25.6
59 2979 25.6
59 2980 25.6
59 2981 25.6
59 2982 25.6
59 2983 25.6
59 2984 25.6
59 2985 25.6
59 2986 25.6
59 2987 25.6
59 2988 25.6
59 2989 25.6
59 2990 25.6
59 2991 25.6
59 2992 25.6
59 2993 25.6
59 2994 25.6
59 2995 25.6
59 2996 25.6
59 2997 25.6
59 2998 25.6
59 2999 25.6
59 3000 25.6
59 3001 25.6
59 3002 25.6
59 3003 25.6
60 3004 25.6
60 3005 25.6
60 3006 25.6
60 3007 25.6
60 3008 25.6
60 3009 25.6
60 3010 25.6
60 3011 25.6
60 3012 25.6
60 3013 25.6
60 3014 25.6
60 3015 25.6
60 3016 25.6
60 3017 25.6
60 3018 25.6
60 3019 25.6
60 3020 25.6
60 3021 25.6
60 3022 25.6
60 3023 25.6
60 3024 25.6
60 3025 25.6
60 3026 25.6
60 3027 25.6
60 3028 25.6
60 3029 25.6
60 3030 25.6
60 3031 25.6
60 3032 25.6
60 3033 25.6
60 3034 25.6
60 3035 25.6
60 3036 25.6
60 3037 25.6
60 3038 25.6
60 3039 25.6
60 3040 25.6
60 3041 25.6
60 3042 25.6
60 3043 25.6
60 3044 25.6
60 3045 25.6
60 3046 25.6
60 3047 25.6
60 3048 25.6
60 3049 25.6
60 3050 25.6
60 3051 25.6
60 3052 25.6
60 3053 25.6
60 3054 25.6
60 3055 25.6
61 3056 25.6
61 3057 25.6
61 3058 25.6
61 3059 25.6
61 3060 25.6
61 3061 25.6
61 3062 25.6
61 3063 25.6
61 3064 25.6
61 3065 25.6
61 3066 25.6
61 3067 25.6
61 3068 25.6
61 3069 25.6
61 3070 25.6
61 3071 25.6
61 3072 25.6
61 3073 25.6
61 3074 25.6
61 3075 25.6
61 3076 25.6
61 3077 25.6
61 3078 25.6
61 3079 25.6
61 3080 25.6
61 3081 25.6
61 3082 25.6
61 3083 25.6
61 3084 25.6
61 3085 25.6
61 3086 25.6
61 3087 25.6
61 3088 25.6
61 3089 25.6
61 3090 25.6
61 3091 25.6
61 3092 25.6
61 3093 25.6
61 3094 25.6
61 3095 25.6
61 3096 25.6
61 3097 25.6
61 3098 25.6
61 3099 25.6
61 3100 25.6
61 3101 25.6
61 3102 25.6
61 3103 25.6
61 3104 25.6
61 3105 25.6
62 3106 25.6
62 3107 25.6
62 3108 25.6
62 3109 25.6
62 3110 25.6
62 3111 25.6
62 3112 25.6
62 3113 25.6
62 3114 25.6
62 3115 25.6
62 3116 25.6
62 3117 25.6
62 3118 25.6
62 3119 25.6
62 3120 25.6
62 3121 25.6
62 3122 25.6
62 3123 25.6
62 3124 25.6
62 3125 25.6
62 3126 25.6
62 3127 25.6
62 3128 25.6
62 3129 25.6
62 3130 25.6
62 3131 25.6
62 3132 25.6
62 3133 25.6
62 3134 25.6
62 3135 25.6
62 3136 25.6
62 3137 25.6
62 3138 25.6
62 3139 25.6
62 3140 25.6
62 3141 25.6
62 3142 25.6
62 3143 25.6
62 3144 25.6
62 3145 25.6
62 3146 25.6
62 3147 25.6
62 3148 25.6
62 3149 25.6
62 3150 25.6
62 3151 25.6
62 3152 25.6
62 3153 25.6
62 3154 25.6
62 3155 25.6
62 3156 25.6
62 3157 25.6
62 3158 25.6
63 3159 25.6
63 3160 25.6
63 3161 25.6
63 3162 25.6
63 3163 25.6
63 3164 25.1
63 3165 25.1
63 3166 25.0
63 3167 25.0
63 3168 25.0
63 3169 25.0
63 3170 25.0
63 3171 25.0
63 3172 25.0
63 3173 25.0
63 3174 25.0
63 3175 25.0
63 3176 25.0
63 3177 25.0
63 3178 25.0
63 3179 25.0
63 3180 25.0
63 3181 25.0
63 3182 25.0
63 3183 25.0
63 3184 25.0
63 3185 25.0
63 3186 25.0
63 3187 25.0
63 3188 25.0
63 3189 25.0
63 3190 25.0
63 3191 25.0
63 3192 25.0
63 3193 25.0
63 3194 25.0
63 3195 25.0
63 3196 25.0
63 3197 25.0
63 3198 25.0
63 3199 25.0
63 3200 25.0
63 3201 25.0
63 3202 25.0
63 3203 25.0
63 3204 25.0
63 3205 25.0
63 3206 25.0
63 3207 25.0
63 3208 25.0
63 3209 25.0
64 3210 25.0
64 3211 25.0
64 3212 25.0
64 3213 25.0
64 3214 25.0
64 3215 25.0
64 3216 25.0
64 3217 25.0
64 3218 25.0
64 3219 25.0
64 3220 25.0
64 3221 25.0
64 3222 25.0
64 3223 25.0
64 3224 25.0
64 3225 25.0
64 3226 25.0
64 3227 25.0
64 3228 25.0
64 3229 25.0
64 3230 25.0
64 3231 25.0
64 3232 25.0
64 3233 25.0
64 3234 25.0
64 3235 25.0
64 3236 25.0
64 3237 25.0
64 3238 25.0
64 3239 25.0
64 3240 25.0
64 3241 25.0
64 3242 25.0
64 3243 25.0
64 3244 25.0
64 3245 25.0
64 3246 25.0
64 3247 25.0
64 3248 25.0
64 3249 25.0
64 3250 25.0
64 3251 25.0
64 3252 25.0
64 3253 25.0
64 3254 25.0
64 3255 25.0
64 3256 25.0
64 3257 25.0
64 3258 25.0
65 3259 25.0
65 3260 25.0
65 3261 25.0
65 3262 25.0
65 3263 25.0
65 3264 25.0
65 3265 25.0
65 3266 25.0
65 3267 25.0
65 3268 25.0
65 3269 25.0
65 3270 25.0
65 3271 25.0
65 3272 25.0
65 3273 25.0
65 3274 25.0
65 3275 25.0
65 3276 25.0
65 3277 25.0
65 3278 25.0
65 3279 25.0
65 3280 25.0
65 3281 25.0
65 3282 25.0
65 3283 25.0
65 3284 25.0
65 3285 25.0
65 3286 25.0
65 3287 25.0
65 3288 25.0
65 3289 25.0
65 3290 25.0
65 3291 25.0
65 3292 25.0
65 3293 25.0
65 3294 25.0
65 3295 25.0
65 3296 25.0
65 3297 25.0
65 3298 25.0
65 3299 25.0
65 3300 25.0
65 3301 25.0
65 3302 25.0
65 3303 25.0
65 3304 25.0
65 3305 25.0
65 3306 25.0
65 3307 25.0
65 3308 25.0
65 3309 25.0
66 3310 25.0
66 3311 25.0
66 3312 25.0
66 3313 25.0
66 3314 25.0
66 3315 25.0
66 3316 25.0
66 3317 25.0
66 3318 25.0
66 3319 25.0
66 3320 25.0
66 3321 25.0
66 3322 25.0
66 3323 25.0
66 3324 25.0
66 3325 25.0
66 3326 25.0
66 3327 25.0
66 3328 25.0
66 3329 25.0
66 3330 25.0
66 3331 25.0
66 3332 25.0
66 3333 25.0
66 3334 25.0
66 3335 25.0
66 3336 25.0
66 3337 25.0
66 3338 25.0
66 3339 25.0
66 3340 25.0
66 3341 25.0
66 3342 25.0
66 3343 25.0
66 3344 25.0
66 3345 25.0
66 3346 25.0
66 3347 25.0
66 3348 25.0
66 3349 25.0
66 3350 25.0
66 3351 25.0
66 3352 25.0
66 3353 25.0
66 3354 25.0
66 3355 25.0
66 3356 25.0
66 3357 25.0
66 3358 25.0
67 3359 25.0
67 3360 25.0
67 3361 25.0
67 3362 25.0
67 3363 25.0
67 3364 25.0
67 3365 25.0
67 3366 25.0
67 3367 25.0
67 3368 25.0
67 3369 25.0
67 3370 25.0
67 3371 25.0
67 3372 25.0
67 3373 25.0
67 3374 25.0
67 3375 25.0
67 3376 25.0
67 3377 25.0
67 3378 25.0
67 3379 25.0
67 3380 25.0
67 3381 25.0
67 3382 25.0
67 3383 25.0
67 3384 25.0
67 3385 25.0
67 3386 25.0
67 3387 25.0
67 3388 25.0
67 3389 25.0
67 3390 25.0
67 3391 25.0
67 3392 25.0
67 3393 25.0
67 3394 25.0
67 3395 25.0
67 3396 25.0
67 3397 25.0
67 3398 25.0
67 3399 25.0
67 3400 25.0
67 3401 25.0
67 3402 25.0
67 3403 25.0
67 3404 25.0
67 3405 25.0
67 3406 25.0
67 3407 25.0
68 3408 25.0
68 3409 25.0
68 3410 25.0
68 3411 25.0
68 3412 25.0
68 3413 25.0
68 3414 25.0
68 3415 25.0
68 3416 25.0
68 3417 25.0
68 3418 25.0
68 3419 25.0
68 3420 25.0
68 3421 25.0
68 3422 25.0
68 3423 25.0
68 3424 25.0
68 3425 25.0
68 3426 25.0
68 3427 25.0
68 3428 25.0
68 3429 25.0
68 3430 25.0
68 3431 25.0
68 3432 25.0
68 3433 25.0
68 3434 25.0
68 3435 25.0
68 3436 25.0
68 3437 25.0
68 3438 25.0
68 3439 25.0
68 3440 25.0
68 3441 25.0
68 3442 25.0
68 3443 25.0
68 3444 25.0
68 3445 25.0
68 3446 25.0
68 3447 25.0
68 3448 25.0
68 3449 25.0
68 3450 25.0
68 3451 25.0
68 3452 25.0
68 3453 25.0
68 3454 25.0
68 3455 25.0
68 3456 25.0
68 3457 25.0
68 3458 25.0
68 3459 25.0
69 3460 24.3
69 3461 24.3
69 3462 24.3
69 3463 24.3
69 3464 24.3
69 3465 24.3
69 3466 24.3
69 3467 24.0
69 3468 24.0
69 3469 24.0
69 3470 24.0
69 3471 24.0
69 3472 24.0
69 3473 24.0
69 3474 24.0
69 3475 24.0
69 3476 24.0
69 3477 24.0
69 3478 24.0
69 3479 24.0
69 3480 24.0
69 3481 24.0
69 3482 24.0
69 3483 24.0
69 3484 24.0
69 3485 24.0
69 3486 24.0
69 3487 24.0
69 3488 24.0
69 3489 24.0
69 3490 24.0
69 3491 24.0
69 3492 24.0
69 3493 24.0
69 3494 24.0
69 3495 24.0
69 3496 24.0
69 3497 24.0
69 3498 24.0
69 3499 24.0
69 3500 24.0
69 3501 24.0
69 3502 24.0
69 3503 24.0
69 3504 24.0
69 3505 24.0
69 3506 24.0
69 3507 24.0
69 3508 24.0
69 3509 24.0
69 3510 24.0
69 3511 24.0
70 3512 24.0
70 3513 24.0
70 3514 24.0
70 3515 24.0
70 3516 24.0
70 3517 24.0
70 3518 24.0
70 3519 24.0
70 3520 24.0
70 3521 24.0
70 3522 24.0
70 3523 24.0
70 3524 24.0
70 3525 24.0
70 3526 24.0
70 3527 24.0
70 3528 24.0
70 3529 24.0
70 3530 24.0
70 3531 24.0
70 3532 24.0
70 3533 24.0
70 3534 24.0
70 3535 24.0
70 3536 24.0
70 3537 24.0
70 3538 24.0
70 3539 24.0
70 3540 24.0
70 3541 24.0
70 3542 24.0
70 3543 24.0
70 3544 24.0
70 3545 24.0
70 3546 24.0
70 3547 24.0
70 3548 24.0
70 3549 24.0
70 3550 24.0
70 3551 24.0
70 3552 24.0
70 3553 24.0
70 3554 24.0
70 3555 24.0
70 3556 24.0
70 3557 24.0
70 3558 24.0
70 3559 24.0
70 3560 24.0
70 3561 24.0
70 3562 24.0
70 3563 24.0
71 3564 24.0
71 3565 24.0
71 3566 24.0
71 3567 24.0
71 3568 24.0
71 3569 24.0
71 3570 24.0
71 3571 24.0
71 3572 24.0
71 3573 24.0
71 3574 24.0
71 3575 24.0
71 3576 24.0
71 3577 24.0
71 3578 24.0
71 3579 24.0
71 3580 24.0
71 3581 24.0
71 3582 24.0
71 3583 24.0
71 3584 24.0
71 3585 24.0
71 3586 24.0
71 3587 24.0
71 3588 24.0
71 3589 23.1
71 3590 23.1
71 3591 23.1
71 3592 21.7
71 3593 21.7
71 3594 21.7
71 3595 21.4
71 3596 21.4
71 3597 21.4
71 3598 21.4
71 3599 21.4
71 3600 21.4
71 3601 21.4
71 3602 21.4
71 3603 21.4
71 3604 21.4
71 3605 21.4
71 3606 21.4
71 3607 21.4
71 3608 21.4
71 3609 21.4
71 3610 21.4
71 3611 21.2
71 3612 21.2
71 3613 21.2
71 3614 21.2
72 3615 21.2
72 3616 21.2
72 3617 21.2
72 3618 21.2
72 3619 21.2
72 3620 21.2
72 3621 21.2
72 3622 21.2
72 3623 21.2
72 3624 21.2
72 3625 21.2
72 3626 21.2
72 3627 21.2
72 3628 21.2
72 3629 21.2
72 3630 21.2
72 3631 20.4
72 3632 20.4
72 3633 20.4
72 3634 20.4
72 3635 20.4
72 3636 20.4
72 3637 20.4
72 3638 20.1
72 3639 20.1
72 3640 20.1
72 3641 20.1
72 3642 20.1
72 3643 20.1
72 3644 20.1
72 3645 20.0
72 3646 20.0
72 3647 20.0
72 3648 20.0
72 3649 20.0
72 3650 20.0
72 3651 20.0
72 3652 20.0
72 3653 20.0
72 3654 20.0
72 3655 20.0
72 3656 20.0
72 3657 20.0
72 3658 20.0
72 3659 20.0
72 3660 20.0
72 3661 20.0
72 3662 20.0
72 3663 20.0
72 3664 20.0
72 3665 20.0
73 3666 20.0
73 3667 20.0
73 3668 20.0
73 3669 20.0
73 3670 20.0
73 3671 20.0
73 3672 20.0
73 3673 20.0
73 3674 20.0
73 3675 20.0
73 3676 20.0
73 3677 20.0
73 3678 20.0
73 3679 20.0
73 3680 20.0
73 3681 20.0
73 3682 20.0
73 3683 20.0
73 3684 20.0
73 3685 20.0
73 3686 20.0
73 3687 20.0
73 3688 20.0
73 3689 20.0
73 3690 20.0
73 3691 20.0
73 3692 20.0
73 3693 20.0
73 3694 20.0
73 3695 20.0
73 3696 20.0
73 3697 20.0
73 3698 20.0
73 3699 20.0
73 3700 20.0
73 3701 20.0
73 3702 20.0
73 3703 20.0
73 3704 20.0
73 3705 20.0
73 3706 20.0
73 3707 20.0
73 3708 20.0
73 3709 20.0
73 3710 20.0
73 3711 20.0
73 3712 20.0
73 3713 20.0
73 3714 20.0
73 3715 20.0
73 3716 20.0
74 3717 20.0
74 3718 20.0
74 3719 20.0
74 3720 20.0
74 3721 20.0
74 3722 20.0
74 3723 20.0
74 3724 20.0
74 3725 20.0
74 3726 20.0
74 3727 20.0
74 3728 20.0
74 3729 20.0
74 3730 20.0
74 3731 20.0
74 3732 20.0
74 3733 20.0
74 3734 20.0
74 3735 20.0
74 3736 20.0
74 3737 20.0
74 3738 20.0
74 3739 20.0
74 3740 20.0
74 3741 20.0
74 3742 20.0
74 3743 20.0
74 3744 20.0
74 3745 20.0
74 3746 20.0
74 3747 20.0
74 3748 20.0
74 3749 20.0
74 3750 20.0
74 3751 20.0
74 3752 20.0
74 3753 20.0
74 3754 20.0
74 3755 20.0
74 3756 20.0
74 3757 20.0
74 3758 20.0
74 3759 20.0
74 3760 20.0
74 3761 20.0
74 3762 20.0
74 3763 20.0
74 3764 20.0
74 3765 20.0
74 3766 20.0
74 3767 20.0
75 3768 20.0
75 3769 20.0
75 3770 20.0
75 3771 20.0
75 3772 20.0
75 3773 20.0
75 3774 20.0
75 3775 20.0
75 3776 20.0
75 3777 20.0
75 3778 20.0
75 3779 20.0
75 3780 20.0
75 3781 20.0
75 3782 20.0
75 3783 20.0
75 3784 20.0
75 3785 20.0
75 3786 20.0
75 3787 20.0
75 3788 20.0
75 3789 20.0
75 3790 20.0
75 3791 20.0
75 3792 20.0
75 3793 20.0
75 3794 20.0
75 3795 20.0
75 3796 20.0
75 3797 20.0
75 3798 20.0
75 3799 20.0
75 3800 20.0
75 3801 20.0
75 3802 20.0
75 3803 20.0
75 3804 20.0
75 3805 20.0
75 3806 20.0
75 3807 20.0
75 3808 20.0
75 3809 20.0
75 3810 20.0
75 3811 20.0
75 3812 20.0
75 3813 20.0
75 3814 20.0
75 3815 20.0
75 3816 20.0
75 3817 20.0
75 3818 20.0
76 3819 20.0
76 3820 20.0
76 3821 20.0
76 3822 20.0
76 3823 20.0
76 3824 20.0
76 3825 20.0
76 3826 20.0
76 3827 20.0
76 3828 20.0
76 3829 20.0
76 3830 20.0
76 3831 20.0
76 3832 20.0
76 3833 20.0
76 3834 20.0
76 3835 20.0
76 3836 20.0
76 3837 20.0
76 3838 20.0
76 3839 20.0
76 3840 20.0
76 3841 20.0
76 3842 20.0
76 3843 20.0
76 3844 20.0
76 3845 20.0
76 3846 20.0
76 3847 20.0
76 3848 20.0
76 3849 20.0
76 3850 20.0
76 3851 20.0
76 3852 20.0
76 3853 20.0
76 3854 20.0
76 3855 20.0
76 3856 20.0
76 3857 20.0
76 3858 20.0
76 3859 20.0
76 3860 20.0
76 3861 20.0
76 3862 20.0
76 3863 20.0
76 3864 20.0
76 3865 20.0
76 3866 20.0
76 3867 20.0
76 3868 20.0
76 3869 20.0
77 3870 20.0
77 3871 20.0
77 3872 20.0
77 3873 20.0
77 3874 20.0
77 3875 20.0
77 3876 20.0
77 3877 20.0
77 3878 20.0
77 3879 20.0
77 3880 20.0
77 3881 20.0
77 3882 20.0
77 3883 20.0
77 3884 20.0
77 3885 20.0
77 3886 20.0
77 3887 20.0
77 3888 20.0
77 3889 20.0
77 3890 20.0
77 3891 20.0
77 3892 20.0
77 3893 20.0
77 3894 20.0
77 3895 20.0
77 3896 20.0
77 3897 20.0
77 3898 20.0
77 3899 20.0
77 3900 20.0
77 3901 20.0
77 3902 20.0
77 3903 20.0
77 3904 20.0
77 3905 20.0
77 3906 20.0
77 3907 20.0
77 3908 20.0
77 3909 20.0
77 3910 20.0
77 3911 20.0
77 3912 20.0
77 3913 20.0
77 3914 20.0
77 3915 20.0
77 3916 20.0
77 3917 20.0
77 3918 20.0
77 3919 20.0
77 3920 20.0
77 3921 20.0
78 3922 20.0
78 3923 20.0
78 3924 20.0
78 3925 20.0
78 3926 20.0
78 3927 20.0
78 3928 20.0
78 3929 20.0
78 3930 20.0
78 3931 20.0
78 3932 20.0
78 3933 20.0
78 3934 20.0
78 3935 20.0
78 3936 20.0
78 3937 20.0
78 3938 20.0
78 3939 20.0
78 3940 20.0
78 3941 20.0
78 3942 20.0
78 3943 20.0
78 3944 20.0
78 3945 20.0
78 3946 20.0
78 3947 20.0
78 3948 20.0
78 3949 20.0
78 3950 20.0
78 3951 20.0
78 3952 20.0
78 3953 20.0
78 3954 20.0
78 3955 20.0
78 3956 20.0
78 3957 20.0
78 3958 20.0
78 3959 20.0
78 3960 20.0
78 3961 20.0
78 3962 20.0
78 3963 20.0
78 3964 20.0
78 3965 20.0
78 3966 20.0
78 3967 20.0
78 3968 20.0
78 3969 20.0
78 3970 20.0
78 3971 20.0
78 3972 20.0
78 3973 20.0
78 3974 20.0
79 3975 20.0
79 3976 20.0
79 3977 20.0
79 3978 20.0
79 3979 20.0
79 3980 20.0
79 3981 20.0
79 3982 20.0
79 3983 20.0
79 3984 20.0
79 3985 20.0
79 3986 20.0
79 3987 20.0
79 3988 20.0
79 3989 20.0
79 3990 20.0
79 3991 20.0
79 3992 20.0
79 3993 20.0
79 3994 20.0
79 3995 20.0
79 3996 20.0
79 3997 20.0
79 3998 20.0
79 3999 20.0
79 4000 20.0
79 4001 20.0
79 4002 20.0
79 4003 20.0
79 4004 20.0
79 4005 20.0
79 4006 20.0
79 4007 20.0
79 4008 20.0
79 4009 20.0
79 4010 20.0
79 4011 20.0
79 4012 20.0
79 4013 20.0
79 4014 20.0
79 4015 20.0
79 4016 20.0
79 4017 20.0
79 4018 20.0
79 4019 20.0
79 4020 20.0
79 4021 20.0
79 4022 20.0
79 4023 20.0
79 4024 20.0
79 4025 20.0
79 4026 20.0
79 4027 20.0
80 4028 20.0
80 4029 20.0
80 4030 20.0
80 4031 20.0
80 4032 20.0
80 4033 20.0
80 4034 20.0
80 4035 20.0
80 4036 20.0
80 4037 20.0
80 4038 20.0
80 4039 20.0
80 4040 20.0
80 4041 20.0
80 4042 20.0
80 4043 20.0
80 4044 20.0
80 4045 20.0
80 4046 20.0
80 4047 20.0
80 4048 20.0
80 4049 20.0
80 4050 20.0
80 4051 20.0
80 4052 20.0
80 4053 20.0
80 4054 20.0
80 4055 20.0
80 4056 20.0
80 4057 20.0
80 4058 20.0
80 4059 20.0
80 4060 20.0
80 4061 20.0
80 4062 20.0
80 4063 20.0
80 4064 20.0
80 4065 20.0
80 4066 20.0
80 4067 20.0
80 4068 20.0
80 4069 20.0
80 4070 20.0
80 4071 20.0
80 4072 20.0
80 4073 20.0
80 4074 20.0
80 4075 20.0
80 4076 20.0
80 4077 20.0
80 4078 20.0
80 4079 20.0
80 4080 20.0
80 4081 20.0
80 4082 20.0
81 4083 20.0
81 4084 20.0
81 4085 20.0
81 4086 20.0
81 4087 20.0
81 4088 20.0
81 4089 20.0
81 4090 20.0
81 4091 20.0
81 4092 20.0
81 4093 20.0
81 4094 20.0
81 4095 20.0
81 4096 20.0
81 4097 20.0
81 4098 20.0
81 4099 20.0
81 4100 20.0
81 4101 20.0
81 4102 20.0
81 4103 20.0
81 4104 20.0
81 4105 20.0
81 4106 20.0
81 4107 20.0
81 4108 20.0
81 4109 20.0
81 4110 20.0
81 4111 20.0
81 4112 20.0
81 4113 20.0
81 4114 20.0
81 4115 20.0
81 4116 20.0
81 4117 20.0
81 4118 20.0
81 4119 20.0
81 4120 20.0
81 4121 20.0
81 4122 20.0
81 4123 20.0
81 4124 20.0
81 4125 20.0
81 4126 20.0
81 4127 20.0
81 4128 20.0
81 4129 20.0
81 4130 20.0
81 4131 20.0
81 4132 20.0
81 4133 20.0
82 4134 20.0
82 4135 20.0
82 4136 20.0
82 4137 20.0
82 4138 20.0
82 4139 20.0
82 4140 20.0
82 4141 20.0
82 4142 20.0
82 4143 20.0
82 4144 20.0
82 4145 20.0
82 4146 20.0
82 4147 20.0
82 4148 20.0
82 4149 20.0
82 4150 20.0
82 4151 20.0
82 4152 20.0
82 4153 20.0
82 4154 20.0
82 4155 20.0
82 4156 20.0
82 4157 20.0
82 4158 20.0
82 4159 20.0
82 4160 20.0
82 4161 20.0
82 4162 20.0
82 4163 20.0
82 4164 20.0
82 4165 20.0
82 4166 20.0
82 4167 20.0
82 4168 20.0
82 4169 20.0
82 4170 20.0
82 4171 20.0
82 4172 20.0
82 4173 20.0
82 4174 20.0
82 4175 20.0
82 4176 20.0
82 4177 20.0
82 4178 20.0
82 4179 20.0
82 4180 20.0
82 4181 20.0
82 4182 20.0
82 4183 20.0
82 4184 20.0
82 4185 20.0
82 4186 20.0
82 4187 20.0
83 4188 20.0
83 4189 20.0
83 4190 20.0
83 4191 20.0
83 4192 20.0
83 4193 20.0
83 4194 20.0
83 4195 20.0
83 4196 20.0
83 4197 20.0
83 4198 20.0
83 4199 20.0
83 4200 20.0
83 4201 20.0
83 4202 20.0
83 4203 20.0
83 4204 20.0
83 4205 20.0
83 4206 20.0
83 4207 20.0
83 4208 20.0
83 4209 20.0
83 4210 20.0
83 4211 20.0
83 4212 20.0
83 4213 20.0
83 4214 20.0
83 4215 20.0
83 4216 20.0
83 4217 20.0
83 4218 20.0
83 4219 20.0
83 4220 20.0
83 4221 20.0
83 4222 20.0
83 4223 20.0
83 4224 20.0
83 4225 20.0
83 4226 20.0
83 4227 20.0
83 4228 20.0
83 4229 20.0
83 4230 20.0
83 4231 20.0
83 4232 20.0
83 4233 20.0
83 4234 20.0
83 4235 20.0
83 4236 20.0
83 4237 20.0
83 4238 20.0
83 4239 20.0
84 4240 20.0
84 4241 20.0
84 4242 20.0
84 4243 20.0
84 4244 20.0
84 4245 20.0
84 4246 20.0
84 4247 20.0
84 4248 20.0
84 4249 20.0
84 4250 20.0
84 4251 20.0
84 4252 20.0
84 4253 20.0
84 4254 20.0
84 4255 20.0
84 4256 20.0
84 4257 20.0
84 4258 20.0
84 4259 20.0
84 4260 20.0
84 4261 20.0
84 4262 20.0
84 4263 20.0
84 4264 20.0
84 4265 20.0
84 4266 20.0
84 4267 20.0
84 4268 20.0
84 4269 20.0
84 4270 20.0
84 4271 20.0
84 4272 20.0
84 4273 20.0
84 4274 20.0
84 4275 20.0
84 4276 20.0
84 4277 20.0
84 4278 20.0
84 4279 20.0
84 4280 20.0
84 4281 20.0
84 4282 20.0
84 4283 20.0
84 4284 20.0
84 4285 20.0
84 4286 20.0
84 4287 20.0
84 4288 20.0
84 4289 20.0
84 4290 20.0
84 4291 20.0
84 4292 20.0
85 4293 20.0
85 4294 19.9
85 4295 19.9
85 4296 19.9
85 4297 19.9
85 4298 19.9
85 4299 19.9
85 4300 19.9
85 4301 19.9
85 4302 19.9
85 4303 19.9
85 4304 19.8
85 4305 19.8
85 4306 19.8
85 4307 19.8
85 4308 19.8
85 4309 19.8
85 4310 19.8
85 4311 19.8
85 4312 19.8
85 4313 19.8
85 4314 19.8
85 4315 19.8
85 4316 19.8
85 4317 19.8
85 4318 19.8
85 4319 19.8
85 4320 19.8
85 4321 19.7
85 4322 19.7
85 4323 19.7
85 4324 19.7
85 4325 19.4
85 4326 19.4
85 4327 19.4
85 4328 19.4
85 4329 19.4
85 4330 19.4
85 4331 19.4
85 4332 19.4
85 4333 19.2
85 4334 19.2
85 4335 19.2
85 4336 19.2
85 4337 19.2
85 4338 19.2
85 4339 19.2
85 4340 19.2
85 4341 19.2
85 4342 19.2
85 4343 19.2
85 4344 19.2
85 4345 19.2
86 4346 19.2
86 4347 19.2
86 4348 19.2
86 4349 19.2
86 4350 19.2
86 4351 19.2
86 4352 19.2
86 4353 19.2
86 4354 19.2
86 4355 19.2
86 4356 19.2
86 4357 19.2
86 4358 19.2
86 4359 19.2
86 4360 19.2
86 4361 19.2
86 4362 19.2
86 4363 19.2
86 4364 19.2
86 4365 19.2
86 4366 19.2
86 4367 19.2
86 4368 19.2
86 4369 19.2
86 4370 19.2
86 4371 19.2
86 4372 19.2
86 4373 19.2
86 4374 19.2
86 4375 19.2
86 4376 19.2
86 4377 19.2
86 4378 19.2
86 4379 19.2
86 4380 19.2
86 4381 19.2
86 4382 19.2
86 4383 19.2
86 4384 19.2
86 4385 19.2
86 4386 19.2
86 4387 19.2
86 4388 19.2
86 4389 19.2
86 4390 19.2
86 4391 19.2
86 4392 19.2
86 4393 19.2
86 4394 19.2
86 4395 19.2
86 4396 19.2
87 4397 19.2
87 4398 19.2
87 4399 19.2
87 4400 19.2
87 4401 19.2
87 4402 19.2
87 4403 19.2
87 4404 19.2
87 4405 19.2
87 4406 19.2
87 4407 19.2
87 4408 19.2
87 4409 19.2
87 4410 19.2
87 4411 19.2
87 4412 19.2
87 4413 19.2
87 4414 19.2
87 4415 19.2
87 4416 19.2
87 4417 19.2
87 4418 19.2
87 4419 19.2
87 4420 19.2
87 4421 19.2
87 4422 19.2
87 4423 19.2
87 4424 19.2
87 4425 19.2
87 4426 19.2
87 4427 19.2
87 4428 19.2
87 4429 19.2
87 4430 19.2
87 4431 19.2
87 4432 19.2
87 4433 19.2
87 4434 19.2
87 4435 19.2
87 4436 19.2
87 4437 19.2
87 4438 19.2
87 4439 19.2
87 4440 19.2
87 4441 19.2
87 4442 19.2
87 4443 19.2
87 4444 19.2
87 4445 19.2
87 4446 19.2
87 4447 19.2
87 4448 19.2
87 4449 19.2
87 4450 19.2
87 4451 19.2
88 4452 19.2
88 4453 19.2
88 4454 19.2
88 4455 19.2
88 4456 19.2
88 4457 19.2
88 4458 19.2
88 4459 19.2
88 4460 19.2
88 4461 19.2
88 4462 19.2
88 4463 19.2
88 4464 19.2
88 4465 19.2
88 4466 19.2
88 4467 19.2
88 4468 19.2
88 4469 19.2
88 4470 19.2
88 4471 19.2
88 4472 19.2
88 4473 19.2
88 4474 19.2
88 4475 19.2
88 4476 19.2
88 4477 19.2
88 4478 19.2
88 4479 19.2
88 4480 19.2
88 4481 19.2
88 4482 19.2
88 4483 19.2
88 4484 19.2
88 4485 19.2
88 4486 19.2
88 4487 19.2
88 4488 19.2
88 4489 19.2
88 4490 19.2
88 4491 19.2
88 4492 19.2
88 4493 19.2
88 4494 19.2
88 4495 19.2
88 4496 19.2
88 4497 19.2
88 4498 19.2
88 4499 19.2
88 4500 19.2
88 4501 19.2
88 4502 19.2
89 4503 19.2
89 4504 19.2
89 4505 19.2
89 4506 19.2
89 4507 19.2
89 4508 19.2
89 4509 19.2
89 4510 19.2
89 4511 19.2
89 4512 19.2
89 4513 19.2
89 4514 19.2
89 4515 19.2
89 4516 19.2
89 4517 19.2
89 4518 19.2
89 4519 19.2
89 4520 19.2
89 4521 19.2
89 4522 19.2
89 4523 18.8
89 4524 18.8
89 4525 18.8
89 4526 18.8
89 4527 18.8
89 4528 18.8
89 4529 18.8
89 4530 18.8
89 4531 18.8
89 4532 18.8
89 4533 18.8
89 4534 18.8
89 4535 18.8
89 4536 18.8
89 4537 18.8
89 4538 18.8
89 4539 18.8
89 4540 18.8
89 4541 18.8
89 4542 18.8
89 4543 18.8
89 4544 18.8
89 4545 18.8
89 4546 18.8
89 4547 18.8
89 4548 18.8
89 4549 18.8
89 4550 18.8
89 4551 18.8
89 4552 18.8
90 4553 18.8
90 4554 18.8
90 4555 18.8
90 4556 18.8
90 4557 18.8
90 4558 18.8
90 4559 18.6
90 4560 18.6
90 4561 18.6
90 4562 18.6
90 4563 18.6
90 4564 18.6
90 4565 18.6
90 4566 18.6
90 4567 18.6
90 4568 18.6
90 4569 18.6
90 4570 18.6
90 4571 18.6
90 4572 18.6
90 4573 18.6
90 4574 18.6
90 4575 18.6
90 4576 18.6
90 4577 18.6
90 4578 18.6
90 4579 18.6
90 4580 18.6
90 4581 18.6
90 4582 18.6
90 4583 18.6
90 4584 18.6
90 4585 18.6
90 4586 18.6
90 4587 18.6
90 4588 18.6
90 4589 18.6
90 4590 18.6
90 4591 18.6
90 4592 18.6
90 4593 18.6
90 4594 18.6
90 4595 18.6
90 4596 18.6
90 4597 18.6
90 4598 18.6
90 4599 18.6
90 4600 18.6
90 4601 18.6
90 4602 18.6
90 4603 18.6
91 4604 18.4
91 4605 18.4
91 4606 18.4
91 4607 18.4
91 4608 18.4
91 4609 18.4
91 4610 18.4
91 4611 18.4
91 4612 18.4
91 4613 18.4
91 4614 18.4
91 4615 18.4
91 4616 18.4
91 4617 18.4
91 4618 18.4
91 4619 18.4
91 4620 18.4
91 4621 18.4
91 4622 18.4
91 4623 18.4
91 4624 18.4
91 4625 18.4
91 4626 18.4
91 4627 18.4
91 4628 18.4
91 4629 18.4
91 4630 18.4
91 4631 18.4
91 4632 18.4
91 4633 18.4
91 4634 18.4
91 4635 18.4
91 4636 18.4
91 4637 18.4
91 4638 18.4
91 4639 18.4
91 4640 18.4
91 4641 18.4
91 4642 18.4
91 4643 18.4
91 4644 18.4
91 4645 18.4
91 4646 18.4
91 4647 18.4
91 4648 18.4
91 4649 18.4
91 4650 18.4
91 4651 18.4
91 4652 18.4
91 4653 18.4
91 4654 18.4
91 4655 18.4
91 4656 18.4
92 4657 18.4
92 4658 18.4
92 4659 18.4
92 4660 18.4
92 4661 18.4
92 4662 18.4
92 4663 18.4
92 4664 18.4
92 4665 18.4
92 4666 18.4
92 4667 18.4
92 4668 18.4
92 4669 18.4
92 4670 18.4
92 4671 18.4
92 4672 18.4
92 4673 18.4
92 4674 18.4
92 4675 18.4
92 4676 18.4
92 4677 18.4
92 4678 18.4
92 4679 18.4
92 4680 18.4
92 4681 18.4
92 4682 18.4
92 4683 18.4
92 4684 18.0
92 4685 18.0
92 4686 18.0
92 4687 18.0
92 4688 18.0
92 4689 18.0
92 4690 18.0
92 4691 18.0
92 4692 18.0
92 4693 18.0
92 4694 18.0
92 4695 18.0
92 4696 18.0
92 4697 18.0
92 4698 18.0
92 4699 18.0
92 4700 18.0
92 4701 18.0
92 4702 18.0
92 4703 18.0
92 4704 18.0
92 4705 18.0
92 4706 18.0
92 4707 18.0
92 4708 18.0
93 4709 18.0
93 4710 18.0
93 4711 17.8
93 4712 17.8
93 4713 17.8
93 4714 17.8
93 4715 17.8
93 4716 17.8
93 4717 17.8
93 4718 17.8
93 4719 17.8
93 4720 17.8
93 4721 17.8
93 4722 17.8
93 4723 17.6
93 4724 17.6
93 4725 17.6
93 4726 17.6
93 4727 17.6
93 4728 17.6
93 4729 17.6
93 4730 17.6
93 4731 17.6
93 4732 17.6
93 4733 17.6
93 4734 17.0
93 4735 17.0
93 4736 17.0
93 4737 17.0
93 4738 17.0
93 4739 17.0
93 4740 17.0
93 4741 17.0
93 4742 17.0
93 4743 17.0
93 4744 17.0
93 4745 17.0
93 4746 17.0
93 4747 17.0
93 4748 17.0
93 4749 17.0
93 4750 17.0
93 4751 17.0
93 4752 17.0
93 4753 17.0
93 4754 17.0
93 4755 17.0
93 4756 17.0
93 4757 17.0
93 4758 17.0
93 4759 17.0
93 4760 17.0
93 4761 17.0
93 4762 17.0
93 4763 17.0
93 4764 17.0
94 4765 17.0
94 4766 17.0
94 4767 17.0
94 4768 17.0
94 4769 17.0
94 4770 17.0
94 4771 17.0
94 4772 17.0
94 4773 17.0
94 4774 17.0
94 4775 17.0
94 4776 17.0
94 4777 17.0
94 4778 17.0
94 4779 17.0
94 4780 17.0
94 4781 17.0
94 4782 17.0
94 4783 17.0
94 4784 17.0
94 4785 17.0
94 4786 17.0
94 4787 17.0
94 4788 17.0
94 4789 17.0
94 4790 17.0
94 4791 17.0
94 4792 17.0
94 4793 17.0
94 4794 17.0
94 4795 17.0
94 4796 17.0
94 4797 17.0
94 4798 17.0
94 4799 17.0
94 4800 17.0
94 4801 17.0
94 4802 17.0
94 4803 17.0
94 4804 17.0
94 4805 17.0
94 4806 17.0
94 4807 17.0
94 4808 17.0
94 4809 17.0
94 4810 17.0
94 4811 17.0
94 4812 17.0
94 4813 17.0
94 4814 17.0
94 4815 17.0
94 4816 17.0
94 4817 17.0
95 4818 17.0
95 4819 17.0
95 4820 17.0
95 4821 17.0
95 4822 17.0
95 4823 17.0
95 4824 17.0
95 4825 17.0
95 4826 17.0
95 4827 17.0
95 4828 17.0
95 4829 17.0
95 4830 17.0
95 4831 17.0
95 4832 17.0
95 4833 17.0
95 4834 17.0
95 4835 17.0
95 4836 17.0
95 4837 17.0
95 4838 17.0
95 4839 16.8
95 4840 16.8
95 4841 16.8
95 4842 16.8
95 4843 16.8
95 4844 16.8
95 4845 16.8
95 4846 16.8
95 4847 16.8
95 4848 16.8
95 4849 16.8
95 4850 16.8
95 4851 16.8
95 4852 16.8
95 4853 16.8
95 4854 16.8
95 4855 16.8
95 4856 16.8
95 4857 16.8
95 4858 16.8
95 4859 16.8
95 4860 16.8
95 4861 16.8
95 4862 16.8
95 4863 16.8
95 4864 16.8
95 4865 16.8
95 4866 16.8
95 4867 16.8
95 4868 16.8
95 4869 16.8
96 4870 16.8
96 4871 16.8
96 4872 16.8
96 4873 16.8
96 4874 16.8
96 4875 16.8
96 4876 16.8
96 4877 16.8
96 4878 16.8
96 4879 16.8
96 4880 16.8
96 4881 16.8
96 4882 16.8
96 4883 16.8
96 4884 16.8
96 4885 16.8
96 4886 16.8
96 4887 16.8
96 4888 16.8
96 4889 16.8
96 4890 16.8
96 4891 16.8
96 4892 16.8
96 4893 16.8
96 4894 16.8
96 4895 16.8
96 4896 16.8
96 4897 16.8
96 4898 16.8
96 4899 16.8
96 4900 16.8
96 4901 16.8
96 4902 16.8
96 4903 16.8
96 4904 16.8
96 4905 16.8
96 4906 16.8
96 4907 16.8
96 4908 16.8
96 4909 16.8
96 4910 16.8
96 4911 16.8
96 4912 16.8
96 4913 16.8
96 4914 16.8
96 4915 16.8
96 4916 16.8
96 4917 16.8
96 4918 16.8
96 4919 16.8
96 4920 16.8
96 4921 16.8
96 4922 16.8
96 4923 16.8
97 4924 16.8
97 4925 16.8
97 4926 16.8
97 4927 16.8
97 4928 16.8
97 4929 16.8
97 4930 16.8
97 4931 16.8
97 4932 16.8
97 4933 16.8
97 4934 16.8
97 4935 16.8
97 4936 16.8
97 4937 16.8
97 4938 16.8
97 4939 16.8
97 4940 16.8
97 4941 16.8
97 4942 16.8
97 4943 16.8
97 4944 16.8
97 4945 16.8
97 4946 16.8
97 4947 16.8
97 4948 16.8
97 4949 16.8
97 4950 16.8
97 4951 16.8
97 4952 16.8
97 4953 16.8
97 4954 16.8
97 4955 16.8
97 4956 16.8
97 4957 16.8
97 4958 16.8
97 4959 16.8
97 4960 16.8
97 4961 16.8
97 4962 16.8
97 4963 16.8
97 4964 16.8
97 4965 16.8
97 4966 16.8
97 4967 16.8
97 4968 16.8
97 4969 16.8
97 4970 16.8
97 4971 16.8
97 4972 16.8
97 4973 16.8
97 4974 16.8
97 4975 16.8
98 4976 16.8
98 4977 16.8
98 4978 16.8
98 4979 16.8
98 4980 16.8
98 4981 16.8
98 4982 16.8
98 4983 16.8
98 4984 16.8
98 4985 16.8
98 4986 16.8
98 4987 16.8
98 4988 16.8
98 4989 16.8
98 4990 16.8
98 4991 16.8
98 4992 16.8
98 4993 16.8
98 4994 16.8
98 4995 16.8
98 4996 16.8
98 4997 16.8
98 4998 16.8
98 4999 16.8
98 5000 16.8
98 5001 16.8
98 5002 16.8
98 5003 16.8
98 5004 16.8
98 5005 16.8
98 5006 16.8
98 5007 16.8
98 5008 16.8
98 5009 16.8
98 5010 16.8
98 5011 16.8
98 5012 16.8
98 5013 16.8
98 5014 16.8
98 5015 16.8
98 5016 16.8
98 5017 16.8
98 5018 16.8
98 5019 16.8
98 5020 16.8
98 5021 16.8
98 5022 16.8
98 5023 16.8
98 5024 16.8
98 5025 16.8
98 5026 16.8
99 5027 16.8
99 5028 16.8
99 5029 16.8
99 5030 16.8
99 5031 16.8
99 5032 16.8
99 5033 16.8
99 5034 16.8
99 5035 16.8
99 5036 16.8
99 5037 16.8
99 5038 16.8
99 5039 16.8
99 5040 16.8
99 5041 16.8
99 5042 16.8
99 5043 16.8
99 5044 16.8
99 5045 16.8
99 5046 16.8
99 5047 16.8
99 5048 16.8
99 5049 16.8
99 5050 16.8
99 5051 16.8
99 5052 16.8
99 5053 16.8
99 5054 16.8
99 5055 16.8
99 5056 16.8
99 5057 16.8
99 5058 16.8
99 5059 16.8
99 5060 16.8
99 5061 16.8
99 5062 16.8
99 5063 16.8
99 5064 16.8
99 5065 16.8
99 5066 16.8
99 5067 16.8
99 5068 16.8
99 5069 16.8
99 5070 16.8
99 5071 16.8
99 5072 16.8
99 5073 16.8
99 5074 16.8
99 5075 16.8
99 5076 16.8
99 5077 16.8
99 5078 16.8
99 5079 16.8
100 5080 16.8
100 5081 16.8
100 5082 16.8
100 5083 16.8
100 5084 16.8
100 5085 16.8
100 5086 16.8
100 5087 16.8
100 5088 16.8
100 5089 16.8
100 5090 16.8
100 5091 16.8
100 5092 16.8
100 5093 16.8
100 5094 16.8
100 5095 16.8
100 5096 16.8
100 5097 16.8
100 5098 16.8
100 5099 16.8
100 5100 16.8
100 5101 16.8
100 5102 16.8
100 5103 16.8
100 5104 16.8
100 5105 16.8
100 5106 16.8
100 5107 16.8
100 5108 16.8
100 5109 16.8
100 5110 16.8
100 5111 16.8
100 5112 16.8
100 5113 16.8
100 5114 16.8
100 5115 16.8
100 5116 16.8
100 5117 16.8
100 5118 16.8
100 5119 16.8
100 5120 16.8
100 5121 16.8
100 5122 16.8
100 5123 16.8
100 5124 16.6
100 5125 16.6
100 5126 16.6
100 5127 16.6
100 5128 16.6
100 5129 16.6
100 5130 16.6
101 5131 16.6
101 5132 16.6
101 5133 16.6
101 5134 16.6
101 5135 16.6
101 5136 16.6
101 5137 16.6
101 5138 16.6
101 5139 16.6
101 5140 16.6
101 5141 16.6
101 5142 16.6
101 5143 16.6
101 5144 16.5
101 5145 16.5
101 5146 16.5
101 5147 16.5
101 5148 16.5
101 5149 16.5
101 5150 16.5
101 5151 16.2
101 5152 16.2
101 5153 16.2
101 5154 16.2
101 5155 16.2
101 5156 16.2
101 5157 16.2
101 5158 16.2
101 5159 16.2
101 5160 16.2
101 5161 16.2
101 5162 16.2
101 5163 16.2
101 5164 16.2
101 5165 16.2
101 5166 16.2
101 5167 16.2
101 5168 16.2
101 5169 16.2
101 5170 16.2
101 5171 16.2
101 5172 16.2
101 5173 16.2
101 5174 16.2
101 5175 16.2
101 5176 16.2
101 5177 16.2
101 5178 16.2
101 5179 16.2
101 5180 16.2
101 5181 16.2
102 5182 16.2
102 5183 16.2
102 5184 16.2
102 5185 16.2
102 5186 16.2
102 5187 16.2
102 5188 16.2
102 5189 16.2
102 5190 16.2
102 5191 16.2
102 5192 16.2
102 5193 16.2
102 5194 16.2
102 5195 16.2
102 5196 16.2
102 5197 16.2
102 5198 16.2
102 5199 16.2
102 5200 16.2
102 5201 16.2
102 5202 16.2
102 5203 16.2
102 5204 16.2
102 5205 16.2
102 5206 16.2
102 5207 16.2
102 5208 16.2
102 5209 16.2
102 5210 16.2
102 5211 16.2
102 5212 16.2
102 5213 16.2
102 5214 16.2
102 5215 16.2
102 5216 16.2
102 5217 16.2
102 5218 16.2
102 5219 16.2
102 5220 16.2
102 5221 16.2
102 5222 16.2
102 5223 16.2
102 5224 16.2
102 5225 16.2
102 5226 16.2
102 5227 16.2
102 5228 16.2
102 5229 16.2
102 5230 16.2
102 5231 16.2
102 5232 16.2
102 5233 16.2
103 5234 16.2
103 5235 16.2
103 5236 16.2
103 5237 16.2
103 5238 16.2
103 5239 16.2
103 5240 16.2
103 5241 16.2
103 5242 16.2
103 5243 16.2
103 5244 16.2
103 5245 16.2
103 5246 16.2
103 5247 16.2
103 5248 16.2
103 5249 16.2
103 5250 16.2
103 5251 16.2
103 5252 16.2
103 5253 16.2
103 5254 16.2
103 5255 16.2
103 5256 16.2
103 5257 16.2
103 5258 16.2
103 5259 16.2
103 5260 16.2
103 5261 16.2
103 5262 16.2
103 5263 16.2
103 5264 16.2
103 5265 16.2
103 5266 16.2
103 5267 16.2
103 5268 16.2
103 5269 16.2
103 5270 16.2
103 5271 16.2
103 5272 16.2
103 5273 16.2
103 5274 16.2
103 5275 16.2
103 5276 16.2
103 5277 16.2
103 5278 16.2
103 5279 16.2
103 5280 16.2
103 5281 16.2
103 5282 16.2
103 5283 16.2
103 5284 16.2
104 5285 16.2
104 5286 16.2
104 5287 16.2
104 5288 16.2
104 5289 16.2
104 5290 16.2
104 5291 16.2
104 5292 16.2
104 5293 16.2
104 5294 16.2
104 5295 16.2
104 5296 16.2
104 5297 16.2
104 5298 16.2
104 5299 16.2
104 5300 16.2
104 5301 16.2
104 5302 16.2
104 5303 16.2
104 5304 16.2
104 5305 16.2
104 5306 16.2
104 5307 16.2
104 5308 16.2
104 5309 16.2
104 5310 16.2
104 5311 16.2
104 5312 16.2
104 5313 16.2
104 5314 16.2
104 5315 16.2
104 5316 16.2
104 5317 16.2
104 5318 16.2
104 5319 16.2
104 5320 16.2
104 5321 16.2
104 5322 16.2
104 5323 16.2
104 5324 16.2
104 5325 16.2
104 5326 16.2
104 5327 16.2
104 5328 16.2
104 5329 16.1
104 5330 16.1
104 5331 16.1
104 5332 16.1
104 5333 16.1
104 5334 16.1
104 5335 16.1
105 5336 16.1
105 5337 16.1
105 5338 16.1
105 5339 16.1
105 5340 16.1
105 5341 16.1
105 5342 16.1
105 5343 16.1
105 5344 16.1
105 5345 16.1
105 5346 16.1
105 5347 16.1
105 5348 16.1
105 5349 16.1
105 5350 16.1
105 5351 16.1
105 5352 16.1
105 5353 16.1
105 5354 16.1
105 5355 16.1
105 5356 16.1
105 5357 16.1
105 5358 16.1
105 5359 16.1
105 5360 16.1
105 5361 16.1
105 5362 16.1
105 5363 16.1
105 5364 16.1
105 5365 16.1
105 5366 16.1
105 5367 16.1
105 5368 16.1
105 5369 16.1
105 5370 16.1
105 5371 16.1
105 5372 16.1
105 5373 16.1
105 5374 16.1
105 5375 16.1
105 5376 16.0
105 5377 16.0
105 5378 16.0
105 5379 16.0
105 5380 16.0
105 5381 16.0
105 5382 16.0
105 5383 16.0
105 5384 16.0
105 5385 16.0
105 5386 16.0
106 5387 16.0
106 5388 16.0
106 5389 16.0
106 5390 16.0
106 5391 16.0
106 5392 16.0
106 5393 16.0
106 5394 16.0
106 5395 16.0
106 5396 16.0
106 5397 16.0
106 5398 16.0
106 5399 16.0
106 5400 16.0
106 5401 16.0
106 5402 16.0
106 5403 16.0
106 5404 16.0
106 5405 16.0
106 5406 16.0
106 5407 16.0
106 5408 16.0
106 5409 16.0
106 5410 16.0
106 5411 16.0
106 5412 16.0
106 5413 16.0
106 5414 16.0
106 5415 16.0
106 5416 16.0
106 5417 16.0
106 5418 16.0
106 5419 16.0
106 5420 16.0
106 5421 16.0
106 5422 16.0
106 5423 16.0
106 5424 16.0
106 5425 16.0
106 5426 16.0
106 5427 16.0
106 5428 16.0
106 5429 16.0
106 5430 16.0
106 5431 16.0
106 5432 16.0
106 5433 16.0
106 5434 16.0
106 5435 16.0
106 5436 16.0
106 5437 16.0
106 5438 16.0
107 5439 16.0
107 5440 16.0
107 5441 16.0
107 5442 16.0
107 5443 16.0
107 5444 16.0
107 5445 16.0
107 5446 16.0
107 5447 15.4
107 5448 15.4
107 5449 15.4
107 5450 15.4
107 5451 15.4
107 5452 15.4
107 5453 15.4
107 5454 15.4
107 5455 15.4
107 5456 15.4
107 5457 15.4
107 5458 15.4
107 5459 15.2
107 5460 15.2
107 5461 15.1
107 5462 15.1
107 5463 15.1
107 5464 15.1
107 5465 14.9
107 5466 14.4
107 5467 14.4
107 5468 14.4
107 5469 14.4
107 5470 14.4
107 5471 14.4
107 5472 14.4
107 5473 14.4
107 5474 14.4
107 5475 14.4
107 5476 14.4
107 5477 14.4
107 5478 14.4
107 5479 14.4
107 5480 14.4
107 5481 14.4
107 5482 14.4
107 5483 14.4
107 5484 14.4
107 5485 14.4
107 5486 14.4
107 5487 14.4
107 5488 14.4
107 5489 14.4
107 5490 14.4
107 5491 14.4
107 5492 14.4
107 5493 14.4
107 5494 14.4
108 5495 14.4
108 5496 14.4
108 5497 14.4
108 5498 14.4
108 5499 14.4
108 5500 14.4
108 5501 14.4
108 5502 14.4
108 5503 14.4
108 5504 14.4
108 5505 14.4
108 5506 14.4
108 5507 14.4
108 5508 14.4
108 5509 14.4
108 5510 14.0
108 5511 14.0
108 5512 14.0
108 5513 14.0
108 5514 13.9
108 5515 13.9
108 5516 13.9
108 5517 13.8
108 5518 13.8
108 5519 13.8
108 5520 13.8
108 5521 13.8
108 5522 13.8
108 5523 13.8
108 5524 13.8
108 5525 13.8
108 5526 13.8
108 5527 13.8
108 5528 13.8
108 5529 13.8
108 5530 13.8
108 5531 13.8
108 5532 13.8
108 5533 13.8
108 5534 13.8
108 5535 13.8
108 5536 13.8
108 5537 13.8
108 5538 13.8
108 5539 13.8
108 5540 13.8
108 5541 13.8
108 5542 13.8
108 5543 13.8
108 5544 13.8
108 5545 13.8
108 5546 13.8
109 5547 13.8
109 5548 13.8
109 5549 13.8
109 5550 13.8
109 5551 13.7
109 5552 13.7
109 5553 13.7
109 5554 13.7
109 5555 13.7
109 5556 13.7
109 5557 13.7
109 5558 13.7
109 5559 13.7
109 5560 13.7
109 5561 13.7
109 5562 13.7
109 5563 13.7
109 5564 13.7
109 5565 13.7
109 5566 13.7
109 5567 13.7
109 5568 13.7
109 5569 13.7
109 5570 13.7
109 5571 13.7
109 5572 13.7
109 5573 13.7
109 5574 13.7
109 5575 13.7
109 5576 13.7
109 5577 13.7
109 5578 13.7
109 5579 13.7
109 5580 13.7
109 5581 13.7
109 5582 13.7
109 5583 13.7
109 5584 13.7
109 5585 13.7
109 5586 13.7
109 5587 13.7
109 5588 13.7
109 5589 13.7
109 5590 13.7
109 5591 13.7
109 5592 13.7
109 5593 13.7
109 5594 13.7
109 5595 13.7
109 5596 13.7
109 5597 13.7
110 5598 13.7
110 5599 13.7
110 5600 13.7
110 5601 13.7
110 5602 13.7
110 5603 13.7
110 5604 13.7
110 5605 13.7
110 5606 13.7
110 5607 13.7
110 5608 13.7
110 5609 13.7
110 5610 13.7
110 5611 13.7
110 5612 13.7
110 5613 13.7
110 5614 13.7
110 5615 13.7
110 5616 13.7
110 5617 13.7
110 5618 13.7
110 5619 13.7
110 5620 13.7
110 5621 13.7
110 5622 13.7
110 5623 13.7
110 5624 13.7
110 5625 13.7
110 5626 13.7
110 5627 13.7
110 5628 13.7
110 5629 13.7
110 5630 13.7
110 5631 13.7
110 5632 13.7
110 5633 13.7
110 5634 13.7
110 5635 13.7
110 5636 13.7
110 5637 13.7
110 5638 13.7
110 5639 13.7
110 5640 13.7
110 5641 13.7
110 5642 13.7
110 5643 13.7
110 5644 13.7
110 5645 13.7
110 5646 13.7
110 5647 13.7
110 5648 13.7
110 5649 13.7
110 5650 13.7
110 5651 13.7
111 5652 13.7
111 5653 13.7
111 5654 13.7
111 5655 13.7
111 5656 13.7
111 5657 13.7
111 5658 13.7
111 5659 13.7
111 5660 13.7
111 5661 13.7
111 5662 13.7
111 5663 13.7
111 5664 13.7
111 5665 13.7
111 5666 13.7
111 5667 13.7
111 5668 13.7
111 5669 13.7
111 5670 13.7
111 5671 13.7
111 5672 13.7
111 5673 13.7
111 5674 13.7
111 5675 13.7
111 5676 13.7
111 5677 13.7
111 5678 13.7
111 5679 13.7
111 5680 13.7
111 5681 13.7
111 5682 13.7
111 5683 13.7
111 5684 13.7
111 5685 13.7
111 5686 13.7
111 5687 13.7
111 5688 13.7
111 5689 13.7
111 5690 13.7
111 5691 13.7
111 5692 13.7
111 5693 13.7
111 5694 13.7
111 5695 13.7
111 5696 13.7
111 5697 13.7
111 5698 13.7
111 5699 13.7
111 5700 13.7
111 5701 13.7
111 5702 13.7
111 5703 13.6
112 5704 13.6
112 5705 13.6
112 5706 13.6
112 5707 13.6
112 5708 13.6
112 5709 13.6
112 5710 13.6
112 5711 13.6
112 5712 13.6
112 5713 13.6
112 5714 13.6
112 5715 13.6
112 5716 13.6
112 5717 13.6
112 5718 13.6
112 5719 13.6
112 5720 13.6
112 5721 13.6
112 5722 13.6
112 5723 13.6
112 5724 13.6
112 5725 13.6
112 5726 13.6
112 5727 13.6
112 5728 13.6
112 5729 13.6
112 5730 13.6
112 5731 13.6
112 5732 13.6
112 5733 13.6
112 5734 13.6
112 5735 13.6
112 5736 13.6
112 5737 13.6
112 5738 13.6
112 5739 13.6
112 5740 13.6
112 5741 13.6
112 5742 13.6
112 5743 13.6
112 5744 13.6
112 5745 13.6
112 5746 13.6
112 5747 13.6
112 5748 13.6
112 5749 13.6
112 5750 13.6
112 5751 13.6
112 5752 13.6
112 5753 13.6
112 5754 13.6
112 5755 13.6
112 5756 13.6
112 5757 13.6
112 5758 13.6
113 5759 13.6
113 5760 13.6
113 5761 13.6
113 5762 13.6
113 5763 13.6
113 5764 13.6
113 5765 13.6
113 5766 13.6
113 5767 13.6
113 5768 13.6
113 5769 13.6
113 5770 13.6
113 5771 13.6
113 5772 13.6
113 5773 13.6
113 5774 13.6
113 5775 13.6
113 5776 13.6
113 5777 13.6
113 5778 13.6
113 5779 13.6
113 5780 13.6
113 5781 13.6
113 5782 13.6
113 5783 13.6
113 5784 13.6
113 5785 13.6
113 5786 13.6
113 5787 13.6
113 5788 13.6
113 5789 13.6
113 5790 13.6
113 5791 13.6
113 5792 13.6
113 5793 13.6
113 5794 13.6
113 5795 13.6
113 5796 13.6
113 5797 13.6
113 5798 13.6
113 5799 13.6
113 5800 13.6
113 5801 13.6
113 5802 13.6
113 5803 13.6
113 5804 13.6
113 5805 13.6
113 5806 13.6
113 5807 13.6
113 5808 13.6
113 5809 13.6
114 5810 13.6
114 5811 13.6
114 5812 13.6
114 5813 13.6
114 5814 13.6
114 5815 13.6
114 5816 13.6
114 5817 13.6
114 5818 13.6
114 5819 13.6
114 5820 13.6
114 5821 13.6
114 5822 13.6
114 5823 13.6
114 5824 13.6
114 5825 13.6
114 5826 13.6
114 5827 13.6
114 5828 13.6
114 5829 13.6
114 5830 13.6
114 5831 13.6
114 5832 13.6
114 5833 13.6
114 5834 13.6
114 5835 13.6
114 5836 13.6
114 5837 13.6
114 5838 13.6
114 5839 13.6
114 5840 13.6
114 5841 13.6
114 5842 13.6
114 5843 13.6
114 5844 13.6
114 5845 13.6
114 5846 13.6
114 5847 13.6
114 5848 13.6
114 5849 13.6
114 5850 13.6
114 5851 13.6
114 5852 13.6
114 5853 13.6
114 5854 13.6
114 5855 13.6
114 5856 13.6
114 5857 13.6
114 5858 13.6
114 5859 13.6
114 5860 13.6
114 5861 13.6
114 5862 13.6
114 5863 13.6
115 5864 13.6
115 5865 13.6
115 5866 13.6
115 5867 13.6
115 5868 13.6
115 5869 13.6
115 5870 13.6
115 5871 13.6
115 5872 13.6
115 5873 13.6
115 5874 13.6
115 5875 13.6
115 5876 13.6
115 5877 13.6
115 5878 13.6
115 5879 13.6
115 5880 13.6
115 5881 13.6
115 5882 13.6
115 5883 13.6
115 5884 13.6
115 5885 13.6
115 5886 13.6
115 5887 13.6
115 5888 13.6
115 5889 13.6
115 5890 13.6
115 5891 13.6
115 5892 13.6
115 5893 13.6
115 5894 13.6
115 5895 13.6
115 5896 13.6
115 5897 13.6
115 5898 13.6
115 5899 13.6
115 5900 13.6
115 5901 13.6
115 5902 13.6
115 5903 13.6
115 5904 13.6
115 5905 13.6
115 5906 13.6
115 5907 13.6
115 5908 13.6
115 5909 13.6
115 5910 13.6
115 5911 13.6
115 5912 13.6
115 5913 13.6
115 5914 13.6
115 5915 13.6
115 5916 13.6
116 5917 13.6
116 5918 13.6
116 5919 13.6
116 5920 13.6
116 5921 13.6
116 5922 13.6
116 5923 13.6
116 5924 13.6
116 5925 13.6
116 5926 13.6
116 5927 13.6
116 5928 13.6
116 5929 13.6
116 5930 13.6
116 5931 13.6
116 5932 13.6
116 5933 13.6
116 5934 13.6
116 5935 13.6
116 5936 13.6
116 5937 13.6
116 5938 13.6
116 5939 13.6
116 5940 13.6
116 5941 13.6
116 5942 13.6
116 5943 13.6
116 5944 13.6
116 5945 13.6
116 5946 13.6
116 5947 13.6
116 5948 13.6
116 5949 13.6
116 5950 13.6
116 5951 13.6
116 5952 13.6
116 5953 13.6
116 5954 13.6
116 5955 13.6
116 5956 13.6
116 5957 13.6
116 5958 13.6
116 5959 13.6
116 5960 13.6
116 5961 13.6
116 5962 13.6
116 5963 13.6
116 5964 13.6
116 5965 13.6
116 5966 13.6
116 5967 13.6
116 5968 13.6
116 5969 13.6
117 5970 13.6
117 5971 13.6
117 5972 13.6
117 5973 13.6
117 5974 13.6
117 5975 13.6
117 5976 13.6
117 5977 13.6
117 5978 13.6
117 5979 13.6
117 5980 13.6
117 5981 13.6
117 5982 13.6
117 5983 13.6
117 5984 13.6
117 5985 13.6
117 5986 13.6
117 5987 13.6
117 5988 13.6
117 5989 13.6
117 5990 13.6
117 5991 13.6
117 5992 13.6
117 5993 13.6
117 5994 13.6
117 5995 13.6
117 5996 13.6
117 5997 13.6
117 5998 13.6
117 5999 13.6
117 6000 13.6
117 6001 13.6
117 6002 13.6
117 6003 13.6
117 6004 13.6
117 6005 13.6
117 6006 13.6
117 6007 13.6
117 6008 13.6
117 6009 13.6
117 6010 13.6
117 6011 13.6
117 6012 13.6
117 6013 13.6
117 6014 13.6
117 6015 13.6
117 6016 13.6
118 6017 13.6
118 6018 13.6
118 6019 13.6
118 6020 13.6
118 6021 13.6
118 6022 13.6
118 6023 13.6
118 6024 13.6
118 6025 13.6
118 6026 13.6
118 6027 13.6
118 6028 13.6
118 6029 13.6
118 6030 13.6
118 6031 13.6
118 6032 13.6
118 6033 13.6
118 6034 13.6
118 6035 13.6
118 6036 13.6
118 6037 13.6
118 6038 13.6
118 6039 13.6
118 6040 13.6
118 6041 13.6
118 6042 13.6
118 6043 13.6
118 6044 13.6
118 6045 13.6
118 6046 13.6
118 6047 13.6
118 6048 13.6
118 6049 13.6
118 6050 13.6
118 6051 13.6
118 6052 13.6
118 6053 13.6
118 6054 13.6
118 6055 13.6
118 6056 13.6
118 6057 13.6
118 6058 13.6
118 6059 13.6
118 6060 13.6
118 6061 13.6
118 6062 13.6
118 6063 13.6
118 6064 13.6
118 6065 13.6
119 6066 13.6
119 6067 13.6
119 6068 13.6
119 6069 13.6
119 6070 13.6
119 6071 13.6
119 6072 13.6
119 6073 13.6
119 6074 13.6
119 6075 13.6
119 6076 13.6
119 6077 13.6
119 6078 13.6
119 6079 13.6
119 6080 13.6
119 6081 13.6
119 6082 13.6
119 6083 13.6
119 6084 13.6
119 6085 13.6
119 6086 13.6
119 6087 13.6
119 6088 13.6
119 6089 13.6
119 6090 13.6
119 6091 13.6
119 6092 13.6
119 6093 13.6
119 6094 13.6
119 6095 13.6
119 6096 13.6
119 6097 13.6
119 6098 13.6
119 6099 13.6
119 6100 13.6
119 6101 13.6
119 6102 13.6
119 6103 13.6
119 6104 13.6
119 6105 13.6
119 6106 13.6
119 6107 13.6
119 6108 13.6
119 6109 13.6
119 6110 13.6
119 6111 13.6
119 6112 13.6
119 6113 13.6
119 6114 13.6
119 6115 13.6
119 6116 13.6
119 6117 13.6
120 6118 13.6
120 6119 13.6
120 6120 13.6
120 6121 13.6
120 6122 13.6
120 6123 13.6
120 6124 13.6
120 6125 13.6
120 6126 13.6
120 6127 13.6
120 6128 13.6
120 6129 13.6
120 6130 13.6
120 6131 13.6
120 6132 13.6
120 6133 13.6
120 6134 13.6
120 6135 13.6
120 6136 13.6
120 6137 13.6
120 6138 13.6
120 6139 13.6
120 6140 13.6
120 6141 13.6
120 6142 13.6
120 6143 13.6
120 6144 13.6
120 6145 13.6
120 6146 13.6
120 6147 13.6
120 6148 13.6
120 6149 13.6
120 6150 13.6
120 6151 13.6
120 6152 13.6
120 6153 13.6
120 6154 13.6
120 6155 13.6
120 6156 13.6
120 6157 13.6
120 6158 13.6
120 6159 13.6
120 6160 13.6
120 6161 13.6
120 6162 13.6
120 6163 13.6
120 6164 13.6
120 6165 13.6
120 6166 13.6
120 6167 13.6
120 6168 13.6
120 6169 13.6
120 6170 13.6
120 6171 13.6
120 6172 13.6
120 6173 13.6
121 6174 13.6
