0 1 49.5
0 2 49.5
0 3 49.5
1 4 49.1
1 5 49.1
1 6 49.1
1 7 49.1
1 8 47.8
1 9 47.8
1 10 47.8
1 11 47.8
1 12 46.9
1 13 46.9
1 14 46.9
1 15 46.9
1 16 46.9
1 17 46.9
1 18 46.9
1 19 46.4
1 20 46.4
1 21 46.4
1 22 46.4
1 23 45.9
1 24 45.9
1 25 45.9
1 26 45.9
1 27 45.6
1 28 45.6
1 29 45.6
1 30 45.6
1 31 45.6
1 32 45.6
1 33 45.6
1 34 45.3
1 35 45.3
1 36 45.3
1 37 45.3
1 38 45.3
1 39 45.3
1 40 45.3
1 41 44.9
1 42 44.9
1 43 44.8
1 44 44.8
1 45 44.8
1 46 44.8
1 47 44.8
2 48 44.8
2 49 44.8
2 50 44.8
2 51 44.8
2 52 44.5
2 53 44.5
2 54 44.5
2 55 44.0
2 56 44.0
2 57 44.0
2 58 44.0
2 59 44.0
2 60 44.0
2 61 41.4
2 62 40.6
2 63 40.6
2 64 40.6
2 65 40.6
2 66 40.6
2 67 40.6
2 68 40.6
2 69 40.2
2 70 40.2
2 71 40.2
2 72 40.2
2 73 40.2
2 74 40.2
2 75 40.2
2 76 40.2
2 77 40.2
2 78 40.2
2 79 40.2
2 80 40.2
2 81 40.0
2 82 40.0
2 83 40.0
2 84 39.0
2 85 39.0
2 86 39.0
2 87 39.0
2 88 37.7
2 89 37.7
2 90 37.7
2 91 37.7
2 92 37.7
2 93 37.7
2 94 37.7
2 95 37.7
2 96 37.7
2 97 37.7
2 98 36.7
2 99 36.7
2 100 36.7
2 101 36.7
2 102 36.7
3 103 36.5
3 104 36.5
3 105 36.5
3 106 36.5
3 107 36.2
3 108 36.2
3 109 35.7
3 110 35.7
3 111 35.7
3 112 34.0
3 113 34.0
3 114 34.0
3 115 34.0
3 116 34.0
3 117 34.0
3 118 34.0
3 119 34.0
3 120 34.0
3 121 34.0
3 122 34.0
3 123 34.0
3 124 34.0
3 125 34.0
3 126 34.0
3 127 34.0
3 128 34.0
3 129 34.0
3 130 34.0
3 131 34.0
3 132 34.0
3 133 34.0
3 134 34.0
3 135 34.0
3 136 34.0
3 137 34.0
3 138 34.0
3 139 34.0
3 140 34.0
3 141 34.0
3 142 34.0
3 143 34.0
3 144 34.0
3 145 34.0
3 146 34.0
3 147 34.0
3 148 34.0
3 149 34.0
3 150 34.0
3 151 34.0
4 152 34.0
4 153 34.0
4 154 34.0
4 155 34.0
4 156 34.0
4 157 34.0
4 158 34.0
4 159 34.0
4 160 34.0
4 161 34.0
4 162 34.0
4 163 34.0
4 164 34.0
4 165 34.0
4 166 34.0
4 167 33.6
4 168 33.6
4 169 33.6
4 170 33.6
4 171 33.6
4 172 33.6
4 173 33.6
4 174 33.6
4 175 33.6
4 176 33.6
4 177 33.6
4 178 33.6
4 179 33.6
4 180 33.6
4 181 33.0
4 182 33.0
4 183 33.0
4 184 33.0
4 185 33.0
4 186 32.2
4 187 32.2
4 188 32.2
4 189 32.2
4 190 32.2
4 191 32.2
4 192 32.2
4 193 32.2
5 194 32.2
5 195 32.2
5 196 32.2
5 197 32.2
5 198 32.2
5 199 32.2
5 200 32.2
5 201 32.2
5 202 32.2
5 203 32.2
5 204 32.2
5 205 32.2
5 206 32.2
5 207 32.2
5 208 32.2
5 209 32.2
5 210 32.2
5 211 32.2
5 212 32.2
5 213 32.2
5 214 32.2
5 215 32.2
5 216 32.2
5 217 32.2
5 218 32.2
5 219 32.2
5 220 32.2
5 221 32.2
5 222 32.2
5 223 32.0
5 224 32.0
5 225 32.0
5 226 32.0
5 227 32.0
5 228 32.0
5 229 32.0
5 230 32.0
5 231 32.0
5 232 32.0
5 233 32.0
5 234 32.0
5 235 32.0
5 236 32.0
5 237 32.0
5 238 32.0
5 239 32.0
5 240 32.0
5 241 32.0
5 242 32.0
5 243 32.0
5 244 32.0
6 245 32.0
6 246 32.0
6 247 32.0
6 248 32.0
6 249 32.0
6 250 32.0
6 251 32.0
6 252 32.0
6 253 32.0
6 254 32.0
6 255 32.0
6 256 32.0
6 257 32.0
6 258 32.0
6 259 32.0
6 260 32.0
6 261 32.0
6 262 32.0
6 263 32.0
6 264 32.0
6 265 32.0
6 266 32.0
6 267 32.0
6 268 32.0
6 269 32.0
6 270 32.0
6 271 32.0
6 272 32.0
6 273 32.0
6 274 32.0
6 275 32.0
6 276 32.0
6 277 32.0
6 278 32.0
6 279 32.0
6 280 32.0
6 281 32.0
6 282 32.0
6 283 32.0
6 284 32.0
6 285 32.0
6 286 32.0
6 287 32.0
6 288 32.0
6 289 32.0
6 290 32.0
6 291 32.0
7 292 32.0
7 293 32.0
7 294 32.0
7 295 32.0
7 296 32.0
7 297 32.0
7 298 32.0
7 299 32.0
7 300 32.0
7 301 32.0
7 302 32.0
7 303 32.0
7 304 32.0
7 305 32.0
7 306 32.0
7 307 32.0
7 308 32.0
7 309 32.0
7 310 32.0
7 311 32.0
7 312 32.0
7 313 32.0
7 314 32.0
7 315 32.0
7 316 32.0
7 317 32.0
7 318 32.0
7 319 32.0
7 320 32.0
7 321 32.0
7 322 32.0
7 323 32.0
7 324 32.0
7 325 32.0
7 326 32.0
7 327 32.0
7 328 32.0
7 329 32.0
7 330 32.0
7 331 32.0
7 332 32.0
7 333 32.0
7 334 32.0
7 335 32.0
7 336 32.0
7 337 32.0
7 338 32.0
7 339 32.0
7 340 32.0
7 341 32.0
8 342 32.0
8 343 32.0
8 344 32.0
8 345 32.0
8 346 32.0
8 347 32.0
8 348 32.0
8 349 32.0
8 350 32.0
8 351 32.0
8 352 32.0
8 353 32.0
8 354 32.0
8 355 32.0
8 356 32.0
8 357 32.0
8 358 32.0
8 359 32.0
8 360 32.0
8 361 32.0
8 362 32.0
8 363 32.0
8 364 32.0
8 365 32.0
8 366 32.0
8 367 32.0
8 368 32.0
8 369 32.0
8 370 32.0
8 371 32.0
8 372 32.0
8 373 32.0
8 374 32.0
8 375 32.0
8 376 32.0
8 377 32.0
8 378 32.0
8 379 32.0
8 380 32.0
8 381 32.0
8 382 32.0
8 383 32.0
8 384 32.0
8 385 32.0
8 386 32.0
8 387 32.0
8 388 32.0
8 389 32.0
8 390 32.0
8 391 32.0
8 392 32.0
9 393 32.0
9 394 32.0
9 395 32.0
9 396 32.0
9 397 32.0
9 398 32.0
9 399 32.0
9 400 32.0
9 401 32.0
9 402 32.0
9 403 32.0
9 404 32.0
9 405 32.0
9 406 32.0
9 407 32.0
9 408 32.0
9 409 32.0
9 410 32.0
9 411 32.0
9 412 32.0
9 413 32.0
9 414 32.0
9 415 32.0
9 416 32.0
9 417 32.0
9 418 32.0
9 419 32.0
9 420 32.0
9 421 32.0
9 422 32.0
9 423 32.0
9 424 32.0
9 425 32.0
9 426 32.0
9 427 32.0
9 428 32.0
9 429 32.0
9 430 32.0
9 431 32.0
9 432 32.0
9 433 32.0
9 434 32.0
9 435 32.0
9 436 32.0
9 437 32.0
9 438 32.0
9 439 32.0
9 440 32.0
9 441 32.0
10 442 32.0
10 443 32.0
10 444 32.0
10 445 32.0
10 446 32.0
10 447 32.0
10 448 32.0
10 449 32.0
10 450 32.0
10 451 32.0
10 452 32.0
10 453 32.0
10 454 32.0
10 455 32.0
10 456 32.0
10 457 32.0
10 458 32.0
10 459 32.0
10 460 32.0
10 461 32.0
10 462 32.0
10 463 32.0
10 464 32.0
10 465 32.0
10 466 32.0
10 467 32.0
10 468 32.0
10 469 32.0
10 470 32.0
10 471 32.0
10 472 32.0
10 473 32.0
10 474 32.0
10 475 32.0
10 476 32.0
10 477 32.0
10 478 32.0
10 479 32.0
10 480 32.0
10 481 32.0
10 482 32.0
10 483 32.0
10 484 32.0
10 485 32.0
10 486 32.0
10 487 32.0
10 488 32.0
10 489 32.0
10 490 32.0
10 491 32.0
10 492 32.0
10 493 32.0
10 494 32.0
11 495 32.0
11 496 32.0
11 497 32.0
11 498 32.0
11 499 32.0
11 500 32.0
11 501 32.0
11 502 32.0
11 503 32.0
11 504 32.0
11 505 32.0
11 506 32.0
11 507 32.0
11 508 32.0
11 509 32.0
11 510 32.0
11 511 32.0
11 512 32.0
11 513 32.0
11 514 32.0
11 515 32.0
11 516 32.0
11 517 32.0
11 518 32.0
11 519 32.0
11 520 32.0
11 521 32.0
11 522 32.0
11 523 32.0
11 524 32.0
11 525 32.0
11 526 32.0
11 527 32.0
11 528 32.0
11 529 32.0
11 530 32.0
11 531 32.0
11 532 32.0
11 533 32.0
11 534 32.0
11 535 32.0
11 536 32.0
11 537 32.0
11 538 32.0
11 539 32.0
11 540 32.0
11 541 32.0
11 542 32.0
11 543 32.0
12 544 32.0
12 545 32.0
12 546 32.0
12 547 32.0
12 548 32.0
12 549 32.0
12 550 32.0
12 551 32.0
12 552 32.0
12 553 32.0
12 554 32.0
12 555 32.0
12 556 32.0
12 557 32.0
12 558 32.0
12 559 32.0
12 560 32.0
12 561 32.0
12 562 32.0
12 563 32.0
12 564 32.0
12 565 32.0
12 566 32.0
12 567 32.0
12 568 32.0
12 569 32.0
12 570 32.0
12 571 32.0
12 572 32.0
12 573 32.0
12 574 32.0
12 575 32.0
12 576 32.0
12 577 32.0
12 578 32.0
12 579 32.0
12 580 32.0
12 581 32.0
12 582 32.0
12 583 32.0
12 584 32.0
12 585 32.0
12 586 32.0
12 587 32.0
12 588 32.0
12 589 32.0
12 590 32.0
12 591 32.0
12 592 32.0
13 593 32.0
13 594 32.0
13 595 32.0
13 596 32.0
13 597 32.0
13 598 32.0
13 599 32.0
13 600 32.0
13 601 32.0
13 602 32.0
13 603 32.0
13 604 32.0
13 605 32.0
13 606 32.0
13 607 32.0
13 608 32.0
13 609 32.0
13 610 32.0
13 611 32.0
13 612 32.0
13 613 32.0
13 614 32.0
13 615 32.0
13 616 32.0
13 617 32.0
13 618 32.0
13 619 32.0
13 620 32.0
13 621 32.0
13 622 32.0
13 623 32.0
13 624 32.0
13 625 32.0
13 626 32.0
13 627 32.0
13 628 32.0
13 629 32.0
13 630 32.0
13 631 32.0
13 632 32.0
13 633 32.0
13 634 32.0
13 635 32.0
13 636 32.0
13 637 32.0
13 638 32.0
13 639 32.0
13 640 32.0
13 641 32.0
14 642 32.0
14 643 32.0
14 644 32.0
14 645 32.0
14 646 32.0
14 647 32.0
14 648 32.0
14 649 32.0
14 650 32.0
14 651 32.0
14 652 32.0
14 653 32.0
14 654 32.0
14 655 32.0
14 656 32.0
14 657 32.0
14 658 32.0
14 659 32.0
14 660 32.0
14 661 32.0
14 662 32.0
14 663 32.0
14 664 32.0
14 665 32.0
14 666 32.0
14 667 32.0
14 668 32.0
14 669 32.0
14 670 32.0
14 671 32.0
14 672 32.0
14 673 32.0
14 674 32.0
14 675 32.0
14 676 32.0
14 677 32.0
14 678 32.0
14 679 32.0
14 680 32.0
14 681 32.0
14 682 32.0
14 683 32.0
14 684 32.0
14 685 32.0
14 686 32.0
14 687 32.0
14 688 32.0
14 689 32.0
14 690 32.0
14 691 32.0
15 692 32.0
15 693 32.0
15 694 32.0
15 695 32.0
15 696 32.0
15 697 32.0
15 698 32.0
15 699 32.0
15 700 32.0
15 701 32.0
15 702 32.0
15 703 32.0
15 704 32.0
15 705 32.0
15 706 32.0
15 707 32.0
15 708 32.0
15 709 32.0
15 710 32.0
15 711 32.0
15 712 32.0
15 713 32.0
15 714 32.0
15 715 32.0
15 716 32.0
15 717 32.0
15 718 32.0
15 719 32.0
15 720 32.0
15 721 32.0
15 722 32.0
15 723 32.0
15 724 32.0
15 725 32.0
15 726 32.0
15 727 32.0
15 728 32.0
15 729 32.0
15 730 32.0
15 731 32.0
15 732 32.0
15 733 32.0
15 734 32.0
15 735 32.0
15 736 32.0
15 737 32.0
15 738 32.0
15 739 32.0
15 740 32.0
16 741 32.0
16 742 32.0
16 743 32.0
16 744 32.0
16 745 32.0
16 746 32.0
16 747 32.0
16 748 32.0
16 749 32.0
16 750 32.0
16 751 32.0
16 752 32.0
16 753 32.0
16 754 32.0
16 755 32.0
16 756 32.0
16 757 32.0
16 758 32.0
16 759 32.0
16 760 32.0
16 761 32.0
16 762 32.0
16 763 32.0
16 764 32.0
16 765 32.0
16 766 32.0
16 767 32.0
16 768 32.0
16 769 32.0
16 770 32.0
16 771 32.0
16 772 32.0
16 773 32.0
16 774 32.0
16 775 32.0
16 776 32.0
16 777 32.0
16 778 32.0
16 779 32.0
16 780 32.0
16 781 32.0
16 782 32.0
16 783 32.0
16 784 32.0
16 785 32.0
16 786 32.0
16 787 32.0
16 788 32.0
16 789 32.0
16 790 32.0
16 791 32.0
17 792 32.0
17 793 32.0
17 794 32.0
17 795 32.0
17 796 32.0
17 797 32.0
17 798 32.0
17 799 32.0
17 800 32.0
17 801 32.0
17 802 32.0
17 803 32.0
17 804 32.0
17 805 32.0
17 806 32.0
17 807 32.0
17 808 32.0
17 809 32.0
17 810 32.0
17 811 32.0
17 812 32.0
17 813 32.0
17 814 32.0
17 815 32.0
17 816 32.0
17 817 32.0
17 818 32.0
17 819 32.0
17 820 32.0
17 821 32.0
17 822 32.0
17 823 32.0
17 824 32.0
17 825 32.0
17 826 32.0
17 827 32.0
17 828 32.0
17 829 32.0
17 830 32.0
17 831 32.0
17 832 32.0
17 833 32.0
17 834 32.0
17 835 32.0
17 836 32.0
17 837 32.0
17 838 32.0
17 839 32.0
17 840 32.0
17 841 32.0
17 842 32.0
18 843 32.0
18 844 32.0
18 845 32.0
18 846 32.0
18 847 32.0
18 848 32.0
18 849 32.0
18 850 32.0
18 851 32.0
18 852 32.0
18 853 32.0
18 854 32.0
18 855 32.0
18 856 32.0
18 857 32.0
18 858 32.0
18 859 32.0
18 860 32.0
18 861 32.0
18 862 32.0
18 863 32.0
18 864 32.0
18 865 32.0
18 866 32.0
18 867 32.0
18 868 32.0
18 869 32.0
18 870 32.0
18 871 32.0
18 872 32.0
18 873 32.0
18 874 32.0
18 875 32.0
18 876 32.0
18 877 32.0
18 878 32.0
18 879 32.0
18 880 32.0
18 881 32.0
18 882 32.0
18 883 32.0
18 884 32.0
18 885 32.0
18 886 32.0
18 887 32.0
18 888 32.0
18 889 32.0
18 890 32.0
18 891 32.0
19 892 32.0
19 893 32.0
19 894 32.0
19 895 32.0
19 896 32.0
19 897 32.0
19 898 32.0
19 899 32.0
19 900 32.0
19 901 32.0
19 902 32.0
19 903 32.0
19 904 32.0
19 905 32.0
19 906 32.0
19 907 32.0
19 908 32.0
19 909 32.0
19 910 32.0
19 911 32.0
19 912 32.0
19 913 32.0
19 914 32.0
19 915 32.0
19 916 32.0
19 917 32.0
19 918 32.0
19 919 32.0
19 920 32.0
19 921 32.0
19 922 32.0
19 923 32.0
19 924 32.0
19 925 32.0
19 926 32.0
19 927 32.0
19 928 32.0
19 929 32.0
19 930 32.0
19 931 32.0
19 932 32.0
19 933 32.0
19 934 32.0
19 935 32.0
19 936 32.0
19 937 32.0
19 938 32.0
19 939 32.0
19 940 32.0
19 941 32.0
19 942 32.0
19 943 32.0
19 944 32.0
20 945 32.0
20 946 32.0
20 947 32.0
20 948 32.0
20 949 32.0
20 950 32.0
20 951 32.0
20 952 32.0
20 953 32.0
20 954 32.0
20 955 32.0
20 956 32.0
20 957 32.0
20 958 32.0
20 959 32.0
20 960 32.0
20 961 32.0
20 962 32.0
20 963 32.0
20 964 32.0
20 965 32.0
20 966 32.0
20 967 32.0
20 968 32.0
20 969 32.0
20 970 32.0
20 971 32.0
20 972 32.0
20 973 32.0
20 974 32.0
20 975 32.0
20 976 32.0
20 977 32.0
20 978 32.0
20 979 32.0
20 980 32.0
20 981 32.0
20 982 32.0
20 983 32.0
20 984 32.0
20 985 32.0
20 986 32.0
20 987 32.0
20 988 32.0
20 989 32.0
20 990 32.0
20 991 32.0
20 992 32.0
20 993 32.0
20 994 32.0
21 995 32.0
21 996 32.0
21 997 32.0
21 998 32.0
21 999 32.0
21 1000 32.0
21 1001 32.0
21 1002 32.0
21 1003 32.0
21 1004 32.0
21 1005 32.0
21 1006 32.0
21 1007 32.0
21 1008 32.0
21 1009 32.0
21 1010 32.0
21 1011 32.0
21 1012 32.0
21 1013 32.0
21 1014 32.0
21 1015 32.0
21 1016 32.0
21 1017 32.0
21 1018 32.0
21 1019 32.0
21 1020 32.0
21 1021 32.0
21 1022 32.0
21 1023 32.0
21 1024 32.0
21 1025 32.0
21 1026 32.0
21 1027 32.0
21 1028 32.0
21 1029 32.0
21 1030 32.0
21 1031 32.0
21 1032 32.0
21 1033 32.0
21 1034 32.0
21 1035 32.0
21 1036 32.0
21 1037 32.0
21 1038 32.0
21 1039 32.0
21 1040 32.0
21 1041 32.0
21 1042 32.0
22 1043 32.0
22 1044 32.0
22 1045 32.0
22 1046 32.0
22 1047 32.0
22 1048 32.0
22 1049 32.0
22 1050 32.0
22 1051 32.0
22 1052 32.0
22 1053 32.0
22 1054 32.0
22 1055 32.0
22 1056 32.0
22 1057 32.0
22 1058 32.0
22 1059 32.0
22 1060 32.0
22 1061 32.0
22 1062 32.0
22 1063 32.0
22 1064 32.0
22 1065 32.0
22 1066 32.0
22 1067 32.0
22 1068 32.0
22 1069 32.0
22 1070 32.0
22 1071 32.0
22 1072 32.0
22 1073 32.0
22 1074 32.0
22 1075 32.0
22 1076 32.0
22 1077 32.0
22 1078 32.0
22 1079 32.0
22 1080 32.0
22 1081 32.0
22 1082 32.0
22 1083 32.0
22 1084 32.0
22 1085 32.0
22 1086 32.0
22 1087 32.0
22 1088 32.0
22 1089 32.0
22 1090 32.0
22 1091 32.0
23 1092 32.0
23 1093 32.0
23 1094 32.0
23 1095 32.0
23 1096 32.0
23 1097 32.0
23 1098 32.0
23 1099 32.0
23 1100 32.0
23 1101 32.0
23 1102 32.0
23 1103 32.0
23 1104 32.0
23 1105 32.0
23 1106 32.0
23 1107 32.0
23 1108 32.0
23 1109 32.0
23 1110 32.0
23 1111 32.0
23 1112 32.0
23 1113 32.0
23 1114 32.0
23 1115 32.0
23 1116 32.0
23 1117 32.0
23 1118 32.0
23 1119 32.0
23 1120 32.0
23 1121 32.0
23 1122 32.0
23 1123 32.0
23 1124 32.0
23 1125 32.0
23 1126 32.0
23 1127 32.0
23 1128 32.0
23 1129 32.0
23 1130 32.0
23 1131 32.0
23 1132 32.0
23 1133 32.0
23 1134 32.0
23 1135 32.0
23 1136 32.0
23 1137 32.0
23 1138 32.0
23 1139 32.0
23 1140 32.0
23 1141 32.0
24 1142 32.0
24 1143 32.0
24 1144 32.0
24 1145 32.0
24 1146 32.0
24 1147 32.0
24 1148 32.0
24 1149 32.0
24 1150 32.0
24 1151 32.0
24 1152 32.0
24 1153 32.0
24 1154 32.0
24 1155 32.0
24 1156 32.0
24 1157 32.0
24 1158 32.0
24 1159 32.0
24 1160 32.0
24 1161 32.0
24 1162 32.0
24 1163 32.0
24 1164 32.0
24 1165 32.0
24 1166 32.0
24 1167 32.0
24 1168 32.0
24 1169 32.0
24 1170 32.0
24 1171 32.0
24 1172 32.0
24 1173 32.0
24 1174 32.0
24 1175 32.0
24 1176 32.0
24 1177 32.0
24 1178 32.0
24 1179 31.4
24 1180 31.4
24 1181 31.4
24 1182 31.4
24 1183 31.4
24 1184 31.4
24 1185 31.4
24 1186 31.4
24 1187 31.4
24 1188 31.4
24 1189 31.4
24 1190 31.4
24 1191 31.4
24 1192 31.4
25 1193 31.4
25 1194 31.3
25 1195 31.3
25 1196 31.3
25 1197 31.3
25 1198 31.3
25 1199 31.3
25 1200 31.3
25 1201 31.3
25 1202 31.3
25 1203 31.3
25 1204 31.3
25 1205 31.3
25 1206 31.3
25 1207 31.3
25 1208 31.3
25 1209 31.3
25 1210 31.3
25 1211 31.3
25 1212 31.3
25 1213 31.3
25 1214 31.3
25 1215 31.3
25 1216 31.3
25 1217 31.3
25 1218 31.3
25 1219 31.3
25 1220 31.3
25 1221 31.3
25 1222 31.3
25 1223 31.3
25 1224 31.3
25 1225 31.3
25 1226 31.3
25 1227 31.3
25 1228 31.3
25 1229 31.3
25 1230 31.3
25 1231 31.3
25 1232 31.3
25 1233 31.3
25 1234 31.3
25 1235 31.3
25 1236 31.3
25 1237 31.3
25 1238 31.3
25 1239 31.3
25 1240 31.3
25 1241 31.3
25 1242 31.3
25 1243 31.3
26 1244 31.3
26 1245 31.3
26 1246 31.3
26 1247 31.3
26 1248 31.3
26 1249 31.3
26 1250 31.3
26 1251 31.3
26 1252 31.3
26 1253 31.3
26 1254 31.3
26 1255 31.3
26 1256 31.3
26 1257 31.3
26 1258 31.3
26 1259 31.3
26 1260 31.3
26 1261 31.3
26 1262 31.3
26 1263 31.3
26 1264 31.3
26 1265 31.3
26 1266 31.3
26 1267 31.3
26 1268 31.3
26 1269 31.3
26 1270 31.3
26 1271 31.3
26 1272 31.3
26 1273 31.3
26 1274 31.3
26 1275 31.3
26 1276 31.3
26 1277 31.3
26 1278 31.3
26 1279 31.3
26 1280 31.3
26 1281 31.3
26 1282 31.3
26 1283 31.3
26 1284 31.3
26 1285 31.3
26 1286 31.3
26 1287 31.3
26 1288 31.3
26 1289 31.3
26 1290 31.3
26 1291 31.3
26 1292 31.3
27 1293 31.3
27 1294 31.3
27 1295 31.3
27 1296 31.3
27 1297 31.3
27 1298 31.3
27 1299 31.3
27 1300 31.3
27 1301 31.3
27 1302 31.3
27 1303 31.3
27 1304 31.3
27 1305 31.3
27 1306 31.3
27 1307 31.3
27 1308 31.3
27 1309 31.3
27 1310 31.3
27 1311 31.3
27 1312 31.3
27 1313 31.3
27 1314 31.3
27 1315 31.3
27 1316 31.3
27 1317 31.3
27 1318 31.3
27 1319 31.3
27 1320 31.3
27 1321 31.3
27 1322 31.3
27 1323 31.3
27 1324 31.3
27 1325 31.3
27 1326 31.3
27 1327 31.3
27 1328 31.3
27 1329 31.3
27 1330 31.3
27 1331 31.3
27 1332 31.3
27 1333 31.3
27 1334 31.3
27 1335 31.3
27 1336 31.3
27 1337 31.3
27 1338 31.3
27 1339 31.3
27 1340 31.3
27 1341 31.3
27 1342 31.3
28 1343 31.3
28 1344 31.3
28 1345 31.3
28 1346 31.3
28 1347 31.3
28 1348 31.3
28 1349 31.3
28 1350 31.3
28 1351 31.3
28 1352 31.3
28 1353 31.3
28 1354 31.3
28 1355 31.3
28 1356 31.3
28 1357 31.3
28 1358 31.3
28 1359 31.3
28 1360 31.3
28 1361 31.3
28 1362 31.3
28 1363 31.3
28 1364 31.3
28 1365 31.3
28 1366 31.3
28 1367 31.3
28 1368 31.3
28 1369 31.3
28 1370 31.3
28 1371 31.3
28 1372 31.3
28 1373 31.3
28 1374 31.3
28 1375 31.2
28 1376 31.2
28 1377 31.2
28 1378 31.2
28 1379 31.2
28 1380 31.2
28 1381 31.2
28 1382 31.2
28 1383 30.6
28 1384 30.6
28 1385 30.6
28 1386 30.6
28 1387 30.6
28 1388 30.6
28 1389 30.6
28 1390 30.6
28 1391 30.6
29 1392 30.6
29 1393 30.6
29 1394 30.6
29 1395 30.6
29 1396 30.6
29 1397 30.6
29 1398 30.6
29 1399 30.6
29 1400 30.6
29 1401 30.6
29 1402 30.6
29 1403 30.6
29 1404 30.6
29 1405 30.5
29 1406 30.5
29 1407 30.5
29 1408 30.5
29 1409 30.5
29 1410 30.5
29 1411 30.5
29 1412 30.5
29 1413 30.5
29 1414 30.5
29 1415 30.5
29 1416 30.5
29 1417 30.5
29 1418 30.5
29 1419 30.5
29 1420 30.5
29 1421 30.5
29 1422 30.5
29 1423 30.5
29 1424 30.5
29 1425 30.5
29 1426 30.5
29 1427 30.5
29 1428 30.5
29 1429 30.5
29 1430 30.5
29 1431 30.5
29 1432 30.5
29 1433 30.5
29 1434 30.5
29 1435 30.5
29 1436 30.5
29 1437 30.5
29 1438 30.5
29 1439 30.5
29 1440 30.5
30 1441 30.5
30 1442 30.5
30 1443 30.5
30 1444 30.5
30 1445 30.5
30 1446 30.5
30 1447 30.5
30 1448 30.5
30 1449 30.5
30 1450 30.5
30 1451 30.5
30 1452 30.5
30 1453 30.5
30 1454 30.5
30 1455 30.5
30 1456 30.5
30 1457 30.5
30 1458 30.5
30 1459 30.5
30 1460 30.5
30 1461 30.5
30 1462 30.5
30 1463 30.5
30 1464 30.5
30 1465 30.5
30 1466 30.5
30 1467 30.5
30 1468 30.5
30 1469 30.5
30 1470 30.5
30 1471 30.5
30 1472 30.5
30 1473 30.5
30 1474 30.5
30 1475 30.5
30 1476 30.5
30 1477 30.5
30 1478 30.5
30 1479 30.5
30 1480 30.5
30 1481 30.5
30 1482 30.5
30 1483 30.5
30 1484 30.5
30 1485 30.5
30 1486 30.5
30 1487 30.5
30 1488 30.5
30 1489 30.5
30 1490 30.5
30 1491 30.5
31 1492 30.5
31 1493 30.5
31 1494 30.5
31 1495 30.5
31 1496 30.5
31 1497 30.5
31 1498 30.5
31 1499 30.5
31 1500 30.5
31 1501 30.5
31 1502 30.5
31 1503 30.5
31 1504 30.5
31 1505 30.5
31 1506 30.5
31 1507 30.5
31 1508 30.5
31 1509 30.5
31 1510 30.5
31 1511 30.5
31 1512 30.5
31 1513 30.5
31 1514 30.5
31 1515 30.5
31 1516 30.5
31 1517 30.5
31 1518 30.5
31 1519 30.5
31 1520 30.5
31 1521 30.5
31 1522 30.5
31 1523 30.5
31 1524 30.5
31 1525 30.5
31 1526 30.5
31 1527 30.5
31 1528 30.5
31 1529 30.5
31 1530 30.5
31 1531 30.5
31 1532 30.5
31 1533 30.5
31 1534 30.5
31 1535 30.5
31 1536 30.5
31 1537 30.5
31 1538 30.5
31 1539 30.5
31 1540 30.5
31 1541 30.5
32 1542 30.5
32 1543 30.5
32 1544 30.5
32 1545 30.5
32 1546 30.5
32 1547 30.5
32 1548 30.5
32 1549 30.5
32 1550 30.5
32 1551 30.5
32 1552 30.5
32 1553 30.5
32 1554 30.5
32 1555 30.5
32 1556 30.5
32 1557 30.5
32 1558 30.5
32 1559 30.5
32 1560 30.5
32 1561 30.5
32 1562 30.5
32 1563 30.5
32 1564 30.5
32 1565 30.5
32 1566 30.5
32 1567 30.5
32 1568 30.5
32 1569 30.5
32 1570 30.5
32 1571 30.5
32 1572 30.5
32 1573 30.5
32 1574 30.5
32 1575 30.5
32 1576 30.5
32 1577 30.5
32 1578 30.5
32 1579 30.5
32 1580 30.5
32 1581 30.5
32 1582 30.5
32 1583 30.5
32 1584 30.5
32 1585 30.5
32 1586 30.5
32 1587 30.5
32 1588 30.5
32 1589 30.5
32 1590 30.5
33 1591 30.5
33 1592 30.5
33 1593 30.5
33 1594 30.5
33 1595 30.5
33 1596 30.5
33 1597 30.5
33 1598 30.5
33 1599 30.5
33 1600 30.5
33 1601 30.5
33 1602 30.5
33 1603 30.5
33 1604 30.5
33 1605 30.5
33 1606 30.5
33 1607 30.5
33 1608 30.5
33 1609 30.5
33 1610 30.5
33 1611 30.5
33 1612 30.5
33 1613 30.5
33 1614 30.5
33 1615 30.5
33 1616 30.5
33 1617 30.5
33 1618 30.5
33 1619 30.5
33 1620 30.5
33 1621 30.4
33 1622 30.4
33 1623 30.4
33 1624 30.4
33 1625 30.4
33 1626 30.4
33 1627 30.4
33 1628 30.4
33 1629 30.4
33 1630 30.4
33 1631 30.4
33 1632 30.4
33 1633 29.6
33 1634 29.6
33 1635 29.6
33 1636 29.6
33 1637 29.6
33 1638 29.6
33 1639 29.6
34 1640 29.6
34 1641 29.6
34 1642 29.6
34 1643 29.6
34 1644 29.6
34 1645 29.6
34 1646 29.6
34 1647 29.4
34 1648 29.4
34 1649 29.4
34 1650 29.4
34 1651 29.4
34 1652 29.4
34 1653 29.4
34 1654 29.4
34 1655 29.4
34 1656 29.4
34 1657 29.4
34 1658 29.4
34 1659 29.4
34 1660 29.4
34 1661 29.2
34 1662 29.2
34 1663 29.2
34 1664 29.2
34 1665 29.2
34 1666 29.2
34 1667 29.2
34 1668 29.2
34 1669 29.2
34 1670 29.2
34 1671 29.2
34 1672 29.2
34 1673 29.2
34 1674 29.2
34 1675 29.2
34 1676 29.2
34 1677 29.2
34 1678 29.2
34 1679 29.2
34 1680 29.1
34 1681 29.1
34 1682 29.1
34 1683 29.1
34 1684 29.1
34 1685 29.1
34 1686 29.1
34 1687 29.1
34 1688 29.1
34 1689 29.1
35 1690 29.1
35 1691 29.1
35 1692 29.1
35 1693 29.1
35 1694 29.1
35 1695 29.1
35 1696 29.1
35 1697 29.1
35 1698 29.1
35 1699 29.1
35 1700 29.1
35 1701 29.1
35 1702 29.1
35 1703 29.1
35 1704 29.1
35 1705 29.1
35 1706 29.1
35 1707 29.1
35 1708 29.1
35 1709 29.0
35 1710 29.0
35 1711 29.0
35 1712 29.0
35 1713 29.0
35 1714 29.0
35 1715 29.0
35 1716 29.0
35 1717 29.0
35 1718 29.0
35 1719 29.0
35 1720 29.0
35 1721 29.0
35 1722 29.0
35 1723 29.0
35 1724 29.0
35 1725 29.0
35 1726 29.0
35 1727 29.0
35 1728 29.0
35 1729 29.0
35 1730 29.0
35 1731 29.0
35 1732 29.0
35 1733 29.0
35 1734 29.0
35 1735 29.0
35 1736 29.0
35 1737 29.0
36 1738 29.0
36 1739 29.0
36 1740 29.0
36 1741 29.0
36 1742 29.0
36 1743 29.0
36 1744 29.0
36 1745 29.0
36 1746 29.0
36 1747 29.0
36 1748 29.0
36 1749 29.0
36 1750 29.0
36 1751 29.0
36 1752 29.0
36 1753 29.0
36 1754 29.0
36 1755 29.0
36 1756 29.0
36 1757 29.0
36 1758 29.0
36 1759 29.0
36 1760 29.0
36 1761 29.0
36 1762 29.0
36 1763 29.0
36 1764 29.0
36 1765 29.0
36 1766 29.0
36 1767 29.0
36 1768 29.0
36 1769 29.0
36 1770 29.0
36 1771 29.0
36 1772 29.0
36 1773 29.0
36 1774 29.0
36 1775 29.0
36 1776 29.0
36 1777 29.0
36 1778 29.0
36 1779 29.0
36 1780 29.0
36 1781 29.0
36 1782 29.0
36 1783 29.0
36 1784 29.0
36 1785 29.0
36 1786 29.0
36 1787 29.0
37 1788 29.0
37 1789 29.0
37 1790 29.0
37 1791 29.0
37 1792 29.0
37 1793 29.0
37 1794 29.0
37 1795 29.0
37 1796 29.0
37 1797 29.0
37 1798 29.0
37 1799 29.0
37 1800 29.0
37 1801 29.0
37 1802 29.0
37 1803 29.0
37 1804 29.0
37 1805 29.0
37 1806 29.0
37 1807 29.0
37 1808 29.0
37 1809 29.0
37 1810 29.0
37 1811 29.0
37 1812 29.0
37 1813 29.0
37 1814 29.0
37 1815 29.0
37 1816 29.0
37 1817 29.0
37 1818 29.0
37 1819 29.0
37 1820 29.0
37 1821 29.0
37 1822 29.0
37 1823 29.0
37 1824 29.0
37 1825 29.0
37 1826 29.0
37 1827 29.0
37 1828 29.0
37 1829 29.0
37 1830 29.0
37 1831 29.0
37 1832 29.0
37 1833 29.0
37 1834 29.0
37 1835 29.0
37 1836 29.0
37 1837 29.0
37 1838 29.0
38 1839 29.0
38 1840 29.0
38 1841 29.0
38 1842 29.0
38 1843 29.0
38 1844 29.0
38 1845 29.0
38 1846 29.0
38 1847 29.0
38 1848 29.0
38 1849 29.0
38 1850 29.0
38 1851 29.0
38 1852 29.0
38 1853 29.0
38 1854 29.0
38 1855 29.0
38 1856 29.0
38 1857 29.0
38 1858 29.0
38 1859 29.0
38 1860 29.0
38 1861 29.0
38 1862 29.0
38 1863 29.0
38 1864 29.0
38 1865 29.0
38 1866 29.0
38 1867 29.0
38 1868 29.0
38 1869 29.0
38 1870 29.0
38 1871 29.0
38 1872 29.0
38 1873 29.0
38 1874 29.0
38 1875 29.0
38 1876 29.0
38 1877 29.0
38 1878 29.0
38 1879 29.0
38 1880 29.0
38 1881 29.0
38 1882 29.0
38 1883 29.0
38 1884 29.0
38 1885 29.0
38 1886 29.0
38 1887 29.0
38 1888 29.0
38 1889 29.0
38 1890 29.0
38 1891 29.0
39 1892 29.0
39 1893 29.0
39 1894 29.0
39 1895 29.0
39 1896 29.0
39 1897 29.0
39 1898 29.0
39 1899 29.0
39 1900 29.0
39 1901 29.0
39 1902 29.0
39 1903 29.0
39 1904 29.0
39 1905 29.0
39 1906 29.0
39 1907 29.0
39 1908 29.0
39 1909 29.0
39 1910 29.0
39 1911 29.0
39 1912 29.0
39 1913 29.0
39 1914 29.0
39 1915 29.0
39 1916 29.0
39 1917 29.0
39 1918 29.0
39 1919 29.0
39 1920 29.0
39 1921 29.0
39 1922 29.0
39 1923 29.0
39 1924 29.0
39 1925 29.0
39 1926 29.0
39 1927 29.0
39 1928 29.0
39 1929 29.0
39 1930 29.0
39 1931 29.0
39 1932 29.0
39 1933 29.0
39 1934 29.0
39 1935 29.0
39 1936 29.0
39 1937 29.0
39 1938 29.0
39 1939 29.0
39 1940 29.0
39 1941 29.0
39 1942 29.0
40 1943 29.0
40 1944 29.0
40 1945 29.0
40 1946 29.0
40 1947 29.0
40 1948 29.0
40 1949 29.0
40 1950 29.0
40 1951 29.0
40 1952 29.0
40 1953 29.0
40 1954 29.0
40 1955 29.0
40 1956 29.0
40 1957 29.0
40 1958 29.0
40 1959 29.0
40 1960 29.0
40 1961 29.0
40 1962 29.0
40 1963 29.0
40 1964 29.0
40 1965 29.0
40 1966 29.0
40 1967 29.0
40 1968 29.0
40 1969 29.0
40 1970 29.0
40 1971 29.0
40 1972 29.0
40 1973 29.0
40 1974 29.0
40 1975 29.0
40 1976 29.0
40 1977 29.0
40 1978 29.0
40 1979 29.0
40 1980 29.0
40 1981 29.0
40 1982 29.0
40 1983 29.0
40 1984 29.0
40 1985 29.0
40 1986 29.0
40 1987 29.0
40 1988 29.0
40 1989 29.0
40 1990 29.0
40 1991 29.0
41 1992 29.0
41 1993 29.0
41 1994 29.0
41 1995 29.0
41 1996 29.0
41 1997 29.0
41 1998 29.0
41 1999 29.0
41 2000 29.0
41 2001 29.0
41 2002 28.9
41 2003 28.9
41 2004 28.9
41 2005 28.9
41 2006 28.9
41 2007 28.9
41 2008 28.9
41 2009 28.9
41 2010 28.9
41 2011 28.9
41 2012 28.9
41 2013 28.9
41 2014 28.9
41 2015 28.9
41 2016 28.9
41 2017 28.9
41 2018 28.8
41 2019 28.8
41 2020 28.8
41 2021 28.8
41 2022 28.8
41 2023 28.8
41 2024 28.8
41 2025 28.8
41 2026 28.8
41 2027 28.8
41 2028 28.8
41 2029 28.8
41 2030 28.8
41 2031 28.8
41 2032 28.8
41 2033 28.8
41 2034 28.8
41 2035 28.8
41 2036 28.8
41 2037 28.8
41 2038 28.8
41 2039 28.8
41 2040 28.8
41 2041 28.8
41 2042 28.8
41 2043 28.8
42 2044 28.8
42 2045 28.8
42 2046 28.8
42 2047 28.8
42 2048 28.8
42 2049 28.8
42 2050 28.8
42 2051 28.8
42 2052 28.8
42 2053 28.8
42 2054 28.8
42 2055 28.8
42 2056 28.8
42 2057 28.8
42 2058 28.8
42 2059 28.8
42 2060 28.8
42 2061 28.8
42 2062 28.8
42 2063 28.8
42 2064 28.8
42 2065 28.8
42 2066 28.8
42 2067 28.8
42 2068 28.8
42 2069 28.8
42 2070 28.8
42 2071 28.8
42 2072 28.8
42 2073 28.8
42 2074 28.8
42 2075 28.8
42 2076 28.8
42 2077 28.8
42 2078 28.8
42 2079 28.8
42 2080 28.8
42 2081 28.8
42 2082 28.8
42 2083 28.8
42 2084 28.8
42 2085 28.8
42 2086 28.8
42 2087 28.8
42 2088 28.8
42 2089 28.8
42 2090 28.8
42 2091 28.8
42 2092 28.8
42 2093 28.8
43 2094 28.8
43 2095 28.8
43 2096 28.8
43 2097 28.8
43 2098 28.8
43 2099 28.8
43 2100 28.8
43 2101 28.8
43 2102 28.8
43 2103 28.8
43 2104 28.8
43 2105 28.8
43 2106 28.8
43 2107 28.8
43 2108 28.8
43 2109 28.8
43 2110 28.8
43 2111 28.8
43 2112 28.8
43 2113 28.8
43 2114 28.8
43 2115 28.8
43 2116 28.8
43 2117 28.8
43 2118 28.8
43 2119 28.8
43 2120 28.8
43 2121 28.8
43 2122 28.8
43 2123 28.8
43 2124 28.8
43 2125 28.8
43 2126 28.8
43 2127 28.8
43 2128 28.8
43 2129 28.8
43 2130 28.8
43 2131 28.8
43 2132 28.8
43 2133 28.8
43 2134 28.8
43 2135 28.8
43 2136 28.8
43 2137 28.8
43 2138 28.8
43 2139 28.8
43 2140 28.8
43 2141 28.8
43 2142 28.8
43 2143 28.8
43 2144 28.8
43 2145 28.8
44 2146 28.8
44 2147 28.8
44 2148 28.8
44 2149 28.8
44 2150 28.8
44 2151 28.8
44 2152 28.8
44 2153 28.8
44 2154 28.8
44 2155 28.8
44 2156 28.8
44 2157 28.8
44 2158 28.8
44 2159 28.8
44 2160 28.8
44 2161 28.8
44 2162 28.8
44 2163 28.8
44 2164 28.8
44 2165 28.8
44 2166 28.8
44 2167 28.8
44 2168 28.8
44 2169 28.8
44 2170 28.8
44 2171 28.8
44 2172 28.8
44 2173 28.8
44 2174 28.8
44 2175 28.8
44 2176 28.8
44 2177 28.8
44 2178 28.8
44 2179 28.8
44 2180 28.8
44 2181 28.8
44 2182 28.8
44 2183 28.8
44 2184 28.8
44 2185 28.8
44 2186 28.8
44 2187 28.8
44 2188 28.8
44 2189 28.8
44 2190 28.8
44 2191 28.8
44 2192 28.8
44 2193 28.8
44 2194 28.8
45 2195 28.8
45 2196 28.8
45 2197 28.8
45 2198 28.8
45 2199 28.8
45 2200 28.8
45 2201 28.8
45 2202 28.8
45 2203 28.8
45 2204 28.8
45 2205 28.8
45 2206 28.8
45 2207 28.8
45 2208 28.8
45 2209 28.8
45 2210 28.8
45 2211 28.8
45 2212 28.8
45 2213 28.8
45 2214 28.8
45 2215 28.8
45 2216 28.8
45 2217 28.8
45 2218 28.8
45 2219 28.8
45 2220 28.8
45 2221 28.8
45 2222 28.8
45 2223 28.8
45 2224 28.8
45 2225 28.8
45 2226 28.8
45 2227 28.8
45 2228 28.8
45 2229 28.8
45 2230 28.8
45 2231 28.8
45 2232 28.8
45 2233 28.8
45 2234 28.8
45 2235 28.8
45 2236 28.8
45 2237 28.8
45 2238 28.8
45 2239 28.8
45 2240 28.8
45 2241 28.8
45 2242 28.8
45 2243 28.8
45 2244 28.8
46 2245 28.8
46 2246 28.8
46 2247 28.8
46 2248 28.8
46 2249 28.8
46 2250 28.8
46 2251 28.8
46 2252 28.8
46 2253 28.8
46 2254 28.8
46 2255 28.8
46 2256 28.8
46 2257 28.8
46 2258 28.8
46 2259 28.8
46 2260 28.8
46 2261 28.8
46 2262 28.8
46 2263 28.8
46 2264 28.8
46 2265 28.8
46 2266 28.8
46 2267 28.8
46 2268 28.8
46 2269 28.8
46 2270 28.8
46 2271 28.8
46 2272 28.8
46 2273 28.8
46 2274 28.8
46 2275 28.8
46 2276 28.8
46 2277 28.8
46 2278 28.8
46 2279 28.8
46 2280 28.8
46 2281 28.8
46 2282 28.8
46 2283 28.8
46 2284 28.8
46 2285 28.8
46 2286 28.8
46 2287 28.8
46 2288 28.8
46 2289 28.8
46 2290 28.8
46 2291 28.8
46 2292 28.8
46 2293 28.8
46 2294 28.8
46 2295 28.8
47 2296 28.8
47 2297 28.8
47 2298 28.8
47 2299 28.8
47 2300 28.8
47 2301 28.8
47 2302 28.8
47 2303 28.8
47 2304 28.8
47 2305 28.8
47 2306 28.8
47 2307 28.8
47 2308 28.8
47 2309 28.8
47 2310 28.8
47 2311 28.8
47 2312 28.8
47 2313 28.8
47 2314 28.8
47 2315 28.8
47 2316 28.8
47 2317 28.8
47 2318 28.8
47 2319 28.8
47 2320 28.8
47 2321 28.8
47 2322 28.8
47 2323 28.8
47 2324 28.8
47 2325 28.8
47 2326 28.8
47 2327 28.8
47 2328 28.8
47 2329 28.8
47 2330 28.8
47 2331 28.8
47 2332 28.8
47 2333 28.8
47 2334 28.8
47 2335 28.8
47 2336 28.8
47 2337 28.8
47 2338 28.8
47 2339 28.8
47 2340 28.8
47 2341 28.8
47 2342 28.8
47 2343 28.8
47 2344 28.8
47 2345 28.8
47 2346 28.8
47 2347 28.8
48 2348 28.8
48 2349 28.8
48 2350 28.8
48 2351 28.8
48 2352 28.8
48 2353 28.8
48 2354 27.7
48 2355 27.7
48 2356 27.7
48 2357 27.7
48 2358 27.7
48 2359 27.7
48 2360 27.7
48 2361 27.7
48 2362 27.7
48 2363 27.7
48 2364 27.7
48 2365 27.7
48 2366 27.7
48 2367 27.7
48 2368 27.2
48 2369 27.2
48 2370 27.2
48 2371 27.2
48 2372 27.2
48 2373 27.2
48 2374 27.2
48 2375 27.2
48 2376 27.2
48 2377 27.2
48 2378 27.2
48 2379 27.2
48 2380 27.2
48 2381 27.0
48 2382 27.0
48 2383 27.0
48 2384 26.9
48 2385 26.9
48 2386 26.9
48 2387 26.9
48 2388 26.9
48 2389 26.9
48 2390 26.8
48 2391 26.8
48 2392 26.8
48 2393 26.8
48 2394 26.8
48 2395 26.8
48 2396 26.8
48 2397 26.8
48 2398 26.8
48 2399 26.8
48 2400 26.8
49 2401 26.7
49 2402 26.1
49 2403 26.1
49 2404 26.1
49 2405 25.9
49 2406 25.9
49 2407 25.9
49 2408 25.9
49 2409 25.9
49 2410 25.9
49 2411 25.9
49 2412 25.9
49 2413 25.9
49 2414 25.9
49 2415 25.9
49 2416 25.9
49 2417 25.9
49 2418 25.7
49 2419 25.7
49 2420 25.7
49 2421 25.7
49 2422 25.7
49 2423 25.7
49 2424 25.7
49 2425 25.7
49 2426 25.7
49 2427 25.6
49 2428 25.6
49 2429 25.6
49 2430 25.6
49 2431 25.6
49 2432 25.6
49 2433 25.6
49 2434 25.6
49 2435 25.6
49 2436 25.6
49 2437 25.6
49 2438 25.6
49 2439 25.6
49 2440 25.6
49 2441 25.6
49 2442 25.6
49 2443 25.6
49 2444 25.6
49 2445 25.6
49 2446 25.6
49 2447 25.6
49 2448 25.6
49 2449 25.6
49 2450 25.6
49 2451 25.6
49 2452 25.6
49 2453 25.6
49 2454 25.6
50 2455 25.6
50 2456 25.6
50 2457 25.6
50 2458 25.6
50 2459 25.6
50 2460 25.6
50 2461 25.6
50 2462 25.6
50 2463 25.6
50 2464 25.6
50 2465 25.6
50 2466 25.6
50 2467 25.6
50 2468 25.6
50 2469 25.6
50 2470 25.6
50 2471 25.6
50 2472 25.6
50 2473 25.6
50 2474 25.6
50 2475 25.6
50 2476 25.6
50 2477 25.6
50 2478 25.6
50 2479 25.6
50 2480 25.6
50 2481 25.6
50 2482 25.6
50 2483 25.6
50 2484 25.6
50 2485 25.6
50 2486 25.6
50 2487 25.6
50 2488 25.6
50 2489 25.6
50 2490 25.6
50 2491 25.6
50 2492 25.6
50 2493 25.6
50 2494 25.6
50 2495 25.6
50 2496 25.6
50 2497 25.6
50 2498 25.6
50 2499 25.6
50 2500 25.6
50 2501 25.6
50 2502 25.6
50 2503 25.6
50 2504 25.6
50 2505 25.6
50 2506 25.6
51 2507 25.6
51 2508 25.6
51 2509 25.6
51 2510 25.6
51 2511 25.6
51 2512 25.6
51 2513 25.6
51 2514 25.6
51 2515 25.6
51 2516 25.6
51 2517 25.6
51 2518 25.6
51 2519 25.6
51 2520 25.6
51 2521 25.6
51 2522 25.6
51 2523 25.6
51 2524 25.6
51 2525 25.6
51 2526 25.6
51 2527 25.6
51 2528 25.6
51 2529 25.6
51 2530 25.6
51 2531 25.6
51 2532 25.6
51 2533 25.6
51 2534 25.6
51 2535 25.6
51 2536 25.6
51 2537 25.6
51 2538 25.6
51 2539 25.6
51 2540 25.6
51 2541 25.6
51 2542 25.6
51 2543 25.6
51 2544 25.6
51 2545 25.6
51 2546 25.6
51 2547 25.6
51 2548 25.6
51 2549 25.6
51 2550 25.6
51 2551 25.6
51 2552 25.6
51 2553 25.6
51 2554 25.6
51 2555 25.6
51 2556 25.6
51 2557 25.6
51 2558 25.6
52 2559 25.6
52 2560 25.6
52 2561 25.6
52 2562 25.6
52 2563 25.6
52 2564 25.6
52 2565 25.6
52 2566 25.6
52 2567 25.6
52 2568 25.6
52 2569 25.6
52 2570 25.6
52 2571 25.6
52 2572 25.6
52 2573 25.6
52 2574 25.6
52 2575 25.6
52 2576 25.6
52 2577 25.6
52 2578 25.6
52 2579 25.6
52 2580 25.6
52 2581 25.6
52 2582 25.6
52 2583 25.6
52 2584 25.6
52 2585 25.6
52 2586 25.6
52 2587 25.6
52 2588 25.6
52 2589 25.6
52 2590 25.6
52 2591 25.6
52 2592 25.6
52 2593 25.6
52 2594 25.6
52 2595 25.6
52 2596 25.6
52 2597 25.6
52 2598 25.6
52 2599 25.6
52 2600 25.6
52 2601 25.6
52 2602 25.6
52 2603 25.6
52 2604 25.6
52 2605 25.6
52 2606 25.6
52 2607 25.6
52 2608 25.6
52 2609 25.6
52 2610 25.6
53 2611 25.6
53 2612 25.6
53 2613 25.6
53 2614 25.6
53 2615 25.6
53 2616 25.6
53 2617 25.6
53 2618 25.6
53 2619 25.6
53 2620 25.6
53 2621 25.6
53 2622 25.6
53 2623 25.6
53 2624 25.6
53 2625 25.6
53 2626 25.6
53 2627 25.6
53 2628 25.6
53 2629 25.6
53 2630 25.6
53 2631 25.6
53 2632 25.6
53 2633 25.6
53 2634 25.6
53 2635 25.6
53 2636 25.6
53 2637 25.6
53 2638 25.6
53 2639 25.6
53 2640 25.6
53 2641 25.6
53 2642 25.6
53 2643 25.6
53 2644 25.6
53 2645 25.6
53 2646 25.6
53 2647 25.6
53 2648 25.6
53 2649 25.6
53 2650 25.6
53 2651 25.6
53 2652 25.6
53 2653 25.6
53 2654 25.6
53 2655 25.6
53 2656 25.6
53 2657 25.6
53 2658 25.6
53 2659 25.6
53 2660 25.6
54 2661 25.6
54 2662 25.6
54 2663 25.6
54 2664 25.6
54 2665 25.6
54 2666 25.6
54 2667 25.6
54 2668 25.6
54 2669 25.6
54 2670 25.6
54 2671 25.6
54 2672 25.6
54 2673 25.6
54 2674 25.6
54 2675 25.6
54 2676 25.6
54 2677 25.6
54 2678 25.6
54 2679 25.6
54 2680 25.6
54 2681 25.6
54 2682 25.6
54 2683 25.6
54 2684 25.6
54 2685 25.6
54 2686 25.6
54 2687 25.6
54 2688 25.6
54 2689 25.6
54 2690 25.6
54 2691 25.6
54 2692 25.6
54 2693 25.6
54 2694 25.6
54 2695 25.6
54 2696 25.6
54 2697 25.6
54 2698 25.6
54 2699 25.6
54 2700 25.6
54 2701 25.6
54 2702 25.6
54 2703 25.6
54 2704 25.6
54 2705 25.6
54 2706 25.6
54 2707 25.6
54 2708 25.6
54 2709 25.6
55 2710 25.6
55 2711 25.6
55 2712 25.6
55 2713 25.6
55 2714 25.6
55 2715 25.6
55 2716 25.6
55 2717 25.6
55 2718 25.6
55 2719 25.6
55 2720 25.6
55 2721 25.6
55 2722 25.6
55 2723 25.6
55 2724 25.6
55 2725 25.6
55 2726 25.6
55 2727 25.6
55 2728 25.6
55 2729 25.6
55 2730 25.6
55 2731 25.6
55 2732 25.6
55 2733 25.6
55 2734 25.6
55 2735 25.6
55 2736 25.6
55 2737 25.6
55 2738 25.6
55 2739 25.6
55 2740 25.6
55 2741 25.6
55 2742 25.6
55 2743 25.6
55 2744 25.6
55 2745 25.6
55 2746 25.6
55 2747 25.6
55 2748 25.6
55 2749 25.6
55 2750 25.6
55 2751 25.6
55 2752 25.6
55 2753 25.6
55 2754 25.6
55 2755 25.6
55 2756 25.6
55 2757 25.6
55 2758 25.6
55 2759 25.6
56 2760 25.6
56 2761 25.6
56 2762 25.6
56 2763 25.6
56 2764 25.6
56 2765 25.6
56 2766 25.6
56 2767 25.6
56 2768 25.6
56 2769 25.6
56 2770 25.6
56 2771 25.6
56 2772 25.6
56 2773 25.6
56 2774 25.6
56 2775 25.6
56 2776 25.6
56 2777 25.6
56 2778 25.6
56 2779 25.6
56 2780 25.6
56 2781 25.6
56 2782 25.6
56 2783 25.6
56 2784 25.6
56 2785 25.6
56 2786 25.6
56 2787 25.6
56 2788 25.6
56 2789 25.6
56 2790 25.6
56 2791 25.6
56 2792 25.6
56 2793 25.6
56 2794 25.6
56 2795 25.6
56 2796 25.6
56 2797 25.6
56 2798 25.6
56 2799 25.6
56 2800 25.6
56 2801 25.6
56 2802 25.6
56 2803 25.6
56 2804 25.6
56 2805 25.6
56 2806 25.6
56 2807 25.6
57 2808 25.6
57 2809 25.6
57 2810 25.6
57 2811 25.6
57 2812 25.6
57 2813 25.6
57 2814 25.6
57 2815 25.6
57 2816 25.6
57 2817 25.6
57 2818 25.6
57 2819 25.6
57 2820 25.6
57 2821 25.6
57 2822 25.6
57 2823 25.6
57 2824 25.6
57 2825 25.6
57 2826 25.6
57 2827 25.6
57 2828 25.6
57 2829 25.6
57 2830 25.6
57 2831 25.6
57 2832 25.6
57 2833 25.6
57 2834 25.6
57 2835 25.6
57 2836 25.6
57 2837 25.6
57 2838 25.6
57 2839 25.6
57 2840 25.6
57 2841 25.6
57 2842 25.6
57 2843 25.6
57 2844 25.6
57 2845 25.6
57 2846 25.6
57 2847 25.6
57 2848 25.6
57 2849 25.6
57 2850 25.6
57 2851 25.6
57 2852 25.6
57 2853 25.6
57 2854 25.6
57 2855 25.6
57 2856 25.6
58 2857 25.6
58 2858 25.6
58 2859 25.6
58 2860 25.6
58 2861 25.6
58 2862 25.6
58 2863 25.6
58 2864 25.6
58 2865 25.6
58 2866 25.6
58 2867 25.6
58 2868 25.6
58 2869 25.6
58 2870 25.6
58 2871 25.6
58 2872 25.6
58 2873 25.6
58 2874 25.6
58 2875 25.6
58 2876 25.6
58 2877 25.6
58 2878 25.6
58 2879 25.6
58 2880 25.6
58 2881 25.6
58 2882 25.6
58 2883 25.6
58 2884 25.6
58 2885 25.6
58 2886 25.6
58 2887 25.6
58 2888 25.6
58 2889 25.6
58 2890 25.6
58 2891 25.6
58 2892 25.6
58 2893 25.6
58 2894 25.6
58 2895 25.6
58 2896 25.6
58 2897 25.6
58 2898 25.6
58 2899 25.6
58 2900 25.6
58 2901 25.6
58 2902 25.6
58 2903 25.6
58 2904 25.6
58 2905 25.6
59 2906 25.6
59 2907 25.6
59 2908 25.6
59 2909 25.6
59 2910 25.6
59 2911 25.6
59 2912 25.6
59 2913 25.6
59 2914 25.6
59 2915 25.6
59 2916 25.6
59 2917 25.6
59 2918 25.6
59 2919 25.6
59 2920 25.6
59 2921 25.6
59 2922 25.6
59 2923 25.6
59 2924 25.6
59 2925 25.6
59 2926 25.6
59 2927 25.6
59 2928 25.6
59 2929 25.6
59 2930 25.6
59 2931 25.6
59 2932 25.6
59 2933 25.6
59 2934 25.6
59 2935 25.6
59 2936 25.6
59 2937 25.6
59 2938 25.6
59 2939 25.6
59 2940 25.6
59 2941 25.6
59 2942 25.6
59 2943 25.6
59 2944 25.6
59 2945 25.6
59 2946 25.6
59 2947 25.6
59 2948 25.6
59 2949 25.6
59 2950 25.6
59 2951 25.6
59 2952 25.6
59 2953 25.6
59 2954 25.6
59 2955 25.6
59 2956 25.6
60 2957 25.6
60 2958 25.6
60 2959 25.6
60 2960 25.6
60 2961 25.6
60 2962 25.6
60 2963 25.6
60 2964 25.6
60 2965 25.6
60 2966 25.6
60 2967 25.6
60 2968 25.6
60 2969 25.6
60 2970 25.6
60 2971 25.6
60 2972 25.6
60 2973 25.6
60 2974 25.6
60 2975 25.6
60 2976 25.6
60 2977 25.6
60 2978 25.6
60 2979 25.6
60 2980 25.6
60 2981 25.6
60 2982 25.6
60 2983 25.6
60 2984 25.6
60 2985 25.6
60 2986 25.6
60 2987 25.6
60 2988 25.6
60 2989 25.6
60 2990 25.6
60 2991 25.6
60 2992 25.6
60 2993 25.6
60 2994 25.6
60 2995 25.6
60 2996 25.6
60 2997 25.6
60 2998 25.6
60 2999 25.6
60 3000 25.6
60 3001 25.6
60 3002 25.6
60 3003 25.6
60 3004 25.6
60 3005 25.6
60 3006 25.6
60 3007 25.6
60 3008 25.6
61 3009 25.6
61 3010 25.6
61 3011 25.6
61 3012 25.6
61 3013 25.6
61 3014 25.6
61 3015 25.6
61 3016 25.6
61 3017 25.6
61 3018 25.6
61 3019 25.6
61 3020 25.6
61 3021 25.6
61 3022 25.6
61 3023 25.6
61 3024 25.6
61 3025 25.6
61 3026 25.6
61 3027 25.6
61 3028 25.6
61 3029 25.6
61 3030 25.6
61 3031 25.6
61 3032 25.6
61 3033 25.6
61 3034 25.6
61 3035 25.6
61 3036 25.6
61 3037 25.6
61 3038 25.6
61 3039 25.6
61 3040 25.6
61 3041 25.6
61 3042 25.6
61 3043 25.6
61 3044 25.6
61 3045 25.6
61 3046 25.6
61 3047 25.6
61 3048 25.6
61 3049 25.6
61 3050 25.6
61 3051 25.6
61 3052 25.6
61 3053 25.6
61 3054 25.6
61 3055 25.6
61 3056 25.6
61 3057 25.6
61 3058 25.6
61 3059 25.6
61 3060 25.6
62 3061 25.6
62 3062 25.6
62 3063 25.6
62 3064 25.6
62 3065 25.6
62 3066 25.6
62 3067 25.6
62 3068 25.6
62 3069 25.6
62 3070 25.6
62 3071 25.6
62 3072 25.6
62 3073 25.6
62 3074 25.6
62 3075 25.6
62 3076 25.6
62 3077 25.6
62 3078 25.6
62 3079 25.6
62 3080 25.6
62 3081 25.6
62 3082 25.6
62 3083 25.6
62 3084 25.6
62 3085 24.0
62 3086 24.0
62 3087 24.0
62 3088 23.0
62 3089 23.0
62 3090 23.0
62 3091 23.0
62 3092 23.0
62 3093 23.0
62 3094 23.0
62 3095 23.0
62 3096 23.0
62 3097 23.0
62 3098 23.0
62 3099 23.0
62 3100 23.0
62 3101 23.0
62 3102 23.0
62 3103 23.0
62 3104 23.0
62 3105 23.0
62 3106 23.0
62 3107 23.0
62 3108 23.0
62 3109 23.0
62 3110 23.0
62 3111 23.0
62 3112 23.0
63 3113 23.0
63 3114 23.0
63 3115 23.0
63 3116 23.0
63 3117 23.0
63 3118 23.0
63 3119 23.0
63 3120 23.0
63 3121 23.0
63 3122 23.0
63 3123 23.0
63 3124 23.0
63 3125 23.0
63 3126 23.0
63 3127 23.0
63 3128 23.0
63 3129 23.0
63 3130 23.0
63 3131 23.0
63 3132 23.0
63 3133 23.0
63 3134 23.0
63 3135 23.0
63 3136 23.0
63 3137 23.0
63 3138 23.0
63 3139 23.0
63 3140 23.0
63 3141 23.0
63 3142 23.0
63 3143 23.0
63 3144 23.0
63 3145 23.0
63 3146 23.0
63 3147 23.0
63 3148 23.0
63 3149 23.0
63 3150 23.0
63 3151 23.0
63 3152 23.0
63 3153 23.0
63 3154 23.0
63 3155 23.0
63 3156 23.0
63 3157 23.0
63 3158 23.0
63 3159 23.0
63 3160 23.0
63 3161 23.0
63 3162 23.0
63 3163 23.0
63 3164 23.0
64 3165 23.0
64 3166 23.0
64 3167 23.0
64 3168 23.0
64 3169 23.0
64 3170 23.0
64 3171 23.0
64 3172 23.0
64 3173 23.0
64 3174 23.0
64 3175 23.0
64 3176 23.0
64 3177 23.0
64 3178 23.0
64 3179 23.0
64 3180 23.0
64 3181 23.0
64 3182 23.0
64 3183 23.0
64 3184 23.0
64 3185 23.0
64 3186 23.0
64 3187 23.0
64 3188 23.0
64 3189 23.0
64 3190 23.0
64 3191 23.0
64 3192 23.0
64 3193 23.0
64 3194 23.0
64 3195 23.0
64 3196 23.0
64 3197 23.0
64 3198 23.0
64 3199 23.0
64 3200 23.0
64 3201 23.0
64 3202 23.0
64 3203 23.0
64 3204 23.0
64 3205 23.0
64 3206 23.0
64 3207 23.0
64 3208 23.0
64 3209 23.0
64 3210 23.0
64 3211 23.0
64 3212 23.0
64 3213 23.0
64 3214 23.0
64 3215 23.0
65 3216 23.0
65 3217 23.0
65 3218 23.0
65 3219 23.0
65 3220 23.0
65 3221 23.0
65 3222 23.0
65 3223 23.0
65 3224 23.0
65 3225 23.0
65 3226 23.0
65 3227 23.0
65 3228 23.0
65 3229 23.0
65 3230 23.0
65 3231 23.0
65 3232 23.0
65 3233 23.0
65 3234 23.0
65 3235 23.0
65 3236 23.0
65 3237 23.0
65 3238 23.0
65 3239 23.0
65 3240 23.0
65 3241 23.0
65 3242 23.0
65 3243 23.0
65 3244 23.0
65 3245 23.0
65 3246 23.0
65 3247 23.0
65 3248 23.0
65 3249 23.0
65 3250 23.0
65 3251 23.0
65 3252 23.0
65 3253 23.0
65 3254 23.0
65 3255 23.0
65 3256 23.0
65 3257 23.0
65 3258 23.0
65 3259 23.0
65 3260 23.0
65 3261 23.0
65 3262 23.0
65 3263 23.0
65 3264 23.0
65 3265 23.0
66 3266 23.0
66 3267 23.0
66 3268 23.0
66 3269 23.0
66 3270 23.0
66 3271 23.0
66 3272 23.0
66 3273 23.0
66 3274 23.0
66 3275 23.0
66 3276 23.0
66 3277 23.0
66 3278 23.0
66 3279 23.0
66 3280 23.0
66 3281 23.0
66 3282 23.0
66 3283 23.0
66 3284 23.0
66 3285 23.0
66 3286 23.0
66 3287 23.0
66 3288 23.0
66 3289 23.0
66 3290 23.0
66 3291 23.0
66 3292 23.0
66 3293 23.0
66 3294 23.0
66 3295 23.0
66 3296 23.0
66 3297 23.0
66 3298 23.0
66 3299 23.0
66 3300 23.0
66 3301 23.0
66 3302 23.0
66 3303 23.0
66 3304 23.0
66 3305 23.0
66 3306 23.0
66 3307 23.0
66 3308 23.0
66 3309 23.0
66 3310 23.0
66 3311 23.0
66 3312 23.0
66 3313 23.0
66 3314 23.0
66 3315 23.0
67 3316 23.0
67 3317 23.0
67 3318 23.0
67 3319 23.0
67 3320 23.0
67 3321 23.0
67 3322 23.0
67 3323 23.0
67 3324 23.0
67 3325 23.0
67 3326 23.0
67 3327 23.0
67 3328 23.0
67 3329 23.0
67 3330 23.0
67 3331 23.0
67 3332 23.0
67 3333 23.0
67 3334 23.0
67 3335 23.0
67 3336 23.0
67 3337 23.0
67 3338 23.0
67 3339 23.0
67 3340 23.0
67 3341 23.0
67 3342 23.0
67 3343 23.0
67 3344 23.0
67 3345 22.8
67 3346 22.8
67 3347 22.8
67 3348 22.8
67 3349 22.8
67 3350 22.8
67 3351 22.8
67 3352 22.8
67 3353 22.8
67 3354 22.8
67 3355 22.8
67 3356 22.8
67 3357 22.8
67 3358 22.8
67 3359 22.8
67 3360 22.8
67 3361 22.8
67 3362 22.8
67 3363 22.8
67 3364 22.8
67 3365 22.8
67 3366 22.8
68 3367 22.8
68 3368 22.8
68 3369 22.8
68 3370 22.8
68 3371 22.8
68 3372 22.8
68 3373 22.8
68 3374 22.8
68 3375 22.8
68 3376 22.8
68 3377 22.8
68 3378 22.8
68 3379 22.8
68 3380 22.8
68 3381 22.8
68 3382 22.8
68 3383 22.8
68 3384 22.8
68 3385 22.8
68 3386 22.8
68 3387 22.8
68 3388 22.8
68 3389 22.8
68 3390 22.8
68 3391 22.8
68 3392 22.8
68 3393 22.8
68 3394 22.8
68 3395 22.8
68 3396 22.8
68 3397 22.8
68 3398 22.8
68 3399 22.8
68 3400 22.8
68 3401 22.8
68 3402 22.8
68 3403 22.8
68 3404 22.8
68 3405 22.8
68 3406 22.8
68 3407 22.8
68 3408 22.8
68 3409 22.8
68 3410 22.8
68 3411 22.8
68 3412 22.8
68 3413 22.8
68 3414 22.8
68 3415 22.8
68 3416 22.8
68 3417 22.8
68 3418 22.8
68 3419 22.8
69 3420 22.8
69 3421 22.8
69 3422 22.8
69 3423 22.8
69 3424 22.8
69 3425 22.8
69 3426 22.8
69 3427 22.8
69 3428 22.8
69 3429 22.8
69 3430 22.8
69 3431 22.8
69 3432 22.8
69 3433 22.8
69 3434 22.8
69 3435 22.8
69 3436 22.8
69 3437 22.8
69 3438 22.8
69 3439 22.8
69 3440 22.8
69 3441 22.8
69 3442 22.8
69 3443 22.8
69 3444 22.8
69 3445 22.8
69 3446 22.8
69 3447 22.8
69 3448 22.8
69 3449 22.8
69 3450 22.8
69 3451 22.8
69 3452 22.8
69 3453 22.8
69 3454 22.8
69 3455 22.8
69 3456 22.8
69 3457 22.8
69 3458 22.8
69 3459 22.8
69 3460 22.8
69 3461 22.8
69 3462 22.8
69 3463 22.8
69 3464 22.8
69 3465 22.8
69 3466 22.8
69 3467 22.8
69 3468 22.8
70 3469 22.8
70 3470 22.8
70 3471 22.8
70 3472 22.8
70 3473 22.8
70 3474 22.8
70 3475 22.8
70 3476 22.8
70 3477 22.8
70 3478 22.8
70 3479 22.8
70 3480 22.8
70 3481 22.8
70 3482 22.8
70 3483 22.8
70 3484 22.8
70 3485 22.8
70 3486 22.8
70 3487 22.8
70 3488 22.8
70 3489 22.8
70 3490 22.8
70 3491 22.8
70 3492 22.8
70 3493 22.8
70 3494 22.8
70 3495 22.8
70 3496 22.8
70 3497 22.8
70 3498 22.8
70 3499 22.8
70 3500 22.8
70 3501 22.8
70 3502 22.8
70 3503 22.8
70 3504 22.8
70 3505 22.8
70 3506 22.8
70 3507 22.8
70 3508 22.8
70 3509 22.8
70 3510 22.8
70 3511 22.8
70 3512 22.8
70 3513 22.8
70 3514 22.8
70 3515 22.8
70 3516 22.8
70 3517 22.8
70 3518 22.8
70 3519 22.8
70 3520 22.8
70 3521 22.8
70 3522 22.8
71 3523 22.8
71 3524 22.8
71 3525 22.8
71 3526 22.8
71 3527 22.8
71 3528 22.8
71 3529 22.8
71 3530 22.8
71 3531 22.8
71 3532 22.8
71 3533 22.8
71 3534 22.8
71 3535 22.8
71 3536 22.8
71 3537 22.8
71 3538 22.8
71 3539 22.8
71 3540 22.8
71 3541 22.8
71 3542 22.8
71 3543 22.8
71 3544 22.8
71 3545 22.8
71 3546 22.8
71 3547 22.8
71 3548 22.8
71 3549 22.8
71 3550 22.8
71 3551 22.8
71 3552 22.8
71 3553 22.8
71 3554 22.8
71 3555 22.8
71 3556 22.8
71 3557 22.8
71 3558 22.8
71 3559 22.8
71 3560 22.8
71 3561 22.8
71 3562 22.8
71 3563 22.8
71 3564 22.8
71 3565 22.8
71 3566 22.8
71 3567 22.8
71 3568 22.8
71 3569 22.8
71 3570 22.8
71 3571 22.8
71 3572 22.8
71 3573 22.8
71 3574 22.8
71 3575 22.8
72 3576 22.8
72 3577 22.8
72 3578 22.8
72 3579 22.8
72 3580 22.8
72 3581 22.8
72 3582 22.8
72 3583 22.8
72 3584 22.8
72 3585 22.8
72 3586 22.8
72 3587 22.8
72 3588 22.8
72 3589 22.8
72 3590 22.8
72 3591 22.8
72 3592 22.8
72 3593 22.8
72 3594 22.8
72 3595 22.8
72 3596 22.8
72 3597 22.8
72 3598 22.8
72 3599 22.8
72 3600 22.8
72 3601 22.8
72 3602 22.8
72 3603 22.8
72 3604 22.8
72 3605 22.8
72 3606 22.8
72 3607 22.8
72 3608 22.8
72 3609 22.8
72 3610 22.8
72 3611 22.8
72 3612 22.8
72 3613 22.8
72 3614 22.8
72 3615 22.8
72 3616 22.8
72 3617 22.8
72 3618 22.8
72 3619 22.8
72 3620 22.8
72 3621 22.8
72 3622 22.8
72 3623 22.8
72 3624 22.8
72 3625 22.8
72 3626 22.8
73 3627 22.8
73 3628 22.8
73 3629 22.8
73 3630 22.8
73 3631 22.8
73 3632 22.8
73 3633 22.8
73 3634 22.8
73 3635 22.8
73 3636 22.8
73 3637 22.8
73 3638 22.8
73 3639 22.8
73 3640 22.8
73 3641 22.8
73 3642 22.8
73 3643 22.8
73 3644 22.8
73 3645 22.8
73 3646 22.8
73 3647 22.8
73 3648 22.8
73 3649 22.8
73 3650 22.3
73 3651 22.3
73 3652 22.3
73 3653 22.3
73 3654 22.3
73 3655 22.3
73 3656 22.0
73 3657 22.0
73 3658 22.0
73 3659 22.0
73 3660 22.0
73 3661 22.0
73 3662 22.0
73 3663 22.0
73 3664 22.0
73 3665 22.0
73 3666 22.0
73 3667 22.0
73 3668 22.0
73 3669 22.0
73 3670 22.0
73 3671 22.0
73 3672 22.0
73 3673 22.0
73 3674 22.0
73 3675 22.0
73 3676 22.0
73 3677 22.0
74 3678 21.0
74 3679 21.0
74 3680 21.0
74 3681 21.0
74 3682 21.0
74 3683 20.6
74 3684 20.6
74 3685 20.6
74 3686 20.6
74 3687 20.3
74 3688 20.3
74 3689 20.3
74 3690 20.3
74 3691 20.3
74 3692 20.3
74 3693 20.3
74 3694 20.3
74 3695 20.3
74 3696 20.2
74 3697 20.2
74 3698 20.2
74 3699 20.2
74 3700 20.2
74 3701 20.0
74 3702 20.0
74 3703 20.0
74 3704 20.0
74 3705 20.0
74 3706 20.0
74 3707 20.0
74 3708 20.0
74 3709 20.0
74 3710 20.0
74 3711 20.0
74 3712 20.0
74 3713 20.0
74 3714 20.0
74 3715 20.0
74 3716 20.0
74 3717 20.0
74 3718 20.0
74 3719 20.0
74 3720 20.0
74 3721 20.0
74 3722 20.0
74 3723 20.0
74 3724 20.0
74 3725 20.0
74 3726 20.0
74 3727 20.0
74 3728 20.0
74 3729 20.0
75 3730 20.0
75 3731 20.0
75 3732 20.0
75 3733 20.0
75 3734 20.0
75 3735 20.0
75 3736 20.0
75 3737 20.0
75 3738 20.0
75 3739 20.0
75 3740 20.0
75 3741 20.0
75 3742 20.0
75 3743 20.0
75 3744 20.0
75 3745 20.0
75 3746 20.0
75 3747 20.0
75 3748 20.0
75 3749 20.0
75 3750 20.0
75 3751 20.0
75 3752 20.0
75 3753 20.0
75 3754 20.0
75 3755 20.0
75 3756 20.0
75 3757 20.0
75 3758 20.0
75 3759 20.0
75 3760 20.0
75 3761 20.0
75 3762 20.0
75 3763 20.0
75 3764 20.0
75 3765 20.0
75 3766 20.0
75 3767 20.0
75 3768 20.0
75 3769 20.0
75 3770 20.0
75 3771 20.0
75 3772 20.0
75 3773 20.0
75 3774 20.0
75 3775 20.0
75 3776 20.0
75 3777 20.0
75 3778 20.0
75 3779 20.0
75 3780 20.0
75 3781 20.0
75 3782 20.0
76 3783 20.0
76 3784 20.0
76 3785 20.0
76 3786 20.0
76 3787 20.0
76 3788 20.0
76 3789 20.0
76 3790 20.0
76 3791 20.0
76 3792 20.0
76 3793 20.0
76 3794 20.0
76 3795 20.0
76 3796 20.0
76 3797 20.0
76 3798 20.0
76 3799 20.0
76 3800 20.0
76 3801 20.0
76 3802 20.0
76 3803 20.0
76 3804 20.0
76 3805 20.0
76 3806 20.0
76 3807 20.0
76 3808 20.0
76 3809 20.0
76 3810 20.0
76 3811 20.0
76 3812 20.0
76 3813 20.0
76 3814 20.0
76 3815 20.0
76 3816 20.0
76 3817 20.0
76 3818 20.0
76 3819 20.0
76 3820 20.0
76 3821 20.0
76 3822 20.0
76 3823 20.0
76 3824 20.0
76 3825 20.0
76 3826 20.0
76 3827 20.0
76 3828 20.0
76 3829 20.0
76 3830 20.0
77 3831 20.0
77 3832 20.0
77 3833 20.0
77 3834 20.0
77 3835 20.0
77 3836 20.0
77 3837 20.0
77 3838 20.0
77 3839 20.0
77 3840 20.0
77 3841 20.0
77 3842 20.0
77 3843 20.0
77 3844 20.0
77 3845 20.0
77 3846 20.0
77 3847 20.0
77 3848 20.0
77 3849 20.0
77 3850 20.0
77 3851 20.0
77 3852 20.0
77 3853 20.0
77 3854 20.0
77 3855 20.0
77 3856 20.0
77 3857 20.0
77 3858 20.0
77 3859 20.0
77 3860 20.0
77 3861 20.0
77 3862 20.0
77 3863 20.0
77 3864 20.0
77 3865 20.0
77 3866 20.0
77 3867 20.0
77 3868 20.0
77 3869 20.0
77 3870 20.0
77 3871 20.0
77 3872 20.0
77 3873 20.0
77 3874 20.0
77 3875 20.0
77 3876 20.0
77 3877 20.0
77 3878 20.0
77 3879 20.0
77 3880 20.0
77 3881 20.0
77 3882 20.0
77 3883 20.0
78 3884 20.0
78 3885 20.0
78 3886 20.0
78 3887 20.0
78 3888 20.0
78 3889 20.0
78 3890 20.0
78 3891 20.0
78 3892 20.0
78 3893 20.0
78 3894 20.0
78 3895 20.0
78 3896 20.0
78 3897 20.0
78 3898 20.0
78 3899 20.0
78 3900 20.0
78 3901 20.0
78 3902 20.0
78 3903 20.0
78 3904 20.0
78 3905 20.0
78 3906 20.0
78 3907 20.0
78 3908 20.0
78 3909 20.0
78 3910 20.0
78 3911 20.0
78 3912 20.0
78 3913 20.0
78 3914 20.0
78 3915 19.9
78 3916 19.9
78 3917 19.9
78 3918 19.9
78 3919 19.9
78 3920 19.9
78 3921 19.9
78 3922 19.9
78 3923 19.9
78 3924 19.9
78 3925 19.9
78 3926 19.9
78 3927 19.9
78 3928 19.9
78 3929 19.9
78 3930 19.9
78 3931 19.9
78 3932 19.9
78 3933 19.9
78 3934 19.9
79 3935 19.9
79 3936 19.9
79 3937 19.9
79 3938 19.9
79 3939 19.9
79 3940 19.9
79 3941 19.9
79 3942 19.9
79 3943 19.9
79 3944 19.9
79 3945 19.9
79 3946 19.9
79 3947 19.9
79 3948 19.9
79 3949 19.9
79 3950 19.9
79 3951 19.9
79 3952 19.9
79 3953 19.9
79 3954 19.9
79 3955 19.9
79 3956 19.9
79 3957 19.9
79 3958 19.9
79 3959 19.9
79 3960 19.9
79 3961 19.9
79 3962 19.9
79 3963 19.9
79 3964 19.9
79 3965 19.9
79 3966 19.9
79 3967 19.8
79 3968 19.8
79 3969 19.8
79 3970 19.8
79 3971 19.8
79 3972 19.8
79 3973 19.8
79 3974 19.8
79 3975 19.8
79 3976 19.8
79 3977 19.8
79 3978 19.7
79 3979 19.7
79 3980 19.7
79 3981 19.6
79 3982 19.6
79 3983 19.6
79 3984 19.4
79 3985 19.4
80 3986 19.4
80 3987 19.4
80 3988 19.4
80 3989 19.4
80 3990 19.4
80 3991 19.4
80 3992 19.4
80 3993 19.4
80 3994 19.4
80 3995 19.4
80 3996 19.4
80 3997 19.4
80 3998 19.4
80 3999 19.4
80 4000 19.4
80 4001 19.4
80 4002 19.4
80 4003 19.4
80 4004 19.4
80 4005 19.4
80 4006 19.4
80 4007 19.4
80 4008 19.4
80 4009 19.4
80 4010 19.4
80 4011 19.4
80 4012 19.4
80 4013 19.4
80 4014 19.4
80 4015 19.4
80 4016 19.4
80 4017 19.4
80 4018 19.4
80 4019 19.4
80 4020 19.4
80 4021 19.4
80 4022 19.4
80 4023 19.4
80 4024 19.4
80 4025 19.4
80 4026 19.4
80 4027 19.4
80 4028 19.4
80 4029 19.4
80 4030 19.4
80 4031 19.4
80 4032 19.4
80 4033 19.4
80 4034 19.4
80 4035 19.4
80 4036 19.4
80 4037 19.4
80 4038 19.4
81 4039 19.4
81 4040 19.4
81 4041 19.4
81 4042 19.4
81 4043 19.4
81 4044 19.4
81 4045 19.4
81 4046 19.4
81 4047 19.4
81 4048 19.4
81 4049 19.4
81 4050 19.4
81 4051 19.4
81 4052 19.4
81 4053 19.4
81 4054 19.3
81 4055 19.3
81 4056 19.3
81 4057 19.2
81 4058 19.2
81 4059 19.2
81 4060 19.2
81 4061 19.2
81 4062 19.2
81 4063 19.2
81 4064 19.2
81 4065 19.2
81 4066 19.2
81 4067 19.2
81 4068 19.2
81 4069 19.2
81 4070 19.2
81 4071 19.2
81 4072 19.2
81 4073 19.2
81 4074 19.2
81 4075 19.2
81 4076 19.2
81 4077 19.2
81 4078 19.2
81 4079 19.2
81 4080 19.2
81 4081 19.2
81 4082 19.2
81 4083 19.2
81 4084 19.2
81 4085 19.2
81 4086 19.2
81 4087 19.2
81 4088 19.2
81 4089 19.2
82 4090 19.2
82 4091 19.2
82 4092 19.2
82 4093 19.2
82 4094 19.2
82 4095 19.2
82 4096 19.2
82 4097 19.2
82 4098 19.2
82 4099 19.2
82 4100 19.2
82 4101 19.2
82 4102 19.2
82 4103 19.2
82 4104 19.2
82 4105 19.2
82 4106 19.2
82 4107 19.2
82 4108 19.2
82 4109 19.2
82 4110 19.2
82 4111 19.2
82 4112 19.2
82 4113 19.2
82 4114 19.2
82 4115 19.2
82 4116 19.2
82 4117 19.2
82 4118 19.2
82 4119 19.2
82 4120 19.2
82 4121 19.2
82 4122 19.2
82 4123 19.2
82 4124 19.2
82 4125 19.2
82 4126 19.2
82 4127 19.2
82 4128 19.2
82 4129 19.2
82 4130 19.2
82 4131 19.2
82 4132 19.2
82 4133 19.2
82 4134 19.2
82 4135 19.2
82 4136 19.2
82 4137 19.2
82 4138 19.2
82 4139 19.2
82 4140 19.2
83 4141 19.2
83 4142 19.2
83 4143 19.2
83 4144 19.2
83 4145 19.2
83 4146 19.2
83 4147 19.2
83 4148 19.2
83 4149 19.2
83 4150 19.2
83 4151 19.2
83 4152 19.2
83 4153 19.2
83 4154 19.2
83 4155 19.2
83 4156 19.2
83 4157 19.2
83 4158 19.2
83 4159 19.2
83 4160 19.2
83 4161 19.2
83 4162 19.2
83 4163 19.2
83 4164 19.2
83 4165 19.2
83 4166 19.2
83 4167 19.2
83 4168 19.2
83 4169 19.2
83 4170 19.2
83 4171 19.2
83 4172 19.2
83 4173 19.2
83 4174 19.2
83 4175 19.2
83 4176 19.2
83 4177 19.2
83 4178 19.2
83 4179 19.2
83 4180 19.2
83 4181 19.2
83 4182 19.2
83 4183 19.2
83 4184 19.2
83 4185 19.2
83 4186 19.2
83 4187 19.2
83 4188 19.2
83 4189 19.2
83 4190 19.2
83 4191 19.2
84 4192 19.2
84 4193 19.2
84 4194 19.2
84 4195 19.2
84 4196 19.2
84 4197 19.2
84 4198 19.2
84 4199 19.2
84 4200 19.2
84 4201 19.2
84 4202 19.2
84 4203 19.2
84 4204 19.2
84 4205 19.2
84 4206 19.2
84 4207 19.2
84 4208 19.2
84 4209 19.2
84 4210 19.2
84 4211 19.2
84 4212 19.2
84 4213 19.2
84 4214 19.2
84 4215 19.2
84 4216 19.2
84 4217 19.2
84 4218 19.2
84 4219 19.2
84 4220 19.2
84 4221 19.2
84 4222 19.2
84 4223 19.2
84 4224 19.2
84 4225 19.2
84 4226 19.2
84 4227 19.2
84 4228 19.2
84 4229 19.2
84 4230 19.2
84 4231 19.2
84 4232 19.2
84 4233 19.2
84 4234 19.2
84 4235 19.2
84 4236 19.2
84 4237 19.2
84 4238 19.2
84 4239 19.2
84 4240 19.2
84 4241 19.2
84 4242 19.2
84 4243 19.2
85 4244 19.2
85 4245 19.2
85 4246 19.2
85 4247 19.2
85 4248 19.2
85 4249 19.2
85 4250 19.2
85 4251 19.2
85 4252 19.2
85 4253 19.2
85 4254 19.2
85 4255 19.2
85 4256 19.2
85 4257 19.2
85 4258 19.2
85 4259 19.2
85 4260 19.2
85 4261 19.2
85 4262 19.2
85 4263 19.2
85 4264 19.2
85 4265 19.2
85 4266 19.2
85 4267 19.2
85 4268 19.2
85 4269 19.2
85 4270 19.2
85 4271 19.2
85 4272 19.2
85 4273 19.2
85 4274 19.2
85 4275 19.2
85 4276 19.2
85 4277 19.2
85 4278 19.2
85 4279 19.2
85 4280 19.2
85 4281 19.2
85 4282 19.2
85 4283 19.2
85 4284 19.2
85 4285 19.2
85 4286 19.2
85 4287 19.2
85 4288 19.2
85 4289 19.2
85 4290 19.2
85 4291 19.2
85 4292 19.2
85 4293 19.2
85 4294 19.2
86 4295 19.2
86 4296 19.2
86 4297 19.2
86 4298 19.2
86 4299 19.2
86 4300 19.2
86 4301 19.2
86 4302 19.2
86 4303 19.2
86 4304 19.2
86 4305 19.2
86 4306 19.2
86 4307 19.2
86 4308 19.2
86 4309 19.2
86 4310 19.2
86 4311 19.2
86 4312 19.2
86 4313 19.2
86 4314 19.2
86 4315 19.2
86 4316 19.2
86 4317 19.2
86 4318 19.2
86 4319 19.2
86 4320 19.2
86 4321 19.2
86 4322 19.2
86 4323 19.2
86 4324 19.2
86 4325 19.2
86 4326 19.2
86 4327 19.2
86 4328 19.2
86 4329 19.2
86 4330 19.2
86 4331 19.2
86 4332 19.2
86 4333 19.2
86 4334 19.2
86 4335 19.2
86 4336 19.2
86 4337 19.2
86 4338 19.2
86 4339 19.2
86 4340 19.2
86 4341 19.2
86 4342 19.2
86 4343 19.2
87 4344 19.2
87 4345 19.2
87 4346 19.2
87 4347 19.2
87 4348 19.2
87 4349 19.2
87 4350 19.2
87 4351 19.2
87 4352 19.2
87 4353 19.2
87 4354 19.2
87 4355 19.2
87 4356 19.2
87 4357 19.2
87 4358 19.2
87 4359 19.2
87 4360 19.2
87 4361 19.2
87 4362 19.2
87 4363 19.2
87 4364 19.2
87 4365 19.2
87 4366 19.2
87 4367 19.2
87 4368 19.2
87 4369 19.2
87 4370 19.2
87 4371 19.2
87 4372 19.2
87 4373 19.2
87 4374 19.2
87 4375 19.2
87 4376 19.2
87 4377 19.2
87 4378 19.2
87 4379 19.2
87 4380 19.2
87 4381 19.2
87 4382 19.2
87 4383 19.2
87 4384 19.2
87 4385 19.2
87 4386 19.2
87 4387 19.2
87 4388 19.2
87 4389 19.2
87 4390 19.2
87 4391 19.2
87 4392 19.2
88 4393 19.2
88 4394 19.2
88 4395 19.2
88 4396 19.2
88 4397 19.2
88 4398 19.2
88 4399 19.2
88 4400 19.2
88 4401 19.2
88 4402 19.2
88 4403 19.2
88 4404 19.2
88 4405 19.2
88 4406 19.2
88 4407 19.2
88 4408 19.2
88 4409 19.2
88 4410 19.2
88 4411 19.2
88 4412 19.2
88 4413 19.2
88 4414 19.2
88 4415 19.2
88 4416 19.2
88 4417 19.2
88 4418 19.2
88 4419 19.2
88 4420 19.2
88 4421 19.2
88 4422 19.2
88 4423 19.2
88 4424 19.2
88 4425 19.2
88 4426 19.2
88 4427 19.2
88 4428 19.2
88 4429 19.2
88 4430 19.2
88 4431 19.2
88 4432 19.2
88 4433 19.2
88 4434 19.2
88 4435 19.2
88 4436 19.2
88 4437 19.2
88 4438 19.2
88 4439 19.2
88 4440 19.2
88 4441 19.2
89 4442 19.2
89 4443 19.2
89 4444 19.2
89 4445 19.2
89 4446 19.2
89 4447 19.2
89 4448 19.2
89 4449 19.2
89 4450 19.2
89 4451 19.2
89 4452 19.2
89 4453 19.2
89 4454 19.2
89 4455 19.2
89 4456 19.2
89 4457 19.2
89 4458 19.2
89 4459 19.2
89 4460 19.2
89 4461 19.2
89 4462 19.2
89 4463 19.2
89 4464 19.2
89 4465 19.2
89 4466 19.2
89 4467 19.2
89 4468 19.2
89 4469 19.2
89 4470 19.2
89 4471 19.2
89 4472 19.2
89 4473 19.2
89 4474 19.2
89 4475 19.2
89 4476 19.2
89 4477 19.2
89 4478 19.2
89 4479 19.2
89 4480 19.2
89 4481 19.2
89 4482 19.2
89 4483 19.2
89 4484 19.2
89 4485 19.2
89 4486 19.2
89 4487 19.2
89 4488 19.2
89 4489 19.2
89 4490 19.2
89 4491 19.2
90 4492 19.2
90 4493 19.2
90 4494 19.2
90 4495 19.2
90 4496 19.2
90 4497 19.2
90 4498 19.2
90 4499 19.2
90 4500 19.2
90 4501 19.2
90 4502 19.2
90 4503 19.2
90 4504 19.2
90 4505 19.2
90 4506 19.2
90 4507 19.2
90 4508 19.2
90 4509 19.2
90 4510 19.2
90 4511 19.2
90 4512 19.2
90 4513 19.2
90 4514 19.2
90 4515 19.2
90 4516 19.2
90 4517 19.2
90 4518 19.2
90 4519 19.2
90 4520 19.2
90 4521 19.2
90 4522 19.2
90 4523 19.2
90 4524 19.2
90 4525 19.2
90 4526 19.2
90 4527 19.2
90 4528 19.2
90 4529 19.2
90 4530 19.2
90 4531 19.2
90 4532 19.2
90 4533 19.2
90 4534 19.2
90 4535 19.2
90 4536 19.2
90 4537 19.2
90 4538 19.2
90 4539 19.2
90 4540 19.2
90 4541 19.2
91 4542 19.2
91 4543 19.2
91 4544 19.2
91 4545 19.2
91 4546 19.2
91 4547 19.2
91 4548 19.2
91 4549 19.2
91 4550 19.2
91 4551 19.2
91 4552 19.2
91 4553 19.2
91 4554 19.2
91 4555 19.2
91 4556 19.2
91 4557 19.2
91 4558 19.2
91 4559 19.2
91 4560 19.2
91 4561 19.2
91 4562 19.2
91 4563 19.2
91 4564 19.2
91 4565 19.2
91 4566 19.2
91 4567 19.2
91 4568 19.2
91 4569 19.2
91 4570 19.2
91 4571 19.2
91 4572 19.2
91 4573 19.2
91 4574 19.2
91 4575 19.2
91 4576 19.2
91 4577 19.2
91 4578 19.2
91 4579 19.2
91 4580 19.2
91 4581 19.2
91 4582 19.2
91 4583 19.2
91 4584 19.2
91 4585 19.2
91 4586 19.2
91 4587 19.2
91 4588 19.2
91 4589 19.2
91 4590 19.2
92 4591 19.2
92 4592 19.2
92 4593 19.2
92 4594 19.2
92 4595 19.2
92 4596 19.2
92 4597 19.2
92 4598 19.2
92 4599 19.2
92 4600 19.2
92 4601 19.2
92 4602 19.2
92 4603 19.2
92 4604 19.2
92 4605 19.2
92 4606 19.2
92 4607 19.2
92 4608 19.2
92 4609 19.2
92 4610 19.2
92 4611 19.2
92 4612 19.2
92 4613 19.2
92 4614 19.2
92 4615 19.2
92 4616 19.2
92 4617 19.2
92 4618 19.2
92 4619 19.2
92 4620 19.2
92 4621 19.2
92 4622 19.2
92 4623 19.2
92 4624 19.2
92 4625 19.2
92 4626 19.2
92 4627 19.2
92 4628 19.2
92 4629 19.2
92 4630 19.2
92 4631 19.2
92 4632 19.2
92 4633 19.2
92 4634 19.2
92 4635 19.2
92 4636 19.2
92 4637 19.2
92 4638 19.2
92 4639 19.2
92 4640 19.2
93 4641 19.2
93 4642 19.2
93 4643 19.2
93 4644 19.2
93 4645 19.2
93 4646 19.2
93 4647 19.2
93 4648 19.2
93 4649 19.2
93 4650 19.2
93 4651 19.2
93 4652 19.2
93 4653 19.2
93 4654 19.2
93 4655 19.2
93 4656 19.2
93 4657 19.2
93 4658 19.2
93 4659 19.2
93 4660 19.2
93 4661 19.2
93 4662 19.2
93 4663 19.2
93 4664 19.2
93 4665 19.2
93 4666 19.2
93 4667 19.2
93 4668 19.2
93 4669 19.2
93 4670 19.2
93 4671 19.2
93 4672 19.2
93 4673 19.2
93 4674 19.2
93 4675 19.2
93 4676 19.2
93 4677 19.2
93 4678 19.2
93 4679 19.2
93 4680 19.2
93 4681 19.2
93 4682 19.2
93 4683 19.2
93 4684 19.2
93 4685 19.2
93 4686 19.2
93 4687 19.2
93 4688 19.2
93 4689 19.2
93 4690 19.2
93 4691 19.2
93 4692 19.2
94 4693 19.2
94 4694 19.2
94 4695 19.2
94 4696 19.2
94 4697 19.2
94 4698 19.2
94 4699 19.2
94 4700 19.2
94 4701 19.2
94 4702 19.2
94 4703 19.2
94 4704 19.2
94 4705 19.2
94 4706 19.2
94 4707 19.2
94 4708 19.2
94 4709 19.2
94 4710 19.2
94 4711 19.2
94 4712 19.2
94 4713 19.2
94 4714 19.2
94 4715 19.2
94 4716 19.2
94 4717 19.2
94 4718 19.2
94 4719 19.2
94 4720 19.2
94 4721 19.2
94 4722 19.2
94 4723 19.2
94 4724 19.2
94 4725 19.2
94 4726 19.2
94 4727 19.2
94 4728 19.2
94 4729 19.2
94 4730 19.2
94 4731 19.2
94 4732 19.2
94 4733 19.2
94 4734 19.2
94 4735 19.2
94 4736 19.2
94 4737 19.2
94 4738 19.2
94 4739 19.2
94 4740 19.2
94 4741 19.2
94 4742 19.2
94 4743 19.2
95 4744 19.2
95 4745 19.2
95 4746 19.2
95 4747 19.2
95 4748 19.2
95 4749 19.2
95 4750 19.2
95 4751 19.2
95 4752 19.2
95 4753 19.2
95 4754 19.2
95 4755 19.2
95 4756 19.2
95 4757 19.2
95 4758 19.2
95 4759 19.2
95 4760 19.2
95 4761 19.2
95 4762 19.2
95 4763 19.2
95 4764 19.2
95 4765 19.2
95 4766 19.2
95 4767 19.2
95 4768 19.2
95 4769 19.2
95 4770 19.2
95 4771 19.2
95 4772 19.2
95 4773 19.2
95 4774 19.2
95 4775 19.2
95 4776 19.2
95 4777 19.2
95 4778 19.2
95 4779 19.2
95 4780 19.2
95 4781 19.2
95 4782 19.2
95 4783 19.2
95 4784 19.2
95 4785 19.2
95 4786 19.2
95 4787 19.2
95 4788 19.2
95 4789 19.2
95 4790 19.2
95 4791 19.2
95 4792 19.2
95 4793 19.2
95 4794 19.2
96 4795 19.2
96 4796 19.2
96 4797 19.2
96 4798 19.2
96 4799 19.2
96 4800 19.2
96 4801 19.2
96 4802 19.2
96 4803 19.2
96 4804 19.2
96 4805 19.2
96 4806 19.2
96 4807 19.2
96 4808 19.2
96 4809 19.2
96 4810 19.2
96 4811 19.2
96 4812 19.2
96 4813 19.2
96 4814 19.2
96 4815 19.2
96 4816 19.2
96 4817 19.2
96 4818 19.2
96 4819 19.2
96 4820 19.2
96 4821 19.2
96 4822 19.2
96 4823 19.2
96 4824 19.2
96 4825 19.2
96 4826 19.2
96 4827 19.2
96 4828 19.2
96 4829 19.2
96 4830 19.2
96 4831 19.2
96 4832 19.2
96 4833 19.2
96 4834 19.2
96 4835 19.2
96 4836 19.2
96 4837 19.2
96 4838 19.2
96 4839 19.2
96 4840 19.2
96 4841 19.2
96 4842 19.2
96 4843 19.2
96 4844 19.2
96 4845 19.2
96 4846 19.2
97 4847 19.2
97 4848 19.2
97 4849 19.2
97 4850 19.2
97 4851 19.2
97 4852 19.2
97 4853 19.2
97 4854 19.2
97 4855 19.2
97 4856 19.2
97 4857 19.2
97 4858 19.2
97 4859 19.2
97 4860 19.2
97 4861 19.2
97 4862 19.2
97 4863 19.2
97 4864 19.2
97 4865 19.2
97 4866 19.2
97 4867 19.2
97 4868 19.2
97 4869 19.2
97 4870 19.2
97 4871 19.2
97 4872 19.2
97 4873 19.2
97 4874 19.2
97 4875 19.2
97 4876 19.2
97 4877 19.2
97 4878 19.2
97 4879 19.2
97 4880 19.2
97 4881 19.2
97 4882 19.2
97 4883 19.2
97 4884 19.2
97 4885 19.2
97 4886 19.2
97 4887 19.2
97 4888 19.2
97 4889 19.2
97 4890 19.2
97 4891 19.2
97 4892 19.2
97 4893 19.2
97 4894 19.2
97 4895 19.2
98 4896 19.2
98 4897 19.2
98 4898 19.2
98 4899 19.2
98 4900 19.2
98 4901 19.2
98 4902 19.2
98 4903 19.2
98 4904 19.2
98 4905 19.2
98 4906 19.2
98 4907 19.2
98 4908 19.2
98 4909 19.2
98 4910 19.2
98 4911 19.2
98 4912 19.2
98 4913 19.2
98 4914 19.2
98 4915 19.2
98 4916 19.2
98 4917 19.2
98 4918 19.2
98 4919 19.2
98 4920 19.2
98 4921 19.2
98 4922 19.2
98 4923 19.2
98 4924 19.2
98 4925 19.2
98 4926 19.2
98 4927 19.2
98 4928 19.2
98 4929 19.2
98 4930 19.2
98 4931 19.2
98 4932 19.2
98 4933 19.2
98 4934 19.2
98 4935 19.2
98 4936 19.2
98 4937 19.2
98 4938 19.2
98 4939 19.2
98 4940 19.2
98 4941 19.2
98 4942 19.2
98 4943 19.2
98 4944 19.2
98 4945 19.2
98 4946 19.2
98 4947 19.2
98 4948 19.2
99 4949 19.2
99 4950 19.2
99 4951 19.2
99 4952 19.2
99 4953 19.2
99 4954 19.2
99 4955 19.2
99 4956 19.2
99 4957 19.2
99 4958 19.2
99 4959 19.2
99 4960 19.2
99 4961 19.2
99 4962 19.2
99 4963 19.2
99 4964 19.2
99 4965 19.2
99 4966 19.2
99 4967 19.2
99 4968 19.2
99 4969 19.2
99 4970 19.2
99 4971 19.2
99 4972 19.2
99 4973 19.2
99 4974 19.2
99 4975 19.2
99 4976 19.2
99 4977 19.2
99 4978 19.2
99 4979 19.2
99 4980 19.2
99 4981 19.2
99 4982 19.2
99 4983 19.2
99 4984 19.2
99 4985 19.2
99 4986 19.2
99 4987 19.2
99 4988 19.2
99 4989 19.2
99 4990 19.2
99 4991 19.2
99 4992 19.2
99 4993 19.2
99 4994 19.2
99 4995 19.2
99 4996 19.2
99 4997 19.2
99 4998 19.2
99 4999 19.2
99 5000 19.2
100 5001 19.2
100 5002 19.2
100 5003 19.2
100 5004 19.2
100 5005 19.2
100 5006 19.2
100 5007 19.2
100 5008 19.2
100 5009 19.2
100 5010 19.2
100 5011 19.2
100 5012 19.2
100 5013 19.2
100 5014 19.2
100 5015 19.2
100 5016 19.2
100 5017 19.2
100 5018 19.2
100 5019 19.2
100 5020 19.2
100 5021 19.2
100 5022 19.2
100 5023 19.2
100 5024 19.2
100 5025 19.2
100 5026 19.2
100 5027 19.2
100 5028 19.2
100 5029 19.2
100 5030 19.2
100 5031 19.2
100 5032 19.2
100 5033 19.2
100 5034 19.2
100 5035 19.2
100 5036 19.2
100 5037 19.2
100 5038 19.2
100 5039 19.2
100 5040 19.2
100 5041 19.2
100 5042 19.2
100 5043 19.2
100 5044 19.2
100 5045 19.2
100 5046 19.2
100 5047 19.2
100 5048 19.2
100 5049 19.2
100 5050 19.2
100 5051 19.2
100 5052 19.2
101 5053 19.2
101 5054 19.2
101 5055 19.2
101 5056 19.2
101 5057 19.2
101 5058 19.2
101 5059 19.2
101 5060 19.2
101 5061 19.2
101 5062 19.2
101 5063 19.2
101 5064 19.2
101 5065 19.2
101 5066 19.2
101 5067 19.2
101 5068 19.2
101 5069 19.2
101 5070 19.2
101 5071 19.2
101 5072 19.2
101 5073 19.2
101 5074 19.2
101 5075 19.2
101 5076 19.2
101 5077 19.2
101 5078 19.2
101 5079 19.2
101 5080 19.2
101 5081 19.2
101 5082 19.2
101 5083 19.2
101 5084 19.2
101 5085 19.2
101 5086 19.2
101 5087 19.2
101 5088 19.2
101 5089 19.2
101 5090 19.2
101 5091 19.2
101 5092 19.2
101 5093 19.2
101 5094 19.2
101 5095 19.2
101 5096 19.2
101 5097 19.2
101 5098 19.2
101 5099 19.2
101 5100 19.2
101 5101 19.2
101 5102 19.2
101 5103 19.2
101 5104 19.2
101 5105 19.2
101 5106 19.2
102 5107 19.2
102 5108 19.2
102 5109 19.2
102 5110 19.2
102 5111 19.2
102 5112 19.2
102 5113 19.2
102 5114 19.2
102 5115 19.2
102 5116 19.2
102 5117 19.2
102 5118 19.2
102 5119 19.2
102 5120 19.2
102 5121 19.2
102 5122 19.2
102 5123 19.2
102 5124 19.2
102 5125 19.2
102 5126 19.2
102 5127 19.2
102 5128 19.2
102 5129 19.2
102 5130 19.2
102 5131 19.2
102 5132 19.2
102 5133 19.2
102 5134 19.2
102 5135 19.2
102 5136 19.2
102 5137 19.2
102 5138 19.2
102 5139 19.2
102 5140 19.2
102 5141 19.2
102 5142 19.2
102 5143 19.2
102 5144 19.2
102 5145 19.2
102 5146 19.2
102 5147 19.2
102 5148 19.2
102 5149 19.2
102 5150 19.2
102 5151 19.2
102 5152 19.2
102 5153 19.2
102 5154 19.2
102 5155 19.2
102 5156 19.2
102 5157 19.2
102 5158 19.2
103 5159 19.2
103 5160 19.2
103 5161 19.2
103 5162 19.2
103 5163 19.2
103 5164 19.2
103 5165 19.2
103 5166 19.2
103 5167 19.2
103 5168 19.2
103 5169 19.2
103 5170 19.2
103 5171 19.2
103 5172 19.2
103 5173 19.2
103 5174 19.2
103 5175 19.2
103 5176 19.2
103 5177 19.2
103 5178 19.2
103 5179 19.2
103 5180 19.2
103 5181 19.2
103 5182 19.2
103 5183 19.2
103 5184 19.2
103 5185 19.2
103 5186 19.2
103 5187 19.2
103 5188 19.2
103 5189 19.2
103 5190 19.2
103 5191 19.2
103 5192 19.2
103 5193 19.2
103 5194 19.2
103 5195 19.2
103 5196 19.2
103 5197 19.2
103 5198 19.2
103 5199 19.2
103 5200 19.2
103 5201 19.2
103 5202 19.2
103 5203 19.2
103 5204 19.2
103 5205 19.2
103 5206 19.2
103 5207 19.2
103 5208 19.2
103 5209 19.2
104 5210 19.2
104 5211 19.2
104 5212 19.2
104 5213 19.2
104 5214 19.2
104 5215 19.2
104 5216 19.2
104 5217 19.2
104 5218 19.2
104 5219 19.2
104 5220 18.9
104 5221 18.9
104 5222 18.9
104 5223 18.9
104 5224 18.9
104 5225 18.9
104 5226 18.1
104 5227 18.1
104 5228 17.7
104 5229 17.7
104 5230 17.5
104 5231 17.5
104 5232 17.5
104 5233 17.5
104 5234 17.5
104 5235 17.5
104 5236 17.5
104 5237 17.5
104 5238 17.4
104 5239 17.4
104 5240 17.4
104 5241 17.4
104 5242 17.4
104 5243 17.4
104 5244 17.4
104 5245 17.3
104 5246 17.3
104 5247 17.3
104 5248 17.3
104 5249 17.3
104 5250 17.3
104 5251 17.3
104 5252 17.3
104 5253 17.3
104 5254 17.2
104 5255 17.2
104 5256 17.2
104 5257 17.2
104 5258 17.0
104 5259 17.0
104 5260 17.0
104 5261 17.0
104 5262 17.0
104 5263 17.0
105 5264 17.0
105 5265 17.0
105 5266 17.0
105 5267 16.8
105 5268 16.8
105 5269 16.7
105 5270 16.7
105 5271 16.7
105 5272 16.7
105 5273 16.7
105 5274 16.7
105 5275 16.7
105 5276 16.7
105 5277 16.7
105 5278 16.7
105 5279 16.7
105 5280 16.7
105 5281 16.5
105 5282 16.5
105 5283 16.5
105 5284 16.5
105 5285 16.1
105 5286 16.1
105 5287 16.1
105 5288 16.1
105 5289 16.1
105 5290 16.1
105 5291 16.1
105 5292 16.1
105 5293 16.1
105 5294 16.1
105 5295 16.1
105 5296 16.1
105 5297 16.1
105 5298 16.1
105 5299 16.1
105 5300 16.1
105 5301 16.1
105 5302 16.1
105 5303 16.1
105 5304 16.1
105 5305 16.1
105 5306 16.1
105 5307 16.1
105 5308 16.1
105 5309 16.1
105 5310 16.1
105 5311 16.1
105 5312 16.1
105 5313 16.1
105 5314 16.1
105 5315 16.1
105 5316 16.1
106 5317 16.1
106 5318 16.1
106 5319 16.1
106 5320 16.1
106 5321 16.1
106 5322 16.1
106 5323 16.1
106 5324 16.1
106 5325 16.1
106 5326 16.1
106 5327 16.1
106 5328 16.1
106 5329 16.1
106 5330 16.1
106 5331 16.1
106 5332 16.1
106 5333 16.1
106 5334 16.1
106 5335 16.1
106 5336 16.1
106 5337 16.1
106 5338 16.1
106 5339 16.1
106 5340 16.1
106 5341 16.1
106 5342 16.1
106 5343 16.1
106 5344 16.1
106 5345 16.1
106 5346 16.1
106 5347 16.1
106 5348 16.1
106 5349 16.1
106 5350 16.1
106 5351 16.1
106 5352 16.1
106 5353 16.1
106 5354 16.1
106 5355 16.1
106 5356 16.1
106 5357 16.1
106 5358 16.1
106 5359 16.1
106 5360 16.1
106 5361 16.1
106 5362 16.1
106 5363 16.1
106 5364 16.1
106 5365 16.1
106 5366 16.1
106 5367 16.1
107 5368 16.1
107 5369 16.1
107 5370 16.1
107 5371 16.1
107 5372 16.1
107 5373 16.1
107 5374 16.1
107 5375 16.1
107 5376 16.1
107 5377 16.1
107 5378 16.1
107 5379 16.1
107 5380 16.1
107 5381 16.1
107 5382 16.1
107 5383 16.1
107 5384 16.1
107 5385 16.1
107 5386 16.1
107 5387 16.1
107 5388 16.1
107 5389 16.1
107 5390 16.1
107 5391 16.1
107 5392 16.1
107 5393 16.1
107 5394 16.1
107 5395 16.1
107 5396 16.1
107 5397 16.1
107 5398 16.1
107 5399 16.1
107 5400 16.1
107 5401 16.1
107 5402 16.1
107 5403 16.1
107 5404 16.1
107 5405 16.1
107 5406 16.1
107 5407 16.1
107 5408 16.1
107 5409 16.1
107 5410 16.1
107 5411 16.1
107 5412 16.1
107 5413 16.1
107 5414 16.1
107 5415 16.1
108 5416 16.1
108 5417 16.1
108 5418 16.1
108 5419 16.1
108 5420 16.1
108 5421 16.1
108 5422 16.1
108 5423 16.1
108 5424 16.1
108 5425 16.1
108 5426 16.1
108 5427 16.1
108 5428 16.1
108 5429 16.1
108 5430 16.1
108 5431 16.1
108 5432 16.1
108 5433 16.1
108 5434 16.1
108 5435 16.1
108 5436 16.1
108 5437 16.1
108 5438 16.1
108 5439 16.1
108 5440 16.1
108 5441 16.1
108 5442 16.1
108 5443 16.1
108 5444 16.1
108 5445 16.1
108 5446 16.1
108 5447 16.1
108 5448 16.1
108 5449 16.1
108 5450 16.1
108 5451 16.1
108 5452 16.1
108 5453 16.1
108 5454 16.1
108 5455 16.1
108 5456 16.1
108 5457 16.1
108 5458 16.1
108 5459 16.1
108 5460 16.1
108 5461 16.1
108 5462 16.1
108 5463 16.1
108 5464 16.1
108 5465 16.1
109 5466 16.1
109 5467 16.1
109 5468 16.1
109 5469 16.1
109 5470 16.1
109 5471 16.1
109 5472 16.1
109 5473 16.1
109 5474 16.1
109 5475 16.1
109 5476 16.1
109 5477 16.1
109 5478 16.1
109 5479 16.1
109 5480 16.1
109 5481 16.1
109 5482 16.1
109 5483 16.1
109 5484 16.1
109 5485 16.1
109 5486 16.1
109 5487 16.1
109 5488 16.1
109 5489 16.1
109 5490 16.1
109 5491 16.1
109 5492 16.1
109 5493 16.1
109 5494 16.1
109 5495 16.1
109 5496 16.1
109 5497 16.1
109 5498 16.1
109 5499 16.1
109 5500 16.1
109 5501 16.1
109 5502 16.1
109 5503 16.1
109 5504 16.1
109 5505 16.1
109 5506 16.1
109 5507 16.1
109 5508 16.1
109 5509 16.1
109 5510 16.1
109 5511 16.1
109 5512 16.1
109 5513 16.1
109 5514 16.1
109 5515 16.1
109 5516 16.1
110 5517 16.1
110 5518 16.1
110 5519 16.1
110 5520 16.1
110 5521 16.1
110 5522 16.1
110 5523 16.1
110 5524 16.1
110 5525 16.1
110 5526 16.1
110 5527 16.1
110 5528 16.1
110 5529 16.1
110 5530 16.1
110 5531 16.1
110 5532 16.1
110 5533 16.1
110 5534 16.1
110 5535 16.1
110 5536 16.1
110 5537 16.1
110 5538 16.1
110 5539 16.1
110 5540 16.1
110 5541 16.1
110 5542 16.1
110 5543 16.1
110 5544 16.1
110 5545 16.1
110 5546 16.1
110 5547 16.1
110 5548 16.1
110 5549 16.1
110 5550 16.1
110 5551 16.1
110 5552 16.1
110 5553 16.1
110 5554 16.1
110 5555 16.1
110 5556 16.1
110 5557 16.1
110 5558 16.1
110 5559 16.1
110 5560 16.1
110 5561 16.1
110 5562 16.1
110 5563 16.1
110 5564 16.1
110 5565 16.1
110 5566 16.1
110 5567 16.1
110 5568 16.1
110 5569 16.1
111 5570 16.1
111 5571 16.1
111 5572 16.1
111 5573 16.1
111 5574 16.1
111 5575 16.1
111 5576 16.1
111 5577 16.1
111 5578 16.1
111 5579 16.0
111 5580 16.0
111 5581 16.0
111 5582 16.0
111 5583 16.0
111 5584 16.0
111 5585 16.0
111 5586 16.0
111 5587 16.0
111 5588 16.0
111 5589 16.0
111 5590 16.0
111 5591 16.0
111 5592 16.0
111 5593 16.0
111 5594 16.0
111 5595 16.0
111 5596 16.0
111 5597 16.0
111 5598 16.0
111 5599 16.0
111 5600 16.0
111 5601 16.0
111 5602 16.0
111 5603 16.0
111 5604 16.0
111 5605 16.0
111 5606 16.0
111 5607 16.0
111 5608 16.0
111 5609 16.0
111 5610 16.0
111 5611 16.0
111 5612 16.0
111 5613 16.0
111 5614 16.0
111 5615 16.0
111 5616 16.0
111 5617 16.0
111 5618 16.0
111 5619 16.0
111 5620 16.0
111 5621 16.0
112 5622 16.0
112 5623 16.0
112 5624 16.0
112 5625 16.0
112 5626 16.0
112 5627 16.0
112 5628 16.0
112 5629 16.0
112 5630 16.0
112 5631 16.0
112 5632 16.0
112 5633 16.0
112 5634 16.0
112 5635 16.0
112 5636 16.0
112 5637 16.0
112 5638 16.0
112 5639 16.0
112 5640 16.0
112 5641 16.0
112 5642 16.0
112 5643 16.0
112 5644 16.0
112 5645 16.0
112 5646 16.0
112 5647 16.0
112 5648 16.0
112 5649 16.0
112 5650 16.0
112 5651 16.0
112 5652 16.0
112 5653 16.0
112 5654 16.0
112 5655 16.0
112 5656 16.0
112 5657 16.0
112 5658 16.0
112 5659 16.0
112 5660 16.0
112 5661 16.0
112 5662 16.0
112 5663 16.0
112 5664 16.0
112 5665 16.0
112 5666 16.0
112 5667 16.0
112 5668 16.0
112 5669 16.0
112 5670 16.0
112 5671 16.0
113 5672 16.0
113 5673 16.0
113 5674 16.0
113 5675 16.0
113 5676 16.0
113 5677 16.0
113 5678 16.0
113 5679 16.0
113 5680 16.0
113 5681 16.0
113 5682 16.0
113 5683 16.0
113 5684 16.0
113 5685 16.0
113 5686 16.0
113 5687 16.0
113 5688 16.0
113 5689 16.0
113 5690 16.0
113 5691 16.0
113 5692 16.0
113 5693 16.0
113 5694 16.0
113 5695 16.0
113 5696 16.0
113 5697 16.0
113 5698 16.0
113 5699 16.0
113 5700 16.0
113 5701 16.0
113 5702 16.0
113 5703 16.0
113 5704 16.0
113 5705 16.0
113 5706 16.0
113 5707 16.0
113 5708 16.0
113 5709 16.0
113 5710 16.0
113 5711 16.0
113 5712 16.0
113 5713 16.0
113 5714 16.0
113 5715 16.0
113 5716 16.0
113 5717 16.0
113 5718 16.0
113 5719 16.0
113 5720 16.0
113 5721 16.0
113 5722 16.0
113 5723 16.0
113 5724 16.0
113 5725 16.0
114 5726 16.0
114 5727 16.0
114 5728 16.0
114 5729 16.0
114 5730 16.0
114 5731 16.0
114 5732 16.0
114 5733 16.0
114 5734 16.0
114 5735 16.0
114 5736 16.0
114 5737 16.0
114 5738 16.0
114 5739 16.0
114 5740 16.0
114 5741 16.0
114 5742 16.0
114 5743 16.0
114 5744 16.0
114 5745 16.0
114 5746 16.0
114 5747 16.0
114 5748 16.0
114 5749 16.0
114 5750 16.0
114 5751 16.0
114 5752 16.0
114 5753 16.0
114 5754 16.0
114 5755 16.0
114 5756 16.0
114 5757 16.0
114 5758 16.0
114 5759 16.0
114 5760 16.0
114 5761 16.0
114 5762 16.0
114 5763 16.0
114 5764 16.0
114 5765 16.0
114 5766 16.0
114 5767 16.0
114 5768 16.0
114 5769 16.0
114 5770 16.0
114 5771 16.0
114 5772 16.0
114 5773 16.0
114 5774 16.0
114 5775 16.0
114 5776 16.0
114 5777 16.0
114 5778 16.0
115 5779 16.0
115 5780 16.0
115 5781 16.0
115 5782 16.0
115 5783 16.0
115 5784 16.0
115 5785 16.0
115 5786 16.0
115 5787 16.0
115 5788 16.0
115 5789 16.0
115 5790 16.0
115 5791 16.0
115 5792 16.0
115 5793 16.0
115 5794 16.0
115 5795 16.0
115 5796 16.0
115 5797 16.0
115 5798 16.0
115 5799 16.0
115 5800 16.0
115 5801 16.0
115 5802 16.0
115 5803 16.0
115 5804 16.0
115 5805 16.0
115 5806 16.0
115 5807 16.0
115 5808 16.0
115 5809 16.0
115 5810 16.0
115 5811 16.0
115 5812 16.0
115 5813 16.0
115 5814 16.0
115 5815 16.0
115 5816 16.0
115 5817 16.0
115 5818 16.0
115 5819 16.0
115 5820 16.0
115 5821 16.0
115 5822 16.0
115 5823 16.0
115 5824 16.0
115 5825 16.0
115 5826 16.0
115 5827 16.0
115 5828 16.0
115 5829 16.0
115 5830 16.0
115 5831 16.0
115 5832 16.0
116 5833 16.0
116 5834 16.0
116 5835 16.0
116 5836 16.0
116 5837 16.0
116 5838 16.0
116 5839 16.0
116 5840 16.0
116 5841 16.0
116 5842 16.0
116 5843 16.0
116 5844 16.0
116 5845 16.0
116 5846 16.0
116 5847 16.0
116 5848 16.0
116 5849 16.0
116 5850 16.0
116 5851 16.0
116 5852 16.0
116 5853 16.0
116 5854 16.0
116 5855 16.0
116 5856 16.0
116 5857 16.0
116 5858 16.0
116 5859 16.0
116 5860 16.0
116 5861 16.0
116 5862 16.0
116 5863 16.0
116 5864 16.0
116 5865 16.0
116 5866 16.0
116 5867 16.0
116 5868 16.0
116 5869 16.0
116 5870 16.0
116 5871 16.0
116 5872 16.0
116 5873 16.0
116 5874 16.0
116 5875 16.0
116 5876 16.0
116 5877 16.0
116 5878 16.0
116 5879 16.0
116 5880 16.0
116 5881 16.0
116 5882 16.0
116 5883 16.0
116 5884 16.0
117 5885 16.0
117 5886 16.0
117 5887 16.0
117 5888 16.0
117 5889 16.0
117 5890 16.0
117 5891 16.0
117 5892 16.0
117 5893 16.0
117 5894 16.0
117 5895 16.0
117 5896 16.0
117 5897 16.0
117 5898 16.0
117 5899 16.0
117 5900 16.0
117 5901 16.0
117 5902 16.0
117 5903 16.0
117 5904 16.0
117 5905 16.0
117 5906 16.0
117 5907 16.0
117 5908 16.0
117 5909 16.0
117 5910 16.0
117 5911 16.0
117 5912 16.0
117 5913 16.0
117 5914 16.0
117 5915 16.0
117 5916 16.0
117 5917 16.0
117 5918 16.0
117 5919 16.0
117 5920 16.0
117 5921 16.0
117 5922 16.0
117 5923 16.0
117 5924 16.0
117 5925 16.0
117 5926 16.0
117 5927 16.0
117 5928 16.0
118 5929 16.0
118 5930 16.0
118 5931 16.0
118 5932 16.0
118 5933 16.0
118 5934 16.0
118 5935 16.0
118 5936 16.0
118 5937 16.0
118 5938 16.0
118 5939 16.0
118 5940 16.0
118 5941 16.0
118 5942 16.0
118 5943 16.0
118 5944 16.0
118 5945 16.0
118 5946 16.0
118 5947 16.0
118 5948 16.0
118 5949 16.0
118 5950 16.0
118 5951 16.0
118 5952 16.0
118 5953 16.0
118 5954 16.0
118 5955 16.0
118 5956 16.0
118 5957 16.0
118 5958 16.0
118 5959 16.0
118 5960 16.0
118 5961 16.0
118 5962 16.0
118 5963 16.0
118 5964 16.0
118 5965 16.0
118 5966 16.0
118 5967 16.0
118 5968 16.0
118 5969 16.0
118 5970 16.0
118 5971 16.0
118 5972 16.0
118 5973 16.0
118 5974 16.0
118 5975 16.0
118 5976 16.0
118 5977 16.0
119 5978 16.0
119 5979 16.0
119 5980 16.0
119 5981 16.0
119 5982 16.0
119 5983 16.0
119 5984 16.0
119 5985 16.0
119 5986 16.0
119 5987 16.0
119 5988 16.0
119 5989 16.0
119 5990 16.0
119 5991 16.0
119 5992 16.0
119 5993 16.0
119 5994 16.0
119 5995 16.0
119 5996 16.0
119 5997 16.0
119 5998 16.0
119 5999 16.0
119 6000 16.0
119 6001 16.0
119 6002 16.0
119 6003 16.0
119 6004 16.0
119 6005 16.0
119 6006 16.0
119 6007 16.0
119 6008 16.0
119 6009 16.0
119 6010 16.0
119 6011 16.0
119 6012 16.0
119 6013 16.0
119 6014 16.0
119 6015 16.0
119 6016 16.0
119 6017 16.0
119 6018 16.0
119 6019 16.0
119 6020 16.0
119 6021 16.0
119 6022 16.0
119 6023 16.0
119 6024 16.0
119 6025 16.0
119 6026 16.0
119 6027 16.0
119 6028 16.0
119 6029 16.0
120 6030 16.0
120 6031 16.0
120 6032 16.0
120 6033 16.0
120 6034 16.0
120 6035 16.0
120 6036 16.0
120 6037 16.0
120 6038 16.0
120 6039 16.0
120 6040 16.0
120 6041 16.0
120 6042 16.0
120 6043 16.0
120 6044 16.0
120 6045 16.0
120 6046 16.0
120 6047 16.0
120 6048 16.0
120 6049 16.0
120 6050 16.0
120 6051 16.0
120 6052 16.0
120 6053 16.0
120 6054 16.0
120 6055 16.0
120 6056 16.0
120 6057 16.0
120 6058 16.0
120 6059 16.0
120 6060 16.0
120 6061 16.0
120 6062 16.0
120 6063 16.0
120 6064 16.0
120 6065 16.0
120 6066 16.0
120 6067 16.0
120 6068 16.0
120 6069 16.0
120 6070 16.0
120 6071 16.0
120 6072 16.0
120 6073 16.0
120 6074 16.0
120 6075 16.0
120 6076 16.0
120 6077 16.0
120 6078 16.0
120 6079 16.0
120 6080 16.0
120 6081 16.0
120 6082 16.0
120 6083 16.0
121 6084 16.0
