0 1 49.5
0 2 49.5
0 3 49.5
0 4 49.5
1 5 49.5
1 6 49.5
1 7 49.5
1 8 49.5
1 9 47.8
1 10 47.8
1 11 46.9
1 12 46.9
1 13 46.9
1 14 46.9
1 15 46.9
1 16 46.9
1 17 46.9
1 18 46.9
1 19 46.9
1 20 46.9
1 21 46.9
1 22 46.5
1 23 46.4
1 24 46.4
1 25 46.4
1 26 46.4
1 27 45.6
1 28 45.6
1 29 45.6
1 30 45.6
1 31 45.6
1 32 45.6
1 33 45.6
1 34 45.6
1 35 45.6
1 36 45.6
1 37 44.8
1 38 44.8
1 39 44.8
1 40 44.8
1 41 44.8
1 42 44.8
1 43 44.8
1 44 44.8
1 45 44.8
1 46 44.8
1 47 44.8
1 48 44.8
1 49 44.8
2 50 44.8
2 51 44.8
2 52 44.8
2 53 44.8
2 54 44.8
2 55 44.8
2 56 44.8
2 57 44.8
2 58 44.8
2 59 44.8
2 60 44.5
2 61 44.5
2 62 44.5
2 63 44.5
2 64 44.5
2 65 44.5
2 66 44.5
2 67 44.1
2 68 44.1
2 69 44.1
2 70 44.1
2 71 44.1
2 72 44.1
2 73 41.0
2 74 41.0
2 75 41.0
2 76 41.0
2 77 41.0
2 78 41.0
2 79 41.0
2 80 40.9
2 81 40.9
2 82 40.9
2 83 40.9
2 84 40.8
2 85 40.8
2 86 40.8
2 87 39.8
2 88 39.8
2 89 39.8
2 90 39.8
2 91 39.8
2 92 39.8
2 93 39.8
2 94 39.8
2 95 39.8
2 96 39.8
2 97 39.8
2 98 39.8
2 99 39.8
3 100 39.3
3 101 39.3
3 102 39.3
3 103 39.3
3 104 39.3
3 105 39.3
3 106 39.3
3 107 39.2
3 108 39.2
3 109 39.2
3 110 39.2
3 111 39.2
3 112 39.2
3 113 39.2
3 114 39.2
3 115 39.2
3 116 39.2
3 117 39.2
3 118 39.2
3 119 39.2
3 120 39.2
3 121 39.2
3 122 39.2
3 123 39.2
3 124 39.2
3 125 39.2
3 126 39.2
3 127 39.2
3 128 39.2
3 129 39.2
3 130 39.2
3 131 39.2
3 132 39.2
3 133 39.2
3 134 39.2
3 135 39.2
3 136 39.2
3 137 39.2
3 138 39.2
3 139 39.2
3 140 39.2
3 141 39.2
3 142 39.2
3 143 39.2
3 144 39.2
3 145 39.2
3 146 39.2
3 147 39.2
3 148 39.2
4 149 39.2
4 150 39.2
4 151 39.2
4 152 39.2
4 153 39.2
4 154 39.2
4 155 39.2
4 156 39.2
4 157 39.2
4 158 39.2
4 159 39.2
4 160 39.2
4 161 39.2
4 162 39.2
4 163 39.2
4 164 39.2
4 165 39.2
4 166 39.2
4 167 39.2
4 168 39.2
4 169 39.2
4 170 39.2
4 171 39.2
4 172 39.2
4 173 39.2
4 174 39.2
4 175 39.2
4 176 39.2
4 177 39.2
4 178 39.2
4 179 39.2
4 180 39.2
4 181 39.2
4 182 39.2
4 183 39.2
4 184 39.2
4 185 39.2
4 186 39.2
4 187 39.2
4 188 39.2
4 189 39.2
4 190 39.2
4 191 39.2
4 192 39.2
5 193 39.2
5 194 39.2
5 195 39.2
5 196 39.0
5 197 39.0
5 198 39.0
5 199 39.0
5 200 39.0
5 201 38.8
5 202 38.8
5 203 38.8
5 204 38.8
5 205 38.8
5 206 38.8
5 207 38.4
5 208 38.4
5 209 38.4
5 210 38.4
5 211 38.4
5 212 38.4
5 213 38.4
5 214 38.4
5 215 38.4
5 216 38.4
5 217 38.4
5 218 38.4
5 219 38.4
5 220 38.4
5 221 38.4
5 222 37.4
5 223 37.4
5 224 37.4
5 225 37.4
5 226 37.4
5 227 36.2
5 228 36.2
5 229 36.2
5 230 35.8
5 231 35.8
5 232 35.8
5 233 35.8
5 234 35.8
5 235 35.8
5 236 35.8
5 237 35.8
5 238 35.8
5 239 35.8
5 240 35.8
5 241 35.8
5 242 35.8
5 243 35.8
6 244 35.8
6 245 35.8
6 246 35.8
6 247 35.7
6 248 35.7
6 249 35.7
6 250 35.7
6 251 35.7
6 252 35.7
6 253 35.7
6 254 35.7
6 255 35.7
6 256 35.4
6 257 35.4
6 258 35.4
6 259 35.4
6 260 35.4
6 261 35.4
6 262 35.4
6 263 35.4
6 264 35.4
6 265 35.4
6 266 35.4
6 267 35.4
6 268 35.4
6 269 35.0
6 270 35.0
6 271 35.0
6 272 35.0
6 273 35.0
6 274 35.0
6 275 35.0
6 276 35.0
6 277 35.0
6 278 35.0
6 279 35.0
6 280 35.0
6 281 35.0
6 282 35.0
6 283 35.0
6 284 35.0
6 285 35.0
6 286 35.0
6 287 35.0
6 288 35.0
6 289 35.0
6 290 35.0
6 291 35.0
7 292 35.0
7 293 35.0
7 294 35.0
7 295 35.0
7 296 35.0
7 297 35.0
7 298 35.0
7 299 35.0
7 300 35.0
7 301 35.0
7 302 34.9
7 303 34.9
7 304 34.9
7 305 34.9
7 306 34.9
7 307 34.9
7 308 34.9
7 309 34.9
7 310 34.9
7 311 34.9
7 312 34.9
7 313 34.9
7 314 34.9
7 315 34.9
7 316 34.9
7 317 34.9
7 318 34.9
7 319 34.8
7 320 34.5
7 321 34.5
7 322 34.5
7 323 34.5
7 324 34.5
7 325 34.4
7 326 34.4
7 327 34.4
7 328 34.4
7 329 34.4
7 330 34.4
7 331 34.4
7 332 34.1
7 333 34.1
7 334 34.0
7 335 34.0
7 336 34.0
7 337 34.0
7 338 34.0
7 339 34.0
7 340 34.0
7 341 34.0
7 342 34.0
7 343 34.0
7 344 34.0
8 345 34.0
8 346 34.0
8 347 34.0
8 348 34.0
8 349 34.0
8 350 34.0
8 351 34.0
8 352 33.9
8 353 33.9
8 354 33.9
8 355 33.9
8 356 33.9
8 357 33.9
8 358 33.6
8 359 33.6
8 360 33.6
8 361 33.6
8 362 32.6
8 363 32.6
8 364 32.6
8 365 32.6
8 366 32.6
8 367 32.6
8 368 32.6
8 369 32.4
8 370 32.4
8 371 32.4
8 372 32.2
8 373 32.2
8 374 32.2
8 375 32.2
8 376 32.2
8 377 32.2
8 378 32.2
8 379 32.2
8 380 32.2
8 381 32.2
8 382 32.2
8 383 32.2
8 384 32.2
8 385 32.2
8 386 32.2
8 387 32.2
8 388 32.2
8 389 32.2
8 390 32.2
8 391 32.2
8 392 32.2
8 393 32.2
8 394 32.2
8 395 32.2
9 396 32.2
9 397 32.2
9 398 32.2
9 399 32.2
9 400 32.2
9 401 32.2
9 402 32.2
9 403 32.2
9 404 32.2
9 405 32.2
9 406 32.2
9 407 32.2
9 408 32.2
9 409 32.2
9 410 32.2
9 411 32.2
9 412 32.2
9 413 32.2
9 414 32.2
9 415 32.2
9 416 32.2
9 417 32.2
9 418 32.2
9 419 32.2
9 420 32.2
9 421 32.2
9 422 32.2
9 423 32.2
9 424 32.2
9 425 32.2
9 426 32.2
9 427 32.2
9 428 32.2
9 429 32.2
9 430 32.2
9 431 32.2
9 432 32.2
9 433 32.2
9 434 32.2
9 435 32.2
9 436 32.2
9 437 32.2
9 438 32.2
9 439 32.2
9 440 32.2
9 441 32.2
9 442 32.2
9 443 32.2
9 444 32.2
9 445 32.2
9 446 32.2
9 447 32.2
9 448 32.2
10 449 32.2
10 450 32.0
10 451 32.0
10 452 32.0
10 453 32.0
10 454 32.0
10 455 32.0
10 456 32.0
10 457 32.0
10 458 32.0
10 459 32.0
10 460 32.0
10 461 32.0
10 462 32.0
10 463 32.0
10 464 32.0
10 465 32.0
10 466 32.0
10 467 32.0
10 468 32.0
10 469 32.0
10 470 32.0
10 471 32.0
10 472 32.0
10 473 32.0
10 474 32.0
10 475 32.0
10 476 32.0
10 477 32.0
10 478 32.0
10 479 32.0
10 480 32.0
10 481 32.0
10 482 32.0
10 483 32.0
10 484 32.0
10 485 32.0
10 486 32.0
10 487 32.0
10 488 32.0
10 489 32.0
10 490 32.0
10 491 32.0
10 492 32.0
10 493 32.0
10 494 32.0
10 495 32.0
10 496 32.0
10 497 32.0
11 498 32.0
11 499 32.0
11 500 32.0
11 501 32.0
11 502 32.0
11 503 32.0
11 504 32.0
11 505 32.0
11 506 32.0
11 507 32.0
11 508 32.0
11 509 32.0
11 510 32.0
11 511 32.0
11 512 32.0
11 513 32.0
11 514 32.0
11 515 32.0
11 516 32.0
11 517 32.0
11 518 32.0
11 519 32.0
11 520 32.0
11 521 32.0
11 522 32.0
11 523 32.0
11 524 32.0
11 525 32.0
11 526 32.0
11 527 32.0
11 528 32.0
11 529 32.0
11 530 32.0
11 531 32.0
11 532 32.0
11 533 32.0
11 534 32.0
11 535 32.0
11 536 32.0
11 537 32.0
11 538 32.0
11 539 32.0
11 540 32.0
11 541 32.0
11 542 32.0
11 543 32.0
11 544 32.0
11 545 32.0
11 546 32.0
11 547 32.0
11 548 32.0
11 549 32.0
12 550 32.0
12 551 32.0
12 552 32.0
12 553 32.0
12 554 32.0
12 555 32.0
12 556 32.0
12 557 32.0
12 558 32.0
12 559 32.0
12 560 32.0
12 561 32.0
12 562 32.0
12 563 32.0
12 564 32.0
12 565 32.0
12 566 32.0
12 567 32.0
12 568 32.0
12 569 32.0
12 570 32.0
12 571 32.0
12 572 32.0
12 573 32.0
12 574 32.0
12 575 32.0
12 576 32.0
12 577 32.0
12 578 32.0
12 579 32.0
12 580 32.0
12 581 32.0
12 582 32.0
12 583 32.0
12 584 32.0
12 585 32.0
12 586 32.0
12 587 32.0
12 588 32.0
12 589 32.0
12 590 32.0
12 591 32.0
12 592 32.0
12 593 32.0
12 594 32.0
12 595 32.0
12 596 32.0
12 597 32.0
12 598 32.0
13 599 32.0
13 600 32.0
13 601 32.0
13 602 32.0
13 603 32.0
13 604 32.0
13 605 32.0
13 606 32.0
13 607 32.0
13 608 32.0
13 609 32.0
13 610 32.0
13 611 32.0
13 612 32.0
13 613 32.0
13 614 32.0
13 615 32.0
13 616 32.0
13 617 32.0
13 618 32.0
13 619 32.0
13 620 32.0
13 621 32.0
13 622 32.0
13 623 32.0
13 624 32.0
13 625 32.0
13 626 32.0
13 627 32.0
13 628 32.0
13 629 32.0
13 630 32.0
13 631 32.0
13 632 32.0
13 633 32.0
13 634 32.0
13 635 32.0
13 636 32.0
13 637 32.0
13 638 32.0
13 639 32.0
13 640 32.0
13 641 32.0
13 642 32.0
13 643 32.0
13 644 32.0
13 645 32.0
13 646 32.0
13 647 32.0
13 648 32.0
13 649 32.0
14 650 32.0
14 651 32.0
14 652 32.0
14 653 32.0
14 654 32.0
14 655 32.0
14 656 32.0
14 657 32.0
14 658 32.0
14 659 32.0
14 660 32.0
14 661 32.0
14 662 32.0
14 663 32.0
14 664 32.0
14 665 32.0
14 666 32.0
14 667 32.0
14 668 32.0
14 669 32.0
14 670 32.0
14 671 32.0
14 672 32.0
14 673 32.0
14 674 32.0
14 675 32.0
14 676 32.0
14 677 32.0
14 678 32.0
14 679 32.0
14 680 32.0
14 681 32.0
14 682 32.0
14 683 32.0
14 684 32.0
14 685 32.0
14 686 32.0
14 687 32.0
14 688 32.0
14 689 32.0
14 690 32.0
14 691 32.0
14 692 32.0
14 693 32.0
14 694 32.0
14 695 32.0
14 696 32.0
14 697 32.0
14 698 32.0
14 699 32.0
15 700 32.0
15 701 32.0
15 702 32.0
15 703 32.0
15 704 32.0
15 705 32.0
15 706 32.0
15 707 32.0
15 708 32.0
15 709 32.0
15 710 32.0
15 711 32.0
15 712 32.0
15 713 32.0
15 714 32.0
15 715 32.0
15 716 32.0
15 717 32.0
15 718 32.0
15 719 32.0
15 720 32.0
15 721 32.0
15 722 32.0
15 723 32.0
15 724 32.0
15 725 32.0
15 726 32.0
15 727 32.0
15 728 32.0
15 729 32.0
15 730 32.0
15 731 32.0
15 732 32.0
15 733 32.0
15 734 32.0
15 735 32.0
15 736 32.0
15 737 32.0
15 738 32.0
15 739 32.0
15 740 32.0
15 741 32.0
15 742 32.0
15 743 32.0
15 744 32.0
15 745 32.0
15 746 32.0
15 747 32.0
15 748 32.0
15 749 32.0
15 750 32.0
16 751 32.0
16 752 32.0
16 753 32.0
16 754 32.0
16 755 32.0
16 756 32.0
16 757 32.0
16 758 32.0
16 759 32.0
16 760 32.0
16 761 32.0
16 762 32.0
16 763 32.0
16 764 32.0
16 765 32.0
16 766 32.0
16 767 32.0
16 768 32.0
16 769 32.0
16 770 32.0
16 771 32.0
16 772 32.0
16 773 32.0
16 774 32.0
16 775 32.0
16 776 32.0
16 777 32.0
16 778 32.0
16 779 32.0
16 780 32.0
16 781 32.0
16 782 32.0
16 783 32.0
16 784 32.0
16 785 32.0
16 786 32.0
16 787 32.0
16 788 32.0
16 789 32.0
16 790 32.0
16 791 32.0
16 792 32.0
16 793 32.0
16 794 32.0
16 795 32.0
16 796 32.0
16 797 32.0
16 798 32.0
16 799 32.0
16 800 32.0
17 801 32.0
17 802 32.0
17 803 32.0
17 804 32.0
17 805 32.0
17 806 32.0
17 807 32.0
17 808 32.0
17 809 32.0
17 810 32.0
17 811 32.0
17 812 32.0
17 813 32.0
17 814 32.0
17 815 32.0
17 816 32.0
17 817 32.0
17 818 32.0
17 819 32.0
17 820 32.0
17 821 32.0
17 822 32.0
17 823 32.0
17 824 32.0
17 825 32.0
17 826 32.0
17 827 32.0
17 828 32.0
17 829 32.0
17 830 32.0
17 831 32.0
17 832 32.0
17 833 32.0
17 834 32.0
17 835 32.0
17 836 32.0
17 837 32.0
17 838 32.0
17 839 32.0
17 840 32.0
17 841 32.0
17 842 32.0
17 843 32.0
17 844 32.0
17 845 32.0
17 846 32.0
17 847 32.0
17 848 32.0
17 849 32.0
18 850 32.0
18 851 32.0
18 852 32.0
18 853 32.0
18 854 32.0
18 855 32.0
18 856 32.0
18 857 32.0
18 858 32.0
18 859 32.0
18 860 32.0
18 861 32.0
18 862 32.0
18 863 32.0
18 864 32.0
18 865 32.0
18 866 32.0
18 867 32.0
18 868 32.0
18 869 32.0
18 870 32.0
18 871 32.0
18 872 32.0
18 873 32.0
18 874 32.0
18 875 32.0
18 876 32.0
18 877 32.0
18 878 32.0
18 879 32.0
18 880 32.0
18 881 32.0
18 882 32.0
18 883 32.0
18 884 32.0
18 885 32.0
18 886 32.0
18 887 32.0
18 888 32.0
18 889 32.0
18 890 32.0
18 891 32.0
18 892 32.0
18 893 32.0
18 894 32.0
18 895 32.0
18 896 32.0
18 897 32.0
18 898 32.0
18 899 32.0
18 900 32.0
19 901 32.0
19 902 32.0
19 903 32.0
19 904 32.0
19 905 32.0
19 906 32.0
19 907 32.0
19 908 32.0
19 909 32.0
19 910 32.0
19 911 32.0
19 912 32.0
19 913 32.0
19 914 32.0
19 915 32.0
19 916 32.0
19 917 32.0
19 918 32.0
19 919 32.0
19 920 32.0
19 921 32.0
19 922 32.0
19 923 32.0
19 924 32.0
19 925 32.0
19 926 32.0
19 927 32.0
19 928 32.0
19 929 32.0
19 930 32.0
19 931 32.0
19 932 32.0
19 933 32.0
19 934 32.0
19 935 32.0
19 936 32.0
19 937 32.0
19 938 32.0
19 939 32.0
19 940 32.0
19 941 32.0
19 942 32.0
19 943 32.0
19 944 32.0
19 945 32.0
19 946 32.0
19 947 32.0
19 948 32.0
19 949 32.0
20 950 32.0
20 951 32.0
20 952 32.0
20 953 32.0
20 954 32.0
20 955 32.0
20 956 32.0
20 957 32.0
20 958 32.0
20 959 32.0
20 960 32.0
20 961 32.0
20 962 32.0
20 963 32.0
20 964 32.0
20 965 32.0
20 966 32.0
20 967 32.0
20 968 32.0
20 969 32.0
20 970 32.0
20 971 32.0
20 972 32.0
20 973 32.0
20 974 32.0
20 975 32.0
20 976 32.0
20 977 32.0
20 978 32.0
20 979 32.0
20 980 32.0
20 981 32.0
20 982 32.0
20 983 32.0
20 984 32.0
20 985 32.0
20 986 32.0
20 987 32.0
20 988 32.0
20 989 32.0
20 990 32.0
20 991 32.0
20 992 32.0
20 993 32.0
20 994 32.0
20 995 32.0
20 996 32.0
20 997 32.0
20 998 32.0
20 999 32.0
21 1000 32.0
21 1001 32.0
21 1002 32.0
21 1003 32.0
21 1004 32.0
21 1005 32.0
21 1006 32.0
21 1007 32.0
21 1008 32.0
21 1009 32.0
21 1010 32.0
21 1011 32.0
21 1012 32.0
21 1013 32.0
21 1014 32.0
21 1015 32.0
21 1016 32.0
21 1017 32.0
21 1018 32.0
21 1019 32.0
21 1020 32.0
21 1021 32.0
21 1022 32.0
21 1023 32.0
21 1024 32.0
21 1025 32.0
21 1026 32.0
21 1027 32.0
21 1028 32.0
21 1029 32.0
21 1030 32.0
21 1031 32.0
21 1032 32.0
21 1033 32.0
21 1034 32.0
21 1035 32.0
21 1036 32.0
21 1037 32.0
21 1038 32.0
21 1039 32.0
21 1040 32.0
21 1041 32.0
21 1042 32.0
21 1043 32.0
21 1044 32.0
21 1045 32.0
21 1046 32.0
21 1047 32.0
21 1048 32.0
21 1049 32.0
21 1050 32.0
22 1051 32.0
22 1052 32.0
22 1053 32.0
22 1054 32.0
22 1055 32.0
22 1056 32.0
22 1057 32.0
22 1058 32.0
22 1059 32.0
22 1060 32.0
22 1061 32.0
22 1062 32.0
22 1063 32.0
22 1064 32.0
22 1065 32.0
22 1066 32.0
22 1067 32.0
22 1068 32.0
22 1069 32.0
22 1070 32.0
22 1071 32.0
22 1072 32.0
22 1073 32.0
22 1074 32.0
22 1075 32.0
22 1076 32.0
22 1077 32.0
22 1078 32.0
22 1079 32.0
22 1080 32.0
22 1081 32.0
22 1082 32.0
22 1083 32.0
22 1084 32.0
22 1085 32.0
22 1086 32.0
22 1087 32.0
22 1088 32.0
22 1089 32.0
22 1090 32.0
22 1091 32.0
22 1092 32.0
22 1093 32.0
22 1094 32.0
22 1095 32.0
22 1096 32.0
22 1097 32.0
22 1098 32.0
22 1099 32.0
22 1100 32.0
22 1101 32.0
23 1102 32.0
23 1103 32.0
23 1104 32.0
23 1105 32.0
23 1106 32.0
23 1107 32.0
23 1108 32.0
23 1109 32.0
23 1110 32.0
23 1111 32.0
23 1112 32.0
23 1113 32.0
23 1114 32.0
23 1115 32.0
23 1116 32.0
23 1117 32.0
23 1118 32.0
23 1119 32.0
23 1120 32.0
23 1121 32.0
23 1122 32.0
23 1123 32.0
23 1124 32.0
23 1125 32.0
23 1126 32.0
23 1127 32.0
23 1128 32.0
23 1129 32.0
23 1130 32.0
23 1131 32.0
23 1132 32.0
23 1133 32.0
23 1134 32.0
23 1135 32.0
23 1136 32.0
23 1137 32.0
23 1138 32.0
23 1139 32.0
23 1140 32.0
23 1141 32.0
23 1142 32.0
23 1143 32.0
23 1144 32.0
23 1145 32.0
23 1146 32.0
23 1147 32.0
23 1148 32.0
23 1149 32.0
23 1150 32.0
23 1151 32.0
23 1152 32.0
23 1153 32.0
24 1154 32.0
24 1155 32.0
24 1156 32.0
24 1157 32.0
24 1158 32.0
24 1159 32.0
24 1160 32.0
24 1161 32.0
24 1162 32.0
24 1163 32.0
24 1164 32.0
24 1165 32.0
24 1166 32.0
24 1167 32.0
24 1168 32.0
24 1169 32.0
24 1170 32.0
24 1171 32.0
24 1172 32.0
24 1173 32.0
24 1174 32.0
24 1175 32.0
24 1176 32.0
24 1177 32.0
24 1178 32.0
24 1179 32.0
24 1180 32.0
24 1181 32.0
24 1182 32.0
24 1183 32.0
24 1184 32.0
24 1185 32.0
24 1186 32.0
24 1187 32.0
24 1188 32.0
24 1189 32.0
24 1190 32.0
24 1191 32.0
24 1192 32.0
24 1193 32.0
24 1194 32.0
24 1195 32.0
24 1196 32.0
24 1197 32.0
24 1198 32.0
24 1199 32.0
24 1200 32.0
24 1201 32.0
24 1202 32.0
24 1203 32.0
25 1204 32.0
25 1205 32.0
25 1206 32.0
25 1207 32.0
25 1208 32.0
25 1209 32.0
25 1210 32.0
25 1211 32.0
25 1212 32.0
25 1213 32.0
25 1214 32.0
25 1215 32.0
25 1216 32.0
25 1217 32.0
25 1218 32.0
25 1219 32.0
25 1220 32.0
25 1221 32.0
25 1222 32.0
25 1223 32.0
25 1224 32.0
25 1225 32.0
25 1226 32.0
25 1227 32.0
25 1228 32.0
25 1229 32.0
25 1230 32.0
25 1231 32.0
25 1232 32.0
25 1233 32.0
25 1234 32.0
25 1235 32.0
25 1236 32.0
25 1237 32.0
25 1238 32.0
25 1239 32.0
25 1240 32.0
25 1241 32.0
25 1242 32.0
25 1243 32.0
25 1244 32.0
25 1245 32.0
25 1246 32.0
25 1247 32.0
25 1248 31.6
25 1249 31.6
25 1250 30.3
25 1251 30.3
25 1252 30.3
25 1253 30.3
25 1254 30.3
26 1255 30.3
26 1256 30.3
26 1257 30.3
26 1258 30.3
26 1259 30.3
26 1260 30.3
26 1261 30.3
26 1262 30.3
26 1263 30.3
26 1264 30.3
26 1265 30.0
26 1266 30.0
26 1267 29.5
26 1268 29.5
26 1269 29.5
26 1270 29.5
26 1271 29.5
26 1272 29.5
26 1273 29.5
26 1274 29.5
26 1275 29.5
26 1276 29.5
26 1277 29.5
26 1278 29.5
26 1279 29.5
26 1280 29.5
26 1281 29.5
26 1282 29.5
26 1283 29.5
26 1284 29.5
26 1285 29.5
26 1286 29.5
26 1287 29.5
26 1288 29.5
26 1289 29.5
26 1290 29.5
26 1291 29.5
26 1292 29.5
26 1293 29.3
26 1294 29.3
26 1295 29.3
26 1296 29.3
26 1297 29.3
26 1298 29.3
26 1299 29.3
26 1300 29.3
26 1301 29.3
26 1302 29.3
26 1303 29.3
27 1304 29.3
27 1305 29.3
27 1306 29.3
27 1307 29.3
27 1308 29.3
27 1309 29.3
27 1310 29.3
27 1311 29.3
27 1312 29.3
27 1313 29.3
27 1314 29.3
27 1315 29.3
27 1316 29.3
27 1317 29.3
27 1318 29.3
27 1319 29.3
27 1320 29.3
27 1321 29.3
27 1322 29.3
27 1323 29.3
27 1324 29.3
27 1325 29.3
27 1326 29.3
27 1327 29.3
27 1328 29.3
27 1329 29.3
27 1330 29.3
27 1331 29.3
27 1332 29.3
27 1333 29.3
27 1334 29.3
27 1335 29.2
27 1336 29.2
27 1337 29.2
27 1338 29.2
27 1339 29.2
27 1340 29.2
27 1341 29.2
27 1342 29.2
27 1343 29.2
27 1344 29.2
27 1345 29.2
27 1346 29.2
27 1347 29.2
27 1348 29.0
27 1349 29.0
27 1350 29.0
27 1351 29.0
27 1352 29.0
27 1353 29.0
27 1354 28.9
28 1355 28.9
28 1356 28.9
28 1357 28.9
28 1358 28.9
28 1359 28.9
28 1360 28.8
28 1361 28.8
28 1362 28.8
28 1363 28.8
28 1364 28.8
28 1365 28.8
28 1366 28.8
28 1367 28.8
28 1368 28.8
28 1369 28.8
28 1370 28.8
28 1371 28.8
28 1372 28.8
28 1373 28.8
28 1374 28.8
28 1375 28.8
28 1376 28.8
28 1377 28.8
28 1378 28.8
28 1379 28.8
28 1380 28.8
28 1381 28.8
28 1382 28.8
28 1383 28.8
28 1384 28.8
28 1385 28.8
28 1386 28.8
28 1387 28.8
28 1388 28.8
28 1389 28.8
28 1390 28.8
28 1391 28.8
28 1392 28.8
28 1393 28.8
28 1394 28.8
28 1395 28.8
28 1396 28.8
28 1397 28.8
28 1398 28.8
28 1399 28.8
28 1400 28.8
28 1401 28.8
28 1402 28.8
28 1403 28.8
29 1404 28.8
29 1405 28.8
29 1406 28.8
29 1407 28.8
29 1408 28.8
29 1409 28.8
29 1410 28.8
29 1411 28.8
29 1412 28.8
29 1413 28.8
29 1414 28.8
29 1415 28.8
29 1416 28.8
29 1417 28.8
29 1418 28.8
29 1419 28.8
29 1420 28.8
29 1421 28.8
29 1422 28.8
29 1423 28.8
29 1424 28.8
29 1425 28.8
29 1426 28.8
29 1427 28.8
29 1428 28.8
29 1429 28.8
29 1430 28.8
29 1431 28.8
29 1432 28.8
29 1433 28.8
29 1434 28.8
29 1435 28.8
29 1436 28.8
29 1437 28.8
29 1438 28.8
29 1439 28.8
29 1440 28.8
29 1441 28.2
29 1442 28.2
29 1443 27.4
29 1444 27.4
29 1445 27.4
29 1446 27.4
29 1447 27.4
29 1448 27.4
29 1449 27.4
29 1450 27.4
29 1451 27.4
29 1452 27.4
30 1453 27.4
30 1454 27.4
30 1455 27.4
30 1456 27.4
30 1457 27.4
30 1458 27.4
30 1459 27.4
30 1460 27.4
30 1461 27.4
30 1462 27.4
30 1463 27.4
30 1464 27.4
30 1465 27.4
30 1466 27.4
30 1467 27.4
30 1468 27.4
30 1469 27.4
30 1470 27.4
30 1471 27.4
30 1472 27.4
30 1473 27.4
30 1474 27.4
30 1475 27.4
30 1476 27.4
30 1477 27.4
30 1478 27.4
30 1479 27.4
30 1480 27.4
30 1481 27.4
30 1482 27.4
30 1483 27.4
30 1484 27.4
30 1485 27.4
30 1486 27.4
30 1487 26.8
30 1488 26.8
30 1489 26.8
30 1490 26.8
30 1491 26.8
30 1492 26.4
30 1493 26.4
30 1494 26.4
30 1495 26.4
30 1496 26.4
30 1497 26.4
30 1498 26.4
30 1499 26.4
30 1500 26.4
30 1501 26.4
30 1502 26.4
31 1503 26.4
31 1504 26.4
31 1505 26.4
31 1506 26.4
31 1507 26.4
31 1508 26.4
31 1509 26.4
31 1510 26.4
31 1511 26.4
31 1512 26.4
31 1513 26.4
31 1514 26.4
31 1515 26.4
31 1516 26.4
31 1517 26.4
31 1518 26.4
31 1519 26.4
31 1520 26.4
31 1521 26.4
31 1522 26.4
31 1523 26.4
31 1524 26.4
31 1525 26.4
31 1526 26.4
31 1527 26.4
31 1528 26.4
31 1529 26.4
31 1530 26.4
31 1531 26.4
31 1532 26.4
31 1533 26.4
31 1534 26.4
31 1535 26.4
31 1536 26.4
31 1537 26.4
31 1538 26.4
31 1539 26.1
31 1540 26.1
31 1541 26.1
31 1542 26.1
31 1543 26.1
31 1544 26.1
31 1545 26.1
31 1546 26.1
31 1547 26.1
31 1548 26.1
31 1549 26.1
31 1550 26.1
31 1551 26.1
31 1552 26.1
32 1553 26.1
32 1554 26.1
32 1555 26.1
32 1556 26.1
32 1557 26.1
32 1558 26.1
32 1559 26.1
32 1560 26.1
32 1561 26.1
32 1562 26.1
32 1563 26.1
32 1564 26.1
32 1565 26.1
32 1566 26.1
32 1567 26.1
32 1568 26.1
32 1569 26.1
32 1570 26.1
32 1571 26.1
32 1572 26.1
32 1573 26.1
32 1574 26.1
32 1575 26.1
32 1576 26.1
32 1577 26.1
32 1578 26.1
32 1579 26.1
32 1580 26.1
32 1581 26.1
32 1582 26.1
32 1583 26.1
32 1584 26.1
32 1585 26.1
32 1586 26.1
32 1587 26.1
32 1588 26.1
32 1589 26.1
32 1590 26.1
32 1591 26.1
32 1592 26.1
32 1593 26.1
32 1594 25.9
32 1595 25.9
32 1596 25.9
32 1597 25.9
32 1598 25.9
32 1599 25.9
32 1600 25.9
32 1601 25.9
32 1602 25.9
33 1603 25.9
33 1604 25.9
33 1605 25.9
33 1606 25.9
33 1607 25.9
33 1608 25.9
33 1609 25.9
33 1610 25.8
33 1611 25.8
33 1612 25.8
33 1613 25.8
33 1614 25.8
33 1615 25.8
33 1616 25.8
33 1617 25.8
33 1618 25.8
33 1619 25.8
33 1620 25.8
33 1621 25.8
33 1622 25.8
33 1623 25.8
33 1624 25.8
33 1625 25.8
33 1626 25.8
33 1627 25.8
33 1628 25.8
33 1629 25.8
33 1630 25.8
33 1631 25.8
33 1632 25.8
33 1633 25.8
33 1634 25.8
33 1635 25.8
33 1636 25.8
33 1637 25.8
33 1638 25.8
33 1639 25.8
33 1640 25.8
33 1641 25.8
33 1642 25.8
33 1643 25.8
33 1644 25.8
33 1645 25.8
33 1646 25.8
33 1647 25.8
33 1648 25.8
33 1649 25.8
33 1650 25.8
33 1651 25.8
34 1652 25.8
34 1653 25.8
34 1654 25.8
34 1655 25.8
34 1656 25.8
34 1657 25.8
34 1658 25.8
34 1659 25.8
34 1660 25.8
34 1661 25.8
34 1662 25.8
34 1663 25.8
34 1664 25.8
34 1665 25.8
34 1666 25.8
34 1667 25.8
34 1668 25.8
34 1669 25.8
34 1670 25.8
34 1671 25.8
34 1672 25.8
34 1673 25.8
34 1674 25.8
34 1675 25.8
34 1676 25.8
34 1677 25.8
34 1678 25.8
34 1679 25.8
34 1680 25.8
34 1681 25.8
34 1682 25.8
34 1683 25.8
34 1684 25.8
34 1685 25.8
34 1686 25.8
34 1687 25.8
34 1688 25.8
34 1689 25.8
34 1690 25.8
34 1691 25.8
34 1692 25.8
34 1693 25.8
34 1694 25.8
34 1695 25.8
34 1696 25.8
34 1697 25.8
34 1698 25.8
34 1699 25.8
34 1700 25.8
34 1701 25.8
34 1702 25.8
34 1703 25.8
35 1704 25.8
35 1705 25.8
35 1706 25.8
35 1707 25.8
35 1708 25.8
35 1709 25.8
35 1710 25.8
35 1711 25.8
35 1712 25.8
35 1713 25.8
35 1714 25.8
35 1715 25.8
35 1716 25.8
35 1717 25.8
35 1718 25.8
35 1719 25.8
35 1720 25.8
35 1721 25.8
35 1722 25.8
35 1723 25.8
35 1724 25.8
35 1725 25.8
35 1726 25.8
35 1727 25.8
35 1728 25.8
35 1729 25.7
35 1730 25.7
35 1731 25.7
35 1732 25.7
35 1733 25.7
35 1734 25.7
35 1735 25.6
35 1736 25.6
35 1737 25.6
35 1738 25.6
35 1739 25.6
35 1740 25.6
35 1741 25.6
35 1742 25.6
35 1743 25.6
35 1744 25.6
35 1745 25.6
35 1746 25.6
35 1747 25.6
35 1748 25.6
35 1749 25.6
35 1750 25.6
35 1751 25.6
35 1752 25.6
35 1753 25.6
35 1754 25.6
35 1755 25.6
36 1756 25.6
36 1757 25.6
36 1758 25.6
36 1759 25.6
36 1760 25.6
36 1761 25.6
36 1762 25.6
36 1763 25.6
36 1764 25.6
36 1765 25.6
36 1766 25.6
36 1767 25.6
36 1768 25.6
36 1769 25.6
36 1770 25.6
36 1771 25.6
36 1772 25.6
36 1773 25.6
36 1774 25.6
36 1775 25.6
36 1776 25.6
36 1777 25.6
36 1778 25.6
36 1779 25.6
36 1780 25.6
36 1781 25.6
36 1782 25.6
36 1783 25.6
36 1784 25.6
36 1785 25.6
36 1786 25.6
36 1787 25.6
36 1788 25.6
36 1789 25.6
36 1790 25.6
36 1791 25.6
36 1792 25.6
36 1793 25.6
36 1794 25.6
36 1795 25.6
36 1796 25.6
36 1797 25.6
36 1798 25.6
36 1799 25.6
36 1800 25.6
36 1801 25.6
36 1802 25.6
36 1803 25.6
36 1804 25.6
37 1805 25.6
37 1806 25.6
37 1807 25.6
37 1808 25.6
37 1809 25.6
37 1810 25.6
37 1811 25.6
37 1812 25.6
37 1813 25.6
37 1814 25.6
37 1815 25.6
37 1816 25.6
37 1817 25.6
37 1818 25.6
37 1819 25.6
37 1820 25.6
37 1821 25.6
37 1822 25.6
37 1823 25.6
37 1824 25.6
37 1825 25.6
37 1826 25.6
37 1827 25.6
37 1828 25.6
37 1829 25.6
37 1830 25.6
37 1831 25.6
37 1832 25.6
37 1833 25.6
37 1834 25.6
37 1835 25.6
37 1836 25.6
37 1837 25.6
37 1838 25.6
37 1839 25.6
37 1840 25.6
37 1841 25.6
37 1842 25.6
37 1843 25.6
37 1844 25.6
37 1845 25.6
37 1846 25.6
37 1847 25.6
37 1848 25.6
37 1849 25.6
37 1850 25.6
37 1851 25.6
37 1852 25.6
37 1853 25.6
37 1854 25.6
37 1855 25.6
38 1856 25.6
38 1857 25.6
38 1858 25.6
38 1859 25.6
38 1860 25.6
38 1861 25.6
38 1862 25.6
38 1863 25.6
38 1864 25.6
38 1865 25.6
38 1866 25.6
38 1867 25.6
38 1868 25.6
38 1869 25.6
38 1870 25.6
38 1871 25.6
38 1872 25.6
38 1873 25.6
38 1874 25.6
38 1875 25.6
38 1876 25.6
38 1877 25.6
38 1878 25.6
38 1879 25.6
38 1880 25.6
38 1881 25.6
38 1882 25.6
38 1883 25.6
38 1884 25.6
38 1885 25.6
38 1886 25.6
38 1887 25.6
38 1888 25.6
38 1889 25.6
38 1890 25.6
38 1891 25.6
38 1892 25.6
38 1893 25.6
38 1894 25.6
38 1895 25.6
38 1896 25.6
38 1897 25.6
38 1898 25.6
38 1899 25.6
38 1900 25.6
38 1901 25.6
38 1902 25.6
38 1903 25.6
38 1904 25.6
38 1905 25.6
39 1906 25.6
39 1907 25.6
39 1908 25.6
39 1909 25.6
39 1910 25.6
39 1911 25.6
39 1912 25.6
39 1913 25.6
39 1914 25.6
39 1915 25.6
39 1916 25.6
39 1917 25.6
39 1918 25.6
39 1919 25.6
39 1920 25.6
39 1921 25.6
39 1922 25.6
39 1923 25.6
39 1924 25.6
39 1925 25.6
39 1926 25.6
39 1927 25.6
39 1928 25.6
39 1929 25.6
39 1930 25.6
39 1931 25.6
39 1932 25.6
39 1933 25.6
39 1934 25.6
39 1935 25.6
39 1936 25.6
39 1937 25.6
39 1938 25.6
39 1939 25.6
39 1940 25.6
39 1941 25.6
39 1942 25.6
39 1943 25.6
39 1944 25.6
39 1945 25.6
39 1946 25.6
39 1947 25.6
39 1948 25.6
39 1949 25.6
39 1950 25.6
39 1951 25.6
39 1952 25.6
39 1953 25.6
39 1954 25.6
39 1955 25.6
39 1956 25.6
39 1957 25.6
40 1958 25.6
40 1959 25.6
40 1960 25.6
40 1961 25.6
40 1962 25.6
40 1963 25.6
40 1964 25.6
40 1965 25.6
40 1966 25.6
40 1967 25.6
40 1968 25.6
40 1969 25.6
40 1970 25.6
40 1971 25.6
40 1972 25.6
40 1973 25.6
40 1974 25.6
40 1975 25.6
40 1976 25.6
40 1977 25.6
40 1978 25.6
40 1979 25.6
40 1980 25.6
40 1981 25.6
40 1982 25.6
40 1983 25.6
40 1984 25.6
40 1985 25.6
40 1986 25.6
40 1987 25.6
40 1988 25.6
40 1989 25.6
40 1990 25.6
40 1991 25.6
40 1992 25.6
40 1993 25.6
40 1994 25.6
40 1995 25.6
40 1996 25.6
40 1997 25.6
40 1998 25.6
40 1999 25.6
40 2000 25.6
40 2001 25.6
40 2002 25.6
40 2003 25.6
40 2004 25.6
40 2005 25.6
40 2006 25.6
40 2007 25.6
40 2008 25.6
40 2009 25.6
40 2010 25.6
41 2011 25.6
41 2012 25.6
41 2013 25.6
41 2014 25.6
41 2015 25.6
41 2016 25.6
41 2017 25.6
41 2018 25.6
41 2019 25.6
41 2020 25.6
41 2021 25.6
41 2022 25.6
41 2023 25.6
41 2024 25.6
41 2025 25.6
41 2026 25.6
41 2027 25.6
41 2028 25.6
41 2029 25.6
41 2030 25.6
41 2031 25.6
41 2032 25.6
41 2033 25.6
41 2034 25.6
41 2035 25.6
41 2036 25.6
41 2037 25.6
41 2038 25.6
41 2039 25.6
41 2040 25.6
41 2041 25.6
41 2042 25.6
41 2043 25.6
41 2044 25.6
41 2045 25.6
41 2046 25.6
41 2047 25.6
41 2048 25.6
41 2049 25.6
41 2050 25.6
41 2051 25.6
41 2052 25.6
41 2053 25.6
41 2054 25.6
41 2055 25.6
41 2056 25.6
41 2057 25.6
41 2058 25.6
41 2059 25.6
42 2060 25.6
42 2061 25.6
42 2062 25.6
42 2063 25.6
42 2064 25.6
42 2065 25.6
42 2066 25.6
42 2067 25.6
42 2068 25.6
42 2069 25.6
42 2070 25.6
42 2071 25.6
42 2072 25.6
42 2073 25.6
42 2074 25.6
42 2075 25.6
42 2076 25.6
42 2077 25.6
42 2078 25.6
42 2079 25.6
42 2080 25.6
42 2081 25.6
42 2082 25.6
42 2083 25.6
42 2084 25.6
42 2085 25.6
42 2086 25.6
42 2087 25.6
42 2088 25.6
42 2089 25.6
42 2090 25.6
42 2091 25.6
42 2092 25.6
42 2093 25.6
42 2094 25.6
42 2095 25.6
42 2096 25.6
42 2097 25.6
42 2098 25.6
42 2099 25.6
42 2100 25.6
42 2101 25.6
42 2102 25.6
42 2103 25.6
42 2104 25.6
42 2105 25.6
42 2106 25.6
42 2107 25.6
42 2108 25.6
42 2109 25.6
43 2110 25.6
43 2111 25.6
43 2112 25.6
43 2113 25.6
43 2114 25.6
43 2115 25.6
43 2116 25.6
43 2117 25.6
43 2118 25.6
43 2119 25.6
43 2120 25.6
43 2121 25.6
43 2122 25.6
43 2123 25.6
43 2124 25.6
43 2125 25.6
43 2126 25.6
43 2127 25.6
43 2128 25.6
43 2129 25.6
43 2130 25.6
43 2131 25.6
43 2132 25.6
43 2133 25.6
43 2134 25.6
43 2135 25.6
43 2136 25.6
43 2137 25.6
43 2138 25.6
43 2139 25.6
43 2140 25.6
43 2141 25.6
43 2142 25.6
43 2143 25.6
43 2144 25.6
43 2145 25.6
43 2146 25.6
43 2147 25.6
43 2148 25.6
43 2149 25.6
43 2150 25.6
43 2151 25.6
43 2152 25.6
43 2153 25.6
43 2154 25.6
43 2155 25.6
43 2156 25.6
43 2157 25.6
43 2158 25.6
43 2159 25.6
43 2160 25.6
43 2161 25.6
44 2162 25.6
44 2163 25.6
44 2164 25.6
44 2165 25.6
44 2166 25.6
44 2167 25.6
44 2168 25.6
44 2169 25.6
44 2170 25.6
44 2171 25.6
44 2172 25.6
44 2173 25.6
44 2174 25.6
44 2175 25.6
44 2176 25.6
44 2177 25.6
44 2178 25.6
44 2179 25.6
44 2180 25.6
44 2181 25.6
44 2182 25.6
44 2183 25.6
44 2184 25.6
44 2185 25.6
44 2186 25.6
44 2187 25.6
44 2188 25.6
44 2189 25.6
44 2190 25.6
44 2191 25.6
44 2192 25.6
44 2193 25.6
44 2194 25.6
44 2195 25.6
44 2196 25.6
44 2197 25.6
44 2198 25.6
44 2199 25.6
44 2200 25.6
44 2201 25.6
44 2202 25.6
44 2203 25.6
44 2204 25.6
44 2205 25.6
44 2206 25.6
44 2207 25.6
44 2208 25.6
44 2209 25.6
44 2210 25.6
44 2211 25.6
44 2212 25.6
44 2213 25.6
45 2214 25.6
45 2215 25.6
45 2216 25.6
45 2217 25.6
45 2218 25.6
45 2219 25.6
45 2220 25.6
45 2221 25.6
45 2222 25.6
45 2223 25.6
45 2224 25.6
45 2225 25.6
45 2226 25.6
45 2227 25.6
45 2228 25.6
45 2229 25.6
45 2230 25.6
45 2231 25.6
45 2232 25.6
45 2233 25.6
45 2234 25.6
45 2235 25.6
45 2236 25.6
45 2237 25.6
45 2238 25.6
45 2239 25.6
45 2240 25.6
45 2241 25.6
45 2242 25.6
45 2243 25.6
45 2244 25.6
45 2245 25.6
45 2246 25.6
45 2247 25.6
45 2248 25.6
45 2249 25.6
45 2250 25.6
45 2251 25.6
45 2252 25.6
45 2253 25.6
45 2254 25.6
45 2255 25.6
45 2256 25.6
45 2257 25.6
45 2258 25.6
45 2259 25.6
45 2260 25.6
45 2261 25.6
46 2262 25.6
46 2263 25.6
46 2264 25.6
46 2265 25.6
46 2266 25.6
46 2267 25.6
46 2268 25.6
46 2269 25.6
46 2270 25.6
46 2271 25.6
46 2272 25.6
46 2273 25.6
46 2274 25.6
46 2275 25.6
46 2276 25.6
46 2277 25.6
46 2278 25.6
46 2279 25.6
46 2280 25.6
46 2281 25.6
46 2282 25.6
46 2283 25.6
46 2284 25.6
46 2285 25.6
46 2286 25.6
46 2287 25.6
46 2288 25.6
46 2289 25.6
46 2290 25.6
46 2291 25.6
46 2292 25.6
46 2293 25.6
46 2294 25.6
46 2295 25.6
46 2296 25.6
46 2297 25.6
46 2298 25.6
46 2299 25.6
46 2300 25.6
46 2301 25.6
46 2302 25.6
46 2303 25.6
46 2304 25.6
46 2305 25.6
46 2306 25.6
46 2307 25.6
46 2308 25.6
46 2309 25.6
46 2310 25.6
46 2311 25.6
46 2312 25.6
46 2313 25.6
47 2314 25.6
47 2315 25.6
47 2316 25.6
47 2317 25.6
47 2318 25.6
47 2319 25.6
47 2320 25.6
47 2321 25.6
47 2322 25.6
47 2323 25.6
47 2324 25.6
47 2325 25.6
47 2326 25.6
47 2327 25.6
47 2328 25.6
47 2329 25.6
47 2330 25.6
47 2331 25.6
47 2332 25.6
47 2333 25.6
47 2334 25.6
47 2335 25.6
47 2336 25.6
47 2337 25.6
47 2338 25.3
47 2339 25.3
47 2340 25.3
47 2341 25.2
47 2342 25.2
47 2343 25.2
47 2344 24.0
47 2345 24.0
47 2346 24.0
47 2347 24.0
47 2348 24.0
47 2349 24.0
47 2350 24.0
47 2351 24.0
47 2352 24.0
47 2353 24.0
47 2354 24.0
47 2355 24.0
47 2356 24.0
47 2357 24.0
47 2358 24.0
47 2359 24.0
47 2360 24.0
47 2361 23.8
47 2362 23.8
47 2363 23.0
47 2364 23.0
47 2365 23.0
48 2366 23.0
48 2367 23.0
48 2368 23.0
48 2369 23.0
48 2370 23.0
48 2371 23.0
48 2372 22.6
48 2373 22.6
48 2374 22.6
48 2375 22.6
48 2376 22.6
48 2377 22.6
48 2378 22.6
48 2379 22.6
48 2380 22.6
48 2381 22.6
48 2382 22.6
48 2383 22.6
48 2384 22.6
48 2385 22.6
48 2386 22.6
48 2387 22.6
48 2388 22.6
48 2389 22.6
48 2390 22.6
48 2391 22.6
48 2392 22.6
48 2393 22.6
48 2394 22.6
48 2395 22.6
48 2396 22.6
48 2397 22.3
48 2398 22.3
48 2399 22.3
48 2400 22.3
48 2401 22.3
48 2402 22.3
48 2403 22.3
48 2404 22.3
48 2405 22.3
48 2406 22.2
48 2407 22.2
48 2408 22.2
48 2409 22.2
48 2410 22.2
48 2411 22.2
48 2412 22.2
48 2413 22.2
48 2414 22.2
48 2415 22.2
48 2416 22.2
49 2417 22.2
49 2418 22.2
49 2419 22.2
49 2420 22.2
49 2421 22.2
49 2422 22.2
49 2423 22.2
49 2424 22.2
49 2425 22.2
49 2426 22.2
49 2427 22.2
49 2428 22.2
49 2429 22.2
49 2430 22.2
49 2431 22.2
49 2432 22.2
49 2433 22.2
49 2434 22.2
49 2435 22.2
49 2436 22.2
49 2437 22.2
49 2438 22.1
49 2439 22.1
49 2440 22.1
49 2441 22.1
49 2442 22.1
49 2443 22.1
49 2444 21.7
49 2445 21.7
49 2446 21.7
49 2447 21.4
49 2448 21.4
49 2449 21.4
49 2450 21.2
49 2451 21.2
49 2452 21.2
49 2453 21.2
49 2454 21.2
49 2455 21.2
49 2456 21.0
49 2457 21.0
49 2458 21.0
49 2459 20.9
49 2460 20.9
49 2461 20.9
49 2462 20.9
49 2463 20.9
49 2464 20.9
49 2465 20.9
49 2466 20.9
49 2467 20.9
49 2468 20.9
49 2469 20.9
50 2470 20.9
50 2471 20.8
50 2472 20.8
50 2473 20.8
50 2474 20.8
50 2475 20.8
50 2476 20.8
50 2477 20.8
50 2478 20.8
50 2479 20.8
50 2480 20.2
50 2481 20.2
50 2482 20.2
50 2483 20.2
50 2484 20.2
50 2485 20.2
50 2486 20.2
50 2487 20.2
50 2488 20.2
50 2489 20.2
50 2490 20.2
50 2491 20.2
50 2492 20.2
50 2493 20.2
50 2494 20.2
50 2495 20.2
50 2496 20.2
50 2497 20.2
50 2498 20.2
50 2499 20.2
50 2500 20.2
50 2501 20.2
50 2502 20.2
50 2503 19.4
50 2504 19.4
50 2505 19.4
50 2506 19.4
50 2507 19.4
50 2508 19.4
50 2509 19.4
50 2510 19.4
50 2511 19.4
50 2512 19.4
50 2513 19.4
50 2514 19.4
50 2515 19.4
50 2516 19.4
50 2517 19.4
50 2518 19.4
50 2519 19.4
50 2520 19.4
51 2521 19.4
51 2522 19.4
51 2523 19.4
51 2524 19.4
51 2525 19.4
51 2526 19.4
51 2527 19.4
51 2528 19.4
51 2529 19.4
51 2530 19.4
51 2531 19.4
51 2532 19.4
51 2533 19.4
51 2534 19.4
51 2535 19.4
51 2536 19.4
51 2537 19.4
51 2538 19.4
51 2539 19.4
51 2540 19.4
51 2541 19.4
51 2542 19.4
51 2543 19.4
51 2544 19.4
51 2545 19.4
51 2546 19.4
51 2547 19.4
51 2548 19.4
51 2549 19.4
51 2550 19.4
51 2551 19.4
51 2552 19.4
51 2553 19.4
51 2554 19.4
51 2555 19.4
51 2556 19.4
51 2557 19.4
51 2558 19.4
51 2559 19.4
51 2560 19.4
51 2561 19.4
51 2562 19.4
51 2563 19.4
51 2564 19.4
51 2565 19.4
51 2566 19.4
51 2567 19.4
51 2568 19.4
52 2569 19.4
52 2570 19.4
52 2571 19.4
52 2572 19.4
52 2573 19.4
52 2574 19.4
52 2575 19.4
52 2576 19.4
52 2577 19.4
52 2578 19.4
52 2579 19.4
52 2580 19.4
52 2581 19.4
52 2582 19.4
52 2583 19.4
52 2584 19.4
52 2585 19.4
52 2586 19.4
52 2587 19.4
52 2588 19.4
52 2589 19.4
52 2590 19.4
52 2591 19.4
52 2592 19.4
52 2593 19.4
52 2594 19.4
52 2595 19.4
52 2596 19.4
52 2597 19.4
52 2598 19.4
52 2599 19.4
52 2600 19.4
52 2601 19.4
52 2602 19.4
52 2603 19.4
52 2604 19.4
52 2605 19.4
52 2606 19.4
52 2607 19.4
52 2608 19.4
52 2609 19.4
52 2610 19.4
52 2611 19.4
52 2612 19.4
52 2613 19.4
52 2614 19.4
52 2615 19.4
52 2616 19.4
52 2617 19.4
52 2618 19.4
52 2619 19.4
53 2620 19.4
53 2621 19.4
53 2622 19.4
53 2623 19.4
53 2624 19.4
53 2625 19.4
53 2626 19.4
53 2627 19.4
53 2628 19.4
53 2629 19.4
53 2630 19.4
53 2631 19.4
53 2632 19.4
53 2633 19.4
53 2634 19.4
53 2635 19.4
53 2636 19.4
53 2637 19.4
53 2638 19.4
53 2639 19.4
53 2640 19.4
53 2641 19.4
53 2642 19.4
53 2643 19.4
53 2644 19.4
53 2645 19.4
53 2646 19.4
53 2647 19.4
53 2648 19.4
53 2649 19.4
53 2650 19.4
53 2651 19.4
53 2652 19.4
53 2653 19.4
53 2654 19.4
53 2655 19.4
53 2656 19.4
53 2657 19.4
53 2658 19.4
53 2659 19.4
53 2660 19.4
53 2661 19.4
53 2662 19.4
53 2663 19.4
53 2664 19.4
53 2665 19.4
53 2666 19.4
53 2667 19.4
53 2668 19.4
53 2669 19.4
53 2670 19.4
53 2671 19.4
53 2672 19.4
53 2673 19.4
54 2674 19.4
54 2675 19.4
54 2676 19.4
54 2677 19.4
54 2678 19.4
54 2679 19.4
54 2680 19.4
54 2681 19.4
54 2682 19.4
54 2683 19.4
54 2684 19.4
54 2685 19.4
54 2686 19.4
54 2687 19.4
54 2688 19.4
54 2689 19.4
54 2690 19.4
54 2691 19.4
54 2692 19.4
54 2693 19.4
54 2694 19.4
54 2695 19.4
54 2696 19.4
54 2697 19.4
54 2698 19.4
54 2699 19.4
54 2700 19.4
54 2701 19.4
54 2702 19.4
54 2703 19.4
54 2704 19.4
54 2705 19.4
54 2706 19.4
54 2707 19.4
54 2708 19.4
54 2709 19.4
54 2710 19.4
54 2711 19.4
54 2712 19.4
54 2713 19.4
54 2714 19.4
54 2715 19.4
54 2716 19.4
54 2717 19.4
54 2718 19.4
54 2719 19.4
54 2720 19.4
54 2721 19.4
54 2722 19.4
54 2723 19.4
54 2724 19.4
55 2725 19.4
55 2726 19.4
55 2727 19.4
55 2728 19.4
55 2729 19.4
55 2730 19.4
55 2731 19.4
55 2732 19.4
55 2733 19.4
55 2734 19.4
55 2735 19.4
55 2736 19.4
55 2737 19.4
55 2738 19.4
55 2739 19.4
55 2740 19.4
55 2741 19.4
55 2742 19.4
55 2743 19.4
55 2744 19.4
55 2745 19.4
55 2746 19.4
55 2747 19.4
55 2748 19.4
55 2749 19.4
55 2750 19.4
55 2751 19.4
55 2752 19.4
55 2753 19.4
55 2754 19.4
55 2755 19.4
55 2756 19.4
55 2757 19.4
55 2758 19.4
55 2759 19.4
55 2760 19.4
55 2761 19.4
55 2762 19.4
55 2763 19.4
55 2764 19.4
55 2765 19.4
55 2766 19.4
55 2767 19.4
55 2768 19.4
55 2769 19.4
55 2770 19.4
55 2771 19.4
55 2772 19.4
55 2773 19.4
55 2774 19.4
56 2775 19.4
56 2776 19.4
56 2777 19.4
56 2778 19.4
56 2779 19.4
56 2780 19.4
56 2781 19.4
56 2782 19.4
56 2783 19.4
56 2784 19.4
56 2785 19.4
56 2786 19.4
56 2787 19.4
56 2788 19.4
56 2789 19.4
56 2790 19.4
56 2791 19.4
56 2792 19.4
56 2793 19.4
56 2794 19.4
56 2795 19.4
56 2796 19.4
56 2797 19.4
56 2798 19.4
56 2799 19.4
56 2800 19.4
56 2801 19.4
56 2802 19.4
56 2803 19.4
56 2804 19.4
56 2805 19.4
56 2806 19.4
56 2807 19.4
56 2808 18.8
56 2809 18.8
56 2810 18.8
56 2811 18.8
56 2812 18.8
56 2813 18.8
56 2814 18.8
56 2815 18.8
56 2816 18.4
56 2817 18.4
56 2818 18.4
56 2819 18.4
56 2820 18.4
56 2821 18.4
56 2822 18.4
56 2823 18.4
56 2824 18.4
56 2825 18.4
57 2826 18.4
57 2827 18.4
57 2828 18.4
57 2829 18.0
57 2830 18.0
57 2831 18.0
57 2832 18.0
57 2833 18.0
57 2834 18.0
57 2835 18.0
57 2836 18.0
57 2837 18.0
57 2838 18.0
57 2839 18.0
57 2840 18.0
57 2841 17.8
57 2842 17.8
57 2843 17.8
57 2844 17.8
57 2845 17.6
57 2846 17.6
57 2847 17.6
57 2848 17.6
57 2849 17.6
57 2850 17.6
57 2851 17.6
57 2852 17.6
57 2853 17.6
57 2854 17.6
57 2855 17.6
57 2856 17.6
57 2857 16.8
57 2858 16.8
57 2859 16.8
57 2860 16.8
57 2861 16.8
57 2862 16.8
57 2863 16.8
57 2864 16.8
57 2865 16.8
57 2866 16.8
57 2867 16.8
57 2868 16.8
57 2869 16.8
57 2870 16.8
57 2871 16.8
57 2872 16.8
57 2873 16.8
57 2874 16.8
57 2875 16.8
57 2876 16.8
57 2877 16.8
58 2878 16.8
58 2879 16.8
58 2880 16.8
58 2881 16.8
58 2882 16.8
58 2883 16.8
58 2884 16.8
58 2885 16.8
58 2886 16.8
58 2887 16.8
58 2888 16.8
58 2889 16.8
58 2890 16.8
58 2891 16.8
58 2892 16.8
58 2893 16.8
58 2894 16.8
58 2895 16.8
58 2896 16.8
58 2897 16.5
58 2898 16.5
58 2899 16.5
58 2900 16.5
58 2901 16.5
58 2902 16.5
58 2903 16.5
58 2904 16.5
58 2905 16.5
58 2906 16.5
58 2907 16.5
58 2908 16.5
58 2909 16.5
58 2910 16.5
58 2911 16.5
58 2912 16.4
58 2913 16.4
58 2914 16.4
58 2915 16.4
58 2916 16.4
58 2917 16.4
58 2918 16.4
58 2919 16.4
58 2920 16.4
58 2921 16.4
58 2922 16.4
58 2923 16.4
58 2924 16.4
58 2925 16.4
58 2926 16.4
58 2927 16.4
58 2928 16.4
59 2929 16.4
59 2930 16.4
59 2931 16.4
59 2932 16.1
59 2933 16.1
59 2934 16.1
59 2935 16.1
59 2936 16.1
59 2937 16.1
59 2938 16.1
59 2939 16.1
59 2940 16.1
59 2941 16.1
59 2942 16.1
59 2943 16.0
59 2944 16.0
59 2945 16.0
59 2946 16.0
59 2947 16.0
59 2948 16.0
59 2949 16.0
59 2950 16.0
59 2951 16.0
59 2952 16.0
59 2953 16.0
59 2954 16.0
59 2955 16.0
59 2956 16.0
59 2957 16.0
59 2958 16.0
59 2959 16.0
59 2960 16.0
59 2961 16.0
59 2962 16.0
59 2963 16.0
59 2964 16.0
59 2965 16.0
59 2966 16.0
59 2967 16.0
59 2968 16.0
59 2969 16.0
59 2970 16.0
59 2971 16.0
59 2972 16.0
59 2973 16.0
59 2974 16.0
59 2975 16.0
59 2976 16.0
59 2977 16.0
59 2978 16.0
59 2979 16.0
60 2980 16.0
60 2981 16.0
60 2982 16.0
60 2983 16.0
60 2984 16.0
60 2985 16.0
60 2986 16.0
60 2987 16.0
60 2988 16.0
60 2989 16.0
60 2990 16.0
60 2991 16.0
60 2992 16.0
60 2993 16.0
60 2994 16.0
60 2995 16.0
60 2996 16.0
60 2997 16.0
60 2998 16.0
60 2999 16.0
60 3000 16.0
60 3001 16.0
60 3002 16.0
60 3003 16.0
60 3004 16.0
60 3005 16.0
60 3006 16.0
60 3007 16.0
60 3008 16.0
60 3009 16.0
60 3010 16.0
60 3011 16.0
60 3012 16.0
60 3013 16.0
60 3014 16.0
60 3015 16.0
60 3016 16.0
60 3017 16.0
60 3018 16.0
60 3019 16.0
60 3020 16.0
60 3021 16.0
60 3022 16.0
60 3023 16.0
60 3024 16.0
60 3025 16.0
60 3026 16.0
60 3027 16.0
60 3028 16.0
60 3029 16.0
60 3030 16.0
60 3031 16.0
61 3032 16.0
61 3033 16.0
61 3034 16.0
61 3035 16.0
61 3036 16.0
61 3037 16.0
61 3038 16.0
61 3039 16.0
61 3040 16.0
61 3041 16.0
61 3042 16.0
61 3043 16.0
61 3044 16.0
61 3045 16.0
61 3046 16.0
61 3047 16.0
61 3048 16.0
61 3049 16.0
61 3050 16.0
61 3051 16.0
61 3052 16.0
61 3053 16.0
61 3054 16.0
61 3055 16.0
61 3056 16.0
61 3057 16.0
61 3058 16.0
61 3059 16.0
61 3060 16.0
61 3061 16.0
61 3062 16.0
61 3063 16.0
61 3064 16.0
61 3065 16.0
61 3066 16.0
61 3067 16.0
61 3068 16.0
61 3069 16.0
61 3070 16.0
61 3071 16.0
61 3072 16.0
61 3073 16.0
61 3074 16.0
61 3075 16.0
61 3076 16.0
61 3077 16.0
61 3078 16.0
61 3079 16.0
61 3080 16.0
62 3081 16.0
62 3082 16.0
62 3083 16.0
62 3084 16.0
62 3085 16.0
62 3086 16.0
62 3087 16.0
62 3088 16.0
62 3089 16.0
62 3090 16.0
62 3091 16.0
62 3092 16.0
62 3093 16.0
62 3094 16.0
62 3095 16.0
62 3096 16.0
62 3097 16.0
62 3098 16.0
62 3099 16.0
62 3100 16.0
62 3101 16.0
62 3102 16.0
62 3103 16.0
62 3104 16.0
62 3105 16.0
62 3106 16.0
62 3107 16.0
62 3108 16.0
62 3109 16.0
62 3110 16.0
62 3111 16.0
62 3112 16.0
62 3113 16.0
62 3114 16.0
62 3115 16.0
62 3116 16.0
62 3117 16.0
62 3118 16.0
62 3119 16.0
62 3120 16.0
62 3121 16.0
62 3122 16.0
62 3123 16.0
62 3124 16.0
62 3125 16.0
62 3126 16.0
62 3127 16.0
62 3128 16.0
62 3129 16.0
62 3130 16.0
62 3131 16.0
63 3132 16.0
63 3133 16.0
63 3134 16.0
63 3135 16.0
63 3136 16.0
63 3137 16.0
63 3138 16.0
63 3139 16.0
63 3140 16.0
63 3141 16.0
63 3142 16.0
63 3143 16.0
63 3144 16.0
63 3145 16.0
63 3146 16.0
63 3147 16.0
63 3148 16.0
63 3149 16.0
63 3150 16.0
63 3151 16.0
63 3152 16.0
63 3153 16.0
63 3154 16.0
63 3155 16.0
63 3156 16.0
63 3157 16.0
63 3158 16.0
63 3159 16.0
63 3160 16.0
63 3161 16.0
63 3162 16.0
63 3163 16.0
63 3164 16.0
63 3165 16.0
63 3166 16.0
63 3167 16.0
63 3168 16.0
63 3169 16.0
63 3170 16.0
63 3171 16.0
63 3172 16.0
63 3173 16.0
63 3174 16.0
63 3175 16.0
63 3176 16.0
63 3177 16.0
63 3178 16.0
63 3179 16.0
63 3180 16.0
63 3181 16.0
63 3182 16.0
63 3183 16.0
63 3184 16.0
63 3185 16.0
64 3186 16.0
64 3187 16.0
64 3188 16.0
64 3189 16.0
64 3190 16.0
64 3191 16.0
64 3192 16.0
64 3193 16.0
64 3194 16.0
64 3195 16.0
64 3196 16.0
64 3197 16.0
64 3198 16.0
64 3199 16.0
64 3200 16.0
64 3201 16.0
64 3202 16.0
64 3203 16.0
64 3204 16.0
64 3205 16.0
64 3206 16.0
64 3207 16.0
64 3208 16.0
64 3209 16.0
64 3210 16.0
64 3211 16.0
64 3212 16.0
64 3213 16.0
64 3214 16.0
64 3215 16.0
64 3216 16.0
64 3217 16.0
64 3218 16.0
64 3219 16.0
64 3220 16.0
64 3221 16.0
64 3222 16.0
64 3223 16.0
64 3224 16.0
64 3225 16.0
64 3226 16.0
64 3227 16.0
64 3228 16.0
64 3229 16.0
64 3230 16.0
64 3231 16.0
64 3232 16.0
64 3233 16.0
64 3234 16.0
64 3235 16.0
64 3236 16.0
64 3237 16.0
64 3238 16.0
65 3239 16.0
65 3240 16.0
65 3241 16.0
65 3242 16.0
65 3243 16.0
65 3244 16.0
65 3245 16.0
65 3246 16.0
65 3247 16.0
65 3248 16.0
65 3249 16.0
65 3250 16.0
65 3251 16.0
65 3252 16.0
65 3253 16.0
65 3254 16.0
65 3255 16.0
65 3256 16.0
65 3257 16.0
65 3258 16.0
65 3259 16.0
65 3260 16.0
65 3261 16.0
65 3262 16.0
65 3263 16.0
65 3264 16.0
65 3265 16.0
65 3266 16.0
65 3267 16.0
65 3268 16.0
65 3269 16.0
65 3270 16.0
65 3271 16.0
65 3272 16.0
65 3273 16.0
65 3274 16.0
65 3275 16.0
65 3276 16.0
65 3277 16.0
65 3278 16.0
65 3279 16.0
65 3280 16.0
65 3281 16.0
65 3282 16.0
65 3283 16.0
65 3284 16.0
65 3285 16.0
65 3286 16.0
65 3287 16.0
66 3288 16.0
66 3289 16.0
66 3290 16.0
66 3291 16.0
66 3292 16.0
66 3293 16.0
66 3294 16.0
66 3295 16.0
66 3296 16.0
66 3297 16.0
66 3298 16.0
66 3299 16.0
66 3300 16.0
66 3301 16.0
66 3302 16.0
66 3303 16.0
66 3304 16.0
66 3305 16.0
66 3306 16.0
66 3307 16.0
66 3308 16.0
66 3309 16.0
66 3310 16.0
66 3311 16.0
66 3312 16.0
66 3313 16.0
66 3314 16.0
66 3315 16.0
66 3316 16.0
66 3317 16.0
66 3318 16.0
66 3319 16.0
66 3320 16.0
66 3321 16.0
66 3322 16.0
66 3323 16.0
66 3324 16.0
66 3325 16.0
66 3326 16.0
66 3327 16.0
66 3328 16.0
66 3329 16.0
66 3330 16.0
66 3331 16.0
66 3332 16.0
66 3333 16.0
66 3334 16.0
66 3335 16.0
66 3336 16.0
66 3337 16.0
66 3338 16.0
66 3339 16.0
66 3340 16.0
67 3341 16.0
67 3342 16.0
67 3343 16.0
67 3344 16.0
67 3345 16.0
67 3346 16.0
67 3347 16.0
67 3348 16.0
67 3349 16.0
67 3350 16.0
67 3351 16.0
67 3352 16.0
67 3353 16.0
67 3354 16.0
67 3355 16.0
67 3356 16.0
67 3357 16.0
67 3358 16.0
67 3359 16.0
67 3360 16.0
67 3361 16.0
67 3362 16.0
67 3363 16.0
67 3364 16.0
67 3365 16.0
67 3366 16.0
67 3367 16.0
67 3368 16.0
67 3369 16.0
67 3370 16.0
67 3371 16.0
67 3372 16.0
67 3373 16.0
67 3374 16.0
67 3375 16.0
67 3376 16.0
67 3377 16.0
67 3378 16.0
67 3379 16.0
67 3380 16.0
67 3381 16.0
67 3382 16.0
67 3383 16.0
67 3384 16.0
67 3385 16.0
67 3386 16.0
67 3387 16.0
67 3388 16.0
67 3389 16.0
67 3390 16.0
68 3391 16.0
68 3392 16.0
68 3393 16.0
68 3394 16.0
68 3395 16.0
68 3396 16.0
68 3397 16.0
68 3398 16.0
68 3399 16.0
68 3400 16.0
68 3401 16.0
68 3402 16.0
68 3403 16.0
68 3404 16.0
68 3405 16.0
68 3406 16.0
68 3407 16.0
68 3408 16.0
68 3409 16.0
68 3410 16.0
68 3411 16.0
68 3412 16.0
68 3413 16.0
68 3414 16.0
68 3415 16.0
68 3416 16.0
68 3417 16.0
68 3418 16.0
68 3419 16.0
68 3420 16.0
68 3421 16.0
68 3422 16.0
68 3423 16.0
68 3424 16.0
68 3425 16.0
68 3426 16.0
68 3427 16.0
68 3428 16.0
68 3429 16.0
68 3430 16.0
68 3431 16.0
68 3432 16.0
68 3433 16.0
68 3434 16.0
68 3435 16.0
68 3436 16.0
68 3437 16.0
68 3438 16.0
68 3439 16.0
68 3440 16.0
68 3441 16.0
68 3442 16.0
69 3443 16.0
69 3444 16.0
69 3445 16.0
69 3446 16.0
69 3447 16.0
69 3448 16.0
69 3449 16.0
69 3450 16.0
69 3451 16.0
69 3452 16.0
69 3453 16.0
69 3454 16.0
69 3455 16.0
69 3456 15.8
69 3457 15.8
69 3458 15.8
69 3459 15.8
69 3460 15.8
69 3461 15.8
69 3462 15.8
69 3463 15.8
69 3464 15.8
69 3465 15.8
69 3466 15.8
69 3467 15.8
69 3468 15.7
69 3469 15.7
69 3470 15.7
69 3471 15.0
69 3472 15.0
69 3473 15.0
69 3474 15.0
69 3475 15.0
69 3476 15.0
69 3477 15.0
69 3478 15.0
69 3479 15.0
69 3480 15.0
69 3481 15.0
69 3482 15.0
69 3483 15.0
69 3484 15.0
69 3485 15.0
69 3486 15.0
69 3487 15.0
69 3488 15.0
69 3489 15.0
69 3490 15.0
69 3491 15.0
69 3492 15.0
69 3493 15.0
69 3494 15.0
70 3495 15.0
70 3496 15.0
70 3497 15.0
70 3498 15.0
70 3499 15.0
70 3500 15.0
70 3501 15.0
70 3502 15.0
70 3503 15.0
70 3504 15.0
70 3505 15.0
70 3506 14.8
70 3507 14.8
70 3508 14.8
70 3509 14.8
70 3510 14.8
70 3511 14.8
70 3512 14.8
70 3513 14.8
70 3514 14.8
70 3515 14.8
70 3516 14.8
70 3517 14.8
70 3518 14.8
70 3519 14.8
70 3520 14.8
70 3521 14.8
70 3522 14.8
70 3523 14.8
70 3524 14.8
70 3525 14.8
70 3526 14.8
70 3527 14.8
70 3528 14.8
70 3529 14.8
70 3530 14.8
70 3531 14.8
70 3532 14.8
70 3533 14.8
70 3534 14.8
70 3535 14.8
70 3536 14.8
70 3537 14.8
70 3538 14.8
70 3539 14.8
70 3540 14.8
70 3541 14.8
70 3542 14.8
70 3543 14.8
70 3544 14.8
70 3545 14.8
70 3546 14.8
70 3547 14.8
71 3548 14.8
71 3549 14.8
71 3550 14.8
71 3551 14.8
71 3552 14.8
71 3553 14.8
71 3554 14.8
71 3555 14.8
71 3556 14.8
71 3557 14.8
71 3558 14.8
71 3559 14.8
71 3560 14.8
71 3561 14.8
71 3562 14.8
71 3563 14.8
71 3564 14.8
71 3565 14.8
71 3566 14.8
71 3567 14.8
71 3568 14.8
71 3569 14.8
71 3570 14.8
71 3571 14.8
71 3572 14.8
71 3573 14.8
71 3574 14.8
71 3575 14.8
71 3576 14.8
71 3577 14.8
71 3578 14.8
71 3579 14.8
71 3580 14.8
71 3581 14.8
71 3582 14.8
71 3583 14.8
71 3584 14.8
71 3585 14.8
71 3586 14.8
71 3587 14.8
71 3588 14.8
71 3589 14.8
71 3590 14.8
71 3591 14.8
71 3592 14.8
71 3593 14.8
71 3594 14.8
71 3595 14.8
71 3596 14.8
71 3597 14.8
71 3598 14.8
71 3599 14.8
71 3600 14.8
71 3601 14.8
71 3602 14.8
72 3603 14.8
72 3604 14.8
72 3605 14.8
72 3606 14.8
72 3607 14.8
72 3608 14.8
72 3609 14.8
72 3610 14.8
72 3611 14.8
72 3612 14.8
72 3613 14.8
72 3614 14.8
72 3615 14.8
72 3616 14.8
72 3617 14.8
72 3618 14.8
72 3619 14.8
72 3620 14.8
72 3621 14.8
72 3622 14.8
72 3623 14.8
72 3624 14.8
72 3625 14.8
72 3626 14.8
72 3627 14.8
72 3628 14.8
72 3629 14.8
72 3630 14.8
72 3631 14.8
72 3632 14.8
72 3633 14.8
72 3634 14.8
72 3635 14.8
72 3636 14.8
72 3637 14.8
72 3638 14.8
72 3639 14.8
72 3640 14.8
72 3641 14.8
72 3642 14.8
72 3643 14.8
72 3644 14.8
72 3645 14.8
72 3646 14.8
72 3647 14.8
72 3648 14.8
72 3649 14.8
72 3650 14.8
72 3651 14.8
72 3652 14.8
72 3653 14.8
72 3654 14.8
72 3655 14.8
73 3656 14.8
73 3657 14.8
73 3658 14.8
73 3659 14.8
73 3660 14.8
73 3661 14.8
73 3662 14.8
73 3663 14.8
73 3664 14.8
73 3665 14.8
73 3666 14.8
73 3667 14.8
73 3668 14.8
73 3669 14.8
73 3670 14.8
73 3671 14.8
73 3672 14.8
73 3673 14.8
73 3674 14.8
73 3675 14.8
73 3676 14.8
73 3677 14.8
73 3678 14.8
73 3679 14.8
73 3680 14.8
73 3681 14.8
73 3682 14.8
73 3683 14.8
73 3684 14.8
73 3685 14.8
73 3686 14.8
73 3687 14.8
73 3688 14.8
73 3689 14.8
73 3690 14.8
73 3691 14.8
73 3692 14.8
73 3693 14.8
73 3694 14.8
73 3695 14.8
73 3696 14.8
73 3697 14.8
73 3698 14.8
73 3699 14.8
73 3700 14.8
73 3701 14.8
73 3702 14.8
73 3703 14.8
73 3704 14.8
73 3705 14.8
73 3706 14.8
73 3707 14.8
74 3708 14.8
74 3709 14.8
74 3710 14.8
74 3711 14.8
74 3712 14.8
74 3713 14.8
74 3714 14.8
74 3715 14.8
74 3716 14.8
74 3717 14.8
74 3718 14.8
74 3719 14.8
74 3720 14.8
74 3721 14.8
74 3722 14.8
74 3723 14.8
74 3724 14.8
74 3725 14.8
74 3726 14.8
74 3727 14.8
74 3728 14.8
74 3729 14.8
74 3730 14.8
74 3731 14.8
74 3732 14.8
74 3733 14.8
74 3734 14.8
74 3735 14.8
74 3736 14.8
74 3737 14.8
74 3738 14.8
74 3739 14.8
74 3740 14.8
74 3741 14.8
74 3742 14.8
74 3743 14.8
74 3744 14.8
74 3745 14.8
74 3746 14.8
74 3747 14.8
74 3748 14.8
74 3749 14.8
74 3750 14.8
74 3751 14.8
74 3752 14.8
74 3753 14.8
74 3754 14.8
74 3755 14.8
74 3756 14.8
74 3757 14.8
74 3758 14.8
74 3759 14.8
74 3760 14.8
74 3761 14.8
75 3762 14.8
75 3763 14.8
75 3764 14.8
75 3765 14.8
75 3766 14.8
75 3767 14.8
75 3768 14.8
75 3769 14.8
75 3770 14.8
75 3771 14.8
75 3772 14.8
75 3773 14.8
75 3774 14.8
75 3775 14.8
75 3776 14.8
75 3777 14.8
75 3778 14.8
75 3779 14.8
75 3780 14.8
75 3781 14.8
75 3782 14.8
75 3783 14.8
75 3784 14.8
75 3785 14.8
75 3786 14.8
75 3787 14.8
75 3788 14.8
75 3789 14.8
75 3790 14.8
75 3791 14.8
75 3792 14.8
75 3793 14.8
75 3794 14.8
75 3795 14.8
75 3796 14.8
75 3797 14.8
75 3798 14.8
75 3799 14.8
75 3800 14.8
75 3801 14.8
75 3802 14.8
75 3803 14.8
75 3804 14.8
75 3805 14.8
75 3806 14.8
75 3807 14.8
75 3808 14.8
75 3809 14.8
75 3810 14.8
75 3811 14.8
75 3812 14.8
76 3813 14.6
76 3814 14.6
76 3815 14.6
76 3816 14.6
76 3817 14.6
76 3818 14.6
76 3819 14.6
76 3820 14.6
76 3821 14.6
76 3822 14.6
76 3823 14.6
76 3824 14.6
76 3825 14.6
76 3826 14.6
76 3827 14.6
76 3828 14.6
76 3829 14.6
76 3830 14.6
76 3831 14.6
76 3832 14.6
76 3833 14.5
76 3834 14.5
76 3835 14.5
76 3836 14.5
76 3837 14.5
76 3838 14.5
76 3839 14.5
76 3840 14.5
76 3841 14.5
76 3842 14.5
76 3843 14.5
76 3844 14.5
76 3845 14.5
76 3846 14.5
76 3847 14.5
76 3848 14.5
76 3849 14.4
76 3850 14.4
76 3851 14.4
76 3852 14.4
76 3853 14.4
76 3854 14.4
76 3855 14.4
76 3856 14.4
76 3857 14.4
76 3858 14.4
76 3859 14.4
76 3860 14.4
76 3861 14.4
76 3862 14.4
76 3863 14.4
76 3864 14.4
76 3865 14.4
77 3866 14.4
77 3867 14.4
77 3868 14.4
77 3869 14.4
77 3870 14.4
77 3871 14.4
77 3872 14.4
77 3873 14.4
77 3874 14.4
77 3875 14.4
77 3876 14.4
77 3877 14.4
77 3878 14.4
77 3879 14.4
77 3880 14.4
77 3881 14.4
77 3882 14.4
77 3883 14.4
77 3884 14.4
77 3885 14.4
77 3886 14.4
77 3887 14.4
77 3888 14.4
77 3889 14.4
77 3890 14.4
77 3891 14.4
77 3892 14.4
77 3893 14.4
77 3894 14.4
77 3895 14.4
77 3896 14.4
77 3897 14.4
77 3898 14.4
77 3899 14.4
77 3900 14.4
77 3901 14.4
77 3902 14.4
77 3903 14.4
77 3904 14.4
77 3905 14.4
77 3906 14.4
77 3907 14.4
77 3908 14.4
77 3909 14.4
77 3910 14.4
77 3911 14.4
77 3912 14.4
77 3913 14.4
77 3914 14.4
77 3915 14.4
77 3916 14.4
78 3917 14.4
78 3918 14.4
78 3919 14.4
78 3920 14.4
78 3921 14.4
78 3922 14.4
78 3923 14.4
78 3924 14.4
78 3925 14.4
78 3926 14.4
78 3927 14.4
78 3928 14.4
78 3929 14.4
78 3930 14.4
78 3931 14.4
78 3932 14.4
78 3933 14.4
78 3934 14.4
78 3935 14.4
78 3936 14.4
78 3937 14.4
78 3938 14.4
78 3939 14.4
78 3940 14.4
78 3941 14.4
78 3942 14.4
78 3943 14.4
78 3944 14.4
78 3945 14.4
78 3946 14.4
78 3947 14.4
78 3948 14.4
78 3949 14.4
78 3950 14.4
78 3951 14.4
78 3952 14.4
78 3953 14.4
78 3954 14.4
78 3955 14.4
78 3956 14.4
78 3957 14.4
78 3958 14.4
78 3959 14.4
78 3960 14.4
78 3961 14.4
78 3962 14.4
78 3963 14.4
78 3964 14.4
78 3965 14.4
78 3966 14.4
78 3967 14.4
78 3968 14.4
79 3969 14.4
79 3970 14.4
79 3971 14.4
79 3972 14.4
79 3973 14.4
79 3974 14.4
79 3975 14.4
79 3976 14.4
79 3977 14.4
79 3978 14.4
79 3979 14.4
79 3980 14.4
79 3981 14.4
79 3982 14.4
79 3983 14.4
79 3984 14.4
79 3985 14.4
79 3986 14.4
79 3987 14.4
79 3988 14.4
79 3989 14.4
79 3990 14.4
79 3991 14.4
79 3992 14.4
79 3993 14.4
79 3994 14.4
79 3995 14.4
79 3996 14.2
79 3997 14.2
79 3998 14.2
79 3999 14.2
79 4000 14.2
79 4001 14.2
79 4002 14.2
79 4003 14.2
79 4004 14.2
79 4005 14.2
79 4006 14.2
79 4007 14.2
79 4008 14.2
79 4009 14.2
79 4010 14.2
79 4011 14.2
79 4012 14.2
79 4013 14.2
79 4014 14.2
79 4015 14.2
79 4016 14.2
79 4017 14.2
79 4018 14.2
79 4019 14.2
79 4020 14.2
79 4021 14.2
80 4022 14.2
80 4023 14.2
80 4024 14.2
80 4025 14.2
80 4026 14.2
80 4027 14.2
80 4028 14.2
80 4029 14.2
80 4030 14.2
80 4031 14.2
80 4032 14.2
80 4033 14.2
80 4034 14.2
80 4035 14.2
80 4036 14.2
80 4037 14.2
80 4038 14.2
80 4039 14.2
80 4040 14.2
80 4041 14.2
80 4042 14.2
80 4043 14.2
80 4044 14.2
80 4045 14.2
80 4046 14.2
80 4047 14.2
80 4048 14.2
80 4049 14.2
80 4050 14.2
80 4051 14.2
80 4052 14.1
80 4053 14.1
80 4054 14.1
80 4055 14.1
80 4056 14.1
80 4057 14.1
80 4058 14.1
80 4059 14.1
80 4060 14.1
80 4061 14.1
80 4062 14.1
80 4063 14.1
80 4064 14.1
80 4065 14.1
80 4066 14.1
80 4067 14.1
80 4068 14.1
80 4069 14.1
80 4070 14.1
80 4071 14.1
80 4072 14.1
80 4073 14.1
81 4074 14.1
81 4075 14.1
81 4076 14.1
81 4077 14.1
81 4078 14.1
81 4079 14.1
81 4080 14.1
81 4081 14.1
81 4082 14.1
81 4083 14.1
81 4084 14.1
81 4085 14.1
81 4086 14.1
81 4087 14.1
81 4088 14.1
81 4089 14.1
81 4090 14.1
81 4091 14.1
81 4092 14.1
81 4093 14.1
81 4094 14.1
81 4095 14.1
81 4096 14.1
81 4097 14.1
81 4098 14.1
81 4099 14.1
81 4100 14.1
81 4101 14.1
81 4102 14.1
81 4103 14.1
81 4104 14.1
81 4105 14.1
81 4106 14.1
81 4107 14.1
81 4108 14.1
81 4109 14.1
81 4110 14.1
81 4111 14.1
81 4112 14.1
81 4113 14.1
81 4114 14.1
81 4115 14.1
81 4116 14.1
81 4117 14.1
81 4118 14.1
81 4119 14.1
81 4120 14.1
81 4121 14.1
81 4122 14.1
81 4123 14.1
81 4124 14.1
81 4125 14.1
81 4126 14.1
81 4127 14.1
82 4128 14.1
82 4129 14.1
82 4130 14.1
82 4131 14.1
82 4132 14.1
82 4133 14.1
82 4134 14.1
82 4135 14.1
82 4136 14.1
82 4137 14.1
82 4138 14.1
82 4139 14.1
82 4140 14.1
82 4141 14.1
82 4142 14.1
82 4143 14.1
82 4144 14.1
82 4145 14.1
82 4146 14.1
82 4147 14.1
82 4148 14.1
82 4149 14.1
82 4150 14.1
82 4151 14.1
82 4152 14.1
82 4153 14.1
82 4154 14.1
82 4155 14.1
82 4156 14.1
82 4157 14.1
82 4158 14.1
82 4159 14.1
82 4160 14.1
82 4161 14.1
82 4162 14.1
82 4163 14.1
82 4164 14.1
82 4165 14.1
82 4166 14.1
82 4167 14.1
82 4168 14.1
82 4169 14.1
82 4170 14.1
82 4171 14.1
82 4172 14.1
82 4173 14.1
82 4174 14.1
82 4175 14.1
82 4176 14.1
82 4177 14.1
82 4178 14.1
83 4179 14.1
83 4180 14.1
83 4181 14.1
83 4182 14.1
83 4183 14.1
83 4184 14.1
83 4185 14.1
83 4186 14.1
83 4187 14.1
83 4188 14.1
83 4189 14.1
83 4190 14.1
83 4191 14.0
83 4192 14.0
83 4193 14.0
83 4194 14.0
83 4195 14.0
83 4196 14.0
83 4197 14.0
83 4198 14.0
83 4199 14.0
83 4200 14.0
83 4201 14.0
83 4202 14.0
83 4203 14.0
83 4204 14.0
83 4205 14.0
83 4206 14.0
83 4207 14.0
83 4208 14.0
83 4209 14.0
83 4210 14.0
83 4211 14.0
83 4212 14.0
83 4213 14.0
83 4214 14.0
83 4215 14.0
83 4216 14.0
83 4217 14.0
83 4218 14.0
83 4219 14.0
83 4220 14.0
83 4221 14.0
83 4222 14.0
83 4223 14.0
83 4224 14.0
83 4225 14.0
83 4226 14.0
83 4227 14.0
83 4228 14.0
84 4229 14.0
84 4230 14.0
84 4231 14.0
84 4232 14.0
84 4233 14.0
84 4234 14.0
84 4235 14.0
84 4236 14.0
84 4237 14.0
84 4238 14.0
84 4239 14.0
84 4240 14.0
84 4241 14.0
84 4242 14.0
84 4243 14.0
84 4244 14.0
84 4245 14.0
84 4246 14.0
84 4247 14.0
84 4248 14.0
84 4249 14.0
84 4250 14.0
84 4251 14.0
84 4252 14.0
84 4253 14.0
84 4254 14.0
84 4255 14.0
84 4256 14.0
84 4257 14.0
84 4258 14.0
84 4259 14.0
84 4260 14.0
84 4261 14.0
84 4262 14.0
84 4263 14.0
84 4264 14.0
84 4265 14.0
84 4266 14.0
84 4267 14.0
84 4268 14.0
84 4269 14.0
84 4270 14.0
84 4271 14.0
84 4272 14.0
84 4273 14.0
84 4274 14.0
84 4275 14.0
84 4276 14.0
84 4277 14.0
84 4278 14.0
84 4279 14.0
84 4280 14.0
84 4281 14.0
84 4282 14.0
84 4283 14.0
84 4284 14.0
85 4285 14.0
85 4286 14.0
85 4287 14.0
85 4288 14.0
85 4289 14.0
85 4290 14.0
85 4291 14.0
85 4292 14.0
85 4293 14.0
85 4294 14.0
85 4295 14.0
85 4296 14.0
85 4297 14.0
85 4298 14.0
85 4299 14.0
85 4300 14.0
85 4301 14.0
85 4302 14.0
85 4303 14.0
85 4304 14.0
85 4305 14.0
85 4306 14.0
85 4307 14.0
85 4308 14.0
85 4309 14.0
85 4310 14.0
85 4311 14.0
85 4312 14.0
85 4313 14.0
85 4314 14.0
85 4315 14.0
85 4316 14.0
85 4317 14.0
85 4318 14.0
85 4319 14.0
85 4320 14.0
85 4321 14.0
85 4322 14.0
85 4323 14.0
85 4324 14.0
85 4325 14.0
85 4326 14.0
85 4327 14.0
85 4328 14.0
85 4329 14.0
85 4330 14.0
85 4331 14.0
85 4332 14.0
85 4333 14.0
85 4334 14.0
85 4335 14.0
86 4336 14.0
86 4337 14.0
86 4338 14.0
86 4339 14.0
86 4340 14.0
86 4341 14.0
86 4342 14.0
86 4343 14.0
86 4344 14.0
86 4345 14.0
86 4346 14.0
86 4347 14.0
86 4348 14.0
86 4349 14.0
86 4350 14.0
86 4351 14.0
86 4352 14.0
86 4353 14.0
86 4354 14.0
86 4355 14.0
86 4356 14.0
86 4357 14.0
86 4358 14.0
86 4359 14.0
86 4360 14.0
86 4361 14.0
86 4362 14.0
86 4363 14.0
86 4364 14.0
86 4365 14.0
86 4366 14.0
86 4367 14.0
86 4368 14.0
86 4369 14.0
86 4370 14.0
86 4371 14.0
86 4372 14.0
86 4373 14.0
86 4374 14.0
86 4375 14.0
86 4376 14.0
86 4377 14.0
86 4378 14.0
86 4379 14.0
86 4380 14.0
86 4381 14.0
86 4382 14.0
86 4383 14.0
86 4384 14.0
86 4385 14.0
86 4386 14.0
86 4387 14.0
86 4388 14.0
86 4389 14.0
86 4390 14.0
87 4391 14.0
87 4392 14.0
87 4393 14.0
87 4394 14.0
87 4395 14.0
87 4396 14.0
87 4397 14.0
87 4398 14.0
87 4399 14.0
87 4400 14.0
87 4401 14.0
87 4402 14.0
87 4403 14.0
87 4404 14.0
87 4405 14.0
87 4406 14.0
87 4407 14.0
87 4408 14.0
87 4409 14.0
87 4410 14.0
87 4411 14.0
87 4412 14.0
87 4413 14.0
87 4414 14.0
87 4415 14.0
87 4416 14.0
87 4417 14.0
87 4418 14.0
87 4419 14.0
87 4420 14.0
87 4421 14.0
87 4422 14.0
87 4423 14.0
87 4424 14.0
87 4425 14.0
87 4426 14.0
87 4427 14.0
87 4428 14.0
87 4429 14.0
87 4430 14.0
87 4431 14.0
87 4432 14.0
87 4433 14.0
87 4434 14.0
87 4435 13.9
87 4436 13.9
87 4437 13.9
87 4438 13.9
87 4439 13.9
87 4440 13.9
87 4441 13.9
87 4442 13.9
88 4443 13.9
88 4444 13.9
88 4445 13.9
88 4446 13.9
88 4447 13.9
88 4448 13.9
88 4449 13.9
88 4450 13.9
88 4451 13.9
88 4452 13.9
88 4453 13.9
88 4454 13.9
88 4455 13.9
88 4456 13.9
88 4457 13.9
88 4458 13.9
88 4459 13.9
88 4460 13.9
88 4461 13.9
88 4462 13.9
88 4463 13.9
88 4464 13.9
88 4465 13.9
88 4466 13.9
88 4467 13.9
88 4468 13.9
88 4469 13.9
88 4470 13.9
88 4471 13.9
88 4472 13.9
88 4473 13.9
88 4474 13.9
88 4475 13.9
88 4476 13.9
88 4477 13.9
88 4478 13.9
88 4479 13.9
88 4480 13.9
88 4481 13.9
88 4482 13.9
88 4483 13.9
88 4484 13.9
88 4485 13.9
88 4486 13.9
88 4487 13.9
88 4488 13.9
88 4489 13.9
88 4490 13.9
88 4491 13.9
89 4492 13.9
89 4493 13.9
89 4494 13.9
89 4495 13.9
89 4496 13.9
89 4497 13.9
89 4498 13.9
89 4499 13.9
89 4500 13.9
89 4501 13.9
89 4502 13.9
89 4503 13.9
89 4504 13.9
89 4505 13.9
89 4506 13.9
89 4507 13.9
89 4508 13.9
89 4509 13.9
89 4510 13.9
89 4511 13.9
89 4512 13.9
89 4513 13.9
89 4514 13.9
89 4515 13.9
89 4516 13.9
89 4517 13.9
89 4518 13.9
89 4519 13.9
89 4520 13.9
89 4521 13.9
89 4522 13.9
89 4523 13.9
89 4524 13.9
89 4525 13.9
89 4526 13.9
89 4527 13.9
89 4528 13.9
89 4529 13.9
89 4530 13.9
89 4531 13.9
89 4532 13.9
89 4533 13.9
89 4534 13.9
89 4535 13.9
89 4536 13.9
89 4537 13.9
89 4538 13.9
89 4539 13.9
89 4540 13.9
89 4541 13.9
89 4542 13.9
89 4543 13.9
90 4544 13.9
90 4545 13.9
90 4546 13.9
90 4547 13.9
90 4548 13.9
90 4549 13.9
90 4550 13.9
90 4551 13.9
90 4552 13.9
90 4553 13.9
90 4554 13.9
90 4555 13.9
90 4556 13.9
90 4557 13.9
90 4558 13.9
90 4559 13.9
90 4560 13.9
90 4561 13.9
90 4562 13.9
90 4563 13.9
90 4564 13.9
90 4565 13.9
90 4566 13.9
90 4567 13.9
90 4568 13.9
90 4569 13.9
90 4570 13.9
90 4571 13.9
90 4572 13.9
90 4573 13.9
90 4574 13.9
90 4575 13.9
90 4576 13.9
90 4577 13.9
90 4578 13.9
90 4579 13.9
90 4580 13.9
90 4581 13.9
90 4582 13.9
90 4583 13.9
90 4584 13.9
90 4585 13.9
90 4586 13.9
90 4587 13.9
90 4588 13.9
90 4589 13.9
90 4590 13.9
90 4591 13.9
90 4592 13.9
90 4593 13.9
90 4594 13.9
90 4595 13.9
90 4596 13.9
91 4597 13.9
91 4598 13.9
91 4599 13.9
91 4600 13.9
91 4601 13.9
91 4602 13.9
91 4603 13.9
91 4604 13.9
91 4605 13.9
91 4606 13.9
91 4607 13.9
91 4608 13.9
91 4609 13.9
91 4610 13.9
91 4611 13.9
91 4612 13.9
91 4613 13.9
91 4614 13.9
91 4615 13.9
91 4616 13.9
91 4617 13.9
91 4618 13.9
91 4619 13.9
91 4620 13.9
91 4621 13.9
91 4622 13.9
91 4623 13.9
91 4624 13.9
91 4625 13.9
91 4626 13.9
91 4627 13.9
91 4628 13.9
91 4629 13.9
91 4630 13.9
91 4631 13.9
91 4632 13.9
91 4633 13.9
91 4634 13.9
91 4635 13.9
91 4636 13.9
91 4637 13.9
91 4638 13.9
91 4639 13.9
91 4640 13.9
91 4641 13.9
91 4642 13.9
91 4643 13.9
91 4644 13.9
91 4645 13.9
92 4646 13.9
92 4647 13.9
92 4648 13.9
92 4649 13.9
92 4650 13.9
92 4651 13.9
92 4652 13.9
92 4653 13.9
92 4654 13.9
92 4655 13.9
92 4656 13.9
92 4657 13.9
92 4658 13.9
92 4659 13.9
92 4660 13.9
92 4661 13.9
92 4662 13.9
92 4663 13.9
92 4664 13.9
92 4665 13.9
92 4666 13.9
92 4667 13.9
92 4668 13.9
92 4669 13.9
92 4670 13.9
92 4671 13.9
92 4672 13.9
92 4673 13.9
92 4674 13.9
92 4675 13.9
92 4676 13.9
92 4677 13.9
92 4678 13.9
92 4679 13.9
92 4680 13.9
92 4681 13.9
92 4682 13.9
92 4683 13.9
92 4684 13.9
92 4685 13.9
92 4686 13.9
92 4687 13.9
92 4688 13.9
92 4689 13.9
92 4690 13.9
92 4691 13.9
92 4692 13.9
92 4693 13.9
92 4694 13.9
92 4695 13.9
92 4696 13.9
93 4697 13.9
93 4698 13.9
93 4699 13.9
93 4700 13.9
93 4701 13.9
93 4702 13.9
93 4703 13.9
93 4704 13.9
93 4705 13.9
93 4706 13.9
93 4707 13.9
93 4708 13.9
93 4709 13.9
93 4710 13.9
93 4711 13.9
93 4712 13.9
93 4713 13.9
93 4714 13.9
93 4715 13.9
93 4716 13.9
93 4717 13.9
93 4718 13.9
93 4719 13.9
93 4720 13.9
93 4721 13.9
93 4722 13.9
93 4723 13.9
93 4724 13.9
93 4725 13.9
93 4726 13.9
93 4727 13.9
93 4728 13.9
93 4729 13.9
93 4730 13.9
93 4731 13.9
93 4732 13.9
93 4733 13.9
93 4734 13.9
93 4735 13.9
93 4736 13.9
93 4737 13.9
93 4738 13.9
93 4739 13.9
93 4740 13.9
93 4741 13.9
93 4742 13.9
93 4743 13.9
93 4744 13.9
93 4745 13.9
93 4746 13.9
93 4747 13.9
93 4748 13.9
94 4749 13.9
94 4750 13.9
94 4751 13.9
94 4752 13.9
94 4753 13.9
94 4754 13.9
94 4755 13.9
94 4756 13.9
94 4757 13.9
94 4758 13.9
94 4759 13.9
94 4760 13.9
94 4761 13.9
94 4762 13.9
94 4763 13.9
94 4764 13.9
94 4765 13.9
94 4766 13.9
94 4767 13.9
94 4768 13.9
94 4769 13.9
94 4770 13.9
94 4771 13.9
94 4772 13.9
94 4773 13.9
94 4774 13.9
94 4775 13.9
94 4776 13.9
94 4777 13.9
94 4778 13.9
94 4779 13.9
94 4780 13.9
94 4781 13.9
94 4782 13.9
94 4783 13.9
94 4784 13.9
94 4785 13.9
94 4786 13.9
94 4787 13.9
94 4788 13.9
94 4789 13.9
94 4790 13.9
94 4791 13.9
94 4792 13.9
94 4793 13.9
94 4794 13.9
94 4795 13.9
94 4796 13.9
94 4797 13.9
94 4798 13.9
94 4799 13.9
94 4800 13.8
95 4801 13.8
95 4802 13.8
95 4803 13.8
95 4804 13.8
95 4805 13.8
95 4806 13.8
95 4807 13.8
95 4808 13.8
95 4809 13.8
95 4810 13.8
95 4811 13.8
95 4812 13.8
95 4813 13.8
95 4814 13.8
95 4815 13.8
95 4816 13.8
95 4817 13.8
95 4818 13.8
95 4819 13.8
95 4820 13.8
95 4821 13.8
95 4822 13.8
95 4823 13.8
95 4824 13.8
95 4825 13.8
95 4826 13.8
95 4827 13.8
95 4828 13.8
95 4829 13.8
95 4830 13.8
95 4831 13.8
95 4832 13.8
95 4833 13.8
95 4834 13.8
95 4835 13.8
95 4836 13.8
95 4837 13.7
95 4838 13.7
95 4839 13.7
95 4840 13.7
95 4841 13.7
95 4842 13.7
95 4843 13.7
95 4844 13.7
95 4845 13.7
95 4846 13.7
95 4847 13.7
95 4848 13.7
95 4849 13.7
95 4850 13.7
95 4851 13.4
95 4852 13.4
95 4853 13.4
96 4854 13.4
96 4855 13.4
96 4856 13.4
96 4857 13.4
96 4858 13.4
96 4859 13.4
96 4860 13.4
96 4861 13.4
96 4862 13.4
96 4863 13.4
96 4864 13.4
96 4865 13.4
96 4866 13.4
96 4867 13.4
96 4868 13.4
96 4869 13.4
96 4870 13.4
96 4871 13.4
96 4872 13.4
96 4873 13.4
96 4874 13.4
96 4875 13.4
96 4876 13.4
96 4877 13.4
96 4878 13.4
96 4879 13.4
96 4880 13.4
96 4881 13.4
96 4882 13.4
96 4883 13.4
96 4884 13.4
96 4885 13.4
96 4886 13.4
96 4887 13.4
96 4888 13.4
96 4889 13.4
96 4890 13.4
96 4891 13.4
96 4892 13.4
96 4893 13.4
96 4894 13.4
96 4895 13.4
96 4896 13.4
96 4897 13.4
96 4898 13.4
96 4899 13.4
96 4900 13.4
96 4901 13.4
96 4902 13.4
96 4903 13.4
96 4904 13.4
96 4905 13.4
96 4906 13.4
97 4907 13.4
97 4908 13.4
97 4909 13.4
97 4910 13.4
97 4911 13.4
97 4912 13.4
97 4913 13.4
97 4914 13.4
97 4915 13.4
97 4916 13.4
97 4917 13.4
97 4918 13.4
97 4919 13.4
97 4920 13.4
97 4921 13.4
97 4922 13.4
97 4923 13.4
97 4924 13.4
97 4925 13.4
97 4926 13.4
97 4927 13.4
97 4928 13.4
97 4929 13.4
97 4930 13.4
97 4931 13.4
97 4932 13.4
97 4933 13.4
97 4934 13.4
97 4935 13.4
97 4936 13.4
97 4937 13.4
97 4938 13.4
97 4939 13.4
97 4940 13.4
97 4941 13.4
97 4942 13.4
97 4943 13.4
97 4944 13.4
97 4945 13.4
97 4946 13.4
97 4947 13.4
97 4948 13.4
97 4949 13.4
97 4950 13.4
97 4951 13.4
97 4952 13.4
97 4953 13.4
97 4954 13.4
97 4955 13.4
97 4956 13.4
98 4957 13.4
98 4958 13.4
98 4959 13.4
98 4960 13.4
98 4961 13.4
98 4962 13.4
98 4963 13.4
98 4964 13.4
98 4965 13.4
98 4966 13.4
98 4967 13.4
98 4968 13.4
98 4969 13.4
98 4970 13.4
98 4971 13.4
98 4972 13.4
98 4973 13.4
98 4974 13.4
98 4975 13.4
98 4976 13.4
98 4977 13.4
98 4978 13.4
98 4979 13.4
98 4980 13.4
98 4981 13.4
98 4982 13.4
98 4983 13.4
98 4984 13.4
98 4985 13.4
98 4986 13.4
98 4987 13.4
98 4988 13.4
98 4989 13.4
98 4990 13.4
98 4991 13.4
98 4992 13.4
98 4993 13.4
98 4994 13.4
98 4995 13.4
98 4996 13.4
98 4997 13.4
98 4998 13.4
98 4999 13.4
98 5000 13.4
98 5001 13.4
98 5002 13.4
98 5003 13.4
98 5004 13.4
98 5005 13.4
98 5006 13.4
98 5007 13.4
98 5008 13.4
98 5009 13.4
99 5010 13.4
99 5011 13.4
99 5012 13.4
99 5013 13.4
99 5014 13.4
99 5015 13.4
99 5016 13.4
99 5017 13.4
99 5018 13.4
99 5019 13.4
99 5020 13.4
99 5021 13.4
99 5022 13.4
99 5023 13.4
99 5024 13.4
99 5025 13.4
99 5026 13.4
99 5027 13.4
99 5028 13.4
99 5029 13.4
99 5030 13.4
99 5031 13.4
99 5032 13.4
99 5033 13.4
99 5034 13.4
99 5035 13.4
99 5036 13.4
99 5037 13.4
99 5038 13.4
99 5039 13.4
99 5040 13.4
99 5041 13.4
99 5042 13.4
99 5043 13.4
99 5044 13.4
99 5045 13.4
99 5046 13.4
99 5047 13.4
99 5048 13.4
99 5049 13.4
99 5050 13.3
99 5051 13.3
99 5052 13.3
99 5053 13.3
99 5054 13.3
99 5055 13.3
99 5056 13.3
99 5057 13.3
99 5058 13.3
99 5059 13.3
99 5060 13.3
99 5061 13.3
100 5062 13.3
100 5063 13.3
100 5064 13.3
100 5065 13.3
100 5066 13.3
100 5067 13.3
100 5068 13.3
100 5069 13.3
100 5070 13.3
100 5071 13.3
100 5072 13.3
100 5073 13.3
100 5074 13.3
100 5075 13.3
100 5076 13.3
100 5077 13.3
100 5078 13.3
100 5079 13.3
100 5080 13.3
100 5081 13.3
100 5082 13.3
100 5083 13.3
100 5084 13.3
100 5085 13.3
100 5086 13.3
100 5087 13.3
100 5088 13.2
100 5089 13.2
100 5090 13.2
100 5091 13.2
100 5092 13.2
100 5093 13.2
100 5094 13.2
100 5095 13.2
100 5096 13.2
100 5097 13.2
100 5098 13.2
100 5099 13.2
100 5100 13.2
100 5101 13.2
100 5102 13.2
100 5103 13.2
100 5104 13.2
100 5105 13.2
100 5106 13.2
100 5107 13.2
100 5108 13.2
100 5109 13.2
100 5110 13.2
100 5111 13.2
100 5112 13.2
101 5113 13.2
101 5114 13.2
101 5115 13.2
101 5116 13.2
101 5117 13.2
101 5118 13.2
101 5119 13.2
101 5120 13.2
101 5121 13.2
101 5122 13.2
101 5123 13.2
101 5124 13.2
101 5125 13.2
101 5126 13.2
101 5127 13.2
101 5128 13.2
101 5129 13.2
101 5130 13.2
101 5131 13.2
101 5132 13.2
101 5133 13.2
101 5134 13.2
101 5135 13.2
101 5136 13.2
101 5137 13.2
101 5138 13.2
101 5139 13.2
101 5140 13.2
101 5141 13.2
101 5142 13.2
101 5143 13.2
101 5144 13.2
101 5145 13.2
101 5146 13.2
101 5147 13.2
101 5148 13.2
101 5149 13.2
101 5150 13.2
101 5151 13.2
101 5152 13.2
101 5153 13.2
101 5154 13.2
101 5155 13.2
101 5156 13.2
101 5157 13.2
101 5158 13.2
101 5159 13.2
101 5160 13.2
101 5161 13.2
101 5162 13.2
101 5163 13.2
102 5164 13.2
102 5165 13.2
102 5166 13.2
102 5167 13.2
102 5168 13.2
102 5169 13.2
102 5170 13.2
102 5171 13.2
102 5172 13.2
102 5173 13.2
102 5174 13.2
102 5175 13.2
102 5176 13.2
102 5177 13.2
102 5178 13.2
102 5179 13.2
102 5180 13.1
102 5181 13.1
102 5182 13.1
102 5183 13.1
102 5184 13.1
102 5185 13.1
102 5186 13.1
102 5187 13.1
102 5188 13.1
102 5189 13.1
102 5190 13.1
102 5191 13.1
102 5192 13.1
102 5193 13.0
102 5194 13.0
102 5195 13.0
102 5196 13.0
102 5197 13.0
102 5198 13.0
102 5199 13.0
102 5200 13.0
102 5201 13.0
102 5202 13.0
102 5203 13.0
102 5204 13.0
102 5205 13.0
102 5206 13.0
102 5207 13.0
102 5208 13.0
102 5209 13.0
102 5210 13.0
102 5211 13.0
102 5212 13.0
102 5213 13.0
102 5214 13.0
102 5215 13.0
102 5216 13.0
103 5217 13.0
103 5218 13.0
103 5219 13.0
103 5220 13.0
103 5221 13.0
103 5222 13.0
103 5223 13.0
103 5224 13.0
103 5225 13.0
103 5226 13.0
103 5227 13.0
103 5228 13.0
103 5229 13.0
103 5230 13.0
103 5231 13.0
103 5232 13.0
103 5233 13.0
103 5234 13.0
103 5235 13.0
103 5236 13.0
103 5237 13.0
103 5238 13.0
103 5239 13.0
103 5240 13.0
103 5241 13.0
103 5242 13.0
103 5243 13.0
103 5244 13.0
103 5245 13.0
103 5246 13.0
103 5247 13.0
103 5248 13.0
103 5249 13.0
103 5250 13.0
103 5251 13.0
103 5252 13.0
103 5253 13.0
103 5254 13.0
103 5255 13.0
103 5256 13.0
103 5257 13.0
103 5258 13.0
103 5259 13.0
103 5260 13.0
103 5261 13.0
103 5262 13.0
103 5263 13.0
103 5264 13.0
103 5265 13.0
103 5266 13.0
103 5267 13.0
103 5268 13.0
103 5269 13.0
103 5270 13.0
103 5271 13.0
103 5272 13.0
104 5273 13.0
104 5274 13.0
104 5275 13.0
104 5276 13.0
104 5277 13.0
104 5278 13.0
104 5279 13.0
104 5280 13.0
104 5281 13.0
104 5282 13.0
104 5283 13.0
104 5284 13.0
104 5285 13.0
104 5286 13.0
104 5287 13.0
104 5288 13.0
104 5289 13.0
104 5290 13.0
104 5291 13.0
104 5292 13.0
104 5293 13.0
104 5294 13.0
104 5295 13.0
104 5296 13.0
104 5297 13.0
104 5298 13.0
104 5299 13.0
104 5300 13.0
104 5301 13.0
104 5302 13.0
104 5303 13.0
104 5304 13.0
104 5305 13.0
104 5306 13.0
104 5307 13.0
104 5308 13.0
104 5309 13.0
104 5310 13.0
104 5311 13.0
104 5312 13.0
104 5313 13.0
104 5314 13.0
104 5315 13.0
104 5316 13.0
104 5317 13.0
104 5318 13.0
104 5319 13.0
104 5320 13.0
104 5321 13.0
104 5322 13.0
104 5323 13.0
104 5324 13.0
104 5325 13.0
104 5326 13.0
104 5327 13.0
104 5328 13.0
105 5329 13.0
105 5330 13.0
105 5331 13.0
105 5332 13.0
105 5333 13.0
105 5334 13.0
105 5335 13.0
105 5336 13.0
105 5337 13.0
105 5338 13.0
105 5339 13.0
105 5340 13.0
105 5341 13.0
105 5342 13.0
105 5343 13.0
105 5344 13.0
105 5345 13.0
105 5346 13.0
105 5347 13.0
105 5348 13.0
105 5349 13.0
105 5350 13.0
105 5351 13.0
105 5352 13.0
105 5353 13.0
105 5354 13.0
105 5355 13.0
105 5356 13.0
105 5357 13.0
105 5358 13.0
105 5359 13.0
105 5360 13.0
105 5361 13.0
105 5362 13.0
105 5363 13.0
105 5364 13.0
105 5365 13.0
105 5366 13.0
105 5367 13.0
105 5368 13.0
105 5369 13.0
105 5370 13.0
105 5371 13.0
105 5372 13.0
105 5373 13.0
105 5374 13.0
105 5375 13.0
105 5376 13.0
105 5377 13.0
105 5378 13.0
105 5379 13.0
105 5380 13.0
106 5381 13.0
106 5382 13.0
106 5383 13.0
106 5384 13.0
106 5385 13.0
106 5386 13.0
106 5387 13.0
106 5388 13.0
106 5389 13.0
106 5390 13.0
106 5391 13.0
106 5392 13.0
106 5393 13.0
106 5394 13.0
106 5395 13.0
106 5396 13.0
106 5397 13.0
106 5398 13.0
106 5399 13.0
106 5400 13.0
106 5401 13.0
106 5402 13.0
106 5403 13.0
106 5404 13.0
106 5405 13.0
106 5406 13.0
106 5407 13.0
106 5408 13.0
106 5409 13.0
106 5410 13.0
106 5411 13.0
106 5412 13.0
106 5413 13.0
106 5414 13.0
106 5415 13.0
106 5416 13.0
106 5417 13.0
106 5418 13.0
106 5419 13.0
106 5420 13.0
106 5421 13.0
106 5422 13.0
106 5423 13.0
106 5424 13.0
106 5425 13.0
106 5426 13.0
106 5427 13.0
106 5428 13.0
106 5429 13.0
107 5430 13.0
107 5431 13.0
107 5432 13.0
107 5433 13.0
107 5434 13.0
107 5435 13.0
107 5436 13.0
107 5437 13.0
107 5438 13.0
107 5439 13.0
107 5440 13.0
107 5441 13.0
107 5442 13.0
107 5443 13.0
107 5444 13.0
107 5445 13.0
107 5446 13.0
107 5447 13.0
107 5448 13.0
107 5449 13.0
107 5450 13.0
107 5451 13.0
107 5452 13.0
107 5453 13.0
107 5454 13.0
107 5455 13.0
107 5456 13.0
107 5457 13.0
107 5458 13.0
107 5459 13.0
107 5460 13.0
107 5461 13.0
107 5462 13.0
107 5463 13.0
107 5464 13.0
107 5465 13.0
107 5466 13.0
107 5467 13.0
107 5468 13.0
107 5469 13.0
107 5470 13.0
107 5471 13.0
107 5472 13.0
107 5473 13.0
107 5474 13.0
107 5475 13.0
107 5476 13.0
107 5477 13.0
107 5478 13.0
107 5479 13.0
107 5480 13.0
107 5481 13.0
107 5482 13.0
107 5483 13.0
107 5484 13.0
107 5485 13.0
107 5486 13.0
108 5487 13.0
108 5488 13.0
108 5489 13.0
108 5490 13.0
108 5491 13.0
108 5492 13.0
108 5493 13.0
108 5494 13.0
108 5495 13.0
108 5496 13.0
108 5497 13.0
108 5498 13.0
108 5499 13.0
108 5500 13.0
108 5501 13.0
108 5502 13.0
108 5503 13.0
108 5504 13.0
108 5505 13.0
108 5506 13.0
108 5507 13.0
108 5508 13.0
108 5509 13.0
108 5510 13.0
108 5511 13.0
108 5512 13.0
108 5513 13.0
108 5514 13.0
108 5515 13.0
108 5516 13.0
108 5517 13.0
108 5518 13.0
108 5519 13.0
108 5520 13.0
108 5521 13.0
108 5522 13.0
108 5523 13.0
108 5524 13.0
108 5525 13.0
108 5526 13.0
108 5527 13.0
108 5528 13.0
108 5529 13.0
108 5530 13.0
108 5531 13.0
108 5532 13.0
108 5533 13.0
108 5534 13.0
108 5535 13.0
108 5536 13.0
108 5537 13.0
108 5538 13.0
108 5539 13.0
108 5540 13.0
108 5541 13.0
109 5542 13.0
109 5543 13.0
109 5544 13.0
109 5545 13.0
109 5546 13.0
109 5547 13.0
109 5548 13.0
109 5549 13.0
109 5550 13.0
109 5551 13.0
109 5552 13.0
109 5553 13.0
109 5554 13.0
109 5555 13.0
109 5556 13.0
109 5557 13.0
109 5558 13.0
109 5559 13.0
109 5560 13.0
109 5561 13.0
109 5562 13.0
109 5563 13.0
109 5564 13.0
109 5565 13.0
109 5566 13.0
109 5567 13.0
109 5568 13.0
109 5569 13.0
109 5570 13.0
109 5571 13.0
109 5572 13.0
109 5573 13.0
109 5574 13.0
109 5575 13.0
109 5576 13.0
109 5577 13.0
109 5578 13.0
109 5579 13.0
109 5580 13.0
109 5581 13.0
109 5582 13.0
109 5583 13.0
109 5584 13.0
109 5585 13.0
109 5586 13.0
109 5587 13.0
109 5588 13.0
109 5589 13.0
109 5590 13.0
109 5591 13.0
109 5592 13.0
110 5593 13.0
110 5594 13.0
110 5595 13.0
110 5596 13.0
110 5597 13.0
110 5598 13.0
110 5599 13.0
110 5600 13.0
110 5601 13.0
110 5602 13.0
110 5603 13.0
110 5604 13.0
110 5605 13.0
110 5606 13.0
110 5607 13.0
110 5608 13.0
110 5609 13.0
110 5610 13.0
110 5611 13.0
110 5612 13.0
110 5613 13.0
110 5614 13.0
110 5615 13.0
110 5616 13.0
110 5617 13.0
110 5618 13.0
110 5619 13.0
110 5620 13.0
110 5621 13.0
110 5622 13.0
110 5623 13.0
110 5624 13.0
110 5625 13.0
110 5626 13.0
110 5627 13.0
110 5628 13.0
110 5629 13.0
110 5630 13.0
110 5631 13.0
110 5632 13.0
110 5633 13.0
110 5634 13.0
110 5635 13.0
110 5636 13.0
110 5637 13.0
110 5638 13.0
110 5639 13.0
110 5640 13.0
110 5641 13.0
110 5642 13.0
110 5643 13.0
110 5644 13.0
110 5645 13.0
110 5646 13.0
110 5647 13.0
111 5648 13.0
111 5649 13.0
111 5650 13.0
111 5651 13.0
111 5652 13.0
111 5653 13.0
111 5654 13.0
111 5655 13.0
111 5656 13.0
111 5657 13.0
111 5658 13.0
111 5659 13.0
111 5660 13.0
111 5661 13.0
111 5662 13.0
111 5663 13.0
111 5664 13.0
111 5665 13.0
111 5666 13.0
111 5667 13.0
111 5668 13.0
111 5669 13.0
111 5670 13.0
111 5671 13.0
111 5672 13.0
111 5673 13.0
111 5674 13.0
111 5675 13.0
111 5676 13.0
111 5677 13.0
111 5678 13.0
111 5679 13.0
111 5680 13.0
111 5681 13.0
111 5682 13.0
111 5683 13.0
111 5684 13.0
111 5685 13.0
111 5686 13.0
111 5687 13.0
111 5688 13.0
111 5689 13.0
111 5690 13.0
111 5691 13.0
111 5692 13.0
111 5693 13.0
111 5694 13.0
111 5695 13.0
111 5696 13.0
111 5697 13.0
111 5698 13.0
111 5699 13.0
111 5700 13.0
111 5701 13.0
112 5702 13.0
112 5703 13.0
112 5704 13.0
112 5705 13.0
112 5706 13.0
112 5707 13.0
112 5708 13.0
112 5709 13.0
112 5710 13.0
112 5711 13.0
112 5712 13.0
112 5713 13.0
112 5714 13.0
112 5715 13.0
112 5716 13.0
112 5717 13.0
112 5718 13.0
112 5719 13.0
112 5720 13.0
112 5721 13.0
112 5722 13.0
112 5723 13.0
112 5724 13.0
112 5725 13.0
112 5726 13.0
112 5727 13.0
112 5728 13.0
112 5729 13.0
112 5730 13.0
112 5731 13.0
112 5732 13.0
112 5733 13.0
112 5734 13.0
112 5735 13.0
112 5736 13.0
112 5737 13.0
112 5738 13.0
112 5739 13.0
112 5740 13.0
112 5741 13.0
112 5742 13.0
112 5743 13.0
112 5744 13.0
112 5745 13.0
112 5746 13.0
112 5747 13.0
112 5748 13.0
112 5749 13.0
112 5750 13.0
112 5751 13.0
112 5752 13.0
112 5753 13.0
112 5754 13.0
112 5755 13.0
113 5756 13.0
113 5757 13.0
113 5758 13.0
113 5759 13.0
113 5760 13.0
113 5761 13.0
113 5762 13.0
113 5763 13.0
113 5764 13.0
113 5765 13.0
113 5766 13.0
113 5767 13.0
113 5768 13.0
113 5769 13.0
113 5770 13.0
113 5771 13.0
113 5772 13.0
113 5773 13.0
113 5774 13.0
113 5775 13.0
113 5776 13.0
113 5777 13.0
113 5778 13.0
113 5779 13.0
113 5780 13.0
113 5781 13.0
113 5782 13.0
113 5783 13.0
113 5784 13.0
113 5785 13.0
113 5786 13.0
113 5787 13.0
113 5788 13.0
113 5789 13.0
113 5790 13.0
113 5791 13.0
113 5792 13.0
113 5793 13.0
113 5794 13.0
113 5795 13.0
113 5796 13.0
113 5797 13.0
113 5798 13.0
113 5799 13.0
113 5800 13.0
113 5801 13.0
113 5802 13.0
113 5803 13.0
113 5804 13.0
113 5805 13.0
113 5806 13.0
113 5807 13.0
113 5808 13.0
114 5809 13.0
114 5810 13.0
114 5811 13.0
114 5812 13.0
114 5813 13.0
114 5814 13.0
114 5815 13.0
114 5816 13.0
114 5817 13.0
114 5818 13.0
114 5819 13.0
114 5820 13.0
114 5821 13.0
114 5822 13.0
114 5823 13.0
114 5824 13.0
114 5825 13.0
114 5826 13.0
114 5827 13.0
114 5828 13.0
114 5829 13.0
114 5830 13.0
114 5831 13.0
114 5832 13.0
114 5833 13.0
114 5834 13.0
114 5835 13.0
114 5836 13.0
114 5837 13.0
114 5838 13.0
114 5839 13.0
114 5840 13.0
114 5841 13.0
114 5842 13.0
114 5843 13.0
114 5844 13.0
114 5845 13.0
114 5846 13.0
114 5847 13.0
114 5848 13.0
114 5849 13.0
114 5850 13.0
114 5851 13.0
114 5852 13.0
114 5853 13.0
114 5854 13.0
114 5855 13.0
114 5856 13.0
114 5857 13.0
114 5858 13.0
115 5859 13.0
115 5860 13.0
115 5861 13.0
115 5862 13.0
115 5863 13.0
115 5864 13.0
115 5865 13.0
115 5866 13.0
115 5867 13.0
115 5868 13.0
115 5869 13.0
115 5870 13.0
115 5871 13.0
115 5872 13.0
115 5873 13.0
115 5874 13.0
115 5875 13.0
115 5876 13.0
115 5877 13.0
115 5878 13.0
115 5879 13.0
115 5880 13.0
115 5881 13.0
115 5882 13.0
115 5883 13.0
115 5884 13.0
115 5885 13.0
115 5886 13.0
115 5887 13.0
115 5888 13.0
115 5889 13.0
115 5890 13.0
115 5891 13.0
115 5892 13.0
115 5893 13.0
115 5894 13.0
115 5895 13.0
115 5896 13.0
115 5897 13.0
115 5898 13.0
115 5899 13.0
115 5900 13.0
115 5901 13.0
115 5902 13.0
115 5903 13.0
115 5904 13.0
115 5905 13.0
115 5906 13.0
115 5907 13.0
115 5908 13.0
115 5909 13.0
115 5910 13.0
116 5911 13.0
116 5912 13.0
116 5913 13.0
116 5914 13.0
116 5915 13.0
116 5916 13.0
116 5917 13.0
116 5918 13.0
116 5919 13.0
116 5920 13.0
116 5921 13.0
116 5922 13.0
116 5923 13.0
116 5924 13.0
116 5925 13.0
116 5926 13.0
116 5927 13.0
116 5928 13.0
116 5929 13.0
116 5930 13.0
116 5931 13.0
116 5932 13.0
116 5933 13.0
116 5934 13.0
116 5935 13.0
116 5936 13.0
116 5937 13.0
116 5938 13.0
116 5939 13.0
116 5940 13.0
116 5941 13.0
116 5942 13.0
116 5943 13.0
116 5944 13.0
116 5945 13.0
116 5946 13.0
116 5947 13.0
116 5948 13.0
116 5949 13.0
116 5950 13.0
116 5951 13.0
116 5952 13.0
116 5953 13.0
116 5954 13.0
116 5955 13.0
116 5956 13.0
116 5957 13.0
116 5958 13.0
116 5959 13.0
116 5960 13.0
116 5961 13.0
116 5962 13.0
116 5963 13.0
116 5964 13.0
116 5965 13.0
117 5966 13.0
117 5967 13.0
117 5968 13.0
117 5969 13.0
117 5970 13.0
117 5971 13.0
117 5972 13.0
117 5973 13.0
117 5974 13.0
117 5975 13.0
117 5976 13.0
117 5977 13.0
117 5978 13.0
117 5979 13.0
117 5980 13.0
117 5981 13.0
117 5982 13.0
117 5983 13.0
117 5984 13.0
117 5985 13.0
117 5986 13.0
117 5987 13.0
117 5988 13.0
117 5989 13.0
117 5990 13.0
117 5991 13.0
117 5992 13.0
117 5993 13.0
117 5994 13.0
117 5995 13.0
117 5996 13.0
117 5997 13.0
117 5998 13.0
117 5999 13.0
117 6000 13.0
117 6001 13.0
117 6002 13.0
117 6003 13.0
117 6004 13.0
117 6005 13.0
117 6006 13.0
117 6007 13.0
117 6008 13.0
117 6009 13.0
117 6010 13.0
117 6011 13.0
117 6012 13.0
118 6013 13.0
118 6014 13.0
118 6015 13.0
118 6016 13.0
118 6017 13.0
118 6018 13.0
118 6019 13.0
118 6020 13.0
118 6021 13.0
118 6022 13.0
118 6023 13.0
118 6024 13.0
118 6025 13.0
118 6026 13.0
118 6027 13.0
118 6028 13.0
118 6029 13.0
118 6030 13.0
118 6031 13.0
118 6032 13.0
118 6033 13.0
118 6034 13.0
118 6035 13.0
118 6036 13.0
118 6037 13.0
118 6038 13.0
118 6039 13.0
118 6040 13.0
118 6041 13.0
118 6042 13.0
118 6043 13.0
118 6044 13.0
118 6045 13.0
118 6046 13.0
118 6047 13.0
118 6048 13.0
118 6049 13.0
118 6050 13.0
118 6051 13.0
118 6052 13.0
118 6053 13.0
118 6054 13.0
118 6055 13.0
118 6056 13.0
118 6057 13.0
118 6058 13.0
118 6059 13.0
118 6060 13.0
119 6061 13.0
119 6062 13.0
119 6063 13.0
119 6064 13.0
119 6065 13.0
119 6066 13.0
119 6067 13.0
119 6068 13.0
119 6069 13.0
119 6070 13.0
119 6071 13.0
119 6072 13.0
119 6073 13.0
119 6074 13.0
119 6075 13.0
119 6076 13.0
119 6077 13.0
119 6078 13.0
119 6079 13.0
119 6080 13.0
119 6081 13.0
119 6082 13.0
119 6083 13.0
119 6084 13.0
119 6085 13.0
119 6086 13.0
119 6087 13.0
119 6088 13.0
119 6089 13.0
119 6090 13.0
119 6091 13.0
119 6092 13.0
119 6093 13.0
119 6094 13.0
119 6095 13.0
119 6096 13.0
119 6097 13.0
119 6098 13.0
119 6099 13.0
119 6100 13.0
119 6101 13.0
119 6102 13.0
119 6103 13.0
119 6104 13.0
119 6105 13.0
119 6106 13.0
119 6107 13.0
119 6108 13.0
119 6109 13.0
119 6110 13.0
120 6111 13.0
120 6112 13.0
120 6113 13.0
120 6114 13.0
120 6115 13.0
120 6116 13.0
120 6117 13.0
120 6118 13.0
120 6119 13.0
120 6120 13.0
120 6121 13.0
120 6122 13.0
120 6123 13.0
120 6124 13.0
120 6125 13.0
120 6126 13.0
120 6127 13.0
120 6128 13.0
120 6129 13.0
120 6130 13.0
120 6131 13.0
120 6132 13.0
120 6133 13.0
120 6134 13.0
120 6135 13.0
120 6136 13.0
120 6137 13.0
120 6138 13.0
120 6139 13.0
120 6140 13.0
120 6141 13.0
120 6142 13.0
120 6143 13.0
120 6144 13.0
120 6145 13.0
120 6146 13.0
120 6147 13.0
120 6148 13.0
120 6149 13.0
120 6150 13.0
120 6151 13.0
120 6152 13.0
120 6153 13.0
120 6154 13.0
120 6155 13.0
120 6156 13.0
120 6157 13.0
120 6158 13.0
120 6159 13.0
120 6160 13.0
120 6161 13.0
120 6162 13.0
120 6163 13.0
120 6164 13.0
121 6165 13.0
