1 1 49.5
1 2 47.5
1 3 47.3
1 4 47.3
1 5 47.3
1 6 47.3
1 7 47.3
1 8 47.3
1 9 47.0
1 10 47.0
1 11 47.0
1 12 47.0
1 13 47.0
1 14 46.5
1 15 46.5
1 16 46.3
1 17 46.3
1 18 46.3
1 19 46.3
1 20 46.3
1 21 46.3
1 22 46.3
1 23 46.3
1 24 46.3
1 25 46.2
1 26 46.2
1 27 46.2
1 28 46.2
1 29 45.7
1 30 45.7
1 31 45.7
1 32 45.7
1 33 45.7
2 34 45.7
2 35 45.0
2 36 45.0
2 37 45.0
2 38 45.0
2 39 45.0
2 40 45.0
2 41 45.0
2 42 44.8
2 43 44.8
2 44 44.8
2 45 44.8
2 46 44.8
2 47 44.8
2 48 44.8
2 49 44.8
2 50 44.8
2 51 44.6
2 52 44.6
2 53 44.6
2 54 43.0
2 55 43.0
2 56 43.0
2 57 42.0
2 58 42.0
2 59 42.0
2 60 42.0
2 61 42.0
2 62 42.0
2 63 42.0
2 64 42.0
2 65 42.0
2 66 42.0
2 67 41.6
2 68 41.6
2 69 41.6
2 70 41.6
2 71 41.6
2 72 41.6
2 73 41.6
2 74 41.6
3 75 41.6
3 76 41.6
3 77 41.6
3 78 41.6
3 79 41.6
3 80 41.6
3 81 41.6
3 82 41.6
3 83 40.1
3 84 40.1
3 85 40.1
3 86 40.1
3 87 40.1
3 88 40.1
3 89 40.1
3 90 40.1
3 91 40.1
3 92 40.1
3 93 40.1
3 94 40.1
3 95 39.8
3 96 39.8
3 97 39.8
3 98 39.6
3 99 39.6
3 100 39.6
3 101 39.6
3 102 39.6
3 103 39.4
3 104 39.4
3 105 39.3
3 106 39.3
3 107 39.3
3 108 39.3
3 109 39.3
3 110 39.3
3 111 39.3
3 112 39.3
3 113 39.3
3 114 39.3
3 115 39.2
3 116 39.2
3 117 39.2
4 118 39.2
4 119 39.2
4 120 39.2
4 121 39.2
4 122 39.2
4 123 39.2
4 124 39.2
4 125 39.2
4 126 39.2
4 127 39.2
4 128 39.2
4 129 39.2
4 130 39.2
4 131 39.2
4 132 39.2
4 133 39.2
4 134 39.2
4 135 39.2
4 136 39.2
4 137 39.2
4 138 39.2
4 139 39.2
4 140 39.2
4 141 39.2
4 142 39.2
4 143 39.2
4 144 38.8
4 145 38.8
4 146 38.8
4 147 38.8
4 148 38.8
4 149 38.8
4 150 38.8
4 151 38.8
4 152 38.8
4 153 38.8
4 154 38.8
4 155 38.8
4 156 38.8
4 157 38.8
4 158 38.8
4 159 38.8
4 160 38.8
4 161 38.8
4 162 38.8
5 163 38.8
5 164 38.8
5 165 38.8
5 166 38.4
5 167 38.4
5 168 38.4
5 169 38.4
5 170 38.4
5 171 38.4
5 172 38.4
5 173 38.4
5 174 38.4
5 175 38.4
5 176 36.9
5 177 36.9
5 178 36.9
5 179 36.8
5 180 36.8
5 181 36.8
5 182 36.8
5 183 36.8
5 184 36.8
5 185 35.7
5 186 35.7
5 187 35.7
5 188 35.7
5 189 35.7
5 190 31.5
5 191 31.5
5 192 31.4
5 193 31.4
5 194 31.4
5 195 31.4
5 196 31.4
5 197 31.4
5 198 30.6
5 199 30.6
5 200 30.6
5 201 30.6
5 202 29.3
5 203 29.3
5 204 29.3
5 205 29.3
5 206 29.3
5 207 29.3
5 208 29.3
5 209 29.3
6 210 29.3
6 211 29.3
6 212 29.3
6 213 29.2
6 214 29.2
6 215 29.2
6 216 29.2
6 217 29.2
6 218 29.2
6 219 29.2
6 220 29.2
6 221 29.2
6 222 29.2
6 223 29.2
6 224 29.2
6 225 29.2
6 226 29.2
6 227 29.2
6 228 29.2
6 229 29.2
6 230 29.2
6 231 29.2
6 232 29.2
6 233 29.2
6 234 29.2
6 235 29.2
6 236 29.2
6 237 29.2
6 238 29.2
6 239 29.2
6 240 29.2
6 241 29.2
6 242 29.2
6 243 29.2
6 244 29.2
6 245 29.0
6 246 29.0
6 247 29.0
6 248 28.8
6 249 28.8
6 250 28.8
6 251 28.8
6 252 28.8
6 253 28.8
6 254 28.8
6 255 28.8
6 256 28.8
7 257 28.8
7 258 28.8
7 259 28.8
7 260 28.8
7 261 28.8
7 262 28.8
7 263 28.8
7 264 28.8
7 265 28.8
7 266 28.8
7 267 28.8
7 268 28.8
7 269 28.8
7 270 28.8
7 271 28.8
7 272 28.8
7 273 28.8
7 274 28.8
7 275 28.8
7 276 28.8
7 277 28.8
7 278 28.8
7 279 28.8
7 280 28.8
7 281 28.8
7 282 28.8
7 283 28.8
7 284 28.8
7 285 28.8
7 286 28.8
7 287 28.8
7 288 28.8
7 289 28.8
7 290 28.8
7 291 28.8
7 292 28.8
7 293 28.8
7 294 28.8
7 295 28.8
7 296 28.8
7 297 28.8
7 298 28.8
7 299 28.8
8 300 28.8
8 301 28.8
8 302 28.8
8 303 28.8
8 304 28.8
8 305 28.8
8 306 28.8
8 307 28.8
8 308 28.8
8 309 28.8
8 310 28.8
8 311 28.8
8 312 28.8
8 313 28.8
8 314 28.8
8 315 28.8
8 316 28.8
8 317 28.8
8 318 28.8
8 319 28.8
8 320 28.8
8 321 28.8
8 322 28.8
8 323 28.8
8 324 28.8
8 325 28.8
8 326 28.8
8 327 28.8
8 328 28.8
8 329 28.8
8 330 28.8
8 331 28.8
8 332 28.8
8 333 28.8
8 334 28.8
8 335 28.8
8 336 28.8
8 337 28.8
8 338 28.8
8 339 28.8
8 340 28.8
8 341 28.8
8 342 28.8
8 343 28.8
8 344 28.8
8 345 28.8
9 346 28.8
9 347 28.8
9 348 28.8
9 349 28.8
9 350 28.8
9 351 28.8
9 352 28.8
9 353 28.8
9 354 28.8
9 355 28.8
9 356 28.8
9 357 28.8
9 358 28.8
9 359 28.8
9 360 28.8
9 361 28.8
9 362 28.8
9 363 28.8
9 364 28.8
9 365 28.8
9 366 28.8
9 367 28.8
9 368 28.8
9 369 28.8
9 370 28.8
9 371 28.8
9 372 28.8
9 373 28.8
9 374 28.8
9 375 28.8
9 376 28.8
9 377 28.8
9 378 28.8
9 379 28.8
9 380 28.8
9 381 28.8
9 382 28.8
9 383 28.8
9 384 28.8
9 385 28.8
9 386 28.8
9 387 28.8
9 388 28.8
9 389 28.8
9 390 28.8
9 391 28.8
9 392 28.8
10 393 28.8
10 394 28.8
10 395 28.8
10 396 28.8
10 397 28.8
10 398 28.8
10 399 28.8
10 400 28.8
10 401 28.8
10 402 28.8
10 403 28.8
10 404 28.8
10 405 28.8
10 406 28.8
10 407 28.8
10 408 28.8
10 409 28.8
10 410 28.1
10 411 28.1
10 412 28.1
10 413 28.1
10 414 28.1
10 415 27.8
10 416 27.8
10 417 27.8
10 418 27.8
10 419 27.8
10 420 27.6
10 421 27.6
10 422 27.6
10 423 27.6
10 424 27.6
10 425 27.6
10 426 27.6
10 427 27.6
10 428 27.6
10 429 27.6
10 430 27.6
10 431 27.6
10 432 27.6
10 433 27.6
10 434 27.6
10 435 27.2
10 436 27.2
10 437 27.2
10 438 27.2
10 439 27.2
10 440 27.2
10 441 27.2
10 442 27.2
11 443 27.2
11 444 27.2
11 445 27.2
11 446 27.2
11 447 27.2
11 448 27.2
11 449 27.2
11 450 27.2
11 451 27.2
11 452 27.2
11 453 27.2
11 454 27.2
11 455 27.2
11 456 27.2
11 457 27.2
11 458 27.2
11 459 27.2
11 460 27.2
11 461 27.2
11 462 27.2
11 463 27.2
11 464 27.2
11 465 27.2
11 466 27.2
11 467 27.2
11 468 27.2
11 469 27.2
11 470 27.2
11 471 27.2
11 472 27.2
11 473 27.2
11 474 27.2
11 475 27.2
11 476 27.2
11 477 27.2
11 478 27.2
11 479 27.2
11 480 27.2
11 481 27.2
11 482 27.2
11 483 27.2
11 484 27.2
11 485 27.2
11 486 27.2
11 487 27.2
11 488 27.2
11 489 27.2
11 490 27.2
11 491 27.2
11 492 27.2
12 493 27.2
12 494 27.2
12 495 27.2
12 496 27.2
12 497 27.2
12 498 27.2
12 499 27.2
12 500 27.2
12 501 27.2
12 502 27.2
12 503 27.2
12 504 27.2
12 505 27.2
12 506 27.2
12 507 27.2
12 508 27.2
12 509 27.2
12 510 27.2
12 511 27.2
12 512 27.2
12 513 27.2
12 514 27.2
12 515 27.2
12 516 27.2
12 517 27.2
12 518 27.2
12 519 27.2
12 520 27.2
12 521 27.2
12 522 27.2
12 523 27.2
12 524 27.2
12 525 27.2
12 526 27.2
12 527 27.2
12 528 27.2
12 529 27.2
12 530 27.2
12 531 27.2
12 532 27.2
12 533 27.2
12 534 27.2
12 535 26.8
12 536 26.8
12 537 26.8
12 538 26.8
12 539 26.8
12 540 26.4
12 541 26.4
12 542 26.4
12 543 26.4
13 544 26.4
13 545 26.4
13 546 26.4
13 547 26.4
13 548 26.4
13 549 26.4
13 550 25.8
13 551 25.8
13 552 25.8
13 553 25.8
13 554 25.8
13 555 25.8
13 556 25.8
13 557 25.8
13 558 25.8
13 559 25.8
13 560 25.8
13 561 25.8
13 562 25.8
13 563 25.8
13 564 25.8
13 565 25.8
13 566 25.8
13 567 25.6
13 568 25.6
13 569 25.6
13 570 25.6
13 571 25.6
13 572 25.6
13 573 25.6
13 574 25.6
13 575 25.6
13 576 25.6
13 577 25.6
13 578 25.6
13 579 25.6
13 580 25.6
13 581 25.6
13 582 25.6
13 583 25.6
13 584 25.6
13 585 25.6
13 586 25.6
13 587 25.6
13 588 25.6
13 589 25.6
13 590 25.6
13 591 25.6
13 592 25.6
14 593 25.6
14 594 25.6
14 595 25.6
14 596 25.6
14 597 25.6
14 598 25.6
14 599 25.6
14 600 25.6
14 601 25.6
14 602 25.6
14 603 25.6
14 604 25.6
14 605 25.6
14 606 25.6
14 607 25.6
14 608 25.6
14 609 25.6
14 610 25.6
14 611 25.6
14 612 25.6
14 613 25.6
14 614 25.6
14 615 25.6
14 616 25.6
14 617 25.6
14 618 25.6
14 619 25.6
14 620 25.6
14 621 25.6
14 622 25.6
14 623 25.6
14 624 25.6
14 625 25.6
14 626 25.6
14 627 25.6
14 628 25.6
14 629 25.6
14 630 25.6
14 631 25.6
14 632 25.6
14 633 25.6
14 634 25.6
14 635 25.6
14 636 25.6
14 637 25.6
14 638 25.6
14 639 25.6
14 640 25.6
14 641 25.6
14 642 25.6
14 643 25.6
14 644 25.6
15 645 25.6
15 646 25.6
15 647 25.6
15 648 25.6
15 649 25.6
15 650 25.6
15 651 25.6
15 652 25.6
15 653 25.6
15 654 25.6
15 655 25.6
15 656 25.6
15 657 25.6
15 658 25.6
15 659 25.6
15 660 25.6
15 661 25.6
15 662 25.6
15 663 25.6
15 664 25.6
15 665 25.6
15 666 25.6
15 667 25.6
15 668 25.6
15 669 25.6
15 670 25.6
15 671 25.6
15 672 25.6
15 673 25.6
15 674 25.6
15 675 25.6
15 676 25.6
15 677 25.6
15 678 25.6
15 679 25.6
15 680 25.6
15 681 25.6
15 682 25.6
15 683 25.6
15 684 25.6
15 685 25.6
15 686 25.6
15 687 25.6
15 688 25.6
15 689 25.6
15 690 25.6
15 691 25.6
16 692 25.6
16 693 25.6
16 694 25.6
16 695 25.6
16 696 25.6
16 697 25.6
16 698 25.6
16 699 25.6
16 700 25.6
16 701 25.6
16 702 25.6
16 703 25.6
16 704 25.6
16 705 25.6
16 706 25.6
16 707 25.6
16 708 25.6
16 709 25.6
16 710 25.6
16 711 25.6
16 712 25.6
16 713 25.6
16 714 25.6
16 715 25.6
16 716 25.6
16 717 25.6
16 718 25.6
16 719 25.6
16 720 25.6
16 721 25.6
16 722 25.6
16 723 25.6
16 724 25.6
16 725 25.6
16 726 25.6
16 727 25.6
16 728 25.6
16 729 25.6
16 730 25.6
16 731 25.6
16 732 25.6
16 733 25.6
16 734 25.6
16 735 25.6
16 736 25.6
16 737 25.6
16 738 25.6
16 739 25.6
16 740 25.6
17 741 25.6
17 742 25.6
17 743 25.6
17 744 25.6
17 745 25.6
17 746 25.6
17 747 25.6
17 748 25.6
17 749 25.6
17 750 25.6
17 751 25.6
17 752 25.6
17 753 25.6
17 754 25.6
17 755 25.6
17 756 25.6
17 757 25.6
17 758 25.6
17 759 25.6
17 760 25.6
17 761 25.6
17 762 25.6
17 763 25.6
17 764 25.6
17 765 25.6
17 766 25.6
17 767 25.6
17 768 25.6
17 769 25.6
17 770 25.6
17 771 25.6
17 772 25.6
17 773 25.6
17 774 25.6
17 775 25.6
17 776 25.6
17 777 25.6
17 778 25.6
17 779 25.6
17 780 25.6
17 781 25.6
17 782 25.6
17 783 25.6
17 784 25.6
17 785 25.6
17 786 25.6
17 787 25.6
17 788 25.6
17 789 25.6
17 790 25.6
18 791 25.6
18 792 25.6
18 793 25.6
18 794 25.6
18 795 25.6
18 796 25.6
18 797 25.6
18 798 25.6
18 799 25.6
18 800 25.6
18 801 25.6
18 802 25.6
18 803 25.6
18 804 25.6
18 805 25.6
18 806 25.6
18 807 25.6
18 808 25.6
18 809 25.6
18 810 25.6
18 811 25.6
18 812 25.6
18 813 25.6
18 814 25.6
18 815 25.6
18 816 25.6
18 817 25.6
18 818 25.6
18 819 25.6
18 820 25.6
18 821 25.6
18 822 25.6
18 823 25.6
18 824 25.6
18 825 25.6
18 826 25.6
18 827 25.6
18 828 25.6
18 829 25.6
18 830 25.6
18 831 25.6
18 832 25.6
18 833 25.6
18 834 25.6
18 835 25.6
18 836 25.6
18 837 25.6
18 838 25.6
18 839 25.6
19 840 25.6
19 841 25.6
19 842 25.6
19 843 25.6
19 844 25.6
19 845 25.6
19 846 25.6
19 847 25.6
19 848 25.6
19 849 25.6
19 850 25.6
19 851 25.6
19 852 25.6
19 853 25.6
19 854 25.6
19 855 25.6
19 856 25.6
19 857 25.6
19 858 25.6
19 859 25.6
19 860 25.6
19 861 25.6
19 862 25.6
19 863 25.6
19 864 25.6
19 865 25.6
19 866 25.6
19 867 25.6
19 868 25.6
19 869 25.6
19 870 25.6
19 871 25.6
19 872 25.6
19 873 25.6
19 874 25.6
19 875 25.6
19 876 25.6
19 877 25.6
19 878 25.6
19 879 25.6
19 880 25.6
19 881 25.6
19 882 25.6
19 883 25.6
19 884 25.6
19 885 25.6
19 886 25.6
19 887 25.6
19 888 25.6
19 889 25.6
20 890 25.6
20 891 25.6
20 892 25.6
20 893 25.6
20 894 25.6
20 895 25.6
20 896 25.6
20 897 25.6
20 898 25.6
20 899 25.6
20 900 25.6
20 901 25.6
20 902 25.6
20 903 25.6
20 904 25.6
20 905 25.6
20 906 25.6
20 907 25.6
20 908 25.6
20 909 25.6
20 910 25.6
20 911 25.6
20 912 25.6
20 913 25.6
20 914 25.6
20 915 25.6
20 916 25.6
20 917 25.6
20 918 25.6
20 919 25.6
20 920 25.6
20 921 25.6
20 922 25.6
20 923 25.6
20 924 25.6
20 925 25.6
20 926 25.6
20 927 25.6
20 928 25.6
20 929 25.6
20 930 25.6
20 931 25.6
20 932 25.6
20 933 25.6
20 934 25.6
20 935 25.6
20 936 25.6
20 937 25.6
20 938 25.6
21 939 25.6
21 940 25.6
21 941 25.6
21 942 25.6
21 943 25.6
21 944 25.6
21 945 25.6
21 946 25.6
21 947 25.6
21 948 25.6
21 949 25.6
21 950 25.6
21 951 25.6
21 952 25.6
21 953 25.6
21 954 25.6
21 955 25.6
21 956 25.6
21 957 25.6
21 958 25.6
21 959 25.6
21 960 25.6
21 961 25.6
21 962 25.6
21 963 25.6
21 964 25.6
21 965 25.6
21 966 25.6
21 967 25.6
21 968 25.6
21 969 25.6
21 970 25.6
21 971 25.6
21 972 25.6
21 973 25.6
21 974 25.6
21 975 25.6
21 976 25.6
21 977 25.6
21 978 25.6
21 979 25.6
21 980 25.6
21 981 25.6
21 982 25.6
21 983 25.6
21 984 25.6
21 985 25.6
21 986 25.6
21 987 25.6
22 988 25.6
22 989 25.6
22 990 25.6
22 991 25.6
22 992 25.6
22 993 25.6
22 994 25.6
22 995 25.6
22 996 25.6
22 997 25.6
22 998 25.6
22 999 25.6
22 1000 25.6
22 1001 25.6
22 1002 25.6
22 1003 25.6
22 1004 25.6
22 1005 25.6
22 1006 25.6
22 1007 25.6
22 1008 25.6
22 1009 25.6
22 1010 25.6
22 1011 25.6
22 1012 25.6
22 1013 25.6
22 1014 25.6
22 1015 25.6
22 1016 25.6
22 1017 25.6
22 1018 25.6
22 1019 25.6
22 1020 25.6
22 1021 25.6
22 1022 25.6
22 1023 25.6
22 1024 25.6
22 1025 25.6
22 1026 25.6
22 1027 25.6
22 1028 25.6
22 1029 25.6
22 1030 25.6
22 1031 25.6
22 1032 25.6
22 1033 25.6
22 1034 25.6
22 1035 25.6
23 1036 25.6
23 1037 25.6
23 1038 25.6
23 1039 25.6
23 1040 25.6
23 1041 25.6
23 1042 25.6
23 1043 25.6
23 1044 25.6
23 1045 25.6
23 1046 25.6
23 1047 25.6
23 1048 25.6
23 1049 25.6
23 1050 25.6
23 1051 25.6
23 1052 25.6
23 1053 25.6
23 1054 25.6
23 1055 25.0
23 1056 25.0
23 1057 24.0
23 1058 24.0
23 1059 24.0
23 1060 24.0
23 1061 24.0
23 1062 24.0
23 1063 24.0
23 1064 24.0
23 1065 24.0
23 1066 24.0
23 1067 24.0
23 1068 24.0
23 1069 24.0
23 1070 23.6
23 1071 23.6
23 1072 23.6
23 1073 23.6
23 1074 23.6
23 1075 23.6
23 1076 23.6
23 1077 23.6
23 1078 23.6
23 1079 23.6
23 1080 23.6
24 1081 23.6
24 1082 23.6
24 1083 23.6
24 1084 22.4
24 1085 22.4
24 1086 22.4
24 1087 22.4
24 1088 22.4
24 1089 22.4
24 1090 22.4
24 1091 22.4
24 1092 22.4
24 1093 22.4
24 1094 22.4
24 1095 22.4
24 1096 22.4
24 1097 22.4
24 1098 22.4
24 1099 22.4
24 1100 22.4
24 1101 22.4
24 1102 22.4
24 1103 22.4
24 1104 22.4
24 1105 22.4
24 1106 22.4
24 1107 22.4
24 1108 22.4
24 1109 22.4
24 1110 22.4
24 1111 22.4
24 1112 22.4
24 1113 22.3
24 1114 22.3
24 1115 22.3
24 1116 22.3
24 1117 22.3
24 1118 22.3
24 1119 22.2
24 1120 22.2
24 1121 22.2
24 1122 22.2
24 1123 22.2
24 1124 22.2
24 1125 21.8
24 1126 21.8
24 1127 21.8
24 1128 21.8
25 1129 21.8
25 1130 21.8
25 1131 21.8
25 1132 21.8
25 1133 21.8
25 1134 21.8
25 1135 21.8
25 1136 21.8
25 1137 21.8
25 1138 21.8
25 1139 21.8
25 1140 21.8
25 1141 21.8
25 1142 21.8
25 1143 21.8
25 1144 21.8
25 1145 21.8
25 1146 21.8
25 1147 21.8
25 1148 21.8
25 1149 21.8
25 1150 21.8
25 1151 21.8
25 1152 21.8
25 1153 21.8
25 1154 21.8
25 1155 21.8
25 1156 21.8
25 1157 21.8
25 1158 21.8
25 1159 21.8
25 1160 21.8
25 1161 21.8
25 1162 21.8
25 1163 21.8
25 1164 21.8
25 1165 21.8
25 1166 21.8
25 1167 21.8
25 1168 21.8
25 1169 21.6
25 1170 21.6
25 1171 21.6
25 1172 21.6
25 1173 21.4
25 1174 21.4
26 1175 21.4
26 1176 21.4
26 1177 21.4
26 1178 21.4
26 1179 21.4
26 1180 21.4
26 1181 21.4
26 1182 21.4
26 1183 21.4
26 1184 21.4
26 1185 21.3
26 1186 21.3
26 1187 21.3
26 1188 21.3
26 1189 21.3
26 1190 21.3
26 1191 21.3
26 1192 21.3
26 1193 21.3
26 1194 21.3
26 1195 21.3
26 1196 21.3
26 1197 21.3
26 1198 21.3
26 1199 21.3
26 1200 21.3
26 1201 21.3
26 1202 21.2
26 1203 21.2
26 1204 21.2
26 1205 21.2
26 1206 21.2
26 1207 21.2
26 1208 21.2
26 1209 21.2
26 1210 21.2
26 1211 21.2
26 1212 21.2
26 1213 21.2
26 1214 21.2
26 1215 21.2
26 1216 21.2
26 1217 21.2
26 1218 21.2
26 1219 21.2
26 1220 21.2
27 1221 21.2
27 1222 21.2
27 1223 21.2
27 1224 21.2
27 1225 21.2
27 1226 21.2
27 1227 21.2
27 1228 21.2
27 1229 21.2
27 1230 20.8
27 1231 20.8
27 1232 20.8
27 1233 20.8
27 1234 20.8
27 1235 20.1
27 1236 20.1
27 1237 20.1
27 1238 20.1
27 1239 20.1
27 1240 20.1
27 1241 20.1
27 1242 19.6
27 1243 19.6
27 1244 19.6
27 1245 19.6
27 1246 19.6
27 1247 19.6
27 1248 19.6
27 1249 19.6
27 1250 19.6
27 1251 19.6
27 1252 19.6
27 1253 19.6
27 1254 19.6
27 1255 19.6
27 1256 19.6
27 1257 19.6
27 1258 19.6
27 1259 19.6
27 1260 19.6
27 1261 19.6
27 1262 19.6
27 1263 19.6
27 1264 19.6
27 1265 19.6
27 1266 19.6
27 1267 19.6
28 1268 19.6
28 1269 19.6
28 1270 19.6
28 1271 19.6
28 1272 19.6
28 1273 19.6
28 1274 19.6
28 1275 19.6
28 1276 19.6
28 1277 19.6
28 1278 19.6
28 1279 19.6
28 1280 19.6
28 1281 19.6
28 1282 19.6
28 1283 19.6
28 1284 19.6
28 1285 19.6
28 1286 19.6
28 1287 19.6
28 1288 19.6
28 1289 19.6
28 1290 19.6
28 1291 19.6
28 1292 19.6
28 1293 19.6
28 1294 19.6
28 1295 19.6
28 1296 19.6
28 1297 19.6
28 1298 19.6
28 1299 19.6
28 1300 19.6
28 1301 19.6
28 1302 19.6
28 1303 19.6
28 1304 19.6
28 1305 19.6
28 1306 19.6
28 1307 19.6
28 1308 19.6
28 1309 19.6
28 1310 19.6
28 1311 19.6
28 1312 19.6
28 1313 19.6
28 1314 19.6
28 1315 19.6
29 1316 19.6
29 1317 19.6
29 1318 19.6
29 1319 19.6
29 1320 19.6
29 1321 19.6
29 1322 19.6
29 1323 19.6
29 1324 19.6
29 1325 19.6
29 1326 19.6
29 1327 19.6
29 1328 19.6
29 1329 19.6
29 1330 19.6
29 1331 19.6
29 1332 19.6
29 1333 19.6
29 1334 19.6
29 1335 19.6
29 1336 19.6
29 1337 19.6
29 1338 19.6
29 1339 19.6
29 1340 19.6
29 1341 19.6
29 1342 19.6
29 1343 19.6
29 1344 19.6
29 1345 19.6
29 1346 19.6
29 1347 19.6
29 1348 19.6
29 1349 19.6
29 1350 19.6
29 1351 19.6
29 1352 19.6
29 1353 19.6
29 1354 19.6
29 1355 19.6
29 1356 19.6
29 1357 19.6
29 1358 19.6
29 1359 19.6
29 1360 19.6
29 1361 19.6
29 1362 19.6
29 1363 19.6
30 1364 19.6
30 1365 19.6
30 1366 19.6
30 1367 19.6
30 1368 19.6
30 1369 19.6
30 1370 19.6
30 1371 19.6
30 1372 19.6
30 1373 19.6
30 1374 19.6
30 1375 19.6
30 1376 19.6
30 1377 19.6
30 1378 19.6
30 1379 19.6
30 1380 19.6
30 1381 19.6
30 1382 19.6
30 1383 19.6
30 1384 19.6
30 1385 19.6
30 1386 19.6
30 1387 19.6
30 1388 19.6
30 1389 19.6
30 1390 19.6
30 1391 19.6
30 1392 19.6
30 1393 19.6
30 1394 19.6
30 1395 19.6
30 1396 19.6
30 1397 19.6
30 1398 19.6
30 1399 19.6
30 1400 19.6
30 1401 19.6
30 1402 19.6
30 1403 19.6
30 1404 19.6
30 1405 19.6
30 1406 19.6
30 1407 19.6
30 1408 19.6
30 1409 19.6
30 1410 19.6
30 1411 19.6
31 1412 19.6
31 1413 19.6
31 1414 19.6
31 1415 19.6
31 1416 19.6
31 1417 19.6
31 1418 19.6
31 1419 19.6
31 1420 19.6
31 1421 19.6
31 1422 19.6
31 1423 19.6
31 1424 19.6
31 1425 19.6
31 1426 19.6
31 1427 19.6
31 1428 19.6
31 1429 19.6
31 1430 19.6
31 1431 19.6
31 1432 19.6
31 1433 19.6
31 1434 19.6
31 1435 19.6
31 1436 19.6
31 1437 19.6
31 1438 19.6
31 1439 19.6
31 1440 19.6
31 1441 19.6
31 1442 19.6
31 1443 19.6
31 1444 19.6
31 1445 19.6
31 1446 19.6
31 1447 19.6
31 1448 19.6
31 1449 19.6
31 1450 19.6
31 1451 19.6
31 1452 19.6
31 1453 19.6
31 1454 19.6
31 1455 19.6
31 1456 19.6
31 1457 19.6
31 1458 19.6
31 1459 19.6
31 1460 19.6
32 1461 19.6
32 1462 19.6
32 1463 19.6
32 1464 19.6
32 1465 19.6
32 1466 19.6
32 1467 19.6
32 1468 19.6
32 1469 19.6
32 1470 19.6
32 1471 19.6
32 1472 19.6
32 1473 19.6
32 1474 19.6
32 1475 19.6
32 1476 19.6
32 1477 19.6
32 1478 19.6
32 1479 19.6
32 1480 19.6
32 1481 19.6
32 1482 19.6
32 1483 19.6
32 1484 19.6
32 1485 19.6
32 1486 19.6
32 1487 19.6
32 1488 19.6
32 1489 19.6
32 1490 19.6
32 1491 19.6
32 1492 19.6
32 1493 19.6
32 1494 19.6
32 1495 19.6
32 1496 19.6
32 1497 19.6
32 1498 19.6
32 1499 19.6
32 1500 19.6
32 1501 19.6
32 1502 19.6
32 1503 19.6
32 1504 19.6
32 1505 19.6
32 1506 19.6
32 1507 19.6
32 1508 19.6
32 1509 19.6
32 1510 19.6
32 1511 19.6
33 1512 19.6
33 1513 19.6
33 1514 19.6
33 1515 19.6
33 1516 19.6
33 1517 19.6
33 1518 19.6
33 1519 19.6
33 1520 19.6
33 1521 19.6
33 1522 19.6
33 1523 19.6
33 1524 19.6
33 1525 19.6
33 1526 19.6
33 1527 19.6
33 1528 19.6
33 1529 19.6
33 1530 19.6
33 1531 19.6
33 1532 19.6
33 1533 19.6
33 1534 19.6
33 1535 19.6
33 1536 19.6
33 1537 19.6
33 1538 19.6
33 1539 19.6
33 1540 19.6
33 1541 19.6
33 1542 19.6
33 1543 19.6
33 1544 19.6
33 1545 19.6
33 1546 19.6
33 1547 19.6
33 1548 19.6
33 1549 19.6
33 1550 19.6
33 1551 19.6
33 1552 19.6
33 1553 19.6
33 1554 19.6
34 1555 19.6
34 1556 19.6
34 1557 19.6
34 1558 19.6
34 1559 19.6
34 1560 19.6
34 1561 19.6
34 1562 19.6
34 1563 19.6
34 1564 19.6
34 1565 19.6
34 1566 19.6
34 1567 19.6
34 1568 19.6
34 1569 19.6
34 1570 19.6
34 1571 19.6
34 1572 19.6
34 1573 19.6
34 1574 19.6
34 1575 19.6
34 1576 19.6
34 1577 19.6
34 1578 19.6
34 1579 19.6
34 1580 19.6
34 1581 19.6
34 1582 19.6
34 1583 19.6
34 1584 19.6
34 1585 19.6
34 1586 19.6
34 1587 19.6
34 1588 19.6
34 1589 19.6
34 1590 19.6
34 1591 19.6
34 1592 19.6
34 1593 19.6
34 1594 19.6
34 1595 19.6
34 1596 19.6
34 1597 19.6
34 1598 19.6
34 1599 19.6
34 1600 19.6
34 1601 19.6
34 1602 19.6
34 1603 19.6
34 1604 19.6
34 1605 19.6
34 1606 19.6
35 1607 19.6
35 1608 19.6
35 1609 19.6
35 1610 19.6
35 1611 19.6
35 1612 19.6
35 1613 19.6
35 1614 19.6
35 1615 19.6
35 1616 19.6
35 1617 19.6
35 1618 19.6
35 1619 19.6
35 1620 19.6
35 1621 19.6
35 1622 19.6
35 1623 19.6
35 1624 19.6
35 1625 19.6
35 1626 19.6
35 1627 19.6
35 1628 19.6
35 1629 19.6
35 1630 19.6
35 1631 19.6
35 1632 19.6
35 1633 19.6
35 1634 19.6
35 1635 19.6
35 1636 19.6
35 1637 19.6
35 1638 19.6
35 1639 19.6
35 1640 19.6
35 1641 19.6
35 1642 19.6
35 1643 19.6
35 1644 19.6
35 1645 19.6
35 1646 19.6
35 1647 19.6
36 1648 19.6
36 1649 19.6
36 1650 19.6
36 1651 19.6
36 1652 19.6
36 1653 19.6
36 1654 19.6
36 1655 19.6
36 1656 19.6
36 1657 19.6
36 1658 19.6
36 1659 19.6
36 1660 19.6
36 1661 19.6
36 1662 19.6
36 1663 19.6
36 1664 19.6
36 1665 19.6
36 1666 19.6
36 1667 19.6
36 1668 19.6
36 1669 19.6
36 1670 19.6
36 1671 19.6
36 1672 19.6
36 1673 19.6
36 1674 19.6
36 1675 19.6
36 1676 19.6
36 1677 19.6
36 1678 19.6
36 1679 19.6
36 1680 19.6
36 1681 19.6
36 1682 19.6
36 1683 19.6
36 1684 19.6
36 1685 19.6
36 1686 19.2
36 1687 19.2
36 1688 19.2
36 1689 19.2
36 1690 19.2
36 1691 19.2
36 1692 19.2
36 1693 19.2
36 1694 19.2
36 1695 19.2
36 1696 19.2
36 1697 19.2
36 1698 19.2
37 1699 19.2
37 1700 19.2
37 1701 19.2
37 1702 19.2
37 1703 19.2
37 1704 19.2
37 1705 19.2
37 1706 19.2
37 1707 19.2
37 1708 19.2
37 1709 19.2
37 1710 19.2
37 1711 19.2
37 1712 19.2
37 1713 19.2
37 1714 19.2
37 1715 19.2
37 1716 19.2
37 1717 19.2
37 1718 19.2
37 1719 19.2
37 1720 19.2
37 1721 19.2
37 1722 19.2
37 1723 19.2
37 1724 19.2
37 1725 19.2
37 1726 19.2
37 1727 19.2
37 1728 19.2
37 1729 19.2
37 1730 19.2
37 1731 19.2
37 1732 19.2
37 1733 19.2
37 1734 19.2
37 1735 19.2
37 1736 19.2
37 1737 19.2
37 1738 19.2
37 1739 19.2
37 1740 19.2
37 1741 19.2
37 1742 19.2
37 1743 19.2
37 1744 19.2
37 1745 19.2
37 1746 19.2
37 1747 19.2
38 1748 19.2
38 1749 19.2
38 1750 19.2
38 1751 19.2
38 1752 19.2
38 1753 19.2
38 1754 19.2
38 1755 19.2
38 1756 19.2
38 1757 19.2
38 1758 19.2
38 1759 19.2
38 1760 19.2
38 1761 19.2
38 1762 19.2
38 1763 19.2
38 1764 19.2
38 1765 19.2
38 1766 19.2
38 1767 19.2
38 1768 19.2
38 1769 19.2
38 1770 19.2
38 1771 19.2
38 1772 19.2
38 1773 19.2
38 1774 19.2
38 1775 19.2
38 1776 19.2
38 1777 19.2
38 1778 19.2
38 1779 19.2
38 1780 19.2
38 1781 19.2
38 1782 19.2
38 1783 19.2
38 1784 19.2
38 1785 19.2
38 1786 19.2
38 1787 19.2
38 1788 19.2
38 1789 19.2
38 1790 19.2
38 1791 19.2
38 1792 19.2
39 1793 19.2
39 1794 19.2
39 1795 19.2
39 1796 19.2
39 1797 19.2
39 1798 19.2
39 1799 19.2
39 1800 19.2
39 1801 19.2
39 1802 19.2
39 1803 19.2
39 1804 19.2
39 1805 19.2
39 1806 19.2
39 1807 19.2
39 1808 19.2
39 1809 19.2
39 1810 19.2
39 1811 19.2
39 1812 19.2
39 1813 19.2
39 1814 19.2
39 1815 19.2
39 1816 19.2
39 1817 19.2
39 1818 19.2
39 1819 19.2
39 1820 19.2
39 1821 19.2
39 1822 19.2
39 1823 19.2
39 1824 19.2
39 1825 19.2
39 1826 19.2
39 1827 19.2
39 1828 19.2
39 1829 19.2
39 1830 19.2
39 1831 19.2
39 1832 19.2
39 1833 19.2
39 1834 19.2
39 1835 19.2
39 1836 19.2
39 1837 19.2
39 1838 19.2
39 1839 19.2
39 1840 19.2
40 1841 19.2
40 1842 19.2
40 1843 19.2
40 1844 19.2
40 1845 19.2
40 1846 19.2
40 1847 19.2
40 1848 19.2
40 1849 19.2
40 1850 19.2
40 1851 19.2
40 1852 19.2
40 1853 19.2
40 1854 19.2
40 1855 19.2
40 1856 19.2
40 1857 19.2
40 1858 19.2
40 1859 19.2
40 1860 19.2
40 1861 19.2
40 1862 19.2
40 1863 19.2
40 1864 19.2
40 1865 19.2
40 1866 19.2
40 1867 19.2
40 1868 19.2
40 1869 19.2
40 1870 19.2
40 1871 19.2
40 1872 19.2
40 1873 19.0
40 1874 19.0
40 1875 19.0
40 1876 19.0
40 1877 19.0
40 1878 19.0
40 1879 19.0
40 1880 19.0
40 1881 19.0
40 1882 19.0
40 1883 18.9
40 1884 18.9
40 1885 18.9
40 1886 18.9
40 1887 18.9
40 1888 18.9
40 1889 18.9
40 1890 18.9
41 1891 18.9
41 1892 18.9
41 1893 18.9
41 1894 18.9
41 1895 18.9
41 1896 18.9
41 1897 18.9
41 1898 18.9
41 1899 18.9
41 1900 18.9
41 1901 18.7
41 1902 18.7
41 1903 18.7
41 1904 18.7
41 1905 18.7
41 1906 18.7
41 1907 18.6
41 1908 18.6
41 1909 18.6
41 1910 18.6
41 1911 18.6
41 1912 18.5
41 1913 18.5
41 1914 18.5
41 1915 18.5
41 1916 18.5
41 1917 18.5
41 1918 18.5
41 1919 18.5
41 1920 18.5
41 1921 18.5
41 1922 17.6
41 1923 17.6
41 1924 17.6
41 1925 17.6
41 1926 17.6
41 1927 17.6
41 1928 17.6
41 1929 17.6
41 1930 17.6
41 1931 17.6
41 1932 17.6
41 1933 17.6
41 1934 17.6
41 1935 17.6
41 1936 17.6
42 1937 17.6
42 1938 17.6
42 1939 17.6
42 1940 17.6
42 1941 17.6
42 1942 17.6
42 1943 17.6
42 1944 17.6
42 1945 17.6
42 1946 17.6
42 1947 17.6
42 1948 17.6
42 1949 17.6
42 1950 17.6
42 1951 17.6
42 1952 17.6
42 1953 17.6
42 1954 17.6
42 1955 17.6
42 1956 17.6
42 1957 17.6
42 1958 17.6
42 1959 17.6
42 1960 17.6
42 1961 17.6
42 1962 17.6
42 1963 17.6
42 1964 17.6
42 1965 17.6
42 1966 17.6
42 1967 17.6
42 1968 17.6
42 1969 17.6
42 1970 17.6
42 1971 17.6
42 1972 17.6
42 1973 17.6
42 1974 17.6
42 1975 17.6
42 1976 17.6
42 1977 17.6
42 1978 17.6
42 1979 17.6
42 1980 17.6
43 1981 17.6
43 1982 17.6
43 1983 17.6
43 1984 17.6
43 1985 17.6
43 1986 17.6
43 1987 17.6
43 1988 17.6
43 1989 17.6
43 1990 17.6
43 1991 17.6
43 1992 17.6
43 1993 17.6
43 1994 17.6
43 1995 17.6
43 1996 17.6
43 1997 17.6
43 1998 17.6
43 1999 17.6
43 2000 17.6
43 2001 17.6
43 2002 17.6
43 2003 17.6
43 2004 17.6
43 2005 17.6
43 2006 17.6
43 2007 17.6
43 2008 17.6
43 2009 17.6
43 2010 17.6
43 2011 17.6
43 2012 17.6
43 2013 17.6
43 2014 17.6
43 2015 17.6
43 2016 17.6
43 2017 17.6
43 2018 17.6
43 2019 17.6
43 2020 17.6
43 2021 17.6
44 2022 17.6
44 2023 17.6
44 2024 17.6
44 2025 17.6
44 2026 17.6
44 2027 17.6
44 2028 17.6
44 2029 17.6
44 2030 17.6
44 2031 17.6
44 2032 17.6
44 2033 17.6
44 2034 17.6
44 2035 17.6
44 2036 17.6
44 2037 17.6
44 2038 17.6
44 2039 17.6
44 2040 17.6
44 2041 17.6
44 2042 17.6
44 2043 17.6
44 2044 17.6
44 2045 17.6
44 2046 17.6
44 2047 17.6
44 2048 17.6
44 2049 17.6
44 2050 17.6
44 2051 17.6
44 2052 17.6
44 2053 17.6
44 2054 17.6
44 2055 17.6
44 2056 17.6
44 2057 17.6
44 2058 17.6
44 2059 17.6
44 2060 17.6
44 2061 17.6
44 2062 17.6
44 2063 17.6
44 2064 17.6
44 2065 17.6
44 2066 17.6
45 2067 17.6
45 2068 17.6
45 2069 17.6
45 2070 17.6
45 2071 17.6
45 2072 17.6
45 2073 17.6
45 2074 17.6
45 2075 17.6
45 2076 17.6
45 2077 17.6
45 2078 17.6
45 2079 17.6
45 2080 17.6
45 2081 17.6
45 2082 17.6
45 2083 17.6
45 2084 17.6
45 2085 17.6
45 2086 17.6
45 2087 17.6
45 2088 17.6
45 2089 17.6
45 2090 17.6
45 2091 17.6
45 2092 17.6
45 2093 17.6
45 2094 17.6
45 2095 17.6
45 2096 17.6
45 2097 17.6
45 2098 17.6
45 2099 17.6
45 2100 17.6
45 2101 17.6
45 2102 17.6
45 2103 17.6
45 2104 17.6
45 2105 17.6
45 2106 17.6
45 2107 17.6
45 2108 17.6
45 2109 17.6
45 2110 17.6
45 2111 17.6
45 2112 17.6
46 2113 17.6
46 2114 17.6
46 2115 17.6
46 2116 17.6
46 2117 17.6
46 2118 17.6
46 2119 17.6
46 2120 17.6
46 2121 17.6
46 2122 17.6
46 2123 17.6
46 2124 17.6
46 2125 17.6
46 2126 17.6
46 2127 17.6
46 2128 17.6
46 2129 17.6
46 2130 17.6
46 2131 17.6
46 2132 17.6
46 2133 17.6
46 2134 17.6
46 2135 17.6
46 2136 17.6
46 2137 17.6
46 2138 17.6
46 2139 17.6
46 2140 17.6
46 2141 17.6
46 2142 17.6
46 2143 17.6
46 2144 17.6
46 2145 17.6
46 2146 17.6
46 2147 17.6
46 2148 17.6
46 2149 17.6
46 2150 17.6
46 2151 17.6
46 2152 17.6
46 2153 17.6
46 2154 17.6
46 2155 17.6
46 2156 17.6
46 2157 17.6
46 2158 17.6
46 2159 17.6
46 2160 17.6
47 2161 17.6
47 2162 17.6
47 2163 17.6
47 2164 17.6
47 2165 17.6
47 2166 17.6
47 2167 17.6
47 2168 17.6
47 2169 17.6
47 2170 17.6
47 2171 17.6
47 2172 17.6
47 2173 17.6
47 2174 17.6
47 2175 17.6
47 2176 17.6
47 2177 17.6
47 2178 17.6
47 2179 17.6
47 2180 17.6
47 2181 17.6
47 2182 17.6
47 2183 17.6
47 2184 17.6
47 2185 17.6
47 2186 17.6
47 2187 17.6
47 2188 17.6
47 2189 17.6
47 2190 17.6
47 2191 17.6
47 2192 17.6
47 2193 17.6
47 2194 17.6
47 2195 17.6
47 2196 17.6
47 2197 17.6
47 2198 17.6
47 2199 17.6
47 2200 17.6
47 2201 17.6
47 2202 17.6
47 2203 17.6
47 2204 17.6
47 2205 17.6
47 2206 17.6
47 2207 17.6
47 2208 17.6
47 2209 17.6
47 2210 17.6
47 2211 17.6
48 2212 17.6
48 2213 17.6
48 2214 17.6
48 2215 17.6
48 2216 17.6
48 2217 17.6
48 2218 17.6
48 2219 17.6
48 2220 17.6
48 2221 17.6
48 2222 17.6
48 2223 17.6
48 2224 17.6
48 2225 17.6
48 2226 17.6
48 2227 17.6
48 2228 17.6
48 2229 17.6
48 2230 17.6
48 2231 17.6
48 2232 17.6
48 2233 17.6
48 2234 17.6
48 2235 17.6
48 2236 17.6
48 2237 17.6
48 2238 17.6
48 2239 17.6
48 2240 17.6
48 2241 17.6
48 2242 17.6
48 2243 17.6
48 2244 17.6
48 2245 17.6
48 2246 17.6
48 2247 17.6
48 2248 17.6
48 2249 17.6
48 2250 17.6
48 2251 17.6
48 2252 17.6
48 2253 17.6
48 2254 17.6
48 2255 17.6
48 2256 17.6
48 2257 17.6
48 2258 17.6
48 2259 17.6
48 2260 17.6
48 2261 17.6
49 2262 17.6
49 2263 17.6
49 2264 17.6
49 2265 17.6
49 2266 17.6
49 2267 17.6
49 2268 17.6
49 2269 17.6
49 2270 17.6
49 2271 17.6
49 2272 17.6
49 2273 17.6
49 2274 17.6
49 2275 17.6
49 2276 17.6
49 2277 17.6
49 2278 17.6
49 2279 17.6
49 2280 17.6
49 2281 17.6
49 2282 17.6
49 2283 17.6
49 2284 17.6
49 2285 17.6
49 2286 17.6
49 2287 17.6
49 2288 17.6
49 2289 17.6
49 2290 17.6
49 2291 17.6
49 2292 17.6
49 2293 17.6
49 2294 17.6
49 2295 17.6
49 2296 17.6
49 2297 17.6
49 2298 17.6
49 2299 17.6
49 2300 17.6
49 2301 17.6
49 2302 17.6
49 2303 17.6
49 2304 17.6
49 2305 17.6
49 2306 17.6
49 2307 17.6
49 2308 17.6
49 2309 17.6
49 2310 17.6
49 2311 17.6
49 2312 17.4
50 2313 17.4
50 2314 17.4
50 2315 17.4
50 2316 17.4
50 2317 17.4
50 2318 17.2
50 2319 17.2
50 2320 17.2
50 2321 17.0
50 2322 17.0
50 2323 17.0
50 2324 17.0
50 2325 17.0
50 2326 17.0
50 2327 17.0
50 2328 17.0
50 2329 17.0
50 2330 17.0
50 2331 17.0
50 2332 17.0
50 2333 17.0
50 2334 16.9
50 2335 16.9
50 2336 16.9
50 2337 16.9
50 2338 16.9
50 2339 16.9
50 2340 16.9
50 2341 16.9
50 2342 16.9
50 2343 16.9
50 2344 16.9
50 2345 16.9
50 2346 16.0
50 2347 16.0
50 2348 16.0
50 2349 16.0
50 2350 16.0
50 2351 16.0
50 2352 16.0
50 2353 16.0
50 2354 16.0
50 2355 16.0
50 2356 16.0
50 2357 16.0
50 2358 16.0
50 2359 16.0
50 2360 16.0
50 2361 16.0
50 2362 16.0
51 2363 16.0
51 2364 16.0
51 2365 16.0
51 2366 16.0
51 2367 16.0
51 2368 16.0
51 2369 16.0
51 2370 16.0
51 2371 16.0
51 2372 16.0
51 2373 16.0
51 2374 16.0
51 2375 16.0
51 2376 16.0
51 2377 16.0
51 2378 16.0
51 2379 16.0
51 2380 16.0
51 2381 16.0
51 2382 16.0
51 2383 16.0
51 2384 16.0
51 2385 16.0
51 2386 16.0
51 2387 16.0
51 2388 16.0
51 2389 16.0
51 2390 16.0
51 2391 16.0
51 2392 16.0
51 2393 16.0
51 2394 16.0
51 2395 16.0
51 2396 16.0
51 2397 16.0
51 2398 16.0
51 2399 16.0
51 2400 16.0
51 2401 16.0
51 2402 16.0
51 2403 16.0
51 2404 16.0
51 2405 16.0
51 2406 16.0
51 2407 16.0
51 2408 16.0
51 2409 16.0
51 2410 16.0
51 2411 16.0
51 2412 16.0
52 2413 16.0
52 2414 16.0
52 2415 16.0
52 2416 16.0
52 2417 16.0
52 2418 16.0
52 2419 16.0
52 2420 16.0
52 2421 16.0
52 2422 16.0
52 2423 16.0
52 2424 16.0
52 2425 16.0
52 2426 16.0
52 2427 16.0
52 2428 16.0
52 2429 16.0
52 2430 16.0
52 2431 16.0
52 2432 16.0
52 2433 16.0
52 2434 16.0
52 2435 16.0
52 2436 16.0
52 2437 16.0
52 2438 16.0
52 2439 16.0
52 2440 16.0
52 2441 16.0
52 2442 16.0
52 2443 16.0
52 2444 16.0
52 2445 16.0
52 2446 16.0
52 2447 16.0
52 2448 16.0
52 2449 16.0
52 2450 16.0
52 2451 16.0
52 2452 16.0
52 2453 16.0
52 2454 16.0
52 2455 16.0
52 2456 16.0
52 2457 16.0
52 2458 16.0
52 2459 16.0
52 2460 16.0
52 2461 16.0
52 2462 16.0
52 2463 16.0
52 2464 16.0
53 2465 16.0
53 2466 16.0
53 2467 16.0
53 2468 16.0
53 2469 16.0
53 2470 16.0
53 2471 16.0
53 2472 16.0
53 2473 16.0
53 2474 16.0
53 2475 16.0
53 2476 16.0
53 2477 16.0
53 2478 16.0
53 2479 16.0
53 2480 16.0
53 2481 16.0
53 2482 16.0
53 2483 16.0
53 2484 16.0
53 2485 16.0
53 2486 16.0
53 2487 16.0
53 2488 16.0
53 2489 16.0
53 2490 16.0
53 2491 16.0
53 2492 16.0
53 2493 16.0
53 2494 16.0
53 2495 16.0
53 2496 16.0
53 2497 16.0
53 2498 16.0
53 2499 16.0
53 2500 16.0
53 2501 16.0
53 2502 16.0
53 2503 16.0
53 2504 16.0
53 2505 16.0
53 2506 16.0
53 2507 16.0
53 2508 16.0
53 2509 16.0
53 2510 16.0
53 2511 16.0
53 2512 16.0
53 2513 16.0
53 2514 16.0
53 2515 16.0
53 2516 16.0
53 2517 16.0
54 2518 16.0
54 2519 16.0
54 2520 16.0
54 2521 16.0
54 2522 16.0
54 2523 16.0
54 2524 16.0
54 2525 16.0
54 2526 16.0
54 2527 16.0
54 2528 16.0
54 2529 16.0
54 2530 16.0
54 2531 16.0
54 2532 16.0
54 2533 16.0
54 2534 16.0
54 2535 16.0
54 2536 16.0
54 2537 16.0
54 2538 16.0
54 2539 16.0
54 2540 16.0
54 2541 16.0
54 2542 16.0
54 2543 16.0
54 2544 16.0
54 2545 16.0
54 2546 16.0
54 2547 16.0
54 2548 16.0
54 2549 16.0
54 2550 16.0
54 2551 16.0
54 2552 16.0
54 2553 16.0
54 2554 16.0
54 2555 16.0
54 2556 16.0
54 2557 16.0
54 2558 16.0
54 2559 16.0
54 2560 16.0
54 2561 16.0
54 2562 16.0
54 2563 16.0
54 2564 16.0
54 2565 16.0
54 2566 16.0
54 2567 16.0
54 2568 16.0
54 2569 16.0
54 2570 16.0
55 2571 16.0
55 2572 16.0
55 2573 16.0
55 2574 16.0
55 2575 16.0
55 2576 16.0
55 2577 16.0
55 2578 16.0
55 2579 16.0
55 2580 16.0
55 2581 16.0
55 2582 16.0
55 2583 16.0
55 2584 16.0
55 2585 16.0
55 2586 16.0
55 2587 16.0
55 2588 16.0
55 2589 16.0
55 2590 16.0
55 2591 16.0
55 2592 16.0
55 2593 16.0
55 2594 16.0
55 2595 16.0
55 2596 16.0
55 2597 16.0
55 2598 16.0
55 2599 16.0
55 2600 16.0
55 2601 16.0
55 2602 16.0
55 2603 16.0
55 2604 16.0
55 2605 16.0
55 2606 16.0
55 2607 16.0
55 2608 16.0
55 2609 16.0
55 2610 16.0
55 2611 16.0
55 2612 16.0
55 2613 16.0
55 2614 16.0
55 2615 16.0
55 2616 16.0
55 2617 16.0
55 2618 16.0
55 2619 16.0
55 2620 16.0
55 2621 16.0
55 2622 16.0
55 2623 16.0
55 2624 16.0
55 2625 16.0
55 2626 16.0
56 2627 16.0
56 2628 16.0
56 2629 16.0
56 2630 16.0
56 2631 16.0
56 2632 16.0
56 2633 16.0
56 2634 16.0
56 2635 16.0
56 2636 16.0
56 2637 16.0
56 2638 16.0
56 2639 16.0
56 2640 16.0
56 2641 16.0
56 2642 16.0
56 2643 16.0
56 2644 16.0
56 2645 16.0
56 2646 16.0
56 2647 16.0
56 2648 16.0
56 2649 16.0
56 2650 16.0
56 2651 16.0
56 2652 16.0
56 2653 16.0
56 2654 16.0
56 2655 16.0
56 2656 16.0
56 2657 16.0
56 2658 16.0
56 2659 16.0
56 2660 16.0
56 2661 16.0
56 2662 16.0
56 2663 16.0
56 2664 16.0
56 2665 16.0
56 2666 16.0
56 2667 16.0
56 2668 16.0
56 2669 16.0
56 2670 16.0
56 2671 16.0
56 2672 16.0
56 2673 16.0
56 2674 16.0
56 2675 16.0
56 2676 16.0
56 2677 16.0
56 2678 16.0
57 2679 16.0
57 2680 16.0
57 2681 16.0
57 2682 16.0
57 2683 16.0
57 2684 16.0
57 2685 16.0
57 2686 16.0
57 2687 16.0
57 2688 16.0
57 2689 15.6
57 2690 15.6
57 2691 15.6
57 2692 15.6
57 2693 15.6
57 2694 15.6
57 2695 15.6
57 2696 15.6
57 2697 15.6
57 2698 15.6
57 2699 15.6
57 2700 15.6
57 2701 15.6
57 2702 15.6
57 2703 15.6
57 2704 15.6
57 2705 15.6
57 2706 15.6
57 2707 15.6
57 2708 15.6
57 2709 15.6
57 2710 15.6
57 2711 15.6
57 2712 15.6
57 2713 15.6
57 2714 15.6
57 2715 15.6
57 2716 15.6
57 2717 15.6
57 2718 15.6
57 2719 15.6
57 2720 15.6
57 2721 15.6
57 2722 15.6
57 2723 15.6
57 2724 15.6
57 2725 15.6
57 2726 15.6
57 2727 15.6
57 2728 15.6
57 2729 15.6
58 2730 15.6
58 2731 15.6
58 2732 15.6
58 2733 15.6
58 2734 15.6
58 2735 15.6
58 2736 15.6
58 2737 15.6
58 2738 15.6
58 2739 15.6
58 2740 15.6
58 2741 15.6
58 2742 15.6
58 2743 15.6
58 2744 15.6
58 2745 15.6
58 2746 15.6
58 2747 15.6
58 2748 15.6
58 2749 15.6
58 2750 15.6
58 2751 15.4
58 2752 15.4
58 2753 15.4
58 2754 15.4
58 2755 15.4
58 2756 15.4
58 2757 15.4
58 2758 15.4
58 2759 15.4
58 2760 15.4
58 2761 15.4
58 2762 15.4
58 2763 15.4
58 2764 15.4
58 2765 15.4
58 2766 15.4
58 2767 15.4
58 2768 15.4
58 2769 15.4
58 2770 15.4
58 2771 15.4
58 2772 15.4
58 2773 15.4
58 2774 15.4
58 2775 15.4
58 2776 15.4
58 2777 15.4
58 2778 15.4
58 2779 15.4
58 2780 15.4
58 2781 15.4
58 2782 15.4
58 2783 15.4
59 2784 15.4
59 2785 15.4
59 2786 15.4
59 2787 15.4
59 2788 15.4
59 2789 15.4
59 2790 15.4
59 2791 15.4
59 2792 15.4
59 2793 15.4
59 2794 15.4
59 2795 15.4
59 2796 15.4
59 2797 15.4
59 2798 15.4
59 2799 15.4
59 2800 15.4
59 2801 15.4
59 2802 15.4
59 2803 15.4
59 2804 15.4
59 2805 15.4
59 2806 15.4
59 2807 15.4
59 2808 15.4
59 2809 15.4
59 2810 15.4
59 2811 15.4
59 2812 15.4
59 2813 15.4
59 2814 15.4
59 2815 15.4
59 2816 15.4
59 2817 15.4
59 2818 15.4
59 2819 15.4
59 2820 15.4
59 2821 15.4
59 2822 15.4
59 2823 15.4
59 2824 15.4
59 2825 15.4
59 2826 15.4
59 2827 15.4
59 2828 15.4
59 2829 15.4
59 2830 15.4
59 2831 15.4
59 2832 15.4
60 2833 15.4
60 2834 15.4
60 2835 15.4
60 2836 15.4
60 2837 15.4
60 2838 15.4
60 2839 15.4
60 2840 15.4
60 2841 15.4
60 2842 15.4
60 2843 15.4
60 2844 15.4
60 2845 15.4
60 2846 15.4
60 2847 15.4
60 2848 15.4
60 2849 15.4
60 2850 15.4
60 2851 15.4
60 2852 15.4
60 2853 15.4
60 2854 15.4
60 2855 15.4
60 2856 15.4
60 2857 15.4
60 2858 15.4
60 2859 15.4
60 2860 15.4
60 2861 15.4
60 2862 15.4
60 2863 15.4
60 2864 15.4
60 2865 15.4
60 2866 15.4
60 2867 15.4
60 2868 15.4
60 2869 15.4
60 2870 15.4
60 2871 15.4
60 2872 15.4
60 2873 15.4
60 2874 15.4
60 2875 15.4
60 2876 15.4
60 2877 15.4
60 2878 15.4
60 2879 15.4
60 2880 15.4
60 2881 15.4
60 2882 15.4
60 2883 15.4
60 2884 15.4
61 2885 15.4
61 2886 15.4
61 2887 15.4
61 2888 15.4
61 2889 15.4
61 2890 15.4
61 2891 15.4
61 2892 15.4
61 2893 15.4
61 2894 15.4
61 2895 15.4
61 2896 15.4
61 2897 15.4
61 2898 15.4
61 2899 15.4
61 2900 15.4
61 2901 15.4
61 2902 15.4
61 2903 15.4
61 2904 15.4
61 2905 15.4
61 2906 15.4
61 2907 15.4
61 2908 15.4
61 2909 15.4
61 2910 15.4
61 2911 15.4
61 2912 15.4
61 2913 15.4
61 2914 15.4
61 2915 15.4
61 2916 15.4
61 2917 15.4
61 2918 15.4
61 2919 15.4
61 2920 15.4
61 2921 15.4
61 2922 15.4
61 2923 15.4
61 2924 15.4
61 2925 15.4
61 2926 15.4
61 2927 15.4
61 2928 15.4
61 2929 15.4
61 2930 15.4
61 2931 15.4
61 2932 15.4
61 2933 15.4
61 2934 15.4
61 2935 15.4
61 2936 15.4
61 2937 15.4
61 2938 15.4
61 2939 15.4
62 2940 15.4
62 2941 15.4
62 2942 15.4
62 2943 15.4
62 2944 15.4
62 2945 15.4
62 2946 15.4
62 2947 15.4
62 2948 15.4
62 2949 15.4
62 2950 15.4
62 2951 15.4
62 2952 15.4
62 2953 15.4
62 2954 15.4
62 2955 15.4
62 2956 15.4
62 2957 15.4
62 2958 15.4
62 2959 15.4
62 2960 15.4
62 2961 15.4
62 2962 15.4
62 2963 15.4
62 2964 15.4
62 2965 15.4
62 2966 15.4
62 2967 15.4
62 2968 15.4
62 2969 15.4
62 2970 15.4
62 2971 15.4
62 2972 15.4
62 2973 15.4
62 2974 15.4
62 2975 15.4
62 2976 15.4
62 2977 15.4
62 2978 15.4
62 2979 15.4
62 2980 15.4
62 2981 15.4
62 2982 15.4
62 2983 15.4
62 2984 15.4
62 2985 15.4
62 2986 15.4
62 2987 15.4
62 2988 15.4
63 2989 15.4
63 2990 15.4
63 2991 15.4
63 2992 15.4
63 2993 15.4
63 2994 15.4
63 2995 15.4
63 2996 15.4
63 2997 15.4
63 2998 15.4
63 2999 15.4
63 3000 15.4
63 3001 15.4
63 3002 15.4
63 3003 15.4
63 3004 15.4
63 3005 15.4
63 3006 15.4
63 3007 15.4
63 3008 15.4
63 3009 15.4
63 3010 15.4
63 3011 15.4
63 3012 15.4
63 3013 15.4
63 3014 15.4
63 3015 15.4
63 3016 15.4
63 3017 15.4
63 3018 15.4
63 3019 15.4
63 3020 15.4
63 3021 15.4
63 3022 15.4
63 3023 15.4
63 3024 15.4
63 3025 15.4
63 3026 15.4
63 3027 15.4
63 3028 15.4
63 3029 15.4
63 3030 15.4
63 3031 15.4
63 3032 15.4
63 3033 15.4
63 3034 15.4
63 3035 15.4
63 3036 15.4
63 3037 15.4
63 3038 15.4
64 3039 15.4
64 3040 15.4
64 3041 15.4
64 3042 15.4
64 3043 15.4
64 3044 15.4
64 3045 15.4
64 3046 15.4
64 3047 15.4
64 3048 15.4
64 3049 15.4
64 3050 15.4
64 3051 15.4
64 3052 15.4
64 3053 15.4
64 3054 15.4
64 3055 15.4
64 3056 15.4
64 3057 15.4
64 3058 15.4
64 3059 15.4
64 3060 15.4
64 3061 15.4
64 3062 15.4
64 3063 15.4
64 3064 15.4
64 3065 15.4
64 3066 15.4
64 3067 15.4
64 3068 15.4
64 3069 15.4
64 3070 15.4
64 3071 15.4
64 3072 15.4
64 3073 15.4
64 3074 15.4
64 3075 15.4
64 3076 15.4
64 3077 15.4
64 3078 15.4
64 3079 15.4
64 3080 15.4
64 3081 15.4
64 3082 15.4
64 3083 15.4
64 3084 15.4
64 3085 15.4
64 3086 15.4
64 3087 15.4
64 3088 15.4
65 3089 15.4
65 3090 15.4
65 3091 15.4
65 3092 15.4
65 3093 15.4
65 3094 15.4
65 3095 15.4
65 3096 15.4
65 3097 15.4
65 3098 15.4
65 3099 15.4
65 3100 15.4
65 3101 15.4
65 3102 15.4
65 3103 15.4
65 3104 15.4
65 3105 15.4
65 3106 15.4
65 3107 15.4
65 3108 15.4
65 3109 15.4
65 3110 15.4
65 3111 15.4
65 3112 15.4
65 3113 15.4
65 3114 15.4
65 3115 15.4
65 3116 15.4
65 3117 15.4
65 3118 15.4
65 3119 15.4
65 3120 15.4
65 3121 15.4
65 3122 15.4
65 3123 15.4
65 3124 15.4
65 3125 15.4
65 3126 15.4
65 3127 15.4
65 3128 15.4
65 3129 15.4
65 3130 15.4
65 3131 15.4
65 3132 15.4
65 3133 15.4
65 3134 15.4
65 3135 15.4
65 3136 15.4
65 3137 15.4
65 3138 15.4
65 3139 15.4
65 3140 15.4
65 3141 15.4
66 3142 15.4
66 3143 15.4
66 3144 15.4
66 3145 15.4
66 3146 15.4
66 3147 15.4
66 3148 15.4
66 3149 15.4
66 3150 15.4
66 3151 15.4
66 3152 15.4
66 3153 15.4
66 3154 15.4
66 3155 15.4
66 3156 15.4
66 3157 15.4
66 3158 15.4
66 3159 15.4
66 3160 15.4
66 3161 15.4
66 3162 15.4
66 3163 15.4
66 3164 15.4
66 3165 15.4
66 3166 15.4
66 3167 15.4
66 3168 15.4
66 3169 15.4
66 3170 15.4
66 3171 15.4
66 3172 15.4
66 3173 15.4
66 3174 15.4
66 3175 15.4
66 3176 15.4
66 3177 15.4
66 3178 15.4
66 3179 15.4
66 3180 15.4
66 3181 15.4
66 3182 15.4
66 3183 15.4
66 3184 15.4
66 3185 15.4
66 3186 15.4
66 3187 15.4
66 3188 15.4
66 3189 15.4
66 3190 15.4
66 3191 15.4
67 3192 15.4
67 3193 15.4
67 3194 15.4
67 3195 15.4
67 3196 15.4
67 3197 15.4
67 3198 15.4
67 3199 15.4
67 3200 15.4
67 3201 15.4
67 3202 15.4
67 3203 15.4
67 3204 15.4
67 3205 15.4
67 3206 15.4
67 3207 15.4
67 3208 15.4
67 3209 15.4
67 3210 15.4
67 3211 15.4
67 3212 15.4
67 3213 15.4
67 3214 15.4
67 3215 15.4
67 3216 15.4
67 3217 15.4
67 3218 15.4
67 3219 15.4
67 3220 15.4
67 3221 15.4
67 3222 15.4
67 3223 15.4
67 3224 15.4
67 3225 15.4
67 3226 15.4
67 3227 15.4
67 3228 15.4
67 3229 15.4
67 3230 15.4
67 3231 15.4
67 3232 15.4
67 3233 15.4
67 3234 15.4
67 3235 15.4
67 3236 15.3
67 3237 15.3
67 3238 15.3
67 3239 15.3
67 3240 15.3
67 3241 15.3
67 3242 15.3
68 3243 15.3
68 3244 15.3
68 3245 15.3
68 3246 15.3
68 3247 15.3
68 3248 15.3
68 3249 15.3
68 3250 15.3
68 3251 15.3
68 3252 15.3
68 3253 15.3
68 3254 15.3
68 3255 15.3
68 3256 15.3
68 3257 15.3
68 3258 15.3
68 3259 15.3
68 3260 15.3
68 3261 15.3
68 3262 15.3
68 3263 15.3
68 3264 15.3
68 3265 15.3
68 3266 15.3
68 3267 15.3
68 3268 15.3
68 3269 15.3
68 3270 15.3
68 3271 15.3
68 3272 15.3
68 3273 15.3
68 3274 15.3
68 3275 15.3
68 3276 15.3
68 3277 15.3
68 3278 15.3
68 3279 15.3
68 3280 15.3
68 3281 15.3
68 3282 15.3
68 3283 15.3
68 3284 15.3
68 3285 15.3
68 3286 15.3
68 3287 15.3
68 3288 15.3
68 3289 15.3
68 3290 15.3
68 3291 15.3
69 3292 15.3
69 3293 15.3
69 3294 15.3
69 3295 15.3
69 3296 15.3
69 3297 15.3
69 3298 15.3
69 3299 15.3
69 3300 15.3
69 3301 15.3
69 3302 15.3
69 3303 15.3
69 3304 15.3
69 3305 15.3
69 3306 15.3
69 3307 15.3
69 3308 15.3
69 3309 15.3
69 3310 15.3
69 3311 15.3
69 3312 15.3
69 3313 15.3
69 3314 15.3
69 3315 15.3
69 3316 15.3
69 3317 15.3
69 3318 15.3
69 3319 15.3
69 3320 15.3
69 3321 15.3
69 3322 15.3
69 3323 15.3
69 3324 15.3
69 3325 15.3
69 3326 15.3
69 3327 15.3
69 3328 15.3
69 3329 15.3
69 3330 15.3
69 3331 15.3
69 3332 15.3
69 3333 15.3
69 3334 15.3
69 3335 15.3
69 3336 15.3
69 3337 15.3
69 3338 15.3
69 3339 15.3
70 3340 15.3
70 3341 15.3
70 3342 15.3
70 3343 15.3
70 3344 15.3
70 3345 15.3
70 3346 15.3
70 3347 15.3
70 3348 15.3
70 3349 15.3
70 3350 15.3
70 3351 15.3
70 3352 15.3
70 3353 15.3
70 3354 15.3
70 3355 15.3
70 3356 15.3
70 3357 15.3
70 3358 15.3
70 3359 15.3
70 3360 15.3
70 3361 15.3
70 3362 15.3
70 3363 15.3
70 3364 15.3
70 3365 15.3
70 3366 15.3
70 3367 15.3
70 3368 15.3
70 3369 15.3
70 3370 15.3
70 3371 15.3
70 3372 15.3
70 3373 15.3
70 3374 15.3
70 3375 15.3
70 3376 15.3
70 3377 15.3
70 3378 15.3
70 3379 15.3
70 3380 15.3
70 3381 15.3
70 3382 15.3
70 3383 15.3
70 3384 15.3
70 3385 15.3
70 3386 15.3
70 3387 15.3
70 3388 15.3
70 3389 15.3
71 3390 15.3
71 3391 15.3
71 3392 15.3
71 3393 15.3
71 3394 15.3
71 3395 15.3
71 3396 15.1
71 3397 15.1
71 3398 15.1
71 3399 15.1
71 3400 15.1
71 3401 15.1
71 3402 15.1
71 3403 15.1
71 3404 15.1
71 3405 15.1
71 3406 15.0
71 3407 15.0
71 3408 15.0
71 3409 15.0
71 3410 15.0
71 3411 15.0
71 3412 15.0
71 3413 15.0
71 3414 15.0
71 3415 15.0
71 3416 15.0
71 3417 15.0
71 3418 15.0
71 3419 15.0
71 3420 15.0
71 3421 15.0
71 3422 15.0
71 3423 15.0
71 3424 15.0
71 3425 15.0
71 3426 15.0
71 3427 15.0
71 3428 15.0
71 3429 15.0
71 3430 15.0
71 3431 15.0
71 3432 15.0
71 3433 15.0
71 3434 15.0
71 3435 15.0
71 3436 15.0
71 3437 15.0
71 3438 15.0
71 3439 15.0
72 3440 15.0
72 3441 15.0
72 3442 15.0
72 3443 15.0
72 3444 15.0
72 3445 15.0
72 3446 15.0
72 3447 15.0
72 3448 15.0
72 3449 15.0
72 3450 15.0
72 3451 15.0
72 3452 15.0
72 3453 15.0
72 3454 15.0
72 3455 15.0
72 3456 15.0
72 3457 15.0
72 3458 15.0
72 3459 15.0
72 3460 15.0
72 3461 15.0
72 3462 15.0
72 3463 15.0
72 3464 15.0
72 3465 15.0
72 3466 15.0
72 3467 15.0
72 3468 15.0
72 3469 15.0
72 3470 15.0
72 3471 15.0
72 3472 15.0
72 3473 15.0
72 3474 15.0
72 3475 15.0
72 3476 15.0
72 3477 15.0
72 3478 15.0
72 3479 15.0
72 3480 15.0
72 3481 15.0
72 3482 15.0
72 3483 15.0
72 3484 15.0
72 3485 15.0
72 3486 15.0
72 3487 15.0
72 3488 15.0
73 3489 15.0
73 3490 15.0
73 3491 15.0
73 3492 15.0
73 3493 15.0
73 3494 15.0
73 3495 15.0
73 3496 15.0
73 3497 15.0
73 3498 15.0
73 3499 15.0
73 3500 15.0
73 3501 15.0
73 3502 15.0
73 3503 15.0
73 3504 15.0
73 3505 15.0
73 3506 15.0
73 3507 15.0
73 3508 15.0
73 3509 15.0
73 3510 15.0
73 3511 15.0
73 3512 15.0
73 3513 15.0
73 3514 15.0
73 3515 15.0
73 3516 15.0
73 3517 15.0
73 3518 15.0
73 3519 15.0
73 3520 15.0
73 3521 15.0
73 3522 15.0
73 3523 15.0
73 3524 15.0
73 3525 15.0
73 3526 15.0
73 3527 15.0
73 3528 15.0
73 3529 15.0
73 3530 15.0
73 3531 15.0
73 3532 15.0
73 3533 15.0
73 3534 15.0
73 3535 15.0
73 3536 15.0
73 3537 15.0
73 3538 15.0
74 3539 15.0
74 3540 15.0
74 3541 15.0
74 3542 15.0
74 3543 15.0
74 3544 15.0
74 3545 15.0
74 3546 15.0
74 3547 15.0
74 3548 15.0
74 3549 15.0
74 3550 15.0
74 3551 15.0
74 3552 15.0
74 3553 15.0
74 3554 15.0
74 3555 15.0
74 3556 15.0
74 3557 15.0
74 3558 15.0
74 3559 15.0
74 3560 15.0
74 3561 15.0
74 3562 15.0
74 3563 15.0
74 3564 15.0
74 3565 15.0
74 3566 15.0
74 3567 15.0
74 3568 15.0
74 3569 15.0
74 3570 15.0
74 3571 15.0
74 3572 15.0
74 3573 15.0
74 3574 15.0
74 3575 14.8
74 3576 14.8
74 3577 14.8
74 3578 14.8
74 3579 14.6
74 3580 14.6
74 3581 14.6
74 3582 14.6
74 3583 14.6
74 3584 14.6
74 3585 14.6
74 3586 14.6
74 3587 14.6
74 3588 14.6
75 3589 14.6
75 3590 14.6
75 3591 14.6
75 3592 14.6
75 3593 14.6
75 3594 14.6
75 3595 14.6
75 3596 14.6
75 3597 14.6
75 3598 14.6
75 3599 14.6
75 3600 14.6
75 3601 14.6
75 3602 14.6
75 3603 14.6
75 3604 14.6
75 3605 14.6
75 3606 14.6
75 3607 14.6
75 3608 14.6
75 3609 14.6
75 3610 14.6
75 3611 14.6
75 3612 14.6
75 3613 14.6
75 3614 14.6
75 3615 14.6
75 3616 14.6
75 3617 14.6
75 3618 14.6
75 3619 14.6
75 3620 14.6
75 3621 14.6
75 3622 14.6
75 3623 14.6
75 3624 14.6
75 3625 14.6
75 3626 14.6
75 3627 14.6
75 3628 14.6
75 3629 14.6
75 3630 14.6
75 3631 14.6
75 3632 14.6
75 3633 14.6
75 3634 14.6
75 3635 14.6
75 3636 14.6
75 3637 14.6
75 3638 14.6
75 3639 14.6
75 3640 14.6
75 3641 14.6
76 3642 14.6
76 3643 14.6
76 3644 14.6
76 3645 14.6
76 3646 14.6
76 3647 14.6
76 3648 14.6
76 3649 14.6
76 3650 14.6
76 3651 14.6
76 3652 14.6
76 3653 14.6
76 3654 14.6
76 3655 14.6
76 3656 14.6
76 3657 14.6
76 3658 14.6
76 3659 14.6
76 3660 14.6
76 3661 14.6
76 3662 14.6
76 3663 14.6
76 3664 14.6
76 3665 14.6
76 3666 14.6
76 3667 14.6
76 3668 14.6
76 3669 14.6
76 3670 14.6
76 3671 14.6
76 3672 14.6
76 3673 14.6
76 3674 14.6
76 3675 14.6
76 3676 14.6
76 3677 14.6
76 3678 14.6
76 3679 14.6
76 3680 14.6
76 3681 14.6
76 3682 14.6
76 3683 14.6
76 3684 14.6
76 3685 14.6
76 3686 14.6
76 3687 14.6
76 3688 14.6
76 3689 14.6
76 3690 14.6
76 3691 14.6
76 3692 14.6
77 3693 14.6
77 3694 14.6
77 3695 14.6
77 3696 14.6
77 3697 14.6
77 3698 14.6
77 3699 14.6
77 3700 14.6
77 3701 14.6
77 3702 14.6
77 3703 14.6
77 3704 14.6
77 3705 14.6
77 3706 14.6
77 3707 14.6
77 3708 14.6
77 3709 14.6
77 3710 14.6
77 3711 14.6
77 3712 14.6
77 3713 14.6
77 3714 14.6
77 3715 14.6
77 3716 14.6
77 3717 14.6
77 3718 14.6
77 3719 14.6
77 3720 14.6
77 3721 14.6
77 3722 14.6
77 3723 14.6
77 3724 14.6
77 3725 14.6
77 3726 14.6
77 3727 14.6
77 3728 14.6
77 3729 14.6
77 3730 14.6
77 3731 14.6
77 3732 14.6
77 3733 14.6
77 3734 14.6
77 3735 14.6
77 3736 14.6
77 3737 14.6
77 3738 14.6
77 3739 14.6
77 3740 14.6
77 3741 14.6
77 3742 14.6
77 3743 14.6
77 3744 14.6
77 3745 14.6
78 3746 14.6
78 3747 14.6
78 3748 14.6
78 3749 14.6
78 3750 14.6
78 3751 14.6
78 3752 14.6
78 3753 14.6
78 3754 14.6
78 3755 14.6
78 3756 14.6
78 3757 14.6
78 3758 14.6
78 3759 14.6
78 3760 14.6
78 3761 14.6
78 3762 14.6
78 3763 14.6
78 3764 14.6
78 3765 14.6
78 3766 14.6
78 3767 14.6
78 3768 14.6
78 3769 14.6
78 3770 14.6
78 3771 14.6
78 3772 14.6
78 3773 14.6
78 3774 14.6
78 3775 14.6
78 3776 14.6
78 3777 14.6
78 3778 14.6
78 3779 14.6
78 3780 14.6
78 3781 14.6
78 3782 14.6
78 3783 14.6
78 3784 14.6
78 3785 14.6
78 3786 14.6
78 3787 14.6
78 3788 14.6
78 3789 14.6
78 3790 14.6
78 3791 14.6
78 3792 14.6
78 3793 14.6
78 3794 14.6
78 3795 14.6
78 3796 14.6
78 3797 14.6
79 3798 14.6
79 3799 14.6
79 3800 14.6
79 3801 14.6
79 3802 14.6
79 3803 14.6
79 3804 14.6
79 3805 14.6
79 3806 14.6
79 3807 14.6
79 3808 14.6
79 3809 14.6
79 3810 14.6
79 3811 14.6
79 3812 14.6
79 3813 14.6
79 3814 14.6
79 3815 14.6
79 3816 14.6
79 3817 14.6
79 3818 14.6
79 3819 14.6
79 3820 14.6
79 3821 14.6
79 3822 14.6
79 3823 14.6
79 3824 14.6
79 3825 14.6
79 3826 14.6
79 3827 14.6
79 3828 14.6
79 3829 14.6
79 3830 14.6
79 3831 14.6
79 3832 14.6
79 3833 14.6
79 3834 14.6
79 3835 14.6
79 3836 14.6
79 3837 14.6
79 3838 14.6
79 3839 14.6
79 3840 14.6
79 3841 14.6
79 3842 14.6
79 3843 14.6
79 3844 14.6
79 3845 14.6
79 3846 14.6
79 3847 14.6
79 3848 14.6
79 3849 14.6
80 3850 14.6
80 3851 14.6
80 3852 14.6
80 3853 14.6
80 3854 14.6
80 3855 14.4
80 3856 14.4
80 3857 14.4
80 3858 14.4
80 3859 14.4
80 3860 14.4
80 3861 14.4
80 3862 14.4
80 3863 14.4
80 3864 14.4
80 3865 14.4
80 3866 14.4
80 3867 14.4
80 3868 14.4
80 3869 14.4
80 3870 14.4
80 3871 14.4
80 3872 14.4
80 3873 14.4
80 3874 14.4
80 3875 14.4
80 3876 14.4
80 3877 14.4
80 3878 14.4
80 3879 14.4
80 3880 14.4
80 3881 14.4
80 3882 14.4
80 3883 14.4
80 3884 14.4
80 3885 14.4
80 3886 14.4
80 3887 14.4
80 3888 14.4
80 3889 14.4
80 3890 14.4
80 3891 14.4
80 3892 14.4
80 3893 14.4
80 3894 14.4
80 3895 14.4
80 3896 14.4
80 3897 14.4
80 3898 14.4
81 3899 14.4
81 3900 14.4
81 3901 14.4
81 3902 14.4
81 3903 14.4
81 3904 14.4
81 3905 14.4
81 3906 14.4
81 3907 14.4
81 3908 14.4
81 3909 14.4
81 3910 14.4
81 3911 14.4
81 3912 14.4
81 3913 14.4
81 3914 14.4
81 3915 14.4
81 3916 14.4
81 3917 14.4
81 3918 14.4
81 3919 14.4
81 3920 14.4
81 3921 14.4
81 3922 14.4
81 3923 14.4
81 3924 14.4
81 3925 14.4
81 3926 14.4
81 3927 14.4
81 3928 14.4
81 3929 14.4
81 3930 14.4
81 3931 14.4
81 3932 14.4
81 3933 14.4
81 3934 14.4
81 3935 14.4
81 3936 14.4
81 3937 14.4
81 3938 14.4
81 3939 14.4
81 3940 14.4
81 3941 14.4
81 3942 14.4
81 3943 14.4
81 3944 14.4
81 3945 14.4
81 3946 14.4
81 3947 14.4
81 3948 14.4
82 3949 14.4
82 3950 14.4
82 3951 14.4
82 3952 14.4
82 3953 14.4
82 3954 14.4
82 3955 14.4
82 3956 14.4
82 3957 14.4
82 3958 14.4
82 3959 14.4
82 3960 14.4
82 3961 14.4
82 3962 14.4
82 3963 14.4
82 3964 14.4
82 3965 14.4
82 3966 14.4
82 3967 14.4
82 3968 14.4
82 3969 14.4
82 3970 14.4
82 3971 14.4
82 3972 14.4
82 3973 14.4
82 3974 14.4
82 3975 14.4
82 3976 14.4
82 3977 14.4
82 3978 14.4
82 3979 14.4
82 3980 14.4
82 3981 14.4
82 3982 14.4
82 3983 14.4
82 3984 14.4
82 3985 14.4
82 3986 14.4
82 3987 14.4
82 3988 14.4
82 3989 14.4
82 3990 14.4
82 3991 14.4
82 3992 14.4
82 3993 14.4
82 3994 14.4
82 3995 14.4
82 3996 14.4
82 3997 14.4
83 3998 14.4
83 3999 14.4
83 4000 14.4
83 4001 14.4
83 4002 14.4
83 4003 14.4
83 4004 14.4
83 4005 14.4
83 4006 14.4
83 4007 14.4
83 4008 14.4
83 4009 14.4
83 4010 14.4
83 4011 14.4
83 4012 14.4
83 4013 14.4
83 4014 14.4
83 4015 14.4
83 4016 14.4
83 4017 14.4
83 4018 14.4
83 4019 14.4
83 4020 14.4
83 4021 14.4
83 4022 14.4
83 4023 14.4
83 4024 14.4
83 4025 14.4
83 4026 14.4
83 4027 14.4
83 4028 14.4
83 4029 14.4
83 4030 14.4
83 4031 14.4
83 4032 14.4
83 4033 14.4
83 4034 14.4
83 4035 14.4
83 4036 14.4
83 4037 14.4
83 4038 14.4
83 4039 14.4
83 4040 14.4
83 4041 14.4
83 4042 14.4
83 4043 14.4
83 4044 14.4
83 4045 14.4
83 4046 14.4
83 4047 14.4
83 4048 14.4
84 4049 14.4
84 4050 14.4
84 4051 14.4
84 4052 14.4
84 4053 14.4
84 4054 14.4
84 4055 14.4
84 4056 14.4
84 4057 14.4
84 4058 14.4
84 4059 14.4
84 4060 14.4
84 4061 14.4
84 4062 14.4
84 4063 14.4
84 4064 14.4
84 4065 14.4
84 4066 14.4
84 4067 14.4
84 4068 14.4
84 4069 14.4
84 4070 14.4
84 4071 14.4
84 4072 14.4
84 4073 14.4
84 4074 14.4
84 4075 14.4
84 4076 14.4
84 4077 14.4
84 4078 14.4
84 4079 14.4
84 4080 14.4
84 4081 14.4
84 4082 14.4
84 4083 14.4
84 4084 14.4
84 4085 14.4
84 4086 14.4
84 4087 14.4
84 4088 14.4
84 4089 14.4
84 4090 14.4
84 4091 14.4
84 4092 14.4
84 4093 14.4
84 4094 14.4
84 4095 14.4
84 4096 14.4
84 4097 14.4
85 4098 14.4
85 4099 14.4
85 4100 14.4
85 4101 14.4
85 4102 14.4
85 4103 14.4
85 4104 14.4
85 4105 14.4
85 4106 14.4
85 4107 14.4
85 4108 14.4
85 4109 14.4
85 4110 14.4
85 4111 14.4
85 4112 14.4
85 4113 14.4
85 4114 14.4
85 4115 14.4
85 4116 14.4
85 4117 14.4
85 4118 14.4
85 4119 14.4
85 4120 14.4
85 4121 14.4
85 4122 14.4
85 4123 14.4
85 4124 14.4
85 4125 14.4
85 4126 14.4
85 4127 14.4
85 4128 14.4
85 4129 14.4
85 4130 14.4
85 4131 14.4
85 4132 14.4
85 4133 14.4
85 4134 14.4
85 4135 14.4
85 4136 14.4
85 4137 14.4
85 4138 14.4
85 4139 14.4
85 4140 14.4
85 4141 14.4
85 4142 14.4
85 4143 14.4
85 4144 14.4
85 4145 14.4
85 4146 14.4
85 4147 14.4
85 4148 14.4
86 4149 14.4
86 4150 14.4
86 4151 14.4
86 4152 14.4
86 4153 14.4
86 4154 14.4
86 4155 14.4
86 4156 14.4
86 4157 14.4
86 4158 14.4
86 4159 14.4
86 4160 14.4
86 4161 14.4
86 4162 14.4
86 4163 14.4
86 4164 14.4
86 4165 14.4
86 4166 14.4
86 4167 14.4
86 4168 14.4
86 4169 14.4
86 4170 14.4
86 4171 14.4
86 4172 14.4
86 4173 14.4
86 4174 14.4
86 4175 14.4
86 4176 14.4
86 4177 14.4
86 4178 14.4
86 4179 14.4
86 4180 14.4
86 4181 14.4
86 4182 14.4
86 4183 14.4
86 4184 14.4
86 4185 14.4
86 4186 14.4
86 4187 14.4
86 4188 14.4
86 4189 14.4
86 4190 14.4
86 4191 14.4
86 4192 14.4
86 4193 14.4
86 4194 14.4
86 4195 14.4
86 4196 14.4
86 4197 14.4
86 4198 14.4
86 4199 14.4
86 4200 14.4
87 4201 14.4
87 4202 14.4
87 4203 14.4
87 4204 14.4
87 4205 14.4
87 4206 14.4
87 4207 14.4
87 4208 14.4
87 4209 14.4
87 4210 14.4
87 4211 14.4
87 4212 14.4
87 4213 14.4
87 4214 14.4
87 4215 14.4
87 4216 14.4
87 4217 14.4
87 4218 14.4
87 4219 14.4
87 4220 14.4
87 4221 14.4
87 4222 14.4
87 4223 14.4
87 4224 14.4
87 4225 14.4
87 4226 14.4
87 4227 14.4
87 4228 14.4
87 4229 14.4
87 4230 14.4
87 4231 14.4
87 4232 14.4
87 4233 14.4
87 4234 14.4
87 4235 14.4
87 4236 14.4
87 4237 14.4
87 4238 14.4
87 4239 14.4
87 4240 14.4
87 4241 14.4
87 4242 14.4
87 4243 14.4
87 4244 14.4
87 4245 14.4
87 4246 14.4
87 4247 14.4
87 4248 14.4
87 4249 14.4
87 4250 14.4
87 4251 14.4
87 4252 14.4
87 4253 14.4
88 4254 14.4
88 4255 14.4
88 4256 14.4
88 4257 14.4
88 4258 14.4
88 4259 14.4
88 4260 14.4
88 4261 14.4
88 4262 14.4
88 4263 14.4
88 4264 14.4
88 4265 14.4
88 4266 14.4
88 4267 14.4
88 4268 14.4
88 4269 14.4
88 4270 14.4
88 4271 14.4
88 4272 14.4
88 4273 14.4
88 4274 14.4
88 4275 14.4
88 4276 14.4
88 4277 14.4
88 4278 14.4
88 4279 14.4
88 4280 14.4
88 4281 14.4
88 4282 14.4
88 4283 14.4
88 4284 14.4
88 4285 14.4
88 4286 14.4
88 4287 14.4
88 4288 14.4
88 4289 14.4
88 4290 14.4
88 4291 14.4
88 4292 14.4
88 4293 14.4
88 4294 14.4
88 4295 14.4
88 4296 14.4
88 4297 14.4
88 4298 14.4
88 4299 14.4
88 4300 14.4
88 4301 14.4
88 4302 14.4
88 4303 14.4
88 4304 14.4
88 4305 14.4
88 4306 14.4
89 4307 14.4
89 4308 14.4
89 4309 14.4
89 4310 14.4
89 4311 14.4
89 4312 14.4
89 4313 14.4
89 4314 14.4
89 4315 14.4
89 4316 14.4
89 4317 14.4
89 4318 14.4
89 4319 14.4
89 4320 14.4
89 4321 14.4
89 4322 14.4
89 4323 14.4
89 4324 14.4
89 4325 14.4
89 4326 14.4
89 4327 14.4
89 4328 14.4
89 4329 14.4
89 4330 14.4
89 4331 14.4
89 4332 14.4
89 4333 14.4
89 4334 14.4
89 4335 14.4
89 4336 14.4
89 4337 14.4
89 4338 14.4
89 4339 14.4
89 4340 14.4
89 4341 14.4
89 4342 14.4
89 4343 14.4
89 4344 14.4
89 4345 14.4
89 4346 14.4
89 4347 14.4
89 4348 14.4
89 4349 14.4
89 4350 14.4
89 4351 14.4
89 4352 14.4
89 4353 14.4
89 4354 14.4
89 4355 14.4
89 4356 14.4
89 4357 14.4
90 4358 14.4
90 4359 14.4
90 4360 14.4
90 4361 14.4
90 4362 14.4
90 4363 14.4
90 4364 14.4
90 4365 14.4
90 4366 14.4
90 4367 14.4
90 4368 14.4
90 4369 14.4
90 4370 14.4
90 4371 14.4
90 4372 14.4
90 4373 14.4
90 4374 14.4
90 4375 14.4
90 4376 14.4
90 4377 14.4
90 4378 14.4
90 4379 14.4
90 4380 14.4
90 4381 14.4
90 4382 14.4
90 4383 14.4
90 4384 14.4
90 4385 14.4
90 4386 14.4
90 4387 14.4
90 4388 14.4
90 4389 14.4
90 4390 14.4
90 4391 14.4
90 4392 14.4
90 4393 14.4
90 4394 14.4
90 4395 14.4
90 4396 14.4
90 4397 14.4
90 4398 14.4
90 4399 14.4
90 4400 14.4
90 4401 14.4
90 4402 14.4
90 4403 14.4
90 4404 14.4
90 4405 14.4
91 4406 14.4
91 4407 14.4
91 4408 14.4
91 4409 14.4
91 4410 14.4
91 4411 14.4
91 4412 14.4
91 4413 14.4
91 4414 14.4
91 4415 14.4
91 4416 14.4
91 4417 14.4
91 4418 14.4
91 4419 14.4
91 4420 14.4
91 4421 14.4
91 4422 14.4
91 4423 14.4
91 4424 14.4
91 4425 14.4
91 4426 14.4
91 4427 14.4
91 4428 14.4
91 4429 14.4
91 4430 14.4
91 4431 14.4
91 4432 14.4
91 4433 14.4
91 4434 14.4
91 4435 14.4
91 4436 14.4
91 4437 14.4
91 4438 14.4
91 4439 14.4
91 4440 14.4
91 4441 14.4
91 4442 14.4
91 4443 14.4
91 4444 14.4
91 4445 14.4
91 4446 14.4
91 4447 14.4
91 4448 14.4
91 4449 14.4
91 4450 14.4
91 4451 14.4
91 4452 14.4
91 4453 14.4
91 4454 14.4
91 4455 14.4
92 4456 14.4
92 4457 14.4
92 4458 14.4
92 4459 14.4
92 4460 14.4
92 4461 14.4
92 4462 14.4
92 4463 14.4
92 4464 14.4
92 4465 14.4
92 4466 14.4
92 4467 14.4
92 4468 14.4
92 4469 14.4
92 4470 14.4
92 4471 14.4
92 4472 14.4
92 4473 14.4
92 4474 14.4
92 4475 14.4
92 4476 14.4
92 4477 14.4
92 4478 14.4
92 4479 14.4
92 4480 14.4
92 4481 14.4
92 4482 14.4
92 4483 14.4
92 4484 14.4
92 4485 14.4
92 4486 14.4
92 4487 14.4
92 4488 14.4
92 4489 14.4
92 4490 14.4
92 4491 14.4
92 4492 14.4
92 4493 14.4
92 4494 14.4
92 4495 14.4
92 4496 14.4
92 4497 14.4
92 4498 14.4
92 4499 14.4
92 4500 14.4
92 4501 14.4
92 4502 14.4
92 4503 14.4
92 4504 14.4
92 4505 14.4
92 4506 14.4
92 4507 14.4
93 4508 14.4
93 4509 14.4
93 4510 14.4
93 4511 14.4
93 4512 14.4
93 4513 14.4
93 4514 14.4
93 4515 14.4
93 4516 14.4
93 4517 14.4
93 4518 14.4
93 4519 14.4
93 4520 14.4
93 4521 14.4
93 4522 14.4
93 4523 14.4
93 4524 14.4
93 4525 14.4
93 4526 14.4
93 4527 14.4
93 4528 14.4
93 4529 14.4
93 4530 14.4
93 4531 14.4
93 4532 14.4
93 4533 14.4
93 4534 14.4
93 4535 14.4
93 4536 14.4
93 4537 14.4
93 4538 14.4
93 4539 14.4
93 4540 14.4
93 4541 14.4
93 4542 14.4
93 4543 14.4
93 4544 14.4
93 4545 14.4
93 4546 14.4
93 4547 14.4
93 4548 14.4
93 4549 14.4
93 4550 14.4
93 4551 14.4
93 4552 14.4
93 4553 14.4
93 4554 14.4
93 4555 14.4
93 4556 14.4
93 4557 14.4
93 4558 14.4
93 4559 14.4
93 4560 14.4
93 4561 14.4
94 4562 14.4
94 4563 14.4
94 4564 14.4
94 4565 14.4
94 4566 14.4
94 4567 14.4
94 4568 14.4
94 4569 14.4
94 4570 14.4
94 4571 14.4
94 4572 14.4
94 4573 14.4
94 4574 14.4
94 4575 14.4
94 4576 14.4
94 4577 14.4
94 4578 14.4
94 4579 14.4
94 4580 14.4
94 4581 14.4
94 4582 14.4
94 4583 14.4
94 4584 14.4
94 4585 14.4
94 4586 14.4
94 4587 14.4
94 4588 14.4
94 4589 14.4
94 4590 14.4
94 4591 14.4
94 4592 14.4
94 4593 14.4
94 4594 14.4
94 4595 14.4
94 4596 14.4
94 4597 14.4
94 4598 14.4
94 4599 14.4
94 4600 14.4
94 4601 14.4
94 4602 14.4
94 4603 14.4
94 4604 14.4
94 4605 14.4
94 4606 14.4
94 4607 14.4
94 4608 14.4
94 4609 14.4
94 4610 14.4
94 4611 14.4
94 4612 14.4
94 4613 14.4
94 4614 14.4
94 4615 14.4
95 4616 14.4
95 4617 14.4
95 4618 14.4
95 4619 14.4
95 4620 14.4
95 4621 14.4
95 4622 14.4
95 4623 14.4
95 4624 14.4
95 4625 14.4
95 4626 14.4
95 4627 14.4
95 4628 14.4
95 4629 14.4
95 4630 14.4
95 4631 14.4
95 4632 14.4
95 4633 14.4
95 4634 14.4
95 4635 14.4
95 4636 14.4
95 4637 14.4
95 4638 14.4
95 4639 14.4
95 4640 14.4
95 4641 14.4
95 4642 14.4
95 4643 14.4
95 4644 14.4
95 4645 14.4
95 4646 14.4
95 4647 14.4
95 4648 14.4
95 4649 14.4
95 4650 14.4
95 4651 14.4
95 4652 14.4
95 4653 14.4
95 4654 14.4
95 4655 14.4
95 4656 14.4
95 4657 14.4
95 4658 14.4
95 4659 14.4
95 4660 14.4
95 4661 14.4
95 4662 14.4
95 4663 14.4
95 4664 14.4
96 4665 14.4
96 4666 14.4
96 4667 14.4
96 4668 14.4
96 4669 14.4
96 4670 14.4
96 4671 14.4
96 4672 14.4
96 4673 14.4
96 4674 14.4
96 4675 14.4
96 4676 14.4
96 4677 14.4
96 4678 14.4
96 4679 14.4
96 4680 14.4
96 4681 14.4
96 4682 14.4
96 4683 14.4
96 4684 14.4
96 4685 14.4
96 4686 14.4
96 4687 14.4
96 4688 14.4
96 4689 14.4
96 4690 14.4
96 4691 14.4
96 4692 14.4
96 4693 14.4
96 4694 14.4
96 4695 14.4
96 4696 14.4
96 4697 14.4
96 4698 14.4
96 4699 14.4
96 4700 14.4
96 4701 14.4
96 4702 14.4
96 4703 14.4
96 4704 14.4
96 4705 14.4
96 4706 14.4
96 4707 14.4
96 4708 14.4
96 4709 14.4
96 4710 14.4
96 4711 14.4
96 4712 14.4
96 4713 14.4
96 4714 14.4
96 4715 14.4
97 4716 14.4
97 4717 14.4
97 4718 14.4
97 4719 14.4
97 4720 14.4
97 4721 14.4
97 4722 14.4
97 4723 14.4
97 4724 14.4
97 4725 14.4
97 4726 14.4
97 4727 14.4
97 4728 14.4
97 4729 14.4
97 4730 14.4
97 4731 14.4
97 4732 14.4
97 4733 14.4
97 4734 14.4
97 4735 14.4
97 4736 14.4
97 4737 14.4
97 4738 14.4
97 4739 14.4
97 4740 14.4
97 4741 14.4
97 4742 14.4
97 4743 14.4
97 4744 14.4
97 4745 14.4
97 4746 14.4
97 4747 14.4
97 4748 14.4
97 4749 14.4
97 4750 14.4
97 4751 14.4
97 4752 14.4
97 4753 14.4
97 4754 14.4
97 4755 14.4
97 4756 14.4
97 4757 14.4
97 4758 14.4
97 4759 14.4
97 4760 14.4
97 4761 14.4
97 4762 14.4
97 4763 14.4
97 4764 14.4
97 4765 14.4
97 4766 14.4
97 4767 14.4
97 4768 14.4
98 4769 14.4
98 4770 14.4
98 4771 14.4
98 4772 14.4
98 4773 14.4
98 4774 14.4
98 4775 14.4
98 4776 14.4
98 4777 14.4
98 4778 14.4
98 4779 14.4
98 4780 14.4
98 4781 14.4
98 4782 14.4
98 4783 14.4
98 4784 14.4
98 4785 14.4
98 4786 14.4
98 4787 14.4
98 4788 14.4
98 4789 14.4
98 4790 14.4
98 4791 14.4
98 4792 14.4
98 4793 14.4
98 4794 14.4
98 4795 14.4
98 4796 14.4
98 4797 14.4
98 4798 14.4
98 4799 14.4
98 4800 14.4
98 4801 14.4
98 4802 14.4
98 4803 14.4
98 4804 14.4
98 4805 14.4
98 4806 14.4
98 4807 14.4
98 4808 14.4
98 4809 14.4
98 4810 14.4
98 4811 14.4
98 4812 14.4
98 4813 14.4
98 4814 14.4
98 4815 14.4
98 4816 14.4
98 4817 14.4
98 4818 14.4
98 4819 14.4
98 4820 14.4
98 4821 14.4
99 4822 14.4
99 4823 14.4
99 4824 14.4
99 4825 14.4
99 4826 14.4
99 4827 14.4
99 4828 14.4
99 4829 14.4
99 4830 14.4
99 4831 14.4
99 4832 14.4
99 4833 14.4
99 4834 14.4
99 4835 14.4
99 4836 14.4
99 4837 14.4
99 4838 14.4
99 4839 14.4
99 4840 14.4
99 4841 14.4
99 4842 14.4
99 4843 14.4
99 4844 14.4
99 4845 14.4
99 4846 14.4
99 4847 14.4
99 4848 14.4
99 4849 14.4
99 4850 14.4
99 4851 14.4
99 4852 14.4
99 4853 14.4
99 4854 14.4
99 4855 14.4
99 4856 14.4
99 4857 14.4
99 4858 14.4
99 4859 14.4
99 4860 14.4
99 4861 14.4
99 4862 14.4
99 4863 14.4
99 4864 14.4
99 4865 14.4
99 4866 14.4
99 4867 14.4
99 4868 14.4
99 4869 14.4
99 4870 14.4
99 4871 14.4
99 4872 14.4
100 4873 14.4
100 4874 14.4
100 4875 14.4
100 4876 14.4
100 4877 14.4
100 4878 14.4
100 4879 14.4
100 4880 14.4
100 4881 14.4
100 4882 14.4
100 4883 14.4
100 4884 14.4
100 4885 14.4
100 4886 14.4
100 4887 14.4
100 4888 14.4
100 4889 14.4
100 4890 14.4
100 4891 14.4
100 4892 14.4
100 4893 14.4
100 4894 14.4
100 4895 14.4
100 4896 14.4
100 4897 14.4
100 4898 14.4
100 4899 14.4
100 4900 14.4
100 4901 14.4
100 4902 14.4
100 4903 14.4
100 4904 14.4
100 4905 14.4
100 4906 14.4
100 4907 14.4
100 4908 14.4
100 4909 14.4
100 4910 14.4
100 4911 14.4
100 4912 14.4
100 4913 14.4
100 4914 14.4
100 4915 14.4
100 4916 14.4
100 4917 14.4
100 4918 14.4
100 4919 14.4
101 4920 14.4
101 4921 14.4
101 4922 14.4
101 4923 14.4
101 4924 14.4
101 4925 14.4
101 4926 14.4
101 4927 14.4
101 4928 14.4
101 4929 14.4
101 4930 14.4
101 4931 14.4
101 4932 14.4
101 4933 14.4
101 4934 14.4
101 4935 14.4
101 4936 14.4
101 4937 14.4
101 4938 14.4
101 4939 14.4
101 4940 14.4
101 4941 14.4
101 4942 14.4
101 4943 14.4
101 4944 14.4
101 4945 14.4
101 4946 14.4
101 4947 14.4
101 4948 14.4
101 4949 14.4
101 4950 14.4
101 4951 14.4
101 4952 14.4
101 4953 14.4
101 4954 14.4
101 4955 14.4
101 4956 14.4
101 4957 14.4
101 4958 14.4
101 4959 14.4
101 4960 14.4
101 4961 14.4
101 4962 14.4
101 4963 14.4
101 4964 14.4
101 4965 14.4
101 4966 14.4
101 4967 14.4
101 4968 14.4
101 4969 14.4
101 4970 14.4
101 4971 14.4
101 4972 14.4
102 4973 14.4
102 4974 14.4
102 4975 14.4
102 4976 14.4
102 4977 14.4
102 4978 14.4
102 4979 14.4
102 4980 14.4
102 4981 14.4
102 4982 14.4
102 4983 14.4
102 4984 14.4
102 4985 14.4
102 4986 14.4
102 4987 14.4
102 4988 14.4
102 4989 14.4
102 4990 14.4
102 4991 14.4
102 4992 14.4
102 4993 14.4
102 4994 14.4
102 4995 14.4
102 4996 14.4
102 4997 14.4
102 4998 14.4
102 4999 14.4
102 5000 14.4
102 5001 14.4
102 5002 14.4
102 5003 14.4
102 5004 14.4
102 5005 14.4
102 5006 14.4
102 5007 14.4
102 5008 14.4
102 5009 14.4
102 5010 14.4
102 5011 14.4
102 5012 14.4
102 5013 14.4
102 5014 14.4
102 5015 14.4
102 5016 14.4
102 5017 14.4
102 5018 14.4
102 5019 14.4
102 5020 14.4
102 5021 14.4
102 5022 14.4
103 5023 14.4
103 5024 14.4
103 5025 14.4
103 5026 14.4
103 5027 14.4
103 5028 14.4
103 5029 14.4
103 5030 14.4
103 5031 14.4
103 5032 14.4
103 5033 14.4
103 5034 14.4
103 5035 14.4
103 5036 14.4
103 5037 14.4
103 5038 14.4
103 5039 14.4
103 5040 14.4
103 5041 14.4
103 5042 14.4
103 5043 14.4
103 5044 14.4
103 5045 14.4
103 5046 14.4
103 5047 14.4
103 5048 14.4
103 5049 14.4
103 5050 14.4
103 5051 14.4
103 5052 14.4
103 5053 14.4
103 5054 14.4
103 5055 14.4
103 5056 14.4
103 5057 14.4
103 5058 14.4
103 5059 14.4
103 5060 14.4
103 5061 14.4
103 5062 14.4
103 5063 14.4
103 5064 14.4
103 5065 14.4
103 5066 14.4
103 5067 14.4
103 5068 14.4
103 5069 14.4
103 5070 14.4
103 5071 14.4
103 5072 14.4
103 5073 14.4
104 5074 14.4
104 5075 14.4
104 5076 14.4
104 5077 14.4
104 5078 14.4
104 5079 14.4
104 5080 14.4
104 5081 14.4
104 5082 14.4
104 5083 14.4
104 5084 14.4
104 5085 14.4
104 5086 14.4
104 5087 14.4
104 5088 14.4
104 5089 14.4
104 5090 14.4
104 5091 14.4
104 5092 14.4
104 5093 14.4
104 5094 14.4
104 5095 14.4
104 5096 14.4
104 5097 14.4
104 5098 14.4
104 5099 14.4
104 5100 14.4
104 5101 14.4
104 5102 14.4
104 5103 14.4
104 5104 14.4
104 5105 14.4
104 5106 14.4
104 5107 14.4
104 5108 14.4
104 5109 14.4
104 5110 14.4
104 5111 14.4
104 5112 14.4
104 5113 14.4
104 5114 14.4
104 5115 14.4
104 5116 14.4
104 5117 14.4
104 5118 14.4
104 5119 14.4
104 5120 14.4
104 5121 14.4
104 5122 14.4
104 5123 14.4
104 5124 14.4
104 5125 14.4
104 5126 14.4
105 5127 14.4
105 5128 14.4
105 5129 14.4
105 5130 14.4
105 5131 14.4
105 5132 14.4
105 5133 14.4
105 5134 14.4
105 5135 14.4
105 5136 14.4
105 5137 14.4
105 5138 14.4
105 5139 14.4
105 5140 14.4
105 5141 14.4
105 5142 14.4
105 5143 14.4
105 5144 14.4
105 5145 14.4
105 5146 14.4
105 5147 14.4
105 5148 14.4
105 5149 14.4
105 5150 14.4
105 5151 14.4
105 5152 14.4
105 5153 14.4
105 5154 14.4
105 5155 14.4
105 5156 14.4
105 5157 14.4
105 5158 14.4
105 5159 14.4
105 5160 14.4
105 5161 14.4
105 5162 14.4
105 5163 14.4
105 5164 14.4
105 5165 14.4
105 5166 14.4
105 5167 14.4
105 5168 14.4
105 5169 14.4
105 5170 14.4
105 5171 14.4
105 5172 14.4
105 5173 14.4
105 5174 14.4
105 5175 14.4
105 5176 14.4
106 5177 14.4
106 5178 14.4
106 5179 14.4
106 5180 14.4
106 5181 14.4
106 5182 14.4
106 5183 14.4
106 5184 14.4
106 5185 14.4
106 5186 14.4
106 5187 14.4
106 5188 14.4
106 5189 14.4
106 5190 14.4
106 5191 14.4
106 5192 14.4
106 5193 14.4
106 5194 14.4
106 5195 14.4
106 5196 14.4
106 5197 14.4
106 5198 14.4
106 5199 14.4
106 5200 14.4
106 5201 14.4
106 5202 14.4
106 5203 14.4
106 5204 14.4
106 5205 14.4
106 5206 14.4
106 5207 14.4
106 5208 14.4
106 5209 14.4
106 5210 14.4
106 5211 14.4
106 5212 14.4
106 5213 14.4
106 5214 14.4
106 5215 14.4
106 5216 14.4
106 5217 14.4
106 5218 14.4
106 5219 14.4
106 5220 14.4
106 5221 14.4
106 5222 14.4
106 5223 14.4
106 5224 14.4
106 5225 14.4
106 5226 14.4
106 5227 14.4
106 5228 14.4
107 5229 14.4
107 5230 14.4
107 5231 14.4
107 5232 14.4
107 5233 14.4
107 5234 14.4
107 5235 14.4
107 5236 14.4
107 5237 14.4
107 5238 14.4
107 5239 14.4
107 5240 14.4
107 5241 14.4
107 5242 14.4
107 5243 14.4
107 5244 14.4
107 5245 14.4
107 5246 14.4
107 5247 14.4
107 5248 14.4
107 5249 14.4
107 5250 14.4
107 5251 14.4
107 5252 14.4
107 5253 14.4
107 5254 14.4
107 5255 14.4
107 5256 14.4
107 5257 14.4
107 5258 14.4
107 5259 14.4
107 5260 14.4
107 5261 14.4
107 5262 14.4
107 5263 14.4
107 5264 14.4
107 5265 14.4
107 5266 14.4
107 5267 14.4
107 5268 14.4
107 5269 14.4
107 5270 14.4
107 5271 14.4
107 5272 14.4
107 5273 14.4
107 5274 14.4
107 5275 14.4
107 5276 14.4
107 5277 14.4
107 5278 14.4
108 5279 14.4
108 5280 14.4
108 5281 14.4
108 5282 14.4
108 5283 14.4
108 5284 14.4
108 5285 14.4
108 5286 14.4
108 5287 14.4
108 5288 14.4
108 5289 14.4
108 5290 14.4
108 5291 14.4
108 5292 14.4
108 5293 14.4
108 5294 14.4
108 5295 14.4
108 5296 14.4
108 5297 14.4
108 5298 14.4
108 5299 14.4
108 5300 14.4
108 5301 14.4
108 5302 14.4
108 5303 14.4
108 5304 14.4
108 5305 14.4
108 5306 14.4
108 5307 14.4
108 5308 14.4
108 5309 14.4
108 5310 14.4
108 5311 14.4
108 5312 14.4
108 5313 14.4
108 5314 14.4
108 5315 14.4
108 5316 14.4
108 5317 14.4
108 5318 14.4
108 5319 14.4
108 5320 14.4
108 5321 14.4
108 5322 14.4
108 5323 14.4
108 5324 14.4
108 5325 14.4
108 5326 14.4
108 5327 14.4
108 5328 14.4
108 5329 14.4
108 5330 14.4
109 5331 14.4
109 5332 14.4
109 5333 14.4
109 5334 14.4
109 5335 14.4
109 5336 14.4
109 5337 14.4
109 5338 14.4
109 5339 14.4
109 5340 14.4
109 5341 14.4
109 5342 14.4
109 5343 14.4
109 5344 14.4
109 5345 14.4
109 5346 14.4
109 5347 14.4
109 5348 14.4
109 5349 14.4
109 5350 14.4
109 5351 14.4
109 5352 14.4
109 5353 14.4
109 5354 14.4
109 5355 14.4
109 5356 14.4
109 5357 14.4
109 5358 14.4
109 5359 14.4
109 5360 14.4
109 5361 14.4
109 5362 14.4
109 5363 14.4
109 5364 14.4
109 5365 14.4
109 5366 14.4
109 5367 14.4
109 5368 14.4
109 5369 14.4
109 5370 14.4
109 5371 14.4
109 5372 14.4
109 5373 14.4
109 5374 14.4
109 5375 14.4
109 5376 14.4
109 5377 14.4
109 5378 14.4
109 5379 14.4
109 5380 14.4
110 5381 14.4
110 5382 14.4
110 5383 14.4
110 5384 14.4
110 5385 14.4
110 5386 14.4
110 5387 14.4
110 5388 14.4
110 5389 14.4
110 5390 14.4
110 5391 14.4
110 5392 14.4
110 5393 14.4
110 5394 14.4
110 5395 14.4
110 5396 14.4
110 5397 14.4
110 5398 14.4
110 5399 14.4
110 5400 14.4
110 5401 14.4
110 5402 14.4
110 5403 14.4
110 5404 14.4
110 5405 14.4
110 5406 14.4
110 5407 14.4
110 5408 14.4
110 5409 14.4
110 5410 14.4
110 5411 14.4
110 5412 14.4
110 5413 14.4
110 5414 14.4
110 5415 14.4
110 5416 14.4
110 5417 14.4
110 5418 14.4
110 5419 14.4
110 5420 14.4
110 5421 14.4
110 5422 14.4
110 5423 14.4
110 5424 14.4
110 5425 14.4
110 5426 14.4
110 5427 14.4
110 5428 14.4
110 5429 14.4
110 5430 14.4
110 5431 14.4
110 5432 14.4
111 5433 14.4
111 5434 14.4
111 5435 14.4
111 5436 14.4
111 5437 14.4
111 5438 14.4
111 5439 14.4
111 5440 14.4
111 5441 14.4
111 5442 14.4
111 5443 14.4
111 5444 14.4
111 5445 14.4
111 5446 14.4
111 5447 14.4
111 5448 14.4
111 5449 14.4
111 5450 14.4
111 5451 14.4
111 5452 14.4
111 5453 14.4
111 5454 14.4
111 5455 14.4
111 5456 14.4
111 5457 14.4
111 5458 14.4
111 5459 14.4
111 5460 14.4
111 5461 14.4
111 5462 14.4
111 5463 14.4
111 5464 14.4
111 5465 14.4
111 5466 14.4
111 5467 14.4
111 5468 14.4
111 5469 14.4
111 5470 14.4
111 5471 14.4
111 5472 14.4
111 5473 14.4
111 5474 14.4
111 5475 14.4
111 5476 14.4
111 5477 14.4
111 5478 14.4
111 5479 14.4
111 5480 14.4
111 5481 14.4
111 5482 14.4
111 5483 14.4
112 5484 14.4
112 5485 14.4
112 5486 14.4
112 5487 14.4
112 5488 14.4
112 5489 14.4
112 5490 14.4
112 5491 14.4
112 5492 14.4
112 5493 14.4
112 5494 14.4
112 5495 14.4
112 5496 14.4
112 5497 14.4
112 5498 14.4
112 5499 14.4
112 5500 14.4
112 5501 14.4
112 5502 14.4
112 5503 14.4
112 5504 14.4
112 5505 14.4
112 5506 14.4
112 5507 14.4
112 5508 14.4
112 5509 14.4
112 5510 14.4
112 5511 14.4
112 5512 14.4
112 5513 14.4
112 5514 14.4
112 5515 14.4
112 5516 14.4
112 5517 14.4
112 5518 14.4
112 5519 14.4
112 5520 14.4
112 5521 14.4
112 5522 14.4
112 5523 14.4
112 5524 14.4
112 5525 14.4
112 5526 14.4
112 5527 14.4
112 5528 14.4
112 5529 14.4
112 5530 14.4
112 5531 14.4
112 5532 14.4
112 5533 14.4
113 5534 14.4
113 5535 14.4
113 5536 14.4
113 5537 14.4
113 5538 14.4
113 5539 14.4
113 5540 14.4
113 5541 14.4
113 5542 14.4
113 5543 14.4
113 5544 14.4
113 5545 14.4
113 5546 14.4
113 5547 14.4
113 5548 14.4
113 5549 14.4
113 5550 14.4
113 5551 14.4
113 5552 14.4
113 5553 14.4
113 5554 14.4
113 5555 14.4
113 5556 14.4
113 5557 14.4
113 5558 14.4
113 5559 14.4
113 5560 14.4
113 5561 14.4
113 5562 14.4
113 5563 14.4
113 5564 14.4
113 5565 14.4
113 5566 14.4
113 5567 14.4
113 5568 14.4
113 5569 14.4
113 5570 14.4
113 5571 14.4
113 5572 14.4
113 5573 14.4
113 5574 14.4
113 5575 14.4
113 5576 14.4
113 5577 14.4
113 5578 14.4
113 5579 14.4
113 5580 14.4
113 5581 14.4
113 5582 14.4
113 5583 14.4
113 5584 14.4
113 5585 14.4
114 5586 14.4
114 5587 14.4
114 5588 14.4
114 5589 14.4
114 5590 14.4
114 5591 14.4
114 5592 14.4
114 5593 14.4
114 5594 14.4
114 5595 14.4
114 5596 14.4
114 5597 14.4
114 5598 14.4
114 5599 14.4
114 5600 14.4
114 5601 14.4
114 5602 14.4
114 5603 14.4
114 5604 14.4
114 5605 14.4
114 5606 14.4
114 5607 14.4
114 5608 14.4
114 5609 14.4
114 5610 14.4
114 5611 14.4
114 5612 14.4
114 5613 14.4
114 5614 14.4
114 5615 14.4
114 5616 14.4
114 5617 14.4
114 5618 14.4
114 5619 14.4
114 5620 14.4
114 5621 14.4
114 5622 14.4
114 5623 14.4
114 5624 14.4
114 5625 14.4
114 5626 14.4
114 5627 14.4
114 5628 14.4
114 5629 14.4
114 5630 14.4
114 5631 14.4
114 5632 14.4
114 5633 14.4
114 5634 14.4
115 5635 14.4
115 5636 14.4
115 5637 14.4
115 5638 14.4
115 5639 14.4
115 5640 14.4
115 5641 14.4
115 5642 14.4
115 5643 14.4
115 5644 14.4
115 5645 14.4
115 5646 14.4
115 5647 14.4
115 5648 14.4
115 5649 14.4
115 5650 14.4
115 5651 14.4
115 5652 14.4
115 5653 14.4
115 5654 14.4
115 5655 14.4
115 5656 14.4
115 5657 14.4
115 5658 14.4
115 5659 14.4
115 5660 14.4
115 5661 14.4
115 5662 14.4
115 5663 14.4
115 5664 14.4
115 5665 14.4
115 5666 14.4
115 5667 14.4
115 5668 14.4
115 5669 14.4
115 5670 14.4
115 5671 14.4
115 5672 14.4
115 5673 14.4
115 5674 14.4
115 5675 14.4
115 5676 14.4
115 5677 14.4
115 5678 14.4
115 5679 14.4
115 5680 14.4
115 5681 14.4
115 5682 14.4
115 5683 14.4
116 5684 14.4
116 5685 14.4
116 5686 14.4
116 5687 14.4
116 5688 14.4
116 5689 14.4
116 5690 14.4
116 5691 14.4
116 5692 14.4
116 5693 14.4
116 5694 14.4
116 5695 14.4
116 5696 14.4
116 5697 14.4
116 5698 14.4
116 5699 14.4
116 5700 14.4
116 5701 14.4
116 5702 14.4
116 5703 14.4
116 5704 14.4
116 5705 14.4
116 5706 14.4
116 5707 14.4
116 5708 14.4
116 5709 14.4
116 5710 14.4
116 5711 14.4
116 5712 14.4
116 5713 14.4
116 5714 14.4
116 5715 14.4
116 5716 14.4
116 5717 14.4
116 5718 14.4
116 5719 14.4
116 5720 14.4
116 5721 14.4
116 5722 14.4
116 5723 14.4
116 5724 14.4
116 5725 14.4
116 5726 14.4
116 5727 14.4
116 5728 14.4
116 5729 14.4
116 5730 14.4
116 5731 14.4
116 5732 14.4
116 5733 14.4
116 5734 14.4
117 5735 14.4
117 5736 14.4
117 5737 14.4
117 5738 14.4
117 5739 14.4
117 5740 14.1
117 5741 14.1
117 5742 14.1
117 5743 14.1
117 5744 14.1
117 5745 14.1
117 5746 14.1
117 5747 14.1
117 5748 14.1
117 5749 14.1
117 5750 14.1
117 5751 14.1
117 5752 14.1
117 5753 14.1
117 5754 14.1
117 5755 14.1
117 5756 14.1
117 5757 14.1
117 5758 14.1
117 5759 14.1
117 5760 14.1
117 5761 14.1
117 5762 14.1
117 5763 14.1
117 5764 14.1
117 5765 14.1
117 5766 14.1
117 5767 14.1
117 5768 14.1
117 5769 14.1
117 5770 14.1
117 5771 14.1
117 5772 14.1
117 5773 14.1
117 5774 14.1
117 5775 14.1
117 5776 14.1
117 5777 14.1
117 5778 14.1
117 5779 14.1
117 5780 14.1
117 5781 14.1
117 5782 14.1
117 5783 14.1
117 5784 14.1
117 5785 14.1
117 5786 14.1
118 5787 14.1
118 5788 14.1
118 5789 14.1
118 5790 14.1
118 5791 14.1
118 5792 14.1
118 5793 14.1
118 5794 14.1
118 5795 14.1
118 5796 14.1
118 5797 14.1
118 5798 14.1
118 5799 14.1
118 5800 14.1
118 5801 14.1
118 5802 14.1
118 5803 14.1
118 5804 14.1
118 5805 14.1
118 5806 14.1
118 5807 14.1
118 5808 14.1
118 5809 14.1
118 5810 14.1
118 5811 14.1
118 5812 14.1
118 5813 14.1
118 5814 14.1
118 5815 14.1
118 5816 14.1
118 5817 14.1
118 5818 14.1
118 5819 14.1
118 5820 14.1
118 5821 14.1
118 5822 14.1
118 5823 14.1
118 5824 14.1
118 5825 14.1
118 5826 14.1
118 5827 14.1
118 5828 14.1
118 5829 14.1
118 5830 14.1
118 5831 14.1
118 5832 14.1
118 5833 14.1
118 5834 14.1
118 5835 14.1
118 5836 14.1
118 5837 14.1
118 5838 14.1
119 5839 14.1
119 5840 14.1
119 5841 13.9
119 5842 13.9
119 5843 13.9
119 5844 13.9
119 5845 13.9
119 5846 13.9
119 5847 13.9
119 5848 13.9
119 5849 13.9
119 5850 13.9
119 5851 13.9
119 5852 13.8
119 5853 13.8
119 5854 13.8
119 5855 13.8
119 5856 13.8
119 5857 13.8
119 5858 13.8
119 5859 13.8
119 5860 13.8
119 5861 13.7
119 5862 13.7
119 5863 13.7
119 5864 13.7
119 5865 13.7
119 5866 13.7
119 5867 13.7
119 5868 13.7
119 5869 13.7
119 5870 13.7
119 5871 13.7
119 5872 13.7
119 5873 13.7
119 5874 13.7
119 5875 13.7
119 5876 13.7
119 5877 13.7
119 5878 13.7
119 5879 13.7
119 5880 13.7
119 5881 13.7
119 5882 13.7
119 5883 13.7
119 5884 13.7
119 5885 13.7
119 5886 13.7
119 5887 13.7
119 5888 13.7
119 5889 13.7
119 5890 13.7
120 5891 13.7
120 5892 13.7
120 5893 13.7
120 5894 13.7
120 5895 13.7
120 5896 13.7
120 5897 13.7
120 5898 13.7
120 5899 13.7
120 5900 13.7
120 5901 13.7
120 5902 13.7
120 5903 13.7
120 5904 13.7
120 5905 13.7
120 5906 13.7
120 5907 13.7
120 5908 13.7
120 5909 13.7
120 5910 13.7
120 5911 13.7
120 5912 13.7
120 5913 13.7
120 5914 13.7
120 5915 13.7
120 5916 13.7
120 5917 13.7
120 5918 13.7
120 5919 13.7
120 5920 13.7
120 5921 13.7
120 5922 13.7
120 5923 13.7
120 5924 13.7
120 5925 13.7
120 5926 13.7
120 5927 13.7
120 5928 13.7
120 5929 13.7
120 5930 13.7
120 5931 13.7
120 5932 13.7
120 5933 13.7
120 5934 13.7
120 5935 13.7
120 5936 13.7
120 5937 13.7
120 5938 13.7
120 5939 13.7
120 5940 13.7
121 5941 13.7
