1 1 49.5
1 2 49.5
1 3 49.5
1 4 49.5
1 5 49.3
1 6 49.3
1 7 49.2
1 8 49.2
1 9 49.2
1 10 49.2
1 11 49.2
2 12 49.2
2 13 48.4
2 14 48.4
2 15 48.4
2 16 48.4
2 17 48.0
2 18 48.0
2 19 48.0
2 20 48.0
2 21 48.0
2 22 47.8
2 23 47.8
2 24 47.6
2 25 47.0
2 26 46.9
2 27 46.9
2 28 46.9
2 29 46.9
2 30 46.9
2 31 46.9
2 32 46.9
2 33 46.4
2 34 46.4
2 35 45.7
2 36 45.7
2 37 45.7
2 38 45.7
2 39 44.5
2 40 44.5
2 41 44.4
2 42 44.4
2 43 44.4
2 44 44.4
2 45 44.4
2 46 42.9
2 47 42.9
2 48 41.3
2 49 41.3
2 50 41.2
2 51 41.2
3 52 41.2
3 53 41.2
3 54 41.2
3 55 41.2
3 56 41.2
3 57 41.2
3 58 41.2
3 59 41.2
3 60 41.0
3 61 41.0
3 62 41.0
3 63 41.0
3 64 41.0
3 65 41.0
3 66 41.0
3 67 40.5
3 68 40.5
3 69 40.5
3 70 40.5
3 71 40.5
3 72 40.5
3 73 40.5
3 74 40.5
3 75 40.5
3 76 40.4
3 77 40.4
3 78 40.4
3 79 40.4
3 80 40.4
3 81 40.4
3 82 40.4
3 83 40.4
3 84 40.4
3 85 40.4
3 86 40.4
3 87 40.4
3 88 40.4
3 89 40.4
3 90 40.4
4 91 40.4
4 92 40.4
4 93 40.4
4 94 40.4
4 95 40.4
4 96 40.4
4 97 40.4
4 98 40.4
4 99 40.4
4 100 40.4
4 101 40.4
4 102 40.4
4 103 40.4
4 104 40.4
4 105 40.4
4 106 40.4
4 107 40.4
4 108 40.4
4 109 40.4
4 110 40.4
4 111 40.4
4 112 40.4
4 113 40.4
4 114 40.4
4 115 40.4
4 116 40.4
4 117 40.4
4 118 40.4
4 119 40.4
4 120 40.4
4 121 40.4
4 122 40.4
4 123 40.4
4 124 40.4
4 125 40.4
4 126 40.4
4 127 40.4
4 128 40.4
5 129 40.4
5 130 40.4
5 131 40.4
5 132 40.4
5 133 40.4
5 134 40.4
5 135 40.4
5 136 40.4
5 137 40.4
5 138 40.4
5 139 40.4
5 140 40.4
5 141 40.4
5 142 40.4
5 143 40.4
5 144 40.4
5 145 40.4
5 146 40.4
5 147 40.4
5 148 40.4
5 149 40.4
5 150 40.4
5 151 40.4
5 152 40.4
5 153 40.4
5 154 40.4
5 155 40.4
5 156 40.4
5 157 40.4
5 158 40.4
5 159 40.4
5 160 40.4
5 161 40.4
5 162 40.4
5 163 40.4
5 164 40.4
5 165 40.4
5 166 40.4
5 167 40.4
5 168 40.4
5 169 40.4
5 170 40.4
6 171 40.4
6 172 40.4
6 173 40.4
6 174 40.4
6 175 40.4
6 176 40.4
6 177 40.4
6 178 40.4
6 179 40.4
6 180 40.4
6 181 40.4
6 182 40.4
6 183 40.4
6 184 40.4
6 185 40.4
6 186 40.4
6 187 40.4
6 188 40.4
6 189 40.4
6 190 40.4
6 191 40.4
6 192 40.4
6 193 40.4
6 194 40.4
6 195 40.4
6 196 40.4
6 197 40.4
6 198 40.4
6 199 40.4
6 200 40.4
6 201 40.4
6 202 40.4
6 203 40.4
6 204 40.4
6 205 40.4
6 206 40.4
6 207 40.4
6 208 40.4
7 209 40.4
7 210 40.4
7 211 40.4
7 212 40.4
7 213 40.4
7 214 40.4
7 215 40.4
7 216 40.4
7 217 40.4
7 218 40.4
7 219 40.4
7 220 40.4
7 221 40.4
7 222 40.4
7 223 40.4
7 224 40.4
7 225 40.4
7 226 40.4
7 227 40.4
7 228 40.4
7 229 40.4
7 230 40.4
7 231 40.4
7 232 40.4
7 233 40.4
7 234 40.4
7 235 40.4
7 236 40.4
7 237 40.4
7 238 40.4
7 239 40.4
7 240 40.4
7 241 40.4
7 242 40.4
7 243 40.1
7 244 40.1
7 245 40.1
7 246 40.1
7 247 40.1
7 248 40.0
8 249 40.0
8 250 40.0
8 251 40.0
8 252 40.0
8 253 40.0
8 254 40.0
8 255 40.0
8 256 39.8
8 257 39.8
8 258 39.8
8 259 39.8
8 260 39.8
8 261 39.7
8 262 39.7
8 263 39.7
8 264 39.5
8 265 39.5
8 266 39.5
8 267 39.5
8 268 39.5
8 269 39.5
8 270 39.5
8 271 39.4
8 272 39.4
8 273 39.4
8 274 39.4
8 275 39.4
8 276 39.4
8 277 39.4
8 278 39.4
8 279 39.4
8 280 39.4
8 281 39.4
8 282 39.4
8 283 39.4
8 284 39.4
8 285 39.4
8 286 39.4
8 287 39.4
8 288 39.4
8 289 39.4
9 290 39.2
9 291 39.2
9 292 39.2
9 293 38.9
9 294 38.9
9 295 38.9
9 296 38.9
9 297 38.9
9 298 38.9
9 299 38.9
9 300 38.8
9 301 38.8
9 302 38.8
9 303 38.8
9 304 38.8
9 305 38.8
9 306 38.8
9 307 38.8
9 308 38.8
9 309 38.8
9 310 38.8
9 311 38.8
9 312 38.8
9 313 38.8
9 314 38.8
9 315 38.8
9 316 38.8
9 317 38.8
9 318 38.8
9 319 38.8
9 320 38.8
9 321 38.8
9 322 38.8
9 323 38.8
9 324 38.8
9 325 38.8
9 326 38.8
9 327 38.8
9 328 38.8
9 329 38.8
9 330 38.8
9 331 38.8
10 332 38.8
10 333 38.8
10 334 38.8
10 335 38.8
10 336 38.8
10 337 38.8
10 338 38.8
10 339 38.8
10 340 38.8
10 341 38.8
10 342 38.8
10 343 38.8
10 344 38.8
10 345 38.8
10 346 38.8
10 347 38.8
10 348 38.8
10 349 38.8
10 350 38.8
10 351 38.8
10 352 38.8
10 353 38.8
10 354 38.8
10 355 38.8
10 356 38.8
10 357 38.8
10 358 38.8
10 359 38.8
10 360 38.8
10 361 38.8
10 362 38.8
10 363 38.8
10 364 38.8
10 365 38.8
10 366 38.8
10 367 38.8
10 368 38.8
10 369 38.8
10 370 38.8
10 371 38.8
10 372 38.8
10 373 38.8
11 374 38.8
11 375 38.8
11 376 38.8
11 377 38.8
11 378 38.8
11 379 38.8
11 380 38.8
11 381 38.8
11 382 38.8
11 383 38.8
11 384 38.8
11 385 38.8
11 386 38.8
11 387 38.8
11 388 38.8
11 389 38.8
11 390 38.8
11 391 38.8
11 392 38.8
11 393 38.8
11 394 38.8
11 395 38.8
11 396 38.8
11 397 38.8
11 398 38.8
11 399 38.8
11 400 38.8
11 401 38.8
11 402 38.8
11 403 38.8
11 404 38.8
11 405 38.8
11 406 38.8
11 407 38.8
11 408 38.8
11 409 38.8
11 410 38.8
11 411 38.8
11 412 38.8
11 413 38.8
11 414 38.8
11 415 38.8
11 416 38.8
11 417 38.8
11 418 38.8
12 419 38.8
12 420 38.8
12 421 38.8
12 422 38.8
12 423 38.8
12 424 38.8
12 425 38.8
12 426 38.8
12 427 38.8
12 428 38.8
12 429 38.8
12 430 38.8
12 431 38.8
12 432 38.8
12 433 38.8
12 434 38.8
12 435 38.8
12 436 38.8
12 437 38.8
12 438 38.8
12 439 38.8
12 440 38.8
12 441 38.8
12 442 38.8
12 443 38.8
12 444 38.8
12 445 38.8
12 446 38.8
12 447 38.8
12 448 38.8
12 449 38.8
12 450 38.8
12 451 38.8
12 452 38.8
12 453 38.8
12 454 38.8
12 455 38.8
13 456 38.8
13 457 38.8
13 458 38.8
13 459 38.8
13 460 38.8
13 461 38.8
13 462 38.8
13 463 38.8
13 464 38.8
13 465 38.8
13 466 38.8
13 467 38.8
13 468 38.8
13 469 38.8
13 470 38.8
13 471 38.8
13 472 38.8
13 473 38.8
13 474 38.8
13 475 38.8
13 476 38.8
13 477 38.8
13 478 38.8
13 479 38.8
13 480 38.8
13 481 38.8
13 482 38.8
13 483 38.8
13 484 38.8
13 485 38.8
13 486 38.8
13 487 38.8
13 488 38.8
13 489 38.8
13 490 38.8
13 491 38.8
13 492 38.8
13 493 38.8
13 494 38.8
13 495 38.8
13 496 38.8
13 497 38.8
13 498 38.8
13 499 38.8
14 500 38.8
14 501 38.8
14 502 38.8
14 503 38.8
14 504 38.8
14 505 38.8
14 506 38.8
14 507 38.5
14 508 38.5
14 509 38.5
14 510 38.5
14 511 38.4
14 512 38.4
14 513 38.4
14 514 38.4
14 515 38.4
14 516 38.4
14 517 38.4
14 518 38.4
14 519 38.4
14 520 38.4
14 521 38.4
14 522 38.4
14 523 38.4
14 524 38.4
14 525 38.4
14 526 38.1
14 527 38.1
14 528 38.1
14 529 38.1
14 530 38.1
14 531 38.0
14 532 38.0
14 533 38.0
14 534 38.0
14 535 38.0
14 536 38.0
14 537 38.0
14 538 38.0
14 539 38.0
14 540 38.0
14 541 38.0
14 542 38.0
14 543 38.0
14 544 38.0
14 545 38.0
14 546 37.9
15 547 37.9
15 548 37.9
15 549 37.8
15 550 37.6
15 551 37.6
15 552 37.6
15 553 37.6
15 554 37.6
15 555 37.6
15 556 37.6
15 557 37.6
15 558 37.6
15 559 37.6
15 560 37.6
15 561 37.6
15 562 37.6
15 563 37.6
15 564 37.6
15 565 37.6
15 566 37.6
15 567 36.0
15 568 36.0
15 569 36.0
15 570 36.0
15 571 36.0
15 572 36.0
15 573 36.0
15 574 36.0
15 575 36.0
15 576 36.0
15 577 36.0
15 578 36.0
15 579 36.0
15 580 36.0
15 581 36.0
15 582 36.0
15 583 36.0
15 584 33.8
15 585 33.8
15 586 33.8
15 587 33.8
15 588 33.8
15 589 33.8
16 590 33.8
16 591 33.8
16 592 33.8
16 593 33.8
16 594 33.8
16 595 33.8
16 596 33.8
16 597 33.8
16 598 33.8
16 599 33.6
16 600 33.6
16 601 33.6
16 602 33.6
16 603 33.6
16 604 33.6
16 605 33.6
16 606 33.6
16 607 33.6
16 608 33.6
16 609 33.6
16 610 33.6
16 611 33.6
16 612 33.6
16 613 33.6
16 614 33.6
16 615 33.6
16 616 33.6
16 617 33.6
16 618 33.6
16 619 33.6
16 620 33.6
16 621 33.6
16 622 33.6
16 623 33.6
16 624 33.6
16 625 33.6
16 626 33.6
16 627 33.6
16 628 33.6
16 629 33.6
16 630 33.6
16 631 33.6
17 632 33.6
17 633 33.6
17 634 33.6
17 635 33.6
17 636 33.6
17 637 33.6
17 638 33.6
17 639 33.6
17 640 33.6
17 641 33.6
17 642 33.6
17 643 33.6
17 644 33.6
17 645 33.6
17 646 33.6
17 647 33.6
17 648 33.6
17 649 33.6
17 650 33.6
17 651 33.6
17 652 33.6
17 653 33.6
17 654 33.6
17 655 33.6
17 656 33.6
17 657 33.6
17 658 33.6
17 659 33.6
17 660 33.6
17 661 33.6
17 662 33.6
17 663 33.6
17 664 33.6
17 665 33.6
17 666 33.6
17 667 33.6
17 668 33.6
17 669 33.6
17 670 33.6
17 671 33.6
17 672 33.6
17 673 33.6
17 674 33.6
18 675 33.6
18 676 33.6
18 677 33.6
18 678 33.6
18 679 33.6
18 680 33.6
18 681 33.6
18 682 33.6
18 683 33.6
18 684 33.6
18 685 33.6
18 686 33.6
18 687 33.6
18 688 33.6
18 689 33.6
18 690 33.6
18 691 33.6
18 692 33.6
18 693 33.6
18 694 33.6
18 695 33.6
18 696 33.6
18 697 33.6
18 698 33.6
18 699 33.6
18 700 33.6
18 701 33.6
18 702 33.6
18 703 33.6
18 704 33.6
18 705 33.6
18 706 33.6
18 707 33.6
18 708 33.6
18 709 33.6
18 710 33.6
18 711 33.6
18 712 33.6
18 713 33.6
18 714 33.6
18 715 33.6
18 716 33.6
18 717 33.6
18 718 33.6
18 719 33.6
19 720 33.6
19 721 33.6
19 722 33.6
19 723 33.6
19 724 33.6
19 725 33.6
19 726 33.6
19 727 33.6
19 728 33.6
19 729 33.6
19 730 33.6
19 731 33.6
19 732 33.6
19 733 33.6
19 734 33.6
19 735 33.6
19 736 33.6
19 737 33.6
19 738 33.6
19 739 33.6
19 740 33.6
19 741 33.6
19 742 33.6
19 743 33.6
19 744 33.6
19 745 33.6
19 746 33.6
19 747 33.6
19 748 33.6
19 749 33.6
19 750 33.6
19 751 33.6
19 752 33.6
19 753 33.6
19 754 33.6
19 755 33.6
19 756 33.6
19 757 33.6
19 758 33.6
19 759 33.6
19 760 33.6
19 761 33.6
19 762 33.6
19 763 33.0
19 764 33.0
19 765 33.0
20 766 33.0
20 767 33.0
20 768 33.0
20 769 33.0
20 770 32.9
20 771 32.9
20 772 32.8
20 773 32.1
20 774 32.1
20 775 32.0
20 776 32.0
20 777 32.0
20 778 32.0
20 779 32.0
20 780 32.0
20 781 32.0
20 782 32.0
20 783 32.0
20 784 32.0
20 785 32.0
20 786 32.0
20 787 32.0
20 788 31.7
20 789 31.7
20 790 31.7
20 791 31.6
20 792 31.4
20 793 31.4
20 794 31.4
20 795 31.4
20 796 31.4
20 797 31.4
20 798 31.4
20 799 31.4
20 800 31.4
20 801 31.4
20 802 31.0
20 803 31.0
20 804 31.0
20 805 31.0
20 806 31.0
20 807 31.0
20 808 31.0
20 809 31.0
20 810 31.0
20 811 31.0
20 812 31.0
20 813 31.0
21 814 31.0
21 815 31.0
21 816 31.0
21 817 31.0
21 818 31.0
21 819 30.1
21 820 30.1
21 821 30.1
21 822 30.0
21 823 30.0
21 824 30.0
21 825 30.0
21 826 30.0
21 827 30.0
21 828 30.0
21 829 30.0
21 830 30.0
21 831 30.0
21 832 30.0
21 833 30.0
21 834 30.0
21 835 30.0
21 836 30.0
21 837 30.0
21 838 30.0
21 839 30.0
21 840 30.0
21 841 30.0
21 842 30.0
21 843 30.0
21 844 30.0
21 845 30.0
21 846 30.0
21 847 30.0
21 848 30.0
21 849 30.0
21 850 30.0
21 851 30.0
21 852 30.0
21 853 30.0
21 854 30.0
21 855 30.0
21 856 30.0
21 857 30.0
21 858 30.0
21 859 30.0
21 860 30.0
21 861 30.0
21 862 30.0
21 863 30.0
22 864 30.0
22 865 30.0
22 866 30.0
22 867 30.0
22 868 30.0
22 869 30.0
22 870 30.0
22 871 30.0
22 872 30.0
22 873 30.0
22 874 30.0
22 875 30.0
22 876 30.0
22 877 30.0
22 878 30.0
22 879 30.0
22 880 30.0
22 881 30.0
22 882 30.0
22 883 30.0
22 884 30.0
22 885 30.0
22 886 30.0
22 887 30.0
22 888 30.0
22 889 30.0
22 890 30.0
22 891 30.0
22 892 30.0
22 893 30.0
22 894 30.0
22 895 30.0
22 896 30.0
22 897 30.0
22 898 30.0
22 899 30.0
22 900 30.0
22 901 30.0
22 902 30.0
22 903 30.0
22 904 30.0
22 905 30.0
22 906 30.0
22 907 30.0
22 908 30.0
22 909 30.0
23 910 30.0
23 911 30.0
23 912 30.0
23 913 30.0
23 914 30.0
23 915 30.0
23 916 30.0
23 917 30.0
23 918 30.0
23 919 30.0
23 920 30.0
23 921 30.0
23 922 30.0
23 923 30.0
23 924 30.0
23 925 30.0
23 926 30.0
23 927 30.0
23 928 30.0
23 929 30.0
23 930 30.0
23 931 30.0
23 932 30.0
23 933 30.0
23 934 30.0
23 935 30.0
23 936 30.0
23 937 30.0
23 938 30.0
23 939 30.0
23 940 30.0
23 941 30.0
23 942 30.0
23 943 30.0
23 944 30.0
23 945 30.0
23 946 30.0
23 947 30.0
23 948 30.0
23 949 30.0
23 950 30.0
23 951 30.0
23 952 30.0
23 953 30.0
23 954 30.0
23 955 30.0
23 956 30.0
23 957 30.0
24 958 30.0
24 959 30.0
24 960 30.0
24 961 30.0
24 962 30.0
24 963 30.0
24 964 30.0
24 965 30.0
24 966 30.0
24 967 30.0
24 968 30.0
24 969 30.0
24 970 30.0
24 971 30.0
24 972 30.0
24 973 30.0
24 974 30.0
24 975 30.0
24 976 30.0
24 977 30.0
24 978 30.0
24 979 30.0
24 980 30.0
24 981 30.0
24 982 30.0
24 983 30.0
24 984 30.0
24 985 30.0
24 986 30.0
24 987 30.0
24 988 30.0
24 989 30.0
24 990 30.0
24 991 30.0
24 992 30.0
24 993 30.0
24 994 30.0
24 995 30.0
24 996 30.0
24 997 30.0
24 998 30.0
24 999 30.0
24 1000 30.0
24 1001 30.0
24 1002 30.0
25 1003 30.0
25 1004 30.0
25 1005 30.0
25 1006 30.0
25 1007 30.0
25 1008 30.0
25 1009 30.0
25 1010 30.0
25 1011 29.8
25 1012 29.8
25 1013 29.8
25 1014 29.8
25 1015 29.8
25 1016 29.8
25 1017 29.8
25 1018 29.8
25 1019 29.6
25 1020 29.6
25 1021 29.6
25 1022 29.6
25 1023 29.6
25 1024 29.6
25 1025 29.6
25 1026 29.6
25 1027 29.6
25 1028 29.6
25 1029 29.6
25 1030 29.6
25 1031 29.6
25 1032 29.6
25 1033 29.6
25 1034 29.6
25 1035 29.6
25 1036 29.6
25 1037 29.6
25 1038 29.6
25 1039 29.6
25 1040 29.6
25 1041 29.6
25 1042 29.6
25 1043 29.6
25 1044 29.6
26 1045 29.6
26 1046 29.6
26 1047 29.6
26 1048 29.6
26 1049 29.6
26 1050 29.6
26 1051 29.6
26 1052 29.6
26 1053 29.6
26 1054 29.6
26 1055 29.6
26 1056 29.6
26 1057 29.6
26 1058 29.6
26 1059 29.6
26 1060 29.6
26 1061 29.6
26 1062 29.6
26 1063 29.6
26 1064 29.6
26 1065 29.6
26 1066 29.6
26 1067 29.6
26 1068 29.6
26 1069 29.6
26 1070 29.6
26 1071 29.6
26 1072 29.6
26 1073 29.6
26 1074 29.6
26 1075 29.6
26 1076 29.6
26 1077 29.6
26 1078 29.6
26 1079 29.6
26 1080 29.6
26 1081 29.6
26 1082 29.6
26 1083 29.6
26 1084 29.6
26 1085 29.6
26 1086 29.6
26 1087 29.6
26 1088 29.6
27 1089 29.6
27 1090 29.0
27 1091 29.0
27 1092 29.0
27 1093 29.0
27 1094 29.0
27 1095 28.7
27 1096 28.7
27 1097 28.2
27 1098 28.2
27 1099 28.2
27 1100 28.2
27 1101 28.0
27 1102 28.0
27 1103 28.0
27 1104 28.0
27 1105 28.0
27 1106 28.0
27 1107 27.9
27 1108 27.9
27 1109 27.9
27 1110 27.8
27 1111 27.8
27 1112 27.8
27 1113 27.8
27 1114 27.8
27 1115 27.6
27 1116 27.6
27 1117 27.6
27 1118 27.6
27 1119 27.6
27 1120 27.6
27 1121 27.6
27 1122 27.6
27 1123 27.4
27 1124 27.4
27 1125 27.4
27 1126 27.4
27 1127 27.4
27 1128 27.4
27 1129 27.4
27 1130 27.2
27 1131 27.2
27 1132 27.2
28 1133 27.2
28 1134 27.2
28 1135 27.2
28 1136 27.2
28 1137 27.2
28 1138 27.2
28 1139 27.2
28 1140 27.2
28 1141 27.2
28 1142 27.2
28 1143 27.2
28 1144 27.2
28 1145 27.2
28 1146 27.2
28 1147 27.2
28 1148 27.2
28 1149 27.2
28 1150 27.2
28 1151 27.2
28 1152 27.2
28 1153 27.2
28 1154 27.2
28 1155 27.2
28 1156 27.2
28 1157 27.2
28 1158 27.2
28 1159 27.2
28 1160 27.2
28 1161 27.2
28 1162 27.2
28 1163 27.2
28 1164 27.2
28 1165 27.2
28 1166 27.2
28 1167 27.2
28 1168 27.2
28 1169 27.2
28 1170 27.2
28 1171 27.2
28 1172 27.2
28 1173 27.2
28 1174 27.2
28 1175 27.2
28 1176 27.2
28 1177 27.2
28 1178 27.2
28 1179 27.2
28 1180 27.2
29 1181 27.2
29 1182 27.2
29 1183 27.2
29 1184 27.2
29 1185 27.2
29 1186 27.2
29 1187 27.2
29 1188 27.2
29 1189 27.2
29 1190 27.2
29 1191 27.2
29 1192 27.2
29 1193 27.2
29 1194 27.2
29 1195 27.2
29 1196 27.2
29 1197 27.2
29 1198 27.2
29 1199 27.2
29 1200 27.2
29 1201 27.2
29 1202 27.2
29 1203 27.2
29 1204 27.2
29 1205 27.2
29 1206 27.2
29 1207 27.2
29 1208 27.2
29 1209 27.2
29 1210 27.2
29 1211 27.2
29 1212 27.2
29 1213 27.2
29 1214 27.2
29 1215 27.2
29 1216 27.2
29 1217 27.2
29 1218 27.2
29 1219 27.2
29 1220 27.2
29 1221 27.2
29 1222 27.2
29 1223 27.2
29 1224 27.2
29 1225 27.2
29 1226 27.2
29 1227 27.2
29 1228 27.2
30 1229 27.2
30 1230 27.2
30 1231 27.2
30 1232 27.2
30 1233 27.2
30 1234 27.2
30 1235 27.2
30 1236 27.2
30 1237 27.2
30 1238 27.2
30 1239 27.2
30 1240 27.2
30 1241 27.2
30 1242 27.2
30 1243 27.2
30 1244 27.2
30 1245 27.2
30 1246 27.2
30 1247 27.2
30 1248 27.2
30 1249 27.2
30 1250 27.2
30 1251 27.2
30 1252 27.2
30 1253 26.8
30 1254 26.8
30 1255 26.8
30 1256 26.8
30 1257 26.8
30 1258 26.8
30 1259 26.8
30 1260 26.8
30 1261 26.8
30 1262 26.8
30 1263 26.8
30 1264 26.8
30 1265 26.8
30 1266 26.8
30 1267 26.8
30 1268 26.8
30 1269 26.8
30 1270 26.8
30 1271 26.8
31 1272 26.8
31 1273 26.8
31 1274 26.6
31 1275 26.6
31 1276 26.6
31 1277 26.6
31 1278 26.4
31 1279 26.4
31 1280 26.4
31 1281 26.4
31 1282 26.4
31 1283 26.4
31 1284 26.4
31 1285 26.4
31 1286 26.4
31 1287 26.4
31 1288 26.4
31 1289 26.4
31 1290 26.4
31 1291 26.4
31 1292 26.4
31 1293 26.4
31 1294 26.4
31 1295 26.4
31 1296 26.4
31 1297 26.4
31 1298 26.4
31 1299 26.4
31 1300 26.4
31 1301 26.4
31 1302 26.4
31 1303 26.4
31 1304 26.4
31 1305 26.4
31 1306 26.4
31 1307 26.4
31 1308 26.4
31 1309 26.4
31 1310 26.4
31 1311 26.4
31 1312 26.4
31 1313 26.4
31 1314 26.4
31 1315 26.4
31 1316 26.4
31 1317 26.4
31 1318 26.4
31 1319 26.4
31 1320 26.4
32 1321 26.4
32 1322 26.4
32 1323 26.4
32 1324 26.4
32 1325 26.4
32 1326 26.4
32 1327 26.4
32 1328 26.4
32 1329 26.4
32 1330 26.4
32 1331 26.4
32 1332 26.4
32 1333 26.4
32 1334 26.4
32 1335 26.4
32 1336 26.4
32 1337 26.4
32 1338 26.4
32 1339 26.4
32 1340 26.4
32 1341 26.4
32 1342 26.4
32 1343 26.4
32 1344 26.4
32 1345 26.4
32 1346 26.4
32 1347 26.4
32 1348 26.4
32 1349 26.4
32 1350 26.4
32 1351 26.4
32 1352 26.4
32 1353 26.4
32 1354 26.4
32 1355 26.4
32 1356 26.4
32 1357 26.4
32 1358 26.4
32 1359 26.4
32 1360 26.4
32 1361 26.4
32 1362 26.4
32 1363 26.4
32 1364 26.4
32 1365 26.4
33 1366 26.4
33 1367 26.4
33 1368 26.4
33 1369 26.4
33 1370 26.4
33 1371 26.4
33 1372 26.4
33 1373 26.4
33 1374 26.4
33 1375 26.4
33 1376 26.4
33 1377 26.4
33 1378 26.4
33 1379 26.4
33 1380 26.4
33 1381 26.4
33 1382 26.4
33 1383 26.4
33 1384 26.4
33 1385 26.4
33 1386 26.4
33 1387 26.4
33 1388 26.4
33 1389 26.4
33 1390 26.4
33 1391 26.4
33 1392 26.4
33 1393 26.4
33 1394 26.4
33 1395 26.4
33 1396 26.4
33 1397 26.4
33 1398 26.4
33 1399 26.4
33 1400 26.4
33 1401 26.4
33 1402 26.4
33 1403 26.4
33 1404 26.4
33 1405 26.4
33 1406 26.4
33 1407 26.4
33 1408 26.4
33 1409 26.4
33 1410 26.4
33 1411 26.4
33 1412 26.4
34 1413 26.4
34 1414 26.4
34 1415 26.4
34 1416 26.4
34 1417 26.4
34 1418 26.4
34 1419 26.4
34 1420 26.4
34 1421 26.4
34 1422 26.4
34 1423 26.4
34 1424 26.4
34 1425 26.4
34 1426 26.4
34 1427 26.4
34 1428 26.4
34 1429 26.4
34 1430 26.4
34 1431 26.4
34 1432 26.4
34 1433 26.4
34 1434 26.4
34 1435 26.4
34 1436 26.4
34 1437 26.4
34 1438 26.4
34 1439 26.4
34 1440 26.4
34 1441 26.4
34 1442 26.4
34 1443 26.4
34 1444 26.4
34 1445 26.4
34 1446 26.4
34 1447 26.4
34 1448 26.4
34 1449 26.4
34 1450 26.4
34 1451 26.4
34 1452 26.4
34 1453 26.4
34 1454 26.4
34 1455 26.4
34 1456 26.4
34 1457 26.4
34 1458 26.4
34 1459 26.4
34 1460 26.4
35 1461 26.4
35 1462 26.4
35 1463 26.4
35 1464 26.4
35 1465 26.4
35 1466 26.4
35 1467 26.4
35 1468 26.4
35 1469 26.4
35 1470 26.4
35 1471 26.4
35 1472 26.4
35 1473 26.4
35 1474 26.4
35 1475 26.4
35 1476 26.4
35 1477 26.4
35 1478 26.4
35 1479 26.4
35 1480 26.4
35 1481 26.4
35 1482 26.4
35 1483 26.4
35 1484 26.4
35 1485 26.4
35 1486 26.4
35 1487 26.4
35 1488 26.4
35 1489 26.4
35 1490 26.4
35 1491 26.4
35 1492 26.4
35 1493 26.4
35 1494 26.4
35 1495 26.4
35 1496 26.4
35 1497 26.4
35 1498 26.4
35 1499 26.4
35 1500 26.4
35 1501 26.4
35 1502 26.4
35 1503 26.4
35 1504 26.4
35 1505 26.4
35 1506 26.4
35 1507 26.4
35 1508 26.4
35 1509 26.4
36 1510 26.4
36 1511 26.4
36 1512 26.4
36 1513 26.4
36 1514 26.4
36 1515 26.4
36 1516 26.4
36 1517 26.4
36 1518 26.4
36 1519 26.4
36 1520 26.4
36 1521 26.4
36 1522 26.4
36 1523 26.4
36 1524 26.4
36 1525 26.4
36 1526 26.4
36 1527 26.4
36 1528 26.4
36 1529 26.4
36 1530 26.4
36 1531 26.4
36 1532 26.4
36 1533 26.4
36 1534 26.4
36 1535 26.4
36 1536 26.4
36 1537 26.4
36 1538 26.4
36 1539 26.4
36 1540 26.4
36 1541 26.4
36 1542 26.4
36 1543 26.4
36 1544 26.4
36 1545 26.4
36 1546 26.4
36 1547 26.4
36 1548 26.4
36 1549 26.4
36 1550 26.4
36 1551 26.4
36 1552 26.4
36 1553 26.4
36 1554 26.4
36 1555 26.4
36 1556 26.4
36 1557 26.4
37 1558 26.4
37 1559 26.4
37 1560 26.4
37 1561 26.4
37 1562 26.4
37 1563 26.4
37 1564 26.4
37 1565 26.4
37 1566 26.4
37 1567 26.4
37 1568 26.4
37 1569 26.4
37 1570 26.4
37 1571 26.4
37 1572 26.4
37 1573 26.4
37 1574 26.4
37 1575 26.4
37 1576 26.4
37 1577 26.4
37 1578 26.4
37 1579 26.4
37 1580 26.4
37 1581 26.4
37 1582 26.4
37 1583 26.4
37 1584 26.4
37 1585 26.4
37 1586 26.4
37 1587 26.4
37 1588 26.4
37 1589 26.4
37 1590 26.4
37 1591 26.4
37 1592 26.4
37 1593 26.4
37 1594 26.4
37 1595 26.4
37 1596 26.4
37 1597 26.4
37 1598 26.4
37 1599 26.4
37 1600 26.4
37 1601 26.4
37 1602 26.4
37 1603 26.4
37 1604 26.4
37 1605 26.4
37 1606 26.4
38 1607 26.4
38 1608 26.4
38 1609 26.4
38 1610 26.4
38 1611 26.4
38 1612 26.4
38 1613 26.4
38 1614 26.4
38 1615 26.4
38 1616 26.4
38 1617 26.4
38 1618 26.4
38 1619 26.4
38 1620 26.4
38 1621 26.4
38 1622 26.4
38 1623 26.4
38 1624 26.4
38 1625 26.4
38 1626 26.4
38 1627 26.4
38 1628 26.4
38 1629 26.4
38 1630 26.4
38 1631 26.4
38 1632 26.4
38 1633 26.4
38 1634 26.4
38 1635 26.4
38 1636 26.4
38 1637 26.4
38 1638 26.4
38 1639 26.4
38 1640 26.4
38 1641 26.4
38 1642 26.4
38 1643 26.4
38 1644 26.4
38 1645 26.4
38 1646 26.4
38 1647 26.4
38 1648 26.4
38 1649 26.4
38 1650 26.4
38 1651 26.4
38 1652 26.4
38 1653 26.4
39 1654 26.4
39 1655 26.4
39 1656 26.4
39 1657 26.4
39 1658 26.4
39 1659 26.4
39 1660 26.4
39 1661 26.4
39 1662 26.4
39 1663 26.4
39 1664 26.4
39 1665 26.4
39 1666 26.4
39 1667 26.4
39 1668 26.4
39 1669 26.4
39 1670 26.4
39 1671 26.4
39 1672 26.4
39 1673 26.4
39 1674 26.4
39 1675 26.4
39 1676 26.4
39 1677 26.4
39 1678 26.4
39 1679 26.4
39 1680 26.4
39 1681 26.4
39 1682 26.4
39 1683 26.4
39 1684 26.4
39 1685 26.4
39 1686 26.4
39 1687 26.4
39 1688 26.4
39 1689 26.4
39 1690 26.4
39 1691 26.4
39 1692 26.4
39 1693 26.4
39 1694 26.4
39 1695 26.4
39 1696 26.4
39 1697 26.4
39 1698 26.4
39 1699 26.4
39 1700 26.4
39 1701 26.4
39 1702 26.4
40 1703 26.4
40 1704 26.4
40 1705 26.4
40 1706 26.4
40 1707 26.4
40 1708 26.4
40 1709 26.4
40 1710 26.4
40 1711 26.4
40 1712 26.4
40 1713 26.4
40 1714 26.4
40 1715 26.4
40 1716 26.4
40 1717 26.4
40 1718 26.4
40 1719 26.4
40 1720 26.4
40 1721 26.4
40 1722 26.4
40 1723 26.4
40 1724 26.4
40 1725 26.4
40 1726 26.4
40 1727 26.4
40 1728 26.4
40 1729 26.4
40 1730 26.4
40 1731 26.4
40 1732 26.4
40 1733 26.4
40 1734 26.4
40 1735 26.4
40 1736 26.4
40 1737 26.4
40 1738 26.4
40 1739 26.4
40 1740 26.4
40 1741 26.4
40 1742 26.4
40 1743 26.4
40 1744 26.4
40 1745 26.4
40 1746 26.4
40 1747 26.4
40 1748 26.4
40 1749 26.4
40 1750 26.4
40 1751 26.4
41 1752 26.4
41 1753 26.4
41 1754 26.4
41 1755 26.4
41 1756 26.4
41 1757 26.4
41 1758 26.4
41 1759 26.4
41 1760 26.4
41 1761 26.4
41 1762 26.4
41 1763 26.4
41 1764 26.4
41 1765 26.4
41 1766 26.4
41 1767 26.4
41 1768 26.4
41 1769 26.4
41 1770 26.4
41 1771 26.4
41 1772 26.4
41 1773 26.4
41 1774 26.4
41 1775 26.4
41 1776 26.4
41 1777 26.4
41 1778 26.4
41 1779 26.4
41 1780 26.4
41 1781 26.4
41 1782 26.4
41 1783 26.4
41 1784 26.4
41 1785 26.4
41 1786 26.4
41 1787 26.4
41 1788 26.4
41 1789 26.4
41 1790 26.4
41 1791 26.4
41 1792 26.4
41 1793 26.4
41 1794 26.4
41 1795 26.4
41 1796 26.4
41 1797 26.4
41 1798 26.4
41 1799 26.4
41 1800 26.4
41 1801 26.4
42 1802 26.4
42 1803 26.4
42 1804 26.4
42 1805 26.4
42 1806 26.4
42 1807 26.4
42 1808 26.4
42 1809 26.4
42 1810 26.4
42 1811 26.4
42 1812 26.4
42 1813 26.4
42 1814 26.4
42 1815 26.4
42 1816 26.4
42 1817 26.4
42 1818 26.4
42 1819 26.4
42 1820 26.4
42 1821 26.4
42 1822 26.4
42 1823 26.4
42 1824 26.4
42 1825 26.4
42 1826 26.4
42 1827 26.4
42 1828 26.4
42 1829 26.4
42 1830 26.4
42 1831 26.4
42 1832 26.4
42 1833 26.4
42 1834 26.4
42 1835 26.4
42 1836 26.4
42 1837 26.4
42 1838 26.4
42 1839 26.4
42 1840 26.4
42 1841 26.4
42 1842 26.4
42 1843 26.4
42 1844 26.4
42 1845 26.4
42 1846 26.4
42 1847 26.4
42 1848 26.4
42 1849 26.4
42 1850 26.4
42 1851 26.4
43 1852 26.4
43 1853 26.4
43 1854 26.4
43 1855 26.4
43 1856 26.4
43 1857 26.4
43 1858 26.4
43 1859 26.4
43 1860 26.4
43 1861 26.4
43 1862 26.4
43 1863 26.4
43 1864 26.4
43 1865 26.4
43 1866 26.4
43 1867 26.4
43 1868 26.4
43 1869 26.4
43 1870 26.4
43 1871 26.4
43 1872 26.4
43 1873 26.4
43 1874 26.4
43 1875 26.4
43 1876 26.4
43 1877 26.4
43 1878 26.4
43 1879 26.4
43 1880 26.4
43 1881 26.4
43 1882 26.4
43 1883 26.4
43 1884 26.4
43 1885 26.4
43 1886 26.4
43 1887 26.4
43 1888 26.4
43 1889 26.4
43 1890 26.4
43 1891 26.4
43 1892 26.4
43 1893 26.4
43 1894 26.4
43 1895 26.4
43 1896 26.4
43 1897 26.4
43 1898 26.4
43 1899 26.4
43 1900 26.4
43 1901 26.4
44 1902 26.4
44 1903 26.4
44 1904 26.4
44 1905 26.4
44 1906 26.4
44 1907 26.4
44 1908 26.4
44 1909 26.4
44 1910 26.4
44 1911 26.4
44 1912 26.4
44 1913 26.4
44 1914 26.4
44 1915 26.4
44 1916 26.4
44 1917 26.4
44 1918 26.4
44 1919 26.4
44 1920 26.4
44 1921 26.4
44 1922 26.4
44 1923 26.4
44 1924 26.4
44 1925 26.4
44 1926 26.4
44 1927 26.4
44 1928 26.4
44 1929 26.4
44 1930 26.2
44 1931 26.2
44 1932 26.2
44 1933 26.2
44 1934 26.2
44 1935 26.2
44 1936 26.2
44 1937 26.2
44 1938 26.2
44 1939 26.2
44 1940 26.2
44 1941 26.2
44 1942 26.2
44 1943 26.2
44 1944 26.2
44 1945 26.2
44 1946 26.2
44 1947 26.2
44 1948 26.2
45 1949 26.2
45 1950 26.2
45 1951 26.2
45 1952 26.2
45 1953 26.2
45 1954 26.2
45 1955 26.0
45 1956 26.0
45 1957 26.0
45 1958 26.0
45 1959 26.0
45 1960 26.0
45 1961 26.0
45 1962 26.0
45 1963 26.0
45 1964 26.0
45 1965 26.0
45 1966 26.0
45 1967 26.0
45 1968 26.0
45 1969 26.0
45 1970 26.0
45 1971 26.0
45 1972 26.0
45 1973 26.0
45 1974 26.0
45 1975 26.0
45 1976 26.0
45 1977 26.0
45 1978 26.0
45 1979 26.0
45 1980 26.0
45 1981 26.0
45 1982 26.0
45 1983 26.0
45 1984 26.0
45 1985 26.0
45 1986 26.0
45 1987 26.0
45 1988 26.0
45 1989 26.0
45 1990 26.0
45 1991 26.0
45 1992 26.0
45 1993 26.0
45 1994 26.0
46 1995 26.0
46 1996 26.0
46 1997 26.0
46 1998 26.0
46 1999 26.0
46 2000 26.0
46 2001 26.0
46 2002 26.0
46 2003 26.0
46 2004 26.0
46 2005 26.0
46 2006 26.0
46 2007 26.0
46 2008 26.0
46 2009 26.0
46 2010 26.0
46 2011 26.0
46 2012 26.0
46 2013 26.0
46 2014 26.0
46 2015 26.0
46 2016 26.0
46 2017 26.0
46 2018 26.0
46 2019 26.0
46 2020 26.0
46 2021 26.0
46 2022 26.0
46 2023 26.0
46 2024 26.0
46 2025 26.0
46 2026 26.0
46 2027 26.0
46 2028 26.0
46 2029 26.0
46 2030 26.0
46 2031 26.0
46 2032 26.0
46 2033 26.0
46 2034 26.0
46 2035 26.0
46 2036 26.0
46 2037 26.0
46 2038 26.0
46 2039 26.0
47 2040 26.0
47 2041 26.0
47 2042 26.0
47 2043 26.0
47 2044 26.0
47 2045 26.0
47 2046 26.0
47 2047 26.0
47 2048 26.0
47 2049 26.0
47 2050 26.0
47 2051 26.0
47 2052 26.0
47 2053 26.0
47 2054 26.0
47 2055 26.0
47 2056 26.0
47 2057 26.0
47 2058 26.0
47 2059 26.0
47 2060 26.0
47 2061 26.0
47 2062 26.0
47 2063 26.0
47 2064 26.0
47 2065 26.0
47 2066 26.0
47 2067 26.0
47 2068 26.0
47 2069 26.0
47 2070 26.0
47 2071 26.0
47 2072 26.0
47 2073 26.0
47 2074 26.0
47 2075 26.0
47 2076 26.0
47 2077 26.0
47 2078 26.0
47 2079 26.0
47 2080 26.0
47 2081 26.0
47 2082 26.0
48 2083 26.0
48 2084 26.0
48 2085 26.0
48 2086 26.0
48 2087 26.0
48 2088 26.0
48 2089 26.0
48 2090 26.0
48 2091 26.0
48 2092 26.0
48 2093 26.0
48 2094 26.0
48 2095 26.0
48 2096 26.0
48 2097 26.0
48 2098 26.0
48 2099 26.0
48 2100 26.0
48 2101 26.0
48 2102 26.0
48 2103 26.0
48 2104 26.0
48 2105 26.0
48 2106 26.0
48 2107 26.0
48 2108 26.0
48 2109 26.0
48 2110 26.0
48 2111 26.0
48 2112 26.0
48 2113 26.0
48 2114 26.0
48 2115 26.0
48 2116 26.0
48 2117 26.0
48 2118 26.0
48 2119 26.0
48 2120 26.0
48 2121 26.0
48 2122 26.0
48 2123 26.0
48 2124 26.0
48 2125 26.0
48 2126 26.0
49 2127 26.0
49 2128 26.0
49 2129 26.0
49 2130 26.0
49 2131 26.0
49 2132 26.0
49 2133 26.0
49 2134 26.0
49 2135 26.0
49 2136 26.0
49 2137 26.0
49 2138 26.0
49 2139 26.0
49 2140 26.0
49 2141 26.0
49 2142 26.0
49 2143 26.0
49 2144 26.0
49 2145 26.0
49 2146 26.0
49 2147 26.0
49 2148 26.0
49 2149 26.0
49 2150 26.0
49 2151 26.0
49 2152 26.0
49 2153 26.0
49 2154 26.0
49 2155 26.0
49 2156 26.0
49 2157 26.0
49 2158 26.0
49 2159 26.0
49 2160 26.0
49 2161 26.0
49 2162 26.0
49 2163 26.0
49 2164 26.0
49 2165 26.0
49 2166 26.0
49 2167 26.0
49 2168 26.0
49 2169 26.0
49 2170 26.0
49 2171 26.0
49 2172 26.0
49 2173 26.0
50 2174 26.0
50 2175 26.0
50 2176 26.0
50 2177 26.0
50 2178 26.0
50 2179 26.0
50 2180 26.0
50 2181 26.0
50 2182 26.0
50 2183 26.0
50 2184 26.0
50 2185 26.0
50 2186 26.0
50 2187 26.0
50 2188 26.0
50 2189 26.0
50 2190 26.0
50 2191 26.0
50 2192 26.0
50 2193 26.0
50 2194 26.0
50 2195 26.0
50 2196 26.0
50 2197 26.0
50 2198 26.0
50 2199 26.0
50 2200 26.0
50 2201 26.0
50 2202 26.0
50 2203 26.0
50 2204 26.0
50 2205 26.0
50 2206 26.0
50 2207 26.0
50 2208 26.0
50 2209 26.0
50 2210 26.0
50 2211 26.0
50 2212 26.0
50 2213 26.0
50 2214 26.0
50 2215 26.0
50 2216 26.0
50 2217 26.0
50 2218 26.0
50 2219 26.0
50 2220 26.0
50 2221 26.0
51 2222 26.0
51 2223 26.0
51 2224 26.0
51 2225 26.0
51 2226 26.0
51 2227 26.0
51 2228 26.0
51 2229 26.0
51 2230 26.0
51 2231 26.0
51 2232 26.0
51 2233 26.0
51 2234 26.0
51 2235 26.0
51 2236 26.0
51 2237 26.0
51 2238 26.0
51 2239 26.0
51 2240 26.0
51 2241 26.0
51 2242 26.0
51 2243 26.0
51 2244 26.0
51 2245 26.0
51 2246 26.0
51 2247 26.0
51 2248 26.0
51 2249 26.0
51 2250 26.0
51 2251 26.0
51 2252 26.0
51 2253 26.0
51 2254 26.0
51 2255 26.0
51 2256 26.0
51 2257 26.0
51 2258 26.0
51 2259 26.0
51 2260 26.0
51 2261 26.0
51 2262 26.0
51 2263 26.0
51 2264 26.0
51 2265 26.0
51 2266 26.0
52 2267 26.0
52 2268 26.0
52 2269 26.0
52 2270 26.0
52 2271 26.0
52 2272 26.0
52 2273 26.0
52 2274 26.0
52 2275 26.0
52 2276 26.0
52 2277 26.0
52 2278 26.0
52 2279 26.0
52 2280 26.0
52 2281 26.0
52 2282 26.0
52 2283 26.0
52 2284 26.0
52 2285 26.0
52 2286 26.0
52 2287 26.0
52 2288 26.0
52 2289 26.0
52 2290 26.0
52 2291 26.0
52 2292 26.0
52 2293 26.0
52 2294 26.0
52 2295 26.0
52 2296 26.0
52 2297 26.0
52 2298 26.0
52 2299 26.0
52 2300 26.0
52 2301 26.0
52 2302 26.0
52 2303 26.0
52 2304 26.0
52 2305 26.0
52 2306 26.0
52 2307 26.0
52 2308 26.0
52 2309 26.0
52 2310 26.0
52 2311 26.0
52 2312 26.0
52 2313 26.0
53 2314 26.0
53 2315 26.0
53 2316 26.0
53 2317 26.0
53 2318 26.0
53 2319 26.0
53 2320 26.0
53 2321 26.0
53 2322 26.0
53 2323 26.0
53 2324 26.0
53 2325 26.0
53 2326 26.0
53 2327 26.0
53 2328 26.0
53 2329 26.0
53 2330 26.0
53 2331 26.0
53 2332 26.0
53 2333 26.0
53 2334 26.0
53 2335 26.0
53 2336 26.0
53 2337 26.0
53 2338 26.0
53 2339 26.0
53 2340 26.0
53 2341 26.0
53 2342 26.0
53 2343 26.0
53 2344 26.0
53 2345 26.0
53 2346 26.0
53 2347 26.0
53 2348 26.0
53 2349 26.0
53 2350 26.0
53 2351 26.0
53 2352 26.0
53 2353 26.0
53 2354 26.0
53 2355 26.0
53 2356 26.0
53 2357 26.0
53 2358 26.0
54 2359 26.0
54 2360 26.0
54 2361 26.0
54 2362 26.0
54 2363 26.0
54 2364 26.0
54 2365 26.0
54 2366 26.0
54 2367 26.0
54 2368 26.0
54 2369 26.0
54 2370 26.0
54 2371 26.0
54 2372 26.0
54 2373 26.0
54 2374 26.0
54 2375 26.0
54 2376 26.0
54 2377 26.0
54 2378 26.0
54 2379 26.0
54 2380 26.0
54 2381 26.0
54 2382 26.0
54 2383 26.0
54 2384 26.0
54 2385 26.0
54 2386 26.0
54 2387 26.0
54 2388 26.0
54 2389 26.0
54 2390 26.0
54 2391 26.0
54 2392 26.0
54 2393 26.0
54 2394 26.0
54 2395 26.0
54 2396 26.0
54 2397 26.0
54 2398 26.0
54 2399 26.0
54 2400 26.0
54 2401 26.0
54 2402 26.0
54 2403 26.0
54 2404 26.0
54 2405 26.0
55 2406 26.0
55 2407 26.0
55 2408 26.0
55 2409 26.0
55 2410 26.0
55 2411 26.0
55 2412 26.0
55 2413 26.0
55 2414 26.0
55 2415 26.0
55 2416 26.0
55 2417 26.0
55 2418 26.0
55 2419 26.0
55 2420 26.0
55 2421 26.0
55 2422 26.0
55 2423 26.0
55 2424 26.0
55 2425 26.0
55 2426 26.0
55 2427 26.0
55 2428 26.0
55 2429 26.0
55 2430 26.0
55 2431 26.0
55 2432 26.0
55 2433 26.0
55 2434 26.0
55 2435 26.0
55 2436 26.0
55 2437 26.0
55 2438 26.0
55 2439 26.0
55 2440 26.0
55 2441 26.0
55 2442 26.0
55 2443 26.0
55 2444 26.0
55 2445 26.0
55 2446 26.0
55 2447 26.0
55 2448 26.0
55 2449 26.0
55 2450 26.0
56 2451 26.0
56 2452 26.0
56 2453 26.0
56 2454 26.0
56 2455 26.0
56 2456 26.0
56 2457 26.0
56 2458 26.0
56 2459 26.0
56 2460 26.0
56 2461 26.0
56 2462 26.0
56 2463 26.0
56 2464 26.0
56 2465 26.0
56 2466 26.0
56 2467 26.0
56 2468 26.0
56 2469 26.0
56 2470 26.0
56 2471 26.0
56 2472 26.0
56 2473 26.0
56 2474 26.0
56 2475 26.0
56 2476 26.0
56 2477 26.0
56 2478 26.0
56 2479 26.0
56 2480 26.0
56 2481 26.0
56 2482 26.0
56 2483 26.0
56 2484 26.0
56 2485 26.0
56 2486 26.0
56 2487 26.0
56 2488 26.0
56 2489 26.0
56 2490 26.0
56 2491 26.0
56 2492 26.0
56 2493 26.0
56 2494 26.0
56 2495 26.0
56 2496 26.0
56 2497 26.0
57 2498 26.0
57 2499 26.0
57 2500 26.0
57 2501 26.0
57 2502 26.0
57 2503 26.0
57 2504 26.0
57 2505 26.0
57 2506 26.0
57 2507 26.0
57 2508 26.0
57 2509 26.0
57 2510 26.0
57 2511 26.0
57 2512 26.0
57 2513 26.0
57 2514 26.0
57 2515 26.0
57 2516 26.0
57 2517 26.0
57 2518 26.0
57 2519 26.0
57 2520 26.0
57 2521 26.0
57 2522 26.0
57 2523 26.0
57 2524 26.0
57 2525 26.0
57 2526 26.0
57 2527 26.0
57 2528 26.0
57 2529 26.0
57 2530 26.0
57 2531 26.0
57 2532 26.0
57 2533 26.0
57 2534 26.0
57 2535 26.0
57 2536 26.0
57 2537 26.0
57 2538 26.0
57 2539 26.0
58 2540 26.0
58 2541 26.0
58 2542 26.0
58 2543 26.0
58 2544 26.0
58 2545 26.0
58 2546 26.0
58 2547 26.0
58 2548 26.0
58 2549 26.0
58 2550 26.0
58 2551 26.0
58 2552 26.0
58 2553 26.0
58 2554 26.0
58 2555 26.0
58 2556 26.0
58 2557 26.0
58 2558 26.0
58 2559 26.0
58 2560 26.0
58 2561 26.0
58 2562 26.0
58 2563 26.0
58 2564 26.0
58 2565 26.0
58 2566 26.0
58 2567 26.0
58 2568 26.0
58 2569 26.0
58 2570 26.0
58 2571 26.0
58 2572 26.0
58 2573 26.0
58 2574 26.0
58 2575 26.0
58 2576 26.0
58 2577 26.0
58 2578 26.0
58 2579 26.0
58 2580 26.0
59 2581 26.0
59 2582 26.0
59 2583 26.0
59 2584 26.0
59 2585 26.0
59 2586 26.0
59 2587 26.0
59 2588 26.0
59 2589 26.0
59 2590 26.0
59 2591 26.0
59 2592 26.0
59 2593 26.0
59 2594 26.0
59 2595 26.0
59 2596 26.0
59 2597 26.0
59 2598 26.0
59 2599 26.0
59 2600 26.0
59 2601 26.0
59 2602 26.0
59 2603 26.0
59 2604 26.0
59 2605 26.0
59 2606 26.0
59 2607 26.0
59 2608 26.0
59 2609 26.0
59 2610 26.0
59 2611 26.0
59 2612 26.0
59 2613 26.0
59 2614 26.0
59 2615 26.0
59 2616 26.0
59 2617 26.0
59 2618 26.0
59 2619 26.0
59 2620 26.0
59 2621 26.0
59 2622 26.0
59 2623 26.0
59 2624 26.0
59 2625 26.0
59 2626 25.9
59 2627 25.9
59 2628 25.9
60 2629 25.9
60 2630 25.9
60 2631 25.9
60 2632 25.8
60 2633 25.8
60 2634 25.8
60 2635 25.6
60 2636 25.6
60 2637 25.6
60 2638 25.6
60 2639 25.6
60 2640 25.6
60 2641 25.6
60 2642 25.6
60 2643 25.6
60 2644 25.6
60 2645 25.6
60 2646 25.6
60 2647 25.6
60 2648 25.6
60 2649 25.6
60 2650 25.6
60 2651 25.6
60 2652 25.6
60 2653 25.6
60 2654 25.6
60 2655 25.6
60 2656 25.6
60 2657 25.6
60 2658 25.6
60 2659 25.6
60 2660 25.6
60 2661 25.6
60 2662 25.6
60 2663 25.6
60 2664 25.6
60 2665 25.6
60 2666 25.6
60 2667 25.6
60 2668 25.6
60 2669 25.6
60 2670 25.6
60 2671 25.6
60 2672 25.6
60 2673 25.6
60 2674 25.6
60 2675 25.6
60 2676 25.6
60 2677 25.6
60 2678 25.6
60 2679 25.6
60 2680 25.6
60 2681 25.6
61 2682 25.6
61 2683 25.6
61 2684 25.6
61 2685 25.6
61 2686 25.6
61 2687 25.6
61 2688 25.6
61 2689 25.6
61 2690 25.6
61 2691 25.6
61 2692 25.6
61 2693 25.6
61 2694 25.6
61 2695 25.6
61 2696 25.6
61 2697 25.6
61 2698 25.6
61 2699 25.6
61 2700 25.6
61 2701 25.6
61 2702 25.6
61 2703 25.6
61 2704 25.6
61 2705 25.6
61 2706 25.6
61 2707 25.6
61 2708 25.6
61 2709 25.6
61 2710 25.6
61 2711 25.6
61 2712 25.6
61 2713 25.6
61 2714 25.6
61 2715 25.6
61 2716 25.6
61 2717 25.6
61 2718 25.6
61 2719 25.6
61 2720 25.6
61 2721 25.6
61 2722 25.6
61 2723 25.6
61 2724 25.6
61 2725 25.6
61 2726 25.6
61 2727 25.6
61 2728 25.6
61 2729 25.6
61 2730 25.6
61 2731 25.6
62 2732 25.6
62 2733 25.6
62 2734 25.6
62 2735 25.6
62 2736 25.6
62 2737 25.6
62 2738 25.6
62 2739 25.6
62 2740 25.6
62 2741 25.6
62 2742 25.6
62 2743 25.6
62 2744 25.6
62 2745 25.6
62 2746 25.6
62 2747 25.6
62 2748 25.6
62 2749 25.6
62 2750 25.6
62 2751 25.6
62 2752 25.6
62 2753 25.6
62 2754 25.6
62 2755 25.6
62 2756 25.6
62 2757 25.6
62 2758 25.6
62 2759 25.6
62 2760 25.6
62 2761 25.6
62 2762 25.6
62 2763 25.6
62 2764 25.6
62 2765 25.6
62 2766 25.6
62 2767 25.6
62 2768 25.6
62 2769 25.6
62 2770 25.6
62 2771 25.6
62 2772 25.6
62 2773 25.6
62 2774 25.6
62 2775 25.6
62 2776 25.6
62 2777 25.6
62 2778 25.6
62 2779 25.6
62 2780 25.6
62 2781 25.6
63 2782 25.6
63 2783 25.6
63 2784 25.6
63 2785 25.6
63 2786 25.6
63 2787 25.6
63 2788 25.6
63 2789 25.6
63 2790 25.6
63 2791 25.6
63 2792 25.6
63 2793 25.6
63 2794 25.6
63 2795 25.6
63 2796 25.6
63 2797 25.6
63 2798 25.6
63 2799 25.6
63 2800 25.6
63 2801 25.6
63 2802 25.6
63 2803 25.6
63 2804 25.6
63 2805 25.6
63 2806 25.6
63 2807 25.6
63 2808 25.6
63 2809 25.6
63 2810 25.6
63 2811 25.6
63 2812 25.6
63 2813 25.6
63 2814 25.6
63 2815 25.6
63 2816 25.6
63 2817 25.6
63 2818 25.6
63 2819 25.6
63 2820 25.6
63 2821 25.6
63 2822 25.6
63 2823 25.6
63 2824 25.6
63 2825 25.6
63 2826 25.6
63 2827 25.6
63 2828 25.6
63 2829 25.6
63 2830 25.6
63 2831 25.6
63 2832 25.6
64 2833 25.6
64 2834 25.6
64 2835 25.6
64 2836 25.6
64 2837 25.6
64 2838 25.6
64 2839 25.6
64 2840 25.6
64 2841 25.6
64 2842 25.6
64 2843 25.6
64 2844 25.6
64 2845 25.6
64 2846 25.6
64 2847 25.6
64 2848 25.6
64 2849 25.6
64 2850 25.6
64 2851 25.6
64 2852 25.6
64 2853 25.6
64 2854 25.6
64 2855 25.6
64 2856 25.6
64 2857 25.6
64 2858 25.6
64 2859 25.6
64 2860 25.6
64 2861 25.6
64 2862 25.6
64 2863 25.6
64 2864 25.6
64 2865 25.6
64 2866 25.6
64 2867 25.6
64 2868 25.6
64 2869 25.6
64 2870 25.6
64 2871 25.6
64 2872 25.6
64 2873 25.6
64 2874 25.6
65 2875 25.6
65 2876 25.6
65 2877 25.6
65 2878 25.6
65 2879 25.6
65 2880 25.6
65 2881 25.6
65 2882 25.6
65 2883 25.6
65 2884 25.6
65 2885 25.6
65 2886 25.6
65 2887 25.6
65 2888 25.6
65 2889 25.6
65 2890 25.6
65 2891 25.6
65 2892 25.6
65 2893 25.6
65 2894 25.6
65 2895 25.6
65 2896 25.6
65 2897 25.6
65 2898 25.6
65 2899 25.6
65 2900 25.6
65 2901 25.6
65 2902 25.6
65 2903 25.6
65 2904 25.6
65 2905 25.6
65 2906 25.6
65 2907 25.6
65 2908 25.6
65 2909 25.6
65 2910 25.6
65 2911 25.6
65 2912 25.6
65 2913 25.6
65 2914 25.6
65 2915 25.6
65 2916 25.6
65 2917 25.6
65 2918 25.6
65 2919 25.6
65 2920 25.6
65 2921 25.6
65 2922 25.6
65 2923 25.6
66 2924 25.6
66 2925 25.6
66 2926 25.6
66 2927 25.6
66 2928 25.6
66 2929 25.6
66 2930 25.6
66 2931 25.6
66 2932 25.6
66 2933 25.6
66 2934 25.6
66 2935 25.6
66 2936 25.6
66 2937 25.6
66 2938 25.6
66 2939 25.6
66 2940 25.6
66 2941 25.6
66 2942 25.6
66 2943 25.6
66 2944 25.6
66 2945 25.6
66 2946 25.6
66 2947 25.6
66 2948 25.5
66 2949 25.5
66 2950 25.5
66 2951 25.5
66 2952 25.5
66 2953 25.5
66 2954 25.5
66 2955 25.5
66 2956 25.5
66 2957 25.5
66 2958 25.5
66 2959 25.1
66 2960 25.1
66 2961 25.1
66 2962 25.0
66 2963 25.0
66 2964 24.4
66 2965 24.4
66 2966 24.4
66 2967 24.4
66 2968 24.4
66 2969 24.4
66 2970 24.4
66 2971 24.4
66 2972 24.4
67 2973 24.4
67 2974 24.4
67 2975 24.4
67 2976 24.3
67 2977 24.3
67 2978 24.3
67 2979 24.2
67 2980 24.2
67 2981 24.2
67 2982 24.2
67 2983 24.0
67 2984 24.0
67 2985 24.0
67 2986 24.0
67 2987 24.0
67 2988 24.0
67 2989 24.0
67 2990 24.0
67 2991 24.0
67 2992 24.0
67 2993 24.0
67 2994 24.0
67 2995 24.0
67 2996 24.0
67 2997 24.0
67 2998 24.0
67 2999 24.0
67 3000 24.0
67 3001 24.0
67 3002 24.0
67 3003 24.0
67 3004 24.0
67 3005 24.0
67 3006 24.0
67 3007 24.0
67 3008 24.0
67 3009 24.0
67 3010 24.0
67 3011 24.0
67 3012 24.0
67 3013 24.0
67 3014 24.0
67 3015 24.0
67 3016 24.0
67 3017 24.0
67 3018 24.0
67 3019 24.0
67 3020 24.0
67 3021 24.0
67 3022 24.0
67 3023 24.0
67 3024 24.0
67 3025 24.0
67 3026 24.0
67 3027 24.0
67 3028 24.0
67 3029 24.0
67 3030 24.0
68 3031 24.0
68 3032 24.0
68 3033 23.8
68 3034 23.8
68 3035 22.8
68 3036 22.8
68 3037 22.8
68 3038 22.8
68 3039 22.8
68 3040 22.6
68 3041 22.6
68 3042 22.6
68 3043 22.6
68 3044 22.6
68 3045 22.6
68 3046 22.4
68 3047 22.4
68 3048 22.4
68 3049 22.4
68 3050 22.4
68 3051 22.4
68 3052 22.4
68 3053 22.4
68 3054 22.4
68 3055 22.4
68 3056 22.4
68 3057 22.0
68 3058 22.0
68 3059 22.0
68 3060 22.0
68 3061 22.0
68 3062 22.0
68 3063 22.0
68 3064 22.0
68 3065 22.0
68 3066 22.0
68 3067 22.0
68 3068 22.0
68 3069 22.0
68 3070 22.0
68 3071 22.0
68 3072 21.3
68 3073 21.3
68 3074 21.3
68 3075 21.3
68 3076 21.0
68 3077 21.0
68 3078 20.0
68 3079 20.0
68 3080 20.0
68 3081 20.0
68 3082 20.0
69 3083 19.7
69 3084 19.7
69 3085 19.7
69 3086 19.7
69 3087 19.7
69 3088 19.6
69 3089 19.6
69 3090 19.6
69 3091 19.6
69 3092 19.6
69 3093 19.6
69 3094 19.6
69 3095 19.6
69 3096 19.6
69 3097 19.6
69 3098 19.6
69 3099 19.6
69 3100 19.6
69 3101 19.6
69 3102 19.6
69 3103 19.6
69 3104 19.6
69 3105 19.6
69 3106 19.6
69 3107 19.6
69 3108 19.6
69 3109 19.6
69 3110 19.6
69 3111 19.6
69 3112 19.6
69 3113 19.6
69 3114 19.6
69 3115 19.6
69 3116 19.6
69 3117 19.6
69 3118 19.6
69 3119 19.6
69 3120 19.6
69 3121 19.6
69 3122 19.4
69 3123 19.4
69 3124 19.4
69 3125 19.4
69 3126 19.4
69 3127 19.4
69 3128 19.4
69 3129 19.4
69 3130 19.4
69 3131 19.4
69 3132 19.4
69 3133 19.4
70 3134 19.4
70 3135 19.4
70 3136 19.4
70 3137 19.4
70 3138 19.4
70 3139 19.4
70 3140 19.4
70 3141 19.4
70 3142 19.4
70 3143 19.4
70 3144 19.4
70 3145 19.4
70 3146 19.4
70 3147 19.4
70 3148 19.4
70 3149 19.4
70 3150 19.4
70 3151 19.4
70 3152 19.4
70 3153 19.4
70 3154 19.4
70 3155 19.4
70 3156 19.4
70 3157 19.4
70 3158 19.2
70 3159 19.2
70 3160 19.2
70 3161 19.2
70 3162 19.2
70 3163 19.2
70 3164 19.2
70 3165 18.6
70 3166 18.6
70 3167 18.6
70 3168 18.0
70 3169 18.0
70 3170 18.0
70 3171 18.0
70 3172 18.0
70 3173 17.8
70 3174 17.8
70 3175 17.2
70 3176 17.2
70 3177 17.2
70 3178 17.2
70 3179 17.2
70 3180 17.2
70 3181 17.0
70 3182 17.0
70 3183 17.0
70 3184 17.0
70 3185 17.0
70 3186 17.0
71 3187 17.0
71 3188 17.0
71 3189 17.0
71 3190 16.4
71 3191 16.4
71 3192 16.4
71 3193 16.4
71 3194 16.4
71 3195 16.4
71 3196 16.4
71 3197 16.4
71 3198 16.4
71 3199 16.4
71 3200 16.4
71 3201 16.4
71 3202 16.4
71 3203 16.2
71 3204 16.2
71 3205 16.2
71 3206 16.2
71 3207 16.2
71 3208 16.2
71 3209 16.2
71 3210 16.2
71 3211 16.2
71 3212 16.2
71 3213 16.2
71 3214 16.2
71 3215 16.2
71 3216 16.2
71 3217 16.2
71 3218 16.2
71 3219 16.2
71 3220 16.2
71 3221 16.2
71 3222 16.2
71 3223 16.2
71 3224 16.2
71 3225 16.2
71 3226 16.2
71 3227 16.2
71 3228 16.2
71 3229 16.2
71 3230 16.2
71 3231 16.2
71 3232 16.2
71 3233 16.2
71 3234 16.2
71 3235 16.2
71 3236 16.2
71 3237 16.2
71 3238 16.2
71 3239 16.2
71 3240 16.2
71 3241 16.2
71 3242 16.2
72 3243 16.2
72 3244 16.2
72 3245 16.2
72 3246 16.2
72 3247 16.2
72 3248 16.2
72 3249 16.2
72 3250 16.2
72 3251 16.2
72 3252 16.2
72 3253 16.2
72 3254 16.2
72 3255 16.2
72 3256 16.2
72 3257 16.2
72 3258 16.2
72 3259 16.2
72 3260 16.2
72 3261 16.2
72 3262 16.2
72 3263 16.2
72 3264 16.2
72 3265 16.2
72 3266 16.2
72 3267 16.2
72 3268 16.2
72 3269 16.2
72 3270 16.2
72 3271 16.2
72 3272 16.2
72 3273 16.2
72 3274 16.2
72 3275 16.2
72 3276 16.2
72 3277 16.2
72 3278 16.2
72 3279 16.2
72 3280 16.2
72 3281 16.2
72 3282 16.2
72 3283 16.2
72 3284 16.2
72 3285 16.2
72 3286 16.2
72 3287 16.2
72 3288 16.2
72 3289 16.2
72 3290 16.2
72 3291 16.2
72 3292 16.2
73 3293 16.2
73 3294 16.2
73 3295 16.2
73 3296 16.2
73 3297 16.2
73 3298 16.2
73 3299 16.2
73 3300 16.2
73 3301 16.2
73 3302 16.2
73 3303 16.2
73 3304 16.2
73 3305 16.2
73 3306 16.2
73 3307 16.2
73 3308 16.2
73 3309 16.2
73 3310 16.2
73 3311 16.2
73 3312 16.2
73 3313 16.2
73 3314 16.2
73 3315 16.2
73 3316 16.2
73 3317 16.2
73 3318 16.2
73 3319 16.2
73 3320 16.2
73 3321 16.2
73 3322 16.2
73 3323 16.2
73 3324 16.2
73 3325 16.2
73 3326 16.2
73 3327 16.2
73 3328 16.2
73 3329 16.2
73 3330 16.2
73 3331 16.2
73 3332 16.2
73 3333 16.2
73 3334 16.2
73 3335 16.2
73 3336 16.2
73 3337 16.2
73 3338 16.2
73 3339 16.2
73 3340 16.2
73 3341 16.2
73 3342 16.2
74 3343 16.2
74 3344 16.2
74 3345 16.2
74 3346 16.2
74 3347 16.2
74 3348 16.2
74 3349 16.2
74 3350 16.2
74 3351 16.2
74 3352 16.2
74 3353 16.2
74 3354 16.2
74 3355 16.2
74 3356 16.2
74 3357 16.2
74 3358 16.2
74 3359 16.2
74 3360 16.2
74 3361 16.2
74 3362 16.2
74 3363 16.2
74 3364 16.2
74 3365 16.2
74 3366 16.2
74 3367 16.2
74 3368 16.2
74 3369 16.2
74 3370 16.2
74 3371 16.2
74 3372 16.2
74 3373 16.2
74 3374 16.2
74 3375 16.2
74 3376 16.2
74 3377 16.2
74 3378 16.2
74 3379 16.2
74 3380 16.2
74 3381 16.2
74 3382 16.2
74 3383 16.2
74 3384 16.2
74 3385 16.2
74 3386 16.2
74 3387 16.2
74 3388 16.2
74 3389 16.2
74 3390 16.2
75 3391 16.2
75 3392 16.2
75 3393 16.2
75 3394 16.2
75 3395 16.2
75 3396 16.2
75 3397 16.2
75 3398 16.2
75 3399 16.2
75 3400 16.2
75 3401 16.2
75 3402 16.2
75 3403 16.2
75 3404 16.2
75 3405 16.2
75 3406 16.2
75 3407 16.2
75 3408 16.2
75 3409 16.2
75 3410 16.2
75 3411 16.2
75 3412 16.2
75 3413 16.2
75 3414 16.2
75 3415 16.2
75 3416 16.2
75 3417 16.2
75 3418 16.2
75 3419 16.2
75 3420 16.2
75 3421 16.2
75 3422 16.2
75 3423 16.2
75 3424 16.2
75 3425 16.2
75 3426 16.2
75 3427 16.2
75 3428 16.2
75 3429 16.2
75 3430 16.2
75 3431 16.2
75 3432 16.2
75 3433 16.2
75 3434 16.2
75 3435 16.2
75 3436 16.2
75 3437 16.2
75 3438 16.2
75 3439 16.2
75 3440 16.2
75 3441 16.2
76 3442 16.2
76 3443 16.2
76 3444 16.2
76 3445 16.2
76 3446 16.2
76 3447 16.2
76 3448 16.2
76 3449 16.2
76 3450 16.2
76 3451 16.2
76 3452 16.2
76 3453 16.2
76 3454 16.2
76 3455 16.2
76 3456 16.2
76 3457 16.2
76 3458 16.2
76 3459 16.2
76 3460 16.2
76 3461 16.2
76 3462 16.2
76 3463 16.2
76 3464 16.2
76 3465 16.2
76 3466 16.2
76 3467 16.2
76 3468 16.2
76 3469 16.2
76 3470 16.2
76 3471 16.2
76 3472 16.2
76 3473 16.2
76 3474 16.2
76 3475 16.2
76 3476 16.2
76 3477 16.2
76 3478 16.2
76 3479 16.2
76 3480 16.2
76 3481 16.2
76 3482 16.2
76 3483 16.2
76 3484 16.2
76 3485 16.2
76 3486 16.2
76 3487 16.2
76 3488 16.2
76 3489 16.2
76 3490 16.2
76 3491 16.2
76 3492 16.2
77 3493 16.2
77 3494 16.2
77 3495 16.2
77 3496 16.2
77 3497 16.2
77 3498 16.2
77 3499 16.2
77 3500 16.2
77 3501 16.2
77 3502 16.2
77 3503 16.2
77 3504 16.2
77 3505 16.2
77 3506 16.2
77 3507 16.2
77 3508 16.2
77 3509 16.2
77 3510 16.2
77 3511 16.2
77 3512 16.2
77 3513 16.2
77 3514 16.2
77 3515 16.2
77 3516 16.2
77 3517 16.2
77 3518 16.2
77 3519 16.2
77 3520 16.2
77 3521 16.2
77 3522 16.2
77 3523 16.2
77 3524 16.2
77 3525 16.2
77 3526 16.2
77 3527 16.2
77 3528 16.2
77 3529 16.2
77 3530 16.2
77 3531 16.2
77 3532 16.2
77 3533 16.2
77 3534 16.2
77 3535 16.2
77 3536 16.2
77 3537 16.2
77 3538 16.2
77 3539 16.2
77 3540 16.2
77 3541 16.2
77 3542 16.2
77 3543 16.2
77 3544 16.2
77 3545 16.2
78 3546 16.2
78 3547 16.2
78 3548 16.2
78 3549 16.2
78 3550 16.2
78 3551 16.2
78 3552 16.2
78 3553 16.2
78 3554 16.2
78 3555 16.2
78 3556 16.2
78 3557 16.2
78 3558 16.2
78 3559 16.2
78 3560 16.2
78 3561 16.2
78 3562 16.2
78 3563 16.2
78 3564 16.2
78 3565 16.2
78 3566 16.2
78 3567 16.2
78 3568 16.2
78 3569 16.2
78 3570 16.2
78 3571 16.2
78 3572 16.2
78 3573 16.2
78 3574 16.2
78 3575 16.2
78 3576 16.2
78 3577 16.2
78 3578 16.2
78 3579 16.2
78 3580 16.2
78 3581 16.2
78 3582 16.2
78 3583 16.2
78 3584 16.2
78 3585 16.2
78 3586 16.2
78 3587 16.2
78 3588 16.2
78 3589 16.2
78 3590 16.2
78 3591 16.2
78 3592 16.2
78 3593 16.2
78 3594 16.2
78 3595 16.2
78 3596 16.2
79 3597 16.2
79 3598 16.2
79 3599 16.2
79 3600 16.2
79 3601 16.2
79 3602 16.2
79 3603 16.2
79 3604 16.2
79 3605 16.2
79 3606 16.2
79 3607 16.2
79 3608 16.2
79 3609 16.2
79 3610 16.2
79 3611 16.2
79 3612 16.2
79 3613 16.2
79 3614 16.2
79 3615 16.2
79 3616 16.2
79 3617 16.2
79 3618 16.2
79 3619 16.2
79 3620 16.2
79 3621 16.2
79 3622 16.2
79 3623 16.2
79 3624 16.2
79 3625 16.2
79 3626 16.2
79 3627 16.2
79 3628 16.2
79 3629 16.2
79 3630 16.2
79 3631 16.2
79 3632 16.2
79 3633 16.2
79 3634 16.2
79 3635 16.2
79 3636 16.2
79 3637 16.2
79 3638 16.2
79 3639 16.2
79 3640 16.2
79 3641 16.2
79 3642 16.2
79 3643 16.2
79 3644 16.2
79 3645 16.2
79 3646 16.2
79 3647 16.2
79 3648 16.2
79 3649 16.2
79 3650 16.2
80 3651 16.2
80 3652 16.2
80 3653 16.2
80 3654 16.2
80 3655 16.2
80 3656 16.2
80 3657 16.2
80 3658 16.2
80 3659 16.2
80 3660 16.2
80 3661 16.2
80 3662 16.2
80 3663 16.2
80 3664 16.2
80 3665 16.2
80 3666 16.2
80 3667 16.2
80 3668 16.2
80 3669 16.2
80 3670 16.2
80 3671 16.2
80 3672 16.2
80 3673 16.2
80 3674 16.2
80 3675 16.2
80 3676 16.2
80 3677 16.2
80 3678 16.2
80 3679 16.2
80 3680 16.2
80 3681 16.2
80 3682 16.2
80 3683 16.2
80 3684 16.2
80 3685 16.2
80 3686 16.2
80 3687 16.2
80 3688 16.2
80 3689 16.2
80 3690 16.2
80 3691 16.2
80 3692 16.2
80 3693 16.2
80 3694 16.2
80 3695 16.2
80 3696 16.2
80 3697 16.2
80 3698 16.2
80 3699 16.2
80 3700 16.2
80 3701 16.2
80 3702 16.2
80 3703 16.2
80 3704 16.2
80 3705 16.2
81 3706 16.2
81 3707 16.2
81 3708 16.2
81 3709 16.2
81 3710 16.2
81 3711 16.2
81 3712 16.2
81 3713 16.2
81 3714 16.2
81 3715 16.2
81 3716 16.2
81 3717 16.2
81 3718 16.2
81 3719 16.2
81 3720 16.2
81 3721 16.2
81 3722 16.2
81 3723 16.2
81 3724 16.2
81 3725 16.2
81 3726 16.2
81 3727 16.2
81 3728 16.2
81 3729 16.2
81 3730 16.2
81 3731 16.2
81 3732 16.2
81 3733 16.2
81 3734 16.2
81 3735 16.2
81 3736 16.2
81 3737 16.2
81 3738 16.2
81 3739 16.2
81 3740 16.2
81 3741 16.2
81 3742 16.2
81 3743 16.2
81 3744 16.2
81 3745 16.2
81 3746 16.2
81 3747 16.2
81 3748 16.2
81 3749 16.2
81 3750 16.2
81 3751 16.2
81 3752 16.2
81 3753 16.2
81 3754 16.2
81 3755 16.2
81 3756 16.2
81 3757 16.2
82 3758 16.2
82 3759 16.2
82 3760 16.2
82 3761 16.2
82 3762 16.2
82 3763 16.2
82 3764 16.2
82 3765 16.2
82 3766 16.2
82 3767 16.2
82 3768 16.2
82 3769 16.2
82 3770 16.2
82 3771 16.2
82 3772 16.2
82 3773 16.2
82 3774 16.2
82 3775 16.2
82 3776 16.2
82 3777 16.2
82 3778 16.2
82 3779 16.2
82 3780 16.2
82 3781 16.2
82 3782 16.2
82 3783 16.2
82 3784 16.2
82 3785 16.2
82 3786 16.2
82 3787 16.2
82 3788 16.2
82 3789 16.2
82 3790 16.2
82 3791 16.2
82 3792 16.2
82 3793 16.2
82 3794 16.2
82 3795 16.2
82 3796 16.2
82 3797 16.2
82 3798 16.2
82 3799 16.2
82 3800 16.2
82 3801 16.2
82 3802 16.2
82 3803 16.2
82 3804 16.2
82 3805 16.2
82 3806 16.2
82 3807 16.2
82 3808 16.2
82 3809 16.2
83 3810 16.2
83 3811 16.2
83 3812 16.2
83 3813 16.2
83 3814 16.2
83 3815 16.2
83 3816 16.2
83 3817 16.2
83 3818 16.2
83 3819 16.2
83 3820 16.2
83 3821 16.2
83 3822 16.2
83 3823 16.2
83 3824 16.2
83 3825 16.2
83 3826 16.2
83 3827 16.2
83 3828 16.2
83 3829 16.2
83 3830 16.2
83 3831 16.2
83 3832 16.2
83 3833 16.2
83 3834 16.2
83 3835 16.2
83 3836 16.2
83 3837 16.2
83 3838 16.2
83 3839 16.2
83 3840 16.2
83 3841 16.2
83 3842 16.2
83 3843 16.2
83 3844 16.2
83 3845 16.2
83 3846 16.2
83 3847 16.2
83 3848 16.2
83 3849 16.2
83 3850 16.2
83 3851 16.2
83 3852 16.2
83 3853 16.2
83 3854 16.2
83 3855 16.2
83 3856 16.2
83 3857 16.2
83 3858 16.2
83 3859 16.2
83 3860 16.2
84 3861 16.2
84 3862 16.2
84 3863 16.2
84 3864 16.2
84 3865 16.2
84 3866 16.2
84 3867 16.2
84 3868 16.2
84 3869 16.2
84 3870 16.2
84 3871 16.2
84 3872 16.2
84 3873 16.2
84 3874 16.2
84 3875 16.2
84 3876 16.2
84 3877 16.2
84 3878 16.2
84 3879 16.2
84 3880 16.2
84 3881 16.2
84 3882 16.2
84 3883 16.2
84 3884 16.2
84 3885 16.2
84 3886 16.2
84 3887 16.2
84 3888 16.2
84 3889 16.2
84 3890 16.2
84 3891 16.2
84 3892 16.2
84 3893 16.2
84 3894 16.2
84 3895 16.2
84 3896 16.2
84 3897 16.2
84 3898 16.2
84 3899 16.2
84 3900 16.2
84 3901 16.2
84 3902 16.2
84 3903 16.2
84 3904 16.2
84 3905 16.2
84 3906 16.2
84 3907 16.2
84 3908 16.2
84 3909 16.2
84 3910 16.2
84 3911 16.2
84 3912 16.2
84 3913 16.2
85 3914 16.2
85 3915 16.2
85 3916 16.2
85 3917 16.2
85 3918 16.2
85 3919 16.2
85 3920 16.2
85 3921 16.2
85 3922 16.2
85 3923 16.2
85 3924 16.2
85 3925 16.2
85 3926 16.2
85 3927 16.2
85 3928 16.2
85 3929 16.2
85 3930 16.2
85 3931 16.2
85 3932 16.2
85 3933 16.2
85 3934 16.2
85 3935 16.2
85 3936 16.2
85 3937 16.2
85 3938 16.2
85 3939 16.2
85 3940 16.2
85 3941 16.2
85 3942 16.2
85 3943 16.2
85 3944 16.2
85 3945 16.2
85 3946 16.2
85 3947 16.2
85 3948 16.2
85 3949 16.2
85 3950 16.2
85 3951 16.2
85 3952 16.2
85 3953 16.2
85 3954 16.2
85 3955 16.2
85 3956 16.2
85 3957 16.2
85 3958 16.2
85 3959 16.2
85 3960 16.2
85 3961 16.2
85 3962 16.2
85 3963 16.2
85 3964 16.2
86 3965 16.2
86 3966 16.2
86 3967 16.2
86 3968 16.2
86 3969 16.2
86 3970 16.2
86 3971 16.2
86 3972 16.2
86 3973 16.2
86 3974 16.2
86 3975 16.2
86 3976 16.2
86 3977 16.2
86 3978 16.2
86 3979 16.2
86 3980 16.2
86 3981 16.2
86 3982 16.2
86 3983 16.2
86 3984 16.2
86 3985 16.2
86 3986 16.2
86 3987 16.2
86 3988 16.2
86 3989 16.2
86 3990 16.2
86 3991 16.2
86 3992 16.2
86 3993 16.2
86 3994 16.2
86 3995 16.2
86 3996 16.2
86 3997 16.2
86 3998 16.2
86 3999 16.2
86 4000 16.2
86 4001 16.2
86 4002 16.2
86 4003 16.2
86 4004 16.2
86 4005 16.2
86 4006 16.2
86 4007 16.2
86 4008 16.2
86 4009 16.2
86 4010 16.2
86 4011 16.2
86 4012 16.2
86 4013 16.2
86 4014 16.2
87 4015 16.2
87 4016 16.2
87 4017 16.2
87 4018 16.2
87 4019 16.2
87 4020 16.2
87 4021 16.2
87 4022 16.2
87 4023 16.2
87 4024 16.2
87 4025 16.2
87 4026 16.2
87 4027 16.2
87 4028 16.2
87 4029 16.2
87 4030 16.2
87 4031 16.2
87 4032 16.2
87 4033 16.2
87 4034 16.2
87 4035 16.2
87 4036 16.2
87 4037 16.2
87 4038 16.2
87 4039 16.2
87 4040 16.2
87 4041 16.2
87 4042 16.2
87 4043 16.2
87 4044 16.2
87 4045 16.2
87 4046 16.2
87 4047 16.2
87 4048 16.2
87 4049 16.2
87 4050 16.2
87 4051 16.2
87 4052 16.2
87 4053 16.2
87 4054 16.2
87 4055 16.2
87 4056 16.2
87 4057 16.2
87 4058 16.2
87 4059 16.2
87 4060 16.2
87 4061 16.2
87 4062 16.2
87 4063 16.2
87 4064 16.2
88 4065 16.2
88 4066 16.2
88 4067 16.2
88 4068 16.2
88 4069 16.2
88 4070 16.2
88 4071 16.2
88 4072 16.2
88 4073 16.2
88 4074 16.2
88 4075 16.2
88 4076 16.2
88 4077 16.2
88 4078 16.2
88 4079 16.2
88 4080 16.2
88 4081 16.2
88 4082 16.2
88 4083 16.2
88 4084 16.2
88 4085 16.2
88 4086 16.2
88 4087 16.2
88 4088 16.2
88 4089 16.2
88 4090 16.2
88 4091 16.2
88 4092 16.2
88 4093 16.2
88 4094 16.2
88 4095 16.2
88 4096 16.2
88 4097 16.2
88 4098 16.2
88 4099 16.2
88 4100 16.2
88 4101 16.2
88 4102 16.2
88 4103 16.2
88 4104 16.2
88 4105 16.2
88 4106 16.2
88 4107 16.2
88 4108 16.2
88 4109 16.2
88 4110 16.2
88 4111 16.2
88 4112 16.2
88 4113 16.2
88 4114 16.2
88 4115 16.2
88 4116 16.2
88 4117 16.2
89 4118 16.2
89 4119 16.2
89 4120 16.2
89 4121 16.2
89 4122 16.2
89 4123 16.2
89 4124 16.2
89 4125 16.2
89 4126 16.2
89 4127 16.2
89 4128 16.2
89 4129 16.2
89 4130 16.2
89 4131 16.2
89 4132 16.2
89 4133 16.2
89 4134 16.2
89 4135 16.2
89 4136 16.2
89 4137 16.2
89 4138 16.2
89 4139 16.2
89 4140 16.2
89 4141 16.2
89 4142 16.2
89 4143 16.2
89 4144 16.2
89 4145 16.2
89 4146 16.2
89 4147 16.2
89 4148 16.2
89 4149 16.2
89 4150 16.2
89 4151 16.2
89 4152 16.2
89 4153 16.2
89 4154 16.2
89 4155 16.2
89 4156 16.2
89 4157 16.2
89 4158 16.2
89 4159 16.2
89 4160 16.2
89 4161 16.2
89 4162 16.2
89 4163 16.2
89 4164 16.2
89 4165 16.2
89 4166 16.2
89 4167 16.2
89 4168 16.2
89 4169 16.2
90 4170 16.2
90 4171 16.2
90 4172 16.2
90 4173 16.2
90 4174 16.2
90 4175 16.2
90 4176 16.2
90 4177 16.2
90 4178 16.2
90 4179 16.2
90 4180 16.2
90 4181 16.2
90 4182 16.2
90 4183 16.2
90 4184 16.2
90 4185 16.2
90 4186 16.2
90 4187 16.2
90 4188 16.2
90 4189 16.2
90 4190 16.2
90 4191 16.2
90 4192 16.2
90 4193 16.2
90 4194 16.2
90 4195 16.2
90 4196 16.2
90 4197 16.2
90 4198 16.2
90 4199 16.2
90 4200 16.2
90 4201 16.2
90 4202 16.2
90 4203 16.2
90 4204 16.2
90 4205 16.2
90 4206 16.2
90 4207 16.2
90 4208 16.2
90 4209 16.2
90 4210 16.2
90 4211 16.2
90 4212 16.2
90 4213 16.2
90 4214 16.2
90 4215 16.2
90 4216 16.2
90 4217 16.2
90 4218 16.2
90 4219 16.2
90 4220 16.2
90 4221 16.2
91 4222 16.2
91 4223 16.2
91 4224 16.2
91 4225 16.2
91 4226 16.2
91 4227 16.2
91 4228 16.2
91 4229 16.2
91 4230 16.2
91 4231 16.2
91 4232 16.2
91 4233 16.2
91 4234 16.2
91 4235 16.2
91 4236 16.2
91 4237 16.2
91 4238 16.2
91 4239 16.2
91 4240 16.2
91 4241 16.2
91 4242 16.2
91 4243 16.2
91 4244 16.2
91 4245 16.2
91 4246 16.2
91 4247 16.2
91 4248 16.2
91 4249 16.2
91 4250 16.2
91 4251 16.2
91 4252 16.2
91 4253 16.2
91 4254 16.2
91 4255 16.2
91 4256 16.2
91 4257 16.2
91 4258 16.2
91 4259 16.2
91 4260 16.2
91 4261 16.2
91 4262 16.2
91 4263 16.2
91 4264 16.2
91 4265 16.2
91 4266 16.2
91 4267 16.2
91 4268 16.2
91 4269 16.2
91 4270 16.2
91 4271 16.2
91 4272 16.2
91 4273 16.2
91 4274 16.2
92 4275 16.2
92 4276 16.2
92 4277 16.2
92 4278 16.2
92 4279 16.2
92 4280 16.2
92 4281 16.2
92 4282 16.2
92 4283 16.2
92 4284 16.2
92 4285 16.2
92 4286 16.2
92 4287 16.2
92 4288 16.2
92 4289 16.2
92 4290 16.2
92 4291 16.2
92 4292 16.2
92 4293 16.2
92 4294 16.2
92 4295 16.2
92 4296 16.2
92 4297 16.2
92 4298 16.2
92 4299 16.2
92 4300 16.2
92 4301 16.2
92 4302 16.2
92 4303 16.2
92 4304 16.2
92 4305 16.2
92 4306 16.2
92 4307 16.2
92 4308 16.2
92 4309 16.2
92 4310 16.2
92 4311 16.2
92 4312 16.2
92 4313 16.2
92 4314 16.2
92 4315 16.2
92 4316 16.2
92 4317 16.2
92 4318 16.2
92 4319 16.2
92 4320 16.2
92 4321 16.2
92 4322 16.2
92 4323 16.2
92 4324 16.2
92 4325 16.2
92 4326 16.2
92 4327 16.2
93 4328 16.2
93 4329 16.2
93 4330 16.2
93 4331 16.2
93 4332 16.2
93 4333 16.2
93 4334 16.2
93 4335 16.2
93 4336 16.2
93 4337 16.2
93 4338 16.2
93 4339 16.2
93 4340 16.2
93 4341 16.2
93 4342 16.2
93 4343 16.2
93 4344 16.2
93 4345 16.2
93 4346 16.2
93 4347 16.2
93 4348 16.2
93 4349 16.2
93 4350 16.2
93 4351 16.2
93 4352 16.2
93 4353 16.2
93 4354 16.2
93 4355 16.2
93 4356 16.2
93 4357 16.2
93 4358 16.2
93 4359 16.2
93 4360 16.2
93 4361 16.2
93 4362 16.2
93 4363 16.2
93 4364 16.2
93 4365 16.2
93 4366 16.2
93 4367 16.2
93 4368 16.2
93 4369 16.2
93 4370 16.2
93 4371 16.2
93 4372 16.2
93 4373 16.2
93 4374 16.2
93 4375 16.2
93 4376 16.2
94 4377 16.2
94 4378 16.2
94 4379 16.2
94 4380 16.2
94 4381 16.2
94 4382 16.2
94 4383 16.2
94 4384 16.2
94 4385 16.2
94 4386 16.2
94 4387 16.2
94 4388 16.2
94 4389 16.2
94 4390 16.2
94 4391 16.2
94 4392 16.2
94 4393 16.2
94 4394 16.2
94 4395 16.2
94 4396 16.2
94 4397 16.2
94 4398 16.2
94 4399 16.2
94 4400 16.2
94 4401 16.2
94 4402 16.2
94 4403 16.2
94 4404 16.2
94 4405 16.2
94 4406 16.2
94 4407 16.2
94 4408 16.2
94 4409 16.2
94 4410 16.2
94 4411 16.2
94 4412 16.2
94 4413 16.2
94 4414 16.2
94 4415 16.2
94 4416 16.2
94 4417 16.2
94 4418 16.2
94 4419 16.2
94 4420 16.2
94 4421 16.2
94 4422 16.2
94 4423 16.2
94 4424 16.2
94 4425 16.2
94 4426 16.2
94 4427 16.2
94 4428 16.2
95 4429 16.2
95 4430 16.2
95 4431 16.2
95 4432 16.2
95 4433 16.2
95 4434 16.2
95 4435 16.2
95 4436 16.2
95 4437 16.2
95 4438 16.2
95 4439 16.2
95 4440 16.2
95 4441 16.2
95 4442 16.2
95 4443 16.2
95 4444 16.2
95 4445 16.2
95 4446 16.2
95 4447 16.2
95 4448 16.2
95 4449 16.2
95 4450 16.2
95 4451 16.2
95 4452 16.2
95 4453 16.2
95 4454 16.2
95 4455 16.2
95 4456 16.2
95 4457 16.2
95 4458 16.2
95 4459 16.2
95 4460 16.2
95 4461 16.2
95 4462 16.2
95 4463 16.2
95 4464 16.2
95 4465 16.2
95 4466 16.2
95 4467 16.2
95 4468 16.2
95 4469 16.2
95 4470 16.2
95 4471 16.2
95 4472 16.2
95 4473 16.2
95 4474 16.2
95 4475 16.2
95 4476 16.2
95 4477 16.2
95 4478 16.2
95 4479 16.2
95 4480 16.2
95 4481 16.2
95 4482 16.2
95 4483 16.2
96 4484 16.2
96 4485 16.2
96 4486 16.2
96 4487 16.2
96 4488 16.2
96 4489 16.2
96 4490 16.2
96 4491 16.2
96 4492 16.2
96 4493 16.2
96 4494 16.2
96 4495 16.2
96 4496 16.2
96 4497 16.2
96 4498 16.2
96 4499 16.2
96 4500 16.2
96 4501 16.2
96 4502 16.2
96 4503 16.2
96 4504 16.2
96 4505 16.2
96 4506 16.2
96 4507 16.2
96 4508 16.2
96 4509 16.2
96 4510 16.2
96 4511 16.2
96 4512 16.2
96 4513 16.2
96 4514 16.2
96 4515 16.2
96 4516 16.2
96 4517 16.2
96 4518 16.2
96 4519 16.2
96 4520 16.2
96 4521 16.2
96 4522 16.2
96 4523 16.2
96 4524 16.2
96 4525 16.2
96 4526 16.2
96 4527 16.2
96 4528 16.2
96 4529 16.2
96 4530 16.2
96 4531 16.2
96 4532 16.2
96 4533 16.2
96 4534 16.2
96 4535 16.2
96 4536 16.2
97 4537 16.2
97 4538 16.2
97 4539 16.2
97 4540 16.2
97 4541 16.2
97 4542 16.2
97 4543 16.2
97 4544 16.2
97 4545 16.2
97 4546 16.2
97 4547 16.2
97 4548 16.2
97 4549 16.2
97 4550 16.2
97 4551 16.2
97 4552 16.2
97 4553 16.2
97 4554 16.2
97 4555 16.2
97 4556 16.2
97 4557 16.2
97 4558 16.2
97 4559 16.2
97 4560 16.2
97 4561 16.2
97 4562 16.2
97 4563 16.2
97 4564 16.2
97 4565 16.2
97 4566 16.2
97 4567 16.2
97 4568 16.2
97 4569 16.2
97 4570 16.2
97 4571 16.2
97 4572 16.2
97 4573 16.2
97 4574 16.2
97 4575 16.2
97 4576 16.2
97 4577 16.2
97 4578 16.2
97 4579 16.2
97 4580 16.2
97 4581 16.2
97 4582 16.2
97 4583 16.2
97 4584 16.2
97 4585 16.2
97 4586 16.2
98 4587 16.2
98 4588 16.2
98 4589 16.2
98 4590 16.2
98 4591 16.2
98 4592 16.2
98 4593 16.2
98 4594 16.2
98 4595 16.2
98 4596 16.2
98 4597 16.2
98 4598 16.2
98 4599 16.2
98 4600 16.2
98 4601 16.2
98 4602 16.2
98 4603 16.2
98 4604 16.2
98 4605 16.2
98 4606 16.2
98 4607 16.2
98 4608 16.2
98 4609 16.2
98 4610 16.2
98 4611 16.2
98 4612 16.2
98 4613 16.2
98 4614 16.2
98 4615 16.2
98 4616 16.2
98 4617 16.2
98 4618 16.2
98 4619 16.2
98 4620 16.2
98 4621 16.2
98 4622 16.2
98 4623 16.2
98 4624 16.2
98 4625 16.2
98 4626 16.2
98 4627 16.2
98 4628 16.2
98 4629 16.2
98 4630 16.2
98 4631 16.2
98 4632 16.2
98 4633 16.2
98 4634 16.2
98 4635 16.2
98 4636 16.2
98 4637 16.2
98 4638 16.2
98 4639 16.2
98 4640 16.2
98 4641 16.2
99 4642 16.2
99 4643 16.2
99 4644 16.2
99 4645 16.2
99 4646 16.2
99 4647 16.2
99 4648 16.2
99 4649 16.2
99 4650 16.2
99 4651 16.2
99 4652 16.2
99 4653 16.2
99 4654 16.2
99 4655 16.2
99 4656 16.2
99 4657 16.2
99 4658 16.2
99 4659 16.2
99 4660 16.2
99 4661 16.2
99 4662 16.2
99 4663 16.2
99 4664 16.2
99 4665 16.2
99 4666 16.2
99 4667 16.2
99 4668 16.2
99 4669 16.2
99 4670 16.2
99 4671 16.2
99 4672 16.2
99 4673 16.2
99 4674 16.2
99 4675 16.2
99 4676 16.2
99 4677 16.2
99 4678 16.2
99 4679 16.2
99 4680 16.2
99 4681 16.2
99 4682 16.2
99 4683 16.2
99 4684 16.2
99 4685 16.2
99 4686 16.2
99 4687 16.2
99 4688 16.2
99 4689 16.2
99 4690 16.2
99 4691 16.2
99 4692 16.2
100 4693 16.2
100 4694 16.2
100 4695 16.2
100 4696 16.2
100 4697 16.2
100 4698 16.2
100 4699 16.2
100 4700 16.2
100 4701 16.2
100 4702 16.2
100 4703 16.2
100 4704 16.2
100 4705 16.2
100 4706 16.2
100 4707 16.2
100 4708 16.2
100 4709 16.2
100 4710 16.2
100 4711 16.2
100 4712 16.2
100 4713 16.2
100 4714 16.2
100 4715 16.2
100 4716 16.2
100 4717 16.2
100 4718 16.2
100 4719 16.2
100 4720 16.2
100 4721 16.2
100 4722 16.2
100 4723 16.2
100 4724 16.2
100 4725 16.2
100 4726 16.2
100 4727 16.2
100 4728 16.2
100 4729 16.2
100 4730 16.2
100 4731 16.2
100 4732 16.2
100 4733 16.2
100 4734 16.2
100 4735 16.2
100 4736 16.2
100 4737 16.2
100 4738 16.2
100 4739 16.2
100 4740 16.2
100 4741 16.2
100 4742 16.2
100 4743 16.2
100 4744 16.2
100 4745 16.2
101 4746 16.2
101 4747 16.2
101 4748 16.2
101 4749 16.2
101 4750 16.2
101 4751 16.2
101 4752 16.2
101 4753 16.2
101 4754 16.2
101 4755 16.2
101 4756 16.2
101 4757 16.2
101 4758 16.2
101 4759 16.2
101 4760 16.2
101 4761 16.2
101 4762 16.2
101 4763 16.2
101 4764 16.2
101 4765 16.2
101 4766 16.2
101 4767 16.2
101 4768 16.2
101 4769 16.2
101 4770 16.2
101 4771 16.2
101 4772 16.2
101 4773 16.2
101 4774 16.2
101 4775 16.2
101 4776 16.2
101 4777 16.2
101 4778 16.2
101 4779 16.2
101 4780 16.2
101 4781 16.2
101 4782 16.2
101 4783 16.2
101 4784 16.2
101 4785 16.2
101 4786 16.2
101 4787 16.2
101 4788 16.2
101 4789 16.2
101 4790 16.2
101 4791 16.2
101 4792 16.2
101 4793 16.2
101 4794 16.2
101 4795 16.2
101 4796 16.2
101 4797 16.2
101 4798 16.2
101 4799 16.2
102 4800 16.2
102 4801 16.2
102 4802 16.2
102 4803 16.2
102 4804 16.2
102 4805 16.2
102 4806 16.2
102 4807 16.2
102 4808 16.2
102 4809 16.2
102 4810 16.2
102 4811 16.2
102 4812 16.2
102 4813 16.2
102 4814 16.2
102 4815 16.2
102 4816 16.2
102 4817 16.2
102 4818 16.2
102 4819 16.2
102 4820 16.2
102 4821 16.2
102 4822 16.2
102 4823 16.2
102 4824 16.2
102 4825 16.2
102 4826 16.2
102 4827 16.2
102 4828 16.2
102 4829 16.2
102 4830 16.2
102 4831 16.2
102 4832 16.2
102 4833 16.2
102 4834 16.2
102 4835 16.2
102 4836 16.2
102 4837 16.2
102 4838 16.2
102 4839 16.2
102 4840 16.2
102 4841 16.2
102 4842 16.2
102 4843 16.2
102 4844 16.2
102 4845 16.2
102 4846 16.2
102 4847 16.2
102 4848 16.2
102 4849 16.2
102 4850 16.2
102 4851 16.2
102 4852 16.2
102 4853 16.2
103 4854 16.2
103 4855 16.2
103 4856 16.2
103 4857 16.2
103 4858 16.1
103 4859 16.1
103 4860 16.1
103 4861 16.1
103 4862 16.1
103 4863 16.1
103 4864 16.1
103 4865 16.1
103 4866 16.1
103 4867 16.1
103 4868 16.1
103 4869 16.1
103 4870 16.1
103 4871 16.1
103 4872 16.1
103 4873 16.0
103 4874 16.0
103 4875 16.0
103 4876 16.0
103 4877 16.0
103 4878 16.0
103 4879 16.0
103 4880 16.0
103 4881 16.0
103 4882 16.0
103 4883 16.0
103 4884 16.0
103 4885 16.0
103 4886 16.0
103 4887 16.0
103 4888 16.0
103 4889 16.0
103 4890 16.0
103 4891 16.0
103 4892 16.0
103 4893 16.0
103 4894 16.0
103 4895 16.0
103 4896 16.0
103 4897 16.0
103 4898 16.0
103 4899 16.0
103 4900 16.0
103 4901 16.0
103 4902 16.0
103 4903 16.0
103 4904 16.0
103 4905 16.0
103 4906 16.0
104 4907 16.0
104 4908 16.0
104 4909 16.0
104 4910 16.0
104 4911 16.0
104 4912 16.0
104 4913 16.0
104 4914 16.0
104 4915 16.0
104 4916 16.0
104 4917 16.0
104 4918 16.0
104 4919 16.0
104 4920 16.0
104 4921 16.0
104 4922 16.0
104 4923 16.0
104 4924 16.0
104 4925 16.0
104 4926 16.0
104 4927 16.0
104 4928 16.0
104 4929 16.0
104 4930 16.0
104 4931 16.0
104 4932 16.0
104 4933 16.0
104 4934 16.0
104 4935 16.0
104 4936 16.0
104 4937 16.0
104 4938 16.0
104 4939 16.0
104 4940 16.0
104 4941 16.0
104 4942 16.0
104 4943 16.0
104 4944 16.0
104 4945 16.0
104 4946 16.0
104 4947 16.0
104 4948 16.0
104 4949 16.0
104 4950 16.0
104 4951 16.0
104 4952 16.0
104 4953 16.0
104 4954 16.0
104 4955 16.0
104 4956 16.0
105 4957 16.0
105 4958 16.0
105 4959 16.0
105 4960 16.0
105 4961 16.0
105 4962 16.0
105 4963 16.0
105 4964 16.0
105 4965 16.0
105 4966 16.0
105 4967 16.0
105 4968 16.0
105 4969 16.0
105 4970 16.0
105 4971 16.0
105 4972 16.0
105 4973 16.0
105 4974 16.0
105 4975 16.0
105 4976 16.0
105 4977 16.0
105 4978 16.0
105 4979 16.0
105 4980 16.0
105 4981 16.0
105 4982 16.0
105 4983 16.0
105 4984 16.0
105 4985 16.0
105 4986 16.0
105 4987 16.0
105 4988 16.0
105 4989 16.0
105 4990 16.0
105 4991 16.0
105 4992 16.0
105 4993 16.0
105 4994 16.0
105 4995 16.0
105 4996 16.0
105 4997 16.0
105 4998 16.0
105 4999 16.0
105 5000 16.0
105 5001 16.0
105 5002 16.0
105 5003 16.0
105 5004 16.0
105 5005 16.0
105 5006 16.0
105 5007 16.0
105 5008 16.0
106 5009 16.0
106 5010 16.0
106 5011 16.0
106 5012 16.0
106 5013 16.0
106 5014 16.0
106 5015 16.0
106 5016 16.0
106 5017 16.0
106 5018 16.0
106 5019 16.0
106 5020 16.0
106 5021 16.0
106 5022 16.0
106 5023 16.0
106 5024 16.0
106 5025 16.0
106 5026 16.0
106 5027 16.0
106 5028 16.0
106 5029 16.0
106 5030 16.0
106 5031 16.0
106 5032 16.0
106 5033 16.0
106 5034 16.0
106 5035 16.0
106 5036 16.0
106 5037 16.0
106 5038 16.0
106 5039 16.0
106 5040 16.0
106 5041 16.0
106 5042 16.0
106 5043 16.0
106 5044 16.0
106 5045 16.0
106 5046 16.0
106 5047 16.0
106 5048 16.0
106 5049 16.0
106 5050 16.0
106 5051 16.0
106 5052 16.0
106 5053 16.0
106 5054 16.0
106 5055 16.0
106 5056 16.0
106 5057 16.0
106 5058 16.0
106 5059 16.0
106 5060 16.0
107 5061 16.0
107 5062 16.0
107 5063 16.0
107 5064 16.0
107 5065 16.0
107 5066 16.0
107 5067 16.0
107 5068 16.0
107 5069 16.0
107 5070 16.0
107 5071 16.0
107 5072 16.0
107 5073 16.0
107 5074 16.0
107 5075 16.0
107 5076 16.0
107 5077 16.0
107 5078 16.0
107 5079 16.0
107 5080 16.0
107 5081 16.0
107 5082 16.0
107 5083 16.0
107 5084 16.0
107 5085 16.0
107 5086 16.0
107 5087 16.0
107 5088 16.0
107 5089 16.0
107 5090 16.0
107 5091 16.0
107 5092 16.0
107 5093 16.0
107 5094 16.0
107 5095 16.0
107 5096 16.0
107 5097 16.0
107 5098 16.0
107 5099 16.0
107 5100 16.0
107 5101 16.0
107 5102 16.0
107 5103 16.0
107 5104 16.0
107 5105 16.0
107 5106 16.0
107 5107 16.0
107 5108 16.0
107 5109 16.0
107 5110 16.0
107 5111 16.0
107 5112 16.0
108 5113 16.0
108 5114 16.0
108 5115 16.0
108 5116 16.0
108 5117 16.0
108 5118 16.0
108 5119 16.0
108 5120 16.0
108 5121 16.0
108 5122 16.0
108 5123 16.0
108 5124 16.0
108 5125 16.0
108 5126 16.0
108 5127 16.0
108 5128 16.0
108 5129 16.0
108 5130 16.0
108 5131 16.0
108 5132 16.0
108 5133 16.0
108 5134 16.0
108 5135 16.0
108 5136 16.0
108 5137 16.0
108 5138 16.0
108 5139 16.0
108 5140 16.0
108 5141 16.0
108 5142 16.0
108 5143 16.0
108 5144 16.0
108 5145 16.0
108 5146 16.0
108 5147 16.0
108 5148 16.0
108 5149 16.0
108 5150 16.0
108 5151 16.0
108 5152 16.0
108 5153 16.0
108 5154 16.0
108 5155 16.0
108 5156 16.0
108 5157 16.0
108 5158 16.0
108 5159 16.0
108 5160 16.0
108 5161 16.0
108 5162 16.0
108 5163 16.0
108 5164 16.0
108 5165 16.0
109 5166 16.0
109 5167 16.0
109 5168 16.0
109 5169 16.0
109 5170 16.0
109 5171 16.0
109 5172 16.0
109 5173 16.0
109 5174 16.0
109 5175 16.0
109 5176 16.0
109 5177 16.0
109 5178 16.0
109 5179 16.0
109 5180 16.0
109 5181 16.0
109 5182 16.0
109 5183 16.0
109 5184 16.0
109 5185 16.0
109 5186 16.0
109 5187 16.0
109 5188 16.0
109 5189 16.0
109 5190 16.0
109 5191 16.0
109 5192 16.0
109 5193 16.0
109 5194 16.0
109 5195 16.0
109 5196 16.0
109 5197 16.0
109 5198 16.0
109 5199 16.0
109 5200 16.0
109 5201 16.0
109 5202 16.0
109 5203 16.0
109 5204 16.0
109 5205 16.0
109 5206 16.0
109 5207 16.0
109 5208 16.0
109 5209 16.0
109 5210 16.0
109 5211 16.0
109 5212 16.0
109 5213 16.0
109 5214 16.0
109 5215 16.0
109 5216 16.0
109 5217 16.0
110 5218 16.0
110 5219 16.0
110 5220 16.0
110 5221 16.0
110 5222 16.0
110 5223 16.0
110 5224 16.0
110 5225 16.0
110 5226 16.0
110 5227 16.0
110 5228 16.0
110 5229 16.0
110 5230 16.0
110 5231 16.0
110 5232 16.0
110 5233 16.0
110 5234 16.0
110 5235 16.0
110 5236 16.0
110 5237 16.0
110 5238 16.0
110 5239 16.0
110 5240 16.0
110 5241 16.0
110 5242 16.0
110 5243 16.0
110 5244 16.0
110 5245 16.0
110 5246 16.0
110 5247 16.0
110 5248 16.0
110 5249 16.0
110 5250 16.0
110 5251 16.0
110 5252 16.0
110 5253 16.0
110 5254 16.0
110 5255 16.0
110 5256 16.0
110 5257 16.0
110 5258 16.0
110 5259 16.0
110 5260 16.0
110 5261 16.0
110 5262 16.0
110 5263 16.0
110 5264 16.0
110 5265 16.0
110 5266 16.0
110 5267 16.0
110 5268 16.0
111 5269 16.0
111 5270 16.0
111 5271 16.0
111 5272 16.0
111 5273 16.0
111 5274 16.0
111 5275 16.0
111 5276 16.0
111 5277 16.0
111 5278 16.0
111 5279 16.0
111 5280 16.0
111 5281 16.0
111 5282 16.0
111 5283 16.0
111 5284 16.0
111 5285 16.0
111 5286 16.0
111 5287 16.0
111 5288 16.0
111 5289 16.0
111 5290 16.0
111 5291 16.0
111 5292 16.0
111 5293 16.0
111 5294 16.0
111 5295 16.0
111 5296 15.7
111 5297 15.7
111 5298 15.7
111 5299 15.7
111 5300 15.7
111 5301 15.7
111 5302 15.7
111 5303 15.7
111 5304 15.7
111 5305 15.7
111 5306 15.7
111 5307 15.7
111 5308 15.6
111 5309 15.6
111 5310 15.6
111 5311 15.6
111 5312 15.6
111 5313 15.6
111 5314 15.6
111 5315 15.6
111 5316 15.6
111 5317 15.6
111 5318 15.6
111 5319 15.6
112 5320 15.6
112 5321 15.6
112 5322 15.6
112 5323 15.6
112 5324 15.6
112 5325 15.6
112 5326 15.6
112 5327 15.6
112 5328 15.6
112 5329 15.6
112 5330 15.6
112 5331 15.6
112 5332 15.6
112 5333 15.6
112 5334 15.6
112 5335 15.6
112 5336 15.6
112 5337 15.6
112 5338 15.6
112 5339 15.6
112 5340 15.6
112 5341 15.6
112 5342 15.6
112 5343 15.6
112 5344 15.6
112 5345 15.6
112 5346 15.6
112 5347 15.6
112 5348 15.6
112 5349 15.6
112 5350 15.6
112 5351 15.6
112 5352 15.6
112 5353 15.6
112 5354 15.6
112 5355 15.6
112 5356 15.6
112 5357 15.6
112 5358 15.6
112 5359 15.6
112 5360 15.6
112 5361 15.6
112 5362 15.6
112 5363 15.6
112 5364 15.6
112 5365 15.6
112 5366 15.6
112 5367 15.6
112 5368 15.6
112 5369 15.6
112 5370 15.6
112 5371 15.6
112 5372 15.6
113 5373 15.6
113 5374 15.6
113 5375 15.6
113 5376 15.6
113 5377 15.6
113 5378 15.6
113 5379 15.6
113 5380 15.6
113 5381 15.6
113 5382 15.6
113 5383 15.6
113 5384 15.6
113 5385 15.6
113 5386 15.6
113 5387 15.6
113 5388 15.6
113 5389 15.6
113 5390 15.6
113 5391 15.6
113 5392 15.6
113 5393 15.6
113 5394 15.6
113 5395 15.6
113 5396 15.6
113 5397 15.6
113 5398 15.6
113 5399 15.6
113 5400 15.6
113 5401 15.6
113 5402 15.6
113 5403 15.6
113 5404 15.6
113 5405 15.6
113 5406 15.6
113 5407 15.6
113 5408 15.6
113 5409 15.6
113 5410 15.6
113 5411 15.6
113 5412 15.6
113 5413 15.6
113 5414 15.6
113 5415 15.6
113 5416 15.6
113 5417 15.6
113 5418 15.6
113 5419 15.6
113 5420 15.6
113 5421 15.6
113 5422 15.6
113 5423 15.6
113 5424 15.6
114 5425 15.6
114 5426 15.6
114 5427 15.6
114 5428 15.6
114 5429 15.6
114 5430 15.6
114 5431 15.6
114 5432 15.6
114 5433 15.6
114 5434 15.6
114 5435 15.6
114 5436 15.6
114 5437 15.6
114 5438 15.6
114 5439 15.6
114 5440 15.6
114 5441 15.6
114 5442 15.6
114 5443 15.6
114 5444 15.6
114 5445 15.6
114 5446 15.6
114 5447 15.6
114 5448 15.6
114 5449 15.6
114 5450 15.6
114 5451 15.6
114 5452 15.6
114 5453 15.6
114 5454 15.6
114 5455 15.6
114 5456 15.6
114 5457 15.6
114 5458 15.6
114 5459 15.6
114 5460 15.6
114 5461 15.6
114 5462 15.6
114 5463 15.6
114 5464 15.6
114 5465 15.6
114 5466 15.6
114 5467 15.6
114 5468 15.6
114 5469 15.6
114 5470 15.6
114 5471 15.6
114 5472 15.6
114 5473 15.6
114 5474 15.6
114 5475 15.6
114 5476 15.6
114 5477 15.6
114 5478 15.6
115 5479 15.6
115 5480 15.6
115 5481 15.6
115 5482 15.6
115 5483 15.6
115 5484 15.6
115 5485 15.6
115 5486 15.6
115 5487 15.6
115 5488 15.6
115 5489 15.6
115 5490 15.6
115 5491 15.6
115 5492 15.6
115 5493 15.6
115 5494 15.6
115 5495 15.6
115 5496 15.6
115 5497 15.6
115 5498 15.6
115 5499 15.6
115 5500 15.6
115 5501 15.6
115 5502 15.6
115 5503 15.6
115 5504 15.6
115 5505 15.6
115 5506 15.6
115 5507 15.6
115 5508 15.6
115 5509 15.6
115 5510 15.6
115 5511 15.6
115 5512 15.6
115 5513 15.6
115 5514 15.6
115 5515 15.6
115 5516 15.6
115 5517 15.6
115 5518 15.6
115 5519 15.6
115 5520 15.6
115 5521 15.6
115 5522 15.6
115 5523 15.6
115 5524 15.6
115 5525 15.6
115 5526 15.6
115 5527 15.6
115 5528 15.6
115 5529 15.6
115 5530 15.6
115 5531 15.6
116 5532 15.6
116 5533 15.6
116 5534 15.6
116 5535 15.6
116 5536 15.6
116 5537 15.6
116 5538 15.6
116 5539 15.6
116 5540 15.6
116 5541 15.6
116 5542 15.6
116 5543 15.6
116 5544 15.6
116 5545 15.6
116 5546 15.6
116 5547 15.6
116 5548 15.6
116 5549 15.6
116 5550 15.6
116 5551 15.6
116 5552 15.6
116 5553 15.6
116 5554 15.6
116 5555 15.6
116 5556 15.6
116 5557 15.6
116 5558 15.6
116 5559 15.6
116 5560 15.6
116 5561 15.6
116 5562 15.6
116 5563 15.6
116 5564 15.6
116 5565 15.6
116 5566 15.6
116 5567 15.6
116 5568 15.6
116 5569 15.6
116 5570 15.6
116 5571 15.6
116 5572 15.6
116 5573 15.5
116 5574 15.5
116 5575 15.5
116 5576 15.5
116 5577 15.5
116 5578 15.5
116 5579 15.5
116 5580 15.5
116 5581 15.5
116 5582 15.5
116 5583 15.5
117 5584 15.5
117 5585 15.5
117 5586 15.5
117 5587 15.5
117 5588 15.5
117 5589 15.5
117 5590 15.5
117 5591 15.5
117 5592 15.5
117 5593 15.5
117 5594 15.5
117 5595 15.5
117 5596 15.5
117 5597 15.5
117 5598 15.5
117 5599 15.5
117 5600 15.5
117 5601 15.5
117 5602 15.5
117 5603 15.5
117 5604 15.5
117 5605 15.5
117 5606 15.5
117 5607 15.5
117 5608 15.5
117 5609 15.5
117 5610 15.5
117 5611 15.5
117 5612 15.5
117 5613 15.5
117 5614 15.5
117 5615 15.5
117 5616 15.5
117 5617 15.5
117 5618 15.5
117 5619 15.5
117 5620 15.5
117 5621 15.5
117 5622 15.5
117 5623 15.5
117 5624 15.5
117 5625 15.5
117 5626 15.5
117 5627 15.5
117 5628 15.5
117 5629 15.5
117 5630 15.5
117 5631 15.5
117 5632 15.5
118 5633 15.5
118 5634 15.5
118 5635 15.5
118 5636 15.5
118 5637 15.5
118 5638 15.5
118 5639 15.5
118 5640 15.5
118 5641 15.5
118 5642 15.5
118 5643 15.5
118 5644 15.5
118 5645 15.5
118 5646 15.5
118 5647 15.5
118 5648 15.5
118 5649 15.5
118 5650 15.5
118 5651 15.5
118 5652 15.5
118 5653 15.5
118 5654 15.5
118 5655 15.5
118 5656 15.5
118 5657 15.5
118 5658 15.5
118 5659 15.5
118 5660 15.5
118 5661 15.5
118 5662 15.5
118 5663 15.5
118 5664 15.5
118 5665 15.5
118 5666 15.5
118 5667 14.8
118 5668 14.8
118 5669 14.8
118 5670 14.8
118 5671 14.8
118 5672 14.8
118 5673 14.8
118 5674 14.8
118 5675 14.8
118 5676 14.8
118 5677 14.8
118 5678 14.8
118 5679 14.8
118 5680 14.8
118 5681 14.8
119 5682 14.8
119 5683 14.8
119 5684 14.8
119 5685 14.8
119 5686 14.8
119 5687 14.8
119 5688 14.8
119 5689 14.8
119 5690 14.8
119 5691 14.8
119 5692 14.8
119 5693 14.8
119 5694 14.8
119 5695 14.8
119 5696 14.8
119 5697 14.8
119 5698 14.8
119 5699 14.8
119 5700 14.8
119 5701 14.8
119 5702 14.8
119 5703 14.8
119 5704 14.8
119 5705 14.8
119 5706 14.8
119 5707 14.8
119 5708 14.8
119 5709 14.8
119 5710 14.8
119 5711 14.8
119 5712 14.8
119 5713 14.8
119 5714 14.8
119 5715 14.8
119 5716 14.8
119 5717 14.8
119 5718 14.8
119 5719 14.8
119 5720 14.8
119 5721 14.8
119 5722 14.8
119 5723 14.8
119 5724 14.8
119 5725 14.8
119 5726 14.8
119 5727 14.8
119 5728 14.8
119 5729 14.8
119 5730 14.8
119 5731 14.8
119 5732 14.8
119 5733 14.8
119 5734 14.8
119 5735 14.8
120 5736 14.8
120 5737 14.8
120 5738 14.8
120 5739 14.8
120 5740 14.8
120 5741 14.8
120 5742 14.8
120 5743 14.8
120 5744 14.8
120 5745 14.8
120 5746 14.8
120 5747 14.8
120 5748 14.8
120 5749 14.8
120 5750 14.8
120 5751 14.8
120 5752 14.8
120 5753 14.8
120 5754 14.8
120 5755 14.8
120 5756 14.8
120 5757 14.8
120 5758 14.8
120 5759 14.8
120 5760 14.8
120 5761 14.8
120 5762 14.8
120 5763 14.8
120 5764 14.8
120 5765 14.8
120 5766 14.8
120 5767 14.8
120 5768 14.8
120 5769 14.8
120 5770 14.8
120 5771 14.8
120 5772 14.8
120 5773 14.8
120 5774 14.8
120 5775 14.8
120 5776 14.8
120 5777 14.8
120 5778 14.8
120 5779 14.8
120 5780 14.8
120 5781 14.8
121 5782 14.8
