0 1 49.5
0 2 49.5
0 3 48.3
0 4 47.8
0 5 47.8
1 6 47.8
1 7 47.8
1 8 47.8
1 9 47.8
1 10 47.8
1 11 47.6
1 12 46.9
1 13 46.9
1 14 46.9
1 15 46.9
1 16 46.9
1 17 46.4
1 18 46.4
1 19 46.4
1 20 46.4
1 21 46.4
1 22 46.4
1 23 46.4
1 24 45.6
1 25 45.6
1 26 45.6
1 27 45.6
1 28 45.6
1 29 45.6
1 30 44.8
1 31 44.8
1 32 44.8
1 33 44.8
1 34 44.8
1 35 44.8
1 36 44.8
1 37 44.8
1 38 44.8
1 39 44.8
1 40 44.8
1 41 44.8
2 42 44.8
2 43 44.8
2 44 44.8
2 45 44.8
2 46 44.8
2 47 44.8
2 48 44.8
2 49 44.8
2 50 44.8
2 51 44.8
2 52 44.8
2 53 44.8
2 54 44.5
2 55 44.5
2 56 41.9
2 57 41.9
2 58 41.9
2 59 41.9
2 60 41.9
2 61 41.9
2 62 41.9
2 63 41.9
2 64 41.9
2 65 41.9
2 66 41.9
2 67 41.9
2 68 41.9
2 69 41.9
2 70 41.9
2 71 39.2
2 72 38.4
2 73 38.4
2 74 38.4
2 75 38.4
2 76 38.4
2 77 38.4
2 78 38.4
2 79 38.4
2 80 38.4
2 81 36.7
2 82 36.7
2 83 36.7
2 84 36.7
2 85 36.7
2 86 36.7
2 87 36.7
3 88 36.7
3 89 36.7
3 90 36.7
3 91 36.7
3 92 36.7
3 93 36.7
3 94 36.7
3 95 36.7
3 96 36.7
3 97 36.7
3 98 36.7
3 99 36.7
3 100 36.7
3 101 36.7
3 102 36.2
3 103 36.2
3 104 36.2
3 105 36.2
3 106 35.8
3 107 35.8
3 108 35.8
3 109 35.8
3 110 35.8
3 111 35.8
3 112 35.8
3 113 35.4
3 114 35.4
3 115 35.4
3 116 35.3
3 117 35.3
3 118 35.3
3 119 34.8
3 120 34.8
3 121 34.8
3 122 34.8
3 123 34.8
3 124 34.8
3 125 34.8
3 126 34.4
3 127 34.4
3 128 34.4
3 129 34.4
3 130 34.4
3 131 34.4
3 132 34.1
3 133 34.1
3 134 34.1
4 135 33.7
4 136 33.7
4 137 33.6
4 138 33.6
4 139 33.6
4 140 33.6
4 141 33.6
4 142 33.6
4 143 33.6
4 144 33.6
4 145 33.6
4 146 33.6
4 147 33.6
4 148 33.6
4 149 33.6
4 150 33.6
4 151 33.6
4 152 33.6
4 153 33.6
4 154 33.6
4 155 33.6
4 156 33.6
4 157 33.6
4 158 33.6
4 159 33.6
4 160 33.6
4 161 33.6
4 162 33.6
4 163 33.6
4 164 33.6
4 165 33.6
4 166 33.6
4 167 33.6
4 168 33.6
4 169 33.6
4 170 33.6
4 171 33.6
4 172 33.6
4 173 33.6
4 174 33.6
4 175 33.6
4 176 33.6
4 177 33.6
4 178 33.6
4 179 33.6
4 180 33.6
4 181 33.6
4 182 33.6
5 183 33.6
5 184 33.6
5 185 33.6
5 186 33.6
5 187 33.6
5 188 33.6
5 189 33.6
5 190 33.6
5 191 33.6
5 192 33.6
5 193 33.6
5 194 33.6
5 195 33.0
5 196 33.0
5 197 33.0
5 198 33.0
5 199 33.0
5 200 33.0
5 201 33.0
5 202 33.0
5 203 33.0
5 204 33.0
5 205 33.0
5 206 33.0
5 207 33.0
5 208 33.0
5 209 33.0
5 210 33.0
5 211 33.0
5 212 33.0
5 213 33.0
5 214 33.0
5 215 33.0
5 216 33.0
5 217 33.0
5 218 33.0
5 219 33.0
5 220 33.0
5 221 33.0
5 222 33.0
5 223 33.0
5 224 33.0
5 225 33.0
5 226 33.0
5 227 33.0
5 228 33.0
5 229 33.0
6 230 33.0
6 231 33.0
6 232 33.0
6 233 33.0
6 234 33.0
6 235 33.0
6 236 33.0
6 237 33.0
6 238 33.0
6 239 33.0
6 240 33.0
6 241 33.0
6 242 33.0
6 243 33.0
6 244 33.0
6 245 33.0
6 246 33.0
6 247 33.0
6 248 33.0
6 249 33.0
6 250 33.0
6 251 33.0
6 252 33.0
6 253 33.0
6 254 33.0
6 255 32.8
6 256 32.8
6 257 32.8
6 258 32.8
6 259 32.8
6 260 32.8
6 261 32.8
6 262 32.8
6 263 32.3
6 264 32.3
6 265 32.3
6 266 32.2
6 267 32.2
6 268 32.2
6 269 32.2
6 270 32.2
6 271 32.2
6 272 32.2
6 273 32.2
6 274 32.2
6 275 32.2
6 276 32.2
6 277 32.2
6 278 32.2
7 279 32.2
7 280 32.2
7 281 32.2
7 282 32.2
7 283 32.2
7 284 32.2
7 285 32.0
7 286 32.0
7 287 32.0
7 288 32.0
7 289 32.0
7 290 32.0
7 291 32.0
7 292 32.0
7 293 32.0
7 294 32.0
7 295 32.0
7 296 32.0
7 297 32.0
7 298 32.0
7 299 32.0
7 300 32.0
7 301 32.0
7 302 32.0
7 303 32.0
7 304 32.0
7 305 32.0
7 306 32.0
7 307 32.0
7 308 32.0
7 309 32.0
7 310 32.0
7 311 32.0
7 312 32.0
7 313 32.0
7 314 32.0
7 315 32.0
7 316 32.0
7 317 32.0
7 318 32.0
7 319 32.0
7 320 32.0
7 321 32.0
7 322 32.0
7 323 32.0
7 324 32.0
7 325 32.0
7 326 32.0
8 327 32.0
8 328 32.0
8 329 32.0
8 330 32.0
8 331 32.0
8 332 32.0
8 333 32.0
8 334 32.0
8 335 32.0
8 336 32.0
8 337 32.0
8 338 32.0
8 339 32.0
8 340 32.0
8 341 32.0
8 342 32.0
8 343 32.0
8 344 32.0
8 345 32.0
8 346 32.0
8 347 32.0
8 348 32.0
8 349 32.0
8 350 32.0
8 351 32.0
8 352 32.0
8 353 32.0
8 354 32.0
8 355 32.0
8 356 32.0
8 357 32.0
8 358 32.0
8 359 32.0
8 360 32.0
8 361 32.0
8 362 32.0
8 363 32.0
8 364 32.0
8 365 32.0
8 366 32.0
8 367 32.0
8 368 32.0
8 369 32.0
8 370 32.0
8 371 32.0
8 372 32.0
8 373 32.0
8 374 32.0
9 375 32.0
9 376 32.0
9 377 32.0
9 378 32.0
9 379 32.0
9 380 32.0
9 381 32.0
9 382 32.0
9 383 32.0
9 384 32.0
9 385 32.0
9 386 32.0
9 387 32.0
9 388 32.0
9 389 32.0
9 390 32.0
9 391 32.0
9 392 32.0
9 393 32.0
9 394 32.0
9 395 32.0
9 396 32.0
9 397 32.0
9 398 32.0
9 399 32.0
9 400 32.0
9 401 32.0
9 402 32.0
9 403 32.0
9 404 32.0
9 405 32.0
9 406 32.0
9 407 32.0
9 408 32.0
9 409 32.0
9 410 32.0
9 411 32.0
9 412 32.0
9 413 32.0
9 414 32.0
9 415 32.0
9 416 32.0
9 417 32.0
9 418 32.0
9 419 32.0
9 420 32.0
9 421 32.0
9 422 32.0
9 423 32.0
9 424 32.0
10 425 32.0
10 426 32.0
10 427 32.0
10 428 32.0
10 429 32.0
10 430 32.0
10 431 32.0
10 432 32.0
10 433 32.0
10 434 32.0
10 435 32.0
10 436 32.0
10 437 32.0
10 438 32.0
10 439 32.0
10 440 32.0
10 441 32.0
10 442 32.0
10 443 32.0
10 444 32.0
10 445 32.0
10 446 32.0
10 447 32.0
10 448 32.0
10 449 32.0
10 450 32.0
10 451 32.0
10 452 32.0
10 453 32.0
10 454 32.0
10 455 32.0
10 456 32.0
10 457 32.0
10 458 32.0
10 459 32.0
10 460 32.0
10 461 32.0
10 462 32.0
10 463 32.0
10 464 32.0
10 465 32.0
10 466 32.0
10 467 32.0
10 468 32.0
10 469 32.0
10 470 32.0
10 471 32.0
10 472 32.0
10 473 32.0
11 474 32.0
11 475 32.0
11 476 32.0
11 477 32.0
11 478 32.0
11 479 32.0
11 480 32.0
11 481 32.0
11 482 32.0
11 483 32.0
11 484 32.0
11 485 32.0
11 486 32.0
11 487 32.0
11 488 32.0
11 489 32.0
11 490 32.0
11 491 32.0
11 492 32.0
11 493 32.0
11 494 32.0
11 495 32.0
11 496 32.0
11 497 32.0
11 498 32.0
11 499 32.0
11 500 32.0
11 501 32.0
11 502 32.0
11 503 32.0
11 504 32.0
11 505 32.0
11 506 32.0
11 507 32.0
11 508 32.0
11 509 32.0
11 510 32.0
11 511 32.0
11 512 32.0
11 513 32.0
11 514 32.0
11 515 32.0
11 516 31.9
11 517 31.9
11 518 31.9
11 519 31.9
11 520 31.9
11 521 31.9
11 522 31.9
11 523 31.8
12 524 31.8
12 525 31.8
12 526 31.8
12 527 31.8
12 528 31.8
12 529 31.8
12 530 31.8
12 531 31.8
12 532 31.8
12 533 31.8
12 534 31.8
12 535 31.8
12 536 31.8
12 537 31.8
12 538 31.8
12 539 31.8
12 540 31.8
12 541 31.8
12 542 31.8
12 543 31.8
12 544 31.8
12 545 31.8
12 546 31.8
12 547 31.8
12 548 31.8
12 549 31.8
12 550 31.8
12 551 31.8
12 552 31.8
12 553 31.8
12 554 31.8
12 555 31.8
12 556 31.8
12 557 31.8
12 558 31.8
12 559 31.8
12 560 31.8
12 561 31.8
12 562 31.8
12 563 31.8
12 564 31.4
12 565 31.4
12 566 31.4
12 567 31.4
12 568 31.4
12 569 31.4
12 570 31.4
12 571 31.4
12 572 31.4
13 573 31.4
13 574 31.4
13 575 31.4
13 576 31.4
13 577 31.4
13 578 31.4
13 579 31.4
13 580 31.1
13 581 31.1
13 582 31.1
13 583 31.1
13 584 31.1
13 585 31.1
13 586 31.1
13 587 31.1
13 588 31.1
13 589 31.1
13 590 31.1
13 591 31.1
13 592 31.0
13 593 31.0
13 594 31.0
13 595 31.0
13 596 31.0
13 597 31.0
13 598 31.0
13 599 31.0
13 600 31.0
13 601 31.0
13 602 31.0
13 603 30.7
13 604 30.7
13 605 30.7
13 606 30.7
13 607 30.7
13 608 30.7
13 609 30.7
13 610 30.7
13 611 30.7
13 612 30.7
13 613 30.7
13 614 30.7
13 615 30.7
13 616 30.7
13 617 30.7
13 618 30.7
13 619 30.7
13 620 30.7
14 621 30.7
14 622 30.7
14 623 30.7
14 624 30.7
14 625 30.7
14 626 30.7
14 627 30.7
14 628 30.7
14 629 30.7
14 630 30.7
14 631 30.7
14 632 30.7
14 633 30.7
14 634 30.7
14 635 30.7
14 636 30.7
14 637 30.7
14 638 30.7
14 639 30.7
14 640 30.7
14 641 30.7
14 642 30.7
14 643 30.7
14 644 30.7
14 645 30.7
14 646 30.7
14 647 30.7
14 648 30.7
14 649 30.7
14 650 30.7
14 651 30.7
14 652 30.6
14 653 30.6
14 654 30.6
14 655 30.6
14 656 30.6
14 657 30.6
14 658 30.6
14 659 30.6
14 660 30.6
14 661 30.6
14 662 30.6
14 663 30.6
14 664 30.6
14 665 30.6
14 666 30.6
14 667 30.6
14 668 30.6
14 669 30.6
15 670 30.6
15 671 30.6
15 672 30.6
15 673 30.6
15 674 30.6
15 675 30.6
15 676 30.6
15 677 30.6
15 678 30.6
15 679 30.6
15 680 30.6
15 681 30.6
15 682 30.6
15 683 30.6
15 684 30.6
15 685 30.6
15 686 30.6
15 687 30.6
15 688 30.6
15 689 30.6
15 690 30.6
15 691 30.6
15 692 30.6
15 693 30.6
15 694 30.6
15 695 30.6
15 696 30.6
15 697 30.6
15 698 30.6
15 699 30.6
15 700 30.6
15 701 30.6
15 702 30.6
15 703 30.6
15 704 30.6
15 705 30.6
15 706 30.6
15 707 30.6
15 708 30.6
15 709 30.6
15 710 30.6
15 711 30.6
15 712 30.6
15 713 30.6
15 714 30.6
15 715 30.6
15 716 30.6
15 717 30.6
15 718 30.6
15 719 30.6
16 720 30.6
16 721 30.6
16 722 30.6
16 723 30.6
16 724 30.6
16 725 30.6
16 726 30.6
16 727 30.6
16 728 30.6
16 729 30.6
16 730 30.6
16 731 30.6
16 732 30.6
16 733 30.6
16 734 30.6
16 735 30.6
16 736 30.6
16 737 30.6
16 738 30.6
16 739 30.6
16 740 30.6
16 741 30.6
16 742 30.6
16 743 30.6
16 744 30.6
16 745 30.6
16 746 30.6
16 747 30.6
16 748 30.6
16 749 30.6
16 750 30.6
16 751 30.6
16 752 30.6
16 753 30.6
16 754 30.6
16 755 30.6
16 756 30.6
16 757 30.6
16 758 30.6
16 759 30.6
16 760 30.6
16 761 30.6
16 762 30.6
16 763 30.6
16 764 30.6
16 765 30.6
16 766 30.6
16 767 30.6
17 768 30.6
17 769 30.6
17 770 30.6
17 771 30.6
17 772 30.6
17 773 30.6
17 774 30.6
17 775 30.6
17 776 30.6
17 777 30.6
17 778 30.6
17 779 30.6
17 780 30.6
17 781 30.6
17 782 30.6
17 783 30.6
17 784 30.6
17 785 30.6
17 786 30.6
17 787 30.6
17 788 30.6
17 789 30.6
17 790 30.5
17 791 30.5
17 792 30.5
17 793 30.5
17 794 30.5
17 795 30.4
17 796 30.4
17 797 30.4
17 798 30.4
17 799 30.4
17 800 30.4
17 801 30.4
17 802 30.4
17 803 30.4
17 804 30.4
17 805 30.4
17 806 30.4
17 807 30.2
17 808 30.2
17 809 30.2
17 810 30.2
17 811 30.2
17 812 30.2
17 813 30.2
17 814 30.2
17 815 30.2
17 816 30.2
17 817 30.2
18 818 30.2
18 819 30.2
18 820 30.2
18 821 30.2
18 822 30.2
18 823 30.2
18 824 30.2
18 825 30.2
18 826 30.2
18 827 30.0
18 828 30.0
18 829 30.0
18 830 30.0
18 831 29.8
18 832 29.8
18 833 29.6
18 834 29.6
18 835 29.6
18 836 29.6
18 837 29.6
18 838 29.6
18 839 29.6
18 840 29.6
18 841 29.6
18 842 29.6
18 843 29.6
18 844 29.6
18 845 29.6
18 846 29.6
18 847 29.6
18 848 29.6
18 849 29.6
18 850 29.4
18 851 29.4
18 852 29.4
18 853 29.4
18 854 29.4
18 855 29.4
18 856 29.4
18 857 29.4
18 858 29.4
18 859 29.4
18 860 29.4
18 861 29.4
18 862 29.4
18 863 29.4
18 864 29.4
18 865 29.4
18 866 29.2
18 867 29.2
18 868 29.2
19 869 29.2
19 870 29.2
19 871 29.2
19 872 29.2
19 873 29.2
19 874 29.2
19 875 29.2
19 876 29.2
19 877 29.2
19 878 29.2
19 879 29.2
19 880 29.2
19 881 28.8
19 882 28.8
19 883 28.8
19 884 28.2
19 885 28.2
19 886 28.2
19 887 28.2
19 888 28.2
19 889 28.2
19 890 28.2
19 891 28.0
19 892 28.0
19 893 28.0
19 894 28.0
19 895 28.0
19 896 28.0
19 897 27.6
19 898 27.6
19 899 27.6
19 900 27.6
19 901 27.6
19 902 27.3
19 903 27.3
19 904 27.3
19 905 27.3
19 906 27.3
19 907 27.3
19 908 27.3
19 909 27.3
19 910 27.3
19 911 27.2
19 912 27.2
19 913 27.2
19 914 27.2
19 915 27.2
19 916 27.2
19 917 27.2
19 918 27.2
19 919 27.2
19 920 27.2
19 921 27.2
19 922 27.2
20 923 27.2
20 924 27.2
20 925 27.2
20 926 27.2
20 927 27.2
20 928 27.2
20 929 27.2
20 930 27.2
20 931 27.2
20 932 27.2
20 933 27.2
20 934 27.2
20 935 27.2
20 936 27.2
20 937 27.2
20 938 27.2
20 939 27.2
20 940 27.2
20 941 27.2
20 942 27.2
20 943 27.2
20 944 26.6
20 945 26.6
20 946 26.6
20 947 26.6
20 948 26.6
20 949 26.6
20 950 26.6
20 951 26.6
20 952 26.6
20 953 26.6
20 954 26.6
20 955 26.6
20 956 26.6
20 957 26.6
20 958 26.6
20 959 26.6
20 960 26.6
20 961 26.6
20 962 26.6
20 963 26.6
20 964 26.6
20 965 26.6
20 966 26.6
20 967 26.6
20 968 26.6
20 969 26.6
20 970 26.6
20 971 26.6
20 972 26.6
20 973 26.6
21 974 26.6
21 975 26.6
21 976 26.6
21 977 26.6
21 978 26.6
21 979 26.6
21 980 26.6
21 981 26.6
21 982 26.6
21 983 26.6
21 984 26.6
21 985 26.6
21 986 26.6
21 987 26.6
21 988 26.6
21 989 26.6
21 990 26.6
21 991 26.6
21 992 26.6
21 993 26.6
21 994 26.6
21 995 26.6
21 996 26.6
21 997 26.6
21 998 26.6
21 999 26.6
21 1000 26.6
21 1001 26.6
21 1002 26.6
21 1003 26.6
21 1004 26.6
21 1005 26.6
21 1006 26.6
21 1007 26.6
21 1008 26.6
21 1009 26.6
21 1010 26.6
21 1011 26.6
21 1012 26.6
21 1013 26.6
21 1014 26.6
21 1015 26.6
21 1016 26.6
21 1017 26.6
21 1018 26.6
21 1019 26.6
21 1020 26.4
21 1021 26.4
21 1022 26.4
21 1023 26.4
21 1024 26.4
21 1025 26.4
22 1026 26.4
22 1027 26.4
22 1028 26.4
22 1029 26.4
22 1030 26.4
22 1031 26.4
22 1032 26.4
22 1033 26.4
22 1034 26.4
22 1035 26.4
22 1036 26.4
22 1037 26.4
22 1038 26.4
22 1039 26.4
22 1040 26.4
22 1041 26.4
22 1042 26.4
22 1043 26.4
22 1044 26.4
22 1045 26.4
22 1046 26.4
22 1047 26.4
22 1048 26.4
22 1049 26.4
22 1050 26.4
22 1051 26.4
22 1052 26.4
22 1053 26.4
22 1054 26.4
22 1055 26.4
22 1056 26.4
22 1057 26.4
22 1058 26.4
22 1059 26.4
22 1060 26.4
22 1061 26.4
22 1062 26.4
22 1063 26.4
22 1064 26.4
22 1065 26.4
22 1066 26.4
22 1067 26.4
22 1068 26.4
22 1069 26.4
22 1070 26.4
22 1071 26.4
22 1072 26.4
22 1073 26.4
22 1074 26.4
22 1075 26.4
22 1076 26.3
22 1077 26.3
22 1078 26.3
22 1079 26.3
22 1080 26.3
23 1081 26.3
23 1082 26.3
23 1083 26.3
23 1084 26.3
23 1085 26.3
23 1086 26.3
23 1087 26.3
23 1088 26.3
23 1089 26.3
23 1090 26.3
23 1091 26.3
23 1092 26.3
23 1093 26.3
23 1094 26.3
23 1095 26.3
23 1096 26.3
23 1097 26.3
23 1098 26.3
23 1099 26.3
23 1100 26.3
23 1101 26.3
23 1102 26.3
23 1103 26.3
23 1104 26.3
23 1105 26.3
23 1106 26.3
23 1107 26.3
23 1108 26.3
23 1109 26.3
23 1110 26.3
23 1111 26.3
23 1112 26.3
23 1113 26.3
23 1114 26.3
23 1115 26.3
23 1116 26.3
23 1117 26.3
23 1118 26.3
23 1119 26.3
23 1120 26.3
23 1121 26.3
23 1122 26.3
23 1123 26.3
23 1124 26.3
23 1125 26.3
23 1126 26.3
23 1127 26.3
23 1128 26.3
23 1129 26.3
23 1130 26.3
23 1131 26.3
23 1132 26.3
24 1133 26.3
24 1134 26.3
24 1135 26.3
24 1136 26.3
24 1137 26.3
24 1138 26.3
24 1139 26.3
24 1140 26.2
24 1141 26.2
24 1142 26.2
24 1143 26.2
24 1144 26.2
24 1145 26.2
24 1146 26.2
24 1147 26.2
24 1148 26.2
24 1149 26.2
24 1150 26.2
24 1151 26.2
24 1152 26.2
24 1153 26.2
24 1154 26.2
24 1155 26.2
24 1156 26.2
24 1157 26.2
24 1158 26.1
24 1159 26.1
24 1160 26.1
24 1161 26.0
24 1162 26.0
24 1163 26.0
24 1164 26.0
24 1165 26.0
24 1166 26.0
24 1167 26.0
24 1168 26.0
24 1169 26.0
24 1170 26.0
24 1171 26.0
24 1172 26.0
24 1173 26.0
24 1174 26.0
24 1175 26.0
24 1176 26.0
24 1177 26.0
24 1178 25.9
24 1179 25.9
24 1180 25.9
24 1181 25.8
24 1182 25.8
24 1183 25.8
24 1184 25.8
24 1185 25.8
24 1186 25.8
25 1187 25.8
25 1188 25.8
25 1189 25.8
25 1190 25.8
25 1191 25.8
25 1192 25.8
25 1193 25.8
25 1194 25.8
25 1195 25.8
25 1196 25.8
25 1197 25.8
25 1198 25.8
25 1199 25.8
25 1200 25.8
25 1201 25.8
25 1202 25.8
25 1203 25.8
25 1204 25.8
25 1205 25.8
25 1206 25.8
25 1207 25.8
25 1208 25.8
25 1209 25.8
25 1210 25.8
25 1211 25.8
25 1212 25.8
25 1213 25.8
25 1214 25.8
25 1215 25.8
25 1216 25.8
25 1217 25.8
25 1218 25.8
25 1219 25.8
25 1220 25.8
25 1221 25.8
25 1222 25.8
25 1223 25.8
25 1224 25.8
25 1225 25.8
25 1226 25.8
25 1227 25.8
25 1228 25.8
25 1229 25.8
25 1230 25.8
25 1231 25.8
25 1232 25.8
25 1233 25.8
25 1234 25.8
25 1235 25.8
25 1236 25.8
25 1237 25.8
26 1238 25.8
26 1239 25.8
26 1240 25.8
26 1241 25.8
26 1242 25.8
26 1243 25.8
26 1244 25.8
26 1245 25.8
26 1246 25.8
26 1247 25.8
26 1248 25.8
26 1249 25.8
26 1250 25.8
26 1251 25.8
26 1252 25.8
26 1253 25.8
26 1254 25.8
26 1255 25.8
26 1256 25.8
26 1257 25.8
26 1258 25.8
26 1259 25.8
26 1260 25.8
26 1261 25.8
26 1262 25.8
26 1263 25.8
26 1264 25.8
26 1265 25.8
26 1266 25.8
26 1267 25.8
26 1268 25.8
26 1269 25.8
26 1270 25.8
26 1271 25.8
26 1272 25.8
26 1273 25.8
26 1274 25.6
26 1275 25.6
26 1276 25.6
26 1277 25.6
26 1278 25.6
26 1279 25.6
26 1280 25.6
26 1281 25.6
26 1282 25.6
26 1283 25.6
26 1284 25.6
26 1285 25.6
27 1286 25.6
27 1287 25.6
27 1288 25.6
27 1289 25.6
27 1290 25.6
27 1291 25.6
27 1292 25.6
27 1293 25.6
27 1294 25.6
27 1295 25.6
27 1296 25.6
27 1297 25.6
27 1298 25.6
27 1299 25.6
27 1300 25.6
27 1301 25.6
27 1302 25.6
27 1303 25.6
27 1304 25.6
27 1305 25.6
27 1306 25.6
27 1307 25.6
27 1308 25.6
27 1309 25.6
27 1310 25.6
27 1311 25.6
27 1312 25.6
27 1313 25.6
27 1314 25.6
27 1315 25.6
27 1316 25.6
27 1317 25.6
27 1318 25.6
27 1319 25.6
27 1320 25.6
27 1321 25.6
27 1322 25.6
27 1323 25.6
27 1324 25.6
27 1325 25.6
27 1326 25.6
27 1327 25.6
27 1328 25.6
27 1329 25.6
27 1330 25.6
27 1331 25.6
27 1332 25.6
27 1333 25.6
27 1334 25.6
28 1335 25.6
28 1336 25.6
28 1337 25.6
28 1338 25.6
28 1339 25.6
28 1340 25.6
28 1341 25.6
28 1342 25.6
28 1343 25.6
28 1344 25.6
28 1345 25.6
28 1346 25.6
28 1347 25.6
28 1348 25.6
28 1349 25.6
28 1350 25.6
28 1351 25.6
28 1352 25.6
28 1353 25.6
28 1354 25.6
28 1355 25.6
28 1356 25.6
28 1357 25.6
28 1358 25.6
28 1359 25.6
28 1360 25.6
28 1361 25.6
28 1362 25.6
28 1363 25.6
28 1364 25.6
28 1365 25.6
28 1366 25.6
28 1367 25.6
28 1368 25.6
28 1369 25.6
28 1370 25.6
28 1371 25.6
28 1372 25.6
28 1373 25.6
28 1374 25.6
28 1375 25.6
28 1376 25.6
28 1377 25.6
28 1378 25.6
28 1379 25.6
28 1380 25.6
28 1381 25.6
28 1382 25.6
28 1383 25.6
28 1384 25.6
28 1385 25.6
29 1386 25.6
29 1387 25.6
29 1388 25.6
29 1389 25.6
29 1390 25.6
29 1391 25.6
29 1392 25.6
29 1393 25.6
29 1394 25.6
29 1395 25.6
29 1396 25.6
29 1397 25.6
29 1398 25.6
29 1399 25.6
29 1400 25.6
29 1401 25.6
29 1402 25.6
29 1403 25.6
29 1404 25.6
29 1405 25.6
29 1406 25.6
29 1407 25.6
29 1408 25.6
29 1409 25.6
29 1410 25.6
29 1411 25.6
29 1412 25.6
29 1413 25.6
29 1414 25.6
29 1415 25.6
29 1416 25.6
29 1417 25.6
29 1418 25.6
29 1419 25.6
29 1420 25.6
29 1421 25.6
29 1422 25.6
29 1423 25.6
29 1424 25.6
29 1425 25.6
29 1426 25.6
29 1427 25.6
29 1428 25.6
29 1429 25.6
29 1430 25.6
29 1431 25.6
29 1432 25.6
29 1433 25.6
29 1434 25.6
30 1435 25.6
30 1436 25.6
30 1437 25.6
30 1438 25.6
30 1439 25.6
30 1440 25.6
30 1441 25.6
30 1442 25.6
30 1443 25.6
30 1444 25.6
30 1445 25.6
30 1446 25.6
30 1447 25.6
30 1448 25.6
30 1449 25.6
30 1450 25.6
30 1451 25.6
30 1452 25.6
30 1453 25.6
30 1454 25.6
30 1455 25.6
30 1456 25.6
30 1457 25.6
30 1458 25.6
30 1459 25.6
30 1460 25.6
30 1461 25.6
30 1462 25.6
30 1463 25.6
30 1464 25.6
30 1465 25.6
30 1466 25.6
30 1467 25.6
30 1468 25.6
30 1469 25.6
30 1470 25.6
30 1471 25.6
30 1472 25.6
30 1473 25.6
30 1474 25.6
30 1475 25.6
30 1476 25.6
30 1477 25.6
30 1478 25.6
30 1479 25.6
30 1480 25.6
30 1481 25.6
30 1482 25.6
30 1483 25.6
31 1484 25.6
31 1485 25.6
31 1486 25.6
31 1487 25.6
31 1488 25.6
31 1489 25.6
31 1490 25.6
31 1491 25.6
31 1492 25.6
31 1493 25.6
31 1494 25.6
31 1495 25.6
31 1496 25.6
31 1497 25.6
31 1498 25.6
31 1499 25.6
31 1500 25.6
31 1501 25.6
31 1502 25.6
31 1503 25.6
31 1504 25.6
31 1505 25.6
31 1506 25.6
31 1507 25.6
31 1508 25.6
31 1509 25.6
31 1510 25.6
31 1511 25.6
31 1512 25.6
31 1513 25.6
31 1514 25.6
31 1515 25.6
31 1516 25.6
31 1517 25.6
31 1518 25.6
31 1519 25.6
31 1520 25.6
31 1521 25.6
31 1522 25.6
31 1523 25.6
31 1524 25.6
31 1525 25.6
31 1526 25.6
31 1527 25.6
31 1528 25.6
31 1529 25.6
31 1530 25.6
31 1531 25.6
31 1532 25.6
31 1533 25.6
31 1534 25.6
32 1535 25.6
32 1536 25.6
32 1537 25.6
32 1538 25.6
32 1539 25.6
32 1540 25.6
32 1541 25.6
32 1542 25.6
32 1543 25.6
32 1544 25.6
32 1545 25.6
32 1546 25.6
32 1547 25.6
32 1548 25.6
32 1549 25.6
32 1550 25.6
32 1551 25.6
32 1552 25.6
32 1553 25.6
32 1554 25.6
32 1555 25.6
32 1556 25.6
32 1557 25.6
32 1558 25.6
32 1559 25.6
32 1560 25.6
32 1561 25.6
32 1562 25.6
32 1563 25.6
32 1564 25.6
32 1565 25.6
32 1566 25.6
32 1567 25.6
32 1568 25.6
32 1569 25.6
32 1570 25.6
32 1571 25.6
32 1572 25.6
32 1573 25.6
32 1574 25.6
32 1575 25.6
32 1576 25.6
32 1577 25.6
32 1578 25.6
32 1579 25.6
32 1580 25.6
32 1581 25.6
32 1582 25.6
32 1583 25.6
32 1584 25.6
33 1585 25.6
33 1586 25.6
33 1587 25.6
33 1588 25.6
33 1589 25.6
33 1590 25.6
33 1591 25.6
33 1592 25.6
33 1593 25.6
33 1594 25.6
33 1595 25.6
33 1596 25.6
33 1597 25.6
33 1598 25.6
33 1599 25.6
33 1600 25.6
33 1601 25.6
33 1602 25.6
33 1603 25.6
33 1604 25.6
33 1605 25.6
33 1606 25.6
33 1607 25.6
33 1608 25.6
33 1609 25.6
33 1610 25.6
33 1611 25.6
33 1612 25.6
33 1613 25.6
33 1614 25.6
33 1615 25.6
33 1616 25.6
33 1617 25.6
33 1618 25.6
33 1619 25.6
33 1620 25.6
33 1621 25.6
33 1622 25.6
33 1623 25.6
33 1624 25.6
33 1625 25.6
33 1626 25.6
33 1627 25.6
33 1628 25.6
33 1629 25.6
33 1630 25.6
33 1631 25.6
33 1632 25.6
33 1633 25.6
33 1634 25.6
33 1635 25.6
33 1636 25.6
34 1637 25.6
34 1638 25.6
34 1639 25.6
34 1640 25.6
34 1641 25.6
34 1642 25.6
34 1643 25.6
34 1644 25.6
34 1645 25.6
34 1646 25.6
34 1647 25.6
34 1648 25.6
34 1649 25.6
34 1650 25.6
34 1651 25.6
34 1652 25.6
34 1653 25.6
34 1654 25.6
34 1655 25.6
34 1656 25.6
34 1657 25.6
34 1658 25.6
34 1659 25.6
34 1660 25.6
34 1661 25.6
34 1662 25.6
34 1663 25.6
34 1664 25.6
34 1665 25.6
34 1666 25.6
34 1667 25.6
34 1668 25.6
34 1669 25.6
34 1670 25.6
34 1671 25.6
34 1672 25.6
34 1673 25.6
34 1674 25.6
34 1675 25.6
34 1676 25.6
34 1677 25.6
34 1678 25.6
34 1679 25.6
34 1680 25.6
34 1681 25.6
34 1682 25.6
34 1683 25.6
34 1684 25.6
34 1685 25.6
34 1686 25.6
34 1687 25.6
34 1688 25.6
34 1689 25.6
35 1690 25.6
35 1691 25.6
35 1692 25.6
35 1693 25.6
35 1694 25.6
35 1695 25.6
35 1696 25.6
35 1697 25.6
35 1698 25.6
35 1699 25.6
35 1700 25.6
35 1701 25.6
35 1702 25.6
35 1703 25.6
35 1704 25.6
35 1705 25.6
35 1706 25.6
35 1707 25.6
35 1708 25.6
35 1709 25.6
35 1710 25.6
35 1711 25.6
35 1712 25.6
35 1713 25.6
35 1714 25.6
35 1715 25.6
35 1716 25.6
35 1717 25.6
35 1718 25.6
35 1719 25.6
35 1720 25.6
35 1721 25.6
35 1722 25.6
35 1723 25.6
35 1724 25.6
35 1725 25.6
35 1726 25.6
35 1727 25.6
35 1728 25.6
35 1729 25.6
35 1730 25.6
35 1731 25.6
35 1732 25.6
35 1733 25.6
35 1734 25.6
35 1735 25.6
35 1736 24.7
35 1737 24.7
35 1738 24.7
35 1739 24.7
35 1740 24.7
35 1741 24.7
36 1742 24.7
36 1743 24.7
36 1744 24.7
36 1745 24.7
36 1746 24.0
36 1747 23.8
36 1748 23.8
36 1749 23.1
36 1750 23.1
36 1751 23.1
36 1752 23.1
36 1753 23.1
36 1754 23.1
36 1755 23.1
36 1756 22.7
36 1757 22.7
36 1758 21.9
36 1759 21.9
36 1760 21.9
36 1761 21.7
36 1762 21.7
36 1763 21.7
36 1764 21.7
36 1765 21.7
36 1766 21.7
36 1767 21.4
36 1768 21.4
36 1769 21.4
36 1770 20.9
36 1771 20.9
36 1772 20.9
36 1773 20.9
36 1774 20.9
36 1775 20.9
36 1776 20.9
36 1777 20.1
36 1778 20.1
36 1779 20.1
36 1780 20.1
36 1781 20.1
36 1782 20.1
36 1783 20.1
36 1784 20.1
36 1785 20.1
36 1786 20.1
36 1787 20.1
36 1788 20.0
36 1789 20.0
36 1790 20.0
36 1791 20.0
36 1792 20.0
36 1793 20.0
36 1794 20.0
36 1795 20.0
37 1796 20.0
37 1797 20.0
37 1798 20.0
37 1799 20.0
37 1800 20.0
37 1801 20.0
37 1802 20.0
37 1803 20.0
37 1804 20.0
37 1805 20.0
37 1806 20.0
37 1807 20.0
37 1808 20.0
37 1809 20.0
37 1810 20.0
37 1811 20.0
37 1812 20.0
37 1813 20.0
37 1814 20.0
37 1815 20.0
37 1816 20.0
37 1817 20.0
37 1818 20.0
37 1819 20.0
37 1820 20.0
37 1821 20.0
37 1822 20.0
37 1823 20.0
37 1824 20.0
37 1825 20.0
37 1826 20.0
37 1827 20.0
37 1828 20.0
37 1829 20.0
37 1830 20.0
37 1831 20.0
37 1832 20.0
37 1833 20.0
37 1834 20.0
37 1835 20.0
37 1836 20.0
37 1837 20.0
37 1838 20.0
37 1839 20.0
37 1840 20.0
37 1841 20.0
37 1842 20.0
37 1843 20.0
37 1844 20.0
37 1845 20.0
37 1846 20.0
37 1847 20.0
38 1848 20.0
38 1849 20.0
38 1850 20.0
38 1851 20.0
38 1852 20.0
38 1853 20.0
38 1854 20.0
38 1855 20.0
38 1856 20.0
38 1857 20.0
38 1858 19.8
38 1859 19.8
38 1860 19.8
38 1861 19.8
38 1862 19.8
38 1863 19.8
38 1864 19.8
38 1865 19.8
38 1866 19.8
38 1867 19.8
38 1868 19.8
38 1869 19.8
38 1870 19.8
38 1871 19.8
38 1872 19.8
38 1873 19.8
38 1874 19.8
38 1875 19.8
38 1876 19.8
38 1877 19.8
38 1878 19.4
38 1879 19.4
38 1880 19.4
38 1881 19.3
38 1882 19.3
38 1883 19.3
38 1884 19.3
38 1885 19.3
38 1886 19.3
38 1887 19.3
38 1888 19.3
38 1889 19.3
38 1890 19.3
38 1891 19.3
38 1892 19.3
38 1893 19.3
38 1894 19.3
38 1895 19.3
38 1896 19.3
38 1897 19.3
38 1898 19.3
38 1899 19.3
38 1900 19.3
38 1901 19.3
38 1902 19.3
39 1903 19.3
39 1904 19.3
39 1905 19.3
39 1906 19.3
39 1907 19.3
39 1908 19.3
39 1909 19.3
39 1910 19.3
39 1911 19.3
39 1912 19.3
39 1913 19.3
39 1914 19.3
39 1915 19.3
39 1916 19.3
39 1917 19.3
39 1918 19.3
39 1919 19.3
39 1920 19.3
39 1921 19.2
39 1922 19.2
39 1923 19.2
39 1924 19.2
39 1925 18.3
39 1926 18.3
39 1927 18.3
39 1928 18.3
39 1929 18.3
39 1930 18.3
39 1931 18.3
39 1932 18.3
39 1933 18.3
39 1934 17.9
39 1935 17.9
39 1936 17.9
39 1937 17.9
39 1938 17.9
39 1939 17.9
39 1940 17.9
39 1941 17.7
39 1942 17.7
39 1943 17.7
39 1944 17.7
39 1945 17.7
39 1946 17.2
39 1947 17.2
39 1948 17.1
39 1949 17.1
39 1950 17.1
39 1951 17.0
39 1952 17.0
39 1953 17.0
39 1954 17.0
40 1955 17.0
40 1956 16.7
40 1957 16.7
40 1958 16.7
40 1959 16.7
40 1960 16.5
40 1961 16.5
40 1962 16.5
40 1963 16.5
40 1964 16.5
40 1965 16.5
40 1966 16.3
40 1967 16.3
40 1968 16.3
40 1969 16.3
40 1970 16.3
40 1971 16.3
40 1972 16.3
40 1973 16.3
40 1974 16.3
40 1975 16.3
40 1976 16.3
40 1977 16.3
40 1978 16.3
40 1979 16.3
40 1980 16.3
40 1981 16.3
40 1982 16.3
40 1983 16.3
40 1984 16.3
40 1985 16.3
40 1986 16.3
40 1987 16.3
40 1988 16.3
40 1989 16.1
40 1990 16.1
40 1991 16.1
40 1992 16.1
40 1993 16.1
40 1994 16.1
40 1995 16.1
40 1996 16.1
40 1997 16.1
40 1998 16.1
40 1999 16.1
40 2000 16.1
40 2001 16.1
40 2002 16.1
40 2003 16.1
40 2004 16.1
40 2005 16.1
40 2006 16.1
40 2007 16.1
40 2008 16.1
41 2009 16.1
41 2010 16.1
41 2011 16.1
41 2012 16.1
41 2013 16.1
41 2014 16.1
41 2015 16.1
41 2016 16.1
41 2017 16.1
41 2018 16.1
41 2019 16.1
41 2020 16.1
41 2021 16.1
41 2022 16.1
41 2023 16.1
41 2024 16.1
41 2025 16.1
41 2026 16.1
41 2027 16.1
41 2028 16.1
41 2029 16.1
41 2030 16.1
41 2031 16.1
41 2032 16.1
41 2033 16.1
41 2034 16.1
41 2035 16.1
41 2036 16.1
41 2037 16.1
41 2038 16.1
41 2039 16.1
41 2040 16.1
41 2041 16.1
41 2042 16.1
41 2043 16.1
41 2044 16.1
41 2045 16.1
41 2046 16.1
41 2047 16.1
41 2048 16.1
41 2049 16.1
41 2050 16.1
41 2051 16.1
41 2052 16.1
41 2053 16.1
41 2054 16.1
41 2055 16.1
41 2056 16.1
41 2057 16.1
41 2058 16.1
41 2059 16.1
41 2060 16.1
41 2061 16.1
41 2062 16.1
41 2063 16.1
42 2064 16.1
42 2065 16.1
42 2066 16.1
42 2067 16.1
42 2068 16.1
42 2069 16.1
42 2070 16.1
42 2071 16.1
42 2072 16.1
42 2073 16.1
42 2074 16.1
42 2075 16.0
42 2076 16.0
42 2077 16.0
42 2078 16.0
42 2079 16.0
42 2080 16.0
42 2081 16.0
42 2082 16.0
42 2083 16.0
42 2084 16.0
42 2085 16.0
42 2086 16.0
42 2087 16.0
42 2088 16.0
42 2089 16.0
42 2090 16.0
42 2091 16.0
42 2092 16.0
42 2093 16.0
42 2094 16.0
42 2095 16.0
42 2096 16.0
42 2097 16.0
42 2098 16.0
42 2099 16.0
42 2100 16.0
42 2101 16.0
42 2102 16.0
42 2103 16.0
42 2104 16.0
42 2105 16.0
42 2106 15.7
42 2107 15.7
42 2108 15.7
42 2109 15.7
42 2110 15.6
42 2111 15.6
42 2112 15.6
42 2113 15.2
42 2114 15.2
42 2115 15.2
43 2116 15.2
43 2117 15.2
43 2118 15.0
43 2119 15.0
43 2120 15.0
43 2121 15.0
43 2122 15.0
43 2123 15.0
43 2124 15.0
43 2125 15.0
43 2126 15.0
43 2127 15.0
43 2128 15.0
43 2129 15.0
43 2130 15.0
43 2131 15.0
43 2132 15.0
43 2133 15.0
43 2134 15.0
43 2135 15.0
43 2136 15.0
43 2137 15.0
43 2138 15.0
43 2139 15.0
43 2140 15.0
43 2141 15.0
43 2142 15.0
43 2143 15.0
43 2144 15.0
43 2145 15.0
43 2146 15.0
43 2147 15.0
43 2148 15.0
43 2149 15.0
43 2150 15.0
43 2151 15.0
43 2152 15.0
43 2153 15.0
43 2154 15.0
43 2155 15.0
43 2156 15.0
43 2157 15.0
43 2158 15.0
43 2159 15.0
43 2160 15.0
43 2161 15.0
43 2162 15.0
43 2163 15.0
43 2164 15.0
43 2165 15.0
44 2166 15.0
44 2167 15.0
44 2168 15.0
44 2169 15.0
44 2170 15.0
44 2171 15.0
44 2172 15.0
44 2173 15.0
44 2174 15.0
44 2175 15.0
44 2176 15.0
44 2177 15.0
44 2178 15.0
44 2179 15.0
44 2180 15.0
44 2181 15.0
44 2182 15.0
44 2183 15.0
44 2184 15.0
44 2185 15.0
44 2186 15.0
44 2187 15.0
44 2188 15.0
44 2189 15.0
44 2190 15.0
44 2191 15.0
44 2192 15.0
44 2193 15.0
44 2194 15.0
44 2195 15.0
44 2196 15.0
44 2197 15.0
44 2198 15.0
44 2199 15.0
44 2200 15.0
44 2201 15.0
44 2202 15.0
44 2203 15.0
44 2204 15.0
44 2205 15.0
44 2206 15.0
44 2207 15.0
44 2208 15.0
44 2209 15.0
44 2210 15.0
44 2211 15.0
44 2212 15.0
45 2213 15.0
45 2214 15.0
45 2215 15.0
45 2216 15.0
45 2217 15.0
45 2218 15.0
45 2219 15.0
45 2220 15.0
45 2221 15.0
45 2222 15.0
45 2223 15.0
45 2224 15.0
45 2225 15.0
45 2226 15.0
45 2227 15.0
45 2228 15.0
45 2229 15.0
45 2230 15.0
45 2231 15.0
45 2232 15.0
45 2233 15.0
45 2234 15.0
45 2235 15.0
45 2236 15.0
45 2237 15.0
45 2238 15.0
45 2239 15.0
45 2240 15.0
45 2241 15.0
45 2242 15.0
45 2243 15.0
45 2244 15.0
45 2245 15.0
45 2246 15.0
45 2247 15.0
45 2248 15.0
45 2249 15.0
45 2250 15.0
45 2251 15.0
45 2252 15.0
45 2253 15.0
45 2254 15.0
45 2255 15.0
45 2256 15.0
45 2257 15.0
45 2258 15.0
45 2259 15.0
45 2260 15.0
45 2261 15.0
45 2262 15.0
45 2263 15.0
45 2264 15.0
45 2265 15.0
46 2266 15.0
46 2267 15.0
46 2268 15.0
46 2269 15.0
46 2270 15.0
46 2271 15.0
46 2272 15.0
46 2273 15.0
46 2274 15.0
46 2275 15.0
46 2276 15.0
46 2277 15.0
46 2278 15.0
46 2279 15.0
46 2280 15.0
46 2281 15.0
46 2282 15.0
46 2283 15.0
46 2284 15.0
46 2285 15.0
46 2286 15.0
46 2287 15.0
46 2288 15.0
46 2289 15.0
46 2290 15.0
46 2291 15.0
46 2292 15.0
46 2293 15.0
46 2294 15.0
46 2295 15.0
46 2296 15.0
46 2297 15.0
46 2298 15.0
46 2299 15.0
46 2300 15.0
46 2301 15.0
46 2302 15.0
46 2303 15.0
46 2304 15.0
46 2305 15.0
46 2306 15.0
46 2307 15.0
46 2308 15.0
46 2309 15.0
46 2310 15.0
46 2311 15.0
46 2312 15.0
46 2313 15.0
46 2314 15.0
46 2315 15.0
46 2316 15.0
46 2317 15.0
47 2318 15.0
47 2319 15.0
47 2320 15.0
47 2321 15.0
47 2322 15.0
47 2323 15.0
47 2324 15.0
47 2325 15.0
47 2326 15.0
47 2327 15.0
47 2328 15.0
47 2329 15.0
47 2330 15.0
47 2331 15.0
47 2332 15.0
47 2333 15.0
47 2334 15.0
47 2335 15.0
47 2336 15.0
47 2337 15.0
47 2338 15.0
47 2339 15.0
47 2340 15.0
47 2341 15.0
47 2342 15.0
47 2343 15.0
47 2344 15.0
47 2345 15.0
47 2346 15.0
47 2347 15.0
47 2348 15.0
47 2349 15.0
47 2350 15.0
47 2351 15.0
47 2352 15.0
47 2353 15.0
47 2354 15.0
47 2355 15.0
47 2356 15.0
47 2357 15.0
47 2358 15.0
47 2359 15.0
47 2360 15.0
47 2361 15.0
47 2362 15.0
47 2363 15.0
47 2364 15.0
47 2365 15.0
47 2366 15.0
47 2367 15.0
47 2368 15.0
47 2369 15.0
47 2370 15.0
48 2371 15.0
48 2372 15.0
48 2373 15.0
48 2374 15.0
48 2375 15.0
48 2376 15.0
48 2377 15.0
48 2378 15.0
48 2379 15.0
48 2380 15.0
48 2381 15.0
48 2382 15.0
48 2383 15.0
48 2384 15.0
48 2385 15.0
48 2386 15.0
48 2387 15.0
48 2388 15.0
48 2389 15.0
48 2390 15.0
48 2391 15.0
48 2392 15.0
48 2393 15.0
48 2394 15.0
48 2395 15.0
48 2396 15.0
48 2397 15.0
48 2398 15.0
48 2399 15.0
48 2400 15.0
48 2401 15.0
48 2402 15.0
48 2403 15.0
48 2404 15.0
48 2405 15.0
48 2406 15.0
48 2407 15.0
48 2408 15.0
48 2409 15.0
48 2410 15.0
48 2411 15.0
48 2412 15.0
48 2413 15.0
48 2414 15.0
48 2415 14.8
48 2416 14.8
48 2417 14.8
48 2418 14.8
48 2419 14.8
48 2420 14.8
48 2421 14.8
49 2422 14.8
49 2423 14.8
49 2424 14.8
49 2425 14.8
49 2426 14.8
49 2427 14.8
49 2428 14.8
49 2429 14.8
49 2430 14.8
49 2431 14.8
49 2432 14.8
49 2433 14.7
49 2434 14.7
49 2435 14.7
49 2436 14.6
49 2437 14.6
49 2438 14.6
49 2439 14.6
49 2440 14.6
49 2441 14.4
49 2442 14.4
49 2443 14.4
49 2444 14.4
49 2445 14.4
49 2446 14.4
49 2447 14.4
49 2448 14.4
49 2449 14.4
49 2450 14.4
49 2451 14.4
49 2452 14.4
49 2453 14.4
49 2454 14.4
49 2455 14.4
49 2456 14.4
49 2457 14.4
49 2458 14.4
49 2459 14.4
49 2460 14.4
49 2461 14.4
49 2462 14.4
49 2463 14.4
49 2464 14.4
49 2465 14.4
49 2466 14.4
49 2467 14.4
49 2468 14.4
49 2469 14.4
49 2470 14.4
49 2471 14.4
49 2472 14.4
49 2473 14.4
49 2474 14.4
50 2475 14.4
50 2476 14.4
50 2477 14.4
50 2478 14.4
50 2479 14.4
50 2480 14.4
50 2481 14.4
50 2482 14.4
50 2483 14.4
50 2484 14.4
50 2485 14.4
50 2486 14.4
50 2487 14.4
50 2488 14.4
50 2489 14.4
50 2490 14.4
50 2491 14.4
50 2492 14.4
50 2493 14.4
50 2494 14.4
50 2495 14.4
50 2496 14.4
50 2497 14.4
50 2498 14.4
50 2499 14.4
50 2500 14.4
50 2501 14.4
50 2502 14.4
50 2503 14.4
50 2504 14.4
50 2505 14.4
50 2506 14.4
50 2507 14.4
50 2508 14.4
50 2509 14.4
50 2510 14.4
50 2511 14.4
50 2512 14.4
50 2513 14.4
50 2514 14.4
50 2515 14.4
50 2516 14.4
50 2517 14.4
50 2518 14.4
50 2519 14.4
50 2520 14.4
50 2521 14.4
50 2522 14.4
50 2523 14.4
50 2524 14.4
50 2525 14.4
50 2526 14.4
50 2527 14.4
51 2528 14.4
51 2529 14.4
51 2530 14.4
51 2531 14.4
51 2532 14.4
51 2533 14.4
51 2534 14.4
51 2535 14.4
51 2536 14.4
51 2537 14.4
51 2538 14.4
51 2539 14.4
51 2540 14.4
51 2541 14.4
51 2542 14.4
51 2543 14.4
51 2544 14.4
51 2545 14.4
51 2546 14.4
51 2547 14.4
51 2548 14.4
51 2549 14.4
51 2550 14.4
51 2551 14.4
51 2552 14.4
51 2553 14.4
51 2554 14.4
51 2555 14.4
51 2556 14.4
51 2557 14.4
51 2558 14.4
51 2559 14.4
51 2560 14.4
51 2561 14.4
51 2562 14.4
51 2563 14.4
51 2564 14.4
51 2565 14.4
51 2566 14.4
51 2567 14.4
51 2568 14.4
51 2569 14.4
51 2570 14.4
51 2571 14.4
51 2572 14.4
51 2573 14.4
51 2574 14.4
51 2575 14.4
51 2576 14.4
51 2577 14.4
51 2578 14.4
51 2579 14.4
52 2580 14.4
52 2581 14.4
52 2582 14.4
52 2583 14.4
52 2584 14.4
52 2585 14.4
52 2586 14.4
52 2587 14.4
52 2588 14.4
52 2589 14.4
52 2590 14.4
52 2591 14.4
52 2592 14.4
52 2593 14.4
52 2594 14.4
52 2595 14.4
52 2596 14.4
52 2597 14.4
52 2598 14.4
52 2599 14.4
52 2600 14.4
52 2601 14.4
52 2602 14.4
52 2603 14.4
52 2604 14.4
52 2605 14.4
52 2606 14.4
52 2607 14.4
52 2608 14.4
52 2609 14.4
52 2610 14.4
52 2611 14.4
52 2612 14.4
52 2613 14.4
52 2614 14.4
52 2615 14.4
52 2616 14.4
52 2617 14.4
52 2618 14.4
52 2619 14.4
52 2620 14.4
52 2621 14.4
52 2622 14.4
52 2623 14.4
52 2624 14.4
52 2625 14.4
52 2626 14.4
52 2627 14.4
52 2628 14.4
52 2629 14.4
52 2630 14.4
52 2631 14.4
53 2632 14.4
53 2633 14.4
53 2634 14.4
53 2635 14.4
53 2636 14.4
53 2637 14.4
53 2638 14.4
53 2639 14.4
53 2640 14.4
53 2641 14.4
53 2642 14.4
53 2643 14.4
53 2644 14.4
53 2645 14.4
53 2646 14.4
53 2647 14.4
53 2648 14.4
53 2649 14.4
53 2650 14.4
53 2651 14.4
53 2652 14.4
53 2653 14.4
53 2654 14.4
53 2655 14.4
53 2656 14.4
53 2657 14.4
53 2658 14.4
53 2659 14.4
53 2660 14.4
53 2661 14.4
53 2662 14.4
53 2663 14.4
53 2664 14.4
53 2665 14.4
53 2666 14.4
53 2667 14.4
53 2668 14.4
53 2669 14.4
53 2670 14.4
53 2671 14.4
53 2672 14.4
53 2673 14.4
53 2674 14.4
53 2675 14.4
53 2676 14.4
53 2677 14.4
53 2678 14.4
53 2679 14.4
53 2680 14.4
53 2681 14.4
53 2682 14.4
53 2683 14.4
53 2684 14.4
54 2685 14.4
54 2686 14.4
54 2687 14.4
54 2688 14.4
54 2689 14.4
54 2690 14.4
54 2691 14.4
54 2692 14.4
54 2693 14.4
54 2694 14.4
54 2695 14.4
54 2696 14.4
54 2697 14.4
54 2698 14.4
54 2699 14.4
54 2700 14.4
54 2701 14.4
54 2702 14.4
54 2703 14.4
54 2704 14.4
54 2705 14.4
54 2706 14.4
54 2707 14.4
54 2708 14.4
54 2709 14.4
54 2710 14.4
54 2711 14.4
54 2712 14.4
54 2713 14.4
54 2714 14.4
54 2715 14.4
54 2716 14.4
54 2717 14.4
54 2718 14.4
54 2719 14.4
54 2720 14.4
54 2721 14.4
54 2722 14.4
54 2723 14.4
54 2724 14.4
54 2725 14.4
54 2726 14.4
54 2727 14.4
54 2728 14.4
54 2729 14.4
54 2730 14.4
54 2731 14.4
54 2732 14.4
54 2733 14.4
54 2734 14.4
54 2735 14.4
54 2736 14.4
55 2737 14.4
55 2738 14.4
55 2739 14.4
55 2740 14.4
55 2741 14.4
55 2742 14.4
55 2743 14.4
55 2744 14.4
55 2745 14.4
55 2746 14.4
55 2747 14.4
55 2748 14.4
55 2749 14.4
55 2750 14.4
55 2751 14.4
55 2752 14.4
55 2753 14.4
55 2754 14.4
55 2755 14.4
55 2756 14.4
55 2757 14.4
55 2758 14.4
55 2759 14.4
55 2760 14.4
55 2761 14.4
55 2762 14.4
55 2763 14.4
55 2764 14.4
55 2765 14.4
55 2766 14.4
55 2767 14.4
55 2768 14.4
55 2769 14.4
55 2770 14.4
55 2771 14.4
55 2772 14.4
55 2773 14.4
55 2774 14.4
55 2775 14.4
55 2776 14.4
55 2777 14.4
55 2778 14.4
55 2779 14.4
55 2780 14.4
55 2781 14.4
55 2782 14.4
55 2783 14.4
55 2784 14.4
55 2785 14.4
55 2786 14.4
56 2787 14.4
56 2788 14.4
56 2789 14.4
56 2790 14.4
56 2791 14.4
56 2792 14.4
56 2793 14.4
56 2794 14.4
56 2795 14.4
56 2796 14.4
56 2797 14.4
56 2798 14.4
56 2799 14.4
56 2800 14.4
56 2801 14.4
56 2802 14.4
56 2803 14.4
56 2804 14.4
56 2805 14.4
56 2806 14.4
56 2807 14.4
56 2808 14.4
56 2809 14.4
56 2810 14.4
56 2811 14.4
56 2812 14.4
56 2813 14.4
56 2814 14.4
56 2815 14.4
56 2816 14.4
56 2817 14.4
56 2818 14.4
56 2819 14.4
56 2820 14.4
56 2821 14.4
56 2822 14.4
56 2823 14.4
56 2824 14.4
56 2825 14.4
56 2826 14.4
56 2827 14.4
56 2828 14.4
56 2829 14.4
56 2830 14.4
56 2831 14.4
56 2832 14.4
56 2833 14.4
56 2834 14.4
56 2835 14.4
56 2836 14.4
57 2837 14.4
57 2838 14.4
57 2839 14.4
57 2840 14.4
57 2841 14.4
57 2842 14.3
57 2843 14.3
57 2844 14.3
57 2845 14.3
57 2846 14.3
57 2847 14.3
57 2848 14.3
57 2849 14.3
57 2850 14.3
57 2851 14.3
57 2852 14.3
57 2853 14.3
57 2854 14.3
57 2855 14.3
57 2856 14.3
57 2857 14.3
57 2858 14.3
57 2859 14.3
57 2860 14.3
57 2861 14.3
57 2862 14.3
57 2863 14.3
57 2864 14.3
57 2865 14.3
57 2866 14.3
57 2867 14.3
57 2868 14.3
57 2869 14.1
57 2870 14.1
57 2871 14.1
57 2872 14.1
57 2873 14.1
57 2874 14.1
57 2875 14.1
57 2876 14.1
57 2877 14.1
57 2878 14.1
57 2879 14.1
57 2880 14.1
57 2881 14.1
57 2882 14.1
57 2883 14.1
57 2884 14.1
57 2885 14.1
57 2886 14.1
57 2887 14.1
57 2888 14.1
57 2889 14.1
58 2890 14.1
58 2891 14.1
58 2892 14.1
58 2893 14.1
58 2894 14.1
58 2895 14.1
58 2896 14.1
58 2897 14.1
58 2898 14.1
58 2899 14.1
58 2900 14.1
58 2901 14.1
58 2902 14.1
58 2903 14.1
58 2904 14.1
58 2905 14.1
58 2906 14.1
58 2907 14.1
58 2908 14.1
58 2909 14.1
58 2910 14.1
58 2911 14.1
58 2912 14.1
58 2913 14.1
58 2914 14.1
58 2915 14.1
58 2916 14.1
58 2917 14.1
58 2918 14.1
58 2919 14.1
58 2920 14.1
58 2921 14.1
58 2922 14.1
58 2923 14.1
58 2924 14.1
58 2925 14.1
58 2926 14.1
58 2927 14.1
58 2928 14.1
58 2929 14.1
58 2930 14.1
58 2931 14.1
58 2932 14.1
58 2933 14.1
58 2934 14.1
58 2935 14.1
58 2936 14.1
58 2937 14.1
58 2938 14.1
58 2939 14.1
58 2940 14.1
58 2941 14.1
58 2942 14.1
59 2943 14.1
59 2944 14.1
59 2945 14.1
59 2946 14.1
59 2947 14.1
59 2948 14.1
59 2949 14.1
59 2950 14.1
59 2951 14.1
59 2952 14.1
59 2953 14.1
59 2954 14.1
59 2955 14.1
59 2956 14.1
59 2957 14.1
59 2958 14.1
59 2959 14.1
59 2960 14.1
59 2961 14.1
59 2962 14.1
59 2963 14.1
59 2964 14.1
59 2965 14.1
59 2966 14.1
59 2967 14.1
59 2968 14.1
59 2969 14.1
59 2970 14.1
59 2971 14.1
59 2972 14.1
59 2973 14.1
59 2974 14.1
59 2975 14.1
59 2976 14.1
59 2977 14.1
59 2978 14.1
59 2979 14.1
59 2980 14.1
59 2981 14.1
59 2982 14.1
59 2983 14.1
59 2984 14.1
59 2985 14.1
59 2986 14.1
59 2987 14.1
59 2988 14.1
59 2989 14.1
59 2990 14.1
59 2991 14.1
59 2992 14.1
59 2993 14.1
60 2994 14.1
60 2995 14.1
60 2996 14.1
60 2997 14.1
60 2998 14.1
60 2999 14.1
60 3000 14.1
60 3001 14.1
60 3002 14.1
60 3003 14.1
60 3004 14.1
60 3005 14.1
60 3006 14.1
60 3007 14.1
60 3008 14.1
60 3009 14.1
60 3010 14.1
60 3011 14.1
60 3012 14.1
60 3013 14.1
60 3014 14.1
60 3015 14.1
60 3016 14.1
60 3017 14.1
60 3018 14.1
60 3019 14.1
60 3020 14.1
60 3021 14.1
60 3022 14.1
60 3023 14.1
60 3024 14.1
60 3025 14.1
60 3026 14.1
60 3027 14.1
60 3028 14.1
60 3029 14.1
60 3030 14.1
60 3031 14.1
60 3032 14.1
60 3033 14.1
60 3034 14.1
60 3035 14.1
60 3036 14.1
60 3037 14.1
60 3038 14.1
60 3039 14.1
60 3040 14.1
60 3041 14.1
60 3042 14.1
60 3043 14.1
60 3044 14.1
60 3045 14.1
61 3046 14.1
61 3047 14.1
61 3048 14.1
61 3049 14.1
61 3050 14.1
61 3051 14.1
61 3052 14.1
61 3053 14.1
61 3054 14.1
61 3055 14.1
61 3056 14.1
61 3057 14.1
61 3058 14.1
61 3059 14.1
61 3060 14.1
61 3061 14.1
61 3062 14.1
61 3063 14.1
61 3064 14.1
61 3065 14.1
61 3066 14.1
61 3067 14.1
61 3068 14.1
61 3069 14.1
61 3070 14.1
61 3071 14.1
61 3072 14.1
61 3073 14.1
61 3074 14.1
61 3075 14.1
61 3076 14.1
61 3077 14.1
61 3078 14.1
61 3079 14.1
61 3080 14.1
61 3081 14.1
61 3082 14.1
61 3083 14.1
61 3084 14.1
61 3085 14.1
61 3086 14.1
61 3087 14.1
61 3088 14.1
61 3089 14.1
61 3090 14.1
61 3091 14.1
61 3092 14.1
61 3093 14.1
61 3094 14.1
61 3095 14.1
61 3096 14.1
61 3097 14.1
61 3098 14.1
61 3099 14.1
61 3100 14.1
61 3101 14.1
62 3102 14.1
62 3103 14.1
62 3104 14.1
62 3105 14.1
62 3106 14.1
62 3107 14.1
62 3108 14.1
62 3109 14.1
62 3110 14.1
62 3111 14.1
62 3112 14.1
62 3113 14.1
62 3114 14.1
62 3115 14.1
62 3116 14.1
62 3117 14.1
62 3118 14.1
62 3119 14.1
62 3120 14.1
62 3121 14.1
62 3122 14.1
62 3123 14.1
62 3124 14.1
62 3125 14.1
62 3126 14.1
62 3127 14.1
62 3128 14.1
62 3129 14.1
62 3130 14.1
62 3131 14.1
62 3132 14.1
62 3133 14.1
62 3134 14.1
62 3135 14.1
62 3136 14.1
62 3137 14.1
62 3138 14.1
62 3139 14.1
62 3140 14.1
62 3141 14.1
62 3142 14.1
62 3143 14.1
62 3144 14.1
62 3145 14.1
62 3146 14.1
62 3147 14.1
62 3148 14.1
62 3149 14.1
62 3150 14.1
62 3151 14.1
62 3152 14.1
63 3153 14.1
63 3154 14.1
63 3155 14.1
63 3156 14.1
63 3157 14.1
63 3158 14.1
63 3159 14.1
63 3160 14.1
63 3161 14.1
63 3162 14.1
63 3163 14.1
63 3164 14.1
63 3165 14.1
63 3166 14.1
63 3167 14.1
63 3168 14.1
63 3169 14.1
63 3170 14.1
63 3171 14.1
63 3172 14.1
63 3173 14.1
63 3174 14.1
63 3175 14.1
63 3176 14.1
63 3177 14.1
63 3178 14.1
63 3179 14.1
63 3180 14.1
63 3181 14.1
63 3182 14.1
63 3183 14.1
63 3184 14.1
63 3185 14.1
63 3186 14.1
63 3187 14.1
63 3188 14.1
63 3189 14.1
63 3190 14.1
63 3191 14.1
63 3192 14.1
63 3193 14.1
63 3194 14.1
63 3195 14.1
63 3196 14.1
63 3197 14.1
63 3198 14.1
63 3199 14.1
63 3200 14.1
63 3201 14.1
63 3202 14.1
63 3203 14.1
63 3204 14.1
63 3205 14.1
63 3206 14.1
64 3207 14.1
64 3208 14.1
64 3209 14.1
64 3210 14.1
64 3211 14.1
64 3212 14.1
64 3213 14.1
64 3214 14.1
64 3215 14.1
64 3216 14.1
64 3217 14.1
64 3218 14.1
64 3219 14.1
64 3220 14.1
64 3221 14.1
64 3222 14.1
64 3223 14.1
64 3224 14.1
64 3225 14.1
64 3226 14.1
64 3227 14.1
64 3228 14.1
64 3229 14.1
64 3230 14.1
64 3231 14.1
64 3232 14.1
64 3233 14.1
64 3234 14.1
64 3235 14.1
64 3236 14.1
64 3237 14.1
64 3238 14.1
64 3239 14.1
64 3240 14.1
64 3241 14.1
64 3242 14.1
64 3243 14.1
64 3244 14.1
64 3245 14.1
64 3246 14.1
64 3247 14.1
64 3248 14.1
64 3249 14.1
64 3250 14.1
64 3251 14.1
64 3252 14.1
64 3253 14.1
64 3254 14.1
64 3255 14.1
64 3256 14.1
64 3257 14.1
64 3258 14.1
64 3259 14.1
64 3260 14.1
65 3261 14.1
65 3262 14.1
65 3263 14.1
65 3264 14.1
65 3265 14.1
65 3266 14.1
65 3267 14.1
65 3268 14.1
65 3269 14.1
65 3270 14.1
65 3271 14.1
65 3272 14.1
65 3273 14.1
65 3274 14.1
65 3275 14.1
65 3276 14.1
65 3277 14.1
65 3278 14.1
65 3279 14.1
65 3280 14.1
65 3281 14.1
65 3282 14.1
65 3283 14.1
65 3284 14.1
65 3285 14.1
65 3286 14.1
65 3287 14.1
65 3288 14.1
65 3289 14.1
65 3290 14.1
65 3291 14.1
65 3292 14.1
65 3293 14.1
65 3294 14.1
65 3295 14.1
65 3296 14.1
65 3297 14.1
65 3298 14.1
65 3299 14.1
65 3300 14.1
65 3301 14.1
65 3302 14.1
65 3303 14.1
65 3304 14.1
65 3305 14.1
65 3306 14.1
65 3307 14.1
65 3308 14.1
65 3309 14.1
65 3310 14.1
65 3311 14.1
65 3312 14.1
65 3313 14.1
65 3314 14.1
66 3315 14.1
66 3316 14.1
66 3317 14.1
66 3318 14.1
66 3319 14.1
66 3320 14.1
66 3321 14.1
66 3322 14.1
66 3323 14.1
66 3324 14.1
66 3325 14.1
66 3326 14.1
66 3327 14.1
66 3328 14.1
66 3329 14.1
66 3330 14.1
66 3331 14.1
66 3332 14.1
66 3333 14.1
66 3334 14.1
66 3335 14.1
66 3336 14.1
66 3337 14.1
66 3338 14.1
66 3339 14.1
66 3340 14.1
66 3341 14.1
66 3342 14.1
66 3343 14.1
66 3344 14.1
66 3345 14.1
66 3346 14.1
66 3347 14.1
66 3348 14.1
66 3349 14.1
66 3350 14.1
66 3351 14.1
66 3352 14.1
66 3353 14.1
66 3354 14.1
66 3355 14.1
66 3356 14.1
66 3357 14.1
66 3358 14.1
66 3359 14.1
66 3360 14.1
66 3361 14.1
67 3362 14.1
67 3363 14.1
67 3364 14.1
67 3365 14.1
67 3366 14.1
67 3367 14.1
67 3368 14.1
67 3369 14.1
67 3370 14.1
67 3371 14.1
67 3372 14.1
67 3373 14.1
67 3374 14.1
67 3375 14.1
67 3376 14.1
67 3377 14.1
67 3378 14.1
67 3379 14.1
67 3380 13.7
67 3381 13.7
67 3382 13.7
67 3383 13.7
67 3384 13.7
67 3385 13.7
67 3386 13.7
67 3387 13.7
67 3388 13.7
67 3389 13.7
67 3390 13.7
67 3391 13.7
67 3392 13.7
67 3393 13.7
67 3394 13.7
67 3395 13.7
67 3396 13.7
67 3397 13.7
67 3398 13.7
67 3399 13.7
67 3400 13.7
67 3401 13.7
67 3402 13.7
67 3403 13.7
67 3404 13.7
67 3405 13.7
67 3406 13.7
67 3407 13.7
67 3408 13.7
67 3409 13.7
67 3410 13.7
68 3411 13.7
68 3412 13.7
68 3413 13.7
68 3414 13.7
68 3415 13.7
68 3416 13.7
68 3417 13.7
68 3418 13.7
68 3419 13.7
68 3420 13.7
68 3421 13.7
68 3422 13.7
68 3423 13.7
68 3424 13.7
68 3425 13.7
68 3426 13.7
68 3427 13.7
68 3428 13.7
68 3429 13.7
68 3430 13.7
68 3431 13.7
68 3432 13.7
68 3433 13.7
68 3434 13.7
68 3435 13.7
68 3436 13.7
68 3437 13.7
68 3438 13.7
68 3439 13.7
68 3440 13.7
68 3441 13.7
68 3442 13.7
68 3443 13.7
68 3444 13.7
68 3445 13.7
68 3446 13.7
68 3447 13.7
68 3448 13.7
68 3449 13.7
68 3450 13.7
68 3451 13.7
68 3452 13.7
68 3453 13.7
68 3454 13.7
68 3455 13.7
68 3456 13.7
68 3457 13.7
68 3458 13.7
68 3459 13.7
68 3460 13.7
68 3461 13.7
68 3462 13.7
69 3463 13.7
69 3464 13.7
69 3465 13.7
69 3466 13.7
69 3467 13.7
69 3468 13.7
69 3469 13.7
69 3470 13.7
69 3471 13.7
69 3472 13.7
69 3473 13.7
69 3474 13.7
69 3475 13.7
69 3476 13.7
69 3477 13.7
69 3478 13.7
69 3479 13.7
69 3480 13.7
69 3481 13.7
69 3482 13.7
69 3483 13.7
69 3484 13.7
69 3485 13.7
69 3486 13.7
69 3487 13.7
69 3488 13.7
69 3489 13.7
69 3490 13.7
69 3491 13.7
69 3492 13.7
69 3493 13.7
69 3494 13.7
69 3495 13.7
69 3496 13.7
69 3497 13.7
69 3498 13.7
69 3499 13.7
69 3500 13.7
69 3501 13.7
69 3502 13.7
69 3503 13.7
69 3504 13.7
69 3505 13.7
69 3506 13.7
69 3507 13.7
69 3508 13.7
69 3509 13.7
69 3510 13.7
69 3511 13.7
69 3512 13.7
69 3513 13.7
69 3514 13.7
70 3515 13.7
70 3516 13.7
70 3517 13.7
70 3518 13.7
70 3519 13.7
70 3520 13.7
70 3521 13.7
70 3522 13.7
70 3523 13.7
70 3524 13.7
70 3525 13.7
70 3526 13.7
70 3527 13.7
70 3528 13.7
70 3529 13.7
70 3530 13.7
70 3531 13.7
70 3532 13.7
70 3533 13.7
70 3534 13.7
70 3535 13.7
70 3536 13.7
70 3537 13.7
70 3538 13.7
70 3539 13.7
70 3540 13.7
70 3541 13.7
70 3542 13.7
70 3543 13.7
70 3544 13.7
70 3545 13.7
70 3546 13.7
70 3547 13.7
70 3548 13.7
70 3549 13.7
70 3550 13.7
70 3551 13.7
70 3552 13.7
70 3553 13.7
70 3554 13.7
70 3555 13.7
70 3556 13.7
70 3557 13.7
70 3558 13.7
70 3559 13.7
70 3560 13.5
70 3561 13.5
70 3562 13.5
70 3563 13.5
70 3564 13.5
70 3565 13.5
70 3566 13.5
70 3567 13.5
70 3568 13.4
70 3569 13.4
70 3570 13.4
70 3571 13.4
71 3572 13.4
71 3573 13.4
71 3574 13.4
71 3575 13.4
71 3576 13.4
71 3577 13.4
71 3578 13.4
71 3579 13.4
71 3580 13.4
71 3581 13.4
71 3582 13.4
71 3583 13.4
71 3584 13.4
71 3585 13.4
71 3586 13.4
71 3587 13.4
71 3588 13.4
71 3589 13.4
71 3590 13.4
71 3591 13.4
71 3592 13.4
71 3593 13.4
71 3594 13.4
71 3595 13.4
71 3596 13.4
71 3597 13.4
71 3598 13.4
71 3599 13.4
71 3600 13.4
71 3601 13.4
71 3602 13.4
71 3603 13.4
71 3604 13.4
71 3605 13.4
71 3606 13.4
71 3607 13.4
71 3608 13.4
71 3609 13.4
71 3610 13.4
71 3611 13.4
71 3612 13.4
71 3613 13.4
71 3614 13.4
71 3615 13.4
71 3616 13.4
71 3617 13.4
71 3618 13.4
71 3619 13.4
71 3620 13.4
71 3621 13.4
71 3622 13.4
72 3623 13.4
72 3624 13.4
72 3625 13.4
72 3626 13.4
72 3627 13.4
72 3628 13.4
72 3629 13.4
72 3630 13.4
72 3631 13.4
72 3632 13.4
72 3633 13.4
72 3634 13.4
72 3635 13.4
72 3636 13.4
72 3637 13.4
72 3638 13.4
72 3639 13.4
72 3640 13.4
72 3641 13.4
72 3642 13.4
72 3643 13.4
72 3644 13.4
72 3645 13.4
72 3646 13.4
72 3647 13.4
72 3648 13.4
72 3649 13.4
72 3650 13.4
72 3651 13.4
72 3652 13.4
72 3653 13.4
72 3654 13.4
72 3655 13.4
72 3656 13.4
72 3657 13.4
72 3658 13.4
72 3659 13.4
72 3660 13.4
72 3661 13.4
72 3662 13.4
72 3663 13.4
72 3664 13.4
72 3665 13.4
72 3666 13.4
72 3667 13.4
72 3668 13.4
72 3669 13.4
72 3670 13.4
72 3671 13.4
72 3672 13.4
72 3673 13.4
73 3674 13.4
73 3675 13.4
73 3676 13.4
73 3677 13.4
73 3678 13.4
73 3679 13.4
73 3680 13.4
73 3681 13.4
73 3682 13.4
73 3683 13.4
73 3684 13.4
73 3685 13.4
73 3686 13.4
73 3687 13.4
73 3688 13.4
73 3689 13.4
73 3690 13.4
73 3691 13.4
73 3692 13.4
73 3693 13.4
73 3694 13.4
73 3695 13.4
73 3696 13.4
73 3697 13.4
73 3698 13.4
73 3699 13.4
73 3700 13.4
73 3701 13.4
73 3702 13.4
73 3703 13.4
73 3704 13.4
73 3705 13.4
73 3706 13.4
73 3707 13.4
73 3708 13.4
73 3709 13.4
73 3710 13.4
73 3711 13.4
73 3712 13.4
73 3713 13.4
73 3714 13.4
73 3715 13.4
73 3716 13.4
73 3717 13.4
73 3718 13.4
73 3719 13.4
73 3720 13.4
73 3721 13.4
73 3722 13.4
73 3723 13.4
73 3724 13.4
73 3725 13.4
74 3726 13.4
74 3727 13.4
74 3728 13.4
74 3729 13.4
74 3730 13.4
74 3731 13.4
74 3732 13.4
74 3733 13.4
74 3734 13.4
74 3735 13.4
74 3736 13.4
74 3737 13.4
74 3738 13.4
74 3739 13.4
74 3740 13.4
74 3741 13.4
74 3742 13.4
74 3743 13.4
74 3744 13.4
74 3745 13.4
74 3746 13.4
74 3747 13.4
74 3748 13.4
74 3749 13.4
74 3750 13.4
74 3751 13.4
74 3752 13.4
74 3753 13.4
74 3754 13.4
74 3755 13.4
74 3756 13.4
74 3757 13.4
74 3758 13.4
74 3759 13.4
74 3760 13.4
74 3761 13.4
74 3762 13.4
74 3763 13.4
74 3764 13.4
74 3765 13.4
74 3766 13.4
74 3767 13.4
74 3768 13.4
74 3769 13.4
74 3770 13.4
74 3771 13.4
74 3772 13.4
74 3773 13.4
74 3774 13.4
74 3775 13.4
74 3776 13.4
74 3777 13.4
75 3778 13.4
75 3779 13.4
75 3780 13.4
75 3781 13.4
75 3782 13.4
75 3783 13.4
75 3784 13.4
75 3785 13.4
75 3786 13.4
75 3787 13.4
75 3788 13.4
75 3789 13.4
75 3790 13.4
75 3791 13.4
75 3792 13.4
75 3793 13.4
75 3794 13.4
75 3795 13.4
75 3796 13.4
75 3797 13.4
75 3798 13.4
75 3799 13.4
75 3800 13.4
75 3801 13.4
75 3802 13.4
75 3803 13.4
75 3804 13.4
75 3805 13.4
75 3806 13.4
75 3807 13.4
75 3808 13.4
75 3809 13.4
75 3810 13.4
75 3811 13.4
75 3812 13.4
75 3813 13.4
75 3814 13.4
75 3815 13.4
75 3816 13.4
75 3817 13.4
75 3818 13.4
75 3819 13.4
75 3820 13.4
75 3821 13.4
75 3822 13.4
75 3823 13.4
75 3824 13.4
75 3825 13.4
75 3826 13.4
75 3827 13.4
75 3828 13.4
75 3829 13.4
75 3830 13.4
76 3831 13.4
76 3832 13.4
76 3833 13.4
76 3834 13.4
76 3835 13.4
76 3836 13.4
76 3837 13.4
76 3838 13.4
76 3839 13.4
76 3840 13.4
76 3841 13.4
76 3842 13.4
76 3843 13.4
76 3844 13.4
76 3845 13.4
76 3846 13.4
76 3847 13.4
76 3848 13.4
76 3849 13.4
76 3850 13.4
76 3851 13.4
76 3852 13.4
76 3853 13.4
76 3854 13.4
76 3855 13.4
76 3856 13.4
76 3857 13.4
76 3858 13.4
76 3859 13.4
76 3860 13.4
76 3861 13.4
76 3862 13.4
76 3863 13.4
76 3864 13.4
76 3865 13.4
76 3866 13.4
76 3867 13.4
76 3868 13.4
76 3869 13.4
76 3870 13.4
76 3871 13.4
76 3872 13.4
76 3873 13.4
76 3874 13.4
76 3875 13.4
76 3876 13.4
76 3877 13.4
76 3878 13.4
76 3879 13.4
76 3880 13.4
76 3881 13.4
76 3882 13.4
76 3883 13.4
76 3884 13.4
76 3885 13.4
76 3886 13.4
77 3887 13.4
77 3888 13.4
77 3889 13.4
77 3890 13.4
77 3891 13.4
77 3892 13.4
77 3893 13.4
77 3894 13.4
77 3895 13.4
77 3896 13.4
77 3897 13.4
77 3898 13.4
77 3899 13.4
77 3900 13.4
77 3901 13.4
77 3902 13.4
77 3903 13.4
77 3904 13.4
77 3905 13.4
77 3906 13.4
77 3907 13.4
77 3908 13.4
77 3909 13.4
77 3910 13.4
77 3911 13.4
77 3912 13.4
77 3913 13.4
77 3914 13.4
77 3915 13.4
77 3916 13.4
77 3917 13.4
77 3918 13.4
77 3919 13.4
77 3920 13.4
77 3921 13.4
77 3922 13.4
77 3923 13.4
77 3924 13.4
77 3925 13.4
77 3926 13.4
77 3927 13.4
77 3928 13.4
77 3929 13.4
77 3930 13.4
77 3931 13.4
77 3932 13.4
77 3933 13.4
77 3934 13.4
77 3935 13.4
77 3936 13.4
77 3937 13.4
77 3938 13.4
77 3939 13.4
78 3940 13.4
78 3941 13.4
78 3942 13.4
78 3943 13.4
78 3944 13.4
78 3945 13.4
78 3946 13.4
78 3947 13.4
78 3948 13.4
78 3949 13.4
78 3950 13.4
78 3951 13.4
78 3952 13.4
78 3953 13.4
78 3954 13.4
78 3955 13.4
78 3956 13.4
78 3957 13.4
78 3958 13.4
78 3959 13.4
78 3960 13.4
78 3961 13.4
78 3962 13.4
78 3963 13.4
78 3964 13.4
78 3965 13.4
78 3966 13.4
78 3967 13.4
78 3968 13.4
78 3969 13.4
78 3970 13.4
78 3971 13.4
78 3972 13.4
78 3973 13.4
78 3974 13.4
78 3975 13.4
78 3976 13.4
78 3977 13.4
78 3978 13.4
78 3979 13.4
78 3980 13.4
78 3981 13.4
78 3982 13.4
78 3983 13.4
78 3984 13.4
78 3985 13.4
78 3986 13.4
78 3987 13.4
78 3988 13.4
78 3989 13.4
78 3990 13.4
78 3991 13.4
78 3992 13.4
78 3993 13.4
79 3994 13.4
79 3995 13.4
79 3996 13.4
79 3997 13.4
79 3998 13.4
79 3999 13.4
79 4000 13.4
79 4001 13.4
79 4002 13.4
79 4003 13.4
79 4004 13.4
79 4005 13.4
79 4006 13.4
79 4007 13.4
79 4008 13.4
79 4009 13.4
79 4010 13.4
79 4011 13.4
79 4012 13.4
79 4013 13.4
79 4014 13.4
79 4015 13.4
79 4016 13.4
79 4017 13.4
79 4018 13.4
79 4019 13.4
79 4020 13.4
79 4021 13.4
79 4022 13.4
79 4023 13.4
79 4024 13.4
79 4025 13.4
79 4026 13.4
79 4027 13.4
79 4028 13.4
79 4029 13.4
79 4030 13.4
79 4031 13.4
79 4032 13.4
79 4033 13.4
79 4034 13.4
79 4035 13.4
79 4036 13.4
79 4037 13.4
79 4038 13.4
79 4039 13.4
79 4040 13.4
79 4041 13.4
79 4042 13.4
79 4043 13.4
79 4044 13.4
79 4045 13.4
79 4046 13.4
79 4047 13.4
79 4048 13.4
79 4049 13.4
80 4050 13.4
80 4051 13.4
80 4052 13.4
80 4053 13.4
80 4054 13.4
80 4055 13.4
80 4056 13.4
80 4057 13.4
80 4058 13.4
80 4059 13.4
80 4060 13.4
80 4061 13.4
80 4062 13.4
80 4063 13.4
80 4064 13.4
80 4065 13.4
80 4066 13.4
80 4067 13.4
80 4068 13.4
80 4069 13.4
80 4070 13.4
80 4071 13.4
80 4072 13.4
80 4073 13.4
80 4074 13.4
80 4075 13.4
80 4076 13.4
80 4077 13.4
80 4078 13.4
80 4079 13.4
80 4080 13.4
80 4081 13.4
80 4082 13.4
80 4083 13.4
80 4084 13.4
80 4085 13.4
80 4086 13.4
80 4087 13.4
80 4088 13.4
80 4089 13.4
80 4090 13.4
80 4091 13.4
80 4092 13.4
80 4093 13.4
80 4094 13.4
80 4095 13.4
80 4096 13.4
80 4097 13.4
80 4098 13.4
80 4099 13.4
80 4100 13.4
80 4101 13.4
81 4102 13.4
81 4103 13.4
81 4104 13.4
81 4105 13.4
81 4106 13.4
81 4107 13.4
81 4108 13.4
81 4109 13.4
81 4110 13.4
81 4111 13.4
81 4112 13.4
81 4113 13.4
81 4114 13.4
81 4115 13.4
81 4116 13.4
81 4117 13.4
81 4118 13.4
81 4119 13.4
81 4120 13.4
81 4121 13.4
81 4122 13.4
81 4123 13.4
81 4124 13.4
81 4125 13.4
81 4126 13.4
81 4127 13.4
81 4128 13.4
81 4129 13.4
81 4130 13.4
81 4131 13.4
81 4132 13.4
81 4133 13.4
81 4134 13.4
81 4135 13.4
81 4136 13.4
81 4137 13.4
81 4138 13.4
81 4139 13.4
81 4140 13.4
81 4141 13.4
81 4142 13.4
81 4143 13.4
81 4144 13.4
81 4145 13.4
81 4146 13.4
81 4147 13.4
81 4148 13.4
81 4149 13.4
81 4150 13.4
82 4151 13.4
82 4152 13.4
82 4153 13.4
82 4154 13.4
82 4155 13.4
82 4156 13.4
82 4157 13.4
82 4158 13.4
82 4159 13.4
82 4160 13.4
82 4161 13.4
82 4162 13.4
82 4163 13.4
82 4164 13.4
82 4165 13.4
82 4166 13.4
82 4167 13.4
82 4168 13.4
82 4169 13.4
82 4170 13.4
82 4171 13.4
82 4172 13.4
82 4173 13.4
82 4174 13.4
82 4175 13.4
82 4176 13.4
82 4177 13.4
82 4178 13.4
82 4179 13.4
82 4180 13.4
82 4181 13.4
82 4182 13.4
82 4183 13.3
82 4184 13.3
82 4185 13.3
82 4186 13.3
82 4187 13.3
82 4188 13.3
82 4189 13.3
82 4190 13.3
82 4191 13.3
82 4192 13.3
82 4193 13.3
82 4194 13.3
82 4195 13.3
82 4196 13.3
82 4197 13.3
82 4198 13.3
82 4199 13.3
83 4200 13.3
83 4201 13.3
83 4202 13.3
83 4203 13.3
83 4204 13.3
83 4205 13.3
83 4206 13.3
83 4207 13.3
83 4208 13.3
83 4209 13.3
83 4210 13.3
83 4211 13.3
83 4212 13.3
83 4213 13.3
83 4214 13.3
83 4215 13.3
83 4216 13.3
83 4217 13.3
83 4218 13.3
83 4219 13.3
83 4220 13.3
83 4221 13.3
83 4222 13.3
83 4223 13.3
83 4224 13.3
83 4225 13.3
83 4226 13.3
83 4227 13.3
83 4228 13.3
83 4229 13.3
83 4230 13.3
83 4231 13.3
83 4232 13.3
83 4233 13.3
83 4234 13.3
83 4235 13.3
83 4236 13.3
83 4237 13.3
83 4238 13.3
83 4239 13.3
83 4240 13.3
83 4241 13.3
83 4242 13.3
83 4243 13.3
83 4244 13.3
83 4245 13.3
83 4246 13.3
83 4247 13.3
83 4248 13.3
83 4249 13.3
83 4250 13.3
83 4251 13.3
84 4252 13.3
84 4253 13.3
84 4254 13.3
84 4255 13.3
84 4256 13.3
84 4257 13.3
84 4258 13.3
84 4259 13.3
84 4260 13.3
84 4261 13.3
84 4262 13.3
84 4263 13.3
84 4264 13.3
84 4265 13.3
84 4266 13.3
84 4267 13.3
84 4268 13.3
84 4269 13.3
84 4270 13.3
84 4271 13.3
84 4272 13.3
84 4273 13.3
84 4274 13.3
84 4275 13.3
84 4276 13.3
84 4277 13.3
84 4278 13.3
84 4279 13.3
84 4280 13.3
84 4281 13.3
84 4282 13.3
84 4283 13.3
84 4284 13.3
84 4285 13.3
84 4286 13.3
84 4287 13.3
84 4288 13.3
84 4289 13.3
84 4290 13.3
84 4291 13.3
84 4292 13.3
84 4293 13.3
84 4294 13.3
84 4295 13.3
84 4296 13.3
84 4297 13.3
84 4298 13.3
84 4299 13.3
84 4300 13.3
85 4301 13.3
85 4302 13.3
85 4303 13.3
85 4304 13.3
85 4305 13.3
85 4306 13.3
85 4307 13.3
85 4308 13.3
85 4309 13.3
85 4310 13.3
85 4311 13.3
85 4312 13.3
85 4313 13.3
85 4314 13.3
85 4315 13.3
85 4316 13.3
85 4317 13.3
85 4318 13.3
85 4319 13.3
85 4320 13.3
85 4321 13.3
85 4322 13.3
85 4323 13.3
85 4324 13.3
85 4325 13.3
85 4326 13.3
85 4327 13.3
85 4328 13.3
85 4329 13.3
85 4330 13.3
85 4331 13.3
85 4332 13.3
85 4333 13.3
85 4334 13.3
85 4335 13.3
85 4336 13.3
85 4337 13.3
85 4338 13.3
85 4339 13.3
85 4340 13.3
85 4341 13.3
85 4342 13.3
85 4343 13.3
85 4344 13.3
85 4345 13.3
85 4346 13.3
85 4347 13.3
85 4348 13.3
85 4349 13.3
85 4350 13.3
85 4351 13.3
86 4352 13.3
86 4353 13.3
86 4354 13.3
86 4355 13.3
86 4356 13.3
86 4357 13.3
86 4358 13.3
86 4359 13.3
86 4360 13.3
86 4361 13.3
86 4362 13.3
86 4363 13.3
86 4364 13.3
86 4365 13.3
86 4366 13.3
86 4367 13.3
86 4368 13.3
86 4369 13.3
86 4370 13.3
86 4371 13.3
86 4372 13.3
86 4373 13.3
86 4374 13.3
86 4375 13.3
86 4376 13.3
86 4377 13.3
86 4378 13.3
86 4379 13.3
86 4380 13.3
86 4381 13.3
86 4382 13.3
86 4383 13.3
86 4384 13.3
86 4385 13.3
86 4386 13.3
86 4387 13.3
86 4388 13.3
86 4389 13.3
86 4390 13.2
86 4391 13.2
86 4392 13.2
86 4393 13.2
86 4394 13.2
86 4395 13.2
86 4396 13.2
86 4397 13.2
86 4398 13.2
86 4399 13.2
86 4400 13.2
86 4401 13.2
87 4402 13.2
87 4403 13.2
87 4404 13.2
87 4405 13.2
87 4406 13.2
87 4407 13.2
87 4408 13.2
87 4409 13.2
87 4410 13.2
87 4411 13.2
87 4412 13.2
87 4413 13.2
87 4414 13.2
87 4415 13.2
87 4416 13.2
87 4417 13.2
87 4418 13.2
87 4419 13.2
87 4420 13.2
87 4421 13.2
87 4422 13.2
87 4423 13.2
87 4424 13.2
87 4425 13.2
87 4426 13.2
87 4427 13.2
87 4428 13.2
87 4429 13.2
87 4430 13.2
87 4431 13.2
87 4432 13.2
87 4433 13.2
87 4434 13.2
87 4435 13.2
87 4436 13.2
87 4437 13.2
87 4438 13.2
87 4439 13.2
87 4440 13.2
87 4441 13.2
87 4442 13.2
87 4443 13.2
87 4444 13.2
87 4445 13.2
87 4446 13.2
87 4447 13.2
87 4448 13.2
87 4449 13.2
87 4450 13.2
88 4451 13.2
88 4452 13.2
88 4453 13.2
88 4454 13.2
88 4455 13.2
88 4456 13.2
88 4457 13.2
88 4458 13.2
88 4459 13.2
88 4460 13.2
88 4461 13.2
88 4462 13.2
88 4463 13.2
88 4464 13.2
88 4465 13.2
88 4466 13.2
88 4467 13.2
88 4468 13.2
88 4469 13.2
88 4470 13.2
88 4471 13.2
88 4472 13.2
88 4473 13.2
88 4474 13.2
88 4475 13.2
88 4476 13.2
88 4477 13.2
88 4478 13.2
88 4479 13.2
88 4480 13.2
88 4481 13.2
88 4482 13.2
88 4483 13.2
88 4484 13.2
88 4485 13.2
88 4486 13.2
88 4487 13.2
88 4488 13.2
88 4489 13.2
88 4490 13.2
88 4491 13.2
88 4492 13.2
88 4493 13.2
88 4494 13.2
88 4495 13.2
88 4496 13.2
88 4497 13.2
88 4498 13.2
88 4499 13.2
89 4500 13.2
89 4501 13.2
89 4502 13.2
89 4503 13.2
89 4504 13.2
89 4505 13.2
89 4506 13.2
89 4507 13.2
89 4508 13.2
89 4509 13.2
89 4510 13.2
89 4511 13.2
89 4512 13.2
89 4513 13.2
89 4514 13.2
89 4515 13.2
89 4516 13.2
89 4517 13.2
89 4518 13.2
89 4519 13.2
89 4520 13.2
89 4521 13.2
89 4522 13.2
89 4523 13.2
89 4524 13.2
89 4525 13.2
89 4526 13.2
89 4527 13.2
89 4528 13.2
89 4529 13.2
89 4530 13.2
89 4531 13.2
89 4532 13.2
89 4533 13.2
89 4534 13.2
89 4535 13.2
89 4536 13.2
89 4537 13.2
89 4538 13.2
89 4539 13.2
89 4540 13.2
89 4541 13.2
89 4542 13.2
89 4543 13.2
89 4544 13.2
89 4545 13.2
90 4546 13.2
90 4547 13.2
90 4548 13.2
90 4549 13.2
90 4550 13.2
90 4551 13.2
90 4552 13.2
90 4553 13.2
90 4554 13.2
90 4555 13.2
90 4556 13.2
90 4557 13.2
90 4558 13.2
90 4559 13.2
90 4560 13.2
90 4561 13.2
90 4562 13.2
90 4563 13.2
90 4564 13.2
90 4565 13.2
90 4566 13.2
90 4567 13.2
90 4568 13.2
90 4569 13.2
90 4570 13.2
90 4571 13.2
90 4572 13.2
90 4573 13.2
90 4574 13.2
90 4575 13.2
90 4576 13.2
90 4577 13.2
90 4578 13.2
90 4579 13.2
90 4580 13.2
90 4581 13.2
90 4582 13.2
90 4583 13.2
90 4584 13.2
90 4585 13.2
90 4586 13.2
90 4587 13.2
90 4588 13.2
90 4589 13.2
91 4590 13.2
91 4591 13.2
91 4592 13.2
91 4593 13.2
91 4594 13.2
91 4595 13.2
91 4596 13.2
91 4597 13.2
91 4598 13.2
91 4599 13.2
91 4600 13.2
91 4601 13.2
91 4602 13.2
91 4603 13.2
91 4604 13.2
91 4605 13.2
91 4606 13.2
91 4607 13.2
91 4608 13.2
91 4609 13.2
91 4610 13.2
91 4611 13.2
91 4612 13.2
91 4613 13.2
91 4614 13.2
91 4615 13.2
91 4616 13.2
91 4617 13.2
91 4618 13.2
91 4619 13.2
91 4620 13.2
91 4621 13.2
91 4622 13.2
91 4623 13.2
91 4624 13.2
91 4625 13.2
91 4626 13.2
91 4627 13.2
91 4628 13.2
91 4629 13.2
91 4630 13.2
91 4631 13.2
92 4632 13.2
92 4633 13.2
92 4634 13.2
92 4635 13.2
92 4636 13.2
92 4637 13.2
92 4638 13.2
92 4639 13.2
92 4640 13.2
92 4641 13.2
92 4642 13.2
92 4643 13.2
92 4644 13.2
92 4645 13.2
92 4646 13.2
92 4647 13.2
92 4648 13.2
92 4649 13.2
92 4650 13.2
92 4651 13.2
92 4652 13.2
92 4653 13.2
92 4654 13.2
92 4655 13.2
92 4656 13.2
92 4657 13.2
92 4658 13.2
92 4659 13.2
92 4660 13.2
92 4661 13.2
92 4662 13.2
92 4663 13.2
92 4664 13.2
92 4665 13.2
92 4666 13.2
92 4667 13.2
92 4668 13.2
92 4669 13.2
93 4670 13.2
93 4671 13.2
93 4672 13.2
93 4673 13.2
93 4674 13.2
93 4675 13.2
93 4676 13.2
93 4677 13.2
93 4678 13.2
93 4679 13.2
93 4680 13.2
93 4681 13.2
93 4682 13.2
93 4683 13.2
93 4684 13.2
93 4685 13.2
93 4686 13.2
93 4687 13.2
93 4688 13.2
93 4689 13.2
93 4690 13.2
93 4691 13.2
93 4692 13.2
93 4693 13.2
93 4694 13.2
93 4695 13.2
93 4696 13.2
93 4697 13.2
93 4698 13.2
93 4699 13.2
93 4700 13.2
93 4701 13.2
93 4702 13.2
93 4703 13.2
93 4704 13.2
93 4705 13.2
93 4706 13.2
93 4707 13.2
93 4708 13.2
93 4709 13.2
93 4710 13.2
93 4711 13.2
93 4712 13.2
93 4713 13.2
93 4714 13.2
93 4715 13.2
93 4716 13.2
93 4717 13.2
93 4718 13.2
93 4719 13.2
93 4720 13.2
93 4721 13.2
94 4722 13.2
94 4723 13.2
94 4724 13.2
94 4725 13.2
94 4726 13.2
94 4727 13.2
94 4728 13.2
94 4729 13.2
94 4730 13.2
94 4731 13.2
94 4732 13.2
94 4733 13.2
94 4734 13.2
94 4735 13.2
94 4736 13.2
94 4737 13.2
94 4738 13.2
94 4739 13.2
94 4740 13.2
94 4741 13.2
94 4742 13.1
94 4743 13.1
94 4744 13.1
94 4745 13.1
94 4746 13.1
94 4747 13.1
94 4748 13.1
94 4749 13.1
94 4750 13.1
94 4751 13.1
94 4752 13.1
94 4753 13.1
94 4754 13.1
94 4755 13.1
94 4756 13.0
94 4757 13.0
94 4758 13.0
94 4759 13.0
94 4760 13.0
94 4761 13.0
94 4762 13.0
94 4763 13.0
94 4764 13.0
94 4765 13.0
94 4766 13.0
94 4767 13.0
95 4768 13.0
95 4769 13.0
95 4770 13.0
95 4771 13.0
95 4772 13.0
95 4773 13.0
95 4774 13.0
95 4775 13.0
95 4776 13.0
95 4777 13.0
95 4778 13.0
95 4779 13.0
95 4780 13.0
95 4781 13.0
95 4782 13.0
95 4783 13.0
95 4784 13.0
95 4785 13.0
95 4786 13.0
95 4787 13.0
95 4788 13.0
95 4789 13.0
95 4790 13.0
95 4791 13.0
95 4792 13.0
95 4793 13.0
95 4794 13.0
95 4795 13.0
95 4796 13.0
95 4797 13.0
95 4798 13.0
95 4799 13.0
95 4800 13.0
95 4801 13.0
95 4802 13.0
95 4803 13.0
96 4804 13.0
96 4805 13.0
96 4806 13.0
96 4807 13.0
96 4808 13.0
96 4809 13.0
96 4810 13.0
96 4811 13.0
96 4812 13.0
96 4813 13.0
96 4814 13.0
96 4815 13.0
96 4816 13.0
96 4817 13.0
96 4818 13.0
96 4819 13.0
96 4820 13.0
96 4821 13.0
96 4822 13.0
96 4823 13.0
96 4824 13.0
96 4825 13.0
96 4826 13.0
96 4827 13.0
96 4828 13.0
96 4829 13.0
96 4830 13.0
96 4831 13.0
96 4832 13.0
96 4833 13.0
96 4834 13.0
96 4835 13.0
96 4836 13.0
96 4837 13.0
96 4838 13.0
96 4839 13.0
96 4840 13.0
96 4841 13.0
96 4842 13.0
96 4843 13.0
96 4844 13.0
97 4845 13.0
97 4846 13.0
97 4847 13.0
97 4848 13.0
97 4849 13.0
97 4850 13.0
97 4851 13.0
97 4852 13.0
97 4853 13.0
97 4854 13.0
97 4855 13.0
97 4856 13.0
97 4857 13.0
97 4858 13.0
97 4859 13.0
97 4860 13.0
97 4861 13.0
97 4862 13.0
97 4863 13.0
97 4864 13.0
97 4865 13.0
97 4866 13.0
97 4867 13.0
97 4868 13.0
97 4869 13.0
97 4870 13.0
97 4871 13.0
97 4872 13.0
97 4873 13.0
97 4874 13.0
97 4875 13.0
97 4876 13.0
97 4877 13.0
97 4878 13.0
97 4879 13.0
97 4880 13.0
97 4881 13.0
97 4882 13.0
97 4883 13.0
97 4884 13.0
97 4885 13.0
97 4886 13.0
97 4887 13.0
97 4888 13.0
97 4889 13.0
97 4890 13.0
98 4891 13.0
98 4892 13.0
98 4893 13.0
98 4894 13.0
98 4895 13.0
98 4896 13.0
98 4897 13.0
98 4898 13.0
98 4899 13.0
98 4900 13.0
98 4901 13.0
98 4902 13.0
98 4903 13.0
98 4904 13.0
98 4905 13.0
98 4906 13.0
98 4907 13.0
98 4908 13.0
98 4909 13.0
98 4910 13.0
98 4911 13.0
98 4912 13.0
98 4913 13.0
98 4914 13.0
98 4915 13.0
98 4916 13.0
99 4917 13.0
99 4918 13.0
99 4919 13.0
99 4920 13.0
99 4921 13.0
99 4922 13.0
99 4923 13.0
99 4924 13.0
99 4925 13.0
99 4926 13.0
99 4927 13.0
99 4928 13.0
99 4929 13.0
99 4930 13.0
99 4931 13.0
99 4932 13.0
99 4933 13.0
99 4934 13.0
99 4935 13.0
99 4936 13.0
99 4937 13.0
99 4938 13.0
99 4939 13.0
99 4940 13.0
99 4941 13.0
99 4942 13.0
99 4943 13.0
99 4944 13.0
99 4945 13.0
99 4946 13.0
99 4947 13.0
99 4948 13.0
99 4949 13.0
99 4950 13.0
99 4951 13.0
99 4952 13.0
99 4953 13.0
99 4954 13.0
99 4955 13.0
99 4956 13.0
99 4957 13.0
99 4958 13.0
99 4959 13.0
99 4960 13.0
99 4961 13.0
99 4962 13.0
99 4963 13.0
99 4964 13.0
100 4965 13.0
100 4966 13.0
100 4967 13.0
100 4968 13.0
100 4969 13.0
100 4970 13.0
100 4971 13.0
100 4972 13.0
100 4973 13.0
100 4974 13.0
100 4975 13.0
100 4976 13.0
100 4977 13.0
100 4978 13.0
100 4979 13.0
100 4980 13.0
100 4981 13.0
100 4982 13.0
100 4983 13.0
100 4984 13.0
100 4985 13.0
100 4986 13.0
100 4987 13.0
100 4988 13.0
100 4989 13.0
100 4990 13.0
100 4991 13.0
100 4992 13.0
100 4993 13.0
100 4994 13.0
100 4995 13.0
100 4996 13.0
100 4997 13.0
100 4998 13.0
100 4999 13.0
100 5000 13.0
100 5001 13.0
100 5002 13.0
100 5003 13.0
100 5004 13.0
100 5005 13.0
100 5006 13.0
100 5007 13.0
100 5008 13.0
100 5009 13.0
100 5010 13.0
100 5011 13.0
100 5012 13.0
100 5013 13.0
100 5014 13.0
100 5015 13.0
100 5016 13.0
100 5017 13.0
100 5018 13.0
100 5019 13.0
100 5020 13.0
100 5021 13.0
100 5022 13.0
101 5023 13.0
101 5024 13.0
101 5025 13.0
101 5026 13.0
101 5027 13.0
101 5028 13.0
101 5029 13.0
101 5030 13.0
101 5031 13.0
101 5032 13.0
101 5033 13.0
101 5034 13.0
101 5035 13.0
101 5036 13.0
101 5037 13.0
101 5038 13.0
101 5039 13.0
101 5040 13.0
101 5041 13.0
101 5042 13.0
101 5043 13.0
101 5044 13.0
101 5045 13.0
101 5046 13.0
101 5047 13.0
101 5048 13.0
101 5049 13.0
101 5050 13.0
101 5051 13.0
101 5052 13.0
101 5053 13.0
101 5054 13.0
101 5055 13.0
101 5056 13.0
101 5057 13.0
101 5058 13.0
101 5059 13.0
101 5060 13.0
101 5061 13.0
101 5062 13.0
101 5063 13.0
101 5064 13.0
101 5065 13.0
101 5066 13.0
101 5067 13.0
101 5068 13.0
101 5069 13.0
101 5070 13.0
101 5071 13.0
101 5072 13.0
101 5073 13.0
101 5074 13.0
102 5075 13.0
102 5076 13.0
102 5077 13.0
102 5078 13.0
102 5079 13.0
102 5080 13.0
102 5081 13.0
102 5082 13.0
102 5083 13.0
102 5084 13.0
102 5085 13.0
102 5086 13.0
102 5087 13.0
102 5088 13.0
102 5089 13.0
102 5090 13.0
102 5091 13.0
102 5092 13.0
102 5093 13.0
102 5094 13.0
102 5095 13.0
102 5096 13.0
102 5097 13.0
102 5098 13.0
102 5099 13.0
102 5100 13.0
102 5101 13.0
102 5102 13.0
102 5103 13.0
102 5104 13.0
102 5105 13.0
102 5106 13.0
102 5107 13.0
102 5108 13.0
102 5109 13.0
102 5110 13.0
102 5111 13.0
102 5112 13.0
102 5113 13.0
102 5114 13.0
102 5115 13.0
102 5116 13.0
102 5117 13.0
102 5118 13.0
102 5119 13.0
102 5120 13.0
102 5121 13.0
102 5122 13.0
102 5123 13.0
102 5124 13.0
102 5125 13.0
102 5126 13.0
102 5127 13.0
103 5128 13.0
103 5129 13.0
103 5130 13.0
103 5131 13.0
103 5132 13.0
103 5133 13.0
103 5134 13.0
103 5135 13.0
103 5136 13.0
103 5137 13.0
103 5138 13.0
103 5139 13.0
103 5140 13.0
103 5141 13.0
103 5142 13.0
103 5143 13.0
103 5144 13.0
103 5145 13.0
103 5146 13.0
103 5147 13.0
103 5148 13.0
103 5149 13.0
103 5150 13.0
103 5151 13.0
103 5152 13.0
103 5153 13.0
103 5154 13.0
103 5155 13.0
103 5156 13.0
103 5157 13.0
103 5158 13.0
103 5159 13.0
103 5160 13.0
103 5161 13.0
103 5162 13.0
103 5163 13.0
103 5164 13.0
103 5165 13.0
103 5166 13.0
103 5167 13.0
103 5168 13.0
103 5169 13.0
103 5170 13.0
103 5171 13.0
103 5172 13.0
103 5173 13.0
103 5174 13.0
103 5175 13.0
103 5176 13.0
103 5177 13.0
103 5178 13.0
103 5179 13.0
104 5180 13.0
104 5181 13.0
104 5182 13.0
104 5183 13.0
104 5184 13.0
104 5185 13.0
104 5186 13.0
104 5187 13.0
104 5188 13.0
104 5189 13.0
104 5190 13.0
104 5191 13.0
104 5192 13.0
104 5193 13.0
104 5194 13.0
104 5195 13.0
104 5196 13.0
104 5197 13.0
104 5198 13.0
104 5199 13.0
104 5200 13.0
104 5201 13.0
104 5202 13.0
104 5203 13.0
104 5204 13.0
104 5205 13.0
104 5206 13.0
104 5207 13.0
104 5208 13.0
104 5209 13.0
104 5210 13.0
104 5211 13.0
104 5212 13.0
104 5213 13.0
104 5214 13.0
104 5215 13.0
104 5216 13.0
104 5217 13.0
104 5218 13.0
104 5219 13.0
104 5220 13.0
104 5221 13.0
104 5222 13.0
104 5223 13.0
104 5224 13.0
104 5225 13.0
104 5226 13.0
104 5227 13.0
104 5228 13.0
104 5229 13.0
104 5230 13.0
104 5231 13.0
104 5232 13.0
105 5233 13.0
105 5234 13.0
105 5235 13.0
105 5236 13.0
105 5237 13.0
105 5238 13.0
105 5239 13.0
105 5240 13.0
105 5241 13.0
105 5242 13.0
105 5243 13.0
105 5244 13.0
105 5245 13.0
105 5246 13.0
105 5247 13.0
105 5248 13.0
105 5249 13.0
105 5250 13.0
105 5251 13.0
105 5252 13.0
105 5253 13.0
105 5254 13.0
105 5255 13.0
105 5256 13.0
105 5257 13.0
105 5258 13.0
105 5259 13.0
105 5260 13.0
105 5261 13.0
105 5262 13.0
105 5263 13.0
105 5264 13.0
105 5265 13.0
105 5266 13.0
105 5267 13.0
105 5268 13.0
105 5269 13.0
105 5270 13.0
105 5271 13.0
105 5272 13.0
105 5273 13.0
105 5274 13.0
105 5275 13.0
105 5276 13.0
105 5277 13.0
105 5278 13.0
105 5279 13.0
105 5280 13.0
105 5281 13.0
105 5282 13.0
105 5283 13.0
106 5284 13.0
106 5285 13.0
106 5286 13.0
106 5287 13.0
106 5288 13.0
106 5289 13.0
106 5290 13.0
106 5291 13.0
106 5292 13.0
106 5293 13.0
106 5294 13.0
106 5295 13.0
106 5296 13.0
106 5297 13.0
106 5298 13.0
106 5299 13.0
106 5300 13.0
106 5301 13.0
106 5302 13.0
106 5303 13.0
106 5304 13.0
106 5305 13.0
106 5306 13.0
106 5307 13.0
106 5308 13.0
106 5309 13.0
106 5310 13.0
106 5311 13.0
106 5312 13.0
106 5313 13.0
106 5314 13.0
106 5315 13.0
106 5316 13.0
106 5317 13.0
106 5318 13.0
106 5319 13.0
106 5320 13.0
106 5321 13.0
106 5322 13.0
106 5323 13.0
106 5324 13.0
106 5325 13.0
106 5326 13.0
106 5327 13.0
106 5328 13.0
106 5329 13.0
106 5330 13.0
106 5331 13.0
106 5332 13.0
106 5333 13.0
106 5334 13.0
106 5335 13.0
106 5336 13.0
106 5337 13.0
107 5338 13.0
107 5339 13.0
107 5340 13.0
107 5341 13.0
107 5342 13.0
107 5343 13.0
107 5344 13.0
107 5345 13.0
107 5346 13.0
107 5347 13.0
107 5348 13.0
107 5349 13.0
107 5350 13.0
107 5351 13.0
107 5352 13.0
107 5353 13.0
107 5354 13.0
107 5355 13.0
107 5356 13.0
107 5357 13.0
107 5358 13.0
107 5359 13.0
107 5360 13.0
107 5361 13.0
107 5362 13.0
107 5363 13.0
107 5364 13.0
107 5365 13.0
107 5366 13.0
107 5367 13.0
107 5368 13.0
107 5369 13.0
107 5370 13.0
107 5371 13.0
107 5372 13.0
107 5373 13.0
107 5374 13.0
107 5375 13.0
107 5376 13.0
107 5377 13.0
107 5378 13.0
107 5379 13.0
107 5380 13.0
107 5381 13.0
107 5382 13.0
107 5383 13.0
107 5384 13.0
107 5385 13.0
107 5386 13.0
107 5387 13.0
107 5388 13.0
107 5389 13.0
107 5390 13.0
108 5391 13.0
108 5392 13.0
108 5393 13.0
108 5394 13.0
108 5395 13.0
108 5396 13.0
108 5397 13.0
108 5398 13.0
108 5399 13.0
108 5400 13.0
108 5401 13.0
108 5402 13.0
108 5403 13.0
108 5404 13.0
108 5405 13.0
108 5406 13.0
108 5407 13.0
108 5408 13.0
108 5409 13.0
108 5410 13.0
108 5411 13.0
108 5412 13.0
108 5413 13.0
108 5414 13.0
108 5415 13.0
108 5416 13.0
108 5417 13.0
108 5418 13.0
108 5419 13.0
108 5420 13.0
108 5421 13.0
108 5422 13.0
108 5423 13.0
108 5424 13.0
108 5425 13.0
108 5426 13.0
108 5427 13.0
108 5428 13.0
108 5429 13.0
108 5430 13.0
108 5431 13.0
108 5432 13.0
108 5433 13.0
108 5434 13.0
108 5435 13.0
108 5436 13.0
108 5437 13.0
108 5438 13.0
108 5439 13.0
108 5440 13.0
109 5441 13.0
109 5442 13.0
109 5443 13.0
109 5444 13.0
109 5445 13.0
109 5446 13.0
109 5447 13.0
109 5448 13.0
109 5449 13.0
109 5450 13.0
109 5451 13.0
109 5452 13.0
109 5453 13.0
109 5454 13.0
109 5455 13.0
109 5456 13.0
109 5457 13.0
109 5458 13.0
109 5459 13.0
109 5460 13.0
109 5461 13.0
109 5462 13.0
109 5463 13.0
109 5464 13.0
109 5465 13.0
109 5466 13.0
109 5467 13.0
109 5468 13.0
109 5469 13.0
109 5470 13.0
109 5471 13.0
109 5472 13.0
109 5473 13.0
109 5474 13.0
109 5475 13.0
109 5476 13.0
109 5477 13.0
109 5478 13.0
109 5479 13.0
109 5480 13.0
109 5481 13.0
110 5482 13.0
110 5483 13.0
110 5484 13.0
110 5485 13.0
110 5486 13.0
110 5487 13.0
110 5488 13.0
110 5489 13.0
110 5490 13.0
110 5491 13.0
110 5492 13.0
110 5493 13.0
110 5494 13.0
110 5495 13.0
110 5496 13.0
110 5497 13.0
110 5498 13.0
110 5499 13.0
110 5500 13.0
110 5501 13.0
110 5502 13.0
110 5503 13.0
110 5504 13.0
110 5505 13.0
110 5506 13.0
110 5507 13.0
110 5508 13.0
110 5509 13.0
110 5510 13.0
110 5511 13.0
110 5512 13.0
110 5513 13.0
110 5514 13.0
110 5515 13.0
110 5516 13.0
110 5517 13.0
110 5518 13.0
110 5519 13.0
110 5520 13.0
110 5521 13.0
110 5522 13.0
110 5523 13.0
110 5524 13.0
110 5525 13.0
110 5526 13.0
110 5527 13.0
110 5528 13.0
110 5529 13.0
110 5530 13.0
110 5531 13.0
110 5532 13.0
111 5533 13.0
111 5534 13.0
111 5535 13.0
111 5536 13.0
111 5537 13.0
111 5538 13.0
111 5539 13.0
111 5540 13.0
111 5541 13.0
111 5542 13.0
111 5543 13.0
111 5544 13.0
111 5545 13.0
111 5546 13.0
111 5547 13.0
111 5548 13.0
111 5549 13.0
111 5550 13.0
111 5551 13.0
111 5552 13.0
111 5553 13.0
111 5554 13.0
111 5555 13.0
111 5556 13.0
111 5557 13.0
111 5558 13.0
111 5559 13.0
111 5560 13.0
111 5561 13.0
111 5562 13.0
111 5563 13.0
111 5564 13.0
111 5565 13.0
111 5566 13.0
111 5567 13.0
111 5568 13.0
111 5569 13.0
111 5570 13.0
111 5571 13.0
111 5572 13.0
111 5573 13.0
111 5574 13.0
111 5575 13.0
111 5576 13.0
111 5577 13.0
111 5578 13.0
111 5579 13.0
111 5580 13.0
111 5581 13.0
111 5582 13.0
111 5583 13.0
111 5584 13.0
112 5585 13.0
112 5586 13.0
112 5587 13.0
112 5588 13.0
112 5589 13.0
112 5590 13.0
112 5591 13.0
112 5592 13.0
112 5593 13.0
112 5594 13.0
112 5595 13.0
112 5596 13.0
112 5597 13.0
112 5598 13.0
112 5599 13.0
112 5600 13.0
112 5601 13.0
112 5602 13.0
112 5603 13.0
112 5604 13.0
112 5605 13.0
112 5606 13.0
112 5607 13.0
112 5608 13.0
112 5609 13.0
112 5610 13.0
112 5611 13.0
112 5612 13.0
112 5613 13.0
112 5614 13.0
112 5615 13.0
112 5616 13.0
112 5617 13.0
112 5618 13.0
112 5619 13.0
112 5620 13.0
112 5621 13.0
112 5622 13.0
112 5623 13.0
112 5624 13.0
112 5625 13.0
112 5626 13.0
112 5627 13.0
112 5628 13.0
112 5629 13.0
112 5630 13.0
112 5631 13.0
112 5632 13.0
112 5633 13.0
113 5634 13.0
113 5635 13.0
113 5636 13.0
113 5637 13.0
113 5638 13.0
113 5639 13.0
113 5640 13.0
113 5641 13.0
113 5642 13.0
113 5643 13.0
113 5644 13.0
113 5645 13.0
113 5646 13.0
113 5647 13.0
113 5648 13.0
113 5649 13.0
113 5650 13.0
113 5651 13.0
113 5652 13.0
113 5653 13.0
113 5654 13.0
113 5655 13.0
113 5656 13.0
113 5657 13.0
113 5658 13.0
113 5659 13.0
113 5660 13.0
113 5661 13.0
113 5662 13.0
113 5663 13.0
113 5664 13.0
113 5665 13.0
113 5666 13.0
113 5667 13.0
113 5668 13.0
113 5669 13.0
113 5670 13.0
113 5671 13.0
113 5672 13.0
113 5673 13.0
113 5674 13.0
113 5675 13.0
113 5676 13.0
113 5677 13.0
113 5678 13.0
113 5679 13.0
114 5680 13.0
114 5681 13.0
114 5682 13.0
114 5683 13.0
114 5684 13.0
114 5685 13.0
114 5686 13.0
114 5687 13.0
114 5688 13.0
114 5689 13.0
114 5690 13.0
114 5691 13.0
114 5692 13.0
114 5693 13.0
114 5694 13.0
114 5695 13.0
114 5696 13.0
114 5697 13.0
114 5698 13.0
114 5699 13.0
114 5700 13.0
114 5701 13.0
114 5702 13.0
114 5703 13.0
114 5704 13.0
114 5705 13.0
114 5706 13.0
114 5707 13.0
114 5708 13.0
114 5709 13.0
114 5710 13.0
114 5711 13.0
114 5712 13.0
114 5713 13.0
114 5714 13.0
114 5715 13.0
114 5716 13.0
114 5717 13.0
114 5718 13.0
114 5719 13.0
114 5720 13.0
114 5721 13.0
114 5722 13.0
114 5723 13.0
114 5724 13.0
114 5725 13.0
114 5726 13.0
114 5727 13.0
114 5728 13.0
114 5729 13.0
114 5730 13.0
114 5731 13.0
114 5732 13.0
114 5733 13.0
114 5734 13.0
115 5735 13.0
115 5736 13.0
115 5737 13.0
115 5738 13.0
115 5739 13.0
115 5740 13.0
115 5741 13.0
115 5742 13.0
115 5743 13.0
115 5744 13.0
115 5745 13.0
115 5746 13.0
115 5747 13.0
115 5748 13.0
115 5749 13.0
115 5750 13.0
115 5751 13.0
115 5752 13.0
115 5753 13.0
115 5754 13.0
115 5755 13.0
115 5756 13.0
115 5757 13.0
115 5758 13.0
115 5759 13.0
115 5760 13.0
115 5761 13.0
115 5762 13.0
115 5763 13.0
115 5764 13.0
115 5765 13.0
115 5766 13.0
115 5767 13.0
115 5768 13.0
115 5769 13.0
115 5770 13.0
115 5771 13.0
115 5772 13.0
115 5773 13.0
115 5774 13.0
115 5775 13.0
115 5776 13.0
115 5777 13.0
115 5778 13.0
115 5779 13.0
115 5780 13.0
115 5781 13.0
115 5782 13.0
115 5783 13.0
115 5784 13.0
115 5785 13.0
115 5786 13.0
116 5787 13.0
116 5788 13.0
116 5789 13.0
116 5790 13.0
116 5791 13.0
116 5792 13.0
116 5793 13.0
116 5794 13.0
116 5795 13.0
116 5796 13.0
116 5797 13.0
116 5798 13.0
116 5799 13.0
116 5800 13.0
116 5801 13.0
116 5802 13.0
116 5803 13.0
116 5804 13.0
116 5805 13.0
116 5806 13.0
116 5807 13.0
116 5808 13.0
116 5809 13.0
116 5810 13.0
116 5811 13.0
116 5812 13.0
116 5813 13.0
116 5814 13.0
116 5815 13.0
116 5816 13.0
116 5817 13.0
116 5818 13.0
116 5819 13.0
116 5820 13.0
116 5821 13.0
116 5822 13.0
116 5823 13.0
116 5824 13.0
116 5825 13.0
116 5826 13.0
116 5827 13.0
116 5828 13.0
116 5829 13.0
116 5830 13.0
116 5831 13.0
116 5832 13.0
116 5833 13.0
116 5834 13.0
116 5835 13.0
116 5836 13.0
116 5837 13.0
116 5838 13.0
116 5839 13.0
116 5840 13.0
117 5841 13.0
117 5842 13.0
117 5843 13.0
117 5844 13.0
117 5845 13.0
117 5846 13.0
117 5847 13.0
117 5848 13.0
117 5849 13.0
117 5850 13.0
117 5851 13.0
117 5852 13.0
117 5853 13.0
117 5854 13.0
117 5855 13.0
117 5856 13.0
117 5857 13.0
117 5858 13.0
117 5859 13.0
117 5860 13.0
117 5861 13.0
117 5862 13.0
117 5863 13.0
117 5864 13.0
117 5865 13.0
117 5866 13.0
117 5867 13.0
117 5868 13.0
117 5869 13.0
117 5870 13.0
117 5871 13.0
117 5872 13.0
117 5873 13.0
117 5874 13.0
117 5875 13.0
117 5876 13.0
117 5877 13.0
117 5878 13.0
117 5879 13.0
117 5880 13.0
117 5881 13.0
117 5882 13.0
117 5883 13.0
117 5884 13.0
117 5885 13.0
117 5886 13.0
117 5887 13.0
117 5888 13.0
117 5889 13.0
117 5890 13.0
117 5891 13.0
117 5892 13.0
117 5893 13.0
118 5894 13.0
118 5895 13.0
118 5896 13.0
118 5897 13.0
118 5898 13.0
118 5899 13.0
118 5900 13.0
118 5901 13.0
118 5902 13.0
118 5903 13.0
118 5904 13.0
118 5905 13.0
118 5906 13.0
118 5907 13.0
118 5908 13.0
118 5909 13.0
118 5910 13.0
118 5911 13.0
118 5912 13.0
118 5913 13.0
118 5914 13.0
118 5915 13.0
118 5916 13.0
118 5917 13.0
118 5918 13.0
118 5919 13.0
118 5920 13.0
118 5921 13.0
118 5922 13.0
118 5923 13.0
118 5924 13.0
118 5925 13.0
118 5926 13.0
118 5927 13.0
118 5928 13.0
118 5929 13.0
118 5930 13.0
118 5931 13.0
118 5932 13.0
118 5933 13.0
118 5934 13.0
118 5935 13.0
118 5936 13.0
118 5937 13.0
118 5938 13.0
118 5939 13.0
118 5940 13.0
118 5941 13.0
118 5942 13.0
118 5943 13.0
118 5944 13.0
118 5945 13.0
118 5946 13.0
118 5947 13.0
118 5948 13.0
118 5949 13.0
118 5950 13.0
119 5951 13.0
119 5952 13.0
119 5953 13.0
119 5954 13.0
119 5955 13.0
119 5956 13.0
119 5957 13.0
119 5958 13.0
119 5959 13.0
119 5960 13.0
119 5961 13.0
119 5962 13.0
119 5963 13.0
119 5964 13.0
119 5965 13.0
119 5966 13.0
119 5967 13.0
119 5968 13.0
119 5969 13.0
119 5970 13.0
119 5971 13.0
119 5972 13.0
119 5973 13.0
119 5974 13.0
119 5975 13.0
119 5976 13.0
119 5977 13.0
119 5978 13.0
119 5979 13.0
119 5980 13.0
119 5981 13.0
119 5982 13.0
119 5983 13.0
119 5984 13.0
119 5985 13.0
119 5986 13.0
119 5987 13.0
119 5988 13.0
119 5989 13.0
119 5990 13.0
119 5991 13.0
119 5992 13.0
119 5993 13.0
119 5994 13.0
119 5995 13.0
119 5996 13.0
119 5997 13.0
119 5998 13.0
119 5999 13.0
119 6000 13.0
119 6001 13.0
119 6002 13.0
119 6003 13.0
119 6004 13.0
119 6005 13.0
119 6006 13.0
120 6007 13.0
120 6008 13.0
120 6009 13.0
120 6010 13.0
120 6011 13.0
120 6012 13.0
120 6013 13.0
120 6014 13.0
120 6015 13.0
120 6016 13.0
120 6017 13.0
120 6018 13.0
120 6019 13.0
120 6020 13.0
120 6021 13.0
120 6022 13.0
120 6023 13.0
120 6024 13.0
120 6025 13.0
120 6026 13.0
120 6027 13.0
120 6028 13.0
120 6029 13.0
120 6030 13.0
120 6031 13.0
120 6032 13.0
120 6033 13.0
120 6034 13.0
120 6035 13.0
120 6036 13.0
120 6037 13.0
120 6038 13.0
120 6039 13.0
120 6040 13.0
120 6041 13.0
120 6042 13.0
120 6043 13.0
120 6044 13.0
120 6045 13.0
120 6046 13.0
120 6047 13.0
120 6048 13.0
120 6049 13.0
120 6050 13.0
120 6051 13.0
120 6052 13.0
120 6053 13.0
120 6054 13.0
120 6055 13.0
120 6056 13.0
120 6057 13.0
120 6058 13.0
121 6059 13.0
