0 1 49.5
1 2 49.5
1 3 49.5
1 4 49.5
1 5 49.5
1 6 49.5
1 7 48.7
1 8 48.7
1 9 48.7
1 10 48.7
1 11 48.7
1 12 48.7
1 13 47.8
1 14 47.8
1 15 47.1
1 16 47.1
1 17 47.1
1 18 47.1
1 19 47.1
1 20 47.1
1 21 47.1
1 22 47.0
1 23 47.0
1 24 47.0
1 25 46.4
1 26 46.4
1 27 46.4
1 28 46.4
1 29 46.4
1 30 46.4
1 31 46.4
1 32 46.4
1 33 46.4
1 34 45.6
1 35 45.6
1 36 45.6
1 37 45.6
1 38 44.8
1 39 44.8
1 40 44.8
1 41 44.8
1 42 44.8
2 43 44.8
2 44 44.8
2 45 44.8
2 46 44.8
2 47 44.8
2 48 44.8
2 49 44.8
2 50 44.8
2 51 44.5
2 52 44.5
2 53 44.5
2 54 44.5
2 55 44.5
2 56 41.0
2 57 41.0
2 58 41.0
2 59 41.0
2 60 41.0
2 61 40.4
2 62 40.4
2 63 40.4
2 64 40.4
2 65 40.4
2 66 40.4
2 67 40.4
2 68 40.4
2 69 40.4
2 70 40.4
2 71 40.4
2 72 40.4
2 73 40.4
2 74 40.4
2 75 40.4
2 76 40.0
2 77 40.0
2 78 40.0
2 79 40.0
2 80 40.0
2 81 40.0
2 82 40.0
2 83 40.0
2 84 40.0
2 85 40.0
2 86 40.0
2 87 40.0
2 88 40.0
2 89 40.0
3 90 40.0
3 91 40.0
3 92 40.0
3 93 40.0
3 94 40.0
3 95 40.0
3 96 40.0
3 97 40.0
3 98 40.0
3 99 39.9
3 100 39.9
3 101 39.9
3 102 39.2
3 103 39.2
3 104 39.2
3 105 39.2
3 106 39.2
3 107 39.2
3 108 39.2
3 109 38.4
3 110 38.4
3 111 38.4
3 112 38.4
3 113 38.4
3 114 38.4
3 115 38.4
3 116 38.4
3 117 38.4
3 118 38.4
3 119 38.4
3 120 38.4
3 121 38.4
3 122 38.4
3 123 38.4
4 124 38.3
4 125 38.3
4 126 38.3
4 127 38.3
4 128 38.3
4 129 38.3
4 130 38.3
4 131 38.1
4 132 38.1
4 133 38.1
4 134 38.1
4 135 38.0
4 136 38.0
4 137 38.0
4 138 38.0
4 139 38.0
4 140 37.7
4 141 37.7
4 142 37.7
4 143 37.7
4 144 37.7
4 145 37.7
4 146 37.7
4 147 37.7
4 148 37.4
4 149 37.4
4 150 37.4
4 151 37.4
4 152 37.4
4 153 37.2
4 154 37.2
4 155 36.8
4 156 36.8
4 157 36.8
4 158 36.4
4 159 36.4
4 160 35.7
4 161 35.7
4 162 35.7
4 163 35.7
4 164 35.6
5 165 35.6
5 166 35.6
5 167 35.6
5 168 35.6
5 169 35.6
5 170 34.0
5 171 34.0
5 172 34.0
5 173 34.0
5 174 34.0
5 175 34.0
5 176 34.0
5 177 34.0
5 178 34.0
5 179 34.0
5 180 34.0
5 181 33.7
5 182 33.7
5 183 33.7
5 184 33.6
5 185 33.6
5 186 33.6
5 187 33.6
5 188 33.6
5 189 33.6
5 190 33.6
5 191 33.6
5 192 33.6
5 193 33.6
5 194 33.6
5 195 33.6
5 196 33.6
5 197 33.6
5 198 33.6
5 199 33.6
5 200 33.6
5 201 33.6
5 202 33.6
5 203 33.6
5 204 33.6
6 205 33.6
6 206 33.6
6 207 33.6
6 208 33.6
6 209 33.6
6 210 33.6
6 211 33.6
6 212 33.6
6 213 33.6
6 214 33.6
6 215 33.6
6 216 33.6
6 217 33.6
6 218 33.6
6 219 33.6
6 220 33.6
6 221 33.6
6 222 33.6
6 223 33.6
6 224 33.6
6 225 33.6
6 226 33.6
6 227 33.6
6 228 33.6
6 229 33.6
6 230 33.6
6 231 33.6
6 232 33.6
6 233 33.6
6 234 33.6
6 235 33.6
6 236 33.6
6 237 33.6
6 238 33.6
6 239 33.6
6 240 33.6
6 241 33.6
6 242 33.6
6 243 33.6
6 244 33.6
6 245 33.6
6 246 33.6
6 247 33.6
6 248 33.6
6 249 33.6
7 250 33.6
7 251 33.6
7 252 33.6
7 253 33.6
7 254 33.6
7 255 33.6
7 256 33.6
7 257 33.6
7 258 33.6
7 259 33.6
7 260 33.6
7 261 33.6
7 262 33.6
7 263 33.6
7 264 33.6
7 265 33.6
7 266 33.6
7 267 33.6
7 268 33.6
7 269 33.6
7 270 33.6
7 271 33.6
7 272 33.6
7 273 33.6
7 274 33.6
7 275 33.6
7 276 33.6
7 277 33.6
7 278 33.6
7 279 33.6
7 280 33.6
7 281 33.6
7 282 33.6
7 283 33.6
7 284 33.6
7 285 33.6
7 286 33.6
7 287 33.6
7 288 33.6
7 289 33.6
7 290 33.6
7 291 33.6
7 292 33.6
7 293 33.6
8 294 33.6
8 295 33.6
8 296 33.6
8 297 33.6
8 298 33.6
8 299 33.6
8 300 33.6
8 301 33.6
8 302 33.6
8 303 33.6
8 304 33.6
8 305 33.6
8 306 33.6
8 307 33.6
8 308 33.6
8 309 33.6
8 310 33.6
8 311 33.6
8 312 33.6
8 313 33.6
8 314 33.6
8 315 33.6
8 316 33.6
8 317 33.6
8 318 33.6
8 319 33.6
8 320 33.6
8 321 33.6
8 322 33.6
8 323 33.6
8 324 33.6
8 325 33.6
8 326 33.6
8 327 33.6
8 328 33.6
9 329 33.6
9 330 33.6
9 331 33.6
9 332 33.6
9 333 33.6
9 334 33.6
9 335 33.6
9 336 33.6
9 337 33.6
9 338 33.6
9 339 33.6
9 340 33.6
9 341 33.6
9 342 33.6
9 343 33.6
9 344 33.6
9 345 33.6
9 346 33.6
9 347 33.6
9 348 33.6
9 349 33.6
9 350 33.6
9 351 33.6
9 352 33.6
9 353 33.6
9 354 33.6
9 355 33.6
9 356 33.6
9 357 33.6
9 358 33.6
9 359 33.6
9 360 33.6
9 361 33.6
9 362 33.6
9 363 33.6
9 364 33.6
9 365 33.6
9 366 33.6
9 367 33.6
9 368 33.6
9 369 33.6
9 370 33.6
9 371 33.6
10 372 33.6
10 373 33.6
10 374 33.6
10 375 33.6
10 376 33.6
10 377 33.6
10 378 33.6
10 379 33.6
10 380 33.6
10 381 33.6
10 382 33.6
10 383 33.6
10 384 33.6
10 385 33.6
10 386 33.6
10 387 33.6
10 388 33.6
10 389 33.6
10 390 33.6
10 391 33.6
10 392 33.6
10 393 33.6
10 394 33.6
10 395 33.6
10 396 33.6
10 397 33.6
10 398 33.6
10 399 33.6
10 400 33.6
10 401 33.6
10 402 33.6
10 403 33.6
10 404 33.6
10 405 33.6
10 406 33.6
10 407 33.6
10 408 33.6
10 409 33.6
10 410 33.6
10 411 33.6
10 412 33.6
10 413 32.9
10 414 32.9
10 415 32.9
10 416 32.9
10 417 32.9
10 418 32.9
10 419 32.9
11 420 32.9
11 421 32.9
11 422 32.9
11 423 32.9
11 424 32.9
11 425 32.9
11 426 32.9
11 427 32.9
11 428 32.9
11 429 32.9
11 430 32.9
11 431 32.9
11 432 32.9
11 433 32.9
11 434 32.9
11 435 32.4
11 436 32.4
11 437 32.4
11 438 32.4
11 439 32.4
11 440 32.4
11 441 32.4
11 442 32.4
11 443 32.4
11 444 32.4
11 445 32.1
11 446 32.1
11 447 32.1
11 448 32.1
11 449 32.1
11 450 32.1
11 451 32.1
11 452 32.1
11 453 32.1
11 454 32.1
11 455 32.1
11 456 32.1
11 457 32.1
11 458 32.1
11 459 32.1
11 460 32.1
11 461 32.1
11 462 32.1
11 463 32.1
11 464 32.1
11 465 32.1
11 466 32.1
12 467 32.1
12 468 32.1
12 469 32.1
12 470 32.1
12 471 32.1
12 472 32.1
12 473 32.1
12 474 32.1
12 475 32.1
12 476 32.1
12 477 32.1
12 478 32.1
12 479 32.1
12 480 32.1
12 481 32.1
12 482 32.1
12 483 32.1
12 484 32.1
12 485 32.1
12 486 32.1
12 487 32.1
12 488 32.1
12 489 32.1
12 490 32.1
12 491 32.1
12 492 32.1
12 493 32.1
12 494 32.1
12 495 32.1
12 496 32.1
12 497 32.1
12 498 32.1
12 499 32.1
12 500 32.1
12 501 32.1
12 502 32.1
12 503 32.1
12 504 32.1
12 505 32.1
12 506 32.1
12 507 32.1
12 508 32.1
12 509 32.1
12 510 32.1
12 511 32.1
12 512 32.1
12 513 32.1
12 514 32.1
12 515 32.1
12 516 32.1
12 517 32.1
12 518 32.1
13 519 32.1
13 520 32.1
13 521 32.1
13 522 32.1
13 523 32.1
13 524 32.1
13 525 32.1
13 526 32.1
13 527 32.1
13 528 32.1
13 529 32.1
13 530 32.1
13 531 32.1
13 532 32.1
13 533 32.1
13 534 32.1
13 535 32.1
13 536 32.1
13 537 32.1
13 538 32.1
13 539 32.1
13 540 32.1
13 541 32.1
13 542 32.1
13 543 32.1
13 544 32.1
13 545 32.1
13 546 32.1
13 547 32.1
13 548 32.1
13 549 32.1
13 550 32.1
13 551 32.1
13 552 32.1
13 553 32.1
13 554 32.1
13 555 32.1
13 556 32.1
13 557 32.1
13 558 32.1
13 559 32.1
13 560 32.1
13 561 32.1
13 562 32.1
13 563 32.1
13 564 32.1
13 565 32.1
14 566 32.1
14 567 32.1
14 568 32.1
14 569 32.1
14 570 32.1
14 571 32.1
14 572 32.1
14 573 32.1
14 574 32.1
14 575 32.1
14 576 32.1
14 577 32.1
14 578 32.1
14 579 32.1
14 580 32.1
14 581 32.1
14 582 32.1
14 583 32.1
14 584 32.1
14 585 32.1
14 586 32.1
14 587 32.1
14 588 32.1
14 589 32.1
14 590 32.1
14 591 32.1
14 592 32.1
14 593 32.1
14 594 32.1
14 595 32.1
14 596 32.1
14 597 32.1
14 598 32.1
14 599 32.1
14 600 32.1
14 601 32.1
14 602 32.1
14 603 32.1
14 604 32.1
14 605 32.1
14 606 32.1
14 607 32.1
14 608 32.1
14 609 32.1
14 610 32.1
14 611 32.1
14 612 32.1
14 613 32.1
14 614 32.1
14 615 32.1
14 616 32.1
14 617 32.1
15 618 32.1
15 619 32.1
15 620 32.1
15 621 32.1
15 622 32.1
15 623 32.1
15 624 32.1
15 625 32.1
15 626 32.1
15 627 32.1
15 628 32.1
15 629 32.1
15 630 32.1
15 631 32.1
15 632 32.1
15 633 32.1
15 634 32.1
15 635 32.1
15 636 32.1
15 637 32.1
15 638 32.1
15 639 32.1
15 640 32.1
15 641 32.1
15 642 32.1
15 643 32.1
15 644 32.1
15 645 32.1
15 646 32.1
15 647 32.1
15 648 32.1
15 649 32.1
15 650 32.1
15 651 32.1
15 652 32.1
15 653 32.1
15 654 32.1
15 655 32.1
15 656 32.1
15 657 32.1
15 658 32.1
15 659 32.1
15 660 32.1
15 661 32.1
15 662 32.1
15 663 32.1
15 664 32.1
15 665 32.1
15 666 32.1
15 667 32.1
15 668 32.1
16 669 32.1
16 670 32.1
16 671 32.1
16 672 32.1
16 673 32.1
16 674 32.1
16 675 32.1
16 676 32.1
16 677 32.1
16 678 32.1
16 679 32.1
16 680 32.1
16 681 32.1
16 682 32.1
16 683 32.1
16 684 32.1
16 685 32.1
16 686 32.1
16 687 32.1
16 688 32.1
16 689 32.1
16 690 32.1
16 691 32.1
16 692 32.1
16 693 32.1
16 694 32.1
16 695 32.1
16 696 32.1
16 697 32.1
16 698 32.1
16 699 32.1
16 700 32.1
16 701 32.1
16 702 32.1
16 703 32.1
16 704 32.1
16 705 32.1
16 706 32.1
16 707 32.1
16 708 32.1
16 709 32.1
16 710 32.1
16 711 32.1
16 712 32.1
16 713 32.1
16 714 32.1
16 715 32.1
16 716 32.1
16 717 32.1
16 718 32.1
16 719 32.1
17 720 32.1
17 721 32.1
17 722 32.1
17 723 32.1
17 724 32.1
17 725 32.1
17 726 32.1
17 727 32.1
17 728 32.1
17 729 32.1
17 730 32.1
17 731 32.1
17 732 32.1
17 733 32.1
17 734 32.0
17 735 32.0
17 736 32.0
17 737 32.0
17 738 32.0
17 739 32.0
17 740 32.0
17 741 32.0
17 742 32.0
17 743 32.0
17 744 32.0
17 745 32.0
17 746 32.0
17 747 32.0
17 748 32.0
17 749 32.0
17 750 32.0
17 751 32.0
17 752 32.0
17 753 32.0
17 754 32.0
17 755 32.0
17 756 32.0
17 757 32.0
17 758 32.0
17 759 32.0
17 760 32.0
17 761 32.0
17 762 31.6
17 763 31.6
17 764 31.6
17 765 31.6
17 766 31.6
17 767 31.6
17 768 31.6
17 769 31.6
18 770 31.6
18 771 31.6
18 772 31.6
18 773 31.6
18 774 31.6
18 775 31.6
18 776 31.6
18 777 31.2
18 778 31.2
18 779 31.2
18 780 31.2
18 781 31.2
18 782 31.2
18 783 31.2
18 784 31.2
18 785 31.2
18 786 30.3
18 787 30.3
18 788 30.3
18 789 30.3
18 790 30.3
18 791 30.3
18 792 29.7
18 793 29.7
18 794 29.7
18 795 29.7
18 796 29.7
18 797 29.7
18 798 29.7
18 799 29.7
18 800 29.7
18 801 29.7
18 802 29.7
18 803 29.7
18 804 29.7
18 805 29.7
18 806 29.6
18 807 29.6
18 808 29.6
18 809 29.6
18 810 29.6
18 811 29.6
18 812 29.6
18 813 29.6
18 814 29.6
18 815 29.6
18 816 29.6
18 817 29.6
18 818 29.6
18 819 29.6
18 820 29.6
18 821 29.6
19 822 29.6
19 823 29.6
19 824 29.6
19 825 29.6
19 826 29.6
19 827 29.6
19 828 29.6
19 829 29.6
19 830 29.6
19 831 29.6
19 832 29.6
19 833 29.6
19 834 29.6
19 835 29.6
19 836 29.6
19 837 29.6
19 838 29.6
19 839 29.6
19 840 29.6
19 841 29.6
19 842 29.6
19 843 29.6
19 844 29.6
19 845 29.6
19 846 29.6
19 847 29.6
19 848 29.6
19 849 29.6
19 850 29.6
19 851 29.6
19 852 29.6
19 853 29.6
19 854 29.6
19 855 29.6
19 856 29.6
19 857 29.6
19 858 29.6
19 859 29.6
19 860 29.6
19 861 29.6
19 862 29.6
19 863 29.6
19 864 29.6
20 865 29.6
20 866 29.6
20 867 29.6
20 868 29.6
20 869 29.6
20 870 29.6
20 871 29.6
20 872 29.6
20 873 29.6
20 874 29.6
20 875 29.6
20 876 29.6
20 877 29.6
20 878 29.6
20 879 29.6
20 880 29.6
20 881 29.6
20 882 29.6
20 883 29.6
20 884 29.6
20 885 29.6
20 886 29.6
20 887 29.6
20 888 29.6
20 889 29.6
20 890 29.6
20 891 29.6
20 892 29.6
20 893 29.6
20 894 29.6
20 895 29.6
20 896 29.6
20 897 29.6
20 898 29.6
20 899 29.6
20 900 29.6
20 901 29.6
20 902 29.6
20 903 29.6
20 904 29.6
21 905 29.6
21 906 29.6
21 907 29.6
21 908 29.6
21 909 29.6
21 910 29.6
21 911 29.6
21 912 29.6
21 913 29.6
21 914 29.6
21 915 29.6
21 916 29.6
21 917 29.6
21 918 29.5
21 919 29.5
21 920 29.5
21 921 29.5
21 922 29.5
21 923 29.5
21 924 29.5
21 925 29.5
21 926 29.5
21 927 29.5
21 928 29.5
21 929 29.5
21 930 29.5
21 931 29.5
21 932 29.5
21 933 29.5
21 934 29.5
21 935 29.5
21 936 29.5
21 937 29.5
21 938 29.5
21 939 29.5
21 940 29.5
21 941 29.5
21 942 29.5
21 943 29.5
21 944 29.5
21 945 29.5
21 946 29.5
21 947 29.5
21 948 29.5
22 949 29.5
22 950 29.5
22 951 29.5
22 952 29.5
22 953 29.5
22 954 29.5
22 955 29.5
22 956 29.5
22 957 29.5
22 958 29.5
22 959 29.5
22 960 29.5
22 961 29.5
22 962 29.5
22 963 29.5
22 964 29.5
22 965 29.5
22 966 29.5
22 967 29.5
22 968 29.5
22 969 29.5
22 970 29.4
22 971 29.4
22 972 29.4
22 973 29.4
22 974 29.4
22 975 29.4
22 976 29.4
22 977 29.4
22 978 29.4
22 979 29.4
22 980 29.4
22 981 29.4
22 982 29.4
22 983 29.4
22 984 29.4
22 985 29.4
22 986 29.4
22 987 29.4
22 988 29.4
22 989 29.4
22 990 29.4
22 991 29.4
22 992 29.4
22 993 29.4
22 994 29.4
23 995 29.4
23 996 29.4
23 997 29.4
23 998 29.3
23 999 29.3
23 1000 29.3
23 1001 29.3
23 1002 29.3
23 1003 29.3
23 1004 29.3
23 1005 29.3
23 1006 29.2
23 1007 29.2
23 1008 29.2
23 1009 28.9
23 1010 28.9
23 1011 28.9
23 1012 28.9
23 1013 28.9
23 1014 28.9
23 1015 28.9
23 1016 28.9
23 1017 28.9
23 1018 28.9
23 1019 28.9
23 1020 28.9
23 1021 28.8
23 1022 28.8
23 1023 28.8
23 1024 28.8
23 1025 28.8
23 1026 28.8
23 1027 28.8
23 1028 28.8
23 1029 28.8
23 1030 28.8
23 1031 28.8
23 1032 28.8
23 1033 28.8
23 1034 28.8
23 1035 28.8
23 1036 28.8
23 1037 28.8
23 1038 28.8
24 1039 28.8
24 1040 28.8
24 1041 28.8
24 1042 28.8
24 1043 28.8
24 1044 28.8
24 1045 28.8
24 1046 28.8
24 1047 28.8
24 1048 28.8
24 1049 28.8
24 1050 28.8
24 1051 28.8
24 1052 28.8
24 1053 28.8
24 1054 28.8
24 1055 28.8
24 1056 28.8
24 1057 28.8
24 1058 28.8
24 1059 28.8
24 1060 28.8
24 1061 28.8
24 1062 28.8
24 1063 28.8
24 1064 28.8
24 1065 28.8
24 1066 28.8
24 1067 28.8
24 1068 28.8
24 1069 28.8
24 1070 28.8
24 1071 28.8
24 1072 28.8
24 1073 28.8
24 1074 28.8
24 1075 28.8
24 1076 28.8
24 1077 28.8
24 1078 28.8
24 1079 28.8
24 1080 28.8
24 1081 28.8
24 1082 28.8
24 1083 28.8
24 1084 28.8
24 1085 28.8
24 1086 28.8
24 1087 28.8
25 1088 28.8
25 1089 28.8
25 1090 28.8
25 1091 28.8
25 1092 28.8
25 1093 28.8
25 1094 28.8
25 1095 28.8
25 1096 28.8
25 1097 28.8
25 1098 28.8
25 1099 28.8
25 1100 28.8
25 1101 28.8
25 1102 28.8
25 1103 28.8
25 1104 28.8
25 1105 28.8
25 1106 28.8
25 1107 28.8
25 1108 28.8
25 1109 28.8
25 1110 28.8
25 1111 28.8
25 1112 28.8
25 1113 28.8
25 1114 28.8
25 1115 28.8
25 1116 28.8
25 1117 28.8
25 1118 28.8
25 1119 28.8
25 1120 28.8
25 1121 28.8
25 1122 28.8
25 1123 28.8
25 1124 28.8
25 1125 28.8
25 1126 28.8
25 1127 28.8
25 1128 28.8
25 1129 28.8
25 1130 28.8
25 1131 28.8
25 1132 28.8
25 1133 28.8
25 1134 28.8
25 1135 28.8
25 1136 28.8
25 1137 28.8
25 1138 28.8
26 1139 28.8
26 1140 28.8
26 1141 28.8
26 1142 28.8
26 1143 28.8
26 1144 28.8
26 1145 28.8
26 1146 28.8
26 1147 28.8
26 1148 28.8
26 1149 28.8
26 1150 28.8
26 1151 28.8
26 1152 28.8
26 1153 28.8
26 1154 28.8
26 1155 28.8
26 1156 28.8
26 1157 28.8
26 1158 28.8
26 1159 28.8
26 1160 28.8
26 1161 28.8
26 1162 28.8
26 1163 28.8
26 1164 28.8
26 1165 28.8
26 1166 28.8
26 1167 28.8
26 1168 28.8
26 1169 28.8
26 1170 28.8
26 1171 28.8
26 1172 28.8
26 1173 28.8
26 1174 28.8
26 1175 28.8
26 1176 28.8
26 1177 28.8
26 1178 28.8
26 1179 28.8
26 1180 28.8
26 1181 28.8
26 1182 28.8
26 1183 28.8
26 1184 28.8
26 1185 28.8
26 1186 28.8
26 1187 28.8
26 1188 28.8
26 1189 28.8
27 1190 28.8
27 1191 28.8
27 1192 28.8
27 1193 28.8
27 1194 28.8
27 1195 28.8
27 1196 28.8
27 1197 28.8
27 1198 28.8
27 1199 28.8
27 1200 28.8
27 1201 28.8
27 1202 28.8
27 1203 28.8
27 1204 28.8
27 1205 28.8
27 1206 28.8
27 1207 28.8
27 1208 28.8
27 1209 28.8
27 1210 28.8
27 1211 28.8
27 1212 28.8
27 1213 28.8
27 1214 28.8
27 1215 28.8
27 1216 28.8
27 1217 28.8
27 1218 28.8
27 1219 28.8
27 1220 28.8
27 1221 28.8
27 1222 28.8
27 1223 28.8
27 1224 28.8
27 1225 28.8
27 1226 28.8
27 1227 28.8
27 1228 28.8
27 1229 28.8
27 1230 28.8
27 1231 28.8
27 1232 28.8
27 1233 28.8
27 1234 28.8
27 1235 28.8
27 1236 28.8
27 1237 28.8
27 1238 28.8
27 1239 28.8
28 1240 28.8
28 1241 28.8
28 1242 28.8
28 1243 28.8
28 1244 28.8
28 1245 28.8
28 1246 28.8
28 1247 28.8
28 1248 28.8
28 1249 28.8
28 1250 28.8
28 1251 28.8
28 1252 28.8
28 1253 28.8
28 1254 28.8
28 1255 28.8
28 1256 28.8
28 1257 28.8
28 1258 28.8
28 1259 28.8
28 1260 28.8
28 1261 28.8
28 1262 28.8
28 1263 28.8
28 1264 28.8
28 1265 28.8
28 1266 28.8
28 1267 28.8
28 1268 28.8
28 1269 28.8
28 1270 28.8
28 1271 28.8
28 1272 28.8
28 1273 28.8
28 1274 28.8
28 1275 28.8
28 1276 28.8
28 1277 28.8
28 1278 28.8
28 1279 28.8
28 1280 28.8
28 1281 28.8
28 1282 28.8
28 1283 28.8
28 1284 28.8
28 1285 28.8
28 1286 28.8
28 1287 28.8
28 1288 28.8
28 1289 28.8
29 1290 28.8
29 1291 28.8
29 1292 28.8
29 1293 28.8
29 1294 28.8
29 1295 28.8
29 1296 28.8
29 1297 28.8
29 1298 28.8
29 1299 28.8
29 1300 28.8
29 1301 28.8
29 1302 28.8
29 1303 28.8
29 1304 28.8
29 1305 28.8
29 1306 28.8
29 1307 28.8
29 1308 28.8
29 1309 28.8
29 1310 28.8
29 1311 28.8
29 1312 28.8
29 1313 28.8
29 1314 28.8
29 1315 28.8
29 1316 28.8
29 1317 28.8
29 1318 28.8
29 1319 28.8
29 1320 28.8
29 1321 28.8
29 1322 28.8
29 1323 28.8
29 1324 28.8
29 1325 28.8
29 1326 28.8
29 1327 28.8
29 1328 28.8
29 1329 28.8
29 1330 28.8
29 1331 28.8
29 1332 28.8
29 1333 28.8
29 1334 28.8
29 1335 28.8
30 1336 28.8
30 1337 28.8
30 1338 28.8
30 1339 28.8
30 1340 28.8
30 1341 28.8
30 1342 28.8
30 1343 28.8
30 1344 28.8
30 1345 28.8
30 1346 28.8
30 1347 28.8
30 1348 28.8
30 1349 28.8
30 1350 28.8
30 1351 28.8
30 1352 28.5
30 1353 28.5
30 1354 28.5
30 1355 28.5
30 1356 28.5
30 1357 28.5
30 1358 28.5
30 1359 28.5
30 1360 28.5
30 1361 28.5
30 1362 28.5
30 1363 28.5
30 1364 28.5
30 1365 28.5
30 1366 28.5
30 1367 28.5
30 1368 28.4
30 1369 28.4
30 1370 28.4
30 1371 28.4
30 1372 28.4
30 1373 28.4
30 1374 28.4
30 1375 28.4
30 1376 28.4
30 1377 28.4
30 1378 28.4
30 1379 28.4
30 1380 28.4
30 1381 28.4
30 1382 28.4
30 1383 28.4
31 1384 28.4
31 1385 28.4
31 1386 28.4
31 1387 28.4
31 1388 28.4
31 1389 28.4
31 1390 28.4
31 1391 28.4
31 1392 28.4
31 1393 28.4
31 1394 28.4
31 1395 28.4
31 1396 28.4
31 1397 28.4
31 1398 28.4
31 1399 28.4
31 1400 28.4
31 1401 28.4
31 1402 28.4
31 1403 28.4
31 1404 28.4
31 1405 28.4
31 1406 28.4
31 1407 28.4
31 1408 28.4
31 1409 28.4
31 1410 28.4
31 1411 28.4
31 1412 28.4
31 1413 28.4
31 1414 28.4
31 1415 28.4
31 1416 28.4
31 1417 28.4
31 1418 28.4
31 1419 28.4
31 1420 28.4
31 1421 28.4
31 1422 28.4
31 1423 28.4
31 1424 28.4
31 1425 28.4
31 1426 28.4
32 1427 28.4
32 1428 28.4
32 1429 28.4
32 1430 28.4
32 1431 28.4
32 1432 28.4
32 1433 28.4
32 1434 28.4
32 1435 28.4
32 1436 28.4
32 1437 28.4
32 1438 28.4
32 1439 28.4
32 1440 28.4
32 1441 28.4
32 1442 28.4
32 1443 28.4
32 1444 28.4
32 1445 28.4
32 1446 28.4
32 1447 28.4
32 1448 28.4
32 1449 28.4
32 1450 28.4
32 1451 28.4
32 1452 28.4
32 1453 28.4
32 1454 28.4
32 1455 28.4
32 1456 28.4
32 1457 28.4
32 1458 28.4
32 1459 28.4
32 1460 28.4
32 1461 28.4
32 1462 28.4
32 1463 28.4
32 1464 28.4
32 1465 28.4
32 1466 28.4
32 1467 28.4
32 1468 28.4
32 1469 28.4
32 1470 28.4
32 1471 28.4
32 1472 28.4
32 1473 28.4
32 1474 28.4
33 1475 28.4
33 1476 28.4
33 1477 28.4
33 1478 28.4
33 1479 28.4
33 1480 28.4
33 1481 28.4
33 1482 28.4
33 1483 28.4
33 1484 28.4
33 1485 28.4
33 1486 28.4
33 1487 28.4
33 1488 28.4
33 1489 28.4
33 1490 28.4
33 1491 28.4
33 1492 28.4
33 1493 28.4
33 1494 28.4
33 1495 28.4
33 1496 28.4
33 1497 28.4
33 1498 28.4
33 1499 28.4
33 1500 28.4
33 1501 28.4
33 1502 28.4
33 1503 28.4
33 1504 28.4
33 1505 28.4
33 1506 28.4
33 1507 28.4
33 1508 28.4
33 1509 28.4
33 1510 28.4
33 1511 28.4
33 1512 28.4
33 1513 28.4
33 1514 28.4
33 1515 28.4
33 1516 28.4
33 1517 28.4
33 1518 28.4
33 1519 28.4
33 1520 28.4
33 1521 28.4
34 1522 28.4
34 1523 28.4
34 1524 28.4
34 1525 28.4
34 1526 28.4
34 1527 28.4
34 1528 28.4
34 1529 28.4
34 1530 28.4
34 1531 28.4
34 1532 28.4
34 1533 28.4
34 1534 28.4
34 1535 28.4
34 1536 28.4
34 1537 28.4
34 1538 28.4
34 1539 28.4
34 1540 28.4
34 1541 28.4
34 1542 28.4
34 1543 28.4
34 1544 28.4
34 1545 28.4
34 1546 28.4
34 1547 28.4
34 1548 28.0
34 1549 28.0
34 1550 28.0
34 1551 28.0
34 1552 28.0
34 1553 27.6
34 1554 27.6
34 1555 27.5
34 1556 27.5
34 1557 27.5
34 1558 27.5
34 1559 27.3
34 1560 27.3
34 1561 27.3
34 1562 27.3
34 1563 27.3
34 1564 27.3
34 1565 27.3
34 1566 27.3
34 1567 27.3
34 1568 27.3
34 1569 27.3
34 1570 27.3
34 1571 27.3
34 1572 27.3
34 1573 27.3
34 1574 27.3
34 1575 27.3
35 1576 27.3
35 1577 27.3
35 1578 27.3
35 1579 27.3
35 1580 27.2
35 1581 27.2
35 1582 27.2
35 1583 27.2
35 1584 27.2
35 1585 27.2
35 1586 26.9
35 1587 26.9
35 1588 26.8
35 1589 26.8
35 1590 26.6
35 1591 26.6
35 1592 26.6
35 1593 26.6
35 1594 26.6
35 1595 26.6
35 1596 26.5
35 1597 26.5
35 1598 26.5
35 1599 26.5
35 1600 26.4
35 1601 26.4
35 1602 26.4
35 1603 26.4
35 1604 26.4
35 1605 26.4
35 1606 26.4
35 1607 26.4
35 1608 26.4
35 1609 26.4
35 1610 26.0
35 1611 26.0
35 1612 26.0
35 1613 26.0
35 1614 26.0
35 1615 26.0
35 1616 26.0
35 1617 26.0
35 1618 26.0
35 1619 26.0
35 1620 26.0
35 1621 26.0
35 1622 26.0
35 1623 26.0
35 1624 26.0
36 1625 26.0
36 1626 26.0
36 1627 26.0
36 1628 26.0
36 1629 26.0
36 1630 26.0
36 1631 26.0
36 1632 26.0
36 1633 26.0
36 1634 26.0
36 1635 26.0
36 1636 26.0
36 1637 26.0
36 1638 26.0
36 1639 26.0
36 1640 26.0
36 1641 26.0
36 1642 26.0
36 1643 26.0
36 1644 26.0
36 1645 26.0
36 1646 26.0
36 1647 25.7
36 1648 25.7
36 1649 25.7
36 1650 25.7
36 1651 25.7
36 1652 25.7
36 1653 25.7
36 1654 25.7
36 1655 25.7
36 1656 25.7
36 1657 25.7
36 1658 25.7
36 1659 25.7
36 1660 25.7
36 1661 25.7
36 1662 25.7
36 1663 25.7
36 1664 25.7
36 1665 25.7
36 1666 25.7
36 1667 25.7
36 1668 25.7
37 1669 25.7
37 1670 25.7
37 1671 25.7
37 1672 25.7
37 1673 25.7
37 1674 25.7
37 1675 25.7
37 1676 25.7
37 1677 25.7
37 1678 25.7
37 1679 25.7
37 1680 25.7
37 1681 25.7
37 1682 25.7
37 1683 25.7
37 1684 25.7
37 1685 25.7
37 1686 25.7
37 1687 25.7
37 1688 25.7
37 1689 25.7
37 1690 25.7
37 1691 25.7
37 1692 25.7
37 1693 25.7
37 1694 25.7
37 1695 25.7
37 1696 25.7
37 1697 25.7
37 1698 25.7
37 1699 25.7
37 1700 25.7
37 1701 25.7
37 1702 25.7
37 1703 25.7
37 1704 25.7
37 1705 25.7
37 1706 25.7
37 1707 25.7
37 1708 25.7
37 1709 25.7
37 1710 25.7
37 1711 25.7
37 1712 25.7
37 1713 25.7
37 1714 25.7
37 1715 25.7
38 1716 25.7
38 1717 25.7
38 1718 25.7
38 1719 25.7
38 1720 25.7
38 1721 25.7
38 1722 25.7
38 1723 25.7
38 1724 25.7
38 1725 25.7
38 1726 25.7
38 1727 25.7
38 1728 25.7
38 1729 25.7
38 1730 25.7
38 1731 25.7
38 1732 25.7
38 1733 25.7
38 1734 25.7
38 1735 25.7
38 1736 25.7
38 1737 25.7
38 1738 25.7
38 1739 25.7
38 1740 25.7
38 1741 25.7
38 1742 25.7
38 1743 25.7
38 1744 25.7
38 1745 25.7
38 1746 25.7
38 1747 25.7
38 1748 25.7
38 1749 25.7
38 1750 25.7
38 1751 25.7
38 1752 25.7
38 1753 25.7
38 1754 25.7
38 1755 25.7
38 1756 25.7
38 1757 25.7
38 1758 25.7
38 1759 25.7
38 1760 25.7
39 1761 25.7
39 1762 25.7
39 1763 25.7
39 1764 25.7
39 1765 25.7
39 1766 25.7
39 1767 25.7
39 1768 25.7
39 1769 25.7
39 1770 25.7
39 1771 25.7
39 1772 25.7
39 1773 25.7
39 1774 25.7
39 1775 25.7
39 1776 25.7
39 1777 25.7
39 1778 25.7
39 1779 25.7
39 1780 25.7
39 1781 25.7
39 1782 25.7
39 1783 25.7
39 1784 25.7
39 1785 25.7
39 1786 25.7
39 1787 25.7
39 1788 25.7
39 1789 25.7
39 1790 25.7
39 1791 25.7
39 1792 25.7
39 1793 25.7
39 1794 25.7
39 1795 25.7
39 1796 25.7
39 1797 25.7
39 1798 25.7
39 1799 25.7
39 1800 25.7
39 1801 25.7
39 1802 25.7
39 1803 25.7
39 1804 25.7
39 1805 25.7
39 1806 25.7
39 1807 25.7
39 1808 25.7
39 1809 25.7
40 1810 25.7
40 1811 25.7
40 1812 25.7
40 1813 25.7
40 1814 25.7
40 1815 25.7
40 1816 25.7
40 1817 25.7
40 1818 25.7
40 1819 25.7
40 1820 25.7
40 1821 25.7
40 1822 25.6
40 1823 25.6
40 1824 25.6
40 1825 25.6
40 1826 25.6
40 1827 25.6
40 1828 25.6
40 1829 25.6
40 1830 25.6
40 1831 25.6
40 1832 25.6
40 1833 25.6
40 1834 25.6
40 1835 25.6
40 1836 25.6
40 1837 25.6
40 1838 25.6
40 1839 25.6
40 1840 25.6
40 1841 25.6
40 1842 25.6
40 1843 25.6
40 1844 25.6
40 1845 25.6
40 1846 25.6
40 1847 25.6
40 1848 25.6
40 1849 25.6
40 1850 25.6
40 1851 25.6
40 1852 25.6
40 1853 25.6
40 1854 25.6
40 1855 25.6
40 1856 25.6
40 1857 25.6
40 1858 25.6
40 1859 25.6
40 1860 25.6
41 1861 25.6
41 1862 25.6
41 1863 25.6
41 1864 25.6
41 1865 25.6
41 1866 25.6
41 1867 25.6
41 1868 25.6
41 1869 25.6
41 1870 25.6
41 1871 25.6
41 1872 25.6
41 1873 25.6
41 1874 25.6
41 1875 25.6
41 1876 25.6
41 1877 25.6
41 1878 25.6
41 1879 25.6
41 1880 25.6
41 1881 25.6
41 1882 25.6
41 1883 25.6
41 1884 25.6
41 1885 25.6
41 1886 25.6
41 1887 25.6
41 1888 25.6
41 1889 25.6
41 1890 25.6
41 1891 25.6
41 1892 25.6
41 1893 25.6
41 1894 25.6
41 1895 25.6
41 1896 25.6
41 1897 25.6
41 1898 25.6
41 1899 25.6
41 1900 25.6
41 1901 25.6
41 1902 25.6
41 1903 25.6
41 1904 25.6
41 1905 25.6
41 1906 25.6
41 1907 25.6
41 1908 25.6
42 1909 25.6
42 1910 25.6
42 1911 25.6
42 1912 25.6
42 1913 25.6
42 1914 25.6
42 1915 25.6
42 1916 25.6
42 1917 25.6
42 1918 25.6
42 1919 25.6
42 1920 25.6
42 1921 25.6
42 1922 25.6
42 1923 25.6
42 1924 25.6
42 1925 25.6
42 1926 25.6
42 1927 25.6
42 1928 25.6
42 1929 25.6
42 1930 25.6
42 1931 25.6
42 1932 25.6
42 1933 25.6
42 1934 25.6
42 1935 25.6
42 1936 25.6
42 1937 25.6
42 1938 25.6
42 1939 25.6
42 1940 25.6
42 1941 25.6
42 1942 25.6
42 1943 25.6
42 1944 25.6
42 1945 25.6
42 1946 25.6
42 1947 25.6
42 1948 25.6
42 1949 25.6
42 1950 25.6
42 1951 25.6
42 1952 25.6
42 1953 25.6
42 1954 25.6
42 1955 25.6
42 1956 25.6
42 1957 25.6
42 1958 25.6
43 1959 25.6
43 1960 25.6
43 1961 25.6
43 1962 25.6
43 1963 25.6
43 1964 25.6
43 1965 25.6
43 1966 25.6
43 1967 25.6
43 1968 25.6
43 1969 25.6
43 1970 25.6
43 1971 25.6
43 1972 25.6
43 1973 25.6
43 1974 25.6
43 1975 25.6
43 1976 25.6
43 1977 25.6
43 1978 25.6
43 1979 25.6
43 1980 25.6
43 1981 25.6
43 1982 25.6
43 1983 25.6
43 1984 25.6
43 1985 25.6
43 1986 25.6
43 1987 25.6
43 1988 25.6
43 1989 25.6
43 1990 25.6
43 1991 25.6
43 1992 25.6
43 1993 25.6
43 1994 25.6
43 1995 25.6
43 1996 25.6
43 1997 25.6
43 1998 25.6
43 1999 25.6
43 2000 25.6
43 2001 25.6
43 2002 25.6
43 2003 25.6
43 2004 25.6
43 2005 25.6
43 2006 25.6
43 2007 25.6
43 2008 25.6
43 2009 25.6
44 2010 25.6
44 2011 25.6
44 2012 25.6
44 2013 25.6
44 2014 25.6
44 2015 25.6
44 2016 25.6
44 2017 25.6
44 2018 25.6
44 2019 25.6
44 2020 25.6
44 2021 25.6
44 2022 25.6
44 2023 25.6
44 2024 25.6
44 2025 25.6
44 2026 25.6
44 2027 25.6
44 2028 25.6
44 2029 25.6
44 2030 25.6
44 2031 25.6
44 2032 25.6
44 2033 25.6
44 2034 25.6
44 2035 25.6
44 2036 25.6
44 2037 25.6
44 2038 25.6
44 2039 25.6
44 2040 25.6
44 2041 25.6
44 2042 25.6
44 2043 25.6
44 2044 25.6
44 2045 25.6
44 2046 25.6
44 2047 25.6
44 2048 25.6
44 2049 25.6
44 2050 25.6
44 2051 25.6
44 2052 25.6
44 2053 25.6
44 2054 25.6
44 2055 25.6
44 2056 25.6
44 2057 25.6
44 2058 25.6
44 2059 25.6
45 2060 25.6
45 2061 25.6
45 2062 25.6
45 2063 25.6
45 2064 25.6
45 2065 25.6
45 2066 25.6
45 2067 25.6
45 2068 25.6
45 2069 25.6
45 2070 25.6
45 2071 25.6
45 2072 25.6
45 2073 25.6
45 2074 25.6
45 2075 25.6
45 2076 25.6
45 2077 25.6
45 2078 25.6
45 2079 25.6
45 2080 25.6
45 2081 25.6
45 2082 25.6
45 2083 25.6
45 2084 25.6
45 2085 25.6
45 2086 25.6
45 2087 25.6
45 2088 25.6
45 2089 25.6
45 2090 25.6
45 2091 25.6
45 2092 25.6
45 2093 25.6
45 2094 25.6
45 2095 25.6
45 2096 25.6
45 2097 25.6
45 2098 25.6
45 2099 24.0
45 2100 24.0
45 2101 24.0
45 2102 24.0
45 2103 24.0
45 2104 24.0
46 2105 24.0
46 2106 24.0
46 2107 24.0
46 2108 24.0
46 2109 24.0
46 2110 24.0
46 2111 24.0
46 2112 24.0
46 2113 24.0
46 2114 24.0
46 2115 24.0
46 2116 24.0
46 2117 24.0
46 2118 24.0
46 2119 24.0
46 2120 24.0
46 2121 24.0
46 2122 24.0
46 2123 24.0
46 2124 24.0
46 2125 24.0
46 2126 24.0
46 2127 24.0
46 2128 24.0
46 2129 24.0
46 2130 24.0
46 2131 24.0
46 2132 24.0
46 2133 24.0
46 2134 24.0
46 2135 24.0
46 2136 24.0
46 2137 24.0
46 2138 24.0
46 2139 24.0
46 2140 24.0
46 2141 24.0
46 2142 24.0
46 2143 24.0
46 2144 23.6
46 2145 23.6
46 2146 23.6
46 2147 23.6
46 2148 23.6
46 2149 23.6
46 2150 23.6
46 2151 22.1
46 2152 22.1
46 2153 22.1
46 2154 22.1
46 2155 22.1
46 2156 22.1
47 2157 22.0
47 2158 22.0
47 2159 22.0
47 2160 22.0
47 2161 22.0
47 2162 22.0
47 2163 22.0
47 2164 22.0
47 2165 22.0
47 2166 22.0
47 2167 22.0
47 2168 22.0
47 2169 22.0
47 2170 22.0
47 2171 22.0
47 2172 22.0
47 2173 22.0
47 2174 22.0
47 2175 22.0
47 2176 22.0
47 2177 22.0
47 2178 22.0
47 2179 22.0
47 2180 22.0
47 2181 22.0
47 2182 22.0
47 2183 22.0
47 2184 22.0
47 2185 22.0
47 2186 22.0
47 2187 22.0
47 2188 22.0
47 2189 22.0
47 2190 22.0
47 2191 22.0
47 2192 22.0
47 2193 22.0
47 2194 22.0
47 2195 22.0
47 2196 22.0
47 2197 22.0
47 2198 22.0
47 2199 22.0
47 2200 22.0
47 2201 22.0
47 2202 22.0
47 2203 22.0
48 2204 22.0
48 2205 22.0
48 2206 22.0
48 2207 22.0
48 2208 22.0
48 2209 22.0
48 2210 22.0
48 2211 22.0
48 2212 22.0
48 2213 22.0
48 2214 22.0
48 2215 22.0
48 2216 22.0
48 2217 22.0
48 2218 22.0
48 2219 22.0
48 2220 22.0
48 2221 22.0
48 2222 22.0
48 2223 22.0
48 2224 22.0
48 2225 22.0
48 2226 22.0
48 2227 22.0
48 2228 22.0
48 2229 22.0
48 2230 22.0
48 2231 22.0
48 2232 22.0
48 2233 22.0
48 2234 22.0
48 2235 22.0
48 2236 22.0
48 2237 21.3
48 2238 21.3
48 2239 21.3
48 2240 21.3
48 2241 21.2
48 2242 21.2
48 2243 21.2
48 2244 21.2
48 2245 20.9
48 2246 20.9
48 2247 20.9
48 2248 20.9
48 2249 20.9
48 2250 20.9
48 2251 20.9
48 2252 20.9
49 2253 20.9
49 2254 20.9
49 2255 20.9
49 2256 20.8
49 2257 20.8
49 2258 20.8
49 2259 20.8
49 2260 20.8
49 2261 20.8
49 2262 20.8
49 2263 19.6
49 2264 19.6
49 2265 19.6
49 2266 19.6
49 2267 19.6
49 2268 19.6
49 2269 19.6
49 2270 19.2
49 2271 19.2
49 2272 19.2
49 2273 19.2
49 2274 19.2
49 2275 19.2
49 2276 19.2
49 2277 19.2
49 2278 19.2
49 2279 19.2
49 2280 19.2
49 2281 19.2
49 2282 19.2
49 2283 19.2
49 2284 19.2
49 2285 19.2
49 2286 19.2
49 2287 19.2
49 2288 19.2
49 2289 19.2
49 2290 19.2
49 2291 19.2
49 2292 19.2
49 2293 19.2
49 2294 19.2
49 2295 19.2
49 2296 19.2
49 2297 19.2
49 2298 19.2
49 2299 19.2
50 2300 19.2
50 2301 19.2
50 2302 19.2
50 2303 19.2
50 2304 19.2
50 2305 19.2
50 2306 19.2
50 2307 19.2
50 2308 19.2
50 2309 19.2
50 2310 19.0
50 2311 19.0
50 2312 19.0
50 2313 19.0
50 2314 18.8
50 2315 18.8
50 2316 18.7
50 2317 18.7
50 2318 18.7
50 2319 18.7
50 2320 18.7
50 2321 18.7
50 2322 18.7
50 2323 18.6
50 2324 18.4
50 2325 18.4
50 2326 18.4
50 2327 18.4
50 2328 18.4
50 2329 18.4
50 2330 18.4
50 2331 18.4
50 2332 18.4
50 2333 18.4
50 2334 18.4
50 2335 18.4
50 2336 18.4
50 2337 18.4
50 2338 18.4
50 2339 18.4
50 2340 18.4
50 2341 18.4
50 2342 18.4
50 2343 18.4
50 2344 18.4
50 2345 18.4
50 2346 18.4
50 2347 18.4
50 2348 18.4
50 2349 18.4
50 2350 18.4
50 2351 18.4
50 2352 18.4
51 2353 18.4
51 2354 18.4
51 2355 18.4
51 2356 18.4
51 2357 18.4
51 2358 18.1
51 2359 18.1
51 2360 18.1
51 2361 18.0
51 2362 18.0
51 2363 18.0
51 2364 18.0
51 2365 18.0
51 2366 18.0
51 2367 18.0
51 2368 18.0
51 2369 18.0
51 2370 18.0
51 2371 18.0
51 2372 18.0
51 2373 18.0
51 2374 18.0
51 2375 18.0
51 2376 18.0
51 2377 18.0
51 2378 18.0
51 2379 18.0
51 2380 18.0
51 2381 18.0
51 2382 18.0
51 2383 18.0
51 2384 18.0
51 2385 18.0
51 2386 18.0
51 2387 18.0
51 2388 18.0
51 2389 18.0
51 2390 18.0
51 2391 18.0
51 2392 18.0
51 2393 18.0
51 2394 18.0
51 2395 18.0
52 2396 18.0
52 2397 18.0
52 2398 18.0
52 2399 18.0
52 2400 18.0
52 2401 18.0
52 2402 18.0
52 2403 18.0
52 2404 18.0
52 2405 18.0
52 2406 18.0
52 2407 18.0
52 2408 18.0
52 2409 18.0
52 2410 18.0
52 2411 18.0
52 2412 18.0
52 2413 18.0
52 2414 18.0
52 2415 18.0
52 2416 18.0
52 2417 18.0
52 2418 18.0
52 2419 18.0
52 2420 18.0
52 2421 18.0
52 2422 18.0
52 2423 18.0
52 2424 18.0
52 2425 18.0
52 2426 18.0
52 2427 18.0
52 2428 18.0
52 2429 18.0
52 2430 18.0
52 2431 18.0
52 2432 18.0
52 2433 18.0
52 2434 18.0
52 2435 18.0
52 2436 18.0
52 2437 18.0
52 2438 18.0
52 2439 18.0
52 2440 18.0
52 2441 18.0
52 2442 18.0
53 2443 18.0
53 2444 18.0
53 2445 18.0
53 2446 18.0
53 2447 18.0
53 2448 18.0
53 2449 18.0
53 2450 18.0
53 2451 18.0
53 2452 18.0
53 2453 18.0
53 2454 18.0
53 2455 18.0
53 2456 18.0
53 2457 18.0
53 2458 18.0
53 2459 18.0
53 2460 18.0
53 2461 18.0
53 2462 18.0
53 2463 18.0
53 2464 18.0
53 2465 18.0
53 2466 18.0
53 2467 18.0
53 2468 18.0
53 2469 18.0
53 2470 18.0
53 2471 18.0
53 2472 18.0
53 2473 18.0
53 2474 18.0
53 2475 18.0
53 2476 18.0
53 2477 18.0
53 2478 18.0
53 2479 18.0
53 2480 18.0
53 2481 18.0
53 2482 18.0
53 2483 18.0
53 2484 18.0
53 2485 18.0
53 2486 18.0
53 2487 18.0
53 2488 18.0
53 2489 18.0
54 2490 18.0
54 2491 18.0
54 2492 18.0
54 2493 18.0
54 2494 18.0
54 2495 18.0
54 2496 18.0
54 2497 18.0
54 2498 18.0
54 2499 18.0
54 2500 18.0
54 2501 18.0
54 2502 18.0
54 2503 18.0
54 2504 18.0
54 2505 18.0
54 2506 18.0
54 2507 18.0
54 2508 18.0
54 2509 18.0
54 2510 18.0
54 2511 18.0
54 2512 18.0
54 2513 18.0
54 2514 18.0
54 2515 18.0
54 2516 18.0
54 2517 18.0
54 2518 18.0
54 2519 18.0
54 2520 18.0
54 2521 18.0
54 2522 18.0
54 2523 18.0
54 2524 18.0
54 2525 18.0
54 2526 18.0
54 2527 18.0
54 2528 18.0
54 2529 18.0
54 2530 18.0
54 2531 18.0
54 2532 18.0
54 2533 18.0
54 2534 18.0
54 2535 18.0
54 2536 18.0
54 2537 18.0
54 2538 18.0
55 2539 18.0
55 2540 18.0
55 2541 18.0
55 2542 18.0
55 2543 18.0
55 2544 18.0
55 2545 18.0
55 2546 18.0
55 2547 18.0
55 2548 18.0
55 2549 18.0
55 2550 18.0
55 2551 18.0
55 2552 18.0
55 2553 18.0
55 2554 18.0
55 2555 18.0
55 2556 18.0
55 2557 18.0
55 2558 18.0
55 2559 18.0
55 2560 18.0
55 2561 18.0
55 2562 18.0
55 2563 18.0
55 2564 18.0
55 2565 18.0
55 2566 18.0
55 2567 18.0
55 2568 18.0
55 2569 18.0
55 2570 18.0
55 2571 18.0
55 2572 18.0
55 2573 18.0
55 2574 18.0
55 2575 18.0
55 2576 18.0
55 2577 18.0
55 2578 18.0
55 2579 18.0
55 2580 18.0
55 2581 18.0
55 2582 18.0
55 2583 18.0
55 2584 18.0
55 2585 18.0
55 2586 18.0
55 2587 18.0
55 2588 18.0
55 2589 18.0
55 2590 18.0
56 2591 18.0
56 2592 18.0
56 2593 18.0
56 2594 18.0
56 2595 18.0
56 2596 18.0
56 2597 18.0
56 2598 18.0
56 2599 18.0
56 2600 18.0
56 2601 18.0
56 2602 18.0
56 2603 18.0
56 2604 18.0
56 2605 18.0
56 2606 18.0
56 2607 18.0
56 2608 18.0
56 2609 18.0
56 2610 18.0
56 2611 18.0
56 2612 18.0
56 2613 18.0
56 2614 18.0
56 2615 18.0
56 2616 18.0
56 2617 18.0
56 2618 18.0
56 2619 18.0
56 2620 18.0
56 2621 18.0
56 2622 18.0
56 2623 18.0
56 2624 18.0
56 2625 18.0
56 2626 18.0
56 2627 18.0
56 2628 18.0
56 2629 18.0
56 2630 18.0
56 2631 18.0
56 2632 18.0
56 2633 18.0
56 2634 18.0
56 2635 18.0
56 2636 18.0
56 2637 18.0
56 2638 18.0
56 2639 18.0
56 2640 18.0
57 2641 18.0
57 2642 18.0
57 2643 18.0
57 2644 18.0
57 2645 18.0
57 2646 18.0
57 2647 18.0
57 2648 18.0
57 2649 18.0
57 2650 18.0
57 2651 18.0
57 2652 18.0
57 2653 18.0
57 2654 18.0
57 2655 18.0
57 2656 18.0
57 2657 18.0
57 2658 18.0
57 2659 18.0
57 2660 18.0
57 2661 18.0
57 2662 18.0
57 2663 18.0
57 2664 18.0
57 2665 18.0
57 2666 18.0
57 2667 18.0
57 2668 18.0
57 2669 17.8
57 2670 17.8
57 2671 17.8
57 2672 17.8
57 2673 17.8
57 2674 17.7
57 2675 17.7
57 2676 17.3
57 2677 17.3
57 2678 17.3
57 2679 17.3
57 2680 17.3
57 2681 17.3
57 2682 17.3
57 2683 17.3
57 2684 17.3
58 2685 17.3
58 2686 17.3
58 2687 17.3
58 2688 17.3
58 2689 17.3
58 2690 17.3
58 2691 17.0
58 2692 17.0
58 2693 17.0
58 2694 17.0
58 2695 17.0
58 2696 17.0
58 2697 17.0
58 2698 17.0
58 2699 17.0
58 2700 17.0
58 2701 17.0
58 2702 17.0
58 2703 17.0
58 2704 17.0
58 2705 17.0
58 2706 17.0
58 2707 17.0
58 2708 17.0
58 2709 17.0
58 2710 17.0
58 2711 17.0
58 2712 17.0
58 2713 17.0
58 2714 17.0
58 2715 17.0
58 2716 17.0
58 2717 17.0
58 2718 17.0
58 2719 17.0
58 2720 17.0
58 2721 17.0
58 2722 17.0
58 2723 17.0
58 2724 17.0
58 2725 17.0
58 2726 17.0
58 2727 17.0
58 2728 17.0
58 2729 17.0
58 2730 17.0
59 2731 17.0
59 2732 17.0
59 2733 17.0
59 2734 17.0
59 2735 17.0
59 2736 17.0
59 2737 16.9
59 2738 16.9
59 2739 16.9
59 2740 16.9
59 2741 16.9
59 2742 16.8
59 2743 16.8
59 2744 16.8
59 2745 16.8
59 2746 16.8
59 2747 16.8
59 2748 16.8
59 2749 16.8
59 2750 16.8
59 2751 16.8
59 2752 16.8
59 2753 16.8
59 2754 16.8
59 2755 16.8
59 2756 16.8
59 2757 16.8
59 2758 16.8
59 2759 16.8
59 2760 16.8
59 2761 16.8
59 2762 16.8
59 2763 16.8
59 2764 16.8
59 2765 16.8
59 2766 16.8
59 2767 16.8
59 2768 16.8
59 2769 16.8
59 2770 16.8
59 2771 16.8
59 2772 16.8
59 2773 16.8
59 2774 16.8
59 2775 16.8
60 2776 16.8
60 2777 16.8
60 2778 16.8
60 2779 16.8
60 2780 16.8
60 2781 16.8
60 2782 16.8
60 2783 16.8
60 2784 16.8
60 2785 16.8
60 2786 16.8
60 2787 16.8
60 2788 16.8
60 2789 16.8
60 2790 16.8
60 2791 16.8
60 2792 16.8
60 2793 16.8
60 2794 16.8
60 2795 16.8
60 2796 16.8
60 2797 16.8
60 2798 16.8
60 2799 16.8
60 2800 16.8
60 2801 16.8
60 2802 16.8
60 2803 16.8
60 2804 16.8
60 2805 16.8
60 2806 16.8
60 2807 16.8
60 2808 16.8
60 2809 16.8
60 2810 16.8
60 2811 16.8
60 2812 16.8
60 2813 16.8
61 2814 16.8
61 2815 16.8
61 2816 16.8
61 2817 16.8
61 2818 16.8
61 2819 16.8
61 2820 16.8
61 2821 16.8
61 2822 16.8
61 2823 16.8
61 2824 16.8
61 2825 16.8
61 2826 16.8
61 2827 16.8
61 2828 16.8
61 2829 16.8
61 2830 16.8
61 2831 16.8
61 2832 16.8
61 2833 16.8
61 2834 16.8
61 2835 16.8
61 2836 16.8
61 2837 16.8
61 2838 16.8
61 2839 16.8
61 2840 16.8
61 2841 16.8
61 2842 16.8
61 2843 16.8
61 2844 16.8
61 2845 16.8
61 2846 16.8
61 2847 16.8
61 2848 16.8
61 2849 16.8
61 2850 16.8
61 2851 16.8
61 2852 16.8
61 2853 16.8
61 2854 16.8
61 2855 16.8
61 2856 16.8
62 2857 16.8
62 2858 16.8
62 2859 16.8
62 2860 16.8
62 2861 16.8
62 2862 16.8
62 2863 16.8
62 2864 16.8
62 2865 16.8
62 2866 16.8
62 2867 16.8
62 2868 16.8
62 2869 16.8
62 2870 16.8
62 2871 16.8
62 2872 16.8
62 2873 16.8
62 2874 16.8
62 2875 16.8
62 2876 16.8
62 2877 16.8
62 2878 16.8
62 2879 16.8
62 2880 16.8
62 2881 16.8
62 2882 16.8
62 2883 16.8
62 2884 16.8
62 2885 16.8
62 2886 16.8
62 2887 16.8
63 2888 16.8
63 2889 16.8
63 2890 16.8
63 2891 16.8
63 2892 16.8
63 2893 16.8
63 2894 16.8
63 2895 16.8
63 2896 16.8
63 2897 16.8
63 2898 16.8
63 2899 16.8
63 2900 16.8
63 2901 16.8
63 2902 16.8
63 2903 16.8
63 2904 16.8
63 2905 16.8
63 2906 16.8
63 2907 16.8
63 2908 16.8
63 2909 16.8
63 2910 16.8
63 2911 16.8
63 2912 16.8
63 2913 16.8
63 2914 16.8
63 2915 16.8
63 2916 16.8
63 2917 16.8
63 2918 16.8
63 2919 16.8
63 2920 16.8
64 2921 16.8
64 2922 16.8
64 2923 16.8
64 2924 16.8
64 2925 16.8
64 2926 16.8
64 2927 16.8
64 2928 16.8
64 2929 16.8
64 2930 16.8
64 2931 16.8
64 2932 16.8
64 2933 16.8
64 2934 16.8
64 2935 16.8
64 2936 16.8
64 2937 16.8
64 2938 16.8
64 2939 16.8
64 2940 16.8
64 2941 16.8
64 2942 16.8
64 2943 16.8
64 2944 16.8
64 2945 16.8
64 2946 16.8
64 2947 16.8
64 2948 16.8
64 2949 16.8
64 2950 16.8
64 2951 16.8
64 2952 16.8
64 2953 16.8
65 2954 16.8
65 2955 16.8
65 2956 16.8
65 2957 16.8
65 2958 16.8
65 2959 16.8
65 2960 16.8
65 2961 16.8
65 2962 16.8
65 2963 16.8
65 2964 16.8
65 2965 16.8
65 2966 16.8
65 2967 16.8
65 2968 16.8
65 2969 16.8
65 2970 16.8
65 2971 16.8
65 2972 16.8
65 2973 16.8
65 2974 16.8
65 2975 16.8
65 2976 16.8
65 2977 16.8
65 2978 16.8
65 2979 16.8
65 2980 16.8
65 2981 16.8
65 2982 16.8
65 2983 16.8
65 2984 16.8
65 2985 16.8
65 2986 16.8
65 2987 16.8
65 2988 16.8
65 2989 16.8
66 2990 16.8
66 2991 16.8
66 2992 16.8
66 2993 16.8
66 2994 16.8
66 2995 16.8
66 2996 16.8
66 2997 16.8
66 2998 16.8
66 2999 16.8
66 3000 16.8
66 3001 16.8
66 3002 16.8
66 3003 16.8
66 3004 16.8
66 3005 16.8
66 3006 16.8
66 3007 16.8
66 3008 16.8
66 3009 16.8
66 3010 16.8
66 3011 16.8
66 3012 16.8
66 3013 16.8
66 3014 16.8
66 3015 16.8
66 3016 16.8
66 3017 16.8
66 3018 16.8
66 3019 16.8
66 3020 16.8
66 3021 16.8
66 3022 16.8
66 3023 16.8
66 3024 16.8
66 3025 16.8
66 3026 16.8
66 3027 16.8
66 3028 16.8
66 3029 16.8
67 3030 16.8
67 3031 16.8
67 3032 16.8
67 3033 16.8
67 3034 16.8
67 3035 16.8
67 3036 16.8
67 3037 16.8
67 3038 16.8
67 3039 16.8
67 3040 16.8
67 3041 16.8
67 3042 16.8
67 3043 16.8
67 3044 16.8
67 3045 16.8
67 3046 16.8
67 3047 16.8
67 3048 16.8
67 3049 16.8
67 3050 16.8
67 3051 16.8
67 3052 16.8
67 3053 16.8
67 3054 16.8
67 3055 16.8
67 3056 16.8
67 3057 16.8
67 3058 16.8
67 3059 16.8
67 3060 16.8
67 3061 16.8
67 3062 16.8
67 3063 16.8
67 3064 16.8
67 3065 16.8
67 3066 16.8
67 3067 16.8
67 3068 16.8
67 3069 16.8
67 3070 16.8
67 3071 16.8
67 3072 16.8
68 3073 16.8
68 3074 16.8
68 3075 16.8
68 3076 16.8
68 3077 16.8
68 3078 16.8
68 3079 16.8
68 3080 16.8
68 3081 16.8
68 3082 16.8
68 3083 16.8
68 3084 16.8
68 3085 16.8
68 3086 16.8
68 3087 16.8
68 3088 16.8
68 3089 16.8
68 3090 16.8
68 3091 16.8
68 3092 16.8
68 3093 16.8
68 3094 16.8
68 3095 16.8
68 3096 16.8
68 3097 16.8
68 3098 16.8
68 3099 16.8
68 3100 16.8
68 3101 16.8
68 3102 16.8
68 3103 16.8
68 3104 16.8
68 3105 16.8
68 3106 16.8
68 3107 16.8
68 3108 16.8
68 3109 16.8
68 3110 16.8
68 3111 16.8
68 3112 16.8
68 3113 16.8
68 3114 16.8
68 3115 16.8
68 3116 16.8
68 3117 16.8
68 3118 16.8
69 3119 16.8
69 3120 16.8
69 3121 16.8
69 3122 16.8
69 3123 16.8
69 3124 16.8
69 3125 16.8
69 3126 16.8
69 3127 16.8
69 3128 16.8
69 3129 16.8
69 3130 16.8
69 3131 16.8
69 3132 16.8
69 3133 16.8
69 3134 16.8
69 3135 16.8
69 3136 16.8
69 3137 16.8
69 3138 16.8
69 3139 16.8
69 3140 16.8
69 3141 16.8
69 3142 16.8
69 3143 16.8
69 3144 16.8
69 3145 16.8
69 3146 16.8
69 3147 16.8
69 3148 16.8
69 3149 16.8
69 3150 16.8
69 3151 16.8
69 3152 16.8
69 3153 16.8
69 3154 16.8
69 3155 16.8
69 3156 16.8
69 3157 16.8
70 3158 16.8
70 3159 16.8
70 3160 16.8
70 3161 16.8
70 3162 16.8
70 3163 16.8
70 3164 16.8
70 3165 16.8
70 3166 16.8
70 3167 16.8
70 3168 16.8
70 3169 16.8
70 3170 16.8
70 3171 16.8
70 3172 16.8
70 3173 16.8
70 3174 16.8
70 3175 16.8
70 3176 16.8
70 3177 16.8
70 3178 16.8
70 3179 16.8
70 3180 16.8
70 3181 16.8
70 3182 16.4
70 3183 16.4
70 3184 16.4
70 3185 16.4
70 3186 16.4
70 3187 16.4
70 3188 16.4
70 3189 16.1
70 3190 16.1
70 3191 16.1
70 3192 16.1
70 3193 16.1
70 3194 16.1
70 3195 16.1
70 3196 16.1
70 3197 16.1
70 3198 16.1
70 3199 16.1
70 3200 16.1
70 3201 16.1
70 3202 16.1
70 3203 16.1
70 3204 16.1
71 3205 16.1
71 3206 16.1
71 3207 16.1
71 3208 16.1
71 3209 16.1
71 3210 16.1
71 3211 16.1
71 3212 16.1
71 3213 16.1
71 3214 16.1
71 3215 16.1
71 3216 16.1
71 3217 16.1
71 3218 16.1
71 3219 16.1
71 3220 16.1
71 3221 16.1
71 3222 16.1
71 3223 16.1
71 3224 16.1
71 3225 16.1
71 3226 16.1
71 3227 16.1
71 3228 16.1
71 3229 16.1
71 3230 16.1
71 3231 16.1
71 3232 16.1
71 3233 16.1
71 3234 16.1
71 3235 16.1
71 3236 16.1
71 3237 16.0
71 3238 16.0
71 3239 16.0
71 3240 16.0
71 3241 16.0
71 3242 16.0
71 3243 16.0
71 3244 16.0
71 3245 16.0
71 3246 16.0
71 3247 16.0
71 3248 16.0
71 3249 16.0
71 3250 16.0
71 3251 16.0
71 3252 16.0
72 3253 16.0
72 3254 16.0
72 3255 16.0
72 3256 16.0
72 3257 16.0
72 3258 16.0
72 3259 16.0
72 3260 16.0
72 3261 16.0
72 3262 16.0
72 3263 16.0
72 3264 16.0
72 3265 16.0
72 3266 16.0
72 3267 16.0
72 3268 16.0
72 3269 16.0
72 3270 16.0
72 3271 16.0
72 3272 16.0
72 3273 16.0
72 3274 16.0
72 3275 16.0
72 3276 16.0
72 3277 16.0
72 3278 16.0
72 3279 16.0
72 3280 16.0
72 3281 16.0
72 3282 16.0
72 3283 16.0
72 3284 16.0
72 3285 16.0
72 3286 16.0
72 3287 16.0
72 3288 16.0
72 3289 16.0
72 3290 16.0
72 3291 16.0
72 3292 16.0
72 3293 16.0
72 3294 16.0
72 3295 16.0
72 3296 16.0
72 3297 16.0
72 3298 16.0
72 3299 16.0
72 3300 16.0
73 3301 16.0
73 3302 16.0
73 3303 16.0
73 3304 16.0
73 3305 16.0
73 3306 16.0
73 3307 16.0
73 3308 16.0
73 3309 16.0
73 3310 16.0
73 3311 16.0
73 3312 16.0
73 3313 16.0
73 3314 16.0
73 3315 16.0
73 3316 16.0
73 3317 16.0
73 3318 16.0
73 3319 16.0
73 3320 16.0
73 3321 16.0
73 3322 16.0
73 3323 16.0
73 3324 16.0
73 3325 16.0
73 3326 16.0
73 3327 16.0
73 3328 16.0
73 3329 16.0
73 3330 16.0
73 3331 16.0
73 3332 16.0
73 3333 16.0
73 3334 16.0
73 3335 16.0
73 3336 16.0
73 3337 16.0
73 3338 16.0
73 3339 16.0
73 3340 16.0
73 3341 16.0
73 3342 16.0
73 3343 16.0
73 3344 16.0
73 3345 16.0
73 3346 16.0
73 3347 16.0
73 3348 16.0
74 3349 16.0
74 3350 16.0
74 3351 16.0
74 3352 16.0
74 3353 16.0
74 3354 16.0
74 3355 16.0
74 3356 16.0
74 3357 16.0
74 3358 16.0
74 3359 16.0
74 3360 16.0
74 3361 16.0
74 3362 16.0
74 3363 16.0
74 3364 16.0
74 3365 16.0
74 3366 16.0
74 3367 16.0
74 3368 16.0
74 3369 16.0
74 3370 16.0
74 3371 16.0
74 3372 16.0
74 3373 16.0
74 3374 16.0
74 3375 16.0
74 3376 16.0
74 3377 16.0
74 3378 16.0
74 3379 16.0
74 3380 16.0
74 3381 16.0
74 3382 16.0
74 3383 16.0
74 3384 16.0
74 3385 16.0
74 3386 16.0
74 3387 16.0
74 3388 16.0
74 3389 16.0
74 3390 16.0
74 3391 16.0
74 3392 16.0
74 3393 16.0
74 3394 16.0
74 3395 16.0
75 3396 16.0
75 3397 16.0
75 3398 16.0
75 3399 16.0
75 3400 16.0
75 3401 16.0
75 3402 16.0
75 3403 16.0
75 3404 16.0
75 3405 16.0
75 3406 16.0
75 3407 16.0
75 3408 16.0
75 3409 16.0
75 3410 16.0
75 3411 16.0
75 3412 16.0
75 3413 16.0
75 3414 16.0
75 3415 16.0
75 3416 16.0
75 3417 16.0
75 3418 16.0
75 3419 16.0
75 3420 16.0
75 3421 16.0
75 3422 16.0
75 3423 16.0
75 3424 16.0
75 3425 16.0
75 3426 16.0
75 3427 16.0
75 3428 16.0
75 3429 16.0
75 3430 16.0
75 3431 16.0
75 3432 16.0
75 3433 16.0
75 3434 16.0
75 3435 16.0
75 3436 16.0
75 3437 16.0
75 3438 16.0
75 3439 16.0
75 3440 16.0
75 3441 16.0
76 3442 16.0
76 3443 16.0
76 3444 16.0
76 3445 16.0
76 3446 16.0
76 3447 16.0
76 3448 16.0
76 3449 16.0
76 3450 16.0
76 3451 16.0
76 3452 16.0
76 3453 16.0
76 3454 16.0
76 3455 16.0
76 3456 16.0
76 3457 16.0
76 3458 16.0
76 3459 16.0
76 3460 16.0
76 3461 16.0
76 3462 16.0
76 3463 16.0
76 3464 16.0
76 3465 16.0
76 3466 16.0
76 3467 16.0
76 3468 16.0
76 3469 16.0
76 3470 16.0
76 3471 16.0
76 3472 16.0
76 3473 16.0
76 3474 16.0
76 3475 16.0
76 3476 16.0
76 3477 16.0
76 3478 16.0
76 3479 16.0
76 3480 16.0
76 3481 16.0
76 3482 16.0
76 3483 16.0
76 3484 16.0
76 3485 16.0
76 3486 16.0
76 3487 16.0
76 3488 16.0
76 3489 16.0
76 3490 16.0
77 3491 16.0
77 3492 16.0
77 3493 16.0
77 3494 16.0
77 3495 16.0
77 3496 16.0
77 3497 16.0
77 3498 16.0
77 3499 16.0
77 3500 16.0
77 3501 16.0
77 3502 16.0
77 3503 16.0
77 3504 16.0
77 3505 16.0
77 3506 16.0
77 3507 16.0
77 3508 16.0
77 3509 16.0
77 3510 16.0
77 3511 16.0
77 3512 16.0
77 3513 16.0
77 3514 16.0
77 3515 16.0
77 3516 16.0
77 3517 16.0
77 3518 16.0
77 3519 16.0
77 3520 16.0
77 3521 16.0
77 3522 16.0
77 3523 16.0
77 3524 16.0
77 3525 16.0
77 3526 16.0
77 3527 16.0
77 3528 16.0
77 3529 16.0
77 3530 16.0
77 3531 16.0
77 3532 16.0
77 3533 16.0
77 3534 16.0
77 3535 16.0
77 3536 16.0
77 3537 16.0
77 3538 16.0
78 3539 16.0
78 3540 16.0
78 3541 16.0
78 3542 16.0
78 3543 16.0
78 3544 16.0
78 3545 16.0
78 3546 16.0
78 3547 16.0
78 3548 16.0
78 3549 16.0
78 3550 16.0
78 3551 16.0
78 3552 16.0
78 3553 16.0
78 3554 16.0
78 3555 16.0
78 3556 16.0
78 3557 16.0
78 3558 16.0
78 3559 16.0
78 3560 16.0
78 3561 16.0
78 3562 16.0
78 3563 16.0
78 3564 16.0
78 3565 16.0
78 3566 16.0
78 3567 16.0
78 3568 16.0
78 3569 16.0
78 3570 16.0
78 3571 16.0
78 3572 16.0
78 3573 16.0
78 3574 16.0
78 3575 16.0
79 3576 16.0
79 3577 16.0
79 3578 16.0
79 3579 16.0
79 3580 16.0
79 3581 16.0
79 3582 16.0
79 3583 16.0
79 3584 16.0
79 3585 16.0
79 3586 16.0
79 3587 16.0
79 3588 16.0
79 3589 16.0
79 3590 16.0
79 3591 16.0
79 3592 16.0
79 3593 16.0
79 3594 16.0
79 3595 16.0
79 3596 16.0
79 3597 16.0
79 3598 16.0
79 3599 16.0
79 3600 16.0
79 3601 16.0
79 3602 16.0
79 3603 16.0
79 3604 16.0
79 3605 16.0
79 3606 16.0
79 3607 16.0
79 3608 16.0
79 3609 16.0
79 3610 16.0
79 3611 16.0
79 3612 16.0
79 3613 16.0
79 3614 16.0
79 3615 16.0
79 3616 16.0
79 3617 16.0
79 3618 16.0
79 3619 16.0
79 3620 16.0
80 3621 16.0
80 3622 16.0
80 3623 16.0
80 3624 16.0
80 3625 16.0
80 3626 16.0
80 3627 16.0
80 3628 16.0
80 3629 16.0
80 3630 16.0
80 3631 16.0
80 3632 16.0
80 3633 16.0
80 3634 16.0
80 3635 16.0
80 3636 16.0
80 3637 16.0
80 3638 16.0
80 3639 16.0
80 3640 16.0
80 3641 16.0
80 3642 16.0
80 3643 16.0
80 3644 16.0
80 3645 16.0
80 3646 16.0
80 3647 16.0
80 3648 16.0
80 3649 16.0
80 3650 16.0
80 3651 16.0
80 3652 16.0
80 3653 16.0
80 3654 16.0
80 3655 16.0
80 3656 16.0
80 3657 16.0
80 3658 16.0
80 3659 16.0
80 3660 16.0
80 3661 16.0
80 3662 16.0
80 3663 16.0
80 3664 16.0
80 3665 16.0
80 3666 16.0
80 3667 16.0
80 3668 16.0
80 3669 16.0
80 3670 16.0
81 3671 16.0
81 3672 16.0
81 3673 16.0
81 3674 16.0
81 3675 16.0
81 3676 16.0
81 3677 16.0
81 3678 16.0
81 3679 16.0
81 3680 16.0
81 3681 16.0
81 3682 16.0
81 3683 16.0
81 3684 16.0
81 3685 16.0
81 3686 16.0
81 3687 16.0
81 3688 16.0
81 3689 16.0
81 3690 16.0
81 3691 16.0
81 3692 16.0
81 3693 16.0
81 3694 16.0
81 3695 16.0
81 3696 16.0
81 3697 16.0
81 3698 16.0
81 3699 16.0
81 3700 16.0
81 3701 16.0
81 3702 16.0
81 3703 16.0
81 3704 16.0
81 3705 16.0
81 3706 16.0
81 3707 16.0
81 3708 16.0
81 3709 16.0
81 3710 16.0
81 3711 16.0
81 3712 16.0
81 3713 16.0
81 3714 16.0
81 3715 16.0
81 3716 16.0
81 3717 16.0
81 3718 16.0
81 3719 16.0
81 3720 16.0
81 3721 16.0
82 3722 16.0
82 3723 16.0
82 3724 16.0
82 3725 16.0
82 3726 16.0
82 3727 16.0
82 3728 16.0
82 3729 16.0
82 3730 16.0
82 3731 16.0
82 3732 16.0
82 3733 16.0
82 3734 16.0
82 3735 16.0
82 3736 16.0
82 3737 16.0
82 3738 16.0
82 3739 16.0
82 3740 16.0
82 3741 16.0
82 3742 16.0
82 3743 16.0
82 3744 16.0
82 3745 16.0
82 3746 16.0
82 3747 16.0
82 3748 16.0
82 3749 16.0
82 3750 16.0
82 3751 16.0
82 3752 16.0
82 3753 16.0
82 3754 16.0
82 3755 16.0
82 3756 16.0
82 3757 16.0
82 3758 16.0
82 3759 16.0
82 3760 16.0
82 3761 16.0
82 3762 16.0
82 3763 16.0
82 3764 16.0
82 3765 16.0
82 3766 16.0
82 3767 16.0
82 3768 16.0
83 3769 16.0
83 3770 16.0
83 3771 16.0
83 3772 16.0
83 3773 16.0
83 3774 16.0
83 3775 16.0
83 3776 16.0
83 3777 16.0
83 3778 16.0
83 3779 16.0
83 3780 16.0
83 3781 16.0
83 3782 16.0
83 3783 16.0
83 3784 16.0
83 3785 16.0
83 3786 16.0
83 3787 16.0
83 3788 16.0
83 3789 16.0
83 3790 16.0
83 3791 16.0
83 3792 16.0
83 3793 16.0
83 3794 16.0
83 3795 16.0
83 3796 16.0
83 3797 16.0
83 3798 16.0
83 3799 16.0
83 3800 16.0
83 3801 16.0
83 3802 16.0
83 3803 16.0
83 3804 16.0
83 3805 16.0
83 3806 16.0
83 3807 16.0
83 3808 16.0
83 3809 16.0
83 3810 16.0
84 3811 16.0
84 3812 16.0
84 3813 16.0
84 3814 16.0
84 3815 16.0
84 3816 16.0
84 3817 16.0
84 3818 16.0
84 3819 16.0
84 3820 16.0
84 3821 16.0
84 3822 16.0
84 3823 16.0
84 3824 16.0
84 3825 16.0
84 3826 16.0
84 3827 16.0
84 3828 16.0
84 3829 16.0
84 3830 16.0
84 3831 16.0
84 3832 16.0
84 3833 16.0
84 3834 16.0
84 3835 16.0
84 3836 16.0
84 3837 16.0
84 3838 16.0
84 3839 16.0
84 3840 16.0
84 3841 16.0
84 3842 16.0
84 3843 16.0
84 3844 16.0
84 3845 16.0
84 3846 16.0
84 3847 16.0
84 3848 16.0
84 3849 16.0
84 3850 16.0
84 3851 16.0
84 3852 16.0
84 3853 16.0
84 3854 16.0
84 3855 16.0
84 3856 16.0
84 3857 16.0
84 3858 16.0
84 3859 16.0
84 3860 16.0
84 3861 16.0
84 3862 16.0
85 3863 16.0
85 3864 16.0
85 3865 16.0
85 3866 16.0
85 3867 16.0
85 3868 16.0
85 3869 16.0
85 3870 16.0
85 3871 16.0
85 3872 16.0
85 3873 16.0
85 3874 16.0
85 3875 16.0
85 3876 16.0
85 3877 16.0
85 3878 16.0
85 3879 16.0
85 3880 16.0
85 3881 16.0
85 3882 16.0
85 3883 16.0
85 3884 16.0
85 3885 16.0
85 3886 16.0
85 3887 16.0
85 3888 16.0
85 3889 16.0
85 3890 16.0
85 3891 16.0
85 3892 16.0
85 3893 16.0
85 3894 16.0
85 3895 16.0
85 3896 16.0
85 3897 16.0
85 3898 16.0
85 3899 16.0
85 3900 16.0
85 3901 16.0
85 3902 16.0
85 3903 16.0
85 3904 16.0
85 3905 16.0
85 3906 16.0
85 3907 16.0
85 3908 16.0
85 3909 16.0
85 3910 16.0
85 3911 16.0
86 3912 16.0
86 3913 16.0
86 3914 16.0
86 3915 16.0
86 3916 16.0
86 3917 16.0
86 3918 16.0
86 3919 16.0
86 3920 16.0
86 3921 16.0
86 3922 16.0
86 3923 16.0
86 3924 16.0
86 3925 16.0
86 3926 16.0
86 3927 16.0
86 3928 16.0
86 3929 16.0
86 3930 16.0
86 3931 16.0
86 3932 16.0
86 3933 16.0
86 3934 16.0
86 3935 16.0
86 3936 16.0
86 3937 16.0
86 3938 16.0
86 3939 16.0
86 3940 16.0
86 3941 16.0
86 3942 16.0
86 3943 16.0
86 3944 16.0
86 3945 16.0
86 3946 16.0
86 3947 16.0
86 3948 16.0
86 3949 16.0
86 3950 16.0
86 3951 16.0
86 3952 16.0
86 3953 16.0
86 3954 16.0
86 3955 16.0
86 3956 16.0
86 3957 16.0
86 3958 16.0
86 3959 16.0
86 3960 16.0
86 3961 16.0
87 3962 16.0
87 3963 16.0
87 3964 16.0
87 3965 16.0
87 3966 16.0
87 3967 16.0
87 3968 16.0
87 3969 16.0
87 3970 16.0
87 3971 16.0
87 3972 16.0
87 3973 16.0
87 3974 16.0
87 3975 16.0
87 3976 16.0
87 3977 16.0
87 3978 16.0
87 3979 16.0
87 3980 16.0
87 3981 16.0
87 3982 16.0
87 3983 16.0
87 3984 16.0
87 3985 16.0
87 3986 16.0
87 3987 16.0
87 3988 16.0
87 3989 16.0
87 3990 16.0
87 3991 16.0
87 3992 16.0
87 3993 16.0
87 3994 16.0
87 3995 16.0
87 3996 16.0
87 3997 16.0
87 3998 16.0
87 3999 16.0
87 4000 16.0
87 4001 16.0
87 4002 16.0
87 4003 16.0
87 4004 16.0
87 4005 16.0
88 4006 16.0
88 4007 16.0
88 4008 16.0
88 4009 16.0
88 4010 16.0
88 4011 16.0
88 4012 16.0
88 4013 16.0
88 4014 16.0
88 4015 16.0
88 4016 16.0
88 4017 16.0
88 4018 16.0
88 4019 16.0
88 4020 16.0
88 4021 16.0
88 4022 16.0
88 4023 16.0
88 4024 16.0
88 4025 16.0
88 4026 16.0
88 4027 16.0
88 4028 16.0
88 4029 16.0
88 4030 16.0
88 4031 16.0
88 4032 16.0
88 4033 16.0
88 4034 16.0
88 4035 16.0
88 4036 16.0
88 4037 16.0
88 4038 16.0
88 4039 16.0
88 4040 16.0
88 4041 16.0
88 4042 16.0
88 4043 16.0
88 4044 16.0
88 4045 16.0
88 4046 16.0
88 4047 16.0
88 4048 16.0
88 4049 16.0
88 4050 16.0
88 4051 16.0
88 4052 16.0
88 4053 16.0
88 4054 16.0
88 4055 16.0
88 4056 16.0
89 4057 16.0
89 4058 16.0
89 4059 16.0
89 4060 16.0
89 4061 16.0
89 4062 16.0
89 4063 16.0
89 4064 16.0
89 4065 16.0
89 4066 16.0
89 4067 16.0
89 4068 16.0
89 4069 16.0
89 4070 16.0
89 4071 16.0
89 4072 16.0
89 4073 16.0
89 4074 16.0
89 4075 16.0
89 4076 16.0
89 4077 16.0
89 4078 16.0
89 4079 16.0
89 4080 16.0
89 4081 16.0
89 4082 16.0
89 4083 16.0
89 4084 16.0
89 4085 16.0
89 4086 16.0
89 4087 16.0
89 4088 16.0
89 4089 16.0
89 4090 16.0
89 4091 16.0
89 4092 16.0
89 4093 16.0
89 4094 16.0
89 4095 16.0
89 4096 16.0
89 4097 16.0
89 4098 16.0
89 4099 16.0
89 4100 16.0
89 4101 16.0
89 4102 16.0
89 4103 16.0
89 4104 16.0
89 4105 16.0
89 4106 16.0
89 4107 16.0
89 4108 16.0
89 4109 16.0
89 4110 16.0
90 4111 16.0
90 4112 16.0
90 4113 16.0
90 4114 16.0
90 4115 16.0
90 4116 16.0
90 4117 16.0
90 4118 16.0
90 4119 16.0
90 4120 16.0
90 4121 16.0
90 4122 16.0
90 4123 16.0
90 4124 16.0
90 4125 16.0
90 4126 16.0
90 4127 16.0
90 4128 16.0
90 4129 16.0
90 4130 16.0
90 4131 16.0
90 4132 16.0
90 4133 16.0
90 4134 16.0
90 4135 16.0
90 4136 16.0
90 4137 16.0
90 4138 16.0
90 4139 16.0
90 4140 16.0
90 4141 16.0
90 4142 16.0
90 4143 16.0
90 4144 16.0
90 4145 16.0
90 4146 16.0
90 4147 16.0
90 4148 16.0
90 4149 16.0
90 4150 16.0
90 4151 16.0
90 4152 16.0
90 4153 16.0
90 4154 16.0
90 4155 16.0
90 4156 16.0
90 4157 16.0
90 4158 16.0
90 4159 16.0
90 4160 16.0
91 4161 16.0
91 4162 16.0
91 4163 16.0
91 4164 16.0
91 4165 16.0
91 4166 16.0
91 4167 16.0
91 4168 16.0
91 4169 16.0
91 4170 16.0
91 4171 16.0
91 4172 16.0
91 4173 16.0
91 4174 16.0
91 4175 16.0
91 4176 16.0
91 4177 16.0
91 4178 16.0
91 4179 16.0
91 4180 16.0
91 4181 16.0
91 4182 16.0
91 4183 16.0
91 4184 16.0
91 4185 16.0
91 4186 16.0
91 4187 16.0
91 4188 16.0
91 4189 16.0
91 4190 16.0
91 4191 16.0
91 4192 16.0
91 4193 16.0
91 4194 16.0
91 4195 16.0
91 4196 16.0
91 4197 16.0
91 4198 16.0
91 4199 16.0
91 4200 16.0
91 4201 16.0
92 4202 16.0
92 4203 16.0
92 4204 16.0
92 4205 16.0
92 4206 16.0
92 4207 16.0
92 4208 16.0
92 4209 16.0
92 4210 16.0
92 4211 16.0
92 4212 16.0
92 4213 16.0
92 4214 16.0
92 4215 16.0
92 4216 16.0
92 4217 16.0
92 4218 16.0
92 4219 16.0
92 4220 16.0
92 4221 16.0
92 4222 16.0
92 4223 16.0
92 4224 16.0
92 4225 16.0
92 4226 16.0
92 4227 16.0
92 4228 16.0
92 4229 16.0
92 4230 16.0
92 4231 16.0
92 4232 16.0
92 4233 16.0
92 4234 16.0
92 4235 16.0
92 4236 16.0
92 4237 16.0
92 4238 16.0
92 4239 16.0
92 4240 16.0
92 4241 16.0
92 4242 16.0
92 4243 16.0
92 4244 16.0
92 4245 16.0
92 4246 16.0
92 4247 16.0
92 4248 16.0
92 4249 16.0
92 4250 16.0
92 4251 16.0
93 4252 16.0
93 4253 16.0
93 4254 16.0
93 4255 16.0
93 4256 16.0
93 4257 16.0
93 4258 16.0
93 4259 16.0
93 4260 16.0
93 4261 16.0
93 4262 16.0
93 4263 16.0
93 4264 16.0
93 4265 16.0
93 4266 16.0
93 4267 16.0
93 4268 16.0
93 4269 16.0
93 4270 16.0
93 4271 16.0
93 4272 16.0
93 4273 16.0
93 4274 16.0
93 4275 16.0
93 4276 16.0
93 4277 16.0
93 4278 16.0
93 4279 16.0
93 4280 16.0
93 4281 16.0
93 4282 16.0
93 4283 16.0
93 4284 16.0
93 4285 16.0
93 4286 16.0
93 4287 16.0
93 4288 16.0
93 4289 16.0
93 4290 16.0
93 4291 16.0
93 4292 16.0
93 4293 16.0
93 4294 16.0
93 4295 16.0
93 4296 16.0
93 4297 16.0
93 4298 16.0
93 4299 16.0
93 4300 16.0
93 4301 16.0
93 4302 16.0
94 4303 16.0
94 4304 16.0
94 4305 16.0
94 4306 16.0
94 4307 16.0
94 4308 16.0
94 4309 16.0
94 4310 16.0
94 4311 16.0
94 4312 16.0
94 4313 16.0
94 4314 16.0
94 4315 16.0
94 4316 16.0
94 4317 16.0
94 4318 16.0
94 4319 16.0
94 4320 16.0
94 4321 16.0
94 4322 16.0
94 4323 16.0
94 4324 16.0
94 4325 16.0
94 4326 16.0
94 4327 16.0
94 4328 16.0
94 4329 16.0
94 4330 16.0
94 4331 16.0
94 4332 16.0
94 4333 16.0
94 4334 16.0
94 4335 16.0
94 4336 16.0
94 4337 16.0
94 4338 16.0
94 4339 16.0
94 4340 16.0
94 4341 16.0
94 4342 16.0
94 4343 16.0
94 4344 16.0
94 4345 16.0
94 4346 16.0
94 4347 16.0
94 4348 16.0
94 4349 16.0
95 4350 16.0
95 4351 16.0
95 4352 16.0
95 4353 16.0
95 4354 16.0
95 4355 16.0
95 4356 16.0
95 4357 16.0
95 4358 16.0
95 4359 16.0
95 4360 16.0
95 4361 16.0
95 4362 16.0
95 4363 16.0
95 4364 16.0
95 4365 16.0
95 4366 16.0
95 4367 16.0
95 4368 16.0
95 4369 16.0
95 4370 16.0
95 4371 16.0
95 4372 16.0
95 4373 16.0
95 4374 16.0
95 4375 16.0
95 4376 16.0
95 4377 16.0
95 4378 16.0
95 4379 16.0
95 4380 16.0
95 4381 16.0
95 4382 16.0
95 4383 16.0
95 4384 16.0
95 4385 16.0
95 4386 16.0
95 4387 16.0
95 4388 16.0
95 4389 16.0
95 4390 16.0
95 4391 16.0
96 4392 16.0
96 4393 16.0
96 4394 16.0
96 4395 16.0
96 4396 16.0
96 4397 16.0
96 4398 16.0
96 4399 16.0
96 4400 16.0
96 4401 16.0
96 4402 16.0
96 4403 16.0
96 4404 16.0
96 4405 16.0
96 4406 16.0
96 4407 16.0
96 4408 16.0
96 4409 16.0
96 4410 16.0
96 4411 16.0
96 4412 16.0
96 4413 16.0
96 4414 16.0
96 4415 16.0
96 4416 16.0
96 4417 16.0
96 4418 16.0
96 4419 16.0
96 4420 16.0
96 4421 16.0
96 4422 16.0
96 4423 16.0
96 4424 16.0
96 4425 16.0
96 4426 16.0
96 4427 16.0
96 4428 16.0
96 4429 16.0
96 4430 16.0
96 4431 16.0
96 4432 16.0
96 4433 16.0
96 4434 16.0
96 4435 16.0
96 4436 16.0
96 4437 16.0
96 4438 16.0
96 4439 16.0
96 4440 16.0
96 4441 16.0
96 4442 16.0
96 4443 16.0
96 4444 16.0
97 4445 16.0
97 4446 16.0
97 4447 16.0
97 4448 16.0
97 4449 16.0
97 4450 16.0
97 4451 16.0
97 4452 16.0
97 4453 16.0
97 4454 16.0
97 4455 16.0
97 4456 16.0
97 4457 16.0
97 4458 16.0
97 4459 16.0
97 4460 16.0
97 4461 16.0
97 4462 16.0
97 4463 16.0
97 4464 16.0
97 4465 16.0
97 4466 16.0
97 4467 16.0
97 4468 16.0
97 4469 16.0
97 4470 16.0
97 4471 16.0
97 4472 16.0
97 4473 16.0
97 4474 16.0
97 4475 16.0
97 4476 16.0
97 4477 16.0
97 4478 16.0
97 4479 16.0
97 4480 16.0
97 4481 16.0
97 4482 16.0
97 4483 16.0
97 4484 16.0
97 4485 16.0
97 4486 16.0
97 4487 16.0
97 4488 16.0
97 4489 16.0
97 4490 16.0
97 4491 16.0
98 4492 16.0
98 4493 16.0
98 4494 16.0
98 4495 16.0
98 4496 16.0
98 4497 16.0
98 4498 16.0
98 4499 16.0
98 4500 16.0
98 4501 16.0
98 4502 16.0
98 4503 16.0
98 4504 16.0
98 4505 16.0
98 4506 16.0
98 4507 16.0
98 4508 16.0
98 4509 16.0
98 4510 16.0
98 4511 16.0
98 4512 16.0
98 4513 16.0
98 4514 16.0
98 4515 16.0
98 4516 16.0
98 4517 16.0
98 4518 16.0
98 4519 16.0
98 4520 16.0
98 4521 16.0
98 4522 16.0
98 4523 16.0
98 4524 16.0
98 4525 16.0
98 4526 16.0
98 4527 16.0
98 4528 16.0
98 4529 16.0
98 4530 16.0
98 4531 16.0
98 4532 16.0
98 4533 16.0
98 4534 16.0
98 4535 16.0
98 4536 16.0
98 4537 16.0
98 4538 16.0
98 4539 16.0
99 4540 16.0
99 4541 16.0
99 4542 16.0
99 4543 16.0
99 4544 16.0
99 4545 16.0
99 4546 16.0
99 4547 16.0
99 4548 16.0
99 4549 16.0
99 4550 16.0
99 4551 16.0
99 4552 16.0
99 4553 16.0
99 4554 16.0
99 4555 16.0
99 4556 16.0
99 4557 16.0
99 4558 16.0
99 4559 16.0
99 4560 16.0
99 4561 16.0
99 4562 16.0
99 4563 16.0
99 4564 16.0
99 4565 16.0
99 4566 16.0
99 4567 16.0
99 4568 16.0
99 4569 16.0
99 4570 16.0
99 4571 16.0
99 4572 16.0
99 4573 16.0
99 4574 16.0
99 4575 16.0
99 4576 16.0
99 4577 16.0
99 4578 16.0
99 4579 16.0
99 4580 16.0
99 4581 16.0
99 4582 16.0
100 4583 16.0
100 4584 16.0
100 4585 16.0
100 4586 16.0
100 4587 16.0
100 4588 16.0
100 4589 16.0
100 4590 16.0
100 4591 16.0
100 4592 16.0
100 4593 16.0
100 4594 16.0
100 4595 16.0
100 4596 16.0
100 4597 16.0
100 4598 16.0
100 4599 16.0
100 4600 16.0
100 4601 16.0
100 4602 16.0
100 4603 16.0
100 4604 16.0
100 4605 16.0
100 4606 16.0
100 4607 16.0
100 4608 16.0
100 4609 16.0
100 4610 16.0
100 4611 16.0
100 4612 16.0
100 4613 16.0
100 4614 16.0
100 4615 16.0
100 4616 16.0
100 4617 16.0
100 4618 16.0
100 4619 16.0
100 4620 16.0
100 4621 16.0
100 4622 16.0
100 4623 16.0
100 4624 16.0
100 4625 16.0
100 4626 16.0
100 4627 16.0
100 4628 16.0
100 4629 16.0
100 4630 16.0
100 4631 16.0
101 4632 16.0
101 4633 16.0
101 4634 16.0
101 4635 16.0
101 4636 16.0
101 4637 16.0
101 4638 16.0
101 4639 16.0
101 4640 16.0
101 4641 16.0
101 4642 16.0
101 4643 16.0
101 4644 16.0
101 4645 16.0
101 4646 16.0
101 4647 16.0
101 4648 16.0
101 4649 16.0
101 4650 16.0
101 4651 16.0
101 4652 16.0
101 4653 16.0
101 4654 16.0
101 4655 16.0
101 4656 16.0
101 4657 16.0
101 4658 16.0
101 4659 16.0
101 4660 16.0
101 4661 16.0
101 4662 16.0
101 4663 16.0
101 4664 16.0
101 4665 16.0
101 4666 16.0
101 4667 16.0
101 4668 16.0
101 4669 16.0
101 4670 16.0
101 4671 16.0
101 4672 16.0
101 4673 16.0
101 4674 16.0
101 4675 16.0
101 4676 16.0
101 4677 16.0
101 4678 16.0
101 4679 16.0
101 4680 16.0
101 4681 16.0
101 4682 16.0
101 4683 16.0
101 4684 16.0
102 4685 16.0
102 4686 16.0
102 4687 16.0
102 4688 16.0
102 4689 16.0
102 4690 16.0
102 4691 16.0
102 4692 16.0
102 4693 16.0
102 4694 16.0
102 4695 16.0
102 4696 16.0
102 4697 16.0
102 4698 16.0
102 4699 16.0
102 4700 16.0
102 4701 16.0
102 4702 16.0
102 4703 16.0
102 4704 16.0
102 4705 16.0
102 4706 16.0
102 4707 16.0
102 4708 16.0
102 4709 16.0
102 4710 16.0
102 4711 16.0
102 4712 16.0
102 4713 16.0
102 4714 16.0
102 4715 16.0
102 4716 16.0
102 4717 16.0
102 4718 16.0
102 4719 16.0
102 4720 16.0
102 4721 16.0
102 4722 16.0
102 4723 16.0
102 4724 16.0
102 4725 16.0
102 4726 16.0
102 4727 16.0
102 4728 16.0
102 4729 16.0
102 4730 16.0
102 4731 16.0
102 4732 16.0
102 4733 16.0
103 4734 16.0
103 4735 16.0
103 4736 16.0
103 4737 16.0
103 4738 16.0
103 4739 16.0
103 4740 16.0
103 4741 16.0
103 4742 16.0
103 4743 16.0
103 4744 16.0
103 4745 16.0
103 4746 16.0
103 4747 16.0
103 4748 16.0
103 4749 16.0
103 4750 16.0
103 4751 16.0
103 4752 16.0
103 4753 16.0
103 4754 16.0
103 4755 16.0
103 4756 16.0
103 4757 16.0
103 4758 16.0
103 4759 16.0
103 4760 16.0
103 4761 16.0
103 4762 16.0
103 4763 16.0
103 4764 16.0
103 4765 16.0
103 4766 16.0
103 4767 16.0
103 4768 16.0
103 4769 16.0
103 4770 16.0
103 4771 16.0
103 4772 16.0
103 4773 16.0
103 4774 16.0
103 4775 16.0
104 4776 16.0
104 4777 16.0
104 4778 16.0
104 4779 16.0
104 4780 16.0
104 4781 16.0
104 4782 16.0
104 4783 16.0
104 4784 16.0
104 4785 16.0
104 4786 16.0
104 4787 16.0
104 4788 16.0
104 4789 16.0
104 4790 16.0
104 4791 16.0
104 4792 16.0
104 4793 16.0
104 4794 16.0
104 4795 16.0
104 4796 16.0
104 4797 16.0
104 4798 16.0
104 4799 16.0
104 4800 16.0
104 4801 16.0
104 4802 16.0
104 4803 16.0
104 4804 16.0
104 4805 16.0
104 4806 16.0
104 4807 16.0
104 4808 16.0
104 4809 16.0
104 4810 16.0
104 4811 16.0
104 4812 16.0
104 4813 16.0
104 4814 16.0
104 4815 16.0
104 4816 16.0
104 4817 16.0
104 4818 16.0
104 4819 16.0
104 4820 16.0
104 4821 16.0
104 4822 16.0
104 4823 16.0
104 4824 16.0
104 4825 16.0
104 4826 16.0
105 4827 16.0
105 4828 16.0
105 4829 16.0
105 4830 16.0
105 4831 16.0
105 4832 16.0
105 4833 16.0
105 4834 16.0
105 4835 16.0
105 4836 16.0
105 4837 16.0
105 4838 16.0
105 4839 16.0
105 4840 16.0
105 4841 16.0
105 4842 16.0
105 4843 16.0
105 4844 16.0
105 4845 16.0
105 4846 16.0
105 4847 16.0
105 4848 16.0
105 4849 16.0
105 4850 16.0
105 4851 16.0
105 4852 16.0
105 4853 16.0
105 4854 16.0
105 4855 16.0
105 4856 16.0
105 4857 16.0
105 4858 16.0
105 4859 16.0
105 4860 16.0
105 4861 16.0
105 4862 16.0
105 4863 16.0
105 4864 16.0
105 4865 16.0
105 4866 16.0
105 4867 16.0
105 4868 16.0
105 4869 16.0
105 4870 16.0
105 4871 16.0
105 4872 16.0
105 4873 16.0
105 4874 16.0
105 4875 16.0
105 4876 16.0
105 4877 16.0
105 4878 16.0
106 4879 16.0
106 4880 16.0
106 4881 16.0
106 4882 16.0
106 4883 16.0
106 4884 16.0
106 4885 16.0
106 4886 16.0
106 4887 16.0
106 4888 16.0
106 4889 16.0
106 4890 16.0
106 4891 16.0
106 4892 16.0
106 4893 16.0
106 4894 16.0
106 4895 16.0
106 4896 16.0
106 4897 16.0
106 4898 16.0
106 4899 16.0
106 4900 16.0
106 4901 16.0
106 4902 16.0
106 4903 16.0
106 4904 16.0
106 4905 16.0
106 4906 16.0
106 4907 16.0
106 4908 16.0
106 4909 16.0
106 4910 16.0
106 4911 16.0
106 4912 16.0
106 4913 16.0
106 4914 16.0
106 4915 16.0
106 4916 16.0
106 4917 16.0
106 4918 16.0
106 4919 16.0
106 4920 16.0
106 4921 16.0
106 4922 16.0
106 4923 16.0
106 4924 16.0
106 4925 16.0
106 4926 16.0
106 4927 16.0
107 4928 16.0
107 4929 16.0
107 4930 16.0
107 4931 16.0
107 4932 16.0
107 4933 16.0
107 4934 16.0
107 4935 16.0
107 4936 16.0
107 4937 16.0
107 4938 16.0
107 4939 16.0
107 4940 16.0
107 4941 16.0
107 4942 16.0
107 4943 16.0
107 4944 16.0
107 4945 16.0
107 4946 16.0
107 4947 16.0
107 4948 16.0
107 4949 16.0
107 4950 16.0
107 4951 16.0
107 4952 16.0
107 4953 16.0
107 4954 16.0
107 4955 16.0
107 4956 16.0
107 4957 16.0
107 4958 16.0
107 4959 16.0
107 4960 16.0
107 4961 16.0
107 4962 16.0
107 4963 16.0
107 4964 16.0
107 4965 16.0
107 4966 16.0
107 4967 16.0
107 4968 16.0
107 4969 16.0
107 4970 16.0
107 4971 16.0
107 4972 16.0
108 4973 16.0
108 4974 16.0
108 4975 16.0
108 4976 16.0
108 4977 16.0
108 4978 16.0
108 4979 16.0
108 4980 16.0
108 4981 16.0
108 4982 16.0
108 4983 16.0
108 4984 16.0
108 4985 16.0
108 4986 16.0
108 4987 16.0
108 4988 16.0
108 4989 16.0
108 4990 16.0
108 4991 16.0
108 4992 16.0
108 4993 16.0
108 4994 16.0
108 4995 16.0
108 4996 16.0
108 4997 16.0
108 4998 16.0
108 4999 16.0
108 5000 16.0
108 5001 16.0
108 5002 16.0
108 5003 16.0
108 5004 16.0
108 5005 16.0
108 5006 16.0
108 5007 16.0
108 5008 16.0
108 5009 16.0
108 5010 16.0
108 5011 16.0
108 5012 16.0
108 5013 16.0
108 5014 16.0
108 5015 16.0
108 5016 16.0
108 5017 16.0
108 5018 16.0
108 5019 16.0
108 5020 16.0
108 5021 16.0
108 5022 16.0
108 5023 16.0
108 5024 16.0
108 5025 16.0
108 5026 16.0
108 5027 16.0
109 5028 16.0
109 5029 16.0
109 5030 16.0
109 5031 16.0
109 5032 16.0
109 5033 16.0
109 5034 16.0
109 5035 16.0
109 5036 16.0
109 5037 16.0
109 5038 16.0
109 5039 16.0
109 5040 16.0
109 5041 16.0
109 5042 16.0
109 5043 16.0
109 5044 16.0
109 5045 16.0
109 5046 16.0
109 5047 16.0
109 5048 16.0
109 5049 16.0
109 5050 16.0
109 5051 16.0
109 5052 16.0
109 5053 16.0
109 5054 16.0
109 5055 16.0
109 5056 16.0
109 5057 16.0
109 5058 16.0
109 5059 16.0
109 5060 16.0
109 5061 16.0
109 5062 16.0
109 5063 16.0
109 5064 16.0
109 5065 16.0
109 5066 16.0
109 5067 16.0
109 5068 16.0
109 5069 16.0
109 5070 16.0
109 5071 16.0
109 5072 16.0
109 5073 16.0
109 5074 16.0
109 5075 16.0
109 5076 16.0
109 5077 16.0
109 5078 16.0
110 5079 16.0
110 5080 16.0
110 5081 16.0
110 5082 16.0
110 5083 16.0
110 5084 16.0
110 5085 16.0
110 5086 16.0
110 5087 16.0
110 5088 16.0
110 5089 16.0
110 5090 16.0
110 5091 16.0
110 5092 16.0
110 5093 16.0
110 5094 16.0
110 5095 16.0
110 5096 16.0
110 5097 16.0
110 5098 16.0
110 5099 16.0
110 5100 16.0
110 5101 16.0
110 5102 16.0
110 5103 16.0
110 5104 16.0
110 5105 16.0
110 5106 16.0
110 5107 16.0
110 5108 16.0
110 5109 16.0
110 5110 16.0
110 5111 16.0
110 5112 16.0
110 5113 16.0
110 5114 16.0
110 5115 16.0
110 5116 16.0
110 5117 16.0
110 5118 16.0
110 5119 16.0
110 5120 16.0
110 5121 16.0
110 5122 16.0
110 5123 16.0
110 5124 16.0
110 5125 16.0
110 5126 16.0
110 5127 16.0
111 5128 16.0
111 5129 16.0
111 5130 16.0
111 5131 16.0
111 5132 16.0
111 5133 16.0
111 5134 16.0
111 5135 16.0
111 5136 16.0
111 5137 16.0
111 5138 16.0
111 5139 16.0
111 5140 16.0
111 5141 16.0
111 5142 16.0
111 5143 16.0
111 5144 16.0
111 5145 16.0
111 5146 16.0
111 5147 16.0
111 5148 16.0
111 5149 16.0
111 5150 16.0
111 5151 16.0
111 5152 16.0
111 5153 16.0
111 5154 16.0
111 5155 16.0
111 5156 16.0
111 5157 16.0
111 5158 16.0
111 5159 16.0
111 5160 16.0
111 5161 16.0
111 5162 16.0
111 5163 16.0
111 5164 16.0
111 5165 16.0
111 5166 16.0
111 5167 16.0
111 5168 16.0
111 5169 16.0
111 5170 16.0
112 5171 16.0
112 5172 16.0
112 5173 16.0
112 5174 16.0
112 5175 16.0
112 5176 16.0
112 5177 16.0
112 5178 16.0
112 5179 16.0
112 5180 16.0
112 5181 16.0
112 5182 16.0
112 5183 16.0
112 5184 16.0
112 5185 16.0
112 5186 16.0
112 5187 16.0
112 5188 16.0
112 5189 16.0
112 5190 16.0
112 5191 16.0
112 5192 16.0
112 5193 16.0
112 5194 16.0
112 5195 16.0
112 5196 16.0
112 5197 16.0
112 5198 16.0
112 5199 16.0
112 5200 16.0
112 5201 16.0
112 5202 16.0
112 5203 16.0
112 5204 16.0
112 5205 16.0
112 5206 16.0
112 5207 16.0
112 5208 16.0
112 5209 16.0
112 5210 16.0
112 5211 16.0
112 5212 16.0
112 5213 16.0
112 5214 16.0
112 5215 16.0
112 5216 16.0
112 5217 16.0
112 5218 16.0
112 5219 16.0
112 5220 16.0
112 5221 16.0
112 5222 16.0
112 5223 16.0
113 5224 16.0
113 5225 16.0
113 5226 16.0
113 5227 16.0
113 5228 16.0
113 5229 16.0
113 5230 16.0
113 5231 16.0
113 5232 16.0
113 5233 16.0
113 5234 16.0
113 5235 16.0
113 5236 16.0
113 5237 16.0
113 5238 16.0
113 5239 16.0
113 5240 16.0
113 5241 16.0
113 5242 16.0
113 5243 16.0
113 5244 16.0
113 5245 16.0
113 5246 16.0
113 5247 16.0
113 5248 16.0
113 5249 16.0
113 5250 16.0
113 5251 16.0
113 5252 16.0
113 5253 16.0
113 5254 16.0
113 5255 16.0
113 5256 16.0
113 5257 16.0
113 5258 16.0
113 5259 16.0
113 5260 16.0
113 5261 16.0
113 5262 16.0
113 5263 16.0
113 5264 16.0
113 5265 16.0
113 5266 16.0
113 5267 16.0
113 5268 16.0
113 5269 16.0
113 5270 16.0
113 5271 16.0
113 5272 16.0
113 5273 16.0
113 5274 16.0
114 5275 16.0
114 5276 16.0
114 5277 16.0
114 5278 16.0
114 5279 16.0
114 5280 16.0
114 5281 16.0
114 5282 16.0
114 5283 16.0
114 5284 16.0
114 5285 16.0
114 5286 16.0
114 5287 16.0
114 5288 16.0
114 5289 16.0
114 5290 16.0
114 5291 16.0
114 5292 16.0
114 5293 16.0
114 5294 16.0
114 5295 16.0
114 5296 16.0
114 5297 16.0
114 5298 16.0
114 5299 16.0
114 5300 16.0
114 5301 16.0
114 5302 16.0
114 5303 16.0
114 5304 16.0
114 5305 16.0
114 5306 16.0
114 5307 16.0
114 5308 16.0
114 5309 16.0
114 5310 16.0
114 5311 16.0
114 5312 16.0
114 5313 16.0
114 5314 16.0
114 5315 16.0
114 5316 16.0
114 5317 16.0
114 5318 16.0
114 5319 16.0
114 5320 16.0
114 5321 16.0
114 5322 16.0
114 5323 16.0
114 5324 16.0
115 5325 16.0
115 5326 16.0
115 5327 16.0
115 5328 16.0
115 5329 16.0
115 5330 16.0
115 5331 16.0
115 5332 16.0
115 5333 16.0
115 5334 16.0
115 5335 16.0
115 5336 16.0
115 5337 16.0
115 5338 16.0
115 5339 16.0
115 5340 16.0
115 5341 16.0
115 5342 16.0
115 5343 16.0
115 5344 16.0
115 5345 16.0
115 5346 16.0
115 5347 16.0
115 5348 16.0
115 5349 16.0
115 5350 16.0
115 5351 16.0
115 5352 16.0
115 5353 16.0
115 5354 16.0
115 5355 16.0
115 5356 16.0
115 5357 16.0
115 5358 16.0
115 5359 16.0
115 5360 16.0
115 5361 16.0
115 5362 16.0
115 5363 16.0
115 5364 16.0
115 5365 16.0
115 5366 16.0
115 5367 16.0
115 5368 16.0
116 5369 16.0
116 5370 16.0
116 5371 16.0
116 5372 16.0
116 5373 16.0
116 5374 16.0
116 5375 16.0
116 5376 16.0
116 5377 16.0
116 5378 16.0
116 5379 16.0
116 5380 16.0
116 5381 16.0
116 5382 16.0
116 5383 16.0
116 5384 16.0
116 5385 16.0
116 5386 16.0
116 5387 16.0
116 5388 16.0
116 5389 16.0
116 5390 16.0
116 5391 16.0
116 5392 16.0
116 5393 16.0
116 5394 16.0
116 5395 16.0
116 5396 16.0
116 5397 16.0
116 5398 16.0
116 5399 16.0
116 5400 16.0
116 5401 16.0
116 5402 16.0
116 5403 16.0
116 5404 16.0
116 5405 16.0
116 5406 16.0
116 5407 16.0
116 5408 16.0
116 5409 16.0
116 5410 16.0
116 5411 16.0
116 5412 16.0
116 5413 16.0
116 5414 16.0
116 5415 16.0
116 5416 16.0
116 5417 16.0
116 5418 16.0
116 5419 16.0
117 5420 16.0
117 5421 16.0
117 5422 16.0
117 5423 16.0
117 5424 16.0
117 5425 16.0
117 5426 16.0
117 5427 16.0
117 5428 16.0
117 5429 16.0
117 5430 16.0
117 5431 16.0
117 5432 16.0
117 5433 16.0
117 5434 16.0
117 5435 16.0
117 5436 16.0
117 5437 16.0
117 5438 16.0
117 5439 16.0
117 5440 16.0
117 5441 16.0
117 5442 16.0
117 5443 16.0
117 5444 16.0
117 5445 16.0
117 5446 16.0
117 5447 16.0
117 5448 16.0
117 5449 16.0
117 5450 16.0
117 5451 16.0
117 5452 16.0
117 5453 16.0
117 5454 16.0
117 5455 16.0
117 5456 16.0
117 5457 16.0
117 5458 16.0
117 5459 16.0
117 5460 16.0
117 5461 16.0
117 5462 16.0
117 5463 16.0
118 5464 16.0
118 5465 16.0
118 5466 16.0
118 5467 16.0
118 5468 16.0
118 5469 16.0
118 5470 16.0
118 5471 16.0
118 5472 16.0
118 5473 16.0
118 5474 16.0
118 5475 16.0
118 5476 16.0
118 5477 16.0
118 5478 16.0
118 5479 16.0
118 5480 16.0
118 5481 16.0
118 5482 16.0
118 5483 16.0
118 5484 16.0
118 5485 16.0
118 5486 16.0
118 5487 16.0
118 5488 16.0
118 5489 16.0
118 5490 16.0
118 5491 16.0
118 5492 16.0
118 5493 16.0
118 5494 16.0
118 5495 16.0
118 5496 16.0
118 5497 16.0
118 5498 16.0
118 5499 16.0
118 5500 16.0
118 5501 16.0
118 5502 16.0
118 5503 16.0
118 5504 16.0
118 5505 16.0
118 5506 16.0
118 5507 16.0
118 5508 16.0
118 5509 16.0
118 5510 16.0
118 5511 16.0
118 5512 16.0
119 5513 16.0
119 5514 16.0
119 5515 16.0
119 5516 16.0
119 5517 16.0
119 5518 16.0
119 5519 16.0
119 5520 16.0
119 5521 16.0
119 5522 16.0
119 5523 16.0
119 5524 16.0
119 5525 16.0
119 5526 16.0
119 5527 16.0
119 5528 16.0
119 5529 16.0
119 5530 16.0
119 5531 16.0
119 5532 16.0
119 5533 16.0
119 5534 16.0
119 5535 16.0
119 5536 16.0
119 5537 16.0
119 5538 16.0
119 5539 16.0
119 5540 16.0
119 5541 16.0
119 5542 16.0
119 5543 16.0
119 5544 16.0
119 5545 16.0
119 5546 16.0
119 5547 16.0
119 5548 16.0
119 5549 16.0
119 5550 16.0
119 5551 16.0
120 5552 16.0
120 5553 16.0
120 5554 16.0
120 5555 16.0
120 5556 16.0
120 5557 16.0
120 5558 16.0
120 5559 16.0
120 5560 16.0
120 5561 16.0
120 5562 16.0
120 5563 16.0
120 5564 16.0
120 5565 16.0
120 5566 16.0
120 5567 16.0
120 5568 16.0
120 5569 16.0
120 5570 16.0
120 5571 16.0
120 5572 16.0
120 5573 16.0
120 5574 16.0
120 5575 16.0
120 5576 16.0
120 5577 16.0
120 5578 16.0
120 5579 16.0
120 5580 16.0
120 5581 16.0
120 5582 16.0
120 5583 16.0
120 5584 16.0
120 5585 16.0
120 5586 16.0
120 5587 16.0
120 5588 16.0
120 5589 16.0
120 5590 16.0
120 5591 16.0
120 5592 16.0
120 5593 16.0
120 5594 16.0
120 5595 16.0
120 5596 16.0
120 5597 16.0
120 5598 16.0
120 5599 16.0
120 5600 16.0
120 5601 16.0
120 5602 16.0
121 5603 16.0
