0 1 49.5
1 2 49.5
1 3 47.8
1 4 47.8
1 5 47.4
1 6 47.4
1 7 47.4
1 8 47.4
1 9 47.4
1 10 47.4
1 11 47.0
1 12 47.0
1 13 47.0
1 14 47.0
1 15 47.0
1 16 47.0
1 17 47.0
1 18 46.8
1 19 46.8
1 20 46.8
1 21 45.0
1 22 45.0
1 23 45.0
1 24 45.0
1 25 45.0
1 26 45.0
1 27 45.0
1 28 45.0
1 29 45.0
1 30 45.0
1 31 45.0
1 32 45.0
1 33 45.0
1 34 44.8
1 35 44.8
1 36 44.8
2 37 44.8
2 38 44.8
2 39 44.8
2 40 44.8
2 41 44.8
2 42 44.5
2 43 44.5
2 44 44.5
2 45 44.5
2 46 44.5
2 47 44.5
2 48 44.5
2 49 44.5
2 50 44.5
2 51 44.5
2 52 44.4
2 53 44.4
2 54 44.4
2 55 44.4
2 56 44.4
2 57 44.4
2 58 44.4
2 59 44.4
2 60 44.4
2 61 44.4
2 62 44.4
2 63 44.4
2 64 44.4
2 65 44.4
2 66 44.4
2 67 44.4
2 68 44.4
2 69 44.4
2 70 44.4
2 71 44.4
2 72 44.4
2 73 44.4
2 74 44.4
2 75 44.4
2 76 44.4
2 77 44.4
2 78 44.4
2 79 44.4
3 80 44.4
3 81 44.4
3 82 44.4
3 83 44.4
3 84 44.4
3 85 44.4
3 86 44.4
3 87 44.0
3 88 44.0
3 89 44.0
3 90 44.0
3 91 44.0
3 92 42.4
3 93 42.4
3 94 42.4
3 95 42.4
3 96 42.4
3 97 41.6
3 98 41.6
3 99 41.6
3 100 41.6
3 101 41.6
3 102 41.6
3 103 41.6
3 104 41.6
3 105 41.6
3 106 41.6
3 107 41.6
3 108 41.6
3 109 41.6
3 110 41.6
3 111 41.6
3 112 41.6
3 113 41.6
3 114 41.6
3 115 41.6
3 116 41.6
3 117 41.6
3 118 41.6
3 119 41.6
4 120 41.6
4 121 41.6
4 122 41.6
4 123 41.6
4 124 41.6
4 125 41.6
4 126 41.6
4 127 41.6
4 128 41.6
4 129 41.6
4 130 41.6
4 131 41.6
4 132 41.6
4 133 41.6
4 134 41.6
4 135 41.6
4 136 41.6
4 137 41.6
4 138 41.6
4 139 41.6
4 140 41.6
4 141 41.6
4 142 41.6
4 143 41.6
4 144 41.6
4 145 41.6
4 146 41.6
4 147 41.6
4 148 41.6
4 149 41.6
4 150 41.6
4 151 41.6
4 152 41.6
4 153 41.6
4 154 41.6
4 155 41.6
4 156 41.6
4 157 41.6
4 158 41.6
4 159 41.6
4 160 41.6
4 161 41.6
4 162 41.6
4 163 41.6
4 164 41.6
4 165 41.6
4 166 41.6
4 167 41.6
5 168 41.6
5 169 41.6
5 170 41.6
5 171 41.6
5 172 41.6
5 173 41.6
5 174 41.6
5 175 41.6
5 176 41.6
5 177 41.6
5 178 41.6
5 179 41.6
5 180 41.6
5 181 41.6
5 182 41.6
5 183 41.6
5 184 41.6
5 185 41.6
5 186 41.6
5 187 41.6
5 188 41.6
5 189 41.6
5 190 41.6
5 191 41.6
5 192 41.6
5 193 41.6
5 194 41.6
5 195 41.6
5 196 41.6
5 197 41.6
5 198 41.6
5 199 41.6
5 200 41.6
5 201 41.6
5 202 41.6
5 203 41.6
5 204 41.6
5 205 41.6
5 206 41.6
5 207 41.6
5 208 41.6
5 209 41.6
5 210 41.6
5 211 41.6
5 212 41.6
5 213 41.6
5 214 41.6
5 215 41.6
5 216 41.6
5 217 41.6
6 218 41.6
6 219 41.6
6 220 41.6
6 221 41.6
6 222 41.6
6 223 41.6
6 224 41.6
6 225 41.6
6 226 41.6
6 227 41.6
6 228 41.6
6 229 41.6
6 230 41.6
6 231 41.6
6 232 41.6
6 233 41.6
6 234 41.6
6 235 41.6
6 236 41.6
6 237 41.6
6 238 41.6
6 239 41.6
6 240 41.6
6 241 41.6
6 242 41.6
6 243 41.6
6 244 41.6
6 245 41.6
6 246 41.6
6 247 41.6
6 248 41.6
6 249 41.6
6 250 41.6
6 251 41.6
6 252 41.6
6 253 41.6
6 254 41.6
6 255 41.6
6 256 41.6
6 257 41.6
6 258 41.6
6 259 41.6
6 260 41.6
6 261 41.6
6 262 41.6
6 263 41.6
6 264 41.6
6 265 41.6
6 266 41.6
6 267 41.6
7 268 41.6
7 269 41.6
7 270 41.6
7 271 41.6
7 272 41.6
7 273 41.6
7 274 41.6
7 275 41.6
7 276 41.6
7 277 41.6
7 278 41.6
7 279 41.6
7 280 41.6
7 281 41.6
7 282 41.6
7 283 41.6
7 284 41.6
7 285 41.6
7 286 41.6
7 287 41.6
7 288 41.6
7 289 41.6
7 290 41.6
7 291 41.6
7 292 41.6
7 293 41.6
7 294 41.6
7 295 41.6
7 296 41.6
7 297 41.6
7 298 41.6
7 299 41.6
7 300 41.6
7 301 41.6
7 302 41.6
7 303 41.6
7 304 41.6
7 305 41.6
7 306 41.6
7 307 41.6
7 308 41.6
7 309 41.6
7 310 41.6
7 311 41.6
7 312 41.6
7 313 41.6
7 314 41.6
8 315 41.6
8 316 41.6
8 317 41.6
8 318 41.6
8 319 41.6
8 320 41.6
8 321 41.6
8 322 41.6
8 323 41.6
8 324 41.6
8 325 41.6
8 326 41.6
8 327 41.6
8 328 41.6
8 329 41.6
8 330 41.6
8 331 41.6
8 332 41.6
8 333 41.6
8 334 41.6
8 335 41.6
8 336 41.6
8 337 41.6
8 338 41.6
8 339 41.6
8 340 41.6
8 341 41.6
8 342 41.6
8 343 41.6
8 344 41.6
8 345 41.6
8 346 41.6
8 347 41.6
8 348 41.6
8 349 41.6
8 350 41.6
8 351 41.6
8 352 41.6
8 353 41.6
8 354 41.6
8 355 41.6
8 356 41.6
8 357 41.6
8 358 41.6
8 359 41.6
8 360 41.6
8 361 41.6
8 362 41.6
8 363 41.6
8 364 41.6
9 365 41.6
9 366 41.6
9 367 41.6
9 368 41.6
9 369 41.6
9 370 41.6
9 371 41.6
9 372 41.6
9 373 41.6
9 374 41.6
9 375 41.6
9 376 41.6
9 377 41.6
9 378 41.6
9 379 41.6
9 380 41.6
9 381 41.6
9 382 41.6
9 383 41.6
9 384 41.6
9 385 41.6
9 386 41.6
9 387 41.6
9 388 41.6
9 389 41.6
9 390 40.2
9 391 40.2
9 392 40.2
9 393 40.2
9 394 40.2
9 395 40.2
9 396 40.2
9 397 40.2
9 398 39.3
9 399 39.3
9 400 38.7
9 401 38.7
9 402 38.7
9 403 38.7
9 404 38.6
9 405 38.6
9 406 38.6
9 407 38.6
9 408 38.6
9 409 38.6
9 410 38.6
9 411 38.6
9 412 38.6
9 413 38.6
10 414 38.6
10 415 38.6
10 416 38.6
10 417 38.6
10 418 38.6
10 419 38.0
10 420 38.0
10 421 38.0
10 422 38.0
10 423 38.0
10 424 38.0
10 425 38.0
10 426 37.5
10 427 37.5
10 428 37.5
10 429 37.2
10 430 37.2
10 431 37.2
10 432 37.2
10 433 37.2
10 434 37.2
10 435 34.0
10 436 34.0
10 437 34.0
10 438 34.0
10 439 34.0
10 440 32.4
10 441 32.4
10 442 32.4
10 443 32.4
10 444 32.4
10 445 32.4
10 446 32.4
10 447 32.4
10 448 32.4
10 449 32.4
10 450 32.4
10 451 32.4
10 452 32.4
10 453 31.4
10 454 31.4
10 455 31.4
10 456 31.4
10 457 30.6
10 458 30.6
10 459 30.6
10 460 30.6
10 461 30.4
10 462 30.4
10 463 30.4
11 464 30.4
11 465 30.4
11 466 30.4
11 467 30.4
11 468 30.4
11 469 30.4
11 470 30.4
11 471 30.4
11 472 30.4
11 473 30.4
11 474 28.8
11 475 28.8
11 476 28.8
11 477 28.8
11 478 28.8
11 479 28.8
11 480 28.8
11 481 28.8
11 482 28.8
11 483 28.8
11 484 28.8
11 485 28.8
11 486 28.8
11 487 28.8
11 488 28.8
11 489 28.8
11 490 28.8
11 491 28.8
11 492 28.8
11 493 28.8
11 494 28.8
11 495 28.8
11 496 28.8
11 497 28.8
11 498 28.8
11 499 28.8
11 500 28.8
11 501 28.8
11 502 28.8
11 503 28.8
11 504 28.8
11 505 28.8
11 506 28.8
11 507 28.8
11 508 28.8
11 509 28.8
11 510 28.8
11 511 28.8
11 512 28.8
12 513 28.8
12 514 28.8
12 515 28.8
12 516 28.8
12 517 28.8
12 518 28.8
12 519 28.8
12 520 28.8
12 521 28.8
12 522 28.8
12 523 28.8
12 524 28.8
12 525 28.8
12 526 28.8
12 527 28.8
12 528 28.8
12 529 28.8
12 530 28.8
12 531 28.8
12 532 28.8
12 533 28.8
12 534 28.8
12 535 28.8
12 536 28.8
12 537 28.8
12 538 28.8
12 539 28.8
12 540 28.8
12 541 28.8
12 542 28.8
12 543 28.8
12 544 28.8
12 545 28.8
12 546 28.8
12 547 28.8
12 548 28.8
12 549 28.8
12 550 28.8
12 551 28.8
12 552 28.8
12 553 28.8
12 554 28.8
12 555 28.8
12 556 28.8
12 557 28.8
12 558 28.8
12 559 28.8
12 560 28.8
12 561 28.8
12 562 28.8
12 563 28.8
12 564 28.8
13 565 28.8
13 566 28.8
13 567 28.8
13 568 28.8
13 569 28.8
13 570 28.8
13 571 28.8
13 572 28.8
13 573 28.8
13 574 28.8
13 575 28.8
13 576 28.8
13 577 28.8
13 578 28.8
13 579 28.8
13 580 28.8
13 581 28.8
13 582 28.8
13 583 28.8
13 584 28.8
13 585 28.8
13 586 28.8
13 587 28.8
13 588 28.8
13 589 28.8
13 590 28.8
13 591 28.8
13 592 28.8
13 593 28.8
13 594 28.8
13 595 28.8
13 596 28.8
13 597 28.8
13 598 28.8
13 599 28.8
13 600 28.8
13 601 28.8
13 602 28.8
13 603 28.8
13 604 28.8
13 605 28.8
13 606 28.8
13 607 28.8
13 608 28.8
13 609 28.8
13 610 28.8
13 611 28.8
13 612 28.8
13 613 28.8
13 614 28.8
13 615 28.8
13 616 28.8
14 617 28.8
14 618 28.8
14 619 28.8
14 620 28.8
14 621 28.8
14 622 28.8
14 623 28.8
14 624 28.8
14 625 28.8
14 626 28.8
14 627 28.8
14 628 28.8
14 629 28.8
14 630 28.8
14 631 28.8
14 632 28.8
14 633 28.8
14 634 28.8
14 635 28.8
14 636 28.8
14 637 28.8
14 638 28.8
14 639 28.8
14 640 28.8
14 641 28.8
14 642 28.8
14 643 28.8
14 644 28.8
14 645 28.8
14 646 28.8
14 647 28.8
14 648 28.8
14 649 28.8
14 650 28.8
14 651 28.8
14 652 28.8
14 653 28.8
14 654 28.8
14 655 28.8
14 656 28.8
14 657 28.8
14 658 28.8
14 659 28.8
14 660 28.8
14 661 28.8
14 662 28.8
14 663 28.8
14 664 28.8
14 665 28.8
15 666 28.8
15 667 28.8
15 668 28.8
15 669 28.8
15 670 28.8
15 671 28.8
15 672 28.8
15 673 28.8
15 674 28.8
15 675 28.8
15 676 28.8
15 677 28.8
15 678 28.8
15 679 28.8
15 680 28.8
15 681 28.8
15 682 28.8
15 683 28.8
15 684 28.8
15 685 28.8
15 686 28.8
15 687 28.8
15 688 28.8
15 689 28.8
15 690 28.8
15 691 28.8
15 692 28.8
15 693 28.8
15 694 28.8
15 695 28.8
15 696 28.8
15 697 28.8
15 698 28.8
15 699 28.8
15 700 28.8
15 701 28.8
15 702 28.8
15 703 28.8
15 704 28.8
15 705 28.8
15 706 28.5
15 707 28.5
15 708 28.3
15 709 28.2
15 710 28.2
15 711 28.2
15 712 28.2
15 713 28.2
15 714 28.2
15 715 28.2
15 716 28.2
15 717 28.2
16 718 28.2
16 719 28.2
16 720 28.2
16 721 28.2
16 722 28.2
16 723 28.2
16 724 28.2
16 725 28.2
16 726 28.2
16 727 28.2
16 728 28.2
16 729 28.2
16 730 28.2
16 731 28.2
16 732 28.2
16 733 28.2
16 734 28.2
16 735 28.2
16 736 28.2
16 737 28.2
16 738 28.2
16 739 28.2
16 740 28.2
16 741 28.2
16 742 28.2
16 743 28.2
16 744 28.2
16 745 28.2
16 746 28.2
16 747 28.2
16 748 28.2
16 749 28.2
16 750 28.2
16 751 28.2
16 752 28.2
16 753 28.0
16 754 28.0
16 755 28.0
16 756 28.0
16 757 28.0
16 758 28.0
16 759 28.0
16 760 28.0
16 761 28.0
16 762 28.0
16 763 28.0
16 764 28.0
16 765 28.0
16 766 28.0
17 767 28.0
17 768 28.0
17 769 28.0
17 770 28.0
17 771 28.0
17 772 28.0
17 773 28.0
17 774 27.2
17 775 27.2
17 776 27.2
17 777 27.2
17 778 27.2
17 779 27.2
17 780 27.2
17 781 27.2
17 782 27.2
17 783 27.2
17 784 27.2
17 785 27.2
17 786 27.2
17 787 27.2
17 788 27.2
17 789 27.2
17 790 27.2
17 791 27.2
17 792 27.2
17 793 27.2
17 794 27.2
17 795 27.2
17 796 27.2
17 797 27.2
17 798 27.2
17 799 27.2
17 800 27.2
17 801 27.2
17 802 27.2
17 803 27.2
17 804 27.2
17 805 27.2
17 806 27.2
17 807 27.2
17 808 27.2
17 809 27.2
17 810 27.2
17 811 27.2
17 812 27.2
17 813 27.2
17 814 27.2
18 815 27.2
18 816 27.2
18 817 27.2
18 818 27.2
18 819 27.2
18 820 27.2
18 821 27.2
18 822 27.2
18 823 27.2
18 824 27.2
18 825 27.2
18 826 27.2
18 827 27.2
18 828 27.2
18 829 27.2
18 830 27.2
18 831 27.2
18 832 27.2
18 833 27.2
18 834 27.2
18 835 27.2
18 836 27.2
18 837 27.2
18 838 27.2
18 839 27.2
18 840 27.2
18 841 27.2
18 842 27.2
18 843 27.2
18 844 27.2
18 845 27.2
18 846 27.2
18 847 27.2
18 848 27.2
18 849 27.2
18 850 27.2
18 851 27.2
18 852 27.2
18 853 27.2
18 854 27.2
18 855 27.2
18 856 27.2
18 857 27.2
18 858 27.2
18 859 27.2
18 860 27.2
18 861 27.2
18 862 27.2
18 863 27.2
18 864 27.2
18 865 27.2
19 866 27.2
19 867 27.2
19 868 27.2
19 869 27.2
19 870 27.2
19 871 27.2
19 872 27.2
19 873 27.2
19 874 27.2
19 875 27.2
19 876 27.2
19 877 27.2
19 878 27.2
19 879 27.2
19 880 27.2
19 881 27.2
19 882 27.2
19 883 27.2
19 884 27.2
19 885 27.2
19 886 27.2
19 887 27.2
19 888 27.2
19 889 27.2
19 890 27.2
19 891 27.2
19 892 27.2
19 893 27.2
19 894 27.2
19 895 27.2
19 896 27.2
19 897 27.2
19 898 27.2
19 899 27.2
19 900 27.2
19 901 27.2
19 902 27.2
19 903 27.2
19 904 27.2
19 905 27.2
19 906 27.2
19 907 27.2
19 908 27.2
19 909 27.2
19 910 27.2
19 911 27.2
19 912 27.2
19 913 27.2
19 914 27.2
19 915 27.2
19 916 27.2
19 917 27.2
20 918 27.2
20 919 27.2
20 920 27.2
20 921 27.2
20 922 27.2
20 923 27.2
20 924 27.2
20 925 27.2
20 926 27.2
20 927 27.2
20 928 27.2
20 929 27.2
20 930 27.2
20 931 27.2
20 932 27.2
20 933 27.2
20 934 27.2
20 935 27.2
20 936 27.2
20 937 27.2
20 938 27.2
20 939 27.2
20 940 27.2
20 941 27.2
20 942 27.2
20 943 27.2
20 944 27.2
20 945 27.2
20 946 27.2
20 947 27.2
20 948 27.2
20 949 27.2
20 950 27.2
20 951 27.2
20 952 27.2
20 953 27.2
20 954 27.2
20 955 27.2
20 956 27.2
20 957 27.2
20 958 27.2
20 959 27.2
20 960 27.2
20 961 27.2
20 962 27.2
20 963 27.2
20 964 27.2
20 965 27.2
20 966 27.2
21 967 27.2
21 968 27.2
21 969 27.2
21 970 27.2
21 971 27.2
21 972 27.2
21 973 27.2
21 974 27.2
21 975 27.2
21 976 27.2
21 977 27.2
21 978 27.2
21 979 27.2
21 980 27.2
21 981 27.2
21 982 27.2
21 983 27.2
21 984 27.2
21 985 27.2
21 986 27.2
21 987 27.2
21 988 27.2
21 989 27.2
21 990 27.2
21 991 27.2
21 992 27.2
21 993 27.2
21 994 27.2
21 995 27.2
21 996 27.2
21 997 27.2
21 998 27.2
21 999 27.2
21 1000 27.2
21 1001 27.2
21 1002 27.2
21 1003 27.2
21 1004 27.2
21 1005 27.2
21 1006 27.2
21 1007 27.2
21 1008 27.2
21 1009 27.2
21 1010 27.2
21 1011 27.2
21 1012 27.2
21 1013 27.2
21 1014 27.2
21 1015 27.2
21 1016 27.2
22 1017 27.2
22 1018 27.2
22 1019 27.2
22 1020 27.2
22 1021 27.2
22 1022 27.2
22 1023 27.2
22 1024 27.2
22 1025 27.2
22 1026 27.2
22 1027 27.2
22 1028 27.2
22 1029 27.2
22 1030 27.2
22 1031 27.2
22 1032 27.2
22 1033 27.2
22 1034 27.2
22 1035 27.2
22 1036 27.2
22 1037 27.2
22 1038 27.2
22 1039 27.2
22 1040 27.2
22 1041 27.2
22 1042 27.2
22 1043 27.2
22 1044 27.2
22 1045 27.2
22 1046 27.2
22 1047 27.2
22 1048 27.2
22 1049 27.2
22 1050 27.2
22 1051 27.2
22 1052 27.2
22 1053 27.2
22 1054 27.2
22 1055 27.2
22 1056 27.2
22 1057 27.2
22 1058 27.2
22 1059 27.2
22 1060 27.2
22 1061 27.2
22 1062 27.2
22 1063 27.2
22 1064 27.2
22 1065 27.2
22 1066 27.2
22 1067 27.2
23 1068 27.2
23 1069 27.2
23 1070 27.2
23 1071 27.2
23 1072 27.2
23 1073 27.2
23 1074 27.2
23 1075 27.2
23 1076 27.2
23 1077 27.2
23 1078 27.2
23 1079 27.2
23 1080 27.2
23 1081 27.2
23 1082 27.2
23 1083 27.2
23 1084 27.2
23 1085 27.2
23 1086 27.2
23 1087 27.2
23 1088 27.2
23 1089 27.2
23 1090 27.2
23 1091 27.2
23 1092 27.2
23 1093 27.2
23 1094 27.2
23 1095 27.2
23 1096 27.2
23 1097 27.2
23 1098 27.2
23 1099 27.2
23 1100 27.2
23 1101 27.2
23 1102 27.2
23 1103 27.2
23 1104 27.2
23 1105 27.2
23 1106 27.2
23 1107 27.2
23 1108 27.2
23 1109 27.2
23 1110 27.2
23 1111 27.2
23 1112 27.2
23 1113 27.2
23 1114 27.2
23 1115 27.2
23 1116 27.2
23 1117 27.2
24 1118 27.2
24 1119 27.2
24 1120 27.2
24 1121 27.2
24 1122 27.2
24 1123 27.2
24 1124 27.2
24 1125 27.2
24 1126 27.2
24 1127 27.2
24 1128 27.2
24 1129 27.2
24 1130 27.2
24 1131 27.2
24 1132 27.2
24 1133 27.2
24 1134 27.2
24 1135 27.2
24 1136 27.2
24 1137 27.2
24 1138 27.2
24 1139 27.2
24 1140 27.2
24 1141 27.2
24 1142 27.2
24 1143 27.2
24 1144 27.2
24 1145 27.2
24 1146 27.2
24 1147 27.2
24 1148 27.2
24 1149 27.2
24 1150 27.2
24 1151 27.2
24 1152 27.2
24 1153 27.2
24 1154 27.2
24 1155 27.2
24 1156 27.2
24 1157 27.2
24 1158 27.2
24 1159 27.2
24 1160 27.2
24 1161 27.2
24 1162 27.2
24 1163 27.2
24 1164 27.2
24 1165 27.2
24 1166 27.2
24 1167 27.2
24 1168 27.2
25 1169 27.2
25 1170 27.2
25 1171 27.2
25 1172 27.2
25 1173 27.2
25 1174 27.2
25 1175 26.9
25 1176 26.9
25 1177 26.9
25 1178 26.9
25 1179 26.9
25 1180 26.9
25 1181 26.8
25 1182 26.8
25 1183 26.8
25 1184 26.8
25 1185 26.8
25 1186 26.4
25 1187 26.4
25 1188 26.0
25 1189 26.0
25 1190 26.0
25 1191 26.0
25 1192 26.0
25 1193 26.0
25 1194 26.0
25 1195 26.0
25 1196 26.0
25 1197 26.0
25 1198 26.0
25 1199 26.0
25 1200 26.0
25 1201 26.0
25 1202 26.0
25 1203 26.0
25 1204 26.0
25 1205 26.0
25 1206 26.0
25 1207 26.0
25 1208 26.0
25 1209 26.0
25 1210 26.0
25 1211 26.0
25 1212 26.0
25 1213 26.0
25 1214 26.0
25 1215 26.0
25 1216 26.0
25 1217 26.0
25 1218 26.0
26 1219 26.0
26 1220 26.0
26 1221 26.0
26 1222 26.0
26 1223 26.0
26 1224 26.0
26 1225 26.0
26 1226 26.0
26 1227 26.0
26 1228 26.0
26 1229 26.0
26 1230 26.0
26 1231 26.0
26 1232 26.0
26 1233 26.0
26 1234 26.0
26 1235 26.0
26 1236 26.0
26 1237 26.0
26 1238 26.0
26 1239 26.0
26 1240 26.0
26 1241 26.0
26 1242 26.0
26 1243 26.0
26 1244 26.0
26 1245 26.0
26 1246 26.0
26 1247 26.0
26 1248 26.0
26 1249 26.0
26 1250 26.0
26 1251 26.0
26 1252 26.0
26 1253 26.0
26 1254 26.0
26 1255 26.0
26 1256 26.0
26 1257 26.0
26 1258 26.0
26 1259 26.0
26 1260 26.0
26 1261 26.0
26 1262 26.0
26 1263 26.0
26 1264 26.0
26 1265 26.0
26 1266 26.0
26 1267 26.0
26 1268 26.0
27 1269 26.0
27 1270 26.0
27 1271 26.0
27 1272 26.0
27 1273 26.0
27 1274 26.0
27 1275 26.0
27 1276 26.0
27 1277 26.0
27 1278 26.0
27 1279 26.0
27 1280 26.0
27 1281 26.0
27 1282 26.0
27 1283 26.0
27 1284 26.0
27 1285 26.0
27 1286 26.0
27 1287 26.0
27 1288 26.0
27 1289 26.0
27 1290 26.0
27 1291 26.0
27 1292 26.0
27 1293 26.0
27 1294 26.0
27 1295 26.0
27 1296 26.0
27 1297 26.0
27 1298 26.0
27 1299 26.0
27 1300 26.0
27 1301 26.0
27 1302 26.0
27 1303 26.0
27 1304 26.0
27 1305 26.0
27 1306 26.0
27 1307 26.0
27 1308 26.0
27 1309 26.0
27 1310 26.0
27 1311 26.0
27 1312 26.0
27 1313 26.0
27 1314 26.0
27 1315 26.0
27 1316 26.0
27 1317 26.0
28 1318 26.0
28 1319 26.0
28 1320 26.0
28 1321 26.0
28 1322 26.0
28 1323 26.0
28 1324 26.0
28 1325 26.0
28 1326 26.0
28 1327 26.0
28 1328 26.0
28 1329 26.0
28 1330 26.0
28 1331 26.0
28 1332 26.0
28 1333 26.0
28 1334 26.0
28 1335 26.0
28 1336 26.0
28 1337 26.0
28 1338 26.0
28 1339 26.0
28 1340 26.0
28 1341 26.0
28 1342 26.0
28 1343 26.0
28 1344 26.0
28 1345 26.0
28 1346 26.0
28 1347 26.0
28 1348 26.0
28 1349 26.0
28 1350 26.0
28 1351 26.0
28 1352 26.0
28 1353 26.0
28 1354 26.0
28 1355 26.0
28 1356 26.0
28 1357 26.0
28 1358 26.0
28 1359 26.0
28 1360 26.0
28 1361 26.0
28 1362 26.0
28 1363 26.0
28 1364 26.0
28 1365 26.0
28 1366 26.0
28 1367 26.0
29 1368 26.0
29 1369 26.0
29 1370 26.0
29 1371 26.0
29 1372 26.0
29 1373 26.0
29 1374 26.0
29 1375 26.0
29 1376 26.0
29 1377 26.0
29 1378 26.0
29 1379 26.0
29 1380 26.0
29 1381 26.0
29 1382 26.0
29 1383 26.0
29 1384 26.0
29 1385 26.0
29 1386 26.0
29 1387 26.0
29 1388 26.0
29 1389 26.0
29 1390 26.0
29 1391 26.0
29 1392 26.0
29 1393 26.0
29 1394 26.0
29 1395 26.0
29 1396 26.0
29 1397 26.0
29 1398 26.0
29 1399 26.0
29 1400 26.0
29 1401 26.0
29 1402 26.0
29 1403 26.0
29 1404 26.0
29 1405 26.0
29 1406 26.0
29 1407 26.0
29 1408 26.0
29 1409 26.0
29 1410 26.0
29 1411 26.0
29 1412 26.0
29 1413 26.0
29 1414 26.0
29 1415 26.0
29 1416 26.0
29 1417 26.0
29 1418 26.0
30 1419 26.0
30 1420 26.0
30 1421 26.0
30 1422 26.0
30 1423 26.0
30 1424 26.0
30 1425 26.0
30 1426 26.0
30 1427 26.0
30 1428 26.0
30 1429 26.0
30 1430 26.0
30 1431 26.0
30 1432 26.0
30 1433 26.0
30 1434 26.0
30 1435 26.0
30 1436 26.0
30 1437 26.0
30 1438 26.0
30 1439 26.0
30 1440 26.0
30 1441 26.0
30 1442 26.0
30 1443 26.0
30 1444 26.0
30 1445 26.0
30 1446 26.0
30 1447 26.0
30 1448 26.0
30 1449 26.0
30 1450 26.0
30 1451 26.0
30 1452 26.0
30 1453 26.0
30 1454 26.0
30 1455 26.0
30 1456 26.0
30 1457 26.0
30 1458 26.0
30 1459 26.0
30 1460 26.0
30 1461 26.0
30 1462 26.0
30 1463 26.0
30 1464 26.0
30 1465 26.0
30 1466 26.0
30 1467 26.0
30 1468 26.0
31 1469 26.0
31 1470 26.0
31 1471 26.0
31 1472 26.0
31 1473 26.0
31 1474 26.0
31 1475 26.0
31 1476 26.0
31 1477 26.0
31 1478 26.0
31 1479 26.0
31 1480 26.0
31 1481 26.0
31 1482 26.0
31 1483 26.0
31 1484 26.0
31 1485 26.0
31 1486 26.0
31 1487 26.0
31 1488 26.0
31 1489 26.0
31 1490 26.0
31 1491 26.0
31 1492 26.0
31 1493 26.0
31 1494 26.0
31 1495 26.0
31 1496 26.0
31 1497 26.0
31 1498 26.0
31 1499 26.0
31 1500 26.0
31 1501 26.0
31 1502 26.0
31 1503 26.0
31 1504 26.0
31 1505 26.0
31 1506 26.0
31 1507 26.0
31 1508 26.0
32 1509 26.0
32 1510 26.0
32 1511 26.0
32 1512 26.0
32 1513 26.0
32 1514 26.0
32 1515 26.0
32 1516 26.0
32 1517 26.0
32 1518 26.0
32 1519 26.0
32 1520 26.0
32 1521 26.0
32 1522 26.0
32 1523 26.0
32 1524 26.0
32 1525 26.0
32 1526 26.0
32 1527 26.0
32 1528 26.0
32 1529 26.0
32 1530 26.0
32 1531 26.0
32 1532 26.0
32 1533 26.0
32 1534 26.0
32 1535 26.0
33 1536 26.0
33 1537 26.0
33 1538 26.0
33 1539 26.0
33 1540 26.0
33 1541 26.0
33 1542 26.0
33 1543 26.0
33 1544 26.0
33 1545 26.0
33 1546 26.0
33 1547 26.0
33 1548 26.0
33 1549 26.0
33 1550 26.0
33 1551 26.0
33 1552 26.0
33 1553 26.0
33 1554 26.0
33 1555 26.0
33 1556 26.0
33 1557 26.0
33 1558 26.0
33 1559 26.0
33 1560 26.0
33 1561 26.0
33 1562 26.0
33 1563 26.0
33 1564 26.0
33 1565 26.0
33 1566 26.0
33 1567 26.0
33 1568 26.0
33 1569 26.0
33 1570 26.0
33 1571 26.0
33 1572 26.0
33 1573 26.0
33 1574 26.0
33 1575 26.0
33 1576 26.0
33 1577 26.0
34 1578 26.0
34 1579 26.0
34 1580 26.0
34 1581 26.0
34 1582 26.0
34 1583 26.0
34 1584 26.0
34 1585 26.0
34 1586 26.0
34 1587 26.0
34 1588 26.0
34 1589 26.0
34 1590 26.0
34 1591 26.0
34 1592 26.0
34 1593 26.0
34 1594 26.0
34 1595 26.0
34 1596 26.0
34 1597 26.0
34 1598 26.0
34 1599 26.0
34 1600 26.0
34 1601 26.0
34 1602 26.0
34 1603 26.0
34 1604 26.0
34 1605 26.0
34 1606 26.0
34 1607 26.0
34 1608 26.0
34 1609 26.0
34 1610 26.0
34 1611 26.0
34 1612 26.0
34 1613 26.0
34 1614 26.0
34 1615 26.0
34 1616 25.7
34 1617 25.7
34 1618 25.7
34 1619 25.7
34 1620 25.7
34 1621 25.7
34 1622 25.7
34 1623 25.6
34 1624 25.6
34 1625 25.6
35 1626 25.6
35 1627 25.6
35 1628 25.6
35 1629 25.6
35 1630 25.6
35 1631 25.6
35 1632 25.6
35 1633 25.6
35 1634 25.6
35 1635 25.6
35 1636 25.6
35 1637 25.6
35 1638 25.6
35 1639 25.6
35 1640 25.6
35 1641 25.6
35 1642 25.6
35 1643 25.6
35 1644 25.6
35 1645 25.6
35 1646 25.6
35 1647 25.6
35 1648 25.6
35 1649 25.6
35 1650 25.6
35 1651 25.6
35 1652 25.6
35 1653 25.6
35 1654 25.6
35 1655 25.6
35 1656 25.6
35 1657 25.6
35 1658 25.6
35 1659 25.6
35 1660 25.6
35 1661 25.6
35 1662 25.6
35 1663 25.6
35 1664 25.6
35 1665 25.6
35 1666 25.6
35 1667 25.6
35 1668 25.6
35 1669 25.6
35 1670 25.6
35 1671 25.6
35 1672 25.6
35 1673 25.6
35 1674 25.6
35 1675 25.6
36 1676 25.6
36 1677 25.6
36 1678 25.6
36 1679 25.6
36 1680 25.6
36 1681 25.6
36 1682 25.6
36 1683 25.6
36 1684 25.6
36 1685 25.6
36 1686 25.6
36 1687 25.6
36 1688 25.6
36 1689 25.6
36 1690 25.6
36 1691 25.6
36 1692 25.6
36 1693 25.6
36 1694 25.6
36 1695 25.6
36 1696 25.6
36 1697 25.6
36 1698 25.6
36 1699 25.6
36 1700 25.6
36 1701 25.6
36 1702 25.6
36 1703 25.6
36 1704 25.6
36 1705 25.6
37 1706 25.6
37 1707 25.6
37 1708 25.6
37 1709 25.6
37 1710 25.6
37 1711 25.6
37 1712 25.6
37 1713 25.6
37 1714 25.6
37 1715 25.6
37 1716 25.6
37 1717 25.6
37 1718 25.6
37 1719 25.6
37 1720 25.6
37 1721 25.6
37 1722 25.6
37 1723 25.6
37 1724 25.6
37 1725 25.6
37 1726 25.6
37 1727 25.6
37 1728 25.6
37 1729 25.6
37 1730 25.6
37 1731 25.6
37 1732 25.6
37 1733 25.6
37 1734 25.6
37 1735 25.6
37 1736 25.6
37 1737 25.6
37 1738 25.6
37 1739 25.6
37 1740 25.6
37 1741 25.6
37 1742 25.6
37 1743 25.6
37 1744 25.6
37 1745 25.6
37 1746 25.6
37 1747 25.6
37 1748 25.6
38 1749 25.6
38 1750 25.6
38 1751 25.6
38 1752 25.6
38 1753 25.6
38 1754 25.6
38 1755 25.6
38 1756 25.6
38 1757 25.6
38 1758 25.6
38 1759 25.6
38 1760 25.6
38 1761 25.6
38 1762 25.6
38 1763 25.6
38 1764 25.6
38 1765 25.6
38 1766 25.6
38 1767 25.6
38 1768 25.6
38 1769 25.6
38 1770 25.6
38 1771 25.6
38 1772 25.6
38 1773 25.6
38 1774 25.6
38 1775 25.6
38 1776 25.6
38 1777 25.6
38 1778 25.6
38 1779 25.6
38 1780 25.6
38 1781 25.6
38 1782 25.6
38 1783 25.6
38 1784 25.6
38 1785 25.6
38 1786 25.6
38 1787 25.6
38 1788 25.6
38 1789 25.6
38 1790 25.6
38 1791 25.6
38 1792 25.6
38 1793 25.6
39 1794 25.6
39 1795 25.6
39 1796 25.6
39 1797 25.6
39 1798 25.6
39 1799 25.6
39 1800 25.6
39 1801 25.6
39 1802 25.6
39 1803 25.6
39 1804 25.6
39 1805 25.6
39 1806 25.6
39 1807 25.6
39 1808 25.6
39 1809 25.6
39 1810 25.6
39 1811 25.6
39 1812 25.6
39 1813 25.6
39 1814 25.6
39 1815 25.6
39 1816 25.6
39 1817 25.6
39 1818 25.6
39 1819 25.6
39 1820 25.6
39 1821 25.6
39 1822 25.6
39 1823 25.6
39 1824 25.6
39 1825 25.6
39 1826 25.6
39 1827 25.6
39 1828 25.6
39 1829 25.6
39 1830 25.6
39 1831 25.6
39 1832 25.6
39 1833 25.6
39 1834 25.6
39 1835 25.6
39 1836 25.6
39 1837 25.6
39 1838 25.6
39 1839 25.6
39 1840 25.6
40 1841 25.6
40 1842 25.6
40 1843 25.6
40 1844 25.6
40 1845 25.6
40 1846 25.6
40 1847 25.6
40 1848 25.6
40 1849 25.6
40 1850 25.6
40 1851 25.6
40 1852 25.6
40 1853 25.6
40 1854 25.6
40 1855 25.6
40 1856 25.6
40 1857 25.6
40 1858 25.6
40 1859 25.6
40 1860 25.6
40 1861 25.6
40 1862 25.6
40 1863 25.6
40 1864 25.6
40 1865 25.6
40 1866 25.6
40 1867 25.6
40 1868 25.6
40 1869 25.6
40 1870 24.9
40 1871 24.9
40 1872 24.9
40 1873 24.9
40 1874 24.9
40 1875 24.9
40 1876 24.9
40 1877 24.9
40 1878 24.8
40 1879 24.8
40 1880 24.8
40 1881 24.8
40 1882 24.8
40 1883 24.8
40 1884 24.8
40 1885 24.8
40 1886 24.8
41 1887 24.8
41 1888 24.8
41 1889 24.8
41 1890 24.8
41 1891 24.8
41 1892 23.1
41 1893 23.1
41 1894 23.1
41 1895 23.0
41 1896 23.0
41 1897 23.0
41 1898 21.7
41 1899 21.7
41 1900 21.7
41 1901 21.7
41 1902 21.6
41 1903 21.6
41 1904 21.6
41 1905 21.6
41 1906 21.6
41 1907 21.6
41 1908 21.6
41 1909 21.6
41 1910 21.6
41 1911 21.6
41 1912 21.6
41 1913 20.6
41 1914 20.6
41 1915 20.6
41 1916 20.6
41 1917 20.6
41 1918 20.6
41 1919 20.6
41 1920 20.6
41 1921 20.6
41 1922 20.6
41 1923 20.6
41 1924 20.6
41 1925 20.6
41 1926 20.6
41 1927 20.6
41 1928 20.0
41 1929 20.0
41 1930 20.0
41 1931 20.0
42 1932 20.0
42 1933 20.0
42 1934 20.0
42 1935 20.0
42 1936 20.0
42 1937 20.0
42 1938 20.0
42 1939 20.0
42 1940 20.0
42 1941 20.0
42 1942 20.0
42 1943 20.0
42 1944 20.0
42 1945 20.0
42 1946 20.0
42 1947 20.0
42 1948 20.0
42 1949 20.0
42 1950 20.0
42 1951 19.8
42 1952 19.8
42 1953 19.8
42 1954 19.8
42 1955 19.8
42 1956 19.8
42 1957 19.8
42 1958 19.8
42 1959 19.8
42 1960 19.8
42 1961 19.8
42 1962 19.8
42 1963 19.8
42 1964 19.8
42 1965 19.8
42 1966 19.8
42 1967 19.8
42 1968 19.8
42 1969 19.8
42 1970 19.8
42 1971 19.8
42 1972 19.8
42 1973 19.8
42 1974 19.8
42 1975 19.8
42 1976 19.8
42 1977 19.8
42 1978 19.8
42 1979 19.8
42 1980 19.8
43 1981 19.8
43 1982 19.8
43 1983 19.8
43 1984 19.8
43 1985 19.8
43 1986 19.8
43 1987 19.8
43 1988 19.8
43 1989 19.8
43 1990 19.8
43 1991 19.8
43 1992 19.8
43 1993 19.8
43 1994 19.8
43 1995 19.8
43 1996 19.8
43 1997 19.8
43 1998 19.8
43 1999 19.8
43 2000 19.8
43 2001 19.8
43 2002 19.8
43 2003 19.8
43 2004 19.8
43 2005 19.8
43 2006 19.8
43 2007 19.8
43 2008 19.8
43 2009 19.8
43 2010 19.8
43 2011 19.8
43 2012 19.8
43 2013 19.8
43 2014 19.8
43 2015 19.8
43 2016 19.8
43 2017 19.8
43 2018 19.8
43 2019 19.8
43 2020 19.8
43 2021 19.8
43 2022 19.8
43 2023 19.8
43 2024 19.8
43 2025 19.8
43 2026 19.8
43 2027 19.8
43 2028 19.8
43 2029 19.8
44 2030 19.8
44 2031 19.8
44 2032 19.8
44 2033 19.8
44 2034 19.8
44 2035 19.8
44 2036 19.8
44 2037 19.8
44 2038 19.8
44 2039 19.8
44 2040 19.8
44 2041 19.8
44 2042 19.8
44 2043 19.8
44 2044 19.8
44 2045 19.8
44 2046 19.8
44 2047 19.8
44 2048 19.8
44 2049 19.8
44 2050 19.8
44 2051 19.8
44 2052 19.8
44 2053 19.8
44 2054 19.8
44 2055 19.8
44 2056 19.8
44 2057 19.8
44 2058 19.8
44 2059 19.8
44 2060 19.8
44 2061 19.8
44 2062 19.8
44 2063 19.8
44 2064 19.8
44 2065 19.8
44 2066 19.8
44 2067 19.8
44 2068 19.8
44 2069 19.8
44 2070 19.8
44 2071 19.8
44 2072 19.8
45 2073 19.8
45 2074 19.8
45 2075 19.8
45 2076 19.8
45 2077 19.8
45 2078 19.8
45 2079 19.8
45 2080 19.8
45 2081 19.8
45 2082 19.8
45 2083 19.8
45 2084 19.8
45 2085 19.8
45 2086 19.8
45 2087 19.8
45 2088 19.8
45 2089 19.8
45 2090 19.8
45 2091 19.8
45 2092 19.8
45 2093 19.8
45 2094 19.8
45 2095 19.8
45 2096 19.8
45 2097 19.8
45 2098 19.8
45 2099 19.8
45 2100 19.8
45 2101 19.8
45 2102 19.8
45 2103 19.8
45 2104 19.8
45 2105 19.8
45 2106 19.8
45 2107 19.8
45 2108 19.8
45 2109 19.8
45 2110 19.8
45 2111 19.8
45 2112 19.8
45 2113 19.8
45 2114 19.8
45 2115 19.8
46 2116 19.8
46 2117 19.8
46 2118 19.8
46 2119 19.8
46 2120 19.8
46 2121 19.8
46 2122 19.8
46 2123 19.8
46 2124 19.8
46 2125 19.8
46 2126 19.8
46 2127 19.8
46 2128 19.8
46 2129 19.8
46 2130 19.8
46 2131 19.6
46 2132 19.6
46 2133 19.6
46 2134 19.4
46 2135 19.4
46 2136 19.4
46 2137 19.4
46 2138 19.4
46 2139 19.4
46 2140 19.4
46 2141 19.4
46 2142 19.4
46 2143 19.4
46 2144 19.4
46 2145 19.4
46 2146 19.4
46 2147 19.4
46 2148 19.4
46 2149 19.4
46 2150 19.4
46 2151 19.4
46 2152 19.4
46 2153 19.4
46 2154 19.4
46 2155 19.4
46 2156 19.4
47 2157 19.4
47 2158 19.4
47 2159 19.4
47 2160 19.4
47 2161 19.4
47 2162 19.4
47 2163 19.4
47 2164 19.4
47 2165 19.4
47 2166 19.4
47 2167 19.4
47 2168 19.4
47 2169 19.4
47 2170 19.4
47 2171 19.4
47 2172 19.4
47 2173 19.4
47 2174 19.4
47 2175 19.4
47 2176 19.4
47 2177 19.4
47 2178 19.4
47 2179 19.4
47 2180 19.4
47 2181 19.4
47 2182 19.4
47 2183 19.4
47 2184 19.4
47 2185 19.4
47 2186 19.4
47 2187 19.4
47 2188 19.4
47 2189 19.4
47 2190 19.4
47 2191 19.4
47 2192 19.4
47 2193 19.4
47 2194 19.4
47 2195 19.4
48 2196 19.4
48 2197 19.4
48 2198 19.4
48 2199 19.4
48 2200 19.4
48 2201 19.4
48 2202 19.4
48 2203 19.4
48 2204 19.4
48 2205 19.4
48 2206 19.4
48 2207 19.4
48 2208 19.4
48 2209 19.4
48 2210 19.4
48 2211 19.4
48 2212 19.4
48 2213 19.4
48 2214 19.4
48 2215 19.4
48 2216 19.4
48 2217 19.4
48 2218 19.4
48 2219 19.4
48 2220 19.4
48 2221 19.4
48 2222 19.4
48 2223 19.4
48 2224 19.4
48 2225 19.4
48 2226 19.4
48 2227 19.4
48 2228 19.4
48 2229 19.4
48 2230 19.4
48 2231 19.4
48 2232 19.4
48 2233 19.4
48 2234 19.4
48 2235 19.4
49 2236 19.4
49 2237 19.4
49 2238 19.4
49 2239 19.4
49 2240 19.4
49 2241 19.4
49 2242 19.4
49 2243 19.4
49 2244 19.4
49 2245 19.4
49 2246 19.4
49 2247 19.4
49 2248 19.4
49 2249 19.4
49 2250 19.4
49 2251 19.4
49 2252 19.4
49 2253 19.4
49 2254 19.4
49 2255 19.4
49 2256 19.4
49 2257 19.4
49 2258 19.4
49 2259 19.4
49 2260 19.4
49 2261 19.4
49 2262 19.4
49 2263 19.4
49 2264 19.4
49 2265 19.4
49 2266 19.4
49 2267 19.4
49 2268 19.4
49 2269 19.4
49 2270 19.4
49 2271 19.4
49 2272 19.4
49 2273 19.4
50 2274 19.4
50 2275 19.4
50 2276 19.4
50 2277 19.4
50 2278 19.4
50 2279 19.4
50 2280 19.4
50 2281 19.4
50 2282 19.4
50 2283 19.4
50 2284 19.4
50 2285 19.4
50 2286 19.4
50 2287 19.4
50 2288 19.4
50 2289 19.4
50 2290 19.4
50 2291 19.4
50 2292 19.4
50 2293 19.4
50 2294 19.4
50 2295 19.4
50 2296 19.4
50 2297 19.4
50 2298 19.4
50 2299 19.4
50 2300 19.4
50 2301 19.4
50 2302 19.4
50 2303 19.4
50 2304 19.4
50 2305 19.4
50 2306 19.4
50 2307 19.4
50 2308 19.4
50 2309 19.4
50 2310 19.4
51 2311 19.4
51 2312 19.4
51 2313 19.4
51 2314 19.4
51 2315 19.4
51 2316 19.4
51 2317 19.4
51 2318 19.4
51 2319 19.4
51 2320 19.4
51 2321 19.4
51 2322 19.4
51 2323 19.4
51 2324 19.4
51 2325 19.4
51 2326 19.4
51 2327 19.4
51 2328 19.4
51 2329 19.4
51 2330 19.4
51 2331 19.4
51 2332 19.4
51 2333 19.4
51 2334 19.4
51 2335 19.4
51 2336 19.4
51 2337 19.4
51 2338 19.4
51 2339 19.4
51 2340 19.4
51 2341 19.4
51 2342 19.4
51 2343 19.4
51 2344 19.4
51 2345 19.4
51 2346 19.4
51 2347 19.4
51 2348 19.4
52 2349 19.4
52 2350 19.4
52 2351 19.4
52 2352 19.4
52 2353 19.4
52 2354 19.4
52 2355 19.4
52 2356 19.4
52 2357 18.8
52 2358 18.8
52 2359 18.7
52 2360 18.7
52 2361 18.6
52 2362 18.6
52 2363 18.6
52 2364 18.6
52 2365 18.6
52 2366 18.5
52 2367 18.5
52 2368 18.5
52 2369 18.5
52 2370 18.5
52 2371 18.5
52 2372 18.5
52 2373 18.5
52 2374 18.5
52 2375 18.5
52 2376 18.4
52 2377 18.4
52 2378 18.4
52 2379 17.9
52 2380 17.9
52 2381 17.9
52 2382 17.9
52 2383 17.9
52 2384 17.9
52 2385 17.9
52 2386 17.9
52 2387 17.9
52 2388 17.9
53 2389 17.9
53 2390 17.8
53 2391 17.8
53 2392 17.8
53 2393 17.8
53 2394 17.8
53 2395 17.8
53 2396 17.8
53 2397 17.8
53 2398 17.8
53 2399 17.8
53 2400 17.8
53 2401 17.8
53 2402 17.8
53 2403 17.8
53 2404 17.8
53 2405 17.8
53 2406 17.8
53 2407 17.8
53 2408 17.8
53 2409 17.8
53 2410 17.8
53 2411 17.8
53 2412 17.8
53 2413 17.8
53 2414 17.8
53 2415 17.8
53 2416 17.8
53 2417 17.8
53 2418 17.8
53 2419 17.8
53 2420 17.8
53 2421 17.8
53 2422 17.8
53 2423 17.8
53 2424 17.8
53 2425 17.8
53 2426 17.8
53 2427 17.8
53 2428 17.8
53 2429 17.7
53 2430 17.7
53 2431 17.7
53 2432 17.7
54 2433 17.7
54 2434 17.7
54 2435 17.7
54 2436 17.6
54 2437 17.6
54 2438 17.6
54 2439 17.6
54 2440 17.6
54 2441 17.5
54 2442 17.5
54 2443 17.5
54 2444 17.5
54 2445 17.5
54 2446 17.5
54 2447 17.5
54 2448 17.5
54 2449 17.5
54 2450 17.5
54 2451 17.5
54 2452 17.5
54 2453 17.5
54 2454 17.5
54 2455 17.5
54 2456 17.5
54 2457 17.5
54 2458 17.5
54 2459 17.5
54 2460 17.5
54 2461 17.5
54 2462 17.5
54 2463 17.5
54 2464 17.5
54 2465 17.5
54 2466 17.5
54 2467 17.5
54 2468 17.5
54 2469 17.5
54 2470 17.5
54 2471 17.5
54 2472 17.5
54 2473 17.5
54 2474 17.4
54 2475 17.4
54 2476 17.4
55 2477 17.4
55 2478 17.4
55 2479 17.4
55 2480 17.4
55 2481 17.4
55 2482 17.4
55 2483 17.4
55 2484 17.4
55 2485 17.4
55 2486 17.4
55 2487 17.4
55 2488 17.4
55 2489 17.4
55 2490 17.4
55 2491 17.4
55 2492 17.4
55 2493 17.4
55 2494 17.2
55 2495 17.2
55 2496 17.2
55 2497 17.2
55 2498 17.2
55 2499 17.2
55 2500 17.2
55 2501 17.2
55 2502 17.2
55 2503 17.2
55 2504 17.2
55 2505 17.2
55 2506 17.2
55 2507 17.2
55 2508 17.2
55 2509 17.2
55 2510 17.2
55 2511 17.2
55 2512 17.2
55 2513 17.2
55 2514 17.2
55 2515 17.2
55 2516 17.2
55 2517 17.2
55 2518 17.2
55 2519 17.2
55 2520 17.2
55 2521 17.2
55 2522 17.2
56 2523 17.2
56 2524 17.2
56 2525 17.2
56 2526 17.2
56 2527 17.2
56 2528 17.2
56 2529 17.2
56 2530 17.2
56 2531 17.2
56 2532 17.2
56 2533 17.2
56 2534 17.2
56 2535 17.2
56 2536 17.2
56 2537 17.2
56 2538 17.2
56 2539 17.2
56 2540 17.2
56 2541 17.2
56 2542 17.2
56 2543 17.2
56 2544 17.2
56 2545 17.2
56 2546 17.2
56 2547 17.2
56 2548 17.2
56 2549 17.2
56 2550 17.2
56 2551 17.2
56 2552 17.2
56 2553 17.2
56 2554 17.2
56 2555 17.2
56 2556 17.2
56 2557 17.2
56 2558 17.2
56 2559 17.2
56 2560 17.2
56 2561 17.2
56 2562 17.2
57 2563 17.2
57 2564 17.2
57 2565 17.2
57 2566 17.2
57 2567 17.2
57 2568 17.2
57 2569 17.2
57 2570 17.2
57 2571 17.2
57 2572 17.2
57 2573 17.2
57 2574 17.2
57 2575 17.2
57 2576 17.2
57 2577 17.2
57 2578 17.2
57 2579 17.2
57 2580 17.2
57 2581 17.2
57 2582 17.2
57 2583 17.2
57 2584 17.2
57 2585 17.2
57 2586 17.2
57 2587 17.2
57 2588 17.2
57 2589 17.2
57 2590 17.2
57 2591 17.2
57 2592 17.2
57 2593 17.2
57 2594 17.2
57 2595 17.2
57 2596 17.2
57 2597 17.2
57 2598 17.2
57 2599 17.2
57 2600 17.2
57 2601 17.2
57 2602 17.2
57 2603 17.2
58 2604 17.2
58 2605 17.2
58 2606 17.2
58 2607 17.2
58 2608 17.2
58 2609 17.2
58 2610 17.2
58 2611 17.2
58 2612 17.2
58 2613 17.2
58 2614 17.2
58 2615 17.2
58 2616 17.2
58 2617 17.2
58 2618 17.2
58 2619 17.2
58 2620 17.2
58 2621 17.2
58 2622 17.2
58 2623 17.2
58 2624 17.2
58 2625 17.2
58 2626 17.2
58 2627 17.2
58 2628 17.2
58 2629 17.2
58 2630 17.2
58 2631 17.2
58 2632 17.2
58 2633 17.2
58 2634 17.2
58 2635 17.2
58 2636 17.2
58 2637 17.2
58 2638 17.2
58 2639 17.2
58 2640 17.2
58 2641 17.2
58 2642 17.2
58 2643 17.2
58 2644 17.2
58 2645 17.2
58 2646 17.2
58 2647 17.2
58 2648 17.2
59 2649 17.2
59 2650 17.2
59 2651 17.2
59 2652 17.2
59 2653 17.2
59 2654 17.2
59 2655 17.2
59 2656 17.2
59 2657 17.2
59 2658 17.2
59 2659 17.2
59 2660 17.2
59 2661 17.2
59 2662 17.2
59 2663 17.2
59 2664 17.2
59 2665 17.2
59 2666 17.2
59 2667 17.2
59 2668 17.2
59 2669 17.2
59 2670 17.2
59 2671 17.2
59 2672 17.2
59 2673 17.2
59 2674 17.2
59 2675 17.2
59 2676 17.2
59 2677 17.2
59 2678 17.2
59 2679 17.2
59 2680 17.2
59 2681 17.2
59 2682 17.2
59 2683 17.2
59 2684 17.2
59 2685 17.2
59 2686 17.2
59 2687 17.2
59 2688 17.2
59 2689 17.2
59 2690 17.2
59 2691 17.2
59 2692 17.2
59 2693 17.2
59 2694 17.2
59 2695 17.2
59 2696 17.2
59 2697 17.2
60 2698 17.2
60 2699 17.2
60 2700 17.2
60 2701 17.2
60 2702 17.2
60 2703 17.2
60 2704 17.2
60 2705 17.2
60 2706 17.2
60 2707 17.2
60 2708 17.2
60 2709 17.2
60 2710 17.2
60 2711 17.2
60 2712 17.2
60 2713 17.2
60 2714 17.2
60 2715 17.2
60 2716 17.2
60 2717 17.2
60 2718 17.2
60 2719 17.2
60 2720 17.2
60 2721 17.2
60 2722 17.2
60 2723 17.2
60 2724 17.2
60 2725 17.2
60 2726 17.2
60 2727 17.2
60 2728 17.2
60 2729 17.2
60 2730 17.2
60 2731 17.2
60 2732 17.2
60 2733 17.2
60 2734 17.2
60 2735 17.2
60 2736 17.2
60 2737 17.2
61 2738 17.2
61 2739 17.2
61 2740 17.2
61 2741 17.2
61 2742 17.2
61 2743 17.2
61 2744 17.2
61 2745 17.2
61 2746 17.2
61 2747 17.2
61 2748 17.2
61 2749 17.2
61 2750 17.2
61 2751 17.2
61 2752 17.2
61 2753 17.2
61 2754 17.2
61 2755 17.2
61 2756 17.2
61 2757 17.2
61 2758 17.2
61 2759 17.2
61 2760 17.2
61 2761 17.2
61 2762 17.2
61 2763 17.2
61 2764 17.2
61 2765 17.2
61 2766 17.2
61 2767 17.2
61 2768 17.0
61 2769 17.0
61 2770 17.0
61 2771 17.0
61 2772 17.0
61 2773 17.0
61 2774 17.0
61 2775 17.0
61 2776 17.0
61 2777 17.0
61 2778 17.0
61 2779 17.0
61 2780 17.0
61 2781 17.0
61 2782 17.0
62 2783 17.0
62 2784 17.0
62 2785 17.0
62 2786 16.8
62 2787 16.8
62 2788 16.8
62 2789 16.8
62 2790 16.8
62 2791 16.8
62 2792 16.8
62 2793 16.8
62 2794 16.8
62 2795 16.8
62 2796 16.8
62 2797 16.8
62 2798 16.8
62 2799 16.8
62 2800 16.8
62 2801 16.8
62 2802 16.8
62 2803 16.8
62 2804 16.8
62 2805 16.8
62 2806 16.8
62 2807 16.8
62 2808 16.8
62 2809 16.8
62 2810 16.8
62 2811 16.8
62 2812 16.8
62 2813 16.8
62 2814 16.8
62 2815 16.8
62 2816 16.8
62 2817 16.8
62 2818 16.8
62 2819 16.8
62 2820 16.8
62 2821 16.8
62 2822 16.8
62 2823 16.8
62 2824 16.8
62 2825 16.8
62 2826 16.8
62 2827 16.8
62 2828 16.8
62 2829 16.8
62 2830 16.8
62 2831 16.8
62 2832 16.8
63 2833 16.8
63 2834 16.8
63 2835 16.8
63 2836 16.8
63 2837 16.8
63 2838 16.8
63 2839 16.8
63 2840 16.8
63 2841 16.8
63 2842 16.8
63 2843 16.8
63 2844 16.8
63 2845 16.8
63 2846 16.8
63 2847 16.8
63 2848 16.8
63 2849 16.8
63 2850 16.8
63 2851 16.8
63 2852 16.8
63 2853 16.8
63 2854 16.8
63 2855 16.8
63 2856 16.8
63 2857 16.8
63 2858 16.8
63 2859 16.8
63 2860 16.8
63 2861 16.8
63 2862 16.8
63 2863 16.8
63 2864 16.8
63 2865 16.8
63 2866 16.8
63 2867 16.8
63 2868 16.8
63 2869 16.8
63 2870 16.8
63 2871 16.8
63 2872 16.8
63 2873 16.8
63 2874 16.8
63 2875 16.8
63 2876 16.8
63 2877 16.8
63 2878 16.8
63 2879 16.8
63 2880 16.8
64 2881 16.8
64 2882 16.8
64 2883 16.8
64 2884 16.8
64 2885 16.8
64 2886 16.8
64 2887 16.8
64 2888 16.8
64 2889 16.8
64 2890 16.8
64 2891 16.8
64 2892 16.8
64 2893 16.8
64 2894 16.8
64 2895 16.8
64 2896 16.8
64 2897 16.8
64 2898 16.7
64 2899 16.7
64 2900 16.5
64 2901 16.3
64 2902 16.3
64 2903 16.3
64 2904 16.3
64 2905 16.3
64 2906 16.3
64 2907 16.2
64 2908 16.2
64 2909 16.2
64 2910 16.2
64 2911 16.1
64 2912 16.1
64 2913 16.1
64 2914 16.1
64 2915 16.1
64 2916 16.1
64 2917 16.1
64 2918 16.1
64 2919 16.1
64 2920 16.1
64 2921 16.1
64 2922 16.1
64 2923 16.1
64 2924 16.1
64 2925 16.1
64 2926 16.1
64 2927 16.1
64 2928 16.1
64 2929 16.1
65 2930 16.1
65 2931 16.1
65 2932 16.1
65 2933 16.1
65 2934 16.1
65 2935 16.1
65 2936 16.1
65 2937 16.1
65 2938 16.1
65 2939 16.0
65 2940 16.0
65 2941 16.0
65 2942 16.0
65 2943 16.0
65 2944 16.0
65 2945 16.0
65 2946 16.0
65 2947 16.0
65 2948 16.0
65 2949 16.0
65 2950 16.0
65 2951 16.0
65 2952 16.0
65 2953 16.0
65 2954 16.0
65 2955 16.0
65 2956 16.0
65 2957 16.0
65 2958 16.0
65 2959 16.0
65 2960 16.0
65 2961 16.0
65 2962 16.0
65 2963 16.0
65 2964 16.0
65 2965 16.0
65 2966 16.0
65 2967 16.0
65 2968 16.0
65 2969 16.0
65 2970 16.0
65 2971 16.0
65 2972 16.0
65 2973 16.0
65 2974 16.0
66 2975 16.0
66 2976 16.0
66 2977 16.0
66 2978 16.0
66 2979 16.0
66 2980 16.0
66 2981 16.0
66 2982 16.0
66 2983 16.0
66 2984 16.0
66 2985 16.0
66 2986 16.0
66 2987 16.0
66 2988 16.0
66 2989 16.0
66 2990 16.0
66 2991 16.0
66 2992 16.0
66 2993 16.0
66 2994 16.0
66 2995 16.0
66 2996 16.0
66 2997 16.0
66 2998 16.0
66 2999 16.0
66 3000 16.0
66 3001 16.0
66 3002 16.0
66 3003 16.0
66 3004 16.0
66 3005 16.0
66 3006 16.0
66 3007 16.0
66 3008 16.0
66 3009 16.0
66 3010 16.0
66 3011 16.0
66 3012 16.0
66 3013 16.0
66 3014 16.0
66 3015 16.0
66 3016 16.0
66 3017 16.0
66 3018 16.0
66 3019 16.0
67 3020 16.0
67 3021 16.0
67 3022 16.0
67 3023 16.0
67 3024 16.0
67 3025 16.0
67 3026 16.0
67 3027 16.0
67 3028 16.0
67 3029 16.0
67 3030 16.0
67 3031 16.0
67 3032 16.0
67 3033 16.0
67 3034 16.0
67 3035 16.0
67 3036 16.0
67 3037 16.0
67 3038 16.0
67 3039 16.0
67 3040 16.0
67 3041 16.0
67 3042 16.0
67 3043 16.0
67 3044 16.0
67 3045 16.0
67 3046 16.0
67 3047 16.0
67 3048 16.0
67 3049 16.0
67 3050 16.0
67 3051 16.0
67 3052 16.0
67 3053 16.0
67 3054 16.0
67 3055 16.0
67 3056 16.0
67 3057 16.0
67 3058 16.0
67 3059 16.0
67 3060 16.0
67 3061 16.0
67 3062 16.0
67 3063 16.0
67 3064 16.0
67 3065 16.0
67 3066 16.0
67 3067 16.0
68 3068 16.0
68 3069 16.0
68 3070 16.0
68 3071 16.0
68 3072 16.0
68 3073 16.0
68 3074 16.0
68 3075 16.0
68 3076 16.0
68 3077 16.0
68 3078 16.0
68 3079 16.0
68 3080 16.0
68 3081 16.0
68 3082 16.0
68 3083 16.0
68 3084 16.0
68 3085 16.0
68 3086 16.0
68 3087 16.0
68 3088 16.0
68 3089 16.0
68 3090 16.0
68 3091 16.0
68 3092 16.0
68 3093 16.0
68 3094 16.0
68 3095 16.0
68 3096 16.0
68 3097 16.0
68 3098 16.0
68 3099 16.0
68 3100 16.0
68 3101 16.0
68 3102 16.0
68 3103 16.0
68 3104 16.0
68 3105 16.0
68 3106 16.0
68 3107 16.0
68 3108 16.0
68 3109 16.0
68 3110 16.0
68 3111 16.0
68 3112 16.0
68 3113 16.0
68 3114 16.0
68 3115 16.0
68 3116 16.0
68 3117 16.0
68 3118 16.0
69 3119 16.0
69 3120 16.0
69 3121 16.0
69 3122 16.0
69 3123 16.0
69 3124 16.0
69 3125 16.0
69 3126 16.0
69 3127 16.0
69 3128 16.0
69 3129 16.0
69 3130 16.0
69 3131 16.0
69 3132 16.0
69 3133 16.0
69 3134 16.0
69 3135 16.0
69 3136 16.0
69 3137 16.0
69 3138 16.0
69 3139 16.0
69 3140 16.0
69 3141 16.0
69 3142 16.0
69 3143 16.0
69 3144 16.0
69 3145 16.0
69 3146 16.0
69 3147 16.0
69 3148 16.0
69 3149 16.0
69 3150 16.0
69 3151 16.0
69 3152 16.0
69 3153 16.0
69 3154 16.0
69 3155 16.0
69 3156 16.0
69 3157 16.0
69 3158 16.0
69 3159 16.0
69 3160 16.0
69 3161 16.0
69 3162 16.0
69 3163 16.0
69 3164 16.0
69 3165 16.0
70 3166 16.0
70 3167 16.0
70 3168 16.0
70 3169 16.0
70 3170 16.0
70 3171 16.0
70 3172 16.0
70 3173 16.0
70 3174 16.0
70 3175 16.0
70 3176 16.0
70 3177 16.0
70 3178 16.0
70 3179 16.0
70 3180 16.0
70 3181 16.0
70 3182 16.0
70 3183 16.0
70 3184 16.0
70 3185 16.0
70 3186 16.0
70 3187 16.0
70 3188 16.0
70 3189 16.0
70 3190 16.0
70 3191 16.0
70 3192 16.0
70 3193 16.0
70 3194 16.0
70 3195 16.0
70 3196 16.0
70 3197 16.0
70 3198 16.0
70 3199 16.0
70 3200 16.0
70 3201 16.0
70 3202 16.0
70 3203 16.0
70 3204 16.0
70 3205 16.0
70 3206 16.0
70 3207 16.0
70 3208 16.0
70 3209 16.0
70 3210 16.0
70 3211 16.0
70 3212 16.0
70 3213 16.0
70 3214 16.0
70 3215 16.0
70 3216 16.0
71 3217 16.0
71 3218 16.0
71 3219 16.0
71 3220 16.0
71 3221 16.0
71 3222 16.0
71 3223 16.0
71 3224 16.0
71 3225 16.0
71 3226 16.0
71 3227 16.0
71 3228 16.0
71 3229 16.0
71 3230 16.0
71 3231 16.0
71 3232 16.0
71 3233 16.0
71 3234 16.0
71 3235 16.0
71 3236 16.0
71 3237 16.0
71 3238 16.0
71 3239 16.0
71 3240 16.0
71 3241 16.0
71 3242 16.0
71 3243 16.0
71 3244 16.0
71 3245 16.0
71 3246 16.0
71 3247 16.0
71 3248 16.0
71 3249 16.0
71 3250 16.0
71 3251 16.0
71 3252 16.0
71 3253 16.0
71 3254 16.0
71 3255 16.0
71 3256 16.0
71 3257 16.0
71 3258 16.0
71 3259 16.0
71 3260 16.0
71 3261 16.0
71 3262 16.0
71 3263 16.0
71 3264 16.0
71 3265 16.0
72 3266 16.0
72 3267 16.0
72 3268 16.0
72 3269 16.0
72 3270 16.0
72 3271 16.0
72 3272 16.0
72 3273 16.0
72 3274 16.0
72 3275 16.0
72 3276 16.0
72 3277 16.0
72 3278 16.0
72 3279 16.0
72 3280 16.0
72 3281 16.0
72 3282 16.0
72 3283 16.0
72 3284 16.0
72 3285 16.0
72 3286 16.0
72 3287 16.0
72 3288 16.0
72 3289 16.0
72 3290 16.0
72 3291 16.0
72 3292 16.0
72 3293 16.0
72 3294 16.0
72 3295 16.0
72 3296 16.0
72 3297 16.0
72 3298 16.0
72 3299 16.0
72 3300 16.0
72 3301 16.0
72 3302 16.0
72 3303 16.0
72 3304 16.0
72 3305 16.0
72 3306 16.0
72 3307 16.0
72 3308 16.0
72 3309 16.0
72 3310 16.0
72 3311 16.0
72 3312 16.0
72 3313 16.0
72 3314 16.0
72 3315 16.0
73 3316 16.0
73 3317 16.0
73 3318 16.0
73 3319 16.0
73 3320 16.0
73 3321 16.0
73 3322 16.0
73 3323 16.0
73 3324 16.0
73 3325 16.0
73 3326 16.0
73 3327 16.0
73 3328 16.0
73 3329 16.0
73 3330 16.0
73 3331 16.0
73 3332 16.0
73 3333 16.0
73 3334 16.0
73 3335 16.0
73 3336 16.0
73 3337 16.0
73 3338 16.0
73 3339 16.0
73 3340 16.0
73 3341 16.0
73 3342 16.0
73 3343 16.0
73 3344 16.0
73 3345 16.0
73 3346 16.0
73 3347 16.0
73 3348 16.0
73 3349 16.0
73 3350 16.0
73 3351 16.0
73 3352 16.0
73 3353 16.0
73 3354 16.0
73 3355 16.0
73 3356 16.0
73 3357 16.0
73 3358 16.0
73 3359 16.0
73 3360 16.0
73 3361 16.0
73 3362 16.0
73 3363 16.0
73 3364 16.0
73 3365 16.0
74 3366 16.0
74 3367 16.0
74 3368 16.0
74 3369 16.0
74 3370 16.0
74 3371 16.0
74 3372 16.0
74 3373 16.0
74 3374 16.0
74 3375 16.0
74 3376 16.0
74 3377 16.0
74 3378 16.0
74 3379 16.0
74 3380 16.0
74 3381 16.0
74 3382 16.0
74 3383 15.8
74 3384 15.8
74 3385 15.8
74 3386 15.8
74 3387 15.8
74 3388 15.8
74 3389 15.8
74 3390 15.6
74 3391 15.6
74 3392 15.6
74 3393 15.6
74 3394 15.6
74 3395 15.6
74 3396 15.6
74 3397 15.6
74 3398 15.6
74 3399 15.6
74 3400 15.6
74 3401 15.6
74 3402 15.6
74 3403 15.6
74 3404 15.6
74 3405 15.6
74 3406 15.6
74 3407 15.6
74 3408 15.4
74 3409 15.4
74 3410 15.4
74 3411 15.4
74 3412 15.4
74 3413 15.4
74 3414 15.2
74 3415 15.2
74 3416 15.2
75 3417 15.2
75 3418 15.2
75 3419 15.2
75 3420 15.2
75 3421 15.2
75 3422 15.2
75 3423 15.2
75 3424 15.2
75 3425 15.2
75 3426 15.2
75 3427 15.2
75 3428 15.2
75 3429 15.2
75 3430 15.2
75 3431 15.2
75 3432 15.2
75 3433 15.2
75 3434 15.2
75 3435 15.2
75 3436 15.2
75 3437 15.2
75 3438 15.2
75 3439 15.2
75 3440 15.2
75 3441 15.2
75 3442 15.2
75 3443 15.2
75 3444 15.2
75 3445 15.2
75 3446 15.2
75 3447 15.2
75 3448 15.2
75 3449 15.2
75 3450 15.2
75 3451 15.2
75 3452 15.2
75 3453 15.2
75 3454 15.2
75 3455 15.2
75 3456 15.2
75 3457 15.2
75 3458 15.2
75 3459 15.2
75 3460 15.2
75 3461 15.2
75 3462 15.2
75 3463 15.2
75 3464 15.2
75 3465 15.2
75 3466 15.2
75 3467 15.2
76 3468 15.2
76 3469 15.2
76 3470 15.2
76 3471 15.2
76 3472 15.2
76 3473 15.2
76 3474 15.2
76 3475 15.2
76 3476 15.2
76 3477 15.2
76 3478 15.2
76 3479 15.2
76 3480 15.2
76 3481 15.2
76 3482 15.2
76 3483 15.2
76 3484 15.2
76 3485 15.2
76 3486 15.2
76 3487 15.2
76 3488 15.2
76 3489 15.2
76 3490 15.2
76 3491 15.2
76 3492 15.2
76 3493 15.2
76 3494 15.2
76 3495 15.2
76 3496 15.2
76 3497 15.2
76 3498 15.2
76 3499 15.2
76 3500 15.2
76 3501 15.2
76 3502 15.2
76 3503 15.2
76 3504 15.2
76 3505 15.2
76 3506 15.2
76 3507 15.2
76 3508 15.2
76 3509 15.2
76 3510 15.2
76 3511 15.2
76 3512 15.2
76 3513 15.2
76 3514 15.2
76 3515 15.2
76 3516 15.2
76 3517 15.2
76 3518 15.2
77 3519 15.2
77 3520 15.2
77 3521 15.2
77 3522 15.2
77 3523 15.2
77 3524 15.2
77 3525 15.2
77 3526 15.2
77 3527 15.2
77 3528 15.2
77 3529 15.2
77 3530 15.2
77 3531 15.2
77 3532 15.2
77 3533 15.2
77 3534 15.2
77 3535 15.2
77 3536 15.2
77 3537 15.2
77 3538 15.2
77 3539 15.2
77 3540 15.2
77 3541 15.2
77 3542 15.2
77 3543 15.2
77 3544 15.2
77 3545 15.2
77 3546 15.2
77 3547 15.2
77 3548 15.2
77 3549 15.2
77 3550 15.2
77 3551 15.0
77 3552 15.0
77 3553 15.0
77 3554 15.0
77 3555 15.0
77 3556 15.0
77 3557 15.0
77 3558 15.0
77 3559 15.0
77 3560 15.0
77 3561 15.0
77 3562 15.0
77 3563 14.8
77 3564 14.8
77 3565 14.8
77 3566 14.8
77 3567 14.7
77 3568 14.7
77 3569 14.7
78 3570 14.7
78 3571 14.7
78 3572 14.6
78 3573 14.6
78 3574 14.6
78 3575 14.6
78 3576 14.6
78 3577 14.6
78 3578 14.6
78 3579 14.6
78 3580 14.6
78 3581 14.6
78 3582 14.6
78 3583 14.6
78 3584 14.6
78 3585 14.6
78 3586 14.6
78 3587 14.6
78 3588 14.6
78 3589 14.6
78 3590 14.6
78 3591 14.6
78 3592 14.6
78 3593 14.6
78 3594 14.6
78 3595 14.6
78 3596 14.6
78 3597 14.6
78 3598 14.6
78 3599 14.6
78 3600 14.6
78 3601 14.6
78 3602 14.6
78 3603 14.6
78 3604 14.6
78 3605 14.6
78 3606 14.6
78 3607 14.6
78 3608 14.6
78 3609 14.6
78 3610 14.6
78 3611 14.6
78 3612 14.6
78 3613 14.6
78 3614 14.6
78 3615 14.6
78 3616 14.6
78 3617 14.6
78 3618 14.6
78 3619 14.6
79 3620 14.6
79 3621 14.6
79 3622 14.6
79 3623 14.6
79 3624 14.6
79 3625 14.6
79 3626 14.6
79 3627 14.6
79 3628 14.6
79 3629 14.6
79 3630 14.6
79 3631 14.6
79 3632 14.6
79 3633 14.6
79 3634 14.6
79 3635 14.6
79 3636 14.6
79 3637 14.6
79 3638 14.6
79 3639 14.6
79 3640 14.6
79 3641 14.6
79 3642 14.6
79 3643 14.6
79 3644 14.6
79 3645 14.6
79 3646 14.6
79 3647 14.6
79 3648 14.6
79 3649 14.6
79 3650 14.6
79 3651 14.6
79 3652 14.6
79 3653 14.6
79 3654 14.6
79 3655 14.6
79 3656 14.6
79 3657 14.6
79 3658 14.6
79 3659 14.6
79 3660 14.6
79 3661 14.6
79 3662 14.6
79 3663 14.6
79 3664 14.6
79 3665 14.6
79 3666 14.6
79 3667 14.6
79 3668 14.6
79 3669 14.6
79 3670 14.6
79 3671 14.6
79 3672 14.6
80 3673 14.6
80 3674 14.6
80 3675 14.6
80 3676 14.6
80 3677 14.6
80 3678 14.6
80 3679 14.6
80 3680 14.6
80 3681 14.6
80 3682 14.6
80 3683 14.6
80 3684 14.6
80 3685 14.6
80 3686 14.6
80 3687 14.6
80 3688 14.6
80 3689 14.6
80 3690 14.6
80 3691 14.6
80 3692 14.6
80 3693 14.6
80 3694 14.6
80 3695 14.6
80 3696 14.6
80 3697 14.6
80 3698 14.6
80 3699 14.6
80 3700 14.6
80 3701 14.6
80 3702 14.6
80 3703 14.6
80 3704 14.6
80 3705 14.6
80 3706 14.6
80 3707 14.6
80 3708 14.6
80 3709 14.6
80 3710 14.6
80 3711 14.6
80 3712 14.6
80 3713 14.6
80 3714 14.6
80 3715 14.6
80 3716 14.6
80 3717 14.6
80 3718 14.6
80 3719 14.6
80 3720 14.6
80 3721 14.6
80 3722 14.6
80 3723 14.6
80 3724 14.6
81 3725 14.6
81 3726 14.6
81 3727 14.6
81 3728 14.6
81 3729 14.6
81 3730 14.6
81 3731 14.6
81 3732 14.6
81 3733 14.6
81 3734 14.6
81 3735 14.6
81 3736 14.6
81 3737 14.6
81 3738 14.6
81 3739 14.6
81 3740 14.6
81 3741 14.6
81 3742 14.6
81 3743 14.6
81 3744 14.6
81 3745 14.6
81 3746 14.6
81 3747 14.6
81 3748 14.6
81 3749 14.6
81 3750 14.6
81 3751 14.6
81 3752 14.6
81 3753 14.6
81 3754 14.6
81 3755 14.6
81 3756 14.6
81 3757 14.6
81 3758 14.6
81 3759 14.6
81 3760 14.6
81 3761 14.6
81 3762 14.6
81 3763 14.6
81 3764 14.6
81 3765 14.6
81 3766 14.6
81 3767 14.6
81 3768 14.6
81 3769 14.6
81 3770 14.6
81 3771 14.6
81 3772 14.6
81 3773 14.6
81 3774 14.6
81 3775 14.6
81 3776 14.6
81 3777 14.6
81 3778 14.6
82 3779 14.6
82 3780 14.6
82 3781 14.6
82 3782 14.6
82 3783 14.6
82 3784 14.6
82 3785 14.6
82 3786 14.6
82 3787 14.6
82 3788 14.6
82 3789 14.6
82 3790 14.6
82 3791 14.6
82 3792 14.6
82 3793 14.6
82 3794 14.6
82 3795 14.6
82 3796 14.6
82 3797 14.6
82 3798 14.6
82 3799 14.6
82 3800 14.6
82 3801 14.6
82 3802 14.6
82 3803 14.6
82 3804 14.6
82 3805 14.6
82 3806 14.6
82 3807 14.6
82 3808 14.6
82 3809 14.6
82 3810 14.6
82 3811 14.6
82 3812 14.6
82 3813 14.6
82 3814 14.6
82 3815 14.6
82 3816 14.6
82 3817 14.6
82 3818 14.6
82 3819 14.6
82 3820 14.6
82 3821 14.6
82 3822 14.6
82 3823 14.6
82 3824 14.6
82 3825 14.6
82 3826 14.6
82 3827 14.6
82 3828 14.6
83 3829 14.6
83 3830 14.6
83 3831 14.6
83 3832 14.6
83 3833 14.6
83 3834 14.6
83 3835 14.6
83 3836 14.6
83 3837 14.6
83 3838 14.6
83 3839 14.6
83 3840 14.6
83 3841 14.6
83 3842 14.6
83 3843 14.6
83 3844 14.6
83 3845 14.6
83 3846 14.6
83 3847 14.6
83 3848 14.6
83 3849 14.6
83 3850 14.6
83 3851 14.6
83 3852 14.6
83 3853 14.5
83 3854 14.5
83 3855 14.5
83 3856 14.5
83 3857 14.5
83 3858 14.5
83 3859 14.5
83 3860 14.5
83 3861 14.5
83 3862 14.5
83 3863 14.5
83 3864 14.5
83 3865 14.5
83 3866 14.5
83 3867 14.5
83 3868 14.5
83 3869 14.5
83 3870 14.5
83 3871 14.5
83 3872 14.5
83 3873 14.5
83 3874 14.5
83 3875 14.5
83 3876 14.5
83 3877 14.5
83 3878 14.5
83 3879 14.5
84 3880 14.5
84 3881 14.5
84 3882 14.5
84 3883 14.4
84 3884 14.4
84 3885 14.4
84 3886 14.4
84 3887 14.4
84 3888 14.4
84 3889 14.4
84 3890 14.4
84 3891 14.4
84 3892 14.4
84 3893 14.4
84 3894 14.4
84 3895 14.4
84 3896 14.4
84 3897 14.4
84 3898 14.4
84 3899 14.4
84 3900 14.4
84 3901 14.4
84 3902 14.4
84 3903 14.4
84 3904 14.4
84 3905 14.4
84 3906 14.4
84 3907 14.4
84 3908 14.4
84 3909 14.4
84 3910 14.4
84 3911 14.4
84 3912 14.4
84 3913 14.4
84 3914 14.4
84 3915 14.4
84 3916 14.4
84 3917 14.4
84 3918 14.4
84 3919 14.4
84 3920 14.4
84 3921 14.4
84 3922 14.4
84 3923 14.4
84 3924 14.4
84 3925 14.4
84 3926 14.4
84 3927 14.4
84 3928 14.4
84 3929 14.4
85 3930 14.4
85 3931 14.4
85 3932 14.4
85 3933 14.4
85 3934 14.4
85 3935 14.4
85 3936 14.4
85 3937 14.4
85 3938 14.4
85 3939 14.4
85 3940 14.4
85 3941 14.4
85 3942 14.4
85 3943 14.4
85 3944 14.4
85 3945 14.4
85 3946 14.4
85 3947 14.4
85 3948 14.4
85 3949 14.4
85 3950 14.4
85 3951 14.4
85 3952 14.4
85 3953 14.4
85 3954 14.4
85 3955 14.4
85 3956 14.4
85 3957 14.4
85 3958 14.4
85 3959 14.4
85 3960 14.4
85 3961 14.4
85 3962 14.4
85 3963 14.4
85 3964 14.4
85 3965 14.4
85 3966 14.4
85 3967 14.4
85 3968 14.4
85 3969 14.4
85 3970 14.4
85 3971 14.4
85 3972 14.4
85 3973 14.4
85 3974 14.4
85 3975 14.4
85 3976 14.4
85 3977 14.4
85 3978 14.4
85 3979 14.4
85 3980 14.4
86 3981 14.4
86 3982 14.4
86 3983 14.4
86 3984 14.4
86 3985 14.4
86 3986 14.4
86 3987 14.4
86 3988 14.4
86 3989 14.4
86 3990 14.4
86 3991 14.4
86 3992 14.4
86 3993 14.4
86 3994 14.4
86 3995 14.4
86 3996 14.4
86 3997 14.4
86 3998 14.4
86 3999 14.4
86 4000 14.4
86 4001 14.4
86 4002 14.4
86 4003 14.4
86 4004 14.4
86 4005 14.4
86 4006 14.4
86 4007 14.4
86 4008 14.4
86 4009 14.4
86 4010 14.4
86 4011 14.4
86 4012 14.4
86 4013 14.4
86 4014 14.4
86 4015 14.4
86 4016 14.4
86 4017 14.4
86 4018 14.4
86 4019 14.4
86 4020 14.4
86 4021 14.4
86 4022 14.4
86 4023 14.4
86 4024 14.4
86 4025 14.4
86 4026 14.4
86 4027 14.4
86 4028 14.4
86 4029 14.4
86 4030 14.4
87 4031 14.4
87 4032 14.4
87 4033 14.4
87 4034 14.4
87 4035 14.4
87 4036 14.4
87 4037 14.4
87 4038 14.4
87 4039 14.4
87 4040 14.4
87 4041 14.4
87 4042 14.4
87 4043 14.4
87 4044 14.4
87 4045 14.4
87 4046 14.4
87 4047 14.4
87 4048 14.4
87 4049 14.4
87 4050 14.4
87 4051 14.4
87 4052 14.4
87 4053 14.4
87 4054 14.4
87 4055 14.4
87 4056 14.4
87 4057 14.4
87 4058 14.4
87 4059 14.4
87 4060 14.4
87 4061 14.4
87 4062 14.4
87 4063 14.4
87 4064 14.4
87 4065 14.4
87 4066 14.4
87 4067 14.4
87 4068 14.4
87 4069 14.4
87 4070 14.4
87 4071 14.4
87 4072 14.4
87 4073 14.4
87 4074 14.4
87 4075 14.4
87 4076 14.4
87 4077 14.4
87 4078 14.4
87 4079 14.4
87 4080 14.4
87 4081 14.4
87 4082 14.4
87 4083 14.4
88 4084 14.4
88 4085 14.4
88 4086 14.4
88 4087 14.4
88 4088 14.4
88 4089 14.4
88 4090 14.4
88 4091 14.4
88 4092 14.4
88 4093 14.4
88 4094 14.4
88 4095 14.4
88 4096 14.4
88 4097 14.4
88 4098 14.4
88 4099 14.4
88 4100 14.4
88 4101 14.4
88 4102 14.4
88 4103 14.4
88 4104 14.4
88 4105 14.4
88 4106 14.4
88 4107 14.4
88 4108 14.4
88 4109 14.4
88 4110 14.4
88 4111 14.4
88 4112 14.4
88 4113 14.4
88 4114 14.4
88 4115 14.4
88 4116 14.4
88 4117 14.4
88 4118 14.4
88 4119 14.4
88 4120 14.4
88 4121 14.4
88 4122 14.4
88 4123 14.4
88 4124 14.4
88 4125 14.4
88 4126 14.4
88 4127 14.4
88 4128 14.4
88 4129 14.4
88 4130 14.4
88 4131 14.4
88 4132 14.4
88 4133 14.4
88 4134 14.4
88 4135 14.4
89 4136 14.4
89 4137 14.4
89 4138 14.4
89 4139 14.4
89 4140 14.4
89 4141 14.4
89 4142 14.4
89 4143 14.4
89 4144 14.4
89 4145 14.4
89 4146 14.4
89 4147 14.4
89 4148 14.4
89 4149 14.4
89 4150 14.4
89 4151 14.4
89 4152 14.4
89 4153 14.4
89 4154 14.4
89 4155 14.4
89 4156 14.4
89 4157 14.4
89 4158 14.4
89 4159 14.4
89 4160 14.4
89 4161 14.4
89 4162 14.4
89 4163 14.4
89 4164 14.4
89 4165 14.4
89 4166 14.4
89 4167 14.4
89 4168 14.4
89 4169 14.4
89 4170 14.4
89 4171 14.4
89 4172 14.4
89 4173 14.4
89 4174 14.4
89 4175 14.4
89 4176 14.4
89 4177 14.4
89 4178 14.4
89 4179 14.4
89 4180 14.4
89 4181 14.4
89 4182 14.4
89 4183 14.4
89 4184 14.4
89 4185 14.4
89 4186 14.4
89 4187 14.4
90 4188 14.4
90 4189 14.4
90 4190 14.4
90 4191 14.4
90 4192 14.4
90 4193 14.4
90 4194 14.4
90 4195 14.4
90 4196 14.4
90 4197 14.4
90 4198 14.4
90 4199 14.4
90 4200 14.4
90 4201 14.4
90 4202 14.4
90 4203 14.4
90 4204 14.4
90 4205 14.4
90 4206 14.4
90 4207 14.4
90 4208 14.4
90 4209 14.4
90 4210 14.4
90 4211 14.4
90 4212 14.4
90 4213 14.4
90 4214 14.4
90 4215 14.4
90 4216 14.4
90 4217 14.4
90 4218 14.4
90 4219 14.4
90 4220 14.4
90 4221 14.4
90 4222 14.4
90 4223 14.4
90 4224 14.4
90 4225 14.4
90 4226 14.4
90 4227 14.4
90 4228 14.4
90 4229 14.4
90 4230 14.4
90 4231 14.4
90 4232 14.4
90 4233 14.4
90 4234 14.4
90 4235 14.4
90 4236 14.4
90 4237 14.4
90 4238 14.4
90 4239 14.4
91 4240 14.4
91 4241 14.4
91 4242 14.4
91 4243 14.4
91 4244 14.4
91 4245 14.4
91 4246 14.4
91 4247 14.4
91 4248 14.4
91 4249 14.4
91 4250 14.4
91 4251 14.4
91 4252 14.4
91 4253 14.4
91 4254 14.4
91 4255 14.4
91 4256 14.4
91 4257 14.4
91 4258 14.4
91 4259 14.4
91 4260 14.4
91 4261 14.4
91 4262 14.4
91 4263 14.4
91 4264 14.4
91 4265 14.4
91 4266 14.4
91 4267 14.4
91 4268 14.4
91 4269 14.4
91 4270 14.4
91 4271 14.4
91 4272 14.4
91 4273 14.4
91 4274 14.4
91 4275 14.4
91 4276 14.4
91 4277 14.4
91 4278 14.4
91 4279 14.4
91 4280 14.4
91 4281 14.4
91 4282 14.4
91 4283 14.4
91 4284 14.4
91 4285 14.4
91 4286 14.4
91 4287 14.4
91 4288 14.4
91 4289 14.4
91 4290 14.4
91 4291 14.4
91 4292 14.4
91 4293 14.4
92 4294 14.4
92 4295 14.4
92 4296 14.4
92 4297 14.4
92 4298 14.4
92 4299 14.4
92 4300 14.4
92 4301 14.4
92 4302 14.4
92 4303 14.4
92 4304 14.4
92 4305 14.4
92 4306 14.4
92 4307 14.4
92 4308 14.4
92 4309 14.4
92 4310 14.4
92 4311 14.4
92 4312 14.4
92 4313 14.4
92 4314 14.4
92 4315 14.4
92 4316 14.4
92 4317 14.4
92 4318 14.4
92 4319 14.4
92 4320 14.4
92 4321 14.4
92 4322 14.4
92 4323 14.4
92 4324 14.4
92 4325 14.4
92 4326 14.4
92 4327 14.4
92 4328 14.4
92 4329 14.4
92 4330 14.4
92 4331 14.4
92 4332 14.4
92 4333 14.4
92 4334 14.4
92 4335 14.4
92 4336 14.4
92 4337 14.4
92 4338 14.4
92 4339 14.4
92 4340 14.4
92 4341 14.4
92 4342 14.4
92 4343 14.4
93 4344 14.4
93 4345 14.4
93 4346 14.4
93 4347 14.4
93 4348 14.4
93 4349 14.4
93 4350 14.4
93 4351 14.4
93 4352 14.4
93 4353 14.4
93 4354 14.4
93 4355 14.4
93 4356 14.4
93 4357 14.4
93 4358 14.4
93 4359 14.4
93 4360 14.4
93 4361 14.4
93 4362 14.4
93 4363 14.4
93 4364 14.4
93 4365 14.4
93 4366 14.4
93 4367 14.4
93 4368 14.4
93 4369 14.4
93 4370 14.4
93 4371 14.4
93 4372 14.4
93 4373 14.4
93 4374 14.4
93 4375 14.4
93 4376 14.4
93 4377 14.4
93 4378 14.4
93 4379 14.4
93 4380 14.4
93 4381 14.4
93 4382 14.4
93 4383 14.4
93 4384 14.4
93 4385 14.4
93 4386 14.4
93 4387 14.3
93 4388 14.3
93 4389 14.3
93 4390 14.3
93 4391 14.3
93 4392 14.3
93 4393 14.3
93 4394 14.3
94 4395 14.0
94 4396 14.0
94 4397 14.0
94 4398 14.0
94 4399 14.0
94 4400 14.0
94 4401 14.0
94 4402 14.0
94 4403 14.0
94 4404 14.0
94 4405 14.0
94 4406 14.0
94 4407 14.0
94 4408 14.0
94 4409 14.0
94 4410 14.0
94 4411 14.0
94 4412 14.0
94 4413 14.0
94 4414 14.0
94 4415 14.0
94 4416 14.0
94 4417 14.0
94 4418 14.0
94 4419 14.0
94 4420 14.0
94 4421 14.0
94 4422 14.0
94 4423 14.0
94 4424 13.9
94 4425 13.9
94 4426 13.9
94 4427 13.9
94 4428 13.9
94 4429 13.9
94 4430 13.9
94 4431 13.9
94 4432 13.9
94 4433 13.9
94 4434 13.9
94 4435 13.9
94 4436 13.9
94 4437 13.9
94 4438 13.9
94 4439 13.9
94 4440 13.9
94 4441 13.9
94 4442 13.9
94 4443 13.9
94 4444 13.9
94 4445 13.9
94 4446 13.9
95 4447 13.9
95 4448 13.9
95 4449 13.9
95 4450 13.8
95 4451 13.8
95 4452 13.8
95 4453 13.8
95 4454 13.8
95 4455 13.8
95 4456 13.8
95 4457 13.8
95 4458 13.8
95 4459 13.8
95 4460 13.8
95 4461 13.8
95 4462 13.8
95 4463 13.8
95 4464 13.8
95 4465 13.8
95 4466 13.8
95 4467 13.8
95 4468 13.8
95 4469 13.8
95 4470 13.8
95 4471 13.8
95 4472 13.8
95 4473 13.8
95 4474 13.8
95 4475 13.8
95 4476 13.8
95 4477 13.8
95 4478 13.8
95 4479 13.8
95 4480 13.8
95 4481 13.8
95 4482 13.8
95 4483 13.8
95 4484 13.8
95 4485 13.8
95 4486 13.8
95 4487 13.8
95 4488 13.8
95 4489 13.8
95 4490 13.8
95 4491 13.8
95 4492 13.8
95 4493 13.8
95 4494 13.8
95 4495 13.8
95 4496 13.8
95 4497 13.8
95 4498 13.8
96 4499 13.8
96 4500 13.8
96 4501 13.8
96 4502 13.8
96 4503 13.8
96 4504 13.8
96 4505 13.8
96 4506 13.8
96 4507 13.8
96 4508 13.8
96 4509 13.8
96 4510 13.8
96 4511 13.8
96 4512 13.8
96 4513 13.8
96 4514 13.8
96 4515 13.8
96 4516 13.8
96 4517 13.8
96 4518 13.8
96 4519 13.8
96 4520 13.8
96 4521 13.8
96 4522 13.8
96 4523 13.8
96 4524 13.8
96 4525 13.8
96 4526 13.8
96 4527 13.8
96 4528 13.8
96 4529 13.8
96 4530 13.8
96 4531 13.8
96 4532 13.8
96 4533 13.8
96 4534 13.8
96 4535 13.8
96 4536 13.8
96 4537 13.8
96 4538 13.8
96 4539 13.8
96 4540 13.8
96 4541 13.8
96 4542 13.8
96 4543 13.8
96 4544 13.8
96 4545 13.8
96 4546 13.8
96 4547 13.8
96 4548 13.8
96 4549 13.8
96 4550 13.8
97 4551 13.8
97 4552 13.8
97 4553 13.8
97 4554 13.8
97 4555 13.8
97 4556 13.8
97 4557 13.8
97 4558 13.8
97 4559 13.8
97 4560 13.8
97 4561 13.8
97 4562 13.8
97 4563 13.8
97 4564 13.8
97 4565 13.8
97 4566 13.8
97 4567 13.8
97 4568 13.8
97 4569 13.8
97 4570 13.8
97 4571 13.8
97 4572 13.8
97 4573 13.8
97 4574 13.8
97 4575 13.8
97 4576 13.8
97 4577 13.8
97 4578 13.8
97 4579 13.8
97 4580 13.8
97 4581 13.8
97 4582 13.8
97 4583 13.8
97 4584 13.8
97 4585 13.8
97 4586 13.8
97 4587 13.8
97 4588 13.8
97 4589 13.8
97 4590 13.8
97 4591 13.8
97 4592 13.8
97 4593 13.8
97 4594 13.8
97 4595 13.8
97 4596 13.8
97 4597 13.8
97 4598 13.8
97 4599 13.8
97 4600 13.8
97 4601 13.8
97 4602 13.8
98 4603 13.8
98 4604 13.8
98 4605 13.8
98 4606 13.8
98 4607 13.8
98 4608 13.8
98 4609 13.8
98 4610 13.8
98 4611 13.8
98 4612 13.8
98 4613 13.8
98 4614 13.8
98 4615 13.8
98 4616 13.8
98 4617 13.8
98 4618 13.8
98 4619 13.8
98 4620 13.8
98 4621 13.8
98 4622 13.8
98 4623 13.8
98 4624 13.8
98 4625 13.8
98 4626 13.8
98 4627 13.8
98 4628 13.8
98 4629 13.8
98 4630 13.8
98 4631 13.8
98 4632 13.8
98 4633 13.8
98 4634 13.8
98 4635 13.8
98 4636 13.8
98 4637 13.8
98 4638 13.8
98 4639 13.8
98 4640 13.8
98 4641 13.8
98 4642 13.8
98 4643 13.8
98 4644 13.8
98 4645 13.8
98 4646 13.8
98 4647 13.8
98 4648 13.8
98 4649 13.8
98 4650 13.8
98 4651 13.8
98 4652 13.8
98 4653 13.8
98 4654 13.8
99 4655 13.8
99 4656 13.8
99 4657 13.8
99 4658 13.8
99 4659 13.8
99 4660 13.8
99 4661 13.8
99 4662 13.8
99 4663 13.8
99 4664 13.8
99 4665 13.8
99 4666 13.8
99 4667 13.8
99 4668 13.8
99 4669 13.8
99 4670 13.8
99 4671 13.8
99 4672 13.8
99 4673 13.8
99 4674 13.8
99 4675 13.8
99 4676 13.8
99 4677 13.8
99 4678 13.8
99 4679 13.8
99 4680 13.8
99 4681 13.8
99 4682 13.8
99 4683 13.8
99 4684 13.8
99 4685 13.8
99 4686 13.8
99 4687 13.8
99 4688 13.8
99 4689 13.8
99 4690 13.8
99 4691 13.8
99 4692 13.8
99 4693 13.8
99 4694 13.8
99 4695 13.8
99 4696 13.8
99 4697 13.8
99 4698 13.8
99 4699 13.8
99 4700 13.8
99 4701 13.8
99 4702 13.8
99 4703 13.8
99 4704 13.8
100 4705 13.8
100 4706 13.8
100 4707 13.8
100 4708 13.8
100 4709 13.8
100 4710 13.8
100 4711 13.8
100 4712 13.8
100 4713 13.8
100 4714 13.8
100 4715 13.8
100 4716 13.8
100 4717 13.8
100 4718 13.8
100 4719 13.8
100 4720 13.8
100 4721 13.8
100 4722 13.8
100 4723 13.8
100 4724 13.8
100 4725 13.8
100 4726 13.8
100 4727 13.8
100 4728 13.8
100 4729 13.8
100 4730 13.8
100 4731 13.8
100 4732 13.8
100 4733 13.8
100 4734 13.8
100 4735 13.8
100 4736 13.8
100 4737 13.8
100 4738 13.8
100 4739 13.8
100 4740 13.8
100 4741 13.8
100 4742 13.8
100 4743 13.8
100 4744 13.8
100 4745 13.8
100 4746 13.8
100 4747 13.8
100 4748 13.8
100 4749 13.8
100 4750 13.8
100 4751 13.8
100 4752 13.8
100 4753 13.8
100 4754 13.8
100 4755 13.8
100 4756 13.8
100 4757 13.8
100 4758 13.8
101 4759 13.8
101 4760 13.8
101 4761 13.8
101 4762 13.8
101 4763 13.8
101 4764 13.8
101 4765 13.8
101 4766 13.8
101 4767 13.8
101 4768 13.8
101 4769 13.8
101 4770 13.8
101 4771 13.8
101 4772 13.8
101 4773 13.8
101 4774 13.8
101 4775 13.8
101 4776 13.8
101 4777 13.8
101 4778 13.8
101 4779 13.8
101 4780 13.8
101 4781 13.8
101 4782 13.8
101 4783 13.8
101 4784 13.8
101 4785 13.8
101 4786 13.8
101 4787 13.8
101 4788 13.8
101 4789 13.8
101 4790 13.8
101 4791 13.8
101 4792 13.8
101 4793 13.8
101 4794 13.8
101 4795 13.8
101 4796 13.8
101 4797 13.8
101 4798 13.8
101 4799 13.8
101 4800 13.8
101 4801 13.6
101 4802 13.6
101 4803 13.6
101 4804 13.6
101 4805 13.6
101 4806 13.6
101 4807 13.6
102 4808 13.6
102 4809 13.6
102 4810 13.6
102 4811 13.6
102 4812 13.6
102 4813 13.6
102 4814 13.6
102 4815 13.6
102 4816 13.6
102 4817 13.6
102 4818 13.6
102 4819 13.6
102 4820 13.6
102 4821 13.6
102 4822 13.6
102 4823 13.6
102 4824 13.6
102 4825 13.6
102 4826 13.6
102 4827 13.6
102 4828 13.6
102 4829 13.6
102 4830 13.6
102 4831 13.6
102 4832 13.6
102 4833 13.6
102 4834 13.6
102 4835 13.6
102 4836 13.6
102 4837 13.6
102 4838 13.6
102 4839 13.6
102 4840 13.6
102 4841 13.6
102 4842 13.6
102 4843 13.6
102 4844 13.6
102 4845 13.6
102 4846 13.6
102 4847 13.6
102 4848 13.6
102 4849 13.6
102 4850 13.6
102 4851 13.6
102 4852 13.6
102 4853 13.6
102 4854 13.6
102 4855 13.6
102 4856 13.6
103 4857 13.6
103 4858 13.6
103 4859 13.6
103 4860 13.6
103 4861 13.6
103 4862 13.6
103 4863 13.6
103 4864 13.6
103 4865 13.6
103 4866 13.6
103 4867 13.6
103 4868 13.6
103 4869 13.6
103 4870 13.6
103 4871 13.6
103 4872 13.6
103 4873 13.6
103 4874 13.6
103 4875 13.6
103 4876 13.6
103 4877 13.6
103 4878 13.6
103 4879 13.6
103 4880 13.6
103 4881 13.6
103 4882 13.6
103 4883 13.6
103 4884 13.6
103 4885 13.6
103 4886 13.6
103 4887 13.6
103 4888 13.6
103 4889 13.6
103 4890 13.6
103 4891 13.6
103 4892 13.6
103 4893 13.6
103 4894 13.6
103 4895 13.6
103 4896 13.6
103 4897 13.6
103 4898 13.6
103 4899 13.6
103 4900 13.6
103 4901 13.6
103 4902 13.6
103 4903 13.6
103 4904 13.6
104 4905 13.6
104 4906 13.6
104 4907 13.6
104 4908 13.6
104 4909 13.6
104 4910 13.6
104 4911 13.6
104 4912 13.6
104 4913 13.6
104 4914 13.6
104 4915 13.6
104 4916 13.6
104 4917 13.6
104 4918 13.6
104 4919 13.6
104 4920 13.6
104 4921 13.6
104 4922 13.6
104 4923 13.6
104 4924 13.6
104 4925 13.6
104 4926 13.6
104 4927 13.6
104 4928 13.6
104 4929 13.6
104 4930 13.6
104 4931 13.6
104 4932 13.6
104 4933 13.6
104 4934 13.6
104 4935 13.6
104 4936 13.6
104 4937 13.6
104 4938 13.6
104 4939 13.6
104 4940 13.6
104 4941 13.6
104 4942 13.6
104 4943 13.6
104 4944 13.6
104 4945 13.6
104 4946 13.6
104 4947 13.6
104 4948 13.6
104 4949 13.6
104 4950 13.6
104 4951 13.6
104 4952 13.6
104 4953 13.6
104 4954 13.6
104 4955 13.6
104 4956 13.6
105 4957 13.6
105 4958 13.6
105 4959 13.6
105 4960 13.6
105 4961 13.6
105 4962 13.6
105 4963 13.6
105 4964 13.6
105 4965 13.6
105 4966 13.6
105 4967 13.6
105 4968 13.6
105 4969 13.6
105 4970 13.6
105 4971 13.6
105 4972 13.6
105 4973 13.6
105 4974 13.6
105 4975 13.6
105 4976 13.6
105 4977 13.6
105 4978 13.6
105 4979 13.6
105 4980 13.6
105 4981 13.6
105 4982 13.6
105 4983 13.6
105 4984 13.6
105 4985 13.6
105 4986 13.6
105 4987 13.6
105 4988 13.6
105 4989 13.6
105 4990 13.6
105 4991 13.6
105 4992 13.6
105 4993 13.6
105 4994 13.6
105 4995 13.6
105 4996 13.6
105 4997 13.6
105 4998 13.6
105 4999 13.6
105 5000 13.6
105 5001 13.6
105 5002 13.6
105 5003 13.6
105 5004 13.6
105 5005 13.6
105 5006 13.6
105 5007 13.6
106 5008 13.6
106 5009 13.6
106 5010 13.6
106 5011 13.6
106 5012 13.6
106 5013 13.6
106 5014 13.6
106 5015 13.6
106 5016 13.6
106 5017 13.6
106 5018 13.6
106 5019 13.6
106 5020 13.6
106 5021 13.6
106 5022 13.6
106 5023 13.6
106 5024 13.6
106 5025 13.6
106 5026 13.6
106 5027 13.6
106 5028 13.6
106 5029 13.6
106 5030 13.6
106 5031 13.6
106 5032 13.6
106 5033 13.6
106 5034 13.6
106 5035 13.6
106 5036 13.6
106 5037 13.6
106 5038 13.6
106 5039 13.6
106 5040 13.6
106 5041 13.6
106 5042 13.6
106 5043 13.6
106 5044 13.6
106 5045 13.6
106 5046 13.6
106 5047 13.6
106 5048 13.6
106 5049 13.6
106 5050 13.6
106 5051 13.6
106 5052 13.6
106 5053 13.6
106 5054 13.6
106 5055 13.6
106 5056 13.6
106 5057 13.6
107 5058 13.6
107 5059 13.6
107 5060 13.6
107 5061 13.6
107 5062 13.6
107 5063 13.6
107 5064 13.6
107 5065 13.6
107 5066 13.6
107 5067 13.6
107 5068 13.6
107 5069 13.6
107 5070 13.6
107 5071 13.6
107 5072 13.6
107 5073 13.6
107 5074 13.6
107 5075 13.6
107 5076 13.6
107 5077 13.6
107 5078 13.6
107 5079 13.6
107 5080 13.6
107 5081 13.6
107 5082 13.6
107 5083 13.6
107 5084 13.6
107 5085 13.6
107 5086 13.6
107 5087 13.6
107 5088 13.6
107 5089 13.6
107 5090 13.6
107 5091 13.6
107 5092 13.6
107 5093 13.6
107 5094 13.6
107 5095 13.6
107 5096 13.6
107 5097 13.6
107 5098 13.6
107 5099 13.6
107 5100 13.6
107 5101 13.6
107 5102 13.6
107 5103 13.6
107 5104 13.6
107 5105 13.6
107 5106 13.6
107 5107 13.6
107 5108 13.6
108 5109 13.6
108 5110 13.6
108 5111 13.6
108 5112 13.6
108 5113 13.6
108 5114 13.6
108 5115 13.6
108 5116 13.6
108 5117 13.6
108 5118 13.6
108 5119 13.6
108 5120 13.6
108 5121 13.6
108 5122 13.6
108 5123 13.6
108 5124 13.6
108 5125 13.6
108 5126 13.6
108 5127 13.6
108 5128 13.6
108 5129 13.6
108 5130 13.6
108 5131 13.6
108 5132 13.6
108 5133 13.6
108 5134 13.6
108 5135 13.6
108 5136 13.6
108 5137 13.6
108 5138 13.6
108 5139 13.6
108 5140 13.6
108 5141 13.6
108 5142 13.6
108 5143 13.6
108 5144 13.6
108 5145 13.6
108 5146 13.6
108 5147 13.6
108 5148 13.6
108 5149 13.6
108 5150 13.6
108 5151 13.6
108 5152 13.6
108 5153 13.6
108 5154 13.6
108 5155 13.6
108 5156 13.6
108 5157 13.6
108 5158 13.6
108 5159 13.6
108 5160 13.6
108 5161 13.6
108 5162 13.6
109 5163 13.6
109 5164 13.6
109 5165 13.6
109 5166 13.6
109 5167 13.6
109 5168 13.6
109 5169 13.6
109 5170 13.6
109 5171 13.6
109 5172 13.6
109 5173 13.6
109 5174 13.6
109 5175 13.6
109 5176 13.6
109 5177 13.6
109 5178 13.6
109 5179 13.6
109 5180 13.6
109 5181 13.6
109 5182 13.6
109 5183 13.6
109 5184 13.6
109 5185 13.6
109 5186 13.6
109 5187 13.6
109 5188 13.6
109 5189 13.6
109 5190 13.6
109 5191 13.6
109 5192 13.6
109 5193 13.6
109 5194 13.6
109 5195 13.6
109 5196 13.6
109 5197 13.6
109 5198 13.6
109 5199 13.6
109 5200 13.6
109 5201 13.6
109 5202 13.6
109 5203 13.6
109 5204 13.6
109 5205 13.6
109 5206 13.6
109 5207 13.6
109 5208 13.6
109 5209 13.6
109 5210 13.6
109 5211 13.6
110 5212 13.6
110 5213 13.6
110 5214 13.6
110 5215 13.6
110 5216 13.6
110 5217 13.6
110 5218 13.6
110 5219 13.6
110 5220 13.6
110 5221 13.6
110 5222 13.6
110 5223 13.6
110 5224 13.6
110 5225 13.6
110 5226 13.6
110 5227 13.6
110 5228 13.6
110 5229 13.6
110 5230 13.6
110 5231 13.6
110 5232 13.6
110 5233 13.6
110 5234 13.6
110 5235 13.6
110 5236 13.6
110 5237 13.6
110 5238 13.6
110 5239 13.6
110 5240 13.6
110 5241 13.6
110 5242 13.6
110 5243 13.6
110 5244 13.6
110 5245 13.6
110 5246 13.6
110 5247 13.6
110 5248 13.6
110 5249 13.6
110 5250 13.6
110 5251 13.6
110 5252 13.6
110 5253 13.6
110 5254 13.6
110 5255 13.6
110 5256 13.6
110 5257 13.6
110 5258 13.6
110 5259 13.6
111 5260 13.6
111 5261 13.6
111 5262 13.6
111 5263 13.6
111 5264 13.6
111 5265 13.6
111 5266 13.6
111 5267 13.6
111 5268 13.6
111 5269 13.6
111 5270 13.6
111 5271 13.6
111 5272 13.6
111 5273 13.6
111 5274 13.6
111 5275 13.6
111 5276 13.6
111 5277 13.6
111 5278 13.6
111 5279 13.6
111 5280 13.6
111 5281 13.6
111 5282 13.6
111 5283 13.6
111 5284 13.6
111 5285 13.6
111 5286 13.6
111 5287 13.6
111 5288 13.6
111 5289 13.6
111 5290 13.6
111 5291 13.6
111 5292 13.6
111 5293 13.6
111 5294 13.6
111 5295 13.6
111 5296 13.6
111 5297 13.6
111 5298 13.6
111 5299 13.6
111 5300 13.6
111 5301 13.6
111 5302 13.6
111 5303 13.6
111 5304 13.6
111 5305 13.6
111 5306 13.6
111 5307 13.6
111 5308 13.6
111 5309 13.6
111 5310 13.6
112 5311 13.6
112 5312 13.6
112 5313 13.6
112 5314 13.6
112 5315 13.6
112 5316 13.6
112 5317 13.6
112 5318 13.6
112 5319 13.6
112 5320 13.6
112 5321 13.6
112 5322 13.6
112 5323 13.6
112 5324 13.6
112 5325 13.6
112 5326 13.6
112 5327 13.6
112 5328 13.6
112 5329 13.6
112 5330 13.6
112 5331 13.6
112 5332 13.6
112 5333 13.6
112 5334 13.6
112 5335 13.6
112 5336 13.6
112 5337 13.6
112 5338 13.6
112 5339 13.6
112 5340 13.6
112 5341 13.6
112 5342 13.6
112 5343 13.6
112 5344 13.6
112 5345 13.6
112 5346 13.6
112 5347 13.6
112 5348 13.6
112 5349 13.6
112 5350 13.6
112 5351 13.6
112 5352 13.6
112 5353 13.6
112 5354 13.6
112 5355 13.6
112 5356 13.6
112 5357 13.6
112 5358 13.6
112 5359 13.6
112 5360 13.6
112 5361 13.6
113 5362 13.6
113 5363 13.6
113 5364 13.6
113 5365 13.6
113 5366 13.6
113 5367 13.6
113 5368 13.6
113 5369 13.6
113 5370 13.5
113 5371 13.5
113 5372 13.5
113 5373 13.5
113 5374 13.5
113 5375 13.5
113 5376 13.5
113 5377 13.5
113 5378 13.5
113 5379 13.5
113 5380 13.5
113 5381 13.5
113 5382 13.5
113 5383 13.5
113 5384 13.5
113 5385 13.5
113 5386 13.5
113 5387 13.5
113 5388 13.5
113 5389 13.5
113 5390 13.5
113 5391 13.5
113 5392 13.5
113 5393 13.4
113 5394 13.4
113 5395 13.4
113 5396 13.3
113 5397 13.3
113 5398 13.3
113 5399 13.3
113 5400 13.3
113 5401 13.3
113 5402 13.3
113 5403 13.3
113 5404 13.3
113 5405 13.3
113 5406 13.3
113 5407 13.3
113 5408 13.3
113 5409 13.3
114 5410 13.2
114 5411 13.2
114 5412 13.2
114 5413 13.2
114 5414 13.2
114 5415 13.2
114 5416 13.1
114 5417 13.1
114 5418 13.1
114 5419 13.1
114 5420 13.1
114 5421 13.1
114 5422 13.1
114 5423 13.1
114 5424 13.1
114 5425 13.1
114 5426 13.1
114 5427 13.1
114 5428 13.1
114 5429 13.1
114 5430 13.1
114 5431 13.1
114 5432 13.1
114 5433 13.1
114 5434 13.1
114 5435 13.1
114 5436 13.1
114 5437 13.1
114 5438 13.1
114 5439 13.1
114 5440 13.1
114 5441 13.1
114 5442 13.0
114 5443 13.0
114 5444 13.0
114 5445 13.0
114 5446 13.0
114 5447 13.0
114 5448 13.0
114 5449 13.0
114 5450 13.0
114 5451 13.0
114 5452 13.0
114 5453 13.0
114 5454 13.0
114 5455 13.0
114 5456 13.0
114 5457 13.0
114 5458 13.0
114 5459 13.0
114 5460 13.0
114 5461 13.0
114 5462 13.0
115 5463 13.0
115 5464 13.0
115 5465 13.0
115 5466 13.0
115 5467 13.0
115 5468 13.0
115 5469 13.0
115 5470 13.0
115 5471 13.0
115 5472 13.0
115 5473 13.0
115 5474 13.0
115 5475 13.0
115 5476 13.0
115 5477 13.0
115 5478 13.0
115 5479 13.0
115 5480 13.0
115 5481 13.0
115 5482 13.0
115 5483 13.0
115 5484 13.0
115 5485 13.0
115 5486 13.0
115 5487 13.0
115 5488 13.0
115 5489 13.0
115 5490 13.0
115 5491 13.0
115 5492 13.0
115 5493 13.0
115 5494 13.0
115 5495 13.0
115 5496 13.0
115 5497 13.0
115 5498 13.0
115 5499 13.0
115 5500 13.0
115 5501 13.0
115 5502 13.0
115 5503 13.0
115 5504 13.0
115 5505 13.0
115 5506 13.0
115 5507 13.0
115 5508 13.0
115 5509 13.0
115 5510 13.0
115 5511 13.0
115 5512 13.0
116 5513 13.0
116 5514 13.0
116 5515 13.0
116 5516 13.0
116 5517 13.0
116 5518 13.0
116 5519 13.0
116 5520 13.0
116 5521 13.0
116 5522 13.0
116 5523 13.0
116 5524 13.0
116 5525 13.0
116 5526 13.0
116 5527 13.0
116 5528 13.0
116 5529 13.0
116 5530 13.0
116 5531 13.0
116 5532 13.0
116 5533 13.0
116 5534 13.0
116 5535 13.0
116 5536 13.0
116 5537 13.0
116 5538 13.0
116 5539 13.0
116 5540 13.0
116 5541 13.0
116 5542 13.0
116 5543 13.0
116 5544 13.0
116 5545 13.0
116 5546 13.0
116 5547 13.0
116 5548 13.0
116 5549 13.0
116 5550 13.0
116 5551 13.0
116 5552 13.0
116 5553 13.0
116 5554 13.0
116 5555 13.0
116 5556 13.0
116 5557 13.0
116 5558 13.0
116 5559 13.0
116 5560 13.0
116 5561 13.0
116 5562 13.0
116 5563 13.0
116 5564 13.0
116 5565 13.0
117 5566 13.0
117 5567 13.0
117 5568 13.0
117 5569 13.0
117 5570 13.0
117 5571 13.0
117 5572 13.0
117 5573 13.0
117 5574 13.0
117 5575 13.0
117 5576 13.0
117 5577 13.0
117 5578 13.0
117 5579 13.0
117 5580 13.0
117 5581 13.0
117 5582 13.0
117 5583 13.0
117 5584 13.0
117 5585 13.0
117 5586 13.0
117 5587 13.0
117 5588 13.0
117 5589 13.0
117 5590 13.0
117 5591 13.0
117 5592 13.0
117 5593 13.0
117 5594 13.0
117 5595 13.0
117 5596 13.0
117 5597 13.0
117 5598 13.0
117 5599 13.0
117 5600 13.0
117 5601 13.0
117 5602 13.0
117 5603 13.0
117 5604 13.0
117 5605 13.0
117 5606 13.0
117 5607 13.0
117 5608 13.0
117 5609 13.0
117 5610 13.0
117 5611 13.0
117 5612 13.0
117 5613 13.0
117 5614 13.0
117 5615 13.0
117 5616 13.0
118 5617 13.0
118 5618 13.0
118 5619 13.0
118 5620 13.0
118 5621 13.0
118 5622 13.0
118 5623 13.0
118 5624 13.0
118 5625 13.0
118 5626 13.0
118 5627 13.0
118 5628 13.0
118 5629 13.0
118 5630 13.0
118 5631 13.0
118 5632 13.0
118 5633 13.0
118 5634 13.0
118 5635 13.0
118 5636 13.0
118 5637 13.0
118 5638 13.0
118 5639 13.0
118 5640 13.0
118 5641 13.0
118 5642 13.0
118 5643 13.0
118 5644 13.0
118 5645 13.0
118 5646 13.0
118 5647 13.0
118 5648 13.0
118 5649 13.0
118 5650 13.0
118 5651 13.0
118 5652 13.0
118 5653 13.0
118 5654 13.0
118 5655 13.0
118 5656 13.0
118 5657 13.0
118 5658 13.0
118 5659 13.0
118 5660 13.0
118 5661 13.0
118 5662 13.0
118 5663 13.0
118 5664 13.0
118 5665 13.0
118 5666 13.0
118 5667 13.0
118 5668 13.0
118 5669 13.0
118 5670 13.0
119 5671 13.0
119 5672 13.0
119 5673 13.0
119 5674 13.0
119 5675 13.0
119 5676 13.0
119 5677 13.0
119 5678 13.0
119 5679 13.0
119 5680 13.0
119 5681 13.0
119 5682 13.0
119 5683 13.0
119 5684 13.0
119 5685 13.0
119 5686 13.0
119 5687 13.0
119 5688 13.0
119 5689 13.0
119 5690 13.0
119 5691 13.0
119 5692 13.0
119 5693 13.0
119 5694 13.0
119 5695 13.0
119 5696 13.0
119 5697 13.0
119 5698 13.0
119 5699 13.0
119 5700 13.0
119 5701 13.0
119 5702 13.0
119 5703 13.0
119 5704 13.0
119 5705 13.0
119 5706 13.0
119 5707 13.0
119 5708 13.0
119 5709 13.0
119 5710 13.0
119 5711 13.0
119 5712 13.0
119 5713 13.0
119 5714 13.0
119 5715 13.0
119 5716 13.0
119 5717 13.0
119 5718 13.0
119 5719 13.0
119 5720 13.0
119 5721 13.0
119 5722 13.0
119 5723 13.0
119 5724 13.0
120 5725 13.0
120 5726 13.0
120 5727 13.0
120 5728 13.0
120 5729 13.0
120 5730 13.0
120 5731 13.0
120 5732 13.0
120 5733 13.0
120 5734 13.0
120 5735 13.0
120 5736 13.0
120 5737 13.0
120 5738 13.0
120 5739 13.0
120 5740 13.0
120 5741 13.0
120 5742 13.0
120 5743 13.0
120 5744 13.0
120 5745 13.0
120 5746 13.0
120 5747 13.0
120 5748 13.0
120 5749 13.0
120 5750 13.0
120 5751 13.0
120 5752 13.0
120 5753 13.0
120 5754 13.0
120 5755 13.0
120 5756 13.0
120 5757 13.0
120 5758 13.0
120 5759 13.0
120 5760 13.0
120 5761 13.0
120 5762 13.0
120 5763 13.0
120 5764 13.0
120 5765 13.0
120 5766 13.0
120 5767 13.0
120 5768 13.0
120 5769 13.0
120 5770 13.0
120 5771 13.0
120 5772 13.0
120 5773 13.0
120 5774 13.0
120 5775 13.0
121 5776 13.0
