0 1 49.5
0 2 49.5
0 3 49.4
0 4 47.8
0 5 47.8
1 6 47.8
1 7 47.8
1 8 47.8
1 9 47.0
1 10 47.0
1 11 47.0
1 12 46.9
1 13 46.9
1 14 46.9
1 15 46.9
1 16 46.9
1 17 46.5
1 18 46.5
1 19 46.4
1 20 46.4
1 21 46.4
1 22 46.4
1 23 46.4
1 24 46.4
1 25 46.4
1 26 46.4
1 27 46.4
1 28 45.6
1 29 45.6
1 30 45.6
1 31 45.6
1 32 45.4
1 33 45.4
1 34 45.4
1 35 45.4
1 36 45.4
1 37 45.4
1 38 45.2
1 39 45.2
1 40 45.2
1 41 45.2
1 42 45.2
1 43 45.2
1 44 44.8
1 45 44.8
1 46 44.8
1 47 44.8
1 48 44.8
1 49 44.8
1 50 44.8
1 51 44.8
2 52 44.8
2 53 44.8
2 54 44.8
2 55 44.8
2 56 44.8
2 57 44.8
2 58 44.8
2 59 44.8
2 60 44.8
2 61 44.8
2 62 44.8
2 63 44.8
2 64 44.8
2 65 44.8
2 66 44.8
2 67 44.8
2 68 44.8
2 69 44.8
2 70 44.8
2 71 44.8
2 72 44.8
2 73 44.8
2 74 44.8
2 75 44.8
2 76 44.8
2 77 44.8
2 78 44.8
2 79 44.8
2 80 44.8
2 81 44.8
2 82 44.8
2 83 44.8
2 84 44.8
2 85 44.8
2 86 44.8
2 87 44.8
2 88 44.8
2 89 44.8
2 90 44.8
2 91 44.8
2 92 44.8
2 93 44.8
2 94 44.8
2 95 44.8
2 96 44.8
2 97 44.8
2 98 44.8
3 99 44.8
3 100 44.8
3 101 44.8
3 102 44.8
3 103 44.8
3 104 44.8
3 105 44.8
3 106 44.8
3 107 44.8
3 108 44.8
3 109 44.8
3 110 44.8
3 111 44.8
3 112 44.8
3 113 44.8
3 114 44.8
3 115 44.8
3 116 44.8
3 117 44.8
3 118 44.8
3 119 44.8
3 120 44.8
3 121 44.8
3 122 44.8
3 123 44.8
3 124 44.8
3 125 44.8
3 126 44.8
3 127 44.8
3 128 44.8
3 129 44.8
3 130 44.8
3 131 44.8
3 132 44.8
3 133 44.8
3 134 44.8
3 135 44.8
3 136 44.8
3 137 44.8
3 138 44.8
3 139 44.8
3 140 44.8
3 141 44.8
3 142 44.8
3 143 44.8
3 144 44.8
3 145 44.8
3 146 44.8
4 147 44.8
4 148 44.8
4 149 44.8
4 150 44.8
4 151 44.8
4 152 44.8
4 153 44.8
4 154 44.8
4 155 44.8
4 156 44.8
4 157 44.8
4 158 44.8
4 159 44.8
4 160 44.8
4 161 44.8
4 162 44.8
4 163 44.8
4 164 44.8
4 165 44.8
4 166 44.8
4 167 44.8
4 168 44.8
4 169 44.8
4 170 44.8
4 171 44.8
4 172 44.8
4 173 44.8
4 174 44.8
4 175 44.8
4 176 44.8
4 177 44.8
4 178 44.8
4 179 44.8
4 180 44.8
4 181 44.8
4 182 44.8
4 183 44.8
4 184 44.8
4 185 44.8
4 186 44.8
4 187 44.8
4 188 44.8
5 189 44.8
5 190 44.8
5 191 44.8
5 192 44.8
5 193 44.8
5 194 44.8
5 195 44.8
5 196 44.8
5 197 44.8
5 198 44.8
5 199 44.8
5 200 44.8
5 201 44.8
5 202 44.8
5 203 44.8
5 204 44.8
5 205 44.8
5 206 44.8
5 207 44.8
5 208 44.8
5 209 44.8
5 210 44.8
5 211 44.8
5 212 44.8
5 213 44.8
5 214 44.8
5 215 44.8
5 216 44.8
5 217 44.8
5 218 44.8
5 219 44.8
5 220 44.8
5 221 44.8
5 222 44.8
5 223 44.8
5 224 44.8
5 225 44.8
5 226 44.8
5 227 44.8
5 228 44.8
5 229 44.8
5 230 44.8
5 231 44.8
5 232 44.8
5 233 44.8
5 234 44.8
5 235 44.8
6 236 44.8
6 237 44.8
6 238 44.8
6 239 44.8
6 240 44.8
6 241 44.8
6 242 44.8
6 243 44.8
6 244 44.8
6 245 44.8
6 246 44.8
6 247 44.8
6 248 44.8
6 249 44.8
6 250 44.8
6 251 44.8
6 252 44.8
6 253 44.8
6 254 44.8
6 255 43.7
6 256 43.7
6 257 43.7
6 258 42.2
6 259 42.2
6 260 42.2
6 261 42.2
6 262 42.2
6 263 42.2
6 264 42.2
6 265 42.2
6 266 42.2
6 267 41.4
6 268 41.4
6 269 41.4
6 270 41.0
6 271 41.0
6 272 41.0
6 273 41.0
6 274 41.0
6 275 41.0
6 276 41.0
6 277 41.0
6 278 41.0
6 279 41.0
6 280 41.0
6 281 41.0
6 282 41.0
6 283 40.6
7 284 40.6
7 285 40.6
7 286 40.6
7 287 40.5
7 288 40.5
7 289 40.5
7 290 40.2
7 291 40.2
7 292 40.2
7 293 40.2
7 294 40.2
7 295 40.2
7 296 40.2
7 297 40.2
7 298 40.2
7 299 40.2
7 300 40.2
7 301 40.2
7 302 40.2
7 303 40.2
7 304 40.2
7 305 40.2
7 306 40.2
7 307 40.2
7 308 40.2
7 309 40.2
7 310 40.2
7 311 40.2
7 312 40.2
7 313 40.2
7 314 40.2
7 315 40.2
7 316 40.2
7 317 40.2
7 318 40.2
7 319 40.2
7 320 40.2
7 321 40.2
7 322 40.2
7 323 40.2
7 324 40.2
7 325 40.2
7 326 40.2
7 327 40.2
7 328 40.2
7 329 40.2
7 330 40.2
7 331 40.2
7 332 40.2
8 333 40.2
8 334 40.2
8 335 40.2
8 336 40.2
8 337 40.2
8 338 40.2
8 339 40.2
8 340 40.2
8 341 40.2
8 342 40.2
8 343 40.2
8 344 40.2
8 345 40.2
8 346 40.2
8 347 40.2
8 348 40.2
8 349 40.2
8 350 40.2
8 351 40.2
8 352 40.2
8 353 40.2
8 354 40.2
8 355 40.2
8 356 40.2
8 357 40.2
8 358 40.2
8 359 40.2
8 360 40.2
8 361 40.2
8 362 40.2
8 363 40.2
8 364 40.2
8 365 40.2
8 366 40.2
8 367 40.2
8 368 40.0
8 369 39.1
8 370 38.7
8 371 38.7
8 372 38.7
8 373 38.7
8 374 38.7
8 375 38.7
8 376 38.7
8 377 38.7
8 378 38.7
8 379 38.7
8 380 38.7
8 381 38.7
8 382 38.7
8 383 38.7
9 384 38.7
9 385 38.7
9 386 38.7
9 387 38.7
9 388 38.7
9 389 38.7
9 390 38.7
9 391 38.7
9 392 38.7
9 393 38.7
9 394 38.7
9 395 38.7
9 396 38.7
9 397 38.7
9 398 38.7
9 399 38.7
9 400 38.7
9 401 38.7
9 402 38.7
9 403 38.7
9 404 38.7
9 405 38.7
9 406 38.7
9 407 38.7
9 408 38.7
9 409 38.7
9 410 38.7
9 411 38.7
9 412 38.7
9 413 38.7
9 414 38.7
9 415 38.7
9 416 38.7
9 417 38.7
9 418 38.7
9 419 38.7
9 420 38.7
9 421 38.7
9 422 38.7
9 423 38.7
9 424 38.7
9 425 38.7
9 426 38.7
9 427 38.7
9 428 38.7
9 429 38.7
9 430 38.7
9 431 38.7
9 432 38.7
9 433 38.6
9 434 38.6
9 435 38.6
10 436 38.6
10 437 38.4
10 438 38.4
10 439 38.4
10 440 38.4
10 441 38.4
10 442 38.4
10 443 38.4
10 444 38.4
10 445 38.4
10 446 38.4
10 447 38.4
10 448 38.4
10 449 38.4
10 450 38.4
10 451 38.4
10 452 38.4
10 453 38.4
10 454 38.4
10 455 38.4
10 456 38.4
10 457 38.4
10 458 38.4
10 459 38.4
10 460 38.4
10 461 38.4
10 462 38.4
10 463 38.4
10 464 38.4
10 465 38.4
10 466 38.2
10 467 38.2
10 468 38.2
10 469 38.2
10 470 38.2
10 471 37.9
10 472 37.7
10 473 37.4
10 474 37.4
10 475 37.4
10 476 37.4
10 477 37.4
10 478 37.0
10 479 37.0
10 480 37.0
10 481 37.0
10 482 37.0
10 483 37.0
10 484 36.9
11 485 36.9
11 486 36.9
11 487 36.1
11 488 36.1
11 489 36.1
11 490 36.1
11 491 36.1
11 492 36.1
11 493 36.1
11 494 36.1
11 495 35.3
11 496 35.3
11 497 35.3
11 498 35.3
11 499 35.3
11 500 35.2
11 501 35.0
11 502 34.2
11 503 34.2
11 504 34.2
11 505 34.2
11 506 34.2
11 507 34.2
11 508 34.2
11 509 34.2
11 510 34.2
11 511 34.2
11 512 34.2
11 513 34.2
11 514 34.2
11 515 34.2
11 516 34.2
11 517 34.2
11 518 34.2
11 519 34.2
11 520 34.2
11 521 34.2
11 522 34.2
11 523 34.2
11 524 34.2
11 525 34.2
11 526 34.2
11 527 34.2
11 528 34.2
11 529 34.2
11 530 34.2
11 531 34.2
11 532 34.2
11 533 34.2
12 534 34.2
12 535 34.2
12 536 34.2
12 537 34.2
12 538 34.2
12 539 34.2
12 540 34.2
12 541 34.2
12 542 34.2
12 543 34.2
12 544 34.2
12 545 34.2
12 546 34.2
12 547 34.2
12 548 34.2
12 549 34.2
12 550 34.2
12 551 34.2
12 552 34.2
12 553 34.2
12 554 34.2
12 555 34.2
12 556 34.2
12 557 34.2
12 558 34.2
12 559 34.2
12 560 34.2
12 561 34.2
12 562 34.2
12 563 34.2
12 564 34.2
12 565 34.2
12 566 34.2
12 567 34.2
12 568 34.2
12 569 34.2
12 570 34.2
12 571 34.2
12 572 34.2
12 573 34.2
12 574 34.2
12 575 34.2
12 576 34.2
12 577 34.2
12 578 34.2
12 579 34.1
12 580 34.1
12 581 34.1
12 582 34.1
12 583 34.1
13 584 34.1
13 585 34.1
13 586 34.1
13 587 34.1
13 588 34.0
13 589 34.0
13 590 34.0
13 591 33.6
13 592 33.6
13 593 33.6
13 594 33.6
13 595 33.6
13 596 33.6
13 597 33.6
13 598 33.6
13 599 33.6
13 600 33.6
13 601 33.6
13 602 33.6
13 603 33.6
13 604 33.6
13 605 32.6
13 606 32.6
13 607 32.6
13 608 32.6
13 609 32.6
13 610 31.9
13 611 31.9
13 612 31.9
13 613 31.9
13 614 31.9
13 615 31.9
13 616 31.9
13 617 31.9
13 618 31.9
13 619 30.4
13 620 30.4
13 621 30.4
13 622 30.4
13 623 30.3
13 624 30.3
13 625 30.3
13 626 30.3
13 627 30.3
13 628 29.9
13 629 29.9
13 630 29.9
13 631 29.9
13 632 29.9
13 633 29.7
13 634 29.7
14 635 29.7
14 636 29.1
14 637 29.1
14 638 29.1
14 639 29.1
14 640 29.1
14 641 29.1
14 642 29.1
14 643 29.1
14 644 29.1
14 645 29.1
14 646 29.1
14 647 29.1
14 648 29.1
14 649 29.1
14 650 29.1
14 651 29.1
14 652 29.1
14 653 29.1
14 654 29.1
14 655 29.1
14 656 29.1
14 657 29.1
14 658 29.1
14 659 29.1
14 660 29.1
14 661 29.1
14 662 29.1
14 663 29.1
14 664 29.1
14 665 29.1
14 666 29.1
14 667 29.1
14 668 29.1
14 669 29.1
14 670 29.1
14 671 29.1
14 672 29.1
14 673 29.1
14 674 29.1
14 675 29.1
14 676 29.1
14 677 29.1
14 678 29.1
14 679 29.1
14 680 29.1
14 681 29.1
14 682 29.1
14 683 29.1
14 684 29.1
15 685 29.1
15 686 29.1
15 687 29.1
15 688 29.1
15 689 29.1
15 690 29.1
15 691 29.1
15 692 29.1
15 693 29.1
15 694 29.1
15 695 29.1
15 696 29.1
15 697 29.1
15 698 29.1
15 699 29.1
15 700 29.1
15 701 29.1
15 702 29.1
15 703 29.1
15 704 29.1
15 705 29.1
15 706 29.1
15 707 29.1
15 708 29.1
15 709 29.1
15 710 29.1
15 711 29.1
15 712 29.1
15 713 29.1
15 714 29.1
15 715 29.1
15 716 29.1
15 717 29.1
15 718 29.1
15 719 29.1
15 720 29.1
15 721 29.1
15 722 29.1
15 723 29.1
15 724 29.1
15 725 29.1
15 726 29.1
15 727 29.1
15 728 29.1
15 729 29.1
15 730 29.1
15 731 29.1
15 732 29.1
15 733 29.1
16 734 29.1
16 735 29.1
16 736 28.9
16 737 28.9
16 738 28.9
16 739 28.9
16 740 28.9
16 741 28.9
16 742 28.9
16 743 28.9
16 744 28.9
16 745 28.9
16 746 28.9
16 747 28.9
16 748 28.9
16 749 28.9
16 750 28.9
16 751 28.9
16 752 28.9
16 753 28.9
16 754 28.9
16 755 28.9
16 756 28.9
16 757 28.9
16 758 28.9
16 759 28.9
16 760 28.9
16 761 28.9
16 762 28.9
16 763 28.9
16 764 28.9
16 765 28.9
16 766 28.9
16 767 28.9
16 768 28.9
16 769 28.9
16 770 28.9
16 771 28.9
16 772 28.9
16 773 28.9
16 774 28.9
16 775 28.9
16 776 28.9
16 777 28.9
16 778 28.9
16 779 28.9
16 780 28.9
16 781 28.9
17 782 28.9
17 783 28.9
17 784 28.9
17 785 28.9
17 786 28.9
17 787 28.9
17 788 28.9
17 789 28.9
17 790 28.9
17 791 28.9
17 792 28.9
17 793 28.9
17 794 28.9
17 795 28.9
17 796 28.9
17 797 28.9
17 798 28.9
17 799 28.9
17 800 28.9
17 801 28.9
17 802 28.9
17 803 28.9
17 804 28.9
17 805 28.9
17 806 28.9
17 807 28.9
17 808 28.9
17 809 28.9
17 810 28.9
17 811 28.9
17 812 28.9
17 813 28.9
17 814 28.9
17 815 28.9
17 816 28.9
17 817 28.9
17 818 28.9
17 819 28.9
17 820 28.9
17 821 28.9
17 822 28.9
17 823 28.9
17 824 28.9
17 825 28.9
17 826 28.9
17 827 28.9
17 828 28.9
17 829 28.9
17 830 28.9
17 831 28.9
17 832 28.9
17 833 28.9
18 834 28.9
18 835 28.9
18 836 28.9
18 837 28.9
18 838 28.9
18 839 28.9
18 840 28.9
18 841 28.9
18 842 28.9
18 843 28.9
18 844 28.9
18 845 28.9
18 846 28.9
18 847 28.9
18 848 28.9
18 849 28.9
18 850 28.9
18 851 28.9
18 852 28.9
18 853 28.9
18 854 28.9
18 855 28.9
18 856 28.9
18 857 28.9
18 858 28.9
18 859 28.9
18 860 28.9
18 861 28.9
18 862 28.9
18 863 28.9
18 864 28.9
18 865 28.9
18 866 28.9
18 867 28.9
18 868 28.9
18 869 28.9
18 870 28.9
18 871 28.9
18 872 28.9
18 873 28.9
18 874 28.9
18 875 28.9
18 876 28.9
18 877 28.9
18 878 28.9
18 879 28.9
18 880 28.9
18 881 28.9
19 882 28.9
19 883 28.9
19 884 28.9
19 885 28.9
19 886 28.9
19 887 28.9
19 888 28.9
19 889 28.9
19 890 28.9
19 891 28.9
19 892 28.9
19 893 28.9
19 894 28.9
19 895 28.9
19 896 28.9
19 897 28.9
19 898 28.9
19 899 28.9
19 900 28.9
19 901 28.9
19 902 28.9
19 903 28.9
19 904 28.9
19 905 28.9
19 906 28.9
19 907 28.9
19 908 28.9
19 909 28.9
19 910 28.9
19 911 28.9
19 912 28.9
19 913 28.9
19 914 28.9
19 915 28.9
19 916 28.9
19 917 28.9
19 918 28.9
19 919 28.9
19 920 28.9
19 921 28.9
19 922 28.9
19 923 28.9
19 924 28.9
19 925 28.9
19 926 28.9
19 927 28.9
19 928 28.9
19 929 28.9
19 930 28.9
20 931 28.9
20 932 28.9
20 933 28.9
20 934 28.9
20 935 28.9
20 936 28.9
20 937 28.9
20 938 28.9
20 939 28.9
20 940 28.9
20 941 28.9
20 942 28.9
20 943 28.9
20 944 28.9
20 945 28.9
20 946 28.9
20 947 28.9
20 948 28.9
20 949 28.9
20 950 28.9
20 951 28.9
20 952 28.6
20 953 28.6
20 954 28.6
20 955 28.6
20 956 28.1
20 957 28.1
20 958 28.1
20 959 28.1
20 960 28.1
20 961 28.1
20 962 28.1
20 963 28.1
20 964 28.1
20 965 28.1
20 966 28.1
20 967 28.1
20 968 28.1
20 969 28.1
20 970 28.1
20 971 28.1
20 972 28.1
20 973 28.1
20 974 28.1
20 975 28.1
20 976 28.1
20 977 28.1
20 978 28.1
20 979 28.1
20 980 28.1
20 981 28.1
20 982 28.1
21 983 28.1
21 984 28.1
21 985 28.1
21 986 28.1
21 987 28.1
21 988 28.1
21 989 28.1
21 990 28.1
21 991 28.1
21 992 28.1
21 993 27.8
21 994 27.8
21 995 27.8
21 996 27.8
21 997 27.8
21 998 27.6
21 999 27.6
21 1000 27.6
21 1001 27.6
21 1002 27.6
21 1003 27.6
21 1004 27.6
21 1005 27.6
21 1006 27.6
21 1007 27.6
21 1008 27.6
21 1009 27.6
21 1010 27.6
21 1011 27.5
21 1012 27.5
21 1013 27.5
21 1014 27.2
21 1015 27.2
21 1016 27.2
21 1017 27.2
21 1018 27.2
21 1019 27.2
21 1020 26.8
21 1021 26.8
21 1022 26.8
21 1023 26.8
21 1024 26.8
21 1025 26.8
21 1026 26.8
21 1027 26.8
21 1028 26.8
21 1029 26.8
21 1030 26.8
21 1031 26.8
21 1032 26.8
21 1033 26.8
21 1034 26.8
21 1035 26.8
21 1036 26.8
22 1037 26.8
22 1038 26.8
22 1039 26.8
22 1040 26.8
22 1041 26.8
22 1042 26.8
22 1043 26.8
22 1044 26.8
22 1045 26.8
22 1046 26.8
22 1047 26.8
22 1048 26.8
22 1049 26.8
22 1050 26.8
22 1051 26.5
22 1052 26.5
22 1053 26.5
22 1054 26.2
22 1055 26.2
22 1056 26.2
22 1057 26.2
22 1058 26.2
22 1059 26.2
22 1060 26.2
22 1061 26.2
22 1062 26.2
22 1063 26.2
22 1064 26.2
22 1065 26.0
22 1066 26.0
22 1067 26.0
22 1068 26.0
22 1069 26.0
22 1070 26.0
22 1071 26.0
22 1072 26.0
22 1073 26.0
22 1074 26.0
22 1075 26.0
22 1076 26.0
22 1077 26.0
22 1078 26.0
22 1079 26.0
22 1080 26.0
22 1081 26.0
22 1082 26.0
22 1083 26.0
22 1084 26.0
22 1085 26.0
22 1086 26.0
22 1087 26.0
23 1088 26.0
23 1089 26.0
23 1090 26.0
23 1091 26.0
23 1092 26.0
23 1093 26.0
23 1094 26.0
23 1095 26.0
23 1096 26.0
23 1097 26.0
23 1098 26.0
23 1099 26.0
23 1100 26.0
23 1101 26.0
23 1102 26.0
23 1103 26.0
23 1104 26.0
23 1105 26.0
23 1106 26.0
23 1107 26.0
23 1108 26.0
23 1109 26.0
23 1110 26.0
23 1111 26.0
23 1112 26.0
23 1113 26.0
23 1114 26.0
23 1115 26.0
23 1116 26.0
23 1117 26.0
23 1118 26.0
23 1119 26.0
23 1120 26.0
23 1121 26.0
23 1122 26.0
23 1123 26.0
23 1124 26.0
23 1125 26.0
23 1126 26.0
23 1127 26.0
23 1128 26.0
23 1129 26.0
23 1130 26.0
23 1131 26.0
23 1132 26.0
23 1133 26.0
23 1134 26.0
23 1135 26.0
23 1136 26.0
23 1137 26.0
24 1138 26.0
24 1139 26.0
24 1140 26.0
24 1141 26.0
24 1142 26.0
24 1143 26.0
24 1144 26.0
24 1145 26.0
24 1146 26.0
24 1147 26.0
24 1148 26.0
24 1149 26.0
24 1150 26.0
24 1151 26.0
24 1152 26.0
24 1153 26.0
24 1154 26.0
24 1155 26.0
24 1156 26.0
24 1157 26.0
24 1158 26.0
24 1159 26.0
24 1160 26.0
24 1161 26.0
24 1162 26.0
24 1163 26.0
24 1164 26.0
24 1165 26.0
24 1166 26.0
24 1167 26.0
24 1168 26.0
24 1169 26.0
24 1170 26.0
24 1171 26.0
24 1172 26.0
24 1173 26.0
24 1174 26.0
24 1175 26.0
24 1176 26.0
24 1177 26.0
24 1178 26.0
24 1179 26.0
24 1180 26.0
24 1181 26.0
24 1182 26.0
24 1183 26.0
24 1184 26.0
24 1185 26.0
24 1186 26.0
24 1187 26.0
24 1188 26.0
25 1189 26.0
25 1190 26.0
25 1191 26.0
25 1192 26.0
25 1193 26.0
25 1194 26.0
25 1195 26.0
25 1196 26.0
25 1197 26.0
25 1198 26.0
25 1199 26.0
25 1200 26.0
25 1201 26.0
25 1202 26.0
25 1203 26.0
25 1204 26.0
25 1205 26.0
25 1206 26.0
25 1207 26.0
25 1208 26.0
25 1209 26.0
25 1210 26.0
25 1211 26.0
25 1212 26.0
25 1213 26.0
25 1214 26.0
25 1215 26.0
25 1216 26.0
25 1217 26.0
25 1218 26.0
25 1219 26.0
25 1220 26.0
25 1221 26.0
25 1222 26.0
25 1223 26.0
25 1224 26.0
25 1225 26.0
25 1226 26.0
25 1227 26.0
25 1228 26.0
25 1229 26.0
25 1230 26.0
25 1231 26.0
25 1232 26.0
25 1233 26.0
25 1234 26.0
25 1235 26.0
25 1236 26.0
25 1237 26.0
25 1238 26.0
25 1239 26.0
26 1240 26.0
26 1241 26.0
26 1242 26.0
26 1243 26.0
26 1244 26.0
26 1245 26.0
26 1246 26.0
26 1247 26.0
26 1248 26.0
26 1249 26.0
26 1250 26.0
26 1251 26.0
26 1252 26.0
26 1253 26.0
26 1254 26.0
26 1255 26.0
26 1256 26.0
26 1257 26.0
26 1258 26.0
26 1259 26.0
26 1260 26.0
26 1261 26.0
26 1262 26.0
26 1263 26.0
26 1264 26.0
26 1265 26.0
26 1266 26.0
26 1267 26.0
26 1268 26.0
26 1269 26.0
26 1270 26.0
26 1271 26.0
26 1272 26.0
26 1273 26.0
26 1274 26.0
26 1275 26.0
26 1276 26.0
26 1277 26.0
26 1278 26.0
26 1279 26.0
26 1280 26.0
26 1281 26.0
26 1282 26.0
26 1283 26.0
26 1284 26.0
26 1285 26.0
26 1286 26.0
26 1287 26.0
26 1288 26.0
26 1289 26.0
26 1290 26.0
26 1291 26.0
26 1292 26.0
27 1293 26.0
27 1294 26.0
27 1295 26.0
27 1296 26.0
27 1297 26.0
27 1298 26.0
27 1299 26.0
27 1300 26.0
27 1301 26.0
27 1302 26.0
27 1303 26.0
27 1304 26.0
27 1305 26.0
27 1306 26.0
27 1307 26.0
27 1308 26.0
27 1309 26.0
27 1310 26.0
27 1311 26.0
27 1312 26.0
27 1313 26.0
27 1314 26.0
27 1315 26.0
27 1316 26.0
27 1317 26.0
27 1318 26.0
27 1319 26.0
27 1320 26.0
27 1321 26.0
27 1322 26.0
27 1323 26.0
27 1324 26.0
27 1325 26.0
27 1326 26.0
27 1327 26.0
27 1328 26.0
27 1329 26.0
27 1330 26.0
27 1331 26.0
27 1332 26.0
27 1333 26.0
27 1334 26.0
27 1335 26.0
27 1336 26.0
27 1337 26.0
27 1338 26.0
27 1339 26.0
27 1340 26.0
27 1341 26.0
27 1342 26.0
27 1343 26.0
27 1344 26.0
27 1345 26.0
27 1346 26.0
27 1347 26.0
28 1348 26.0
28 1349 26.0
28 1350 26.0
28 1351 26.0
28 1352 26.0
28 1353 26.0
28 1354 26.0
28 1355 26.0
28 1356 26.0
28 1357 26.0
28 1358 26.0
28 1359 26.0
28 1360 26.0
28 1361 26.0
28 1362 26.0
28 1363 26.0
28 1364 26.0
28 1365 26.0
28 1366 26.0
28 1367 26.0
28 1368 26.0
28 1369 26.0
28 1370 26.0
28 1371 26.0
28 1372 26.0
28 1373 26.0
28 1374 26.0
28 1375 26.0
28 1376 26.0
28 1377 26.0
28 1378 26.0
28 1379 26.0
28 1380 26.0
28 1381 26.0
28 1382 26.0
28 1383 26.0
28 1384 26.0
28 1385 26.0
28 1386 26.0
28 1387 26.0
28 1388 26.0
28 1389 26.0
28 1390 26.0
28 1391 26.0
28 1392 26.0
28 1393 26.0
28 1394 26.0
28 1395 26.0
28 1396 26.0
28 1397 26.0
28 1398 26.0
28 1399 26.0
29 1400 26.0
29 1401 26.0
29 1402 26.0
29 1403 26.0
29 1404 26.0
29 1405 26.0
29 1406 26.0
29 1407 26.0
29 1408 26.0
29 1409 26.0
29 1410 26.0
29 1411 26.0
29 1412 26.0
29 1413 26.0
29 1414 26.0
29 1415 26.0
29 1416 26.0
29 1417 26.0
29 1418 26.0
29 1419 26.0
29 1420 26.0
29 1421 26.0
29 1422 26.0
29 1423 26.0
29 1424 26.0
29 1425 26.0
29 1426 26.0
29 1427 26.0
29 1428 26.0
29 1429 26.0
29 1430 26.0
29 1431 26.0
29 1432 26.0
29 1433 26.0
29 1434 26.0
29 1435 26.0
29 1436 26.0
29 1437 26.0
29 1438 26.0
29 1439 26.0
29 1440 26.0
29 1441 26.0
29 1442 26.0
29 1443 26.0
29 1444 26.0
29 1445 26.0
29 1446 26.0
29 1447 26.0
30 1448 26.0
30 1449 26.0
30 1450 26.0
30 1451 26.0
30 1452 26.0
30 1453 26.0
30 1454 26.0
30 1455 26.0
30 1456 26.0
30 1457 26.0
30 1458 26.0
30 1459 26.0
30 1460 26.0
30 1461 26.0
30 1462 26.0
30 1463 26.0
30 1464 26.0
30 1465 26.0
30 1466 26.0
30 1467 26.0
30 1468 26.0
30 1469 26.0
30 1470 26.0
30 1471 26.0
30 1472 26.0
30 1473 26.0
30 1474 26.0
30 1475 26.0
30 1476 26.0
30 1477 26.0
30 1478 26.0
30 1479 26.0
30 1480 26.0
30 1481 26.0
30 1482 26.0
30 1483 26.0
30 1484 26.0
30 1485 26.0
30 1486 26.0
30 1487 26.0
30 1488 26.0
30 1489 26.0
30 1490 26.0
30 1491 26.0
30 1492 26.0
30 1493 26.0
30 1494 26.0
30 1495 26.0
30 1496 26.0
31 1497 26.0
31 1498 26.0
31 1499 26.0
31 1500 26.0
31 1501 26.0
31 1502 26.0
31 1503 26.0
31 1504 26.0
31 1505 26.0
31 1506 26.0
31 1507 26.0
31 1508 26.0
31 1509 26.0
31 1510 26.0
31 1511 26.0
31 1512 26.0
31 1513 26.0
31 1514 26.0
31 1515 26.0
31 1516 26.0
31 1517 26.0
31 1518 26.0
31 1519 26.0
31 1520 26.0
31 1521 26.0
31 1522 26.0
31 1523 26.0
31 1524 26.0
31 1525 26.0
31 1526 26.0
31 1527 26.0
31 1528 26.0
31 1529 26.0
31 1530 26.0
31 1531 26.0
31 1532 26.0
31 1533 26.0
31 1534 26.0
31 1535 26.0
31 1536 26.0
31 1537 26.0
31 1538 26.0
31 1539 26.0
31 1540 26.0
31 1541 26.0
31 1542 26.0
31 1543 26.0
31 1544 26.0
31 1545 26.0
31 1546 26.0
31 1547 26.0
32 1548 26.0
32 1549 26.0
32 1550 26.0
32 1551 26.0
32 1552 26.0
32 1553 26.0
32 1554 26.0
32 1555 26.0
32 1556 26.0
32 1557 26.0
32 1558 26.0
32 1559 26.0
32 1560 26.0
32 1561 26.0
32 1562 26.0
32 1563 26.0
32 1564 26.0
32 1565 26.0
32 1566 26.0
32 1567 26.0
32 1568 26.0
32 1569 26.0
32 1570 26.0
32 1571 26.0
32 1572 26.0
32 1573 26.0
32 1574 26.0
32 1575 26.0
32 1576 26.0
32 1577 26.0
32 1578 26.0
32 1579 26.0
32 1580 26.0
32 1581 26.0
32 1582 26.0
32 1583 26.0
32 1584 26.0
32 1585 26.0
32 1586 26.0
32 1587 26.0
32 1588 26.0
32 1589 26.0
32 1590 26.0
32 1591 26.0
32 1592 26.0
32 1593 26.0
32 1594 26.0
32 1595 26.0
32 1596 26.0
33 1597 26.0
33 1598 26.0
33 1599 26.0
33 1600 26.0
33 1601 26.0
33 1602 26.0
33 1603 26.0
33 1604 26.0
33 1605 26.0
33 1606 26.0
33 1607 26.0
33 1608 26.0
33 1609 26.0
33 1610 26.0
33 1611 26.0
33 1612 26.0
33 1613 26.0
33 1614 26.0
33 1615 26.0
33 1616 26.0
33 1617 26.0
33 1618 26.0
33 1619 26.0
33 1620 26.0
33 1621 26.0
33 1622 26.0
33 1623 26.0
33 1624 26.0
33 1625 26.0
33 1626 26.0
33 1627 26.0
33 1628 26.0
33 1629 26.0
33 1630 26.0
33 1631 26.0
33 1632 26.0
33 1633 26.0
33 1634 26.0
33 1635 26.0
33 1636 26.0
33 1637 26.0
33 1638 26.0
33 1639 26.0
33 1640 26.0
33 1641 26.0
33 1642 26.0
33 1643 26.0
33 1644 26.0
33 1645 26.0
33 1646 26.0
33 1647 26.0
34 1648 26.0
34 1649 26.0
34 1650 26.0
34 1651 26.0
34 1652 26.0
34 1653 26.0
34 1654 26.0
34 1655 26.0
34 1656 26.0
34 1657 26.0
34 1658 26.0
34 1659 26.0
34 1660 26.0
34 1661 26.0
34 1662 26.0
34 1663 26.0
34 1664 26.0
34 1665 26.0
34 1666 26.0
34 1667 26.0
34 1668 26.0
34 1669 26.0
34 1670 26.0
34 1671 26.0
34 1672 26.0
34 1673 26.0
34 1674 26.0
34 1675 26.0
34 1676 26.0
34 1677 26.0
34 1678 26.0
34 1679 26.0
34 1680 26.0
34 1681 26.0
34 1682 26.0
34 1683 26.0
34 1684 26.0
34 1685 26.0
34 1686 26.0
34 1687 26.0
34 1688 26.0
34 1689 26.0
34 1690 26.0
34 1691 26.0
34 1692 26.0
34 1693 26.0
34 1694 26.0
34 1695 26.0
34 1696 26.0
34 1697 26.0
35 1698 26.0
35 1699 26.0
35 1700 26.0
35 1701 26.0
35 1702 26.0
35 1703 26.0
35 1704 26.0
35 1705 26.0
35 1706 26.0
35 1707 26.0
35 1708 26.0
35 1709 26.0
35 1710 26.0
35 1711 26.0
35 1712 26.0
35 1713 26.0
35 1714 26.0
35 1715 26.0
35 1716 26.0
35 1717 26.0
35 1718 26.0
35 1719 26.0
35 1720 26.0
35 1721 26.0
35 1722 26.0
35 1723 26.0
35 1724 26.0
35 1725 26.0
35 1726 26.0
35 1727 26.0
35 1728 26.0
35 1729 26.0
35 1730 26.0
35 1731 26.0
35 1732 26.0
35 1733 26.0
35 1734 26.0
35 1735 26.0
35 1736 26.0
35 1737 26.0
35 1738 26.0
35 1739 26.0
35 1740 26.0
35 1741 26.0
35 1742 26.0
35 1743 26.0
35 1744 26.0
35 1745 26.0
35 1746 26.0
36 1747 26.0
36 1748 26.0
36 1749 26.0
36 1750 26.0
36 1751 26.0
36 1752 26.0
36 1753 26.0
36 1754 26.0
36 1755 26.0
36 1756 26.0
36 1757 26.0
36 1758 26.0
36 1759 26.0
36 1760 26.0
36 1761 26.0
36 1762 26.0
36 1763 26.0
36 1764 26.0
36 1765 26.0
36 1766 26.0
36 1767 26.0
36 1768 26.0
36 1769 26.0
36 1770 26.0
36 1771 26.0
36 1772 26.0
36 1773 26.0
36 1774 26.0
36 1775 26.0
36 1776 26.0
36 1777 26.0
36 1778 26.0
36 1779 26.0
36 1780 26.0
36 1781 26.0
36 1782 26.0
36 1783 26.0
36 1784 26.0
36 1785 26.0
36 1786 26.0
36 1787 26.0
36 1788 26.0
36 1789 26.0
36 1790 26.0
36 1791 26.0
36 1792 26.0
36 1793 26.0
36 1794 26.0
37 1795 26.0
37 1796 26.0
37 1797 26.0
37 1798 26.0
37 1799 26.0
37 1800 26.0
37 1801 26.0
37 1802 26.0
37 1803 26.0
37 1804 26.0
37 1805 26.0
37 1806 26.0
37 1807 26.0
37 1808 26.0
37 1809 26.0
37 1810 26.0
37 1811 26.0
37 1812 26.0
37 1813 26.0
37 1814 26.0
37 1815 26.0
37 1816 26.0
37 1817 26.0
37 1818 26.0
37 1819 26.0
37 1820 26.0
37 1821 26.0
37 1822 26.0
37 1823 26.0
37 1824 26.0
37 1825 26.0
37 1826 26.0
37 1827 26.0
37 1828 26.0
37 1829 26.0
37 1830 26.0
37 1831 26.0
37 1832 26.0
37 1833 26.0
37 1834 26.0
37 1835 26.0
37 1836 26.0
37 1837 26.0
37 1838 26.0
37 1839 26.0
37 1840 26.0
37 1841 26.0
37 1842 26.0
37 1843 26.0
37 1844 26.0
37 1845 26.0
38 1846 26.0
38 1847 26.0
38 1848 26.0
38 1849 26.0
38 1850 26.0
38 1851 26.0
38 1852 26.0
38 1853 26.0
38 1854 26.0
38 1855 26.0
38 1856 26.0
38 1857 26.0
38 1858 26.0
38 1859 26.0
38 1860 26.0
38 1861 26.0
38 1862 26.0
38 1863 26.0
38 1864 26.0
38 1865 26.0
38 1866 26.0
38 1867 26.0
38 1868 26.0
38 1869 26.0
38 1870 26.0
38 1871 26.0
38 1872 26.0
38 1873 26.0
38 1874 26.0
38 1875 26.0
38 1876 26.0
38 1877 26.0
38 1878 26.0
38 1879 26.0
38 1880 26.0
38 1881 26.0
38 1882 26.0
38 1883 26.0
38 1884 26.0
38 1885 26.0
38 1886 26.0
38 1887 26.0
38 1888 26.0
38 1889 26.0
38 1890 26.0
38 1891 26.0
38 1892 26.0
38 1893 26.0
38 1894 26.0
38 1895 26.0
38 1896 26.0
39 1897 26.0
39 1898 26.0
39 1899 26.0
39 1900 26.0
39 1901 26.0
39 1902 26.0
39 1903 26.0
39 1904 26.0
39 1905 26.0
39 1906 26.0
39 1907 26.0
39 1908 26.0
39 1909 26.0
39 1910 26.0
39 1911 26.0
39 1912 26.0
39 1913 26.0
39 1914 26.0
39 1915 26.0
39 1916 26.0
39 1917 26.0
39 1918 26.0
39 1919 26.0
39 1920 26.0
39 1921 26.0
39 1922 26.0
39 1923 26.0
39 1924 26.0
39 1925 26.0
39 1926 26.0
39 1927 26.0
39 1928 26.0
39 1929 26.0
39 1930 26.0
39 1931 26.0
39 1932 26.0
39 1933 26.0
39 1934 26.0
39 1935 26.0
39 1936 26.0
39 1937 26.0
39 1938 26.0
39 1939 26.0
39 1940 26.0
39 1941 26.0
39 1942 26.0
39 1943 26.0
39 1944 26.0
39 1945 26.0
39 1946 26.0
40 1947 26.0
40 1948 26.0
40 1949 26.0
40 1950 26.0
40 1951 26.0
40 1952 26.0
40 1953 26.0
40 1954 26.0
40 1955 26.0
40 1956 26.0
40 1957 26.0
40 1958 26.0
40 1959 26.0
40 1960 26.0
40 1961 26.0
40 1962 26.0
40 1963 26.0
40 1964 26.0
40 1965 26.0
40 1966 26.0
40 1967 26.0
40 1968 26.0
40 1969 26.0
40 1970 26.0
40 1971 26.0
40 1972 26.0
40 1973 26.0
40 1974 26.0
40 1975 26.0
40 1976 26.0
40 1977 26.0
40 1978 26.0
40 1979 26.0
40 1980 26.0
40 1981 26.0
40 1982 26.0
40 1983 26.0
40 1984 26.0
40 1985 26.0
40 1986 26.0
40 1987 26.0
40 1988 26.0
40 1989 26.0
40 1990 26.0
40 1991 26.0
40 1992 26.0
40 1993 26.0
40 1994 26.0
40 1995 26.0
40 1996 26.0
41 1997 26.0
41 1998 26.0
41 1999 26.0
41 2000 26.0
41 2001 26.0
41 2002 26.0
41 2003 26.0
41 2004 26.0
41 2005 26.0
41 2006 26.0
41 2007 26.0
41 2008 26.0
41 2009 26.0
41 2010 26.0
41 2011 26.0
41 2012 26.0
41 2013 26.0
41 2014 26.0
41 2015 26.0
41 2016 26.0
41 2017 26.0
41 2018 26.0
41 2019 26.0
41 2020 26.0
41 2021 26.0
41 2022 26.0
41 2023 26.0
41 2024 26.0
41 2025 26.0
41 2026 26.0
41 2027 26.0
41 2028 26.0
41 2029 26.0
41 2030 26.0
41 2031 26.0
41 2032 26.0
41 2033 26.0
41 2034 26.0
41 2035 26.0
41 2036 26.0
41 2037 26.0
41 2038 26.0
41 2039 26.0
41 2040 26.0
41 2041 26.0
41 2042 26.0
41 2043 26.0
41 2044 26.0
41 2045 26.0
42 2046 26.0
42 2047 26.0
42 2048 26.0
42 2049 26.0
42 2050 26.0
42 2051 26.0
42 2052 26.0
42 2053 26.0
42 2054 26.0
42 2055 26.0
42 2056 26.0
42 2057 26.0
42 2058 26.0
42 2059 26.0
42 2060 26.0
42 2061 26.0
42 2062 26.0
42 2063 26.0
42 2064 26.0
42 2065 26.0
42 2066 26.0
42 2067 26.0
42 2068 26.0
42 2069 26.0
42 2070 26.0
42 2071 26.0
42 2072 26.0
42 2073 26.0
42 2074 26.0
42 2075 26.0
42 2076 26.0
42 2077 26.0
42 2078 26.0
42 2079 26.0
42 2080 26.0
42 2081 26.0
42 2082 26.0
42 2083 26.0
42 2084 26.0
42 2085 26.0
42 2086 26.0
42 2087 26.0
42 2088 26.0
42 2089 26.0
42 2090 26.0
42 2091 26.0
42 2092 26.0
42 2093 26.0
42 2094 26.0
43 2095 26.0
43 2096 26.0
43 2097 26.0
43 2098 26.0
43 2099 26.0
43 2100 26.0
43 2101 26.0
43 2102 26.0
43 2103 26.0
43 2104 26.0
43 2105 26.0
43 2106 26.0
43 2107 26.0
43 2108 26.0
43 2109 26.0
43 2110 26.0
43 2111 26.0
43 2112 26.0
43 2113 26.0
43 2114 26.0
43 2115 26.0
43 2116 26.0
43 2117 26.0
43 2118 26.0
43 2119 26.0
43 2120 26.0
43 2121 26.0
43 2122 26.0
43 2123 26.0
43 2124 26.0
43 2125 26.0
43 2126 26.0
43 2127 26.0
43 2128 26.0
43 2129 26.0
43 2130 26.0
43 2131 26.0
43 2132 26.0
43 2133 26.0
43 2134 26.0
43 2135 26.0
43 2136 26.0
43 2137 26.0
43 2138 26.0
43 2139 26.0
43 2140 26.0
43 2141 26.0
43 2142 26.0
43 2143 26.0
43 2144 26.0
44 2145 26.0
44 2146 26.0
44 2147 26.0
44 2148 26.0
44 2149 26.0
44 2150 26.0
44 2151 26.0
44 2152 26.0
44 2153 26.0
44 2154 26.0
44 2155 26.0
44 2156 26.0
44 2157 26.0
44 2158 26.0
44 2159 26.0
44 2160 26.0
44 2161 26.0
44 2162 26.0
44 2163 26.0
44 2164 26.0
44 2165 26.0
44 2166 26.0
44 2167 26.0
44 2168 26.0
44 2169 26.0
44 2170 26.0
44 2171 26.0
44 2172 26.0
44 2173 26.0
44 2174 26.0
44 2175 26.0
44 2176 26.0
44 2177 26.0
44 2178 26.0
44 2179 26.0
44 2180 26.0
44 2181 26.0
44 2182 26.0
44 2183 26.0
44 2184 26.0
44 2185 26.0
44 2186 26.0
44 2187 26.0
44 2188 26.0
44 2189 26.0
44 2190 26.0
44 2191 26.0
44 2192 26.0
44 2193 26.0
45 2194 26.0
45 2195 26.0
45 2196 26.0
45 2197 26.0
45 2198 26.0
45 2199 26.0
45 2200 26.0
45 2201 26.0
45 2202 26.0
45 2203 26.0
45 2204 26.0
45 2205 26.0
45 2206 26.0
45 2207 26.0
45 2208 26.0
45 2209 26.0
45 2210 26.0
45 2211 26.0
45 2212 26.0
45 2213 26.0
45 2214 26.0
45 2215 26.0
45 2216 26.0
45 2217 26.0
45 2218 26.0
45 2219 26.0
45 2220 26.0
45 2221 26.0
45 2222 26.0
45 2223 26.0
45 2224 26.0
45 2225 26.0
45 2226 25.9
45 2227 25.9
45 2228 25.9
45 2229 25.8
45 2230 25.8
45 2231 25.8
45 2232 25.8
45 2233 25.8
45 2234 25.8
45 2235 25.8
45 2236 25.8
45 2237 25.8
45 2238 25.8
45 2239 25.8
45 2240 25.8
45 2241 25.8
45 2242 25.8
45 2243 25.8
46 2244 25.8
46 2245 25.8
46 2246 25.8
46 2247 25.8
46 2248 25.8
46 2249 25.8
46 2250 25.8
46 2251 25.8
46 2252 25.8
46 2253 25.8
46 2254 25.8
46 2255 25.8
46 2256 25.8
46 2257 25.8
46 2258 25.8
46 2259 25.8
46 2260 25.8
46 2261 25.8
46 2262 25.8
46 2263 25.8
46 2264 25.8
46 2265 25.8
46 2266 25.8
46 2267 25.8
46 2268 25.8
46 2269 25.8
46 2270 25.8
46 2271 25.8
46 2272 25.8
46 2273 25.8
46 2274 25.8
46 2275 25.8
46 2276 25.8
46 2277 25.8
46 2278 25.8
46 2279 25.8
46 2280 25.8
46 2281 25.8
46 2282 25.8
46 2283 25.8
46 2284 25.8
46 2285 25.8
46 2286 25.8
46 2287 25.8
46 2288 25.8
46 2289 25.8
46 2290 25.8
46 2291 25.8
46 2292 25.8
46 2293 25.8
47 2294 25.8
47 2295 25.8
47 2296 25.8
47 2297 25.8
47 2298 25.8
47 2299 25.8
47 2300 25.8
47 2301 25.8
47 2302 25.8
47 2303 25.8
47 2304 25.8
47 2305 25.8
47 2306 25.8
47 2307 25.8
47 2308 25.8
47 2309 25.8
47 2310 25.8
47 2311 25.8
47 2312 25.8
47 2313 25.8
47 2314 25.8
47 2315 25.8
47 2316 25.8
47 2317 25.8
47 2318 25.8
47 2319 25.8
47 2320 25.8
47 2321 25.8
47 2322 25.8
47 2323 25.8
47 2324 25.8
47 2325 25.8
47 2326 25.8
47 2327 25.8
47 2328 25.8
47 2329 25.8
47 2330 25.8
47 2331 25.8
47 2332 25.8
47 2333 25.8
47 2334 25.8
47 2335 25.8
47 2336 25.8
47 2337 25.8
47 2338 25.8
47 2339 25.8
47 2340 25.8
47 2341 25.8
48 2342 25.8
48 2343 25.8
48 2344 25.8
48 2345 25.8
48 2346 25.8
48 2347 25.8
48 2348 25.8
48 2349 25.8
48 2350 25.8
48 2351 25.8
48 2352 25.8
48 2353 25.8
48 2354 25.8
48 2355 25.8
48 2356 25.8
48 2357 25.8
48 2358 25.8
48 2359 25.8
48 2360 25.8
48 2361 25.8
48 2362 25.8
48 2363 25.8
48 2364 25.8
48 2365 25.8
48 2366 25.8
48 2367 25.8
48 2368 25.8
48 2369 25.8
48 2370 25.8
48 2371 25.8
48 2372 25.8
48 2373 25.8
48 2374 25.8
48 2375 25.8
48 2376 25.8
48 2377 25.8
48 2378 25.8
48 2379 25.8
48 2380 25.8
48 2381 25.8
48 2382 25.8
48 2383 25.8
48 2384 25.8
48 2385 25.8
48 2386 25.8
48 2387 25.8
48 2388 25.8
48 2389 25.8
48 2390 25.8
49 2391 25.8
49 2392 25.8
49 2393 25.8
49 2394 25.8
49 2395 25.8
49 2396 25.8
49 2397 25.8
49 2398 25.8
49 2399 25.8
49 2400 25.8
49 2401 25.8
49 2402 25.8
49 2403 25.8
49 2404 25.8
49 2405 25.8
49 2406 25.8
49 2407 25.8
49 2408 25.8
49 2409 25.8
49 2410 25.8
49 2411 25.8
49 2412 25.7
49 2413 25.7
49 2414 25.7
49 2415 25.7
49 2416 25.7
49 2417 25.6
49 2418 25.6
49 2419 25.6
49 2420 25.6
49 2421 25.6
49 2422 25.6
49 2423 25.6
49 2424 25.6
49 2425 25.6
49 2426 25.6
49 2427 25.6
49 2428 25.6
49 2429 25.6
49 2430 25.6
49 2431 25.6
49 2432 25.6
49 2433 25.6
49 2434 25.6
49 2435 25.6
49 2436 25.6
49 2437 25.6
49 2438 25.6
49 2439 25.6
49 2440 25.6
49 2441 25.6
49 2442 25.6
50 2443 25.6
50 2444 25.6
50 2445 25.6
50 2446 25.6
50 2447 25.6
50 2448 25.6
50 2449 25.6
50 2450 25.6
50 2451 25.6
50 2452 25.6
50 2453 25.6
50 2454 25.6
50 2455 25.6
50 2456 25.6
50 2457 25.6
50 2458 25.6
50 2459 25.6
50 2460 25.6
50 2461 25.6
50 2462 25.6
50 2463 25.6
50 2464 25.6
50 2465 25.6
50 2466 25.6
50 2467 25.6
50 2468 25.6
50 2469 25.6
50 2470 25.6
50 2471 25.6
50 2472 25.5
50 2473 25.5
50 2474 25.3
50 2475 25.3
50 2476 25.3
50 2477 25.2
50 2478 25.2
50 2479 25.2
50 2480 25.2
50 2481 25.2
50 2482 25.2
50 2483 25.2
50 2484 25.2
50 2485 25.2
50 2486 25.2
50 2487 25.2
50 2488 25.2
50 2489 25.2
50 2490 25.2
50 2491 25.0
50 2492 25.0
50 2493 25.0
50 2494 25.0
51 2495 25.0
51 2496 25.0
51 2497 25.0
51 2498 25.0
51 2499 25.0
51 2500 25.0
51 2501 25.0
51 2502 25.0
51 2503 25.0
51 2504 25.0
51 2505 25.0
51 2506 25.0
51 2507 25.0
51 2508 25.0
51 2509 25.0
51 2510 25.0
51 2511 25.0
51 2512 25.0
51 2513 25.0
51 2514 25.0
51 2515 25.0
51 2516 25.0
51 2517 24.0
51 2518 24.0
51 2519 24.0
51 2520 24.0
51 2521 24.0
51 2522 24.0
51 2523 24.0
51 2524 24.0
51 2525 24.0
51 2526 24.0
51 2527 24.0
51 2528 24.0
51 2529 24.0
51 2530 24.0
51 2531 24.0
51 2532 24.0
51 2533 24.0
51 2534 24.0
51 2535 24.0
51 2536 24.0
51 2537 24.0
51 2538 24.0
51 2539 24.0
51 2540 24.0
51 2541 24.0
51 2542 24.0
51 2543 24.0
51 2544 24.0
51 2545 24.0
52 2546 24.0
52 2547 24.0
52 2548 24.0
52 2549 24.0
52 2550 24.0
52 2551 24.0
52 2552 24.0
52 2553 24.0
52 2554 24.0
52 2555 24.0
52 2556 24.0
52 2557 24.0
52 2558 24.0
52 2559 24.0
52 2560 24.0
52 2561 24.0
52 2562 24.0
52 2563 24.0
52 2564 24.0
52 2565 24.0
52 2566 24.0
52 2567 24.0
52 2568 24.0
52 2569 24.0
52 2570 24.0
52 2571 24.0
52 2572 24.0
52 2573 24.0
52 2574 24.0
52 2575 24.0
52 2576 24.0
52 2577 24.0
52 2578 24.0
52 2579 24.0
52 2580 24.0
52 2581 24.0
52 2582 24.0
52 2583 24.0
52 2584 24.0
52 2585 24.0
52 2586 24.0
52 2587 24.0
52 2588 24.0
52 2589 24.0
52 2590 24.0
52 2591 24.0
52 2592 24.0
52 2593 24.0
53 2594 24.0
53 2595 24.0
53 2596 24.0
53 2597 24.0
53 2598 24.0
53 2599 24.0
53 2600 24.0
53 2601 24.0
53 2602 24.0
53 2603 24.0
53 2604 24.0
53 2605 24.0
53 2606 24.0
53 2607 24.0
53 2608 24.0
53 2609 24.0
53 2610 24.0
53 2611 24.0
53 2612 24.0
53 2613 24.0
53 2614 24.0
53 2615 24.0
53 2616 24.0
53 2617 24.0
53 2618 24.0
53 2619 24.0
53 2620 24.0
53 2621 24.0
53 2622 24.0
53 2623 24.0
53 2624 24.0
53 2625 24.0
53 2626 24.0
53 2627 24.0
53 2628 24.0
53 2629 24.0
53 2630 24.0
53 2631 24.0
53 2632 24.0
53 2633 24.0
53 2634 24.0
53 2635 24.0
53 2636 24.0
53 2637 24.0
53 2638 24.0
53 2639 24.0
53 2640 24.0
53 2641 24.0
53 2642 24.0
53 2643 24.0
53 2644 24.0
54 2645 24.0
54 2646 24.0
54 2647 24.0
54 2648 24.0
54 2649 24.0
54 2650 24.0
54 2651 24.0
54 2652 24.0
54 2653 24.0
54 2654 24.0
54 2655 24.0
54 2656 24.0
54 2657 24.0
54 2658 24.0
54 2659 24.0
54 2660 24.0
54 2661 24.0
54 2662 24.0
54 2663 24.0
54 2664 24.0
54 2665 24.0
54 2666 24.0
54 2667 24.0
54 2668 24.0
54 2669 24.0
54 2670 24.0
54 2671 24.0
54 2672 22.7
54 2673 22.7
54 2674 22.7
54 2675 22.7
54 2676 22.7
54 2677 22.7
54 2678 22.7
54 2679 22.7
54 2680 22.7
54 2681 22.7
54 2682 22.7
54 2683 22.7
54 2684 22.7
54 2685 22.7
54 2686 22.7
54 2687 22.7
54 2688 22.7
54 2689 22.7
54 2690 22.7
54 2691 22.7
54 2692 22.7
54 2693 22.7
54 2694 22.7
54 2695 22.7
54 2696 22.7
54 2697 22.7
55 2698 22.7
55 2699 22.7
55 2700 22.7
55 2701 22.7
55 2702 22.7
55 2703 22.7
55 2704 22.7
55 2705 22.7
55 2706 22.7
55 2707 22.7
55 2708 22.7
55 2709 22.7
55 2710 22.7
55 2711 22.7
55 2712 22.7
55 2713 22.7
55 2714 22.7
55 2715 22.7
55 2716 22.7
55 2717 22.7
55 2718 22.7
55 2719 22.7
55 2720 22.7
55 2721 22.7
55 2722 22.7
55 2723 22.7
55 2724 22.7
55 2725 22.7
55 2726 22.7
55 2727 22.7
55 2728 22.7
55 2729 22.7
55 2730 22.7
55 2731 22.7
55 2732 22.7
55 2733 22.7
55 2734 22.7
55 2735 22.7
55 2736 22.7
55 2737 22.7
55 2738 22.7
55 2739 22.7
55 2740 22.7
55 2741 22.7
55 2742 22.7
55 2743 22.7
55 2744 22.7
55 2745 22.7
55 2746 22.7
55 2747 22.7
55 2748 22.7
56 2749 22.7
56 2750 22.7
56 2751 22.7
56 2752 22.7
56 2753 22.7
56 2754 22.7
56 2755 22.7
56 2756 22.7
56 2757 22.7
56 2758 22.7
56 2759 22.7
56 2760 22.7
56 2761 22.7
56 2762 22.7
56 2763 22.7
56 2764 22.7
56 2765 22.7
56 2766 22.7
56 2767 22.7
56 2768 22.7
56 2769 22.7
56 2770 22.7
56 2771 22.7
56 2772 22.7
56 2773 22.7
56 2774 22.7
56 2775 22.7
56 2776 22.7
56 2777 22.7
56 2778 22.7
56 2779 22.7
56 2780 22.7
56 2781 22.7
56 2782 22.7
56 2783 22.7
56 2784 22.7
56 2785 22.7
56 2786 22.7
56 2787 22.7
56 2788 22.7
56 2789 22.7
56 2790 22.7
56 2791 22.7
56 2792 22.7
56 2793 22.7
56 2794 22.7
56 2795 22.7
56 2796 22.7
56 2797 22.7
56 2798 22.7
57 2799 22.7
57 2800 22.7
57 2801 22.7
57 2802 22.7
57 2803 22.7
57 2804 22.7
57 2805 22.7
57 2806 22.7
57 2807 22.7
57 2808 22.7
57 2809 22.7
57 2810 22.7
57 2811 22.7
57 2812 22.7
57 2813 22.7
57 2814 22.7
57 2815 22.7
57 2816 22.7
57 2817 22.7
57 2818 22.7
57 2819 22.7
57 2820 22.7
57 2821 22.7
57 2822 22.7
57 2823 22.7
57 2824 22.7
57 2825 22.7
57 2826 22.7
57 2827 22.7
57 2828 22.7
57 2829 22.7
57 2830 22.7
57 2831 22.7
57 2832 22.7
57 2833 22.7
57 2834 22.7
57 2835 22.7
57 2836 22.7
57 2837 22.7
57 2838 22.7
57 2839 22.7
57 2840 22.7
57 2841 22.7
57 2842 22.7
57 2843 22.7
57 2844 22.7
57 2845 22.7
57 2846 22.7
57 2847 22.7
57 2848 22.7
57 2849 22.7
57 2850 22.7
57 2851 22.7
58 2852 22.7
58 2853 22.7
58 2854 22.7
58 2855 22.6
58 2856 22.6
58 2857 22.6
58 2858 22.6
58 2859 22.6
58 2860 22.6
58 2861 22.6
58 2862 22.6
58 2863 22.6
58 2864 22.6
58 2865 22.6
58 2866 22.6
58 2867 22.6
58 2868 22.6
58 2869 22.6
58 2870 22.6
58 2871 22.6
58 2872 22.6
58 2873 22.6
58 2874 22.6
58 2875 22.6
58 2876 22.6
58 2877 22.6
58 2878 22.6
58 2879 22.6
58 2880 22.6
58 2881 22.6
58 2882 22.6
58 2883 22.6
58 2884 22.6
58 2885 22.6
58 2886 22.6
58 2887 22.6
58 2888 22.6
58 2889 22.6
58 2890 22.6
58 2891 22.6
58 2892 22.6
58 2893 22.6
58 2894 22.6
58 2895 22.4
58 2896 22.4
58 2897 22.4
58 2898 22.4
58 2899 22.4
58 2900 22.4
58 2901 22.4
58 2902 22.4
58 2903 22.4
59 2904 22.4
59 2905 22.4
59 2906 22.4
59 2907 22.4
59 2908 22.4
59 2909 22.4
59 2910 22.4
59 2911 22.4
59 2912 22.4
59 2913 22.4
59 2914 22.4
59 2915 22.4
59 2916 22.4
59 2917 22.4
59 2918 22.4
59 2919 22.4
59 2920 22.4
59 2921 22.4
59 2922 22.4
59 2923 22.4
59 2924 22.4
59 2925 22.4
59 2926 22.4
59 2927 22.4
59 2928 22.4
59 2929 22.4
59 2930 22.4
59 2931 22.4
59 2932 22.4
59 2933 22.4
59 2934 22.4
59 2935 22.4
59 2936 22.4
59 2937 22.4
59 2938 22.4
59 2939 22.4
59 2940 22.4
59 2941 22.4
59 2942 22.4
59 2943 22.4
59 2944 22.4
59 2945 22.4
59 2946 22.4
59 2947 22.4
59 2948 22.4
59 2949 22.4
59 2950 22.4
59 2951 22.4
59 2952 22.4
59 2953 22.4
59 2954 22.4
59 2955 22.4
59 2956 22.4
60 2957 22.4
60 2958 22.4
60 2959 22.4
60 2960 22.4
60 2961 22.4
60 2962 22.4
60 2963 22.4
60 2964 22.4
60 2965 22.4
60 2966 22.4
60 2967 22.4
60 2968 22.4
60 2969 22.4
60 2970 22.4
60 2971 22.4
60 2972 22.4
60 2973 22.4
60 2974 22.4
60 2975 22.4
60 2976 22.4
60 2977 22.4
60 2978 22.4
60 2979 22.4
60 2980 22.4
60 2981 22.4
60 2982 22.4
60 2983 22.4
60 2984 22.4
60 2985 22.4
60 2986 22.4
60 2987 22.4
60 2988 22.4
60 2989 22.4
60 2990 22.4
60 2991 21.0
60 2992 21.0
60 2993 21.0
60 2994 21.0
60 2995 19.4
60 2996 19.4
60 2997 19.4
60 2998 19.4
60 2999 19.4
60 3000 19.4
60 3001 19.4
60 3002 19.2
60 3003 19.2
60 3004 19.2
60 3005 19.2
60 3006 19.2
60 3007 19.2
60 3008 19.2
60 3009 19.2
61 3010 19.2
61 3011 19.2
61 3012 19.2
61 3013 19.2
61 3014 19.2
61 3015 19.2
61 3016 19.2
61 3017 19.2
61 3018 19.2
61 3019 19.2
61 3020 19.2
61 3021 19.2
61 3022 19.2
61 3023 19.2
61 3024 19.2
61 3025 19.2
61 3026 19.2
61 3027 19.2
61 3028 19.2
61 3029 19.2
61 3030 19.2
61 3031 19.2
61 3032 19.2
61 3033 19.2
61 3034 19.2
61 3035 19.2
61 3036 19.2
61 3037 19.2
61 3038 19.2
61 3039 19.2
61 3040 19.2
61 3041 19.2
61 3042 19.2
61 3043 19.2
61 3044 19.2
61 3045 19.2
61 3046 19.2
61 3047 19.2
61 3048 19.2
61 3049 19.2
61 3050 19.2
61 3051 19.2
61 3052 19.2
61 3053 19.2
61 3054 19.2
61 3055 19.2
61 3056 19.2
61 3057 19.2
61 3058 19.2
61 3059 19.2
61 3060 19.2
61 3061 19.2
61 3062 19.2
62 3063 19.2
62 3064 19.2
62 3065 19.2
62 3066 19.2
62 3067 19.2
62 3068 19.2
62 3069 19.2
62 3070 19.2
62 3071 19.2
62 3072 19.2
62 3073 19.2
62 3074 19.2
62 3075 19.2
62 3076 19.2
62 3077 19.2
62 3078 19.2
62 3079 19.2
62 3080 19.2
62 3081 19.2
62 3082 19.2
62 3083 19.2
62 3084 19.2
62 3085 19.2
62 3086 19.2
62 3087 19.2
62 3088 19.2
62 3089 19.2
62 3090 19.2
62 3091 19.2
62 3092 19.2
62 3093 19.2
62 3094 19.2
62 3095 19.2
62 3096 19.2
62 3097 19.2
62 3098 19.2
62 3099 19.2
62 3100 19.2
62 3101 19.2
62 3102 19.2
62 3103 19.2
62 3104 19.2
62 3105 19.2
62 3106 19.2
62 3107 19.2
62 3108 19.2
62 3109 19.2
62 3110 19.2
62 3111 19.2
62 3112 19.2
62 3113 19.2
62 3114 19.2
63 3115 19.2
63 3116 19.2
63 3117 19.2
63 3118 19.2
63 3119 19.2
63 3120 19.2
63 3121 19.2
63 3122 19.2
63 3123 19.2
63 3124 19.2
63 3125 19.2
63 3126 19.2
63 3127 19.2
63 3128 19.2
63 3129 19.2
63 3130 19.2
63 3131 19.2
63 3132 19.2
63 3133 19.2
63 3134 19.2
63 3135 19.2
63 3136 19.2
63 3137 19.2
63 3138 19.2
63 3139 19.2
63 3140 19.2
63 3141 19.2
63 3142 19.2
63 3143 19.2
63 3144 19.2
63 3145 19.2
63 3146 19.2
63 3147 19.2
63 3148 19.2
63 3149 19.2
63 3150 19.2
63 3151 19.2
63 3152 19.2
63 3153 19.2
63 3154 19.2
63 3155 19.2
63 3156 19.2
63 3157 19.2
63 3158 19.2
63 3159 19.2
63 3160 19.2
63 3161 19.2
63 3162 19.2
63 3163 19.2
64 3164 19.2
64 3165 19.2
64 3166 19.2
64 3167 19.2
64 3168 19.2
64 3169 19.2
64 3170 19.2
64 3171 19.2
64 3172 19.2
64 3173 19.2
64 3174 19.2
64 3175 19.2
64 3176 19.2
64 3177 19.2
64 3178 19.2
64 3179 19.2
64 3180 19.2
64 3181 19.2
64 3182 19.2
64 3183 19.2
64 3184 19.2
64 3185 19.2
64 3186 19.2
64 3187 19.2
64 3188 19.2
64 3189 19.2
64 3190 19.2
64 3191 19.2
64 3192 19.2
64 3193 19.2
64 3194 19.2
64 3195 19.2
64 3196 19.2
64 3197 19.2
64 3198 19.2
64 3199 19.2
64 3200 19.2
64 3201 19.2
64 3202 19.2
64 3203 19.2
64 3204 19.2
64 3205 19.2
64 3206 19.2
64 3207 19.2
64 3208 19.2
64 3209 19.2
64 3210 19.2
64 3211 19.2
64 3212 19.2
64 3213 19.2
64 3214 19.2
64 3215 19.2
65 3216 19.2
65 3217 19.2
65 3218 19.2
65 3219 18.6
65 3220 18.6
65 3221 18.6
65 3222 18.6
65 3223 18.6
65 3224 18.6
65 3225 18.6
65 3226 18.6
65 3227 18.6
65 3228 18.6
65 3229 18.6
65 3230 18.3
65 3231 18.3
65 3232 18.3
65 3233 18.3
65 3234 18.3
65 3235 18.3
65 3236 18.3
65 3237 18.3
65 3238 18.3
65 3239 18.3
65 3240 18.3
65 3241 18.3
65 3242 18.3
65 3243 18.3
65 3244 18.3
65 3245 18.3
65 3246 18.3
65 3247 18.3
65 3248 18.3
65 3249 18.3
65 3250 18.3
65 3251 18.3
65 3252 18.3
65 3253 18.3
65 3254 18.3
65 3255 18.3
65 3256 18.3
65 3257 18.3
65 3258 18.3
65 3259 18.3
65 3260 18.3
65 3261 18.3
65 3262 18.3
65 3263 18.3
65 3264 18.3
65 3265 18.3
65 3266 18.3
65 3267 18.3
66 3268 18.3
66 3269 18.3
66 3270 18.3
66 3271 18.3
66 3272 18.3
66 3273 18.3
66 3274 18.3
66 3275 18.3
66 3276 18.3
66 3277 18.3
66 3278 18.3
66 3279 18.3
66 3280 18.3
66 3281 18.3
66 3282 18.3
66 3283 18.3
66 3284 18.3
66 3285 18.3
66 3286 18.3
66 3287 18.3
66 3288 18.3
66 3289 18.3
66 3290 18.3
66 3291 18.3
66 3292 18.3
66 3293 18.3
66 3294 18.3
66 3295 18.3
66 3296 18.3
66 3297 18.3
66 3298 18.3
66 3299 18.3
66 3300 18.3
66 3301 18.3
66 3302 18.3
66 3303 18.3
66 3304 18.3
66 3305 18.3
66 3306 18.3
66 3307 18.3
66 3308 18.3
66 3309 18.3
66 3310 18.3
66 3311 18.3
66 3312 18.3
66 3313 18.3
66 3314 18.3
66 3315 18.1
66 3316 18.1
66 3317 18.1
66 3318 18.1
66 3319 18.0
66 3320 18.0
67 3321 18.0
67 3322 18.0
67 3323 18.0
67 3324 18.0
67 3325 18.0
67 3326 18.0
67 3327 18.0
67 3328 18.0
67 3329 18.0
67 3330 18.0
67 3331 18.0
67 3332 18.0
67 3333 18.0
67 3334 18.0
67 3335 18.0
67 3336 18.0
67 3337 18.0
67 3338 18.0
67 3339 18.0
67 3340 18.0
67 3341 18.0
67 3342 18.0
67 3343 18.0
67 3344 18.0
67 3345 18.0
67 3346 17.9
67 3347 17.9
67 3348 17.9
67 3349 17.9
67 3350 17.9
67 3351 17.9
67 3352 17.9
67 3353 17.9
67 3354 17.9
67 3355 17.9
67 3356 17.9
67 3357 17.9
67 3358 17.9
67 3359 17.9
67 3360 17.9
67 3361 17.9
67 3362 17.6
67 3363 17.6
67 3364 17.6
67 3365 17.6
67 3366 17.6
67 3367 17.6
67 3368 17.6
68 3369 17.6
68 3370 17.6
68 3371 17.6
68 3372 17.6
68 3373 17.6
68 3374 17.6
68 3375 17.6
68 3376 17.6
68 3377 17.6
68 3378 17.6
68 3379 17.6
68 3380 17.6
68 3381 17.6
68 3382 17.6
68 3383 17.6
68 3384 17.6
68 3385 17.6
68 3386 17.1
68 3387 17.1
68 3388 17.1
68 3389 17.1
68 3390 17.1
68 3391 17.1
68 3392 17.1
68 3393 17.1
68 3394 17.1
68 3395 17.1
68 3396 17.1
68 3397 17.1
68 3398 17.1
68 3399 17.1
68 3400 17.1
68 3401 17.1
68 3402 17.1
68 3403 17.1
68 3404 17.1
68 3405 17.1
68 3406 17.1
68 3407 17.1
68 3408 17.1
68 3409 17.1
68 3410 17.1
68 3411 17.1
68 3412 17.1
68 3413 17.1
68 3414 17.1
68 3415 17.1
68 3416 17.1
68 3417 17.1
68 3418 16.7
68 3419 16.7
68 3420 16.6
69 3421 16.6
69 3422 16.6
69 3423 16.6
69 3424 16.5
69 3425 16.5
69 3426 16.5
69 3427 16.5
69 3428 16.5
69 3429 16.5
69 3430 16.5
69 3431 16.5
69 3432 16.5
69 3433 16.5
69 3434 16.5
69 3435 16.4
69 3436 16.4
69 3437 16.4
69 3438 16.4
69 3439 16.4
69 3440 16.4
69 3441 16.4
69 3442 16.4
69 3443 16.4
69 3444 16.4
69 3445 16.4
69 3446 16.4
69 3447 16.4
69 3448 16.4
69 3449 16.4
69 3450 16.4
69 3451 16.4
69 3452 16.4
69 3453 16.3
69 3454 16.3
69 3455 16.3
69 3456 16.3
69 3457 16.3
69 3458 16.3
69 3459 16.3
69 3460 16.3
69 3461 16.3
69 3462 16.3
69 3463 16.3
69 3464 16.3
69 3465 16.3
69 3466 16.3
69 3467 16.3
69 3468 16.3
69 3469 16.3
69 3470 16.3
69 3471 16.3
69 3472 16.3
70 3473 16.3
70 3474 16.3
70 3475 16.3
70 3476 16.3
70 3477 16.3
70 3478 16.3
70 3479 16.3
70 3480 16.3
70 3481 16.3
70 3482 16.3
70 3483 16.2
70 3484 16.2
70 3485 16.2
70 3486 16.1
70 3487 16.1
70 3488 16.1
70 3489 16.1
70 3490 16.1
70 3491 16.1
70 3492 16.1
70 3493 16.1
70 3494 16.1
70 3495 16.1
70 3496 16.1
70 3497 16.1
70 3498 16.1
70 3499 16.1
70 3500 16.1
70 3501 16.1
70 3502 16.1
70 3503 16.1
70 3504 16.1
70 3505 16.1
70 3506 16.1
70 3507 16.1
70 3508 16.1
70 3509 16.1
70 3510 16.1
70 3511 16.1
70 3512 16.1
70 3513 16.1
70 3514 16.1
70 3515 16.1
70 3516 16.1
70 3517 16.1
70 3518 16.1
70 3519 16.1
70 3520 16.1
70 3521 16.1
70 3522 16.1
71 3523 16.1
71 3524 16.1
71 3525 16.1
71 3526 16.1
71 3527 16.1
71 3528 16.1
71 3529 16.1
71 3530 16.1
71 3531 16.1
71 3532 16.1
71 3533 16.1
71 3534 16.1
71 3535 16.1
71 3536 16.1
71 3537 16.1
71 3538 16.1
71 3539 16.1
71 3540 16.1
71 3541 16.1
71 3542 16.1
71 3543 16.1
71 3544 16.1
71 3545 16.1
71 3546 16.1
71 3547 16.1
71 3548 16.1
71 3549 16.1
71 3550 16.1
71 3551 16.1
71 3552 16.1
71 3553 16.1
71 3554 16.1
71 3555 16.1
71 3556 16.1
71 3557 16.1
71 3558 16.1
71 3559 16.1
71 3560 16.1
71 3561 16.1
71 3562 16.1
71 3563 16.1
71 3564 16.1
71 3565 16.1
71 3566 16.1
71 3567 16.1
71 3568 16.1
71 3569 16.1
71 3570 16.1
71 3571 16.1
71 3572 16.1
71 3573 16.1
72 3574 16.1
72 3575 16.1
72 3576 16.1
72 3577 16.1
72 3578 16.1
72 3579 16.1
72 3580 16.1
72 3581 16.1
72 3582 16.1
72 3583 16.1
72 3584 16.1
72 3585 16.1
72 3586 16.1
72 3587 16.1
72 3588 16.1
72 3589 16.1
72 3590 16.1
72 3591 16.1
72 3592 16.1
72 3593 16.1
72 3594 16.1
72 3595 16.1
72 3596 16.1
72 3597 16.1
72 3598 16.1
72 3599 16.1
72 3600 16.1
72 3601 16.1
72 3602 16.1
72 3603 16.1
72 3604 16.1
72 3605 16.1
72 3606 16.1
72 3607 16.1
72 3608 16.1
72 3609 16.1
72 3610 16.1
72 3611 16.1
72 3612 16.1
72 3613 16.1
72 3614 16.1
72 3615 16.1
72 3616 16.1
72 3617 16.1
72 3618 16.1
72 3619 16.1
72 3620 16.1
72 3621 16.1
72 3622 16.1
72 3623 16.1
72 3624 16.1
72 3625 16.1
73 3626 16.1
73 3627 16.1
73 3628 16.1
73 3629 16.1
73 3630 16.1
73 3631 16.1
73 3632 16.1
73 3633 16.1
73 3634 16.1
73 3635 16.1
73 3636 16.1
73 3637 16.1
73 3638 16.1
73 3639 16.1
73 3640 16.1
73 3641 16.1
73 3642 16.1
73 3643 16.1
73 3644 16.1
73 3645 16.1
73 3646 16.1
73 3647 16.1
73 3648 16.1
73 3649 16.1
73 3650 16.1
73 3651 16.1
73 3652 16.1
73 3653 16.1
73 3654 16.1
73 3655 16.1
73 3656 16.1
73 3657 16.1
73 3658 16.1
73 3659 16.1
73 3660 16.1
73 3661 16.1
73 3662 16.1
73 3663 16.1
73 3664 16.1
73 3665 16.1
73 3666 16.1
73 3667 16.1
73 3668 16.1
73 3669 16.1
73 3670 16.1
73 3671 16.1
73 3672 16.1
73 3673 16.1
73 3674 16.1
73 3675 16.1
73 3676 16.1
73 3677 16.1
74 3678 16.1
74 3679 16.1
74 3680 16.1
74 3681 16.1
74 3682 16.1
74 3683 16.1
74 3684 16.1
74 3685 16.1
74 3686 16.1
74 3687 16.1
74 3688 16.1
74 3689 16.1
74 3690 16.1
74 3691 16.1
74 3692 16.1
74 3693 16.1
74 3694 16.1
74 3695 16.1
74 3696 16.1
74 3697 16.1
74 3698 16.1
74 3699 16.1
74 3700 16.1
74 3701 16.1
74 3702 16.1
74 3703 16.1
74 3704 16.1
74 3705 16.1
74 3706 16.1
74 3707 16.1
74 3708 16.1
74 3709 16.1
74 3710 16.1
74 3711 16.1
74 3712 16.1
74 3713 16.1
74 3714 16.1
74 3715 16.1
74 3716 16.1
74 3717 16.1
74 3718 16.1
74 3719 16.1
74 3720 16.1
74 3721 16.1
74 3722 16.1
74 3723 16.1
74 3724 16.1
74 3725 16.1
74 3726 16.1
74 3727 16.1
74 3728 16.1
74 3729 16.1
74 3730 16.1
75 3731 16.1
75 3732 16.1
75 3733 16.1
75 3734 16.1
75 3735 16.1
75 3736 16.1
75 3737 16.1
75 3738 16.1
75 3739 16.1
75 3740 16.1
75 3741 16.1
75 3742 16.1
75 3743 16.1
75 3744 16.1
75 3745 16.1
75 3746 16.1
75 3747 16.1
75 3748 16.1
75 3749 16.1
75 3750 16.1
75 3751 16.1
75 3752 16.1
75 3753 16.1
75 3754 16.1
75 3755 16.1
75 3756 16.1
75 3757 16.1
75 3758 16.1
75 3759 16.1
75 3760 16.1
75 3761 16.1
75 3762 16.1
75 3763 16.1
75 3764 16.1
75 3765 16.1
75 3766 16.0
75 3767 16.0
75 3768 16.0
75 3769 16.0
75 3770 16.0
75 3771 16.0
75 3772 16.0
75 3773 16.0
75 3774 16.0
75 3775 16.0
75 3776 16.0
75 3777 16.0
75 3778 16.0
75 3779 16.0
75 3780 16.0
75 3781 16.0
76 3782 16.0
76 3783 16.0
76 3784 16.0
76 3785 16.0
76 3786 16.0
76 3787 16.0
76 3788 16.0
76 3789 16.0
76 3790 16.0
76 3791 16.0
76 3792 16.0
76 3793 16.0
76 3794 16.0
76 3795 16.0
76 3796 16.0
76 3797 16.0
76 3798 16.0
76 3799 16.0
76 3800 16.0
76 3801 16.0
76 3802 16.0
76 3803 16.0
76 3804 16.0
76 3805 16.0
76 3806 16.0
76 3807 16.0
76 3808 16.0
76 3809 16.0
76 3810 16.0
76 3811 16.0
76 3812 16.0
76 3813 16.0
76 3814 16.0
76 3815 16.0
76 3816 16.0
76 3817 16.0
76 3818 16.0
76 3819 16.0
76 3820 16.0
76 3821 16.0
76 3822 16.0
76 3823 16.0
76 3824 16.0
76 3825 16.0
76 3826 16.0
76 3827 16.0
76 3828 16.0
76 3829 16.0
76 3830 16.0
76 3831 16.0
76 3832 16.0
76 3833 16.0
76 3834 16.0
77 3835 16.0
77 3836 16.0
77 3837 16.0
77 3838 16.0
77 3839 16.0
77 3840 16.0
77 3841 16.0
77 3842 16.0
77 3843 16.0
77 3844 16.0
77 3845 16.0
77 3846 16.0
77 3847 16.0
77 3848 16.0
77 3849 16.0
77 3850 16.0
77 3851 16.0
77 3852 16.0
77 3853 16.0
77 3854 16.0
77 3855 16.0
77 3856 16.0
77 3857 16.0
77 3858 16.0
77 3859 16.0
77 3860 16.0
77 3861 16.0
77 3862 16.0
77 3863 16.0
77 3864 16.0
77 3865 16.0
77 3866 16.0
77 3867 15.9
77 3868 15.9
77 3869 15.9
77 3870 15.9
77 3871 15.9
77 3872 15.9
77 3873 15.9
77 3874 15.9
77 3875 15.9
77 3876 15.9
77 3877 15.7
77 3878 15.7
77 3879 15.7
77 3880 15.6
77 3881 15.6
77 3882 15.6
77 3883 15.5
77 3884 15.5
77 3885 15.4
77 3886 15.4
77 3887 15.4
78 3888 15.4
78 3889 15.4
78 3890 15.2
78 3891 15.2
78 3892 15.2
78 3893 15.2
78 3894 15.2
78 3895 15.2
78 3896 15.2
78 3897 15.2
78 3898 15.2
78 3899 15.2
78 3900 15.2
78 3901 15.2
78 3902 15.2
78 3903 15.2
78 3904 15.2
78 3905 15.2
78 3906 15.2
78 3907 15.2
78 3908 15.2
78 3909 15.2
78 3910 15.2
78 3911 15.2
78 3912 15.2
78 3913 15.2
78 3914 15.2
78 3915 15.2
78 3916 15.2
78 3917 15.2
78 3918 15.2
78 3919 15.1
78 3920 15.1
78 3921 15.1
78 3922 14.6
78 3923 14.6
78 3924 14.6
78 3925 14.6
78 3926 14.6
78 3927 14.5
78 3928 14.5
78 3929 14.5
78 3930 14.5
78 3931 14.5
78 3932 14.5
78 3933 14.5
78 3934 14.5
78 3935 14.5
78 3936 14.5
78 3937 14.5
78 3938 14.5
78 3939 14.5
79 3940 14.5
79 3941 14.5
79 3942 14.5
79 3943 14.5
79 3944 14.5
79 3945 14.5
79 3946 14.5
79 3947 14.5
79 3948 14.5
79 3949 14.5
79 3950 14.5
79 3951 14.5
79 3952 14.5
79 3953 14.5
79 3954 14.5
79 3955 14.5
79 3956 14.5
79 3957 14.5
79 3958 14.5
79 3959 14.5
79 3960 14.5
79 3961 14.5
79 3962 14.5
79 3963 14.5
79 3964 14.5
79 3965 14.5
79 3966 14.5
79 3967 14.5
79 3968 14.5
79 3969 14.5
79 3970 14.5
79 3971 14.5
79 3972 14.5
79 3973 14.5
79 3974 14.5
79 3975 14.5
79 3976 14.5
79 3977 14.5
79 3978 14.5
79 3979 14.5
79 3980 14.5
79 3981 14.5
79 3982 14.5
79 3983 14.5
79 3984 14.5
79 3985 14.5
79 3986 14.5
79 3987 14.5
79 3988 14.5
79 3989 14.5
79 3990 14.5
80 3991 14.5
80 3992 14.5
80 3993 14.5
80 3994 14.5
80 3995 14.5
80 3996 14.5
80 3997 14.5
80 3998 14.5
80 3999 14.5
80 4000 14.5
80 4001 14.5
80 4002 14.5
80 4003 14.5
80 4004 14.5
80 4005 14.5
80 4006 14.5
80 4007 14.5
80 4008 14.5
80 4009 14.5
80 4010 14.5
80 4011 14.5
80 4012 14.5
80 4013 14.5
80 4014 14.5
80 4015 14.5
80 4016 14.5
80 4017 14.5
80 4018 14.5
80 4019 14.5
80 4020 14.5
80 4021 14.5
80 4022 14.5
80 4023 14.5
80 4024 14.5
80 4025 14.5
80 4026 14.5
80 4027 14.5
80 4028 14.5
80 4029 14.5
80 4030 14.5
80 4031 14.5
80 4032 14.5
80 4033 14.5
80 4034 14.5
80 4035 14.5
80 4036 14.5
80 4037 14.5
80 4038 14.5
80 4039 14.4
80 4040 14.4
80 4041 14.4
80 4042 14.4
81 4043 14.4
81 4044 14.4
81 4045 14.4
81 4046 14.4
81 4047 14.4
81 4048 14.4
81 4049 14.4
81 4050 14.4
81 4051 14.4
81 4052 14.4
81 4053 14.4
81 4054 14.4
81 4055 14.4
81 4056 14.4
81 4057 14.4
81 4058 14.4
81 4059 14.4
81 4060 14.4
81 4061 14.4
81 4062 14.4
81 4063 14.4
81 4064 14.4
81 4065 14.4
81 4066 14.4
81 4067 14.4
81 4068 14.4
81 4069 14.4
81 4070 14.4
81 4071 14.4
81 4072 14.4
81 4073 14.4
81 4074 14.4
81 4075 14.4
81 4076 14.4
81 4077 14.4
81 4078 14.4
81 4079 14.4
81 4080 14.4
81 4081 14.4
81 4082 14.4
81 4083 14.4
81 4084 14.4
81 4085 14.4
81 4086 14.4
81 4087 14.4
81 4088 14.4
81 4089 14.4
81 4090 14.4
81 4091 14.4
82 4092 14.4
82 4093 14.4
82 4094 14.4
82 4095 14.4
82 4096 14.4
82 4097 14.4
82 4098 14.4
82 4099 14.4
82 4100 14.4
82 4101 14.4
82 4102 14.4
82 4103 14.4
82 4104 14.4
82 4105 14.4
82 4106 14.4
82 4107 14.4
82 4108 14.4
82 4109 14.4
82 4110 14.4
82 4111 14.4
82 4112 14.4
82 4113 14.4
82 4114 14.4
82 4115 14.4
82 4116 14.4
82 4117 14.4
82 4118 14.4
82 4119 14.4
82 4120 14.4
82 4121 14.4
82 4122 14.4
82 4123 14.4
82 4124 14.4
82 4125 14.4
82 4126 14.4
82 4127 14.4
82 4128 14.4
82 4129 14.4
82 4130 14.4
82 4131 14.4
82 4132 14.4
82 4133 14.4
82 4134 14.4
82 4135 14.4
82 4136 14.4
82 4137 14.4
82 4138 14.4
82 4139 14.4
82 4140 14.4
82 4141 14.4
82 4142 14.4
82 4143 14.4
82 4144 14.4
83 4145 14.4
83 4146 14.4
83 4147 14.4
83 4148 14.4
83 4149 14.4
83 4150 14.4
83 4151 14.4
83 4152 14.4
83 4153 14.4
83 4154 14.4
83 4155 14.4
83 4156 14.4
83 4157 14.4
83 4158 14.4
83 4159 14.4
83 4160 14.4
83 4161 14.4
83 4162 14.4
83 4163 14.4
83 4164 14.4
83 4165 14.4
83 4166 14.4
83 4167 14.4
83 4168 14.4
83 4169 14.4
83 4170 14.4
83 4171 14.4
83 4172 14.4
83 4173 14.4
83 4174 14.4
83 4175 14.4
83 4176 14.4
83 4177 14.4
83 4178 14.4
83 4179 14.4
83 4180 14.4
83 4181 14.4
83 4182 14.4
83 4183 14.4
83 4184 14.4
83 4185 14.4
83 4186 14.4
83 4187 14.4
83 4188 14.4
83 4189 14.4
83 4190 14.4
83 4191 14.4
83 4192 14.4
83 4193 14.4
83 4194 14.4
83 4195 14.4
83 4196 14.4
84 4197 14.4
84 4198 14.4
84 4199 14.4
84 4200 14.4
84 4201 14.4
84 4202 14.4
84 4203 14.4
84 4204 14.4
84 4205 14.4
84 4206 14.4
84 4207 14.4
84 4208 14.4
84 4209 14.4
84 4210 14.4
84 4211 14.4
84 4212 14.4
84 4213 14.4
84 4214 14.4
84 4215 14.4
84 4216 14.4
84 4217 14.4
84 4218 14.4
84 4219 14.4
84 4220 14.4
84 4221 14.4
84 4222 14.4
84 4223 14.4
84 4224 14.4
84 4225 14.4
84 4226 14.4
84 4227 14.4
84 4228 14.4
84 4229 14.4
84 4230 14.4
84 4231 14.4
84 4232 14.4
84 4233 14.4
84 4234 14.4
84 4235 14.4
84 4236 14.4
84 4237 14.4
84 4238 14.4
84 4239 14.4
84 4240 14.4
84 4241 14.4
84 4242 14.4
84 4243 14.4
84 4244 14.4
84 4245 14.4
84 4246 14.4
84 4247 14.4
85 4248 14.4
85 4249 14.4
85 4250 14.4
85 4251 14.4
85 4252 14.4
85 4253 14.4
85 4254 14.4
85 4255 14.4
85 4256 14.4
85 4257 14.4
85 4258 14.4
85 4259 14.4
85 4260 14.4
85 4261 14.4
85 4262 14.4
85 4263 14.4
85 4264 14.4
85 4265 14.4
85 4266 14.4
85 4267 14.4
85 4268 14.4
85 4269 14.4
85 4270 14.4
85 4271 14.4
85 4272 14.4
85 4273 14.4
85 4274 14.4
85 4275 14.4
85 4276 14.4
85 4277 14.4
85 4278 14.4
85 4279 14.4
85 4280 14.4
85 4281 14.4
85 4282 14.4
85 4283 14.4
85 4284 14.4
85 4285 14.4
85 4286 14.4
85 4287 14.4
85 4288 14.4
85 4289 14.4
85 4290 14.4
85 4291 14.4
85 4292 14.4
85 4293 14.4
85 4294 14.4
85 4295 14.4
85 4296 14.4
85 4297 14.4
85 4298 14.4
85 4299 14.4
85 4300 14.4
86 4301 14.4
86 4302 14.4
86 4303 14.4
86 4304 14.4
86 4305 14.4
86 4306 14.4
86 4307 14.4
86 4308 14.4
86 4309 14.4
86 4310 14.4
86 4311 14.4
86 4312 14.4
86 4313 14.4
86 4314 14.4
86 4315 14.4
86 4316 14.4
86 4317 14.4
86 4318 14.4
86 4319 14.4
86 4320 14.4
86 4321 14.4
86 4322 14.4
86 4323 14.4
86 4324 14.4
86 4325 14.4
86 4326 14.4
86 4327 14.4
86 4328 14.4
86 4329 14.4
86 4330 14.4
86 4331 14.4
86 4332 14.4
86 4333 14.4
86 4334 14.4
86 4335 14.4
86 4336 14.4
86 4337 14.4
86 4338 14.4
86 4339 14.4
86 4340 14.4
86 4341 14.4
86 4342 14.4
86 4343 14.4
86 4344 14.4
86 4345 14.4
86 4346 14.4
86 4347 14.4
86 4348 14.4
86 4349 14.4
86 4350 14.4
86 4351 14.4
86 4352 14.4
86 4353 14.4
87 4354 14.4
87 4355 14.4
87 4356 14.4
87 4357 14.4
87 4358 14.4
87 4359 14.4
87 4360 14.4
87 4361 14.4
87 4362 14.4
87 4363 14.4
87 4364 14.4
87 4365 14.4
87 4366 14.4
87 4367 14.4
87 4368 14.4
87 4369 14.4
87 4370 14.4
87 4371 14.4
87 4372 14.4
87 4373 14.4
87 4374 14.4
87 4375 14.4
87 4376 14.4
87 4377 14.4
87 4378 14.4
87 4379 14.4
87 4380 14.4
87 4381 14.4
87 4382 14.4
87 4383 14.4
87 4384 14.4
87 4385 14.4
87 4386 14.4
87 4387 14.4
87 4388 14.4
87 4389 14.4
87 4390 14.4
87 4391 14.4
87 4392 14.4
87 4393 14.4
87 4394 14.4
87 4395 14.4
87 4396 14.4
87 4397 14.4
87 4398 14.4
87 4399 14.4
87 4400 14.4
87 4401 14.4
87 4402 14.4
87 4403 14.4
87 4404 14.4
87 4405 14.4
87 4406 14.4
88 4407 14.4
88 4408 14.4
88 4409 14.4
88 4410 14.4
88 4411 14.4
88 4412 14.4
88 4413 14.4
88 4414 14.4
88 4415 14.4
88 4416 14.4
88 4417 14.4
88 4418 14.4
88 4419 14.4
88 4420 14.4
88 4421 14.4
88 4422 14.4
88 4423 14.4
88 4424 14.4
88 4425 14.4
88 4426 14.4
88 4427 14.4
88 4428 14.4
88 4429 14.4
88 4430 14.4
88 4431 14.4
88 4432 14.4
88 4433 14.4
88 4434 14.4
88 4435 14.4
88 4436 14.4
88 4437 14.4
88 4438 14.4
88 4439 14.4
88 4440 14.4
88 4441 14.4
88 4442 14.4
88 4443 14.4
88 4444 14.4
88 4445 14.4
88 4446 14.4
88 4447 14.4
88 4448 14.4
88 4449 14.4
88 4450 14.4
88 4451 14.4
88 4452 14.4
88 4453 14.4
88 4454 14.4
88 4455 14.4
88 4456 14.4
88 4457 14.4
88 4458 14.4
88 4459 14.4
89 4460 14.4
89 4461 14.4
89 4462 14.4
89 4463 14.4
89 4464 14.4
89 4465 14.4
89 4466 14.4
89 4467 14.4
89 4468 14.4
89 4469 14.4
89 4470 14.4
89 4471 14.4
89 4472 14.4
89 4473 14.4
89 4474 14.4
89 4475 14.4
89 4476 14.4
89 4477 14.4
89 4478 14.4
89 4479 14.4
89 4480 14.4
89 4481 14.4
89 4482 14.4
89 4483 14.4
89 4484 14.4
89 4485 14.4
89 4486 14.4
89 4487 14.4
89 4488 14.4
89 4489 14.4
89 4490 14.4
89 4491 14.4
89 4492 14.4
89 4493 14.4
89 4494 14.4
89 4495 14.4
89 4496 14.4
89 4497 14.4
89 4498 14.4
89 4499 14.4
89 4500 14.4
89 4501 14.4
89 4502 14.4
89 4503 14.4
89 4504 14.4
89 4505 14.4
89 4506 14.4
89 4507 14.4
89 4508 14.4
89 4509 14.4
89 4510 14.4
89 4511 14.4
89 4512 14.4
90 4513 14.4
90 4514 14.4
90 4515 14.4
90 4516 14.4
90 4517 14.4
90 4518 14.4
90 4519 14.4
90 4520 14.4
90 4521 14.4
90 4522 14.4
90 4523 14.4
90 4524 14.4
90 4525 14.4
90 4526 14.4
90 4527 14.4
90 4528 14.4
90 4529 14.4
90 4530 14.4
90 4531 14.4
90 4532 14.4
90 4533 14.4
90 4534 14.4
90 4535 14.4
90 4536 14.4
90 4537 14.4
90 4538 14.4
90 4539 14.4
90 4540 14.4
90 4541 14.4
90 4542 14.4
90 4543 14.4
90 4544 14.4
90 4545 14.4
90 4546 14.4
90 4547 14.4
90 4548 14.4
90 4549 14.4
90 4550 14.4
90 4551 14.4
90 4552 14.4
90 4553 14.4
90 4554 14.4
90 4555 14.4
90 4556 14.4
90 4557 14.4
90 4558 14.4
90 4559 14.4
90 4560 14.4
90 4561 14.4
90 4562 14.4
90 4563 14.4
90 4564 14.4
91 4565 14.4
91 4566 14.4
91 4567 14.4
91 4568 14.4
91 4569 14.4
91 4570 14.4
91 4571 14.4
91 4572 14.4
91 4573 14.4
91 4574 14.4
91 4575 14.4
91 4576 14.4
91 4577 14.4
91 4578 14.4
91 4579 14.4
91 4580 14.4
91 4581 14.4
91 4582 14.4
91 4583 14.4
91 4584 14.4
91 4585 14.4
91 4586 14.4
91 4587 14.4
91 4588 14.4
91 4589 14.4
91 4590 14.4
91 4591 14.4
91 4592 14.4
91 4593 14.4
91 4594 14.4
91 4595 14.4
91 4596 14.4
91 4597 14.4
91 4598 14.4
91 4599 14.4
91 4600 14.4
91 4601 14.4
91 4602 14.4
91 4603 14.4
91 4604 14.4
91 4605 14.4
91 4606 14.4
91 4607 14.4
91 4608 14.4
91 4609 14.4
91 4610 14.4
91 4611 14.4
91 4612 14.4
91 4613 14.4
91 4614 14.4
91 4615 14.4
91 4616 14.4
92 4617 14.4
92 4618 14.4
92 4619 14.4
92 4620 14.4
92 4621 14.4
92 4622 14.4
92 4623 14.4
92 4624 14.4
92 4625 14.4
92 4626 14.4
92 4627 14.4
92 4628 14.4
92 4629 14.4
92 4630 14.4
92 4631 14.4
92 4632 14.4
92 4633 14.4
92 4634 14.4
92 4635 14.4
92 4636 14.4
92 4637 14.4
92 4638 14.4
92 4639 14.4
92 4640 14.4
92 4641 14.4
92 4642 14.4
92 4643 14.4
92 4644 14.4
92 4645 14.4
92 4646 14.4
92 4647 14.4
92 4648 14.4
92 4649 14.4
92 4650 14.4
92 4651 14.4
92 4652 14.4
92 4653 14.4
92 4654 14.4
92 4655 14.4
92 4656 14.4
92 4657 14.4
92 4658 14.4
92 4659 14.4
92 4660 14.4
92 4661 14.4
92 4662 14.4
92 4663 14.4
92 4664 14.4
92 4665 14.4
92 4666 14.4
92 4667 14.4
93 4668 14.4
93 4669 14.4
93 4670 14.4
93 4671 14.4
93 4672 14.4
93 4673 14.4
93 4674 14.4
93 4675 14.4
93 4676 14.4
93 4677 14.4
93 4678 14.4
93 4679 14.4
93 4680 14.4
93 4681 14.4
93 4682 14.4
93 4683 14.4
93 4684 14.4
93 4685 14.4
93 4686 14.4
93 4687 14.4
93 4688 14.4
93 4689 14.4
93 4690 14.4
93 4691 14.4
93 4692 14.4
93 4693 14.4
93 4694 14.4
93 4695 14.4
93 4696 14.4
93 4697 14.4
93 4698 14.4
93 4699 14.4
93 4700 14.4
93 4701 14.4
93 4702 14.4
93 4703 14.4
93 4704 14.4
93 4705 14.4
93 4706 14.4
93 4707 14.4
93 4708 14.4
93 4709 14.4
93 4710 14.4
93 4711 14.4
93 4712 14.4
93 4713 14.4
93 4714 14.4
93 4715 14.4
93 4716 14.4
93 4717 14.4
93 4718 14.4
94 4719 14.4
94 4720 14.4
94 4721 14.4
94 4722 14.4
94 4723 14.4
94 4724 14.4
94 4725 14.4
94 4726 14.4
94 4727 14.4
94 4728 14.4
94 4729 14.4
94 4730 14.4
94 4731 14.4
94 4732 14.4
94 4733 14.4
94 4734 14.4
94 4735 14.4
94 4736 14.4
94 4737 14.4
94 4738 14.4
94 4739 14.4
94 4740 14.4
94 4741 14.4
94 4742 14.4
94 4743 14.4
94 4744 14.4
94 4745 14.4
94 4746 14.4
94 4747 14.4
94 4748 14.4
94 4749 14.4
94 4750 14.4
94 4751 14.4
94 4752 14.4
94 4753 14.4
94 4754 14.4
94 4755 14.4
94 4756 14.4
94 4757 14.4
94 4758 14.4
94 4759 14.4
94 4760 14.4
94 4761 14.4
94 4762 14.4
94 4763 14.4
94 4764 14.4
94 4765 14.4
94 4766 14.4
94 4767 14.4
94 4768 14.4
94 4769 14.4
94 4770 14.4
95 4771 14.4
95 4772 14.4
95 4773 14.4
95 4774 14.4
95 4775 14.4
95 4776 14.4
95 4777 14.4
95 4778 14.4
95 4779 14.4
95 4780 14.4
95 4781 14.4
95 4782 14.4
95 4783 14.4
95 4784 14.4
95 4785 14.4
95 4786 14.4
95 4787 14.4
95 4788 14.4
95 4789 14.4
95 4790 14.4
95 4791 14.4
95 4792 14.4
95 4793 14.4
95 4794 14.4
95 4795 14.4
95 4796 14.4
95 4797 14.4
95 4798 14.4
95 4799 14.4
95 4800 14.4
95 4801 14.4
95 4802 14.4
95 4803 14.4
95 4804 14.4
95 4805 14.4
95 4806 14.4
95 4807 14.4
95 4808 14.4
95 4809 14.4
95 4810 14.4
95 4811 14.4
95 4812 14.4
95 4813 14.4
95 4814 14.4
95 4815 14.4
95 4816 14.4
95 4817 14.4
95 4818 14.4
95 4819 14.4
95 4820 14.4
95 4821 14.4
96 4822 14.4
96 4823 14.4
96 4824 14.4
96 4825 14.4
96 4826 14.4
96 4827 14.4
96 4828 14.4
96 4829 14.4
96 4830 14.4
96 4831 14.4
96 4832 14.4
96 4833 14.4
96 4834 14.4
96 4835 14.4
96 4836 14.4
96 4837 14.4
96 4838 14.4
96 4839 14.4
96 4840 14.4
96 4841 14.4
96 4842 14.4
96 4843 14.4
96 4844 14.4
96 4845 14.4
96 4846 14.4
96 4847 14.4
96 4848 14.4
96 4849 14.4
96 4850 14.4
96 4851 14.4
96 4852 14.4
96 4853 14.4
96 4854 14.4
96 4855 14.4
96 4856 14.4
96 4857 14.4
96 4858 14.4
96 4859 14.4
96 4860 14.4
96 4861 14.4
96 4862 14.4
96 4863 14.4
96 4864 14.4
96 4865 14.4
96 4866 14.4
96 4867 14.4
96 4868 14.4
96 4869 14.4
96 4870 14.4
96 4871 14.4
96 4872 14.4
96 4873 14.4
96 4874 14.4
97 4875 14.4
97 4876 14.4
97 4877 14.4
97 4878 14.4
97 4879 14.4
97 4880 14.4
97 4881 14.4
97 4882 14.4
97 4883 14.4
97 4884 14.4
97 4885 14.4
97 4886 14.4
97 4887 14.4
97 4888 14.4
97 4889 14.4
97 4890 14.4
97 4891 14.4
97 4892 14.4
97 4893 14.4
97 4894 14.4
97 4895 14.4
97 4896 14.4
97 4897 14.4
97 4898 14.4
97 4899 14.4
97 4900 14.4
97 4901 14.4
97 4902 14.4
97 4903 14.4
97 4904 14.4
97 4905 14.4
97 4906 14.4
97 4907 14.4
97 4908 14.4
97 4909 14.4
97 4910 14.4
97 4911 14.4
97 4912 14.4
97 4913 14.4
97 4914 14.4
97 4915 14.4
97 4916 14.4
97 4917 14.4
97 4918 14.4
97 4919 14.4
97 4920 14.4
97 4921 14.4
97 4922 14.4
97 4923 14.4
97 4924 14.4
97 4925 14.4
97 4926 14.4
97 4927 14.4
98 4928 14.4
98 4929 14.4
98 4930 14.4
98 4931 14.4
98 4932 14.4
98 4933 14.4
98 4934 14.4
98 4935 14.4
98 4936 14.4
98 4937 14.4
98 4938 14.4
98 4939 14.4
98 4940 14.4
98 4941 14.4
98 4942 14.4
98 4943 14.4
98 4944 14.4
98 4945 14.4
98 4946 14.4
98 4947 14.4
98 4948 14.4
98 4949 14.4
98 4950 14.4
98 4951 14.4
98 4952 14.4
98 4953 14.4
98 4954 14.4
98 4955 14.4
98 4956 14.4
98 4957 14.4
98 4958 14.4
98 4959 14.4
98 4960 14.4
98 4961 14.4
98 4962 14.4
98 4963 14.4
98 4964 14.4
98 4965 14.4
98 4966 14.4
98 4967 14.4
98 4968 14.4
98 4969 14.4
98 4970 14.4
98 4971 14.4
98 4972 14.4
98 4973 14.4
98 4974 14.4
98 4975 14.4
98 4976 14.4
98 4977 14.4
98 4978 14.4
98 4979 14.4
98 4980 14.4
99 4981 14.4
99 4982 14.4
99 4983 14.4
99 4984 14.4
99 4985 14.4
99 4986 14.4
99 4987 14.4
99 4988 14.4
99 4989 14.4
99 4990 14.4
99 4991 14.4
99 4992 14.4
99 4993 14.4
99 4994 14.4
99 4995 14.4
99 4996 14.4
99 4997 14.4
99 4998 14.4
99 4999 14.4
99 5000 14.4
99 5001 14.4
99 5002 14.4
99 5003 14.4
99 5004 14.4
99 5005 14.4
99 5006 14.4
99 5007 14.4
99 5008 14.4
99 5009 14.4
99 5010 14.4
99 5011 14.4
99 5012 14.4
99 5013 14.4
99 5014 14.4
99 5015 14.4
99 5016 14.4
99 5017 14.4
99 5018 14.4
99 5019 14.4
99 5020 14.4
99 5021 14.4
99 5022 14.4
99 5023 14.4
99 5024 14.4
99 5025 14.4
99 5026 14.4
99 5027 14.4
99 5028 14.4
99 5029 14.4
100 5030 14.4
100 5031 14.4
100 5032 14.4
100 5033 14.4
100 5034 14.4
100 5035 14.4
100 5036 14.4
100 5037 14.4
100 5038 14.4
100 5039 14.4
100 5040 14.4
100 5041 14.4
100 5042 14.4
100 5043 14.4
100 5044 14.4
100 5045 14.4
100 5046 14.4
100 5047 14.4
100 5048 14.4
100 5049 14.4
100 5050 14.4
100 5051 14.4
100 5052 14.4
100 5053 14.4
100 5054 14.4
100 5055 14.4
100 5056 14.4
100 5057 14.4
100 5058 14.4
100 5059 14.4
100 5060 14.4
100 5061 14.4
100 5062 14.4
100 5063 14.4
100 5064 14.4
100 5065 14.4
100 5066 14.4
100 5067 14.4
100 5068 14.4
100 5069 14.4
100 5070 14.4
100 5071 14.4
100 5072 14.4
100 5073 14.4
100 5074 14.4
100 5075 14.4
100 5076 14.4
100 5077 14.4
100 5078 14.4
100 5079 14.4
100 5080 14.4
100 5081 14.4
101 5082 14.4
101 5083 14.4
101 5084 14.4
101 5085 14.4
101 5086 14.4
101 5087 14.4
101 5088 14.4
101 5089 14.4
101 5090 14.4
101 5091 14.4
101 5092 14.4
101 5093 14.4
101 5094 14.4
101 5095 14.4
101 5096 14.4
101 5097 14.4
101 5098 14.4
101 5099 14.4
101 5100 14.4
101 5101 14.4
101 5102 14.4
101 5103 14.4
101 5104 14.4
101 5105 14.4
101 5106 14.4
101 5107 14.4
101 5108 14.4
101 5109 14.4
101 5110 14.4
101 5111 14.4
101 5112 14.4
101 5113 14.4
101 5114 14.4
101 5115 14.4
101 5116 14.4
101 5117 14.4
101 5118 14.4
101 5119 14.4
101 5120 14.4
101 5121 14.4
101 5122 14.4
101 5123 14.4
101 5124 14.4
101 5125 14.4
101 5126 14.4
101 5127 14.4
101 5128 14.4
101 5129 14.4
101 5130 14.4
101 5131 14.4
101 5132 14.4
102 5133 14.4
102 5134 14.4
102 5135 14.4
102 5136 14.4
102 5137 14.4
102 5138 14.4
102 5139 14.4
102 5140 14.4
102 5141 14.4
102 5142 14.4
102 5143 14.4
102 5144 14.4
102 5145 14.4
102 5146 14.4
102 5147 14.4
102 5148 14.4
102 5149 14.4
102 5150 14.4
102 5151 14.4
102 5152 14.4
102 5153 14.4
102 5154 14.4
102 5155 14.4
102 5156 14.4
102 5157 14.4
102 5158 14.4
102 5159 14.4
102 5160 14.4
102 5161 14.4
102 5162 14.4
102 5163 14.4
102 5164 14.4
102 5165 14.4
102 5166 14.4
102 5167 14.4
102 5168 14.4
102 5169 14.4
102 5170 14.4
102 5171 14.4
102 5172 14.4
102 5173 14.4
102 5174 14.4
102 5175 14.4
102 5176 14.4
102 5177 14.4
102 5178 14.4
102 5179 14.4
102 5180 14.4
102 5181 14.4
102 5182 14.4
102 5183 14.4
102 5184 14.4
102 5185 14.4
103 5186 14.4
103 5187 14.4
103 5188 14.4
103 5189 14.4
103 5190 14.4
103 5191 14.4
103 5192 14.4
103 5193 14.4
103 5194 14.4
103 5195 14.4
103 5196 14.4
103 5197 14.4
103 5198 14.4
103 5199 14.4
103 5200 14.4
103 5201 14.4
103 5202 14.4
103 5203 14.4
103 5204 14.4
103 5205 14.4
103 5206 14.4
103 5207 14.4
103 5208 14.4
103 5209 14.4
103 5210 14.4
103 5211 14.4
103 5212 14.4
103 5213 14.4
103 5214 14.4
103 5215 14.4
103 5216 14.4
103 5217 14.4
103 5218 14.4
103 5219 14.4
103 5220 14.4
103 5221 14.4
103 5222 14.4
103 5223 14.4
103 5224 14.4
103 5225 14.4
103 5226 14.4
103 5227 14.4
103 5228 14.4
103 5229 14.4
103 5230 14.4
103 5231 14.4
103 5232 14.4
103 5233 14.4
103 5234 14.4
103 5235 14.4
103 5236 14.4
103 5237 14.4
103 5238 14.4
103 5239 14.4
104 5240 14.4
104 5241 14.4
104 5242 14.4
104 5243 14.4
104 5244 14.4
104 5245 14.4
104 5246 14.4
104 5247 14.4
104 5248 14.4
104 5249 14.4
104 5250 14.4
104 5251 14.4
104 5252 14.4
104 5253 14.4
104 5254 14.4
104 5255 14.4
104 5256 14.4
104 5257 14.4
104 5258 14.4
104 5259 14.4
104 5260 14.4
104 5261 14.4
104 5262 14.4
104 5263 14.4
104 5264 14.4
104 5265 14.4
104 5266 14.4
104 5267 14.4
104 5268 14.4
104 5269 14.4
104 5270 14.4
104 5271 14.4
104 5272 14.4
104 5273 14.4
104 5274 14.4
104 5275 14.4
104 5276 14.4
104 5277 14.4
104 5278 14.4
104 5279 14.4
104 5280 14.4
104 5281 14.4
104 5282 14.4
104 5283 14.4
104 5284 14.4
104 5285 14.4
104 5286 14.4
104 5287 14.4
104 5288 14.4
104 5289 14.4
104 5290 14.4
104 5291 14.4
104 5292 14.4
105 5293 14.4
105 5294 14.4
105 5295 14.4
105 5296 14.4
105 5297 14.4
105 5298 14.4
105 5299 14.4
105 5300 14.4
105 5301 14.4
105 5302 14.4
105 5303 14.4
105 5304 14.4
105 5305 14.4
105 5306 14.4
105 5307 14.4
105 5308 14.4
105 5309 14.4
105 5310 14.4
105 5311 14.4
105 5312 14.4
105 5313 14.4
105 5314 14.4
105 5315 14.4
105 5316 14.4
105 5317 14.4
105 5318 14.4
105 5319 14.4
105 5320 14.4
105 5321 14.4
105 5322 14.4
105 5323 14.4
105 5324 14.4
105 5325 14.4
105 5326 14.4
105 5327 14.4
105 5328 14.4
105 5329 14.4
105 5330 14.4
105 5331 14.4
105 5332 14.4
105 5333 14.4
105 5334 14.4
105 5335 14.4
105 5336 14.4
105 5337 14.4
105 5338 14.4
105 5339 14.4
105 5340 14.4
105 5341 14.4
106 5342 14.4
106 5343 14.4
106 5344 14.4
106 5345 14.4
106 5346 14.4
106 5347 14.4
106 5348 14.4
106 5349 14.4
106 5350 14.4
106 5351 14.4
106 5352 14.4
106 5353 14.4
106 5354 14.4
106 5355 14.4
106 5356 14.4
106 5357 14.4
106 5358 14.4
106 5359 14.4
106 5360 14.4
106 5361 14.4
106 5362 14.4
106 5363 14.4
106 5364 14.4
106 5365 14.4
106 5366 14.4
106 5367 14.4
106 5368 14.4
106 5369 14.4
106 5370 14.4
106 5371 14.4
106 5372 14.4
106 5373 14.4
106 5374 14.4
106 5375 14.4
106 5376 14.4
106 5377 14.4
106 5378 14.4
106 5379 14.4
106 5380 14.4
106 5381 14.4
106 5382 14.4
106 5383 14.4
106 5384 14.4
106 5385 14.4
106 5386 14.4
106 5387 14.4
106 5388 14.4
106 5389 14.4
106 5390 14.4
106 5391 14.4
107 5392 14.4
107 5393 14.4
107 5394 14.4
107 5395 14.4
107 5396 14.4
107 5397 14.4
107 5398 14.4
107 5399 14.4
107 5400 14.4
107 5401 14.4
107 5402 14.4
107 5403 14.4
107 5404 14.4
107 5405 14.4
107 5406 14.4
107 5407 14.4
107 5408 14.4
107 5409 14.4
107 5410 14.4
107 5411 14.4
107 5412 14.4
107 5413 14.4
107 5414 14.4
107 5415 14.4
107 5416 14.4
107 5417 14.4
107 5418 14.4
107 5419 14.4
107 5420 14.4
107 5421 14.4
107 5422 14.4
107 5423 14.4
107 5424 14.4
107 5425 14.4
107 5426 14.4
107 5427 14.4
107 5428 14.4
107 5429 14.4
107 5430 14.4
107 5431 14.4
107 5432 14.4
107 5433 14.4
107 5434 14.4
107 5435 14.4
107 5436 14.4
107 5437 14.4
107 5438 14.4
107 5439 14.4
107 5440 14.4
107 5441 14.4
108 5442 14.4
108 5443 14.4
108 5444 14.4
108 5445 14.4
108 5446 14.4
108 5447 14.4
108 5448 14.4
108 5449 14.4
108 5450 14.4
108 5451 14.4
108 5452 14.4
108 5453 14.4
108 5454 14.4
108 5455 14.4
108 5456 14.4
108 5457 14.4
108 5458 14.4
108 5459 14.4
108 5460 14.4
108 5461 14.4
108 5462 14.4
108 5463 14.4
108 5464 14.4
108 5465 14.4
108 5466 14.4
108 5467 14.4
108 5468 14.4
108 5469 14.4
108 5470 14.4
108 5471 14.4
108 5472 14.4
108 5473 14.4
108 5474 14.4
108 5475 14.4
108 5476 14.4
108 5477 14.4
108 5478 14.4
108 5479 14.4
108 5480 14.4
108 5481 14.4
108 5482 14.4
108 5483 14.4
108 5484 14.4
108 5485 14.4
108 5486 14.4
108 5487 14.4
108 5488 14.4
108 5489 14.4
108 5490 14.4
108 5491 14.4
109 5492 14.4
109 5493 14.4
109 5494 14.4
109 5495 14.4
109 5496 14.4
109 5497 14.4
109 5498 14.4
109 5499 14.4
109 5500 14.4
109 5501 14.4
109 5502 14.4
109 5503 14.4
109 5504 14.4
109 5505 14.4
109 5506 14.4
109 5507 14.4
109 5508 14.4
109 5509 14.4
109 5510 14.4
109 5511 14.4
109 5512 14.4
109 5513 14.4
109 5514 14.4
109 5515 14.4
109 5516 14.4
109 5517 14.4
109 5518 14.4
109 5519 14.4
109 5520 14.4
109 5521 14.4
109 5522 14.4
109 5523 14.4
109 5524 14.4
109 5525 14.4
109 5526 14.4
109 5527 14.4
109 5528 14.4
109 5529 14.4
109 5530 14.4
109 5531 14.4
109 5532 14.4
109 5533 14.4
109 5534 14.4
109 5535 14.4
109 5536 14.4
109 5537 14.4
109 5538 14.4
109 5539 14.4
109 5540 14.4
109 5541 14.4
109 5542 14.4
109 5543 14.4
110 5544 14.4
110 5545 14.4
110 5546 14.4
110 5547 14.4
110 5548 14.4
110 5549 14.4
110 5550 14.4
110 5551 14.4
110 5552 14.4
110 5553 14.4
110 5554 14.4
110 5555 14.4
110 5556 14.4
110 5557 14.4
110 5558 14.4
110 5559 14.4
110 5560 14.4
110 5561 14.4
110 5562 14.4
110 5563 14.4
110 5564 14.4
110 5565 14.4
110 5566 14.4
110 5567 14.4
110 5568 14.4
110 5569 14.4
110 5570 14.4
110 5571 14.4
110 5572 14.4
110 5573 14.4
110 5574 14.4
110 5575 14.4
110 5576 14.4
110 5577 14.4
110 5578 14.4
110 5579 14.4
110 5580 14.4
110 5581 14.4
110 5582 14.4
110 5583 14.4
110 5584 14.4
110 5585 14.4
110 5586 14.4
110 5587 14.4
110 5588 14.4
110 5589 14.4
110 5590 14.4
110 5591 14.4
110 5592 14.4
110 5593 14.4
110 5594 14.4
111 5595 14.4
111 5596 14.4
111 5597 14.4
111 5598 14.4
111 5599 14.4
111 5600 14.4
111 5601 14.4
111 5602 14.4
111 5603 14.4
111 5604 14.4
111 5605 14.4
111 5606 14.4
111 5607 14.4
111 5608 14.4
111 5609 14.4
111 5610 14.4
111 5611 14.4
111 5612 14.4
111 5613 14.4
111 5614 14.4
111 5615 14.4
111 5616 14.4
111 5617 14.4
111 5618 14.4
111 5619 14.4
111 5620 14.4
111 5621 14.4
111 5622 14.4
111 5623 14.4
111 5624 14.4
111 5625 14.4
111 5626 14.4
111 5627 14.4
111 5628 14.4
111 5629 14.4
111 5630 14.4
111 5631 14.4
111 5632 14.4
111 5633 14.4
111 5634 14.4
111 5635 14.4
111 5636 14.4
111 5637 14.4
111 5638 14.4
111 5639 14.4
111 5640 14.4
111 5641 14.4
111 5642 14.4
111 5643 14.4
111 5644 14.4
111 5645 14.4
111 5646 14.4
111 5647 14.4
111 5648 14.4
112 5649 14.4
112 5650 14.4
112 5651 14.4
112 5652 14.4
112 5653 14.4
112 5654 14.4
112 5655 14.4
112 5656 14.4
112 5657 14.4
112 5658 14.4
112 5659 14.4
112 5660 14.4
112 5661 14.4
112 5662 14.4
112 5663 14.4
112 5664 14.4
112 5665 14.4
112 5666 14.4
112 5667 14.4
112 5668 14.4
112 5669 14.4
112 5670 14.4
112 5671 14.4
112 5672 14.4
112 5673 14.4
112 5674 14.4
112 5675 14.4
112 5676 14.4
112 5677 14.4
112 5678 14.4
112 5679 14.4
112 5680 14.4
112 5681 14.4
112 5682 14.4
112 5683 14.4
112 5684 14.4
112 5685 14.4
112 5686 14.4
112 5687 14.4
112 5688 14.4
112 5689 14.4
112 5690 14.4
112 5691 14.4
112 5692 14.4
112 5693 14.4
112 5694 14.4
112 5695 14.4
112 5696 14.4
112 5697 14.4
112 5698 14.4
112 5699 14.4
112 5700 14.4
113 5701 14.4
113 5702 14.4
113 5703 14.4
113 5704 14.4
113 5705 14.4
113 5706 14.4
113 5707 14.4
113 5708 14.4
113 5709 14.4
113 5710 14.4
113 5711 14.4
113 5712 14.4
113 5713 14.4
113 5714 14.4
113 5715 14.4
113 5716 14.4
113 5717 14.4
113 5718 14.4
113 5719 14.4
113 5720 14.4
113 5721 14.4
113 5722 14.4
113 5723 14.4
113 5724 14.4
113 5725 14.4
113 5726 14.4
113 5727 14.4
113 5728 14.4
113 5729 14.4
113 5730 14.4
113 5731 14.4
113 5732 14.4
113 5733 14.4
113 5734 14.4
113 5735 14.4
113 5736 14.4
113 5737 14.4
113 5738 14.4
113 5739 14.4
113 5740 14.4
113 5741 14.4
113 5742 14.4
113 5743 14.4
113 5744 14.4
113 5745 14.4
113 5746 14.4
113 5747 14.4
113 5748 14.4
113 5749 14.4
113 5750 14.4
113 5751 14.4
113 5752 14.4
113 5753 14.4
113 5754 14.4
113 5755 14.4
113 5756 14.4
113 5757 14.4
114 5758 14.4
114 5759 14.4
114 5760 14.4
114 5761 14.4
114 5762 14.4
114 5763 14.4
114 5764 14.4
114 5765 14.4
114 5766 14.4
114 5767 14.4
114 5768 14.4
114 5769 14.4
114 5770 14.4
114 5771 14.4
114 5772 14.4
114 5773 14.4
114 5774 14.4
114 5775 14.4
114 5776 14.4
114 5777 14.4
114 5778 14.4
114 5779 14.4
114 5780 14.4
114 5781 14.4
114 5782 14.4
114 5783 14.4
114 5784 14.4
114 5785 14.4
114 5786 14.4
114 5787 14.4
114 5788 14.4
114 5789 14.4
114 5790 14.4
114 5791 14.4
114 5792 14.4
114 5793 14.4
114 5794 14.4
114 5795 14.4
114 5796 14.4
114 5797 14.4
114 5798 14.4
114 5799 14.4
114 5800 14.4
114 5801 14.4
114 5802 14.4
114 5803 14.4
114 5804 14.4
114 5805 14.4
114 5806 14.4
114 5807 14.4
114 5808 14.4
114 5809 14.4
114 5810 14.4
115 5811 14.4
115 5812 14.4
115 5813 14.4
115 5814 14.4
115 5815 14.4
115 5816 14.4
115 5817 14.4
115 5818 14.4
115 5819 14.4
115 5820 14.4
115 5821 14.4
115 5822 14.4
115 5823 14.4
115 5824 14.4
115 5825 14.4
115 5826 14.4
115 5827 14.4
115 5828 14.4
115 5829 14.4
115 5830 14.4
115 5831 14.4
115 5832 14.4
115 5833 14.4
115 5834 14.4
115 5835 14.4
115 5836 14.4
115 5837 14.4
115 5838 14.4
115 5839 14.4
115 5840 14.4
115 5841 14.4
115 5842 14.4
115 5843 14.4
115 5844 14.4
115 5845 14.4
115 5846 14.4
115 5847 14.4
115 5848 14.4
115 5849 14.4
115 5850 14.4
115 5851 14.4
115 5852 14.4
115 5853 14.4
115 5854 14.4
115 5855 14.4
115 5856 14.4
115 5857 14.4
115 5858 14.4
115 5859 14.4
115 5860 14.4
115 5861 14.4
115 5862 14.4
115 5863 14.4
115 5864 14.4
116 5865 14.4
116 5866 14.4
116 5867 14.4
116 5868 14.4
116 5869 14.4
116 5870 14.4
116 5871 14.4
116 5872 14.4
116 5873 14.4
116 5874 14.4
116 5875 14.4
116 5876 14.4
116 5877 14.4
116 5878 14.4
116 5879 14.4
116 5880 14.4
116 5881 14.4
116 5882 14.4
116 5883 14.4
116 5884 14.4
116 5885 14.4
116 5886 14.4
116 5887 14.4
116 5888 14.4
116 5889 14.4
116 5890 14.4
116 5891 14.4
116 5892 14.4
116 5893 14.4
116 5894 14.4
116 5895 14.4
116 5896 14.4
116 5897 14.4
116 5898 14.4
116 5899 14.4
116 5900 14.4
116 5901 14.4
116 5902 14.4
116 5903 14.4
116 5904 14.4
116 5905 14.4
116 5906 14.4
116 5907 14.4
116 5908 14.4
116 5909 14.4
116 5910 14.4
116 5911 14.4
116 5912 14.4
116 5913 14.4
116 5914 14.4
116 5915 14.4
116 5916 14.4
116 5917 14.4
116 5918 14.4
117 5919 14.4
117 5920 14.4
117 5921 14.4
117 5922 14.4
117 5923 14.4
117 5924 14.4
117 5925 14.4
117 5926 14.4
117 5927 14.4
117 5928 14.4
117 5929 14.4
117 5930 14.4
117 5931 14.4
117 5932 14.4
117 5933 14.4
117 5934 14.4
117 5935 14.4
117 5936 14.4
117 5937 14.4
117 5938 14.4
117 5939 14.4
117 5940 14.4
117 5941 14.4
117 5942 14.4
117 5943 14.4
117 5944 14.4
117 5945 14.4
117 5946 14.4
117 5947 14.4
117 5948 14.4
117 5949 14.4
117 5950 14.4
117 5951 14.4
117 5952 14.4
117 5953 14.4
117 5954 14.4
117 5955 14.4
117 5956 14.4
117 5957 14.4
117 5958 14.4
117 5959 14.4
117 5960 14.4
117 5961 14.4
118 5962 14.4
118 5963 14.4
118 5964 14.4
118 5965 14.4
118 5966 14.4
118 5967 14.4
118 5968 14.4
118 5969 14.4
118 5970 14.4
118 5971 14.4
118 5972 14.4
118 5973 14.4
118 5974 14.4
118 5975 14.4
118 5976 14.4
118 5977 14.4
118 5978 14.4
118 5979 14.4
118 5980 14.4
118 5981 14.4
118 5982 14.4
118 5983 14.4
118 5984 14.4
118 5985 14.4
118 5986 14.4
118 5987 14.4
118 5988 14.4
118 5989 14.4
118 5990 14.4
118 5991 14.4
118 5992 14.4
118 5993 14.4
118 5994 14.4
118 5995 14.4
118 5996 14.4
118 5997 14.4
118 5998 14.4
118 5999 14.4
118 6000 14.4
118 6001 14.4
118 6002 14.4
118 6003 14.4
118 6004 14.4
118 6005 14.4
118 6006 14.4
118 6007 14.4
118 6008 14.4
118 6009 14.4
118 6010 14.4
118 6011 14.4
119 6012 14.4
119 6013 14.4
119 6014 14.4
119 6015 14.4
119 6016 14.4
119 6017 14.4
119 6018 14.4
119 6019 14.4
119 6020 14.4
119 6021 14.4
119 6022 14.4
119 6023 14.4
119 6024 14.4
119 6025 14.4
119 6026 14.4
119 6027 14.4
119 6028 14.4
119 6029 14.4
119 6030 14.4
119 6031 14.4
119 6032 14.4
119 6033 14.4
119 6034 14.4
119 6035 14.4
119 6036 14.4
119 6037 14.4
119 6038 14.4
119 6039 14.4
119 6040 14.4
119 6041 14.4
119 6042 14.4
119 6043 14.4
119 6044 14.4
119 6045 14.4
119 6046 14.4
119 6047 14.4
119 6048 14.4
119 6049 14.4
119 6050 14.4
119 6051 14.4
119 6052 14.4
119 6053 14.4
119 6054 14.4
119 6055 14.4
119 6056 14.4
119 6057 14.4
119 6058 14.4
119 6059 14.4
119 6060 14.4
120 6061 14.4
120 6062 14.4
120 6063 14.4
120 6064 14.4
120 6065 14.4
120 6066 14.4
120 6067 14.4
120 6068 14.4
120 6069 14.4
120 6070 14.4
120 6071 14.4
120 6072 14.4
120 6073 14.4
120 6074 14.4
120 6075 14.4
120 6076 14.4
120 6077 14.4
120 6078 14.4
120 6079 14.4
120 6080 14.4
120 6081 14.4
120 6082 14.4
120 6083 14.4
120 6084 14.4
120 6085 14.4
120 6086 14.4
120 6087 14.4
120 6088 14.4
120 6089 14.4
120 6090 14.4
120 6091 14.4
120 6092 14.4
120 6093 14.4
120 6094 14.4
120 6095 14.4
120 6096 14.4
120 6097 14.4
120 6098 14.4
120 6099 14.4
120 6100 14.4
120 6101 14.4
120 6102 14.4
120 6103 14.4
120 6104 14.4
120 6105 14.4
120 6106 14.4
120 6107 14.4
120 6108 14.4
120 6109 14.4
120 6110 14.4
120 6111 14.4
121 6112 14.4
