1 1 49.5
1 2 49.5
1 3 49.5
1 4 47.8
1 5 47.8
1 6 47.8
1 7 47.8
1 8 47.8
1 9 47.8
1 10 47.8
1 11 46.9
1 12 46.9
1 13 46.9
1 14 46.4
1 15 46.4
1 16 46.4
1 17 46.4
1 18 46.4
1 19 46.3
1 20 46.3
1 21 46.3
1 22 46.1
1 23 46.1
1 24 46.1
1 25 45.6
1 26 45.6
1 27 45.6
1 28 45.6
1 29 44.8
1 30 44.8
1 31 44.8
2 32 44.8
2 33 44.8
2 34 41.0
2 35 41.0
2 36 41.0
2 37 41.0
2 38 41.0
2 39 40.8
2 40 40.8
2 41 40.8
2 42 40.5
2 43 40.5
2 44 40.5
2 45 40.5
2 46 40.5
2 47 40.5
2 48 40.5
2 49 40.0
2 50 40.0
2 51 39.8
2 52 39.8
2 53 39.8
2 54 39.8
2 55 39.8
2 56 39.8
2 57 39.8
2 58 39.8
2 59 39.8
2 60 39.8
2 61 39.8
2 62 39.8
2 63 39.8
2 64 39.8
2 65 39.8
2 66 39.2
2 67 39.2
2 68 39.2
2 69 39.2
2 70 38.9
3 71 38.9
3 72 38.9
3 73 37.4
3 74 37.4
3 75 37.4
3 76 37.4
3 77 36.7
3 78 36.7
3 79 36.7
3 80 36.7
3 81 36.7
3 82 36.7
3 83 36.7
3 84 36.5
3 85 36.1
3 86 36.1
3 87 36.1
3 88 36.1
3 89 36.1
3 90 36.1
3 91 36.1
3 92 36.1
3 93 36.1
3 94 34.2
3 95 34.2
3 96 34.2
3 97 34.2
3 98 34.2
3 99 34.2
3 100 34.2
3 101 33.0
3 102 33.0
3 103 33.0
3 104 33.0
3 105 33.0
3 106 33.0
3 107 33.0
3 108 33.0
4 109 32.8
4 110 32.8
4 111 32.8
4 112 32.8
4 113 32.8
4 114 32.6
4 115 32.6
4 116 32.6
4 117 32.6
4 118 32.6
4 119 32.6
4 120 32.6
4 121 32.6
4 122 32.6
4 123 32.6
4 124 32.6
4 125 32.6
4 126 32.6
4 127 32.6
4 128 32.6
4 129 32.6
4 130 32.6
4 131 32.6
4 132 32.6
4 133 32.6
4 134 32.6
4 135 32.6
4 136 32.6
4 137 32.6
4 138 32.6
4 139 32.6
4 140 32.6
4 141 32.6
4 142 32.6
4 143 32.6
4 144 32.6
4 145 32.6
4 146 32.6
4 147 32.6
4 148 32.6
4 149 32.6
4 150 32.6
4 151 32.6
4 152 32.6
4 153 32.6
5 154 32.6
5 155 32.6
5 156 32.6
5 157 32.6
5 158 32.6
5 159 32.6
5 160 32.6
5 161 32.6
5 162 32.6
5 163 32.6
5 164 32.6
5 165 32.6
5 166 32.6
5 167 32.6
5 168 32.6
5 169 32.6
5 170 32.6
5 171 32.6
5 172 32.6
5 173 32.6
5 174 32.6
5 175 32.6
5 176 32.6
5 177 32.6
5 178 32.6
5 179 32.6
5 180 32.6
5 181 32.6
5 182 32.6
5 183 32.6
5 184 32.6
5 185 32.6
5 186 32.6
5 187 32.6
5 188 32.6
5 189 32.6
5 190 32.6
5 191 32.6
5 192 32.6
5 193 32.6
5 194 32.6
5 195 32.6
5 196 32.6
5 197 32.6
5 198 32.6
6 199 32.6
6 200 32.6
6 201 32.6
6 202 32.6
6 203 32.6
6 204 32.6
6 205 32.6
6 206 32.6
6 207 32.6
6 208 32.6
6 209 32.6
6 210 32.6
6 211 32.6
6 212 32.6
6 213 32.6
6 214 32.6
6 215 32.6
6 216 32.6
6 217 32.6
6 218 32.6
6 219 32.6
6 220 32.6
6 221 32.6
6 222 32.6
6 223 32.6
6 224 32.6
6 225 32.6
6 226 32.6
6 227 32.6
6 228 32.6
6 229 32.6
6 230 32.6
6 231 32.6
6 232 32.6
6 233 32.6
6 234 32.6
6 235 32.6
6 236 32.6
6 237 32.6
6 238 32.6
6 239 32.6
6 240 32.6
6 241 32.6
6 242 32.6
6 243 32.6
6 244 32.6
6 245 32.6
6 246 32.4
7 247 32.4
7 248 32.4
7 249 32.4
7 250 32.4
7 251 32.4
7 252 32.4
7 253 32.4
7 254 32.4
7 255 32.4
7 256 32.4
7 257 32.4
7 258 32.4
7 259 32.2
7 260 32.2
7 261 32.2
7 262 32.2
7 263 32.2
7 264 32.2
7 265 32.2
7 266 32.2
7 267 32.2
7 268 32.2
7 269 32.2
7 270 32.2
7 271 32.2
7 272 32.2
7 273 32.2
7 274 32.2
7 275 32.2
7 276 32.2
7 277 32.2
7 278 32.2
7 279 32.2
7 280 32.2
7 281 32.2
7 282 32.2
7 283 32.2
7 284 32.2
7 285 32.0
7 286 32.0
7 287 32.0
7 288 32.0
7 289 32.0
7 290 32.0
8 291 32.0
8 292 32.0
8 293 32.0
8 294 32.0
8 295 32.0
8 296 32.0
8 297 32.0
8 298 32.0
8 299 32.0
8 300 32.0
8 301 32.0
8 302 32.0
8 303 32.0
8 304 32.0
8 305 32.0
8 306 32.0
8 307 32.0
8 308 32.0
8 309 32.0
8 310 32.0
8 311 32.0
8 312 32.0
8 313 32.0
8 314 32.0
8 315 32.0
8 316 32.0
8 317 32.0
8 318 32.0
8 319 32.0
8 320 32.0
8 321 32.0
8 322 32.0
8 323 32.0
8 324 32.0
8 325 32.0
8 326 32.0
8 327 32.0
8 328 32.0
8 329 32.0
8 330 32.0
8 331 32.0
8 332 32.0
8 333 32.0
8 334 32.0
9 335 32.0
9 336 32.0
9 337 32.0
9 338 32.0
9 339 32.0
9 340 32.0
9 341 32.0
9 342 32.0
9 343 32.0
9 344 32.0
9 345 32.0
9 346 32.0
9 347 32.0
9 348 32.0
9 349 32.0
9 350 32.0
9 351 32.0
9 352 32.0
9 353 32.0
9 354 32.0
9 355 32.0
9 356 32.0
9 357 32.0
9 358 32.0
9 359 32.0
9 360 32.0
9 361 32.0
9 362 32.0
9 363 32.0
9 364 32.0
9 365 32.0
9 366 31.7
9 367 31.7
9 368 31.7
9 369 31.0
9 370 31.0
9 371 31.0
9 372 31.0
9 373 30.9
9 374 30.9
9 375 30.9
9 376 30.9
9 377 30.8
9 378 30.8
9 379 30.8
9 380 30.8
9 381 30.8
9 382 30.8
9 383 30.8
9 384 30.8
10 385 30.8
10 386 30.8
10 387 30.8
10 388 30.8
10 389 30.8
10 390 30.8
10 391 30.8
10 392 30.8
10 393 30.8
10 394 30.8
10 395 30.8
10 396 30.8
10 397 30.8
10 398 30.8
10 399 30.8
10 400 30.4
10 401 30.4
10 402 30.4
10 403 30.4
10 404 30.4
10 405 30.4
10 406 30.4
10 407 30.4
10 408 30.4
10 409 30.4
10 410 30.4
10 411 30.4
10 412 30.4
10 413 30.4
10 414 30.4
10 415 30.4
10 416 30.4
10 417 30.4
10 418 30.4
10 419 30.4
10 420 30.4
10 421 30.4
10 422 30.4
10 423 30.4
10 424 30.4
10 425 30.4
10 426 30.4
10 427 30.4
10 428 30.4
10 429 30.4
10 430 30.4
10 431 30.4
10 432 30.4
11 433 30.4
11 434 30.4
11 435 30.4
11 436 30.4
11 437 30.4
11 438 30.4
11 439 30.4
11 440 30.4
11 441 30.4
11 442 30.4
11 443 30.4
11 444 30.4
11 445 30.4
11 446 30.4
11 447 30.4
11 448 30.4
11 449 30.4
11 450 30.4
11 451 30.4
11 452 30.4
11 453 30.4
11 454 30.4
11 455 30.4
11 456 30.4
11 457 30.4
11 458 30.4
11 459 30.4
11 460 30.4
11 461 30.4
11 462 30.4
11 463 30.4
11 464 30.4
11 465 30.4
11 466 30.4
11 467 30.4
11 468 30.4
11 469 30.4
11 470 30.4
11 471 30.4
11 472 30.4
11 473 30.4
11 474 30.4
11 475 30.4
11 476 30.4
11 477 28.8
11 478 28.8
11 479 28.8
11 480 28.8
12 481 28.8
12 482 28.8
12 483 28.8
12 484 28.8
12 485 28.8
12 486 28.8
12 487 28.8
12 488 28.8
12 489 28.8
12 490 28.8
12 491 28.8
12 492 28.8
12 493 28.8
12 494 28.8
12 495 28.8
12 496 28.8
12 497 28.8
12 498 28.8
12 499 28.8
12 500 28.8
12 501 28.8
12 502 28.8
12 503 28.8
12 504 28.8
12 505 28.8
12 506 28.8
12 507 28.8
12 508 28.8
12 509 28.8
12 510 28.8
12 511 28.8
12 512 28.8
12 513 28.8
12 514 28.8
12 515 28.8
12 516 28.8
12 517 28.6
12 518 28.6
12 519 28.3
12 520 28.3
12 521 28.2
12 522 28.2
12 523 28.2
12 524 28.2
12 525 28.2
12 526 28.0
12 527 28.0
13 528 28.0
13 529 28.0
13 530 28.0
13 531 28.0
13 532 28.0
13 533 28.0
13 534 28.0
13 535 28.0
13 536 28.0
13 537 28.0
13 538 28.0
13 539 28.0
13 540 28.0
13 541 28.0
13 542 28.0
13 543 28.0
13 544 28.0
13 545 28.0
13 546 28.0
13 547 28.0
13 548 28.0
13 549 28.0
13 550 28.0
13 551 28.0
13 552 28.0
13 553 28.0
13 554 28.0
13 555 28.0
13 556 28.0
13 557 28.0
13 558 28.0
13 559 28.0
13 560 28.0
13 561 28.0
13 562 28.0
13 563 28.0
13 564 28.0
13 565 28.0
13 566 28.0
13 567 28.0
13 568 28.0
13 569 28.0
13 570 28.0
13 571 28.0
13 572 28.0
13 573 28.0
13 574 28.0
13 575 28.0
13 576 28.0
14 577 28.0
14 578 28.0
14 579 28.0
14 580 28.0
14 581 28.0
14 582 28.0
14 583 28.0
14 584 28.0
14 585 28.0
14 586 28.0
14 587 28.0
14 588 28.0
14 589 28.0
14 590 28.0
14 591 28.0
14 592 28.0
14 593 28.0
14 594 28.0
14 595 28.0
14 596 28.0
14 597 28.0
14 598 28.0
14 599 28.0
14 600 28.0
14 601 28.0
14 602 28.0
14 603 28.0
14 604 28.0
14 605 28.0
14 606 28.0
14 607 28.0
14 608 28.0
14 609 28.0
14 610 28.0
14 611 28.0
14 612 28.0
14 613 28.0
14 614 28.0
14 615 28.0
14 616 28.0
14 617 28.0
14 618 28.0
14 619 28.0
14 620 28.0
14 621 28.0
14 622 28.0
14 623 28.0
14 624 28.0
15 625 28.0
15 626 28.0
15 627 28.0
15 628 28.0
15 629 28.0
15 630 28.0
15 631 28.0
15 632 28.0
15 633 28.0
15 634 28.0
15 635 28.0
15 636 28.0
15 637 28.0
15 638 28.0
15 639 28.0
15 640 28.0
15 641 28.0
15 642 28.0
15 643 28.0
15 644 28.0
15 645 28.0
15 646 28.0
15 647 28.0
15 648 28.0
15 649 28.0
15 650 28.0
15 651 28.0
15 652 28.0
15 653 28.0
15 654 28.0
15 655 28.0
15 656 28.0
15 657 28.0
15 658 28.0
15 659 28.0
15 660 28.0
15 661 28.0
15 662 28.0
15 663 28.0
15 664 28.0
15 665 28.0
15 666 28.0
15 667 28.0
15 668 28.0
15 669 28.0
15 670 28.0
15 671 28.0
15 672 28.0
15 673 28.0
16 674 28.0
16 675 28.0
16 676 28.0
16 677 28.0
16 678 28.0
16 679 28.0
16 680 28.0
16 681 28.0
16 682 28.0
16 683 28.0
16 684 28.0
16 685 28.0
16 686 28.0
16 687 28.0
16 688 28.0
16 689 28.0
16 690 28.0
16 691 28.0
16 692 28.0
16 693 28.0
16 694 28.0
16 695 28.0
16 696 28.0
16 697 28.0
16 698 28.0
16 699 28.0
16 700 28.0
16 701 28.0
16 702 28.0
16 703 28.0
16 704 28.0
16 705 28.0
16 706 28.0
16 707 28.0
16 708 28.0
16 709 28.0
16 710 28.0
16 711 28.0
16 712 28.0
16 713 28.0
16 714 28.0
16 715 28.0
16 716 28.0
16 717 28.0
16 718 28.0
16 719 28.0
16 720 28.0
17 721 28.0
17 722 28.0
17 723 28.0
17 724 28.0
17 725 28.0
17 726 28.0
17 727 28.0
17 728 28.0
17 729 28.0
17 730 28.0
17 731 28.0
17 732 28.0
17 733 28.0
17 734 28.0
17 735 28.0
17 736 28.0
17 737 28.0
17 738 28.0
17 739 28.0
17 740 28.0
17 741 28.0
17 742 28.0
17 743 28.0
17 744 28.0
17 745 28.0
17 746 28.0
17 747 28.0
17 748 28.0
17 749 28.0
17 750 28.0
17 751 28.0
17 752 28.0
17 753 28.0
17 754 28.0
17 755 28.0
17 756 28.0
17 757 28.0
17 758 28.0
17 759 28.0
17 760 28.0
17 761 28.0
17 762 28.0
18 763 28.0
18 764 28.0
18 765 28.0
18 766 28.0
18 767 28.0
18 768 28.0
18 769 28.0
18 770 28.0
18 771 28.0
18 772 28.0
18 773 28.0
18 774 28.0
18 775 28.0
18 776 28.0
18 777 28.0
18 778 28.0
18 779 28.0
18 780 28.0
18 781 28.0
18 782 28.0
18 783 28.0
18 784 28.0
18 785 28.0
18 786 28.0
18 787 28.0
18 788 28.0
18 789 28.0
18 790 28.0
18 791 28.0
18 792 28.0
18 793 28.0
18 794 28.0
18 795 28.0
18 796 28.0
18 797 28.0
18 798 28.0
18 799 28.0
18 800 28.0
18 801 28.0
18 802 28.0
18 803 28.0
18 804 28.0
18 805 28.0
18 806 28.0
18 807 28.0
18 808 28.0
19 809 28.0
19 810 28.0
19 811 28.0
19 812 28.0
19 813 28.0
19 814 28.0
19 815 28.0
19 816 28.0
19 817 28.0
19 818 28.0
19 819 28.0
19 820 28.0
19 821 28.0
19 822 28.0
19 823 28.0
19 824 28.0
19 825 28.0
19 826 28.0
19 827 28.0
19 828 28.0
19 829 28.0
19 830 28.0
19 831 28.0
19 832 28.0
19 833 28.0
19 834 28.0
19 835 28.0
19 836 28.0
19 837 28.0
19 838 28.0
19 839 28.0
19 840 28.0
19 841 28.0
19 842 28.0
19 843 28.0
19 844 28.0
19 845 28.0
19 846 28.0
19 847 28.0
19 848 28.0
20 849 28.0
20 850 28.0
20 851 28.0
20 852 28.0
20 853 28.0
20 854 28.0
20 855 28.0
20 856 28.0
20 857 28.0
20 858 28.0
20 859 28.0
20 860 28.0
20 861 28.0
20 862 28.0
20 863 28.0
20 864 28.0
20 865 28.0
20 866 28.0
20 867 28.0
20 868 28.0
20 869 28.0
20 870 28.0
20 871 28.0
20 872 28.0
20 873 28.0
20 874 28.0
20 875 28.0
20 876 28.0
20 877 28.0
20 878 28.0
20 879 28.0
20 880 28.0
20 881 28.0
20 882 28.0
20 883 28.0
20 884 28.0
20 885 28.0
20 886 28.0
20 887 28.0
20 888 28.0
20 889 28.0
20 890 28.0
21 891 28.0
21 892 28.0
21 893 28.0
21 894 28.0
21 895 28.0
21 896 28.0
21 897 28.0
21 898 28.0
21 899 28.0
21 900 28.0
21 901 28.0
21 902 28.0
21 903 28.0
21 904 28.0
21 905 28.0
21 906 28.0
21 907 28.0
21 908 28.0
21 909 28.0
21 910 28.0
21 911 28.0
21 912 28.0
21 913 28.0
21 914 28.0
21 915 28.0
21 916 28.0
21 917 28.0
21 918 28.0
21 919 28.0
21 920 28.0
21 921 28.0
21 922 28.0
21 923 28.0
21 924 28.0
21 925 28.0
21 926 28.0
21 927 28.0
21 928 28.0
21 929 28.0
21 930 28.0
21 931 28.0
21 932 28.0
22 933 28.0
22 934 28.0
22 935 28.0
22 936 28.0
22 937 28.0
22 938 28.0
22 939 28.0
22 940 28.0
22 941 28.0
22 942 28.0
22 943 28.0
22 944 28.0
22 945 28.0
22 946 28.0
22 947 28.0
22 948 28.0
22 949 28.0
22 950 28.0
22 951 28.0
22 952 28.0
22 953 28.0
22 954 28.0
22 955 28.0
22 956 28.0
22 957 28.0
22 958 28.0
22 959 28.0
22 960 28.0
22 961 28.0
22 962 28.0
22 963 28.0
22 964 28.0
22 965 28.0
22 966 28.0
22 967 28.0
22 968 28.0
22 969 28.0
22 970 28.0
22 971 28.0
22 972 28.0
22 973 28.0
22 974 28.0
22 975 28.0
22 976 28.0
22 977 28.0
22 978 28.0
22 979 28.0
22 980 28.0
22 981 28.0
23 982 28.0
23 983 28.0
23 984 28.0
23 985 28.0
23 986 28.0
23 987 28.0
23 988 28.0
23 989 28.0
23 990 28.0
23 991 28.0
23 992 28.0
23 993 28.0
23 994 28.0
23 995 28.0
23 996 28.0
23 997 28.0
23 998 28.0
23 999 28.0
23 1000 28.0
23 1001 28.0
23 1002 28.0
23 1003 28.0
23 1004 28.0
23 1005 28.0
23 1006 28.0
23 1007 28.0
23 1008 28.0
23 1009 28.0
23 1010 28.0
23 1011 28.0
23 1012 28.0
23 1013 28.0
23 1014 28.0
23 1015 28.0
23 1016 28.0
23 1017 28.0
23 1018 28.0
23 1019 28.0
23 1020 28.0
23 1021 28.0
23 1022 28.0
23 1023 28.0
23 1024 28.0
23 1025 28.0
23 1026 28.0
23 1027 28.0
23 1028 28.0
23 1029 28.0
24 1030 28.0
24 1031 28.0
24 1032 28.0
24 1033 28.0
24 1034 28.0
24 1035 28.0
24 1036 28.0
24 1037 28.0
24 1038 28.0
24 1039 28.0
24 1040 28.0
24 1041 28.0
24 1042 28.0
24 1043 28.0
24 1044 28.0
24 1045 28.0
24 1046 28.0
24 1047 28.0
24 1048 28.0
24 1049 28.0
24 1050 28.0
24 1051 28.0
24 1052 28.0
24 1053 28.0
24 1054 28.0
24 1055 28.0
24 1056 28.0
24 1057 28.0
24 1058 28.0
24 1059 28.0
24 1060 28.0
24 1061 28.0
24 1062 28.0
24 1063 28.0
24 1064 28.0
24 1065 28.0
24 1066 28.0
24 1067 28.0
24 1068 28.0
24 1069 28.0
24 1070 28.0
24 1071 28.0
24 1072 28.0
24 1073 28.0
24 1074 28.0
24 1075 28.0
25 1076 28.0
25 1077 28.0
25 1078 28.0
25 1079 28.0
25 1080 28.0
25 1081 28.0
25 1082 28.0
25 1083 28.0
25 1084 28.0
25 1085 28.0
25 1086 28.0
25 1087 28.0
25 1088 28.0
25 1089 28.0
25 1090 28.0
25 1091 28.0
25 1092 28.0
25 1093 28.0
25 1094 28.0
25 1095 28.0
25 1096 28.0
25 1097 28.0
25 1098 28.0
25 1099 28.0
25 1100 28.0
25 1101 28.0
25 1102 28.0
25 1103 28.0
25 1104 28.0
25 1105 28.0
25 1106 28.0
25 1107 28.0
25 1108 28.0
25 1109 28.0
25 1110 28.0
25 1111 28.0
25 1112 28.0
25 1113 28.0
25 1114 28.0
25 1115 28.0
25 1116 28.0
25 1117 28.0
25 1118 28.0
25 1119 28.0
25 1120 28.0
25 1121 28.0
25 1122 28.0
26 1123 28.0
26 1124 28.0
26 1125 28.0
26 1126 28.0
26 1127 28.0
26 1128 28.0
26 1129 28.0
26 1130 28.0
26 1131 28.0
26 1132 28.0
26 1133 28.0
26 1134 28.0
26 1135 28.0
26 1136 28.0
26 1137 28.0
26 1138 28.0
26 1139 28.0
26 1140 28.0
26 1141 28.0
26 1142 28.0
26 1143 28.0
26 1144 28.0
26 1145 28.0
26 1146 28.0
26 1147 28.0
26 1148 28.0
26 1149 28.0
26 1150 28.0
26 1151 28.0
26 1152 28.0
26 1153 28.0
26 1154 28.0
26 1155 28.0
26 1156 28.0
26 1157 28.0
26 1158 28.0
26 1159 28.0
26 1160 28.0
26 1161 28.0
26 1162 28.0
26 1163 28.0
26 1164 28.0
26 1165 28.0
26 1166 28.0
26 1167 28.0
26 1168 28.0
26 1169 28.0
27 1170 28.0
27 1171 28.0
27 1172 28.0
27 1173 28.0
27 1174 28.0
27 1175 28.0
27 1176 28.0
27 1177 28.0
27 1178 28.0
27 1179 28.0
27 1180 28.0
27 1181 28.0
27 1182 28.0
27 1183 28.0
27 1184 28.0
27 1185 28.0
27 1186 28.0
27 1187 28.0
27 1188 28.0
27 1189 28.0
27 1190 28.0
27 1191 28.0
27 1192 28.0
27 1193 28.0
27 1194 28.0
27 1195 28.0
27 1196 28.0
27 1197 28.0
27 1198 28.0
27 1199 28.0
27 1200 28.0
27 1201 28.0
27 1202 28.0
27 1203 28.0
27 1204 28.0
27 1205 28.0
27 1206 28.0
27 1207 28.0
27 1208 28.0
27 1209 28.0
27 1210 28.0
27 1211 28.0
27 1212 28.0
27 1213 28.0
27 1214 28.0
27 1215 28.0
27 1216 28.0
27 1217 28.0
27 1218 28.0
28 1219 28.0
28 1220 28.0
28 1221 28.0
28 1222 28.0
28 1223 28.0
28 1224 28.0
28 1225 28.0
28 1226 28.0
28 1227 28.0
28 1228 28.0
28 1229 28.0
28 1230 28.0
28 1231 28.0
28 1232 28.0
28 1233 28.0
28 1234 28.0
28 1235 28.0
28 1236 28.0
28 1237 28.0
28 1238 28.0
28 1239 28.0
28 1240 28.0
28 1241 28.0
28 1242 28.0
28 1243 28.0
28 1244 28.0
28 1245 28.0
28 1246 28.0
28 1247 28.0
28 1248 28.0
28 1249 28.0
28 1250 28.0
28 1251 28.0
28 1252 28.0
28 1253 28.0
28 1254 28.0
28 1255 28.0
28 1256 28.0
28 1257 28.0
28 1258 28.0
28 1259 28.0
28 1260 28.0
28 1261 28.0
28 1262 28.0
28 1263 28.0
28 1264 28.0
28 1265 28.0
28 1266 28.0
29 1267 28.0
29 1268 28.0
29 1269 28.0
29 1270 28.0
29 1271 28.0
29 1272 28.0
29 1273 28.0
29 1274 28.0
29 1275 28.0
29 1276 28.0
29 1277 28.0
29 1278 28.0
29 1279 28.0
29 1280 28.0
29 1281 28.0
29 1282 28.0
29 1283 28.0
29 1284 28.0
29 1285 28.0
29 1286 28.0
29 1287 28.0
29 1288 28.0
29 1289 28.0
29 1290 28.0
29 1291 28.0
29 1292 28.0
29 1293 28.0
29 1294 28.0
29 1295 28.0
29 1296 28.0
29 1297 28.0
29 1298 28.0
29 1299 28.0
29 1300 28.0
29 1301 28.0
29 1302 28.0
29 1303 28.0
29 1304 28.0
29 1305 28.0
29 1306 28.0
29 1307 28.0
29 1308 28.0
29 1309 28.0
29 1310 28.0
29 1311 28.0
29 1312 28.0
29 1313 28.0
29 1314 28.0
30 1315 28.0
30 1316 28.0
30 1317 28.0
30 1318 28.0
30 1319 28.0
30 1320 27.9
30 1321 27.9
30 1322 27.9
30 1323 27.8
30 1324 27.8
30 1325 27.8
30 1326 27.8
30 1327 27.8
30 1328 27.8
30 1329 27.8
30 1330 27.6
30 1331 27.6
30 1332 27.6
30 1333 27.6
30 1334 27.6
30 1335 27.6
30 1336 27.6
30 1337 27.6
30 1338 27.6
30 1339 27.6
30 1340 27.6
30 1341 27.6
30 1342 27.6
30 1343 27.6
30 1344 27.3
30 1345 27.3
30 1346 27.3
30 1347 27.3
30 1348 27.3
30 1349 27.3
30 1350 27.3
30 1351 27.3
30 1352 27.3
30 1353 27.3
30 1354 27.3
30 1355 27.3
30 1356 27.3
30 1357 27.3
30 1358 27.3
30 1359 27.3
30 1360 27.3
30 1361 27.2
30 1362 27.2
30 1363 27.2
30 1364 27.2
30 1365 27.2
31 1366 27.2
31 1367 27.2
31 1368 27.2
31 1369 27.2
31 1370 27.2
31 1371 27.2
31 1372 27.2
31 1373 27.2
31 1374 27.2
31 1375 27.2
31 1376 27.2
31 1377 27.2
31 1378 27.2
31 1379 27.2
31 1380 27.2
31 1381 27.2
31 1382 27.2
31 1383 27.2
31 1384 27.2
31 1385 27.2
31 1386 27.2
31 1387 27.2
31 1388 27.2
31 1389 27.2
31 1390 27.2
31 1391 27.2
31 1392 27.2
31 1393 27.2
31 1394 27.2
31 1395 27.2
31 1396 27.2
31 1397 27.2
31 1398 27.2
31 1399 27.2
31 1400 27.2
31 1401 27.2
31 1402 27.2
31 1403 27.2
31 1404 27.2
31 1405 27.2
31 1406 27.2
31 1407 27.2
31 1408 27.2
31 1409 27.2
32 1410 27.2
32 1411 27.2
32 1412 27.2
32 1413 27.2
32 1414 27.2
32 1415 27.2
32 1416 27.2
32 1417 27.2
32 1418 27.2
32 1419 27.2
32 1420 27.2
32 1421 27.2
32 1422 27.2
32 1423 27.2
32 1424 27.2
32 1425 27.2
32 1426 27.2
32 1427 27.2
32 1428 27.2
32 1429 27.2
32 1430 27.2
32 1431 27.2
32 1432 27.2
32 1433 27.2
32 1434 27.2
32 1435 27.2
32 1436 27.2
32 1437 27.2
32 1438 27.2
32 1439 27.2
32 1440 27.2
32 1441 27.2
32 1442 27.2
32 1443 27.2
32 1444 27.2
32 1445 27.2
32 1446 27.2
32 1447 27.2
32 1448 27.2
32 1449 27.2
32 1450 27.2
33 1451 27.2
33 1452 27.2
33 1453 27.2
33 1454 27.2
33 1455 27.2
33 1456 27.2
33 1457 27.2
33 1458 27.2
33 1459 27.2
33 1460 27.2
33 1461 27.2
33 1462 27.2
33 1463 27.2
33 1464 27.2
33 1465 27.2
33 1466 27.2
33 1467 27.2
33 1468 27.2
33 1469 27.2
33 1470 27.2
33 1471 27.2
33 1472 27.2
33 1473 27.2
33 1474 27.2
33 1475 27.2
33 1476 27.2
33 1477 27.2
33 1478 27.2
33 1479 27.2
33 1480 27.2
33 1481 27.2
33 1482 27.2
33 1483 27.2
33 1484 27.2
33 1485 27.2
33 1486 27.2
33 1487 27.2
33 1488 27.2
33 1489 27.2
33 1490 27.2
33 1491 27.2
33 1492 27.2
33 1493 27.2
33 1494 27.2
33 1495 27.2
33 1496 27.2
33 1497 27.2
33 1498 27.2
33 1499 27.2
33 1500 27.2
34 1501 27.2
34 1502 27.2
34 1503 27.2
34 1504 27.2
34 1505 27.2
34 1506 27.2
34 1507 27.2
34 1508 27.2
34 1509 27.2
34 1510 27.2
34 1511 27.2
34 1512 27.2
34 1513 27.2
34 1514 27.2
34 1515 27.2
34 1516 27.2
34 1517 27.2
34 1518 27.2
34 1519 27.2
34 1520 27.2
34 1521 27.2
34 1522 27.2
34 1523 27.2
34 1524 27.2
34 1525 27.2
34 1526 27.2
34 1527 27.2
34 1528 27.2
34 1529 27.2
34 1530 27.2
34 1531 27.2
34 1532 27.2
34 1533 27.2
34 1534 27.2
34 1535 27.2
34 1536 27.2
34 1537 27.2
34 1538 27.2
34 1539 27.2
34 1540 27.2
34 1541 27.2
34 1542 27.2
34 1543 27.2
35 1544 27.2
35 1545 27.2
35 1546 27.2
35 1547 27.2
35 1548 27.2
35 1549 27.2
35 1550 27.2
35 1551 27.2
35 1552 27.2
35 1553 27.2
35 1554 27.2
35 1555 27.2
35 1556 27.2
35 1557 27.2
35 1558 27.2
35 1559 27.2
35 1560 27.2
35 1561 27.2
35 1562 27.2
35 1563 27.2
35 1564 27.2
35 1565 27.2
35 1566 27.2
35 1567 27.2
35 1568 27.2
35 1569 27.2
35 1570 27.2
35 1571 27.2
35 1572 27.2
35 1573 27.2
35 1574 27.2
35 1575 27.2
35 1576 27.2
35 1577 27.2
35 1578 27.2
35 1579 27.2
35 1580 27.2
35 1581 27.2
35 1582 27.2
35 1583 27.2
35 1584 27.2
35 1585 27.2
35 1586 27.2
35 1587 27.2
35 1588 27.2
35 1589 27.2
35 1590 27.2
35 1591 27.2
36 1592 27.2
36 1593 27.2
36 1594 27.2
36 1595 27.2
36 1596 27.2
36 1597 27.2
36 1598 27.2
36 1599 27.2
36 1600 27.2
36 1601 27.2
36 1602 27.2
36 1603 27.2
36 1604 27.2
36 1605 27.2
36 1606 27.2
36 1607 27.2
36 1608 27.2
36 1609 27.2
36 1610 27.2
36 1611 27.2
36 1612 27.2
36 1613 27.2
36 1614 27.2
36 1615 27.2
36 1616 27.2
36 1617 27.2
36 1618 27.2
36 1619 27.2
36 1620 27.2
36 1621 27.2
36 1622 27.2
36 1623 27.2
36 1624 27.2
36 1625 27.2
36 1626 27.2
36 1627 27.2
36 1628 27.2
36 1629 27.2
36 1630 27.2
36 1631 27.2
36 1632 27.2
36 1633 27.2
36 1634 27.2
36 1635 27.2
36 1636 27.2
36 1637 27.2
37 1638 27.2
37 1639 27.2
37 1640 27.2
37 1641 27.2
37 1642 27.2
37 1643 27.2
37 1644 27.2
37 1645 27.2
37 1646 27.2
37 1647 27.2
37 1648 27.2
37 1649 27.2
37 1650 27.2
37 1651 27.2
37 1652 27.2
37 1653 27.2
37 1654 27.2
37 1655 27.2
37 1656 27.2
37 1657 27.2
37 1658 27.2
37 1659 27.2
37 1660 27.2
37 1661 27.2
37 1662 27.2
37 1663 27.2
37 1664 27.2
37 1665 27.2
37 1666 27.2
37 1667 27.2
37 1668 27.2
37 1669 27.2
37 1670 27.2
37 1671 27.2
37 1672 27.2
37 1673 26.8
37 1674 26.8
37 1675 26.8
37 1676 26.8
37 1677 26.8
37 1678 26.8
37 1679 26.8
37 1680 26.1
37 1681 26.1
37 1682 26.1
37 1683 26.1
37 1684 26.1
37 1685 26.0
37 1686 26.0
37 1687 25.9
37 1688 25.9
38 1689 25.9
38 1690 25.9
38 1691 25.9
38 1692 25.9
38 1693 25.9
38 1694 25.9
38 1695 25.9
38 1696 25.7
38 1697 25.7
38 1698 25.7
38 1699 25.7
38 1700 25.7
38 1701 25.7
38 1702 25.7
38 1703 25.7
38 1704 25.7
38 1705 25.7
38 1706 25.7
38 1707 25.7
38 1708 25.7
38 1709 25.7
38 1710 25.7
38 1711 25.7
38 1712 25.7
38 1713 25.7
38 1714 25.7
38 1715 25.6
38 1716 25.6
38 1717 25.6
38 1718 25.6
38 1719 25.6
38 1720 25.6
38 1721 25.6
38 1722 25.6
38 1723 25.6
38 1724 25.6
38 1725 25.6
38 1726 25.6
38 1727 25.6
38 1728 25.6
38 1729 25.6
38 1730 25.6
38 1731 25.6
38 1732 25.6
38 1733 25.6
38 1734 25.6
38 1735 25.6
38 1736 25.6
39 1737 25.6
39 1738 25.6
39 1739 25.6
39 1740 25.6
39 1741 25.6
39 1742 25.6
39 1743 25.6
39 1744 25.6
39 1745 25.6
39 1746 25.6
39 1747 25.6
39 1748 25.6
39 1749 25.6
39 1750 25.6
39 1751 25.6
39 1752 25.6
39 1753 25.6
39 1754 25.6
39 1755 25.6
39 1756 25.6
39 1757 25.6
39 1758 25.6
39 1759 25.6
39 1760 25.6
39 1761 25.6
39 1762 25.6
39 1763 25.6
39 1764 25.6
39 1765 25.6
39 1766 25.6
39 1767 25.6
39 1768 25.6
39 1769 25.6
39 1770 25.6
39 1771 25.6
39 1772 25.6
39 1773 25.6
39 1774 25.6
39 1775 25.6
39 1776 25.6
39 1777 25.6
39 1778 25.6
39 1779 25.6
39 1780 25.6
39 1781 25.6
39 1782 25.6
39 1783 25.6
39 1784 25.6
39 1785 25.6
39 1786 25.6
39 1787 25.6
40 1788 25.6
40 1789 25.6
40 1790 25.6
40 1791 24.9
40 1792 24.9
40 1793 24.9
40 1794 24.9
40 1795 24.9
40 1796 24.9
40 1797 24.9
40 1798 24.9
40 1799 24.9
40 1800 24.9
40 1801 24.9
40 1802 23.9
40 1803 23.9
40 1804 23.9
40 1805 23.9
40 1806 23.9
40 1807 23.9
40 1808 23.9
40 1809 23.9
40 1810 23.9
40 1811 23.9
40 1812 23.9
40 1813 23.9
40 1814 23.9
40 1815 23.9
40 1816 23.9
40 1817 23.9
40 1818 23.9
40 1819 23.9
40 1820 23.9
40 1821 23.9
40 1822 23.9
40 1823 23.9
40 1824 23.9
40 1825 23.9
40 1826 23.9
40 1827 23.9
40 1828 23.9
40 1829 23.9
40 1830 23.9
40 1831 23.9
40 1832 23.9
40 1833 23.9
40 1834 23.9
40 1835 23.9
40 1836 23.9
41 1837 23.9
41 1838 23.9
41 1839 23.9
41 1840 23.9
41 1841 23.9
41 1842 23.9
41 1843 23.3
41 1844 23.3
41 1845 23.3
41 1846 23.0
41 1847 23.0
41 1848 23.0
41 1849 22.5
41 1850 22.5
41 1851 22.5
41 1852 22.4
41 1853 22.4
41 1854 22.4
41 1855 22.4
41 1856 22.4
41 1857 22.4
41 1858 22.4
41 1859 22.4
41 1860 22.0
41 1861 22.0
41 1862 22.0
41 1863 22.0
41 1864 22.0
41 1865 22.0
41 1866 22.0
41 1867 22.0
41 1868 22.0
41 1869 22.0
41 1870 22.0
41 1871 22.0
41 1872 22.0
41 1873 22.0
41 1874 22.0
41 1875 22.0
41 1876 22.0
41 1877 22.0
41 1878 22.0
41 1879 22.0
41 1880 22.0
41 1881 22.0
41 1882 22.0
41 1883 22.0
41 1884 22.0
41 1885 22.0
42 1886 22.0
42 1887 22.0
42 1888 22.0
42 1889 22.0
42 1890 22.0
42 1891 22.0
42 1892 22.0
42 1893 22.0
42 1894 22.0
42 1895 22.0
42 1896 21.6
42 1897 21.6
42 1898 20.8
42 1899 20.8
42 1900 20.8
42 1901 20.8
42 1902 20.7
42 1903 20.7
42 1904 20.7
42 1905 20.7
42 1906 20.7
42 1907 20.7
42 1908 20.7
42 1909 20.7
42 1910 20.7
42 1911 20.7
42 1912 20.7
42 1913 20.7
42 1914 20.7
42 1915 20.7
42 1916 20.7
42 1917 20.7
42 1918 20.7
42 1919 20.7
42 1920 20.7
42 1921 20.7
42 1922 20.7
42 1923 20.7
42 1924 20.7
42 1925 20.7
42 1926 20.7
42 1927 20.7
42 1928 20.7
42 1929 20.7
42 1930 20.7
42 1931 20.7
42 1932 20.7
42 1933 20.7
43 1934 20.7
43 1935 20.7
43 1936 20.7
43 1937 20.7
43 1938 20.7
43 1939 20.7
43 1940 20.7
43 1941 20.7
43 1942 20.7
43 1943 20.7
43 1944 20.7
43 1945 20.7
43 1946 20.7
43 1947 20.7
43 1948 20.7
43 1949 20.7
43 1950 20.7
43 1951 20.7
43 1952 20.7
43 1953 20.7
43 1954 20.7
43 1955 20.6
43 1956 20.6
43 1957 20.6
43 1958 20.6
43 1959 20.6
43 1960 20.6
43 1961 20.4
43 1962 20.4
43 1963 20.3
43 1964 20.3
43 1965 20.3
43 1966 20.3
43 1967 20.3
43 1968 20.3
43 1969 20.3
43 1970 20.3
43 1971 20.3
43 1972 20.3
43 1973 20.3
43 1974 20.3
43 1975 20.3
43 1976 20.3
43 1977 20.3
43 1978 20.3
43 1979 20.3
43 1980 20.3
43 1981 20.3
44 1982 20.3
44 1983 20.3
44 1984 20.3
44 1985 20.1
44 1986 20.1
44 1987 20.1
44 1988 20.1
44 1989 20.1
44 1990 20.1
44 1991 20.1
44 1992 20.1
44 1993 20.1
44 1994 20.1
44 1995 20.1
44 1996 20.1
44 1997 20.1
44 1998 20.1
44 1999 20.1
44 2000 20.1
44 2001 20.1
44 2002 20.1
44 2003 20.1
44 2004 20.1
44 2005 20.1
44 2006 20.1
44 2007 20.1
44 2008 20.1
44 2009 20.1
44 2010 20.1
44 2011 20.1
44 2012 20.1
44 2013 20.1
44 2014 20.1
44 2015 20.1
44 2016 20.1
44 2017 20.1
44 2018 20.1
44 2019 20.1
44 2020 20.1
44 2021 20.1
44 2022 20.1
44 2023 20.1
44 2024 20.1
44 2025 20.1
44 2026 20.1
44 2027 20.1
45 2028 20.1
45 2029 20.1
45 2030 20.1
45 2031 20.1
45 2032 20.1
45 2033 20.1
45 2034 20.1
45 2035 20.1
45 2036 20.1
45 2037 20.1
45 2038 20.1
45 2039 20.1
45 2040 20.1
45 2041 20.1
45 2042 20.1
45 2043 20.1
45 2044 20.1
45 2045 20.1
45 2046 20.1
45 2047 20.1
45 2048 20.1
45 2049 20.1
45 2050 20.1
45 2051 20.1
45 2052 20.1
45 2053 20.1
45 2054 20.1
45 2055 20.1
45 2056 20.1
45 2057 20.1
45 2058 20.1
45 2059 20.1
45 2060 20.1
45 2061 20.1
45 2062 20.1
45 2063 20.1
45 2064 20.1
45 2065 20.1
45 2066 20.1
45 2067 20.1
45 2068 20.1
45 2069 20.1
45 2070 20.1
45 2071 20.1
45 2072 20.1
45 2073 20.1
45 2074 20.1
45 2075 20.1
45 2076 20.1
45 2077 20.1
46 2078 20.1
46 2079 20.1
46 2080 20.1
46 2081 20.1
46 2082 20.1
46 2083 20.1
46 2084 20.1
46 2085 20.1
46 2086 20.1
46 2087 20.1
46 2088 20.1
46 2089 20.1
46 2090 20.1
46 2091 20.0
46 2092 20.0
46 2093 20.0
46 2094 20.0
46 2095 20.0
46 2096 20.0
46 2097 20.0
46 2098 20.0
46 2099 20.0
46 2100 20.0
46 2101 20.0
46 2102 20.0
46 2103 20.0
46 2104 20.0
46 2105 20.0
46 2106 20.0
46 2107 20.0
46 2108 20.0
46 2109 20.0
46 2110 20.0
46 2111 20.0
46 2112 20.0
46 2113 20.0
46 2114 20.0
46 2115 20.0
46 2116 20.0
46 2117 20.0
46 2118 20.0
46 2119 20.0
46 2120 20.0
46 2121 20.0
46 2122 20.0
46 2123 20.0
46 2124 20.0
46 2125 20.0
46 2126 20.0
46 2127 20.0
47 2128 20.0
47 2129 20.0
47 2130 20.0
47 2131 20.0
47 2132 20.0
47 2133 20.0
47 2134 20.0
47 2135 20.0
47 2136 20.0
47 2137 20.0
47 2138 20.0
47 2139 20.0
47 2140 20.0
47 2141 20.0
47 2142 20.0
47 2143 20.0
47 2144 20.0
47 2145 20.0
47 2146 20.0
47 2147 20.0
47 2148 20.0
47 2149 20.0
47 2150 20.0
47 2151 20.0
47 2152 20.0
47 2153 20.0
47 2154 20.0
47 2155 20.0
47 2156 20.0
47 2157 20.0
47 2158 20.0
47 2159 20.0
47 2160 20.0
47 2161 20.0
47 2162 20.0
47 2163 20.0
47 2164 20.0
47 2165 20.0
47 2166 20.0
47 2167 20.0
47 2168 20.0
47 2169 20.0
47 2170 20.0
47 2171 20.0
47 2172 20.0
47 2173 20.0
47 2174 20.0
47 2175 20.0
47 2176 20.0
48 2177 20.0
48 2178 20.0
48 2179 20.0
48 2180 20.0
48 2181 20.0
48 2182 20.0
48 2183 20.0
48 2184 20.0
48 2185 20.0
48 2186 20.0
48 2187 20.0
48 2188 20.0
48 2189 20.0
48 2190 20.0
48 2191 20.0
48 2192 20.0
48 2193 20.0
48 2194 20.0
48 2195 20.0
48 2196 20.0
48 2197 20.0
48 2198 20.0
48 2199 20.0
48 2200 20.0
48 2201 20.0
48 2202 20.0
48 2203 20.0
48 2204 20.0
48 2205 20.0
48 2206 20.0
48 2207 20.0
48 2208 20.0
48 2209 20.0
48 2210 20.0
48 2211 20.0
48 2212 20.0
48 2213 20.0
48 2214 20.0
48 2215 20.0
48 2216 20.0
48 2217 20.0
48 2218 20.0
48 2219 20.0
48 2220 20.0
48 2221 20.0
48 2222 20.0
48 2223 20.0
48 2224 20.0
48 2225 20.0
48 2226 20.0
48 2227 20.0
49 2228 20.0
49 2229 20.0
49 2230 20.0
49 2231 20.0
49 2232 20.0
49 2233 20.0
49 2234 20.0
49 2235 20.0
49 2236 20.0
49 2237 20.0
49 2238 20.0
49 2239 20.0
49 2240 20.0
49 2241 20.0
49 2242 20.0
49 2243 20.0
49 2244 20.0
49 2245 20.0
49 2246 20.0
49 2247 20.0
49 2248 20.0
49 2249 20.0
49 2250 20.0
49 2251 20.0
49 2252 20.0
49 2253 20.0
49 2254 20.0
49 2255 20.0
49 2256 20.0
49 2257 20.0
49 2258 20.0
49 2259 20.0
49 2260 20.0
49 2261 20.0
49 2262 20.0
49 2263 20.0
49 2264 20.0
49 2265 20.0
49 2266 20.0
49 2267 20.0
49 2268 20.0
49 2269 20.0
49 2270 20.0
49 2271 20.0
49 2272 20.0
49 2273 20.0
49 2274 20.0
49 2275 20.0
50 2276 20.0
50 2277 20.0
50 2278 20.0
50 2279 20.0
50 2280 20.0
50 2281 20.0
50 2282 20.0
50 2283 20.0
50 2284 20.0
50 2285 20.0
50 2286 20.0
50 2287 20.0
50 2288 20.0
50 2289 20.0
50 2290 20.0
50 2291 20.0
50 2292 20.0
50 2293 20.0
50 2294 20.0
50 2295 20.0
50 2296 20.0
50 2297 20.0
50 2298 20.0
50 2299 20.0
50 2300 20.0
50 2301 19.3
50 2302 19.3
50 2303 19.3
50 2304 19.3
50 2305 19.3
50 2306 19.3
50 2307 19.3
50 2308 19.3
50 2309 19.3
50 2310 19.3
50 2311 19.3
50 2312 19.3
50 2313 19.3
50 2314 19.3
50 2315 19.3
50 2316 19.3
50 2317 19.3
50 2318 19.3
50 2319 19.3
50 2320 19.3
50 2321 19.2
50 2322 19.2
51 2323 19.2
51 2324 19.2
51 2325 19.2
51 2326 19.2
51 2327 19.2
51 2328 19.2
51 2329 19.2
51 2330 19.2
51 2331 19.2
51 2332 19.2
51 2333 19.2
51 2334 19.2
51 2335 19.2
51 2336 19.2
51 2337 19.2
51 2338 19.2
51 2339 19.2
51 2340 19.2
51 2341 19.2
51 2342 19.2
51 2343 19.2
51 2344 19.2
51 2345 19.2
51 2346 19.2
51 2347 19.2
51 2348 19.2
51 2349 19.2
51 2350 19.2
51 2351 19.2
51 2352 19.2
51 2353 19.2
51 2354 19.2
51 2355 19.2
51 2356 19.2
51 2357 19.2
51 2358 19.2
51 2359 19.2
51 2360 19.2
51 2361 19.2
51 2362 19.2
51 2363 19.2
51 2364 19.2
51 2365 19.2
51 2366 19.2
51 2367 19.2
51 2368 19.2
51 2369 19.2
51 2370 19.2
51 2371 19.2
51 2372 19.2
52 2373 19.2
52 2374 19.2
52 2375 19.2
52 2376 19.2
52 2377 19.2
52 2378 19.2
52 2379 19.2
52 2380 19.2
52 2381 19.2
52 2382 19.2
52 2383 19.2
52 2384 19.2
52 2385 19.2
52 2386 19.2
52 2387 19.2
52 2388 19.2
52 2389 19.2
52 2390 19.2
52 2391 19.2
52 2392 19.2
52 2393 19.2
52 2394 19.2
52 2395 19.2
52 2396 19.2
52 2397 19.2
52 2398 19.2
52 2399 19.2
52 2400 19.2
52 2401 19.2
52 2402 19.2
52 2403 19.2
52 2404 19.2
52 2405 19.2
52 2406 19.2
52 2407 19.2
52 2408 19.2
52 2409 19.2
52 2410 19.2
52 2411 19.2
52 2412 19.2
52 2413 19.2
52 2414 18.9
52 2415 18.9
52 2416 18.9
52 2417 18.8
52 2418 18.8
52 2419 18.8
52 2420 18.8
52 2421 18.8
52 2422 18.8
53 2423 18.8
53 2424 18.8
53 2425 18.8
53 2426 18.8
53 2427 18.8
53 2428 18.8
53 2429 18.8
53 2430 18.8
53 2431 18.0
53 2432 18.0
53 2433 18.0
53 2434 18.0
53 2435 18.0
53 2436 18.0
53 2437 18.0
53 2438 18.0
53 2439 18.0
53 2440 18.0
53 2441 18.0
53 2442 18.0
53 2443 18.0
53 2444 18.0
53 2445 18.0
53 2446 18.0
53 2447 18.0
53 2448 18.0
53 2449 18.0
53 2450 18.0
53 2451 18.0
53 2452 18.0
53 2453 18.0
53 2454 18.0
53 2455 18.0
53 2456 18.0
53 2457 18.0
53 2458 18.0
53 2459 18.0
53 2460 18.0
53 2461 18.0
53 2462 18.0
53 2463 18.0
53 2464 18.0
53 2465 18.0
53 2466 18.0
53 2467 18.0
53 2468 18.0
53 2469 18.0
53 2470 18.0
54 2471 18.0
54 2472 18.0
54 2473 18.0
54 2474 18.0
54 2475 18.0
54 2476 18.0
54 2477 18.0
54 2478 18.0
54 2479 18.0
54 2480 18.0
54 2481 18.0
54 2482 18.0
54 2483 18.0
54 2484 18.0
54 2485 18.0
54 2486 18.0
54 2487 18.0
54 2488 18.0
54 2489 18.0
54 2490 18.0
54 2491 18.0
54 2492 18.0
54 2493 18.0
54 2494 18.0
54 2495 18.0
54 2496 18.0
54 2497 18.0
54 2498 18.0
54 2499 18.0
54 2500 18.0
54 2501 18.0
54 2502 18.0
54 2503 18.0
54 2504 18.0
54 2505 18.0
54 2506 18.0
54 2507 18.0
54 2508 18.0
54 2509 18.0
54 2510 18.0
54 2511 18.0
54 2512 18.0
54 2513 18.0
54 2514 18.0
54 2515 18.0
54 2516 18.0
54 2517 18.0
54 2518 18.0
54 2519 18.0
54 2520 18.0
55 2521 18.0
55 2522 18.0
55 2523 18.0
55 2524 18.0
55 2525 18.0
55 2526 18.0
55 2527 18.0
55 2528 18.0
55 2529 18.0
55 2530 18.0
55 2531 18.0
55 2532 18.0
55 2533 18.0
55 2534 18.0
55 2535 18.0
55 2536 18.0
55 2537 18.0
55 2538 18.0
55 2539 18.0
55 2540 18.0
55 2541 18.0
55 2542 18.0
55 2543 18.0
55 2544 18.0
55 2545 18.0
55 2546 18.0
55 2547 18.0
55 2548 18.0
55 2549 18.0
55 2550 18.0
55 2551 18.0
55 2552 18.0
55 2553 18.0
55 2554 18.0
55 2555 18.0
55 2556 18.0
55 2557 18.0
55 2558 18.0
55 2559 18.0
55 2560 18.0
55 2561 18.0
55 2562 18.0
55 2563 18.0
55 2564 18.0
55 2565 18.0
55 2566 18.0
55 2567 18.0
55 2568 18.0
56 2569 18.0
56 2570 18.0
56 2571 18.0
56 2572 18.0
56 2573 18.0
56 2574 18.0
56 2575 18.0
56 2576 18.0
56 2577 18.0
56 2578 18.0
56 2579 18.0
56 2580 18.0
56 2581 18.0
56 2582 18.0
56 2583 18.0
56 2584 18.0
56 2585 18.0
56 2586 18.0
56 2587 18.0
56 2588 18.0
56 2589 18.0
56 2590 18.0
56 2591 18.0
56 2592 18.0
56 2593 18.0
56 2594 18.0
56 2595 18.0
56 2596 18.0
56 2597 18.0
56 2598 18.0
56 2599 18.0
56 2600 18.0
56 2601 18.0
56 2602 18.0
56 2603 18.0
56 2604 18.0
56 2605 18.0
56 2606 17.4
56 2607 17.4
56 2608 17.0
56 2609 17.0
56 2610 17.0
56 2611 17.0
56 2612 17.0
56 2613 17.0
56 2614 17.0
56 2615 17.0
56 2616 17.0
56 2617 17.0
56 2618 17.0
56 2619 17.0
57 2620 17.0
57 2621 17.0
57 2622 17.0
57 2623 16.4
57 2624 16.4
57 2625 16.4
57 2626 16.0
57 2627 16.0
57 2628 16.0
57 2629 16.0
57 2630 16.0
57 2631 16.0
57 2632 16.0
57 2633 16.0
57 2634 16.0
57 2635 16.0
57 2636 16.0
57 2637 16.0
57 2638 16.0
57 2639 16.0
57 2640 16.0
57 2641 16.0
57 2642 16.0
57 2643 16.0
57 2644 16.0
57 2645 16.0
57 2646 16.0
57 2647 16.0
57 2648 16.0
57 2649 16.0
57 2650 16.0
57 2651 16.0
57 2652 16.0
57 2653 16.0
57 2654 16.0
57 2655 16.0
57 2656 16.0
57 2657 16.0
57 2658 16.0
57 2659 16.0
57 2660 16.0
57 2661 16.0
57 2662 16.0
57 2663 16.0
57 2664 16.0
57 2665 16.0
57 2666 16.0
57 2667 16.0
57 2668 16.0
57 2669 16.0
57 2670 16.0
57 2671 16.0
57 2672 16.0
58 2673 16.0
58 2674 16.0
58 2675 16.0
58 2676 16.0
58 2677 16.0
58 2678 16.0
58 2679 16.0
58 2680 16.0
58 2681 16.0
58 2682 16.0
58 2683 16.0
58 2684 16.0
58 2685 16.0
58 2686 16.0
58 2687 16.0
58 2688 16.0
58 2689 16.0
58 2690 16.0
58 2691 16.0
58 2692 16.0
58 2693 16.0
58 2694 16.0
58 2695 16.0
58 2696 16.0
58 2697 16.0
58 2698 16.0
58 2699 16.0
58 2700 16.0
58 2701 16.0
58 2702 16.0
58 2703 16.0
58 2704 16.0
58 2705 16.0
58 2706 16.0
58 2707 16.0
58 2708 16.0
58 2709 16.0
58 2710 16.0
58 2711 16.0
58 2712 16.0
58 2713 16.0
58 2714 16.0
58 2715 16.0
58 2716 16.0
58 2717 16.0
58 2718 16.0
58 2719 16.0
58 2720 16.0
58 2721 16.0
58 2722 16.0
58 2723 16.0
59 2724 16.0
59 2725 16.0
59 2726 16.0
59 2727 16.0
59 2728 16.0
59 2729 16.0
59 2730 16.0
59 2731 16.0
59 2732 16.0
59 2733 16.0
59 2734 16.0
59 2735 16.0
59 2736 16.0
59 2737 16.0
59 2738 16.0
59 2739 16.0
59 2740 16.0
59 2741 16.0
59 2742 16.0
59 2743 16.0
59 2744 16.0
59 2745 16.0
59 2746 16.0
59 2747 16.0
59 2748 16.0
59 2749 16.0
59 2750 16.0
59 2751 16.0
59 2752 16.0
59 2753 16.0
59 2754 16.0
59 2755 16.0
59 2756 16.0
59 2757 16.0
59 2758 16.0
59 2759 16.0
59 2760 16.0
59 2761 16.0
59 2762 16.0
59 2763 16.0
59 2764 16.0
59 2765 16.0
59 2766 16.0
59 2767 16.0
59 2768 16.0
59 2769 16.0
59 2770 16.0
59 2771 16.0
59 2772 16.0
59 2773 16.0
60 2774 16.0
60 2775 16.0
60 2776 16.0
60 2777 16.0
60 2778 16.0
60 2779 16.0
60 2780 16.0
60 2781 16.0
60 2782 16.0
60 2783 16.0
60 2784 16.0
60 2785 16.0
60 2786 16.0
60 2787 16.0
60 2788 16.0
60 2789 16.0
60 2790 16.0
60 2791 16.0
60 2792 16.0
60 2793 16.0
60 2794 16.0
60 2795 16.0
60 2796 16.0
60 2797 16.0
60 2798 16.0
60 2799 16.0
60 2800 16.0
60 2801 16.0
60 2802 16.0
60 2803 16.0
60 2804 16.0
60 2805 16.0
60 2806 16.0
60 2807 16.0
60 2808 16.0
60 2809 16.0
60 2810 16.0
60 2811 16.0
60 2812 16.0
60 2813 16.0
60 2814 16.0
60 2815 16.0
60 2816 16.0
60 2817 16.0
60 2818 16.0
60 2819 16.0
60 2820 16.0
61 2821 16.0
61 2822 16.0
61 2823 16.0
61 2824 16.0
61 2825 16.0
61 2826 16.0
61 2827 16.0
61 2828 16.0
61 2829 16.0
61 2830 16.0
61 2831 16.0
61 2832 16.0
61 2833 16.0
61 2834 16.0
61 2835 16.0
61 2836 16.0
61 2837 16.0
61 2838 16.0
61 2839 16.0
61 2840 16.0
61 2841 16.0
61 2842 16.0
61 2843 16.0
61 2844 16.0
61 2845 16.0
61 2846 16.0
61 2847 16.0
61 2848 16.0
61 2849 16.0
61 2850 16.0
61 2851 16.0
61 2852 16.0
61 2853 16.0
61 2854 16.0
61 2855 16.0
61 2856 16.0
61 2857 16.0
61 2858 16.0
61 2859 16.0
61 2860 16.0
61 2861 16.0
61 2862 16.0
61 2863 16.0
61 2864 16.0
61 2865 16.0
61 2866 16.0
61 2867 16.0
61 2868 16.0
61 2869 16.0
62 2870 16.0
62 2871 16.0
62 2872 16.0
62 2873 16.0
62 2874 16.0
62 2875 16.0
62 2876 16.0
62 2877 16.0
62 2878 16.0
62 2879 16.0
62 2880 16.0
62 2881 16.0
62 2882 16.0
62 2883 16.0
62 2884 16.0
62 2885 16.0
62 2886 16.0
62 2887 16.0
62 2888 16.0
62 2889 16.0
62 2890 16.0
62 2891 16.0
62 2892 16.0
62 2893 16.0
62 2894 16.0
62 2895 16.0
62 2896 16.0
62 2897 16.0
62 2898 16.0
62 2899 16.0
62 2900 16.0
62 2901 16.0
62 2902 16.0
62 2903 16.0
62 2904 16.0
62 2905 16.0
62 2906 16.0
62 2907 16.0
62 2908 16.0
62 2909 16.0
62 2910 16.0
62 2911 16.0
62 2912 16.0
62 2913 16.0
62 2914 16.0
62 2915 16.0
62 2916 16.0
62 2917 16.0
63 2918 16.0
63 2919 16.0
63 2920 16.0
63 2921 16.0
63 2922 16.0
63 2923 16.0
63 2924 16.0
63 2925 16.0
63 2926 16.0
63 2927 16.0
63 2928 16.0
63 2929 16.0
63 2930 16.0
63 2931 16.0
63 2932 16.0
63 2933 16.0
63 2934 16.0
63 2935 16.0
63 2936 16.0
63 2937 16.0
63 2938 16.0
63 2939 16.0
63 2940 16.0
63 2941 16.0
63 2942 16.0
63 2943 16.0
63 2944 16.0
63 2945 16.0
63 2946 16.0
63 2947 16.0
63 2948 16.0
63 2949 16.0
63 2950 16.0
63 2951 16.0
63 2952 16.0
63 2953 16.0
63 2954 16.0
63 2955 16.0
63 2956 16.0
63 2957 16.0
63 2958 16.0
63 2959 16.0
63 2960 16.0
63 2961 16.0
63 2962 16.0
64 2963 16.0
64 2964 16.0
64 2965 16.0
64 2966 16.0
64 2967 16.0
64 2968 16.0
64 2969 16.0
64 2970 16.0
64 2971 16.0
64 2972 16.0
64 2973 16.0
64 2974 16.0
64 2975 16.0
64 2976 16.0
64 2977 16.0
64 2978 16.0
64 2979 16.0
64 2980 16.0
64 2981 16.0
64 2982 16.0
64 2983 16.0
64 2984 16.0
64 2985 16.0
64 2986 16.0
64 2987 16.0
64 2988 16.0
64 2989 16.0
64 2990 16.0
64 2991 16.0
64 2992 16.0
64 2993 16.0
64 2994 16.0
64 2995 16.0
64 2996 16.0
64 2997 16.0
64 2998 16.0
64 2999 16.0
64 3000 16.0
64 3001 16.0
64 3002 16.0
64 3003 16.0
64 3004 16.0
64 3005 16.0
64 3006 16.0
64 3007 16.0
64 3008 16.0
64 3009 16.0
64 3010 16.0
65 3011 16.0
65 3012 16.0
65 3013 16.0
65 3014 16.0
65 3015 16.0
65 3016 16.0
65 3017 16.0
65 3018 16.0
65 3019 16.0
65 3020 16.0
65 3021 16.0
65 3022 16.0
65 3023 16.0
65 3024 16.0
65 3025 16.0
65 3026 16.0
65 3027 16.0
65 3028 16.0
65 3029 16.0
65 3030 16.0
65 3031 16.0
65 3032 16.0
65 3033 16.0
65 3034 16.0
65 3035 16.0
65 3036 16.0
65 3037 16.0
65 3038 16.0
65 3039 16.0
65 3040 16.0
65 3041 16.0
65 3042 16.0
65 3043 16.0
65 3044 16.0
65 3045 16.0
65 3046 16.0
65 3047 16.0
65 3048 16.0
65 3049 16.0
65 3050 16.0
65 3051 16.0
65 3052 16.0
65 3053 16.0
66 3054 16.0
66 3055 16.0
66 3056 16.0
66 3057 16.0
66 3058 16.0
66 3059 16.0
66 3060 16.0
66 3061 16.0
66 3062 16.0
66 3063 16.0
66 3064 16.0
66 3065 16.0
66 3066 16.0
66 3067 16.0
66 3068 16.0
66 3069 16.0
66 3070 16.0
66 3071 16.0
66 3072 16.0
66 3073 16.0
66 3074 16.0
66 3075 16.0
66 3076 16.0
66 3077 16.0
66 3078 16.0
66 3079 16.0
66 3080 16.0
66 3081 16.0
66 3082 16.0
66 3083 16.0
66 3084 16.0
66 3085 16.0
66 3086 16.0
66 3087 16.0
66 3088 16.0
66 3089 16.0
66 3090 16.0
66 3091 16.0
66 3092 16.0
66 3093 16.0
66 3094 16.0
66 3095 16.0
66 3096 16.0
66 3097 16.0
67 3098 16.0
67 3099 16.0
67 3100 16.0
67 3101 16.0
67 3102 16.0
67 3103 16.0
67 3104 16.0
67 3105 16.0
67 3106 16.0
67 3107 16.0
67 3108 16.0
67 3109 16.0
67 3110 16.0
67 3111 16.0
67 3112 16.0
67 3113 16.0
67 3114 16.0
67 3115 16.0
67 3116 16.0
67 3117 16.0
67 3118 16.0
67 3119 16.0
67 3120 16.0
67 3121 16.0
67 3122 16.0
67 3123 16.0
67 3124 16.0
67 3125 16.0
67 3126 16.0
67 3127 16.0
67 3128 16.0
67 3129 16.0
67 3130 16.0
67 3131 16.0
67 3132 16.0
67 3133 16.0
67 3134 16.0
67 3135 16.0
67 3136 16.0
67 3137 16.0
67 3138 16.0
67 3139 16.0
67 3140 16.0
67 3141 16.0
67 3142 16.0
67 3143 16.0
67 3144 16.0
67 3145 16.0
67 3146 16.0
67 3147 16.0
67 3148 16.0
67 3149 16.0
67 3150 16.0
67 3151 16.0
67 3152 16.0
68 3153 16.0
68 3154 16.0
68 3155 16.0
68 3156 16.0
68 3157 16.0
68 3158 16.0
68 3159 16.0
68 3160 16.0
68 3161 16.0
68 3162 16.0
68 3163 16.0
68 3164 16.0
68 3165 16.0
68 3166 16.0
68 3167 16.0
68 3168 16.0
68 3169 16.0
68 3170 16.0
68 3171 16.0
68 3172 16.0
68 3173 16.0
68 3174 16.0
68 3175 16.0
68 3176 16.0
68 3177 16.0
68 3178 16.0
68 3179 16.0
68 3180 16.0
68 3181 16.0
68 3182 16.0
68 3183 16.0
68 3184 16.0
68 3185 16.0
68 3186 16.0
68 3187 16.0
68 3188 16.0
68 3189 16.0
68 3190 16.0
68 3191 16.0
68 3192 16.0
68 3193 16.0
68 3194 16.0
68 3195 16.0
68 3196 16.0
68 3197 16.0
68 3198 16.0
68 3199 16.0
68 3200 16.0
68 3201 16.0
69 3202 16.0
69 3203 16.0
69 3204 16.0
69 3205 16.0
69 3206 16.0
69 3207 16.0
69 3208 16.0
69 3209 16.0
69 3210 16.0
69 3211 16.0
69 3212 16.0
69 3213 16.0
69 3214 16.0
69 3215 16.0
69 3216 16.0
69 3217 16.0
69 3218 16.0
69 3219 16.0
69 3220 16.0
69 3221 16.0
69 3222 16.0
69 3223 16.0
69 3224 16.0
69 3225 16.0
69 3226 16.0
69 3227 16.0
69 3228 16.0
69 3229 16.0
69 3230 16.0
69 3231 16.0
69 3232 16.0
69 3233 16.0
69 3234 16.0
69 3235 16.0
69 3236 16.0
69 3237 16.0
69 3238 16.0
69 3239 16.0
69 3240 16.0
69 3241 16.0
69 3242 16.0
69 3243 16.0
69 3244 16.0
69 3245 16.0
69 3246 16.0
69 3247 16.0
69 3248 16.0
69 3249 16.0
69 3250 16.0
69 3251 16.0
69 3252 16.0
69 3253 16.0
69 3254 16.0
70 3255 16.0
70 3256 16.0
70 3257 16.0
70 3258 16.0
70 3259 16.0
70 3260 16.0
70 3261 16.0
70 3262 16.0
70 3263 16.0
70 3264 16.0
70 3265 16.0
70 3266 16.0
70 3267 16.0
70 3268 16.0
70 3269 16.0
70 3270 16.0
70 3271 16.0
70 3272 16.0
70 3273 16.0
70 3274 16.0
70 3275 16.0
70 3276 16.0
70 3277 16.0
70 3278 16.0
70 3279 16.0
70 3280 16.0
70 3281 16.0
70 3282 16.0
70 3283 16.0
70 3284 16.0
70 3285 16.0
70 3286 16.0
70 3287 16.0
70 3288 16.0
70 3289 16.0
70 3290 16.0
70 3291 16.0
70 3292 16.0
70 3293 16.0
70 3294 16.0
70 3295 16.0
70 3296 16.0
70 3297 16.0
70 3298 16.0
70 3299 16.0
70 3300 16.0
70 3301 16.0
70 3302 16.0
70 3303 16.0
70 3304 16.0
71 3305 16.0
71 3306 16.0
71 3307 16.0
71 3308 16.0
71 3309 16.0
71 3310 16.0
71 3311 16.0
71 3312 16.0
71 3313 16.0
71 3314 16.0
71 3315 16.0
71 3316 16.0
71 3317 16.0
71 3318 16.0
71 3319 16.0
71 3320 16.0
71 3321 16.0
71 3322 16.0
71 3323 16.0
71 3324 16.0
71 3325 16.0
71 3326 16.0
71 3327 16.0
71 3328 16.0
71 3329 16.0
71 3330 16.0
71 3331 16.0
71 3332 16.0
71 3333 16.0
71 3334 16.0
71 3335 16.0
71 3336 16.0
71 3337 16.0
71 3338 16.0
71 3339 16.0
71 3340 16.0
71 3341 16.0
71 3342 16.0
71 3343 16.0
71 3344 16.0
71 3345 16.0
71 3346 16.0
71 3347 16.0
71 3348 16.0
71 3349 16.0
71 3350 16.0
71 3351 16.0
72 3352 16.0
72 3353 16.0
72 3354 16.0
72 3355 16.0
72 3356 16.0
72 3357 16.0
72 3358 16.0
72 3359 16.0
72 3360 16.0
72 3361 16.0
72 3362 16.0
72 3363 16.0
72 3364 16.0
72 3365 16.0
72 3366 16.0
72 3367 16.0
72 3368 16.0
72 3369 16.0
72 3370 16.0
72 3371 16.0
72 3372 16.0
72 3373 16.0
72 3374 16.0
72 3375 16.0
72 3376 16.0
72 3377 16.0
72 3378 16.0
72 3379 16.0
72 3380 16.0
72 3381 16.0
72 3382 16.0
72 3383 16.0
72 3384 16.0
72 3385 16.0
72 3386 16.0
72 3387 16.0
72 3388 16.0
72 3389 16.0
72 3390 16.0
72 3391 16.0
72 3392 16.0
72 3393 16.0
72 3394 16.0
72 3395 16.0
72 3396 16.0
72 3397 16.0
72 3398 16.0
72 3399 16.0
72 3400 16.0
72 3401 16.0
72 3402 16.0
72 3403 16.0
72 3404 16.0
73 3405 16.0
73 3406 16.0
73 3407 16.0
73 3408 16.0
73 3409 16.0
73 3410 16.0
73 3411 16.0
73 3412 16.0
73 3413 16.0
73 3414 16.0
73 3415 16.0
73 3416 16.0
73 3417 16.0
73 3418 16.0
73 3419 16.0
73 3420 16.0
73 3421 16.0
73 3422 16.0
73 3423 16.0
73 3424 16.0
73 3425 16.0
73 3426 16.0
73 3427 16.0
73 3428 16.0
73 3429 16.0
73 3430 16.0
73 3431 16.0
73 3432 16.0
73 3433 16.0
73 3434 16.0
73 3435 16.0
73 3436 16.0
73 3437 16.0
73 3438 16.0
73 3439 16.0
73 3440 16.0
73 3441 16.0
73 3442 16.0
73 3443 16.0
73 3444 16.0
73 3445 16.0
73 3446 16.0
73 3447 16.0
73 3448 16.0
73 3449 16.0
73 3450 16.0
73 3451 16.0
73 3452 16.0
73 3453 16.0
74 3454 16.0
74 3455 16.0
74 3456 16.0
74 3457 16.0
74 3458 16.0
74 3459 16.0
74 3460 16.0
74 3461 16.0
74 3462 16.0
74 3463 16.0
74 3464 16.0
74 3465 16.0
74 3466 16.0
74 3467 16.0
74 3468 16.0
74 3469 16.0
74 3470 16.0
74 3471 16.0
74 3472 16.0
74 3473 16.0
74 3474 16.0
74 3475 16.0
74 3476 16.0
74 3477 16.0
74 3478 16.0
74 3479 16.0
74 3480 16.0
74 3481 16.0
74 3482 16.0
74 3483 16.0
74 3484 16.0
74 3485 16.0
74 3486 16.0
74 3487 16.0
74 3488 16.0
74 3489 16.0
74 3490 16.0
74 3491 16.0
74 3492 16.0
74 3493 16.0
74 3494 16.0
74 3495 16.0
74 3496 16.0
74 3497 16.0
74 3498 16.0
74 3499 16.0
74 3500 16.0
74 3501 16.0
74 3502 16.0
75 3503 16.0
75 3504 16.0
75 3505 16.0
75 3506 16.0
75 3507 16.0
75 3508 16.0
75 3509 16.0
75 3510 16.0
75 3511 16.0
75 3512 16.0
75 3513 16.0
75 3514 16.0
75 3515 16.0
75 3516 16.0
75 3517 16.0
75 3518 16.0
75 3519 16.0
75 3520 16.0
75 3521 16.0
75 3522 16.0
75 3523 16.0
75 3524 16.0
75 3525 16.0
75 3526 16.0
75 3527 16.0
75 3528 16.0
75 3529 16.0
75 3530 16.0
75 3531 16.0
75 3532 16.0
75 3533 16.0
75 3534 16.0
75 3535 16.0
75 3536 16.0
75 3537 16.0
75 3538 16.0
75 3539 16.0
75 3540 16.0
75 3541 16.0
75 3542 16.0
75 3543 16.0
75 3544 16.0
75 3545 16.0
75 3546 16.0
75 3547 16.0
75 3548 16.0
76 3549 16.0
76 3550 16.0
76 3551 16.0
76 3552 16.0
76 3553 16.0
76 3554 16.0
76 3555 16.0
76 3556 16.0
76 3557 16.0
76 3558 16.0
76 3559 16.0
76 3560 16.0
76 3561 16.0
76 3562 16.0
76 3563 16.0
76 3564 15.9
76 3565 15.9
76 3566 15.9
76 3567 15.6
76 3568 15.6
76 3569 15.6
76 3570 15.6
76 3571 15.6
76 3572 15.6
76 3573 15.6
76 3574 15.6
76 3575 15.6
76 3576 15.6
76 3577 15.6
76 3578 15.6
76 3579 15.6
76 3580 15.6
76 3581 15.5
76 3582 15.5
76 3583 15.5
76 3584 15.5
76 3585 15.5
76 3586 15.5
76 3587 15.5
76 3588 15.5
76 3589 15.5
76 3590 15.5
76 3591 15.5
76 3592 15.5
76 3593 15.5
76 3594 15.5
76 3595 15.5
76 3596 15.5
77 3597 15.5
77 3598 15.5
77 3599 15.5
77 3600 15.5
77 3601 15.5
77 3602 15.5
77 3603 15.5
77 3604 15.5
77 3605 15.5
77 3606 15.5
77 3607 15.5
77 3608 15.5
77 3609 15.5
77 3610 15.5
77 3611 15.5
77 3612 15.5
77 3613 15.5
77 3614 15.5
77 3615 15.5
77 3616 15.5
77 3617 15.5
77 3618 15.5
77 3619 15.3
77 3620 15.3
77 3621 15.3
77 3622 15.3
77 3623 15.3
77 3624 15.3
77 3625 15.3
77 3626 15.3
77 3627 15.3
77 3628 15.3
77 3629 15.3
77 3630 15.3
77 3631 15.3
77 3632 15.3
77 3633 15.3
77 3634 15.3
77 3635 15.3
77 3636 15.3
77 3637 15.3
77 3638 15.3
77 3639 15.3
77 3640 15.3
77 3641 15.3
77 3642 15.3
77 3643 15.3
77 3644 15.3
77 3645 15.3
77 3646 15.3
77 3647 15.3
77 3648 15.3
77 3649 15.3
78 3650 15.3
78 3651 15.3
78 3652 15.3
78 3653 15.2
78 3654 15.2
78 3655 15.2
78 3656 15.2
78 3657 15.1
78 3658 15.1
78 3659 15.1
78 3660 15.1
78 3661 15.1
78 3662 15.1
78 3663 15.1
78 3664 15.1
78 3665 15.1
78 3666 15.1
78 3667 15.1
78 3668 15.1
78 3669 15.1
78 3670 15.1
78 3671 15.1
78 3672 15.1
78 3673 15.0
78 3674 15.0
78 3675 15.0
78 3676 14.8
78 3677 14.8
78 3678 14.8
78 3679 14.8
78 3680 14.8
78 3681 14.8
78 3682 14.8
78 3683 14.8
78 3684 14.8
78 3685 14.8
78 3686 14.8
78 3687 14.8
78 3688 14.8
78 3689 14.8
78 3690 14.8
78 3691 14.8
78 3692 14.8
78 3693 14.8
78 3694 14.8
78 3695 14.8
78 3696 14.8
78 3697 14.8
78 3698 14.8
78 3699 14.8
79 3700 14.8
79 3701 14.8
79 3702 14.8
79 3703 14.8
79 3704 14.8
79 3705 14.8
79 3706 14.8
79 3707 14.8
79 3708 14.8
79 3709 14.8
79 3710 14.8
79 3711 14.8
79 3712 14.7
79 3713 14.7
79 3714 14.7
79 3715 14.7
79 3716 14.7
79 3717 14.7
79 3718 14.7
79 3719 14.7
79 3720 14.7
79 3721 14.7
79 3722 14.7
79 3723 14.7
79 3724 14.6
79 3725 14.6
79 3726 14.6
79 3727 14.6
79 3728 14.6
79 3729 14.6
79 3730 14.6
79 3731 14.6
79 3732 14.6
79 3733 14.6
79 3734 14.6
79 3735 14.6
79 3736 14.6
79 3737 14.6
79 3738 14.6
79 3739 14.6
79 3740 14.6
79 3741 14.6
79 3742 14.4
79 3743 14.4
79 3744 14.4
79 3745 14.4
79 3746 14.4
79 3747 14.4
79 3748 14.4
80 3749 14.4
80 3750 14.4
80 3751 14.4
80 3752 14.4
80 3753 14.4
80 3754 14.4
80 3755 14.4
80 3756 14.4
80 3757 14.4
80 3758 14.4
80 3759 14.4
80 3760 14.4
80 3761 14.4
80 3762 14.4
80 3763 14.4
80 3764 14.4
80 3765 14.4
80 3766 14.4
80 3767 14.4
80 3768 14.4
80 3769 14.4
80 3770 14.4
80 3771 14.4
80 3772 14.4
80 3773 14.4
80 3774 14.4
80 3775 14.4
80 3776 14.4
80 3777 14.4
80 3778 14.4
80 3779 14.4
80 3780 14.4
80 3781 14.4
80 3782 14.4
80 3783 14.4
80 3784 14.4
80 3785 14.4
80 3786 14.4
80 3787 14.4
80 3788 14.4
80 3789 14.4
80 3790 14.4
80 3791 14.4
80 3792 14.4
80 3793 14.4
80 3794 14.4
80 3795 14.4
80 3796 14.4
80 3797 14.4
80 3798 14.4
81 3799 14.4
81 3800 14.4
81 3801 14.4
81 3802 14.4
81 3803 14.4
81 3804 14.4
81 3805 14.4
81 3806 14.4
81 3807 14.4
81 3808 14.4
81 3809 14.4
81 3810 14.4
81 3811 14.4
81 3812 14.4
81 3813 14.4
81 3814 14.4
81 3815 14.4
81 3816 14.3
81 3817 14.3
81 3818 14.3
81 3819 14.3
81 3820 14.2
81 3821 14.2
81 3822 14.2
81 3823 14.2
81 3824 14.2
81 3825 14.2
81 3826 14.2
81 3827 14.2
81 3828 14.2
81 3829 14.2
81 3830 14.2
81 3831 14.2
81 3832 14.2
81 3833 14.2
81 3834 14.2
81 3835 14.2
81 3836 14.2
81 3837 14.2
81 3838 14.2
81 3839 14.2
81 3840 14.2
81 3841 14.2
81 3842 14.2
81 3843 14.2
81 3844 14.2
81 3845 14.2
82 3846 14.2
82 3847 14.2
82 3848 14.2
82 3849 14.2
82 3850 14.2
82 3851 14.2
82 3852 14.2
82 3853 14.2
82 3854 14.2
82 3855 14.2
82 3856 14.2
82 3857 14.2
82 3858 14.2
82 3859 14.2
82 3860 14.2
82 3861 14.2
82 3862 14.2
82 3863 14.2
82 3864 14.2
82 3865 14.2
82 3866 14.2
82 3867 14.2
82 3868 14.2
82 3869 14.2
82 3870 14.2
82 3871 14.2
82 3872 14.2
82 3873 14.2
82 3874 14.2
82 3875 14.2
82 3876 14.2
82 3877 14.2
82 3878 14.2
82 3879 14.2
82 3880 14.2
82 3881 14.2
82 3882 14.2
82 3883 14.2
82 3884 14.2
82 3885 14.2
82 3886 14.2
82 3887 14.2
82 3888 14.2
82 3889 14.2
82 3890 14.2
82 3891 14.2
82 3892 14.2
82 3893 14.2
82 3894 14.2
82 3895 14.2
82 3896 14.2
82 3897 14.2
82 3898 14.2
82 3899 14.2
82 3900 14.2
83 3901 14.2
83 3902 14.2
83 3903 14.2
83 3904 14.2
83 3905 14.2
83 3906 14.2
83 3907 14.2
83 3908 14.2
83 3909 14.2
83 3910 14.2
83 3911 14.2
83 3912 14.2
83 3913 14.2
83 3914 14.2
83 3915 14.2
83 3916 14.2
83 3917 14.2
83 3918 14.2
83 3919 14.2
83 3920 14.2
83 3921 14.2
83 3922 14.2
83 3923 14.2
83 3924 14.2
83 3925 14.2
83 3926 14.2
83 3927 14.2
83 3928 14.2
83 3929 14.2
83 3930 14.0
83 3931 14.0
83 3932 14.0
83 3933 14.0
83 3934 14.0
83 3935 14.0
83 3936 14.0
83 3937 14.0
83 3938 14.0
83 3939 14.0
83 3940 14.0
83 3941 14.0
83 3942 14.0
83 3943 14.0
83 3944 14.0
83 3945 14.0
83 3946 14.0
83 3947 14.0
83 3948 14.0
83 3949 14.0
83 3950 14.0
83 3951 14.0
83 3952 14.0
83 3953 14.0
84 3954 14.0
84 3955 14.0
84 3956 14.0
84 3957 14.0
84 3958 14.0
84 3959 14.0
84 3960 14.0
84 3961 14.0
84 3962 14.0
84 3963 14.0
84 3964 14.0
84 3965 14.0
84 3966 14.0
84 3967 14.0
84 3968 14.0
84 3969 14.0
84 3970 14.0
84 3971 14.0
84 3972 14.0
84 3973 14.0
84 3974 14.0
84 3975 14.0
84 3976 14.0
84 3977 14.0
84 3978 14.0
84 3979 14.0
84 3980 14.0
84 3981 14.0
84 3982 14.0
84 3983 14.0
84 3984 14.0
84 3985 14.0
84 3986 14.0
84 3987 14.0
84 3988 14.0
84 3989 14.0
84 3990 14.0
84 3991 14.0
84 3992 14.0
84 3993 14.0
84 3994 14.0
84 3995 14.0
84 3996 14.0
84 3997 14.0
84 3998 14.0
84 3999 14.0
84 4000 14.0
84 4001 14.0
84 4002 14.0
84 4003 14.0
84 4004 14.0
84 4005 14.0
85 4006 14.0
85 4007 14.0
85 4008 14.0
85 4009 14.0
85 4010 14.0
85 4011 14.0
85 4012 14.0
85 4013 14.0
85 4014 14.0
85 4015 14.0
85 4016 14.0
85 4017 14.0
85 4018 14.0
85 4019 14.0
85 4020 14.0
85 4021 14.0
85 4022 14.0
85 4023 14.0
85 4024 14.0
85 4025 14.0
85 4026 14.0
85 4027 14.0
85 4028 14.0
85 4029 14.0
85 4030 14.0
85 4031 14.0
85 4032 14.0
85 4033 14.0
85 4034 14.0
85 4035 14.0
85 4036 14.0
85 4037 14.0
85 4038 14.0
85 4039 14.0
85 4040 14.0
85 4041 14.0
85 4042 14.0
85 4043 14.0
85 4044 14.0
85 4045 14.0
85 4046 14.0
85 4047 14.0
85 4048 14.0
85 4049 14.0
85 4050 14.0
85 4051 14.0
85 4052 14.0
85 4053 14.0
85 4054 14.0
85 4055 14.0
85 4056 14.0
86 4057 14.0
86 4058 14.0
86 4059 14.0
86 4060 14.0
86 4061 14.0
86 4062 14.0
86 4063 14.0
86 4064 14.0
86 4065 14.0
86 4066 14.0
86 4067 14.0
86 4068 14.0
86 4069 14.0
86 4070 14.0
86 4071 14.0
86 4072 14.0
86 4073 14.0
86 4074 14.0
86 4075 14.0
86 4076 14.0
86 4077 14.0
86 4078 14.0
86 4079 14.0
86 4080 14.0
86 4081 14.0
86 4082 14.0
86 4083 14.0
86 4084 14.0
86 4085 14.0
86 4086 14.0
86 4087 14.0
86 4088 14.0
86 4089 14.0
86 4090 14.0
86 4091 14.0
86 4092 14.0
86 4093 14.0
86 4094 14.0
86 4095 14.0
86 4096 14.0
86 4097 14.0
86 4098 14.0
86 4099 14.0
86 4100 14.0
86 4101 14.0
86 4102 14.0
86 4103 14.0
86 4104 14.0
86 4105 14.0
86 4106 14.0
86 4107 14.0
86 4108 14.0
87 4109 14.0
87 4110 14.0
87 4111 14.0
87 4112 14.0
87 4113 14.0
87 4114 14.0
87 4115 14.0
87 4116 14.0
87 4117 14.0
87 4118 14.0
87 4119 14.0
87 4120 14.0
87 4121 14.0
87 4122 14.0
87 4123 14.0
87 4124 14.0
87 4125 14.0
87 4126 14.0
87 4127 14.0
87 4128 14.0
87 4129 14.0
87 4130 14.0
87 4131 14.0
87 4132 14.0
87 4133 14.0
87 4134 14.0
87 4135 14.0
87 4136 14.0
87 4137 14.0
87 4138 14.0
87 4139 14.0
87 4140 14.0
87 4141 14.0
87 4142 14.0
87 4143 14.0
87 4144 14.0
87 4145 14.0
87 4146 14.0
87 4147 14.0
87 4148 14.0
87 4149 14.0
87 4150 14.0
87 4151 14.0
87 4152 14.0
87 4153 14.0
87 4154 14.0
87 4155 14.0
87 4156 14.0
87 4157 14.0
88 4158 14.0
88 4159 14.0
88 4160 14.0
88 4161 14.0
88 4162 14.0
88 4163 14.0
88 4164 14.0
88 4165 14.0
88 4166 14.0
88 4167 14.0
88 4168 14.0
88 4169 14.0
88 4170 14.0
88 4171 14.0
88 4172 14.0
88 4173 14.0
88 4174 14.0
88 4175 14.0
88 4176 14.0
88 4177 14.0
88 4178 14.0
88 4179 14.0
88 4180 14.0
88 4181 14.0
88 4182 14.0
88 4183 14.0
88 4184 14.0
88 4185 14.0
88 4186 14.0
88 4187 14.0
88 4188 14.0
88 4189 14.0
88 4190 14.0
88 4191 14.0
88 4192 14.0
88 4193 14.0
88 4194 14.0
88 4195 14.0
88 4196 14.0
88 4197 14.0
88 4198 14.0
88 4199 14.0
88 4200 14.0
88 4201 14.0
88 4202 14.0
88 4203 14.0
88 4204 14.0
88 4205 14.0
88 4206 14.0
88 4207 14.0
88 4208 14.0
89 4209 14.0
89 4210 14.0
89 4211 14.0
89 4212 14.0
89 4213 14.0
89 4214 14.0
89 4215 14.0
89 4216 14.0
89 4217 14.0
89 4218 14.0
89 4219 14.0
89 4220 14.0
89 4221 14.0
89 4222 14.0
89 4223 14.0
89 4224 14.0
89 4225 14.0
89 4226 14.0
89 4227 14.0
89 4228 14.0
89 4229 14.0
89 4230 14.0
89 4231 14.0
89 4232 14.0
89 4233 14.0
89 4234 14.0
89 4235 14.0
89 4236 14.0
89 4237 14.0
89 4238 14.0
89 4239 14.0
89 4240 14.0
89 4241 14.0
89 4242 14.0
89 4243 14.0
89 4244 14.0
89 4245 14.0
89 4246 14.0
89 4247 14.0
89 4248 14.0
89 4249 14.0
89 4250 14.0
89 4251 14.0
89 4252 14.0
89 4253 14.0
89 4254 14.0
89 4255 14.0
89 4256 14.0
89 4257 14.0
89 4258 14.0
90 4259 14.0
90 4260 14.0
90 4261 14.0
90 4262 14.0
90 4263 14.0
90 4264 14.0
90 4265 14.0
90 4266 14.0
90 4267 14.0
90 4268 14.0
90 4269 14.0
90 4270 14.0
90 4271 14.0
90 4272 14.0
90 4273 14.0
90 4274 14.0
90 4275 14.0
90 4276 14.0
90 4277 14.0
90 4278 14.0
90 4279 14.0
90 4280 14.0
90 4281 14.0
90 4282 14.0
90 4283 14.0
90 4284 14.0
90 4285 14.0
90 4286 14.0
90 4287 14.0
90 4288 14.0
90 4289 14.0
90 4290 14.0
90 4291 14.0
90 4292 14.0
90 4293 14.0
90 4294 14.0
90 4295 14.0
90 4296 14.0
90 4297 14.0
90 4298 14.0
90 4299 14.0
90 4300 14.0
90 4301 14.0
90 4302 14.0
90 4303 14.0
90 4304 14.0
90 4305 14.0
90 4306 14.0
90 4307 14.0
90 4308 14.0
91 4309 14.0
91 4310 14.0
91 4311 14.0
91 4312 14.0
91 4313 14.0
91 4314 14.0
91 4315 14.0
91 4316 14.0
91 4317 14.0
91 4318 14.0
91 4319 14.0
91 4320 14.0
91 4321 14.0
91 4322 14.0
91 4323 14.0
91 4324 14.0
91 4325 14.0
91 4326 14.0
91 4327 14.0
91 4328 14.0
91 4329 14.0
91 4330 14.0
91 4331 14.0
91 4332 14.0
91 4333 14.0
91 4334 14.0
91 4335 14.0
91 4336 14.0
91 4337 14.0
91 4338 14.0
91 4339 14.0
91 4340 14.0
91 4341 14.0
91 4342 14.0
91 4343 14.0
91 4344 14.0
91 4345 14.0
91 4346 14.0
91 4347 14.0
91 4348 14.0
91 4349 14.0
91 4350 14.0
91 4351 14.0
92 4352 14.0
92 4353 14.0
92 4354 14.0
92 4355 14.0
92 4356 14.0
92 4357 14.0
92 4358 14.0
92 4359 14.0
92 4360 14.0
92 4361 14.0
92 4362 14.0
92 4363 14.0
92 4364 14.0
92 4365 14.0
92 4366 14.0
92 4367 14.0
92 4368 14.0
92 4369 14.0
92 4370 14.0
92 4371 14.0
92 4372 14.0
92 4373 14.0
92 4374 14.0
92 4375 14.0
92 4376 14.0
92 4377 14.0
92 4378 14.0
92 4379 14.0
92 4380 14.0
92 4381 14.0
92 4382 14.0
92 4383 14.0
92 4384 14.0
92 4385 14.0
92 4386 14.0
92 4387 14.0
92 4388 14.0
92 4389 14.0
92 4390 14.0
92 4391 14.0
92 4392 14.0
92 4393 14.0
92 4394 14.0
93 4395 14.0
93 4396 14.0
93 4397 14.0
93 4398 14.0
93 4399 14.0
93 4400 14.0
93 4401 14.0
93 4402 14.0
93 4403 14.0
93 4404 14.0
93 4405 14.0
93 4406 14.0
93 4407 14.0
93 4408 14.0
93 4409 14.0
93 4410 14.0
93 4411 14.0
93 4412 14.0
93 4413 14.0
93 4414 14.0
93 4415 14.0
93 4416 14.0
93 4417 14.0
93 4418 14.0
93 4419 14.0
93 4420 14.0
93 4421 14.0
93 4422 14.0
93 4423 14.0
93 4424 14.0
93 4425 14.0
93 4426 14.0
93 4427 14.0
93 4428 14.0
93 4429 14.0
93 4430 14.0
93 4431 14.0
93 4432 14.0
93 4433 14.0
93 4434 14.0
93 4435 14.0
93 4436 14.0
93 4437 14.0
93 4438 14.0
93 4439 14.0
93 4440 14.0
93 4441 14.0
93 4442 14.0
94 4443 14.0
94 4444 14.0
94 4445 14.0
94 4446 14.0
94 4447 14.0
94 4448 14.0
94 4449 14.0
94 4450 14.0
94 4451 14.0
94 4452 14.0
94 4453 14.0
94 4454 14.0
94 4455 14.0
94 4456 14.0
94 4457 14.0
94 4458 14.0
94 4459 14.0
94 4460 14.0
94 4461 14.0
94 4462 14.0
94 4463 14.0
94 4464 14.0
94 4465 14.0
94 4466 14.0
94 4467 14.0
94 4468 14.0
94 4469 14.0
94 4470 14.0
94 4471 14.0
94 4472 14.0
94 4473 14.0
94 4474 14.0
94 4475 14.0
94 4476 14.0
94 4477 14.0
94 4478 14.0
94 4479 14.0
94 4480 14.0
94 4481 14.0
94 4482 14.0
94 4483 14.0
94 4484 14.0
94 4485 14.0
94 4486 14.0
95 4487 14.0
95 4488 14.0
95 4489 14.0
95 4490 14.0
95 4491 14.0
95 4492 14.0
95 4493 14.0
95 4494 14.0
95 4495 14.0
95 4496 14.0
95 4497 14.0
95 4498 14.0
95 4499 14.0
95 4500 14.0
95 4501 14.0
95 4502 14.0
95 4503 14.0
95 4504 14.0
95 4505 14.0
95 4506 14.0
95 4507 14.0
95 4508 14.0
95 4509 14.0
95 4510 14.0
95 4511 14.0
95 4512 14.0
95 4513 14.0
95 4514 14.0
95 4515 14.0
95 4516 14.0
95 4517 14.0
95 4518 14.0
95 4519 14.0
95 4520 14.0
95 4521 14.0
95 4522 14.0
95 4523 14.0
95 4524 14.0
95 4525 14.0
95 4526 14.0
95 4527 14.0
95 4528 14.0
95 4529 14.0
95 4530 14.0
95 4531 14.0
95 4532 14.0
95 4533 14.0
95 4534 14.0
96 4535 14.0
96 4536 14.0
96 4537 14.0
96 4538 14.0
96 4539 14.0
96 4540 14.0
96 4541 14.0
96 4542 14.0
96 4543 14.0
96 4544 14.0
96 4545 14.0
96 4546 14.0
96 4547 14.0
96 4548 14.0
96 4549 14.0
96 4550 14.0
96 4551 14.0
96 4552 14.0
96 4553 14.0
96 4554 14.0
96 4555 14.0
96 4556 14.0
96 4557 14.0
96 4558 14.0
96 4559 14.0
96 4560 14.0
96 4561 14.0
96 4562 14.0
96 4563 14.0
96 4564 14.0
96 4565 14.0
96 4566 14.0
96 4567 14.0
96 4568 14.0
96 4569 14.0
96 4570 14.0
96 4571 14.0
96 4572 14.0
96 4573 14.0
96 4574 14.0
96 4575 14.0
96 4576 14.0
96 4577 14.0
96 4578 14.0
96 4579 14.0
96 4580 14.0
96 4581 14.0
97 4582 14.0
97 4583 14.0
97 4584 14.0
97 4585 14.0
97 4586 14.0
97 4587 14.0
97 4588 14.0
97 4589 14.0
97 4590 14.0
97 4591 14.0
97 4592 14.0
97 4593 14.0
97 4594 14.0
97 4595 14.0
97 4596 14.0
97 4597 14.0
97 4598 14.0
97 4599 14.0
97 4600 14.0
97 4601 14.0
97 4602 14.0
97 4603 14.0
97 4604 14.0
97 4605 14.0
97 4606 14.0
97 4607 14.0
97 4608 14.0
97 4609 14.0
97 4610 14.0
97 4611 14.0
97 4612 14.0
97 4613 14.0
97 4614 14.0
97 4615 14.0
97 4616 14.0
97 4617 14.0
97 4618 14.0
97 4619 14.0
97 4620 14.0
97 4621 14.0
97 4622 14.0
97 4623 14.0
97 4624 14.0
97 4625 14.0
98 4626 14.0
98 4627 14.0
98 4628 14.0
98 4629 14.0
98 4630 14.0
98 4631 14.0
98 4632 14.0
98 4633 14.0
98 4634 14.0
98 4635 14.0
98 4636 14.0
98 4637 14.0
98 4638 14.0
98 4639 14.0
98 4640 14.0
98 4641 14.0
98 4642 14.0
98 4643 14.0
98 4644 14.0
98 4645 14.0
98 4646 14.0
98 4647 14.0
98 4648 14.0
98 4649 14.0
98 4650 14.0
98 4651 14.0
98 4652 14.0
98 4653 14.0
98 4654 14.0
98 4655 14.0
98 4656 14.0
98 4657 14.0
98 4658 14.0
98 4659 14.0
98 4660 14.0
98 4661 14.0
98 4662 14.0
98 4663 14.0
98 4664 14.0
98 4665 14.0
98 4666 14.0
98 4667 14.0
98 4668 14.0
98 4669 14.0
98 4670 14.0
98 4671 14.0
98 4672 14.0
98 4673 14.0
98 4674 14.0
98 4675 14.0
98 4676 14.0
98 4677 14.0
98 4678 14.0
98 4679 14.0
98 4680 14.0
99 4681 14.0
99 4682 14.0
99 4683 14.0
99 4684 14.0
99 4685 14.0
99 4686 14.0
99 4687 14.0
99 4688 14.0
99 4689 14.0
99 4690 14.0
99 4691 14.0
99 4692 14.0
99 4693 14.0
99 4694 14.0
99 4695 14.0
99 4696 14.0
99 4697 14.0
99 4698 14.0
99 4699 14.0
99 4700 14.0
99 4701 14.0
99 4702 14.0
99 4703 14.0
99 4704 14.0
99 4705 14.0
99 4706 14.0
99 4707 14.0
99 4708 14.0
99 4709 14.0
99 4710 14.0
99 4711 14.0
99 4712 14.0
99 4713 14.0
99 4714 14.0
99 4715 14.0
99 4716 14.0
99 4717 14.0
99 4718 14.0
99 4719 14.0
99 4720 14.0
99 4721 14.0
99 4722 14.0
99 4723 14.0
99 4724 14.0
99 4725 14.0
99 4726 14.0
99 4727 14.0
99 4728 14.0
99 4729 14.0
99 4730 14.0
99 4731 14.0
99 4732 14.0
99 4733 14.0
100 4734 14.0
100 4735 14.0
100 4736 14.0
100 4737 14.0
100 4738 14.0
100 4739 14.0
100 4740 14.0
100 4741 14.0
100 4742 14.0
100 4743 14.0
100 4744 14.0
100 4745 14.0
100 4746 14.0
100 4747 14.0
100 4748 14.0
100 4749 14.0
100 4750 14.0
100 4751 14.0
100 4752 14.0
100 4753 14.0
100 4754 14.0
100 4755 14.0
100 4756 14.0
100 4757 14.0
100 4758 14.0
100 4759 14.0
100 4760 14.0
100 4761 14.0
100 4762 14.0
100 4763 14.0
100 4764 14.0
100 4765 14.0
100 4766 14.0
100 4767 14.0
100 4768 14.0
100 4769 14.0
100 4770 14.0
100 4771 14.0
100 4772 14.0
100 4773 14.0
100 4774 14.0
100 4775 14.0
100 4776 14.0
100 4777 14.0
100 4778 14.0
101 4779 14.0
101 4780 14.0
101 4781 14.0
101 4782 14.0
101 4783 14.0
101 4784 14.0
101 4785 14.0
101 4786 14.0
101 4787 14.0
101 4788 14.0
101 4789 14.0
101 4790 14.0
101 4791 14.0
101 4792 14.0
101 4793 14.0
101 4794 14.0
101 4795 14.0
101 4796 14.0
101 4797 14.0
101 4798 14.0
101 4799 14.0
101 4800 14.0
101 4801 14.0
101 4802 14.0
101 4803 14.0
101 4804 14.0
101 4805 14.0
101 4806 14.0
101 4807 14.0
101 4808 14.0
101 4809 14.0
101 4810 14.0
101 4811 14.0
101 4812 14.0
101 4813 14.0
101 4814 14.0
101 4815 14.0
101 4816 14.0
101 4817 14.0
101 4818 14.0
101 4819 14.0
101 4820 14.0
101 4821 14.0
101 4822 14.0
101 4823 14.0
101 4824 14.0
101 4825 14.0
101 4826 14.0
101 4827 14.0
101 4828 14.0
101 4829 14.0
101 4830 14.0
101 4831 14.0
102 4832 14.0
102 4833 14.0
102 4834 14.0
102 4835 14.0
102 4836 14.0
102 4837 14.0
102 4838 14.0
102 4839 14.0
102 4840 14.0
102 4841 14.0
102 4842 14.0
102 4843 14.0
102 4844 14.0
102 4845 14.0
102 4846 13.8
102 4847 13.8
102 4848 13.8
102 4849 13.8
102 4850 13.8
102 4851 13.8
102 4852 13.7
102 4853 13.7
102 4854 13.7
102 4855 13.7
102 4856 13.7
102 4857 13.7
102 4858 13.7
102 4859 13.7
102 4860 13.7
102 4861 13.7
102 4862 13.7
102 4863 13.7
102 4864 13.7
102 4865 13.7
102 4866 13.7
102 4867 13.7
102 4868 13.7
102 4869 13.7
102 4870 13.7
102 4871 13.7
102 4872 13.7
102 4873 13.7
102 4874 13.7
102 4875 13.7
102 4876 13.7
102 4877 13.7
102 4878 13.7
102 4879 13.7
102 4880 13.7
102 4881 13.7
102 4882 13.7
102 4883 13.7
102 4884 13.7
102 4885 13.7
102 4886 13.7
103 4887 13.7
103 4888 13.7
103 4889 13.7
103 4890 13.7
103 4891 13.7
103 4892 13.7
103 4893 13.7
103 4894 13.7
103 4895 13.6
103 4896 13.6
103 4897 13.6
103 4898 13.6
103 4899 13.6
103 4900 13.6
103 4901 13.6
103 4902 13.6
103 4903 13.6
103 4904 13.6
103 4905 13.6
103 4906 13.6
103 4907 13.6
103 4908 13.6
103 4909 13.6
103 4910 13.6
103 4911 13.6
103 4912 13.6
103 4913 13.6
103 4914 13.6
103 4915 13.6
103 4916 13.6
103 4917 13.6
103 4918 13.6
103 4919 13.6
103 4920 13.6
103 4921 13.6
103 4922 13.6
103 4923 13.6
103 4924 13.6
103 4925 13.6
103 4926 13.6
103 4927 13.6
103 4928 13.6
103 4929 13.6
103 4930 13.6
103 4931 13.6
103 4932 13.6
103 4933 13.6
103 4934 13.6
103 4935 13.6
103 4936 13.6
104 4937 13.6
104 4938 13.6
104 4939 13.6
104 4940 13.6
104 4941 13.6
104 4942 13.6
104 4943 13.6
104 4944 13.6
104 4945 13.6
104 4946 13.6
104 4947 13.6
104 4948 13.6
104 4949 13.6
104 4950 13.6
104 4951 13.6
104 4952 13.6
104 4953 13.6
104 4954 13.6
104 4955 13.6
104 4956 13.6
104 4957 13.6
104 4958 13.6
104 4959 13.6
104 4960 13.6
104 4961 13.6
104 4962 13.6
104 4963 13.6
104 4964 13.6
104 4965 13.6
104 4966 13.6
104 4967 13.6
104 4968 13.6
104 4969 13.6
104 4970 13.6
104 4971 13.6
104 4972 13.6
104 4973 13.6
104 4974 13.6
104 4975 13.6
104 4976 13.6
104 4977 13.6
104 4978 13.6
104 4979 13.6
104 4980 13.6
104 4981 13.6
104 4982 13.6
104 4983 13.6
104 4984 13.6
105 4985 13.6
105 4986 13.6
105 4987 13.6
105 4988 13.6
105 4989 13.6
105 4990 13.6
105 4991 13.6
105 4992 13.6
105 4993 13.6
105 4994 13.6
105 4995 13.6
105 4996 13.6
105 4997 13.6
105 4998 13.6
105 4999 13.6
105 5000 13.6
105 5001 13.6
105 5002 13.6
105 5003 13.6
105 5004 13.6
105 5005 13.6
105 5006 13.6
105 5007 13.6
105 5008 13.6
105 5009 13.6
105 5010 13.6
105 5011 13.6
105 5012 13.6
105 5013 13.6
105 5014 13.6
105 5015 13.6
105 5016 13.6
105 5017 13.6
105 5018 13.6
105 5019 13.6
105 5020 13.6
105 5021 13.6
105 5022 13.6
105 5023 13.6
105 5024 13.6
105 5025 13.6
105 5026 13.6
105 5027 13.6
105 5028 13.6
105 5029 13.6
105 5030 13.6
105 5031 13.6
105 5032 13.6
105 5033 13.6
106 5034 13.6
106 5035 13.6
106 5036 13.6
106 5037 13.6
106 5038 13.6
106 5039 13.6
106 5040 13.6
106 5041 13.6
106 5042 13.6
106 5043 13.6
106 5044 13.6
106 5045 13.6
106 5046 13.6
106 5047 13.6
106 5048 13.6
106 5049 13.6
106 5050 13.6
106 5051 13.6
106 5052 13.6
106 5053 13.6
106 5054 13.6
106 5055 13.6
106 5056 13.6
106 5057 13.6
106 5058 13.6
106 5059 13.6
106 5060 13.6
106 5061 13.6
106 5062 13.6
106 5063 13.6
106 5064 13.6
106 5065 13.6
106 5066 13.6
106 5067 13.6
106 5068 13.6
106 5069 13.6
106 5070 13.6
106 5071 13.6
106 5072 13.6
106 5073 13.6
106 5074 13.6
106 5075 13.6
106 5076 13.6
106 5077 13.6
106 5078 13.6
106 5079 13.6
106 5080 13.6
106 5081 13.6
106 5082 13.6
106 5083 13.6
107 5084 13.5
107 5085 13.5
107 5086 13.3
107 5087 13.3
107 5088 13.3
107 5089 13.3
107 5090 13.3
107 5091 13.3
107 5092 13.3
107 5093 13.3
107 5094 13.3
107 5095 13.3
107 5096 13.2
107 5097 13.2
107 5098 13.2
107 5099 13.2
107 5100 13.2
107 5101 13.2
107 5102 13.2
107 5103 13.2
107 5104 13.2
107 5105 13.2
107 5106 13.2
107 5107 13.2
107 5108 13.2
107 5109 13.2
107 5110 13.2
107 5111 13.2
107 5112 13.2
107 5113 13.2
107 5114 13.2
107 5115 13.2
107 5116 13.2
107 5117 13.2
107 5118 13.2
107 5119 13.2
107 5120 13.2
107 5121 13.2
107 5122 13.2
107 5123 13.2
107 5124 13.2
107 5125 13.2
107 5126 13.2
107 5127 13.2
107 5128 13.2
107 5129 13.2
107 5130 13.2
107 5131 13.2
107 5132 13.2
107 5133 13.2
107 5134 13.2
107 5135 13.2
108 5136 13.2
108 5137 13.2
108 5138 13.2
108 5139 13.2
108 5140 13.2
108 5141 13.2
108 5142 13.2
108 5143 13.2
108 5144 13.2
108 5145 13.2
108 5146 13.2
108 5147 13.2
108 5148 13.2
108 5149 13.2
108 5150 13.2
108 5151 13.2
108 5152 13.2
108 5153 13.2
108 5154 13.2
108 5155 13.2
108 5156 13.2
108 5157 13.2
108 5158 13.2
108 5159 13.2
108 5160 13.2
108 5161 13.2
108 5162 13.2
108 5163 13.2
108 5164 13.2
108 5165 13.2
108 5166 13.2
108 5167 13.2
108 5168 13.2
108 5169 13.2
108 5170 13.2
108 5171 13.2
108 5172 13.2
108 5173 13.2
108 5174 13.2
108 5175 13.2
108 5176 13.2
108 5177 13.2
108 5178 13.2
108 5179 13.2
108 5180 13.2
108 5181 13.2
108 5182 13.2
108 5183 13.2
108 5184 13.2
108 5185 13.2
108 5186 13.2
108 5187 13.2
108 5188 13.2
108 5189 13.2
109 5190 13.2
109 5191 13.2
109 5192 13.2
109 5193 13.2
109 5194 13.2
109 5195 13.2
109 5196 13.2
109 5197 13.2
109 5198 13.2
109 5199 13.2
109 5200 13.2
109 5201 13.2
109 5202 13.2
109 5203 13.2
109 5204 13.2
109 5205 13.2
109 5206 13.2
109 5207 13.2
109 5208 13.2
109 5209 13.2
109 5210 13.2
109 5211 13.2
109 5212 13.2
109 5213 13.2
109 5214 13.2
109 5215 13.2
109 5216 13.2
109 5217 13.2
109 5218 13.2
109 5219 13.2
109 5220 13.2
109 5221 13.2
109 5222 13.2
109 5223 13.2
109 5224 13.2
109 5225 13.2
109 5226 13.2
109 5227 13.2
109 5228 13.2
109 5229 13.2
109 5230 13.2
109 5231 13.2
109 5232 13.2
109 5233 13.2
109 5234 13.2
109 5235 13.2
109 5236 13.2
109 5237 13.2
109 5238 13.2
109 5239 13.2
109 5240 13.2
110 5241 13.2
110 5242 13.2
110 5243 13.2
110 5244 13.2
110 5245 13.2
110 5246 13.2
110 5247 13.2
110 5248 13.2
110 5249 13.2
110 5250 13.2
110 5251 13.2
110 5252 13.2
110 5253 13.2
110 5254 13.2
110 5255 13.2
110 5256 13.2
110 5257 13.2
110 5258 13.2
110 5259 13.2
110 5260 13.2
110 5261 13.2
110 5262 13.2
110 5263 13.2
110 5264 13.2
110 5265 13.2
110 5266 13.2
110 5267 13.2
110 5268 13.2
110 5269 13.2
110 5270 13.2
110 5271 13.2
110 5272 13.2
110 5273 13.2
110 5274 13.2
110 5275 13.2
110 5276 13.2
110 5277 13.2
110 5278 13.2
110 5279 13.2
110 5280 13.2
110 5281 13.2
110 5282 13.2
110 5283 13.2
110 5284 13.2
110 5285 13.2
110 5286 13.2
110 5287 13.2
110 5288 13.2
110 5289 13.2
110 5290 13.2
110 5291 13.2
111 5292 13.2
111 5293 13.2
111 5294 13.2
111 5295 13.2
111 5296 13.2
111 5297 13.2
111 5298 13.2
111 5299 13.2
111 5300 13.2
111 5301 13.2
111 5302 13.2
111 5303 13.2
111 5304 13.2
111 5305 13.2
111 5306 13.2
111 5307 13.2
111 5308 13.2
111 5309 13.2
111 5310 13.2
111 5311 13.2
111 5312 13.2
111 5313 13.2
111 5314 13.2
111 5315 13.2
111 5316 13.2
111 5317 13.2
111 5318 13.2
111 5319 13.2
111 5320 13.2
111 5321 13.2
111 5322 13.2
111 5323 13.2
111 5324 13.2
111 5325 13.2
111 5326 13.2
111 5327 13.2
111 5328 13.2
111 5329 13.2
111 5330 13.2
111 5331 13.2
111 5332 13.2
111 5333 13.2
111 5334 13.2
111 5335 13.2
111 5336 13.2
111 5337 13.2
111 5338 13.2
111 5339 13.2
111 5340 13.2
111 5341 13.2
111 5342 13.2
112 5343 13.2
112 5344 13.2
112 5345 13.2
112 5346 13.2
112 5347 13.2
112 5348 13.2
112 5349 13.2
112 5350 13.2
112 5351 13.2
112 5352 13.2
112 5353 13.2
112 5354 13.2
112 5355 13.2
112 5356 13.2
112 5357 13.2
112 5358 13.2
112 5359 13.2
112 5360 13.2
112 5361 13.2
112 5362 13.2
112 5363 13.2
112 5364 13.2
112 5365 13.2
112 5366 13.2
112 5367 13.2
112 5368 13.2
112 5369 13.2
112 5370 13.2
112 5371 13.2
112 5372 13.2
112 5373 13.2
112 5374 13.2
112 5375 13.2
112 5376 13.2
112 5377 13.2
112 5378 13.2
112 5379 13.2
112 5380 13.2
112 5381 13.2
112 5382 13.2
112 5383 13.2
112 5384 13.2
112 5385 13.2
112 5386 13.2
112 5387 13.2
112 5388 13.2
113 5389 13.2
113 5390 13.2
113 5391 13.2
113 5392 13.2
113 5393 13.2
113 5394 13.2
113 5395 13.2
113 5396 13.2
113 5397 13.2
113 5398 13.2
113 5399 13.2
113 5400 13.2
113 5401 13.2
113 5402 13.2
113 5403 13.2
113 5404 13.2
113 5405 13.2
113 5406 13.2
113 5407 13.2
113 5408 13.2
113 5409 13.2
113 5410 13.2
113 5411 13.2
113 5412 13.2
113 5413 13.2
113 5414 13.2
113 5415 13.2
113 5416 13.2
113 5417 13.2
113 5418 13.2
113 5419 13.2
113 5420 13.2
113 5421 13.2
113 5422 13.2
113 5423 13.2
113 5424 13.2
113 5425 13.2
113 5426 13.2
113 5427 13.2
113 5428 13.2
113 5429 13.2
113 5430 13.2
113 5431 13.2
113 5432 13.2
113 5433 13.2
113 5434 13.2
113 5435 13.2
113 5436 13.2
113 5437 13.2
113 5438 13.2
114 5439 13.2
114 5440 13.2
114 5441 13.2
114 5442 13.2
114 5443 13.2
114 5444 13.2
114 5445 13.2
114 5446 13.2
114 5447 13.2
114 5448 13.2
114 5449 13.2
114 5450 13.2
114 5451 13.2
114 5452 13.2
114 5453 13.2
114 5454 13.2
114 5455 13.2
114 5456 13.2
114 5457 13.2
114 5458 13.2
114 5459 13.2
114 5460 13.2
114 5461 13.2
114 5462 13.2
114 5463 13.2
114 5464 13.2
114 5465 13.2
114 5466 13.2
114 5467 13.2
114 5468 13.2
114 5469 13.2
114 5470 13.2
114 5471 13.2
114 5472 13.2
114 5473 13.2
114 5474 13.2
114 5475 13.2
114 5476 13.2
114 5477 13.2
114 5478 13.2
114 5479 13.2
114 5480 13.2
114 5481 13.2
114 5482 13.2
114 5483 13.2
114 5484 13.2
114 5485 13.2
114 5486 13.2
114 5487 13.2
114 5488 13.2
114 5489 13.2
114 5490 13.2
114 5491 13.2
114 5492 13.2
114 5493 13.2
115 5494 13.2
115 5495 13.2
115 5496 13.2
115 5497 13.2
115 5498 13.2
115 5499 13.2
115 5500 13.2
115 5501 13.2
115 5502 13.2
115 5503 13.2
115 5504 13.2
115 5505 13.2
115 5506 13.2
115 5507 13.2
115 5508 13.2
115 5509 13.2
115 5510 13.2
115 5511 13.2
115 5512 13.2
115 5513 13.2
115 5514 13.2
115 5515 13.2
115 5516 13.2
115 5517 13.2
115 5518 13.2
115 5519 13.2
115 5520 13.2
115 5521 13.2
115 5522 13.2
115 5523 13.2
115 5524 13.2
115 5525 13.2
115 5526 13.2
115 5527 13.2
115 5528 13.2
115 5529 13.2
115 5530 13.2
115 5531 13.2
115 5532 13.2
115 5533 13.2
115 5534 13.2
115 5535 13.2
115 5536 13.2
115 5537 13.2
115 5538 13.2
115 5539 13.2
115 5540 13.2
115 5541 13.2
115 5542 13.2
115 5543 13.2
115 5544 13.2
115 5545 13.2
115 5546 13.2
115 5547 13.2
115 5548 13.2
116 5549 13.2
116 5550 13.2
116 5551 13.2
116 5552 13.2
116 5553 13.2
116 5554 13.2
116 5555 13.2
116 5556 13.2
116 5557 13.2
116 5558 13.2
116 5559 13.2
116 5560 13.2
116 5561 13.2
116 5562 13.2
116 5563 13.2
116 5564 13.2
116 5565 13.2
116 5566 13.2
116 5567 13.2
116 5568 13.2
116 5569 13.2
116 5570 13.2
116 5571 13.2
116 5572 13.2
116 5573 13.2
116 5574 13.2
116 5575 13.2
116 5576 13.2
116 5577 13.2
116 5578 13.2
116 5579 13.2
116 5580 13.2
116 5581 13.2
116 5582 13.2
116 5583 13.2
116 5584 13.2
116 5585 13.2
116 5586 13.2
116 5587 13.2
116 5588 13.2
116 5589 13.2
116 5590 13.2
116 5591 13.2
116 5592 13.2
116 5593 13.2
116 5594 13.2
116 5595 13.2
116 5596 13.2
116 5597 13.2
117 5598 13.2
117 5599 13.2
117 5600 13.2
117 5601 13.2
117 5602 13.2
117 5603 13.2
117 5604 13.2
117 5605 13.2
117 5606 13.2
117 5607 13.2
117 5608 13.2
117 5609 13.2
117 5610 13.2
117 5611 13.2
117 5612 13.2
117 5613 13.2
117 5614 13.2
117 5615 13.2
117 5616 13.2
117 5617 13.2
117 5618 13.2
117 5619 13.2
117 5620 13.2
117 5621 13.2
117 5622 13.2
117 5623 13.2
117 5624 13.2
117 5625 13.2
117 5626 13.2
117 5627 13.2
117 5628 13.2
117 5629 13.2
117 5630 13.2
117 5631 13.2
117 5632 13.2
117 5633 13.2
117 5634 13.2
117 5635 13.2
117 5636 13.2
117 5637 13.2
117 5638 13.2
117 5639 13.2
117 5640 13.2
117 5641 13.2
117 5642 13.2
117 5643 13.2
117 5644 13.2
117 5645 13.2
117 5646 13.2
117 5647 13.2
117 5648 13.2
118 5649 13.2
118 5650 13.2
118 5651 13.2
118 5652 13.2
118 5653 13.2
118 5654 13.2
118 5655 13.2
118 5656 13.2
118 5657 13.2
118 5658 13.2
118 5659 13.2
118 5660 13.2
118 5661 13.2
118 5662 13.2
118 5663 13.2
118 5664 13.2
118 5665 13.2
118 5666 13.2
118 5667 13.2
118 5668 13.2
118 5669 13.2
118 5670 13.2
118 5671 13.2
118 5672 13.2
118 5673 13.2
118 5674 13.2
118 5675 13.2
118 5676 13.2
118 5677 13.2
118 5678 13.2
118 5679 13.2
118 5680 13.2
118 5681 13.2
118 5682 13.2
118 5683 13.2
118 5684 13.2
118 5685 13.2
118 5686 13.2
118 5687 13.2
118 5688 13.2
118 5689 13.2
118 5690 13.2
118 5691 13.2
118 5692 13.2
118 5693 13.2
118 5694 13.2
118 5695 13.2
118 5696 13.2
119 5697 13.2
119 5698 13.2
119 5699 13.2
119 5700 13.2
119 5701 13.2
119 5702 13.2
119 5703 13.2
119 5704 13.2
119 5705 13.2
119 5706 13.2
119 5707 13.2
119 5708 13.2
119 5709 13.2
119 5710 13.2
119 5711 13.2
119 5712 13.2
119 5713 13.2
119 5714 13.2
119 5715 13.2
119 5716 13.2
119 5717 13.2
119 5718 13.2
119 5719 13.2
119 5720 13.2
119 5721 13.2
119 5722 13.2
119 5723 13.2
119 5724 13.2
119 5725 13.2
119 5726 13.2
119 5727 13.2
119 5728 13.2
119 5729 13.2
119 5730 13.2
119 5731 13.2
119 5732 13.2
119 5733 13.2
119 5734 13.2
119 5735 13.2
119 5736 13.2
119 5737 13.2
119 5738 13.2
119 5739 13.2
119 5740 13.2
119 5741 13.2
119 5742 13.2
119 5743 13.2
119 5744 13.2
119 5745 13.2
119 5746 13.2
119 5747 13.2
119 5748 13.2
120 5749 13.2
120 5750 13.2
120 5751 13.2
120 5752 13.2
120 5753 13.2
120 5754 13.2
120 5755 13.2
120 5756 13.2
120 5757 13.2
120 5758 13.2
120 5759 13.2
120 5760 13.2
120 5761 13.2
120 5762 13.2
120 5763 13.2
120 5764 13.2
120 5765 13.2
120 5766 13.2
120 5767 13.2
120 5768 13.2
120 5769 13.2
120 5770 13.2
120 5771 13.2
120 5772 13.2
120 5773 13.2
120 5774 13.2
120 5775 13.2
120 5776 13.2
120 5777 13.2
120 5778 13.2
120 5779 13.2
120 5780 13.2
120 5781 13.2
120 5782 13.2
120 5783 13.2
120 5784 13.2
120 5785 13.2
120 5786 13.2
120 5787 13.2
120 5788 13.2
120 5789 13.2
120 5790 13.2
120 5791 13.2
120 5792 13.2
120 5793 13.2
120 5794 13.2
120 5795 13.2
120 5796 13.2
120 5797 13.2
120 5798 13.2
120 5799 13.2
121 5800 13.2
