1 1 49.5
1 2 47.8
1 3 47.8
1 4 47.8
1 5 46.9
1 6 46.9
1 7 46.9
1 8 46.4
1 9 46.4
1 10 46.4
1 11 46.4
1 12 45.6
1 13 45.6
1 14 45.6
1 15 45.6
1 16 45.6
1 17 45.6
1 18 45.6
1 19 45.6
1 20 45.6
1 21 45.6
1 22 45.6
1 23 45.6
1 24 45.6
1 25 45.6
1 26 45.6
1 27 45.6
1 28 45.6
1 29 44.8
1 30 44.8
1 31 44.8
1 32 44.8
1 33 44.8
1 34 44.8
1 35 44.8
1 36 44.8
2 37 44.8
2 38 44.8
2 39 44.8
2 40 44.8
2 41 44.8
2 42 44.8
2 43 44.8
2 44 44.8
2 45 44.8
2 46 44.8
2 47 44.8
2 48 44.8
2 49 44.8
2 50 44.8
2 51 44.8
2 52 44.8
2 53 44.8
2 54 44.8
2 55 44.8
2 56 44.8
2 57 44.8
2 58 44.8
2 59 44.8
2 60 44.8
2 61 44.8
2 62 44.8
2 63 44.8
2 64 44.8
2 65 44.8
2 66 44.8
2 67 44.8
2 68 44.8
2 69 44.8
2 70 44.8
2 71 44.8
2 72 44.8
2 73 44.8
2 74 44.8
3 75 44.8
3 76 44.8
3 77 44.5
3 78 44.5
3 79 44.5
3 80 44.5
3 81 44.1
3 82 44.1
3 83 41.0
3 84 41.0
3 85 41.0
3 86 41.0
3 87 41.0
3 88 41.0
3 89 41.0
3 90 41.0
3 91 40.5
3 92 40.5
3 93 40.5
3 94 40.5
3 95 40.5
3 96 40.5
3 97 40.5
3 98 39.8
3 99 39.8
3 100 39.8
3 101 39.8
3 102 39.8
3 103 39.0
3 104 39.0
3 105 39.0
3 106 39.0
3 107 38.9
3 108 38.9
3 109 38.9
3 110 38.9
3 111 38.8
3 112 38.8
3 113 38.8
3 114 38.8
3 115 38.8
3 116 38.8
3 117 38.8
3 118 38.8
4 119 38.8
4 120 38.8
4 121 38.8
4 122 38.8
4 123 38.8
4 124 38.8
4 125 38.8
4 126 38.8
4 127 38.8
4 128 38.8
4 129 38.8
4 130 38.8
4 131 38.8
4 132 38.8
4 133 38.8
4 134 38.8
4 135 38.8
4 136 38.8
4 137 38.8
4 138 38.8
4 139 38.8
4 140 38.8
4 141 38.8
4 142 38.8
4 143 38.8
4 144 38.8
4 145 38.8
4 146 38.8
4 147 38.8
4 148 38.8
4 149 38.8
4 150 38.8
4 151 38.8
4 152 38.8
4 153 38.8
4 154 38.8
4 155 38.8
4 156 38.8
4 157 38.8
4 158 38.8
4 159 38.8
4 160 38.8
4 161 38.8
4 162 38.8
4 163 38.8
4 164 38.8
4 165 38.8
4 166 38.8
5 167 38.8
5 168 38.8
5 169 38.8
5 170 38.8
5 171 38.8
5 172 38.8
5 173 38.8
5 174 38.8
5 175 38.8
5 176 38.8
5 177 38.8
5 178 38.8
5 179 38.8
5 180 38.8
5 181 38.8
5 182 38.8
5 183 38.8
5 184 38.8
5 185 38.8
5 186 38.8
5 187 38.8
5 188 38.8
5 189 38.8
5 190 38.8
5 191 38.8
5 192 38.8
5 193 38.8
5 194 38.8
5 195 38.8
5 196 38.8
5 197 38.8
5 198 38.8
5 199 38.8
5 200 38.8
5 201 38.8
5 202 38.8
5 203 38.8
5 204 38.8
5 205 38.8
5 206 38.8
5 207 38.8
5 208 38.8
5 209 38.8
5 210 38.8
5 211 38.8
5 212 38.8
5 213 38.8
5 214 38.8
5 215 38.8
6 216 38.8
6 217 38.8
6 218 38.8
6 219 38.8
6 220 38.8
6 221 38.8
6 222 38.8
6 223 38.8
6 224 38.8
6 225 38.8
6 226 38.8
6 227 38.8
6 228 38.8
6 229 38.8
6 230 38.8
6 231 38.8
6 232 38.8
6 233 38.8
6 234 38.8
6 235 38.8
6 236 38.8
6 237 38.8
6 238 38.8
6 239 38.8
6 240 38.8
6 241 38.8
6 242 38.8
6 243 38.8
6 244 38.8
6 245 38.5
6 246 38.5
6 247 38.5
6 248 38.4
6 249 38.4
6 250 38.4
6 251 38.4
6 252 38.4
6 253 38.4
6 254 38.4
6 255 38.4
6 256 38.4
6 257 38.4
6 258 38.4
6 259 38.4
6 260 38.4
6 261 38.4
6 262 38.4
6 263 38.4
6 264 38.4
6 265 38.4
7 266 38.4
7 267 38.4
7 268 38.4
7 269 38.4
7 270 38.4
7 271 38.4
7 272 38.4
7 273 38.4
7 274 38.4
7 275 38.4
7 276 38.4
7 277 38.4
7 278 38.4
7 279 38.4
7 280 38.4
7 281 38.4
7 282 38.4
7 283 38.4
7 284 38.4
7 285 38.4
7 286 38.4
7 287 38.4
7 288 38.4
7 289 38.4
7 290 38.4
7 291 38.4
7 292 38.4
7 293 38.4
7 294 38.4
7 295 38.4
7 296 38.4
7 297 38.4
7 298 38.4
7 299 38.4
7 300 38.4
7 301 38.4
7 302 38.4
7 303 38.4
7 304 38.4
7 305 38.4
7 306 38.4
7 307 38.4
7 308 38.4
7 309 38.4
7 310 38.4
7 311 38.4
8 312 38.4
8 313 38.4
8 314 38.4
8 315 38.4
8 316 38.4
8 317 38.4
8 318 38.4
8 319 38.4
8 320 38.4
8 321 38.4
8 322 38.4
8 323 38.4
8 324 38.4
8 325 38.4
8 326 38.4
8 327 38.4
8 328 38.4
8 329 38.4
8 330 38.4
8 331 38.4
8 332 38.4
8 333 38.4
8 334 38.4
8 335 38.4
8 336 38.4
8 337 38.4
8 338 38.4
8 339 38.4
8 340 38.4
8 341 38.4
8 342 38.4
8 343 38.4
8 344 38.4
8 345 38.4
8 346 38.4
8 347 38.4
8 348 38.4
8 349 38.4
8 350 38.4
8 351 38.4
8 352 38.4
8 353 38.4
8 354 38.4
8 355 38.4
8 356 38.4
8 357 38.4
8 358 38.4
8 359 38.4
9 360 38.4
9 361 38.4
9 362 38.4
9 363 38.4
9 364 38.4
9 365 38.4
9 366 38.4
9 367 38.4
9 368 38.4
9 369 38.4
9 370 38.4
9 371 38.4
9 372 38.4
9 373 38.4
9 374 38.4
9 375 38.4
9 376 38.4
9 377 38.4
9 378 38.4
9 379 38.4
9 380 38.4
9 381 38.4
9 382 38.4
9 383 38.4
9 384 38.4
9 385 38.4
9 386 38.4
9 387 38.4
9 388 38.4
9 389 38.4
9 390 38.4
9 391 38.4
9 392 38.4
9 393 38.4
9 394 38.4
9 395 38.4
9 396 38.4
9 397 38.4
9 398 38.4
9 399 38.4
9 400 38.4
9 401 38.4
9 402 38.4
9 403 38.4
9 404 38.4
9 405 38.4
9 406 38.4
9 407 38.4
9 408 36.2
9 409 36.2
10 410 36.2
10 411 36.2
10 412 35.7
10 413 35.7
10 414 35.7
10 415 35.7
10 416 35.3
10 417 35.3
10 418 35.3
10 419 34.8
10 420 34.8
10 421 34.8
10 422 34.8
10 423 34.8
10 424 34.8
10 425 34.8
10 426 34.8
10 427 34.8
10 428 34.8
10 429 34.4
10 430 34.4
10 431 34.4
10 432 34.4
10 433 34.4
10 434 34.4
10 435 34.4
10 436 34.4
10 437 34.4
10 438 34.1
10 439 34.1
10 440 34.1
10 441 34.1
10 442 34.1
10 443 33.6
10 444 33.6
10 445 33.6
10 446 33.6
10 447 33.6
10 448 33.6
10 449 33.6
10 450 33.2
10 451 33.2
10 452 33.2
10 453 33.2
10 454 33.2
10 455 33.2
10 456 33.2
10 457 33.2
10 458 33.2
10 459 33.2
10 460 33.2
10 461 33.2
11 462 32.5
11 463 32.5
11 464 32.5
11 465 32.5
11 466 32.5
11 467 32.5
11 468 32.5
11 469 32.5
11 470 32.5
11 471 32.5
11 472 32.5
11 473 32.5
11 474 32.5
11 475 32.5
11 476 32.5
11 477 32.5
11 478 32.5
11 479 32.5
11 480 32.5
11 481 32.5
11 482 32.5
11 483 32.5
11 484 32.5
11 485 32.4
11 486 32.4
11 487 32.4
11 488 32.4
11 489 32.4
11 490 32.4
11 491 32.4
11 492 32.4
11 493 32.4
11 494 32.4
11 495 32.4
11 496 32.4
11 497 32.4
11 498 32.4
11 499 32.4
11 500 32.4
11 501 32.0
11 502 32.0
11 503 32.0
11 504 32.0
11 505 32.0
11 506 32.0
11 507 32.0
11 508 32.0
11 509 32.0
11 510 32.0
11 511 32.0
12 512 31.7
12 513 31.7
12 514 31.7
12 515 31.7
12 516 31.7
12 517 31.7
12 518 31.7
12 519 31.3
12 520 31.3
12 521 31.3
12 522 31.3
12 523 31.3
12 524 31.2
12 525 31.2
12 526 31.2
12 527 31.2
12 528 31.2
12 529 31.2
12 530 31.2
12 531 31.2
12 532 31.1
12 533 31.1
12 534 31.1
12 535 31.0
12 536 31.0
12 537 30.5
12 538 30.5
12 539 30.5
12 540 30.5
12 541 30.5
12 542 30.5
12 543 30.5
12 544 30.5
12 545 30.5
12 546 30.5
12 547 30.5
12 548 30.5
12 549 30.5
12 550 30.5
12 551 30.4
12 552 30.4
12 553 30.4
12 554 30.4
12 555 30.4
12 556 30.4
12 557 30.4
12 558 30.4
12 559 30.4
12 560 30.4
12 561 30.4
12 562 30.4
13 563 30.4
13 564 30.4
13 565 30.4
13 566 30.4
13 567 30.4
13 568 30.4
13 569 30.4
13 570 30.4
13 571 30.4
13 572 30.4
13 573 30.4
13 574 30.4
13 575 30.4
13 576 30.4
13 577 30.4
13 578 30.4
13 579 30.4
13 580 30.4
13 581 30.4
13 582 30.4
13 583 30.4
13 584 30.4
13 585 30.4
13 586 30.4
13 587 30.4
13 588 30.4
13 589 30.4
13 590 30.4
13 591 30.4
13 592 30.4
13 593 30.4
13 594 30.4
13 595 30.4
13 596 30.4
13 597 30.4
13 598 30.4
13 599 30.4
13 600 30.4
13 601 30.4
13 602 30.4
13 603 30.4
13 604 30.4
13 605 30.4
13 606 30.4
13 607 30.4
13 608 30.4
13 609 30.4
13 610 30.4
13 611 30.4
13 612 30.4
14 613 30.4
14 614 30.4
14 615 30.4
14 616 30.4
14 617 30.4
14 618 30.4
14 619 30.4
14 620 30.4
14 621 30.4
14 622 30.4
14 623 30.4
14 624 30.4
14 625 30.4
14 626 30.4
14 627 30.4
14 628 30.4
14 629 30.4
14 630 30.4
14 631 30.4
14 632 30.4
14 633 30.4
14 634 30.4
14 635 30.4
14 636 30.4
14 637 30.4
14 638 30.4
14 639 30.4
14 640 30.4
14 641 30.4
14 642 30.4
14 643 30.4
14 644 30.4
14 645 30.4
14 646 30.4
14 647 30.4
14 648 30.4
14 649 30.4
14 650 30.4
14 651 30.4
14 652 30.4
14 653 30.4
14 654 30.4
14 655 30.4
14 656 30.4
14 657 30.4
14 658 30.4
14 659 30.4
14 660 30.4
14 661 30.4
14 662 30.4
14 663 30.4
15 664 30.4
15 665 30.4
15 666 30.4
15 667 30.4
15 668 30.4
15 669 30.4
15 670 30.4
15 671 30.4
15 672 30.4
15 673 30.4
15 674 30.4
15 675 30.4
15 676 30.4
15 677 30.4
15 678 30.4
15 679 30.4
15 680 30.4
15 681 30.4
15 682 30.4
15 683 30.4
15 684 30.4
15 685 30.4
15 686 30.4
15 687 30.4
15 688 30.4
15 689 30.4
15 690 30.4
15 691 30.4
15 692 30.4
15 693 30.4
15 694 30.4
15 695 30.4
15 696 30.4
15 697 30.4
15 698 30.4
15 699 30.4
15 700 30.4
15 701 30.4
15 702 30.4
15 703 30.4
15 704 30.4
15 705 30.4
15 706 30.4
15 707 30.4
15 708 30.4
16 709 30.4
16 710 30.4
16 711 30.4
16 712 30.4
16 713 30.4
16 714 30.4
16 715 30.4
16 716 30.4
16 717 30.4
16 718 30.4
16 719 30.4
16 720 30.4
16 721 30.4
16 722 30.4
16 723 30.4
16 724 30.4
16 725 30.4
16 726 30.4
16 727 30.4
16 728 30.4
16 729 30.4
16 730 30.4
16 731 30.4
16 732 30.4
16 733 30.4
16 734 30.4
16 735 30.4
16 736 30.4
16 737 30.4
16 738 30.4
16 739 30.4
16 740 30.4
16 741 30.4
16 742 30.4
16 743 30.4
16 744 30.4
16 745 30.4
16 746 30.4
16 747 30.4
16 748 30.4
16 749 30.4
16 750 30.4
16 751 30.4
16 752 30.4
16 753 30.4
17 754 30.4
17 755 30.4
17 756 30.4
17 757 30.4
17 758 30.4
17 759 30.4
17 760 30.4
17 761 30.4
17 762 30.4
17 763 30.4
17 764 30.4
17 765 30.4
17 766 30.4
17 767 30.4
17 768 30.4
17 769 30.4
17 770 30.4
17 771 30.4
17 772 30.4
17 773 30.4
17 774 30.4
17 775 30.4
17 776 30.4
17 777 30.4
17 778 30.4
17 779 30.4
17 780 30.4
17 781 30.4
17 782 30.4
17 783 30.4
17 784 30.4
17 785 30.4
17 786 30.4
17 787 30.4
17 788 30.4
17 789 30.4
17 790 30.4
17 791 30.4
17 792 30.4
17 793 30.4
17 794 30.4
17 795 30.4
17 796 30.4
17 797 30.4
17 798 30.4
17 799 30.4
17 800 30.4
17 801 30.4
17 802 30.4
17 803 30.4
18 804 30.4
18 805 30.4
18 806 30.4
18 807 30.4
18 808 30.4
18 809 30.4
18 810 30.4
18 811 30.4
18 812 30.4
18 813 30.4
18 814 30.4
18 815 30.4
18 816 30.4
18 817 30.4
18 818 30.4
18 819 30.4
18 820 30.4
18 821 30.4
18 822 30.4
18 823 30.4
18 824 30.4
18 825 30.4
18 826 30.4
18 827 30.4
18 828 30.2
18 829 30.2
18 830 29.8
18 831 29.8
18 832 29.8
18 833 29.8
18 834 29.8
18 835 29.8
18 836 29.7
18 837 29.7
18 838 29.7
18 839 29.7
18 840 29.7
18 841 29.7
18 842 29.7
18 843 29.7
18 844 29.7
18 845 29.7
18 846 29.7
18 847 29.7
18 848 29.7
18 849 29.7
19 850 29.7
19 851 29.7
19 852 29.7
19 853 29.7
19 854 29.7
19 855 29.7
19 856 29.7
19 857 29.7
19 858 29.7
19 859 29.7
19 860 29.7
19 861 29.7
19 862 29.7
19 863 29.7
19 864 29.7
19 865 29.7
19 866 29.7
19 867 29.7
19 868 29.7
19 869 29.7
19 870 29.7
19 871 29.7
19 872 29.7
19 873 29.7
19 874 29.7
19 875 29.7
19 876 29.7
19 877 29.7
19 878 29.7
19 879 29.7
19 880 29.7
19 881 29.6
19 882 29.6
19 883 29.6
19 884 29.6
19 885 29.6
19 886 29.6
19 887 29.6
19 888 29.6
19 889 29.6
19 890 29.6
19 891 29.6
19 892 29.6
19 893 29.6
19 894 29.6
19 895 29.6
19 896 29.6
19 897 29.6
19 898 28.9
19 899 28.9
19 900 28.9
20 901 28.9
20 902 28.9
20 903 28.9
20 904 28.9
20 905 28.9
20 906 28.9
20 907 28.9
20 908 28.9
20 909 28.9
20 910 28.9
20 911 28.9
20 912 28.9
20 913 28.9
20 914 28.9
20 915 28.9
20 916 28.9
20 917 28.9
20 918 28.9
20 919 28.9
20 920 28.9
20 921 28.9
20 922 28.9
20 923 28.9
20 924 28.9
20 925 28.9
20 926 28.9
20 927 28.9
20 928 28.9
20 929 28.9
20 930 28.9
20 931 28.9
20 932 28.9
20 933 28.9
20 934 28.9
20 935 28.9
20 936 28.9
20 937 28.9
20 938 28.9
20 939 28.9
20 940 28.9
20 941 28.9
20 942 28.9
20 943 28.9
20 944 28.9
20 945 28.9
20 946 28.9
20 947 28.9
20 948 28.9
20 949 28.9
20 950 28.9
20 951 28.9
20 952 28.9
21 953 28.9
21 954 28.9
21 955 28.9
21 956 28.9
21 957 28.9
21 958 28.9
21 959 28.9
21 960 28.9
21 961 28.9
21 962 28.9
21 963 28.9
21 964 28.9
21 965 28.9
21 966 28.9
21 967 28.9
21 968 28.9
21 969 28.9
21 970 28.9
21 971 28.9
21 972 28.9
21 973 28.9
21 974 28.9
21 975 28.9
21 976 28.9
21 977 28.9
21 978 28.9
21 979 28.9
21 980 28.9
21 981 28.9
21 982 28.8
21 983 28.8
21 984 28.8
21 985 28.8
21 986 28.8
21 987 28.8
21 988 28.8
21 989 28.8
21 990 28.8
21 991 28.8
21 992 28.8
21 993 28.8
21 994 28.8
21 995 28.8
21 996 28.8
21 997 28.8
21 998 28.8
21 999 28.8
21 1000 28.8
21 1001 28.8
21 1002 28.8
22 1003 28.8
22 1004 28.8
22 1005 28.8
22 1006 28.8
22 1007 28.8
22 1008 28.8
22 1009 28.8
22 1010 28.8
22 1011 28.8
22 1012 28.8
22 1013 28.8
22 1014 28.8
22 1015 28.8
22 1016 28.8
22 1017 28.8
22 1018 28.8
22 1019 28.8
22 1020 28.8
22 1021 28.8
22 1022 28.8
22 1023 28.8
22 1024 28.8
22 1025 28.8
22 1026 28.8
22 1027 28.8
22 1028 28.8
22 1029 28.8
22 1030 28.8
22 1031 28.8
22 1032 28.8
22 1033 28.8
22 1034 28.8
22 1035 28.8
22 1036 28.8
22 1037 28.8
22 1038 28.8
22 1039 28.8
22 1040 28.8
22 1041 28.8
22 1042 28.8
22 1043 28.8
22 1044 28.8
22 1045 28.8
22 1046 28.8
22 1047 28.8
22 1048 28.8
22 1049 28.8
22 1050 28.8
22 1051 28.8
22 1052 28.8
23 1053 28.8
23 1054 28.8
23 1055 28.8
23 1056 28.8
23 1057 28.8
23 1058 28.8
23 1059 28.8
23 1060 28.8
23 1061 28.8
23 1062 28.8
23 1063 28.8
23 1064 28.8
23 1065 28.8
23 1066 28.8
23 1067 28.8
23 1068 28.8
23 1069 28.8
23 1070 28.8
23 1071 28.8
23 1072 28.8
23 1073 28.8
23 1074 28.8
23 1075 28.8
23 1076 28.8
23 1077 28.8
23 1078 28.8
23 1079 28.8
23 1080 28.8
23 1081 28.8
23 1082 28.8
23 1083 28.8
23 1084 28.8
23 1085 28.8
23 1086 28.8
23 1087 28.8
23 1088 28.8
23 1089 28.8
23 1090 28.8
23 1091 28.8
23 1092 28.8
23 1093 28.8
23 1094 28.8
23 1095 28.8
23 1096 28.8
23 1097 28.8
23 1098 28.8
23 1099 28.8
23 1100 28.8
23 1101 28.8
24 1102 28.8
24 1103 28.8
24 1104 28.8
24 1105 28.8
24 1106 28.8
24 1107 28.8
24 1108 28.8
24 1109 28.8
24 1110 28.8
24 1111 28.8
24 1112 28.8
24 1113 28.8
24 1114 28.8
24 1115 28.8
24 1116 28.8
24 1117 28.8
24 1118 28.8
24 1119 28.8
24 1120 28.8
24 1121 28.8
24 1122 28.8
24 1123 28.8
24 1124 28.8
24 1125 28.8
24 1126 28.8
24 1127 28.8
24 1128 28.8
24 1129 28.8
24 1130 28.8
24 1131 28.8
24 1132 28.8
24 1133 28.8
24 1134 28.8
24 1135 28.8
24 1136 28.8
24 1137 28.8
24 1138 28.8
24 1139 28.8
24 1140 28.8
24 1141 28.8
24 1142 28.8
24 1143 28.8
24 1144 28.8
24 1145 28.8
24 1146 28.8
24 1147 28.8
24 1148 28.8
24 1149 28.8
24 1150 28.8
24 1151 28.8
24 1152 28.8
25 1153 28.8
25 1154 28.8
25 1155 28.8
25 1156 28.8
25 1157 28.8
25 1158 28.8
25 1159 28.8
25 1160 28.8
25 1161 28.8
25 1162 28.8
25 1163 28.8
25 1164 28.8
25 1165 28.8
25 1166 28.8
25 1167 28.8
25 1168 28.8
25 1169 28.8
25 1170 28.8
25 1171 28.8
25 1172 28.8
25 1173 28.8
25 1174 28.8
25 1175 28.8
25 1176 28.8
25 1177 28.8
25 1178 28.8
25 1179 28.8
25 1180 28.8
25 1181 28.8
25 1182 28.8
25 1183 28.8
25 1184 28.8
25 1185 28.8
25 1186 28.8
25 1187 28.8
25 1188 28.8
25 1189 28.8
25 1190 28.8
25 1191 28.8
25 1192 28.8
25 1193 28.8
25 1194 28.8
25 1195 28.8
25 1196 28.8
25 1197 28.8
25 1198 28.8
25 1199 28.8
25 1200 28.8
25 1201 28.8
26 1202 28.8
26 1203 28.8
26 1204 28.8
26 1205 28.8
26 1206 28.8
26 1207 28.8
26 1208 28.8
26 1209 28.8
26 1210 28.8
26 1211 28.8
26 1212 28.8
26 1213 28.8
26 1214 28.8
26 1215 28.8
26 1216 28.8
26 1217 28.8
26 1218 28.8
26 1219 28.8
26 1220 28.8
26 1221 28.8
26 1222 28.8
26 1223 28.8
26 1224 28.8
26 1225 28.8
26 1226 28.8
26 1227 28.8
26 1228 28.8
26 1229 28.8
26 1230 28.8
26 1231 28.8
26 1232 28.8
26 1233 28.8
26 1234 28.8
26 1235 28.8
26 1236 28.8
26 1237 28.8
26 1238 28.8
26 1239 28.8
26 1240 28.8
26 1241 28.8
26 1242 28.8
26 1243 28.8
26 1244 28.8
26 1245 28.8
26 1246 28.8
26 1247 28.8
26 1248 28.8
26 1249 28.8
26 1250 28.8
26 1251 28.8
27 1252 28.8
27 1253 28.8
27 1254 28.8
27 1255 28.8
27 1256 28.8
27 1257 28.8
27 1258 28.8
27 1259 28.8
27 1260 28.8
27 1261 28.8
27 1262 28.8
27 1263 28.8
27 1264 28.8
27 1265 28.8
27 1266 28.8
27 1267 28.8
27 1268 28.8
27 1269 28.8
27 1270 28.8
27 1271 28.8
27 1272 28.8
27 1273 28.8
27 1274 28.8
27 1275 28.8
27 1276 28.8
27 1277 28.8
27 1278 28.8
27 1279 28.8
27 1280 28.8
27 1281 28.8
27 1282 28.8
27 1283 28.8
27 1284 28.8
27 1285 28.8
27 1286 28.8
27 1287 28.8
27 1288 28.8
27 1289 28.8
27 1290 28.8
27 1291 28.8
27 1292 28.8
27 1293 28.8
27 1294 28.8
27 1295 28.8
27 1296 28.8
27 1297 28.8
27 1298 28.8
27 1299 28.8
27 1300 28.8
27 1301 28.8
27 1302 28.8
27 1303 28.8
27 1304 28.8
28 1305 28.8
28 1306 28.8
28 1307 28.8
28 1308 28.8
28 1309 28.8
28 1310 28.8
28 1311 28.8
28 1312 28.8
28 1313 28.8
28 1314 28.8
28 1315 28.8
28 1316 28.8
28 1317 28.8
28 1318 28.8
28 1319 28.8
28 1320 28.8
28 1321 28.8
28 1322 28.8
28 1323 28.8
28 1324 28.8
28 1325 28.8
28 1326 28.8
28 1327 28.8
28 1328 28.8
28 1329 28.8
28 1330 28.8
28 1331 28.8
28 1332 28.8
28 1333 28.8
28 1334 28.8
28 1335 28.8
28 1336 28.8
28 1337 28.8
28 1338 28.8
28 1339 28.8
28 1340 28.8
28 1341 28.8
28 1342 28.8
28 1343 28.8
28 1344 28.8
28 1345 28.8
28 1346 28.8
28 1347 28.8
28 1348 28.8
28 1349 28.8
28 1350 28.8
28 1351 28.8
28 1352 28.8
28 1353 28.8
29 1354 28.8
29 1355 28.8
29 1356 28.8
29 1357 28.8
29 1358 28.8
29 1359 28.8
29 1360 28.8
29 1361 28.8
29 1362 28.8
29 1363 28.8
29 1364 28.8
29 1365 28.8
29 1366 28.8
29 1367 28.8
29 1368 28.8
29 1369 28.8
29 1370 28.8
29 1371 28.8
29 1372 28.8
29 1373 28.8
29 1374 28.8
29 1375 28.8
29 1376 28.8
29 1377 28.8
29 1378 28.8
29 1379 28.8
29 1380 28.8
29 1381 28.8
29 1382 28.8
29 1383 28.8
29 1384 28.8
29 1385 28.8
29 1386 28.8
29 1387 28.8
29 1388 28.8
29 1389 28.8
29 1390 28.8
29 1391 28.8
29 1392 28.8
29 1393 28.8
29 1394 28.8
29 1395 28.8
29 1396 28.8
29 1397 28.8
29 1398 28.8
29 1399 28.8
30 1400 28.8
30 1401 28.8
30 1402 28.8
30 1403 28.8
30 1404 28.8
30 1405 28.8
30 1406 28.8
30 1407 28.8
30 1408 28.8
30 1409 28.8
30 1410 28.8
30 1411 28.8
30 1412 28.8
30 1413 28.8
30 1414 28.8
30 1415 28.8
30 1416 28.8
30 1417 28.8
30 1418 28.8
30 1419 28.8
30 1420 28.8
30 1421 28.8
30 1422 28.8
30 1423 28.8
30 1424 28.8
30 1425 28.8
30 1426 28.8
30 1427 28.8
30 1428 28.8
30 1429 28.8
30 1430 28.8
30 1431 28.8
30 1432 28.8
30 1433 28.8
30 1434 28.8
30 1435 28.8
30 1436 28.8
30 1437 28.8
30 1438 28.8
30 1439 28.8
30 1440 28.8
30 1441 28.8
30 1442 28.8
30 1443 28.8
30 1444 28.8
30 1445 28.8
30 1446 28.8
30 1447 28.8
30 1448 28.8
31 1449 28.8
31 1450 28.8
31 1451 28.8
31 1452 28.8
31 1453 28.8
31 1454 28.8
31 1455 28.8
31 1456 28.8
31 1457 28.8
31 1458 28.8
31 1459 28.8
31 1460 28.8
31 1461 28.8
31 1462 28.8
31 1463 28.8
31 1464 28.8
31 1465 28.8
31 1466 28.8
31 1467 28.8
31 1468 28.8
31 1469 28.8
31 1470 28.8
31 1471 28.8
31 1472 28.8
31 1473 28.8
31 1474 28.8
31 1475 28.8
31 1476 28.8
31 1477 28.8
31 1478 28.8
31 1479 28.8
31 1480 28.8
31 1481 28.8
31 1482 28.8
31 1483 28.8
31 1484 28.8
31 1485 28.8
31 1486 28.8
31 1487 28.8
31 1488 28.8
31 1489 28.8
31 1490 28.8
31 1491 28.8
31 1492 28.8
31 1493 28.8
31 1494 28.8
31 1495 28.8
31 1496 28.8
32 1497 28.8
32 1498 28.8
32 1499 28.8
32 1500 28.8
32 1501 28.8
32 1502 28.8
32 1503 28.8
32 1504 28.8
32 1505 28.8
32 1506 28.8
32 1507 28.8
32 1508 28.8
32 1509 28.8
32 1510 28.8
32 1511 28.8
32 1512 28.8
32 1513 28.8
32 1514 28.8
32 1515 28.8
32 1516 28.8
32 1517 28.8
32 1518 28.8
32 1519 28.8
32 1520 28.8
32 1521 28.8
32 1522 28.8
32 1523 28.8
32 1524 28.8
32 1525 28.8
32 1526 28.8
32 1527 28.8
32 1528 28.8
32 1529 28.8
32 1530 28.8
32 1531 28.8
32 1532 28.8
32 1533 28.8
32 1534 28.8
32 1535 28.8
32 1536 28.8
32 1537 28.8
32 1538 28.8
32 1539 28.8
32 1540 28.8
32 1541 28.8
32 1542 28.8
32 1543 28.8
32 1544 28.8
32 1545 28.8
33 1546 28.8
33 1547 28.8
33 1548 28.8
33 1549 28.8
33 1550 28.8
33 1551 28.8
33 1552 28.8
33 1553 28.8
33 1554 28.8
33 1555 28.8
33 1556 28.8
33 1557 28.8
33 1558 28.8
33 1559 28.8
33 1560 28.8
33 1561 28.8
33 1562 28.8
33 1563 28.8
33 1564 28.8
33 1565 28.8
33 1566 28.8
33 1567 28.8
33 1568 28.8
33 1569 28.8
33 1570 28.8
33 1571 28.8
33 1572 28.8
33 1573 28.8
33 1574 28.8
33 1575 28.8
33 1576 28.8
33 1577 28.8
33 1578 28.8
33 1579 28.8
33 1580 28.8
33 1581 28.8
33 1582 28.8
33 1583 28.8
33 1584 28.8
33 1585 28.8
33 1586 28.8
33 1587 28.8
33 1588 28.8
33 1589 28.8
33 1590 28.8
33 1591 28.8
33 1592 28.8
33 1593 28.8
33 1594 28.8
34 1595 28.8
34 1596 28.8
34 1597 28.8
34 1598 28.8
34 1599 28.8
34 1600 28.8
34 1601 28.8
34 1602 28.8
34 1603 28.8
34 1604 28.8
34 1605 28.8
34 1606 28.8
34 1607 28.8
34 1608 28.8
34 1609 28.8
34 1610 28.8
34 1611 28.8
34 1612 28.8
34 1613 28.8
34 1614 28.8
34 1615 28.8
34 1616 28.8
34 1617 28.8
34 1618 28.8
34 1619 28.8
34 1620 28.8
34 1621 28.8
34 1622 28.8
34 1623 28.8
34 1624 28.8
34 1625 28.8
34 1626 28.8
34 1627 28.8
34 1628 28.8
34 1629 28.8
34 1630 28.8
34 1631 28.8
34 1632 28.8
34 1633 28.8
34 1634 28.8
34 1635 28.8
34 1636 28.8
34 1637 28.8
34 1638 28.8
34 1639 28.8
34 1640 28.8
34 1641 28.8
34 1642 28.8
34 1643 28.8
35 1644 28.8
35 1645 28.8
35 1646 28.8
35 1647 28.8
35 1648 28.8
35 1649 28.8
35 1650 28.8
35 1651 28.8
35 1652 28.8
35 1653 28.8
35 1654 28.8
35 1655 28.8
35 1656 28.8
35 1657 28.8
35 1658 28.8
35 1659 28.8
35 1660 28.8
35 1661 28.8
35 1662 28.8
35 1663 28.8
35 1664 28.8
35 1665 28.8
35 1666 28.8
35 1667 28.8
35 1668 28.8
35 1669 28.8
35 1670 28.8
35 1671 28.8
35 1672 28.8
35 1673 28.8
35 1674 28.8
35 1675 28.8
35 1676 28.8
35 1677 28.8
35 1678 28.8
35 1679 28.8
35 1680 28.8
35 1681 28.8
35 1682 28.8
35 1683 28.8
35 1684 28.8
35 1685 28.8
35 1686 28.8
35 1687 28.8
35 1688 28.8
35 1689 28.8
35 1690 28.8
35 1691 28.8
36 1692 28.8
36 1693 28.8
36 1694 28.8
36 1695 28.8
36 1696 28.8
36 1697 28.8
36 1698 28.8
36 1699 28.8
36 1700 28.8
36 1701 28.8
36 1702 28.8
36 1703 28.8
36 1704 28.8
36 1705 28.8
36 1706 28.8
36 1707 28.8
36 1708 28.8
36 1709 28.8
36 1710 28.8
36 1711 28.8
36 1712 28.8
36 1713 28.8
36 1714 28.8
36 1715 28.8
36 1716 28.8
36 1717 28.8
36 1718 28.8
36 1719 28.8
36 1720 28.8
36 1721 28.8
36 1722 28.8
36 1723 28.8
36 1724 28.8
36 1725 28.8
36 1726 28.8
36 1727 28.8
36 1728 28.8
36 1729 28.8
36 1730 28.8
36 1731 28.8
36 1732 28.8
36 1733 28.8
36 1734 28.8
36 1735 28.8
36 1736 28.8
36 1737 28.8
36 1738 28.8
36 1739 28.8
36 1740 28.8
36 1741 28.8
36 1742 28.8
36 1743 28.8
37 1744 28.8
37 1745 28.8
37 1746 28.8
37 1747 28.8
37 1748 28.8
37 1749 28.8
37 1750 28.8
37 1751 28.8
37 1752 28.8
37 1753 28.8
37 1754 28.8
37 1755 28.8
37 1756 28.8
37 1757 28.8
37 1758 28.8
37 1759 28.8
37 1760 28.8
37 1761 28.8
37 1762 28.8
37 1763 28.8
37 1764 28.8
37 1765 28.8
37 1766 28.8
37 1767 28.8
37 1768 28.8
37 1769 28.8
37 1770 28.8
37 1771 28.8
37 1772 28.8
37 1773 28.8
37 1774 28.8
37 1775 28.8
37 1776 28.8
37 1777 28.8
37 1778 28.8
37 1779 28.8
37 1780 28.8
37 1781 28.8
37 1782 28.8
37 1783 28.8
37 1784 28.8
37 1785 28.8
37 1786 28.8
37 1787 28.8
37 1788 28.8
37 1789 28.8
37 1790 28.8
38 1791 28.8
38 1792 28.8
38 1793 28.8
38 1794 28.8
38 1795 28.8
38 1796 28.8
38 1797 28.8
38 1798 28.8
38 1799 28.8
38 1800 28.8
38 1801 28.8
38 1802 28.8
38 1803 28.8
38 1804 28.8
38 1805 28.8
38 1806 28.8
38 1807 28.8
38 1808 28.8
38 1809 28.8
38 1810 28.8
38 1811 28.8
38 1812 28.8
38 1813 28.8
38 1814 28.8
38 1815 28.8
38 1816 28.8
38 1817 28.8
38 1818 28.8
38 1819 28.8
38 1820 28.8
38 1821 28.8
38 1822 28.6
38 1823 28.6
38 1824 28.6
38 1825 28.6
38 1826 28.6
38 1827 28.3
38 1828 28.3
38 1829 28.3
38 1830 28.3
38 1831 28.3
38 1832 28.3
38 1833 28.3
38 1834 28.3
38 1835 28.3
38 1836 28.3
38 1837 28.2
38 1838 28.2
39 1839 28.2
39 1840 28.2
39 1841 28.2
39 1842 28.2
39 1843 28.2
39 1844 28.2
39 1845 28.2
39 1846 28.2
39 1847 28.2
39 1848 28.2
39 1849 28.2
39 1850 28.2
39 1851 28.2
39 1852 28.2
39 1853 28.2
39 1854 28.2
39 1855 28.2
39 1856 28.2
39 1857 28.2
39 1858 28.2
39 1859 28.2
39 1860 28.2
39 1861 28.2
39 1862 28.2
39 1863 28.2
39 1864 28.2
39 1865 28.2
39 1866 28.2
39 1867 28.2
39 1868 28.2
39 1869 28.2
39 1870 28.2
39 1871 28.2
39 1872 28.2
39 1873 28.2
39 1874 28.2
39 1875 28.2
39 1876 28.2
39 1877 28.2
39 1878 28.2
39 1879 28.2
39 1880 28.2
39 1881 28.2
39 1882 28.2
39 1883 28.2
39 1884 28.2
40 1885 28.2
40 1886 28.2
40 1887 28.2
40 1888 28.2
40 1889 28.2
40 1890 28.2
40 1891 28.2
40 1892 28.2
40 1893 28.2
40 1894 28.2
40 1895 28.2
40 1896 28.2
40 1897 28.2
40 1898 28.2
40 1899 28.2
40 1900 28.2
40 1901 28.2
40 1902 28.2
40 1903 28.2
40 1904 28.2
40 1905 28.2
40 1906 28.2
40 1907 28.2
40 1908 28.2
40 1909 28.2
40 1910 28.2
40 1911 28.2
40 1912 28.2
40 1913 28.2
40 1914 28.2
40 1915 28.2
40 1916 28.2
40 1917 28.2
40 1918 28.2
40 1919 28.2
40 1920 28.2
40 1921 28.2
40 1922 28.2
40 1923 28.2
40 1924 28.2
40 1925 28.2
40 1926 28.2
40 1927 28.2
40 1928 28.2
40 1929 28.2
40 1930 28.2
40 1931 28.2
40 1932 28.2
41 1933 28.2
41 1934 28.2
41 1935 28.2
41 1936 28.2
41 1937 28.2
41 1938 28.2
41 1939 28.2
41 1940 28.2
41 1941 28.2
41 1942 28.2
41 1943 28.2
41 1944 28.2
41 1945 28.2
41 1946 28.2
41 1947 28.2
41 1948 28.2
41 1949 28.2
41 1950 28.2
41 1951 28.2
41 1952 28.2
41 1953 28.2
41 1954 28.2
41 1955 28.2
41 1956 28.2
41 1957 28.2
41 1958 28.2
41 1959 28.2
41 1960 28.2
41 1961 28.2
41 1962 28.2
41 1963 28.2
41 1964 28.2
41 1965 28.2
41 1966 28.2
41 1967 28.2
41 1968 28.2
41 1969 28.2
41 1970 28.2
41 1971 28.2
41 1972 28.2
41 1973 28.2
41 1974 28.2
41 1975 28.2
41 1976 28.2
41 1977 28.2
41 1978 28.2
41 1979 28.2
41 1980 28.2
41 1981 28.2
41 1982 28.2
41 1983 28.2
42 1984 27.9
42 1985 27.9
42 1986 27.9
42 1987 27.9
42 1988 27.7
42 1989 27.7
42 1990 27.7
42 1991 27.7
42 1992 27.7
42 1993 27.7
42 1994 27.6
42 1995 27.6
42 1996 27.6
42 1997 27.6
42 1998 27.6
42 1999 27.6
42 2000 27.6
42 2001 27.6
42 2002 27.6
42 2003 27.6
42 2004 27.6
42 2005 27.6
42 2006 27.6
42 2007 27.6
42 2008 27.6
42 2009 27.6
42 2010 27.6
42 2011 27.6
42 2012 27.6
42 2013 27.6
42 2014 27.6
42 2015 27.6
42 2016 27.6
42 2017 27.6
42 2018 27.6
42 2019 27.6
42 2020 27.6
42 2021 27.6
42 2022 27.6
42 2023 27.6
42 2024 27.6
42 2025 27.6
42 2026 27.6
42 2027 27.6
42 2028 27.6
42 2029 27.6
42 2030 27.6
42 2031 27.6
43 2032 27.6
43 2033 27.6
43 2034 27.6
43 2035 27.6
43 2036 27.6
43 2037 27.6
43 2038 27.6
43 2039 27.6
43 2040 27.6
43 2041 27.6
43 2042 27.6
43 2043 27.6
43 2044 27.6
43 2045 27.6
43 2046 27.6
43 2047 27.6
43 2048 27.6
43 2049 27.6
43 2050 27.6
43 2051 27.6
43 2052 27.6
43 2053 27.6
43 2054 27.6
43 2055 27.6
43 2056 27.6
43 2057 27.6
43 2058 27.6
43 2059 27.6
43 2060 27.6
43 2061 27.6
43 2062 27.6
43 2063 27.6
43 2064 27.6
43 2065 27.6
43 2066 27.6
43 2067 27.6
43 2068 27.6
43 2069 27.6
43 2070 27.6
43 2071 27.6
43 2072 27.6
43 2073 27.6
43 2074 27.6
43 2075 27.6
43 2076 27.6
43 2077 27.6
43 2078 27.6
43 2079 27.6
43 2080 27.6
43 2081 27.6
43 2082 27.6
43 2083 27.6
43 2084 27.6
44 2085 27.6
44 2086 27.6
44 2087 27.6
44 2088 27.6
44 2089 27.6
44 2090 27.6
44 2091 27.6
44 2092 27.6
44 2093 27.6
44 2094 27.6
44 2095 27.6
44 2096 27.6
44 2097 27.6
44 2098 27.6
44 2099 27.6
44 2100 27.6
44 2101 27.6
44 2102 27.6
44 2103 27.6
44 2104 27.6
44 2105 27.6
44 2106 27.6
44 2107 27.6
44 2108 27.6
44 2109 27.6
44 2110 27.6
44 2111 27.6
44 2112 27.6
44 2113 27.6
44 2114 27.6
44 2115 27.6
44 2116 27.6
44 2117 27.6
44 2118 27.6
44 2119 27.6
44 2120 27.6
44 2121 27.6
44 2122 27.6
44 2123 27.6
44 2124 27.6
44 2125 27.6
44 2126 27.6
44 2127 27.6
44 2128 27.6
44 2129 27.6
44 2130 27.6
44 2131 27.6
44 2132 27.6
44 2133 27.6
44 2134 27.6
44 2135 27.6
44 2136 27.6
45 2137 27.6
45 2138 27.6
45 2139 27.6
45 2140 27.6
45 2141 27.6
45 2142 27.6
45 2143 27.6
45 2144 27.6
45 2145 27.6
45 2146 27.6
45 2147 27.6
45 2148 27.6
45 2149 27.6
45 2150 27.6
45 2151 27.6
45 2152 27.6
45 2153 27.6
45 2154 27.6
45 2155 27.6
45 2156 27.6
45 2157 27.6
45 2158 27.6
45 2159 27.6
45 2160 27.3
45 2161 27.3
45 2162 27.3
45 2163 27.3
45 2164 27.3
45 2165 27.3
45 2166 27.3
45 2167 27.3
45 2168 27.3
45 2169 27.3
45 2170 27.3
45 2171 27.3
45 2172 27.3
45 2173 27.3
45 2174 27.3
45 2175 27.3
45 2176 27.3
45 2177 27.3
45 2178 27.3
45 2179 27.3
45 2180 27.3
45 2181 27.3
45 2182 27.3
45 2183 27.3
45 2184 27.3
45 2185 27.3
45 2186 27.3
45 2187 27.3
45 2188 27.3
45 2189 27.3
46 2190 27.3
46 2191 27.3
46 2192 27.3
46 2193 27.3
46 2194 27.3
46 2195 27.3
46 2196 27.3
46 2197 27.3
46 2198 27.3
46 2199 27.3
46 2200 27.3
46 2201 27.3
46 2202 27.3
46 2203 27.3
46 2204 27.3
46 2205 27.3
46 2206 27.3
46 2207 27.3
46 2208 27.3
46 2209 27.3
46 2210 27.3
46 2211 27.3
46 2212 27.3
46 2213 27.3
46 2214 27.3
46 2215 27.3
46 2216 27.3
46 2217 27.3
46 2218 27.3
46 2219 27.3
46 2220 27.3
46 2221 27.3
46 2222 27.3
46 2223 27.3
46 2224 27.3
46 2225 27.3
46 2226 27.3
46 2227 27.3
46 2228 27.3
46 2229 27.3
46 2230 27.3
46 2231 27.3
46 2232 27.3
46 2233 27.3
46 2234 27.3
46 2235 27.3
46 2236 27.3
46 2237 27.3
46 2238 27.3
46 2239 27.3
46 2240 27.3
47 2241 27.3
47 2242 27.3
47 2243 27.3
47 2244 27.3
47 2245 27.3
47 2246 27.3
47 2247 27.3
47 2248 27.3
47 2249 27.3
47 2250 27.3
47 2251 27.3
47 2252 27.3
47 2253 27.3
47 2254 27.3
47 2255 27.3
47 2256 27.3
47 2257 27.3
47 2258 27.3
47 2259 27.3
47 2260 27.3
47 2261 27.3
47 2262 27.3
47 2263 27.3
47 2264 27.3
47 2265 27.3
47 2266 27.3
47 2267 27.3
47 2268 27.3
47 2269 27.3
47 2270 27.3
47 2271 27.3
47 2272 27.3
47 2273 27.3
47 2274 27.3
47 2275 27.3
47 2276 27.3
47 2277 27.3
47 2278 27.3
47 2279 27.3
47 2280 27.3
47 2281 27.3
47 2282 27.3
47 2283 27.3
47 2284 27.3
47 2285 27.3
47 2286 27.3
47 2287 27.3
47 2288 27.3
47 2289 27.3
47 2290 27.3
47 2291 27.3
47 2292 27.3
48 2293 27.3
48 2294 27.3
48 2295 27.3
48 2296 27.3
48 2297 27.3
48 2298 27.3
48 2299 27.3
48 2300 27.3
48 2301 27.3
48 2302 27.3
48 2303 27.3
48 2304 27.3
48 2305 27.3
48 2306 27.3
48 2307 27.3
48 2308 27.3
48 2309 27.3
48 2310 27.3
48 2311 27.3
48 2312 27.3
48 2313 27.3
48 2314 27.3
48 2315 27.3
48 2316 27.3
48 2317 27.3
48 2318 27.3
48 2319 27.3
48 2320 27.3
48 2321 27.3
48 2322 27.3
48 2323 27.3
48 2324 27.3
48 2325 27.3
48 2326 27.3
48 2327 27.3
48 2328 27.3
48 2329 27.3
48 2330 27.3
48 2331 27.3
48 2332 27.3
48 2333 27.3
48 2334 27.3
48 2335 27.3
48 2336 27.3
48 2337 27.3
48 2338 27.3
48 2339 27.3
48 2340 27.3
49 2341 27.3
49 2342 27.3
49 2343 27.3
49 2344 27.3
49 2345 27.3
49 2346 27.3
49 2347 27.3
49 2348 27.3
49 2349 27.0
49 2350 27.0
49 2351 26.8
49 2352 26.8
49 2353 26.8
49 2354 26.8
49 2355 26.0
49 2356 26.0
49 2357 26.0
49 2358 26.0
49 2359 26.0
49 2360 26.0
49 2361 26.0
49 2362 26.0
49 2363 26.0
49 2364 26.0
49 2365 26.0
49 2366 26.0
49 2367 26.0
49 2368 26.0
49 2369 26.0
49 2370 26.0
49 2371 26.0
49 2372 26.0
49 2373 26.0
49 2374 26.0
49 2375 26.0
49 2376 26.0
49 2377 26.0
49 2378 26.0
49 2379 26.0
49 2380 26.0
49 2381 26.0
49 2382 26.0
49 2383 26.0
49 2384 26.0
49 2385 26.0
49 2386 26.0
49 2387 26.0
49 2388 26.0
49 2389 26.0
49 2390 26.0
50 2391 26.0
50 2392 26.0
50 2393 26.0
50 2394 26.0
50 2395 26.0
50 2396 26.0
50 2397 25.8
50 2398 25.8
50 2399 25.7
50 2400 25.7
50 2401 25.7
50 2402 25.7
50 2403 25.7
50 2404 25.7
50 2405 25.7
50 2406 25.7
50 2407 25.7
50 2408 25.7
50 2409 25.7
50 2410 25.7
50 2411 25.7
50 2412 25.7
50 2413 25.7
50 2414 25.6
50 2415 25.6
50 2416 25.6
50 2417 25.6
50 2418 25.6
50 2419 25.6
50 2420 25.6
50 2421 25.6
50 2422 25.6
50 2423 25.6
50 2424 25.6
50 2425 25.6
50 2426 25.6
50 2427 25.6
50 2428 25.6
50 2429 25.6
50 2430 25.6
50 2431 25.6
50 2432 25.6
50 2433 25.6
50 2434 25.6
50 2435 25.6
50 2436 25.6
50 2437 25.6
50 2438 25.6
50 2439 25.6
50 2440 25.6
50 2441 25.6
51 2442 25.6
51 2443 25.6
51 2444 25.6
51 2445 25.6
51 2446 25.6
51 2447 25.6
51 2448 25.6
51 2449 25.6
51 2450 25.6
51 2451 25.6
51 2452 25.6
51 2453 25.6
51 2454 25.6
51 2455 25.6
51 2456 25.6
51 2457 25.6
51 2458 25.6
51 2459 25.6
51 2460 25.6
51 2461 25.6
51 2462 25.6
51 2463 25.6
51 2464 25.6
51 2465 25.6
51 2466 25.6
51 2467 25.6
51 2468 25.6
51 2469 25.6
51 2470 25.6
51 2471 25.6
51 2472 25.6
51 2473 25.6
51 2474 25.6
51 2475 25.6
51 2476 25.6
51 2477 25.6
51 2478 25.6
51 2479 25.6
51 2480 25.6
51 2481 25.6
51 2482 25.6
51 2483 25.6
51 2484 25.6
51 2485 25.6
51 2486 25.6
51 2487 25.6
51 2488 25.6
51 2489 25.6
51 2490 25.6
52 2491 25.6
52 2492 25.6
52 2493 25.6
52 2494 25.6
52 2495 25.6
52 2496 25.6
52 2497 25.6
52 2498 25.6
52 2499 25.6
52 2500 25.6
52 2501 25.6
52 2502 25.6
52 2503 25.6
52 2504 25.6
52 2505 25.6
52 2506 25.6
52 2507 25.6
52 2508 25.6
52 2509 25.6
52 2510 25.6
52 2511 25.6
52 2512 25.6
52 2513 25.6
52 2514 25.6
52 2515 25.6
52 2516 25.6
52 2517 25.6
52 2518 25.6
52 2519 25.6
52 2520 25.6
52 2521 25.6
52 2522 25.6
52 2523 25.6
52 2524 25.6
52 2525 25.6
52 2526 25.6
52 2527 25.6
52 2528 25.6
52 2529 25.6
52 2530 25.6
52 2531 25.6
52 2532 25.6
52 2533 25.6
52 2534 25.6
52 2535 25.6
52 2536 25.6
52 2537 25.6
52 2538 25.6
52 2539 25.6
52 2540 25.6
52 2541 25.6
52 2542 25.6
53 2543 25.6
53 2544 25.6
53 2545 25.6
53 2546 25.6
53 2547 25.6
53 2548 25.6
53 2549 25.6
53 2550 25.6
53 2551 25.6
53 2552 25.6
53 2553 25.6
53 2554 25.6
53 2555 25.6
53 2556 25.6
53 2557 25.6
53 2558 25.6
53 2559 25.6
53 2560 25.6
53 2561 25.6
53 2562 25.6
53 2563 25.6
53 2564 25.6
53 2565 25.6
53 2566 25.6
53 2567 25.6
53 2568 25.6
53 2569 25.6
53 2570 25.6
53 2571 25.6
53 2572 25.6
53 2573 25.6
53 2574 25.6
53 2575 25.6
53 2576 25.6
53 2577 25.6
53 2578 25.6
53 2579 25.6
53 2580 25.6
53 2581 25.6
53 2582 25.6
53 2583 25.6
53 2584 25.6
53 2585 25.6
53 2586 25.6
53 2587 25.6
53 2588 25.6
53 2589 25.6
53 2590 25.6
53 2591 25.6
53 2592 25.6
54 2593 25.6
54 2594 25.6
54 2595 25.6
54 2596 25.6
54 2597 25.6
54 2598 25.6
54 2599 25.6
54 2600 25.6
54 2601 25.6
54 2602 25.6
54 2603 25.6
54 2604 25.6
54 2605 25.6
54 2606 25.6
54 2607 25.6
54 2608 25.6
54 2609 25.6
54 2610 25.6
54 2611 25.6
54 2612 25.6
54 2613 25.6
54 2614 25.6
54 2615 25.6
54 2616 25.6
54 2617 25.6
54 2618 25.6
54 2619 25.6
54 2620 25.6
54 2621 25.6
54 2622 25.6
54 2623 25.6
54 2624 25.6
54 2625 25.6
54 2626 25.6
54 2627 25.6
54 2628 25.6
54 2629 25.6
54 2630 25.6
54 2631 25.6
54 2632 25.6
54 2633 25.6
54 2634 25.6
54 2635 25.6
54 2636 25.6
54 2637 25.6
54 2638 25.6
54 2639 25.6
54 2640 25.6
54 2641 25.6
54 2642 25.6
54 2643 25.6
54 2644 25.6
55 2645 25.6
55 2646 25.6
55 2647 25.6
55 2648 25.6
55 2649 25.6
55 2650 25.6
55 2651 25.6
55 2652 25.6
55 2653 25.6
55 2654 25.6
55 2655 25.6
55 2656 25.6
55 2657 25.6
55 2658 25.6
55 2659 25.6
55 2660 25.6
55 2661 25.6
55 2662 25.6
55 2663 25.6
55 2664 25.6
55 2665 25.6
55 2666 25.6
55 2667 25.6
55 2668 25.6
55 2669 25.6
55 2670 25.6
55 2671 25.6
55 2672 25.6
55 2673 25.6
55 2674 25.6
55 2675 25.6
55 2676 25.6
55 2677 25.6
55 2678 25.6
55 2679 25.6
55 2680 25.6
55 2681 25.6
55 2682 25.6
55 2683 25.6
55 2684 25.6
55 2685 25.6
55 2686 25.6
55 2687 25.6
55 2688 25.6
55 2689 25.6
55 2690 25.6
55 2691 25.6
55 2692 25.6
55 2693 25.6
55 2694 25.6
56 2695 25.6
56 2696 25.6
56 2697 25.6
56 2698 25.6
56 2699 25.6
56 2700 25.6
56 2701 25.6
56 2702 25.6
56 2703 25.6
56 2704 25.6
56 2705 25.6
56 2706 25.6
56 2707 25.6
56 2708 25.6
56 2709 25.6
56 2710 25.6
56 2711 25.6
56 2712 25.6
56 2713 25.6
56 2714 25.6
56 2715 25.6
56 2716 25.6
56 2717 25.6
56 2718 25.6
56 2719 25.6
56 2720 25.6
56 2721 25.6
56 2722 25.6
56 2723 25.6
56 2724 25.6
56 2725 25.6
56 2726 25.6
56 2727 25.6
56 2728 25.6
56 2729 25.6
56 2730 25.6
56 2731 25.6
56 2732 25.6
56 2733 25.6
56 2734 25.6
56 2735 25.6
56 2736 25.6
56 2737 25.6
56 2738 25.6
56 2739 25.6
56 2740 25.6
56 2741 25.6
56 2742 25.6
56 2743 25.6
56 2744 25.6
56 2745 25.6
56 2746 25.6
56 2747 25.6
57 2748 25.6
57 2749 25.6
57 2750 25.6
57 2751 25.6
57 2752 25.6
57 2753 25.6
57 2754 25.6
57 2755 25.6
57 2756 25.6
57 2757 25.6
57 2758 25.6
57 2759 25.6
57 2760 25.6
57 2761 25.6
57 2762 25.6
57 2763 25.6
57 2764 25.6
57 2765 25.6
57 2766 25.6
57 2767 25.6
57 2768 25.6
57 2769 25.6
57 2770 25.6
57 2771 25.6
57 2772 25.6
57 2773 25.6
57 2774 25.6
57 2775 25.6
57 2776 25.6
57 2777 25.6
57 2778 25.6
57 2779 25.6
57 2780 25.6
57 2781 25.6
57 2782 25.6
57 2783 25.6
57 2784 25.6
57 2785 25.6
57 2786 25.6
57 2787 25.6
57 2788 25.6
57 2789 25.6
57 2790 25.6
57 2791 25.6
57 2792 25.6
57 2793 25.6
57 2794 25.6
57 2795 25.6
57 2796 25.6
57 2797 25.6
58 2798 25.6
58 2799 25.6
58 2800 25.6
58 2801 25.6
58 2802 25.6
58 2803 25.6
58 2804 25.6
58 2805 25.6
58 2806 25.6
58 2807 25.6
58 2808 25.6
58 2809 25.6
58 2810 25.6
58 2811 25.6
58 2812 25.6
58 2813 25.6
58 2814 25.6
58 2815 25.6
58 2816 25.6
58 2817 25.6
58 2818 25.6
58 2819 25.6
58 2820 25.6
58 2821 25.6
58 2822 25.6
58 2823 25.6
58 2824 25.6
58 2825 25.6
58 2826 25.6
58 2827 25.6
58 2828 25.6
58 2829 25.6
58 2830 25.6
58 2831 25.6
58 2832 25.6
58 2833 25.6
58 2834 25.6
58 2835 25.6
58 2836 25.6
58 2837 25.6
58 2838 25.6
58 2839 25.6
58 2840 25.6
58 2841 25.6
58 2842 25.6
58 2843 25.6
58 2844 25.6
58 2845 25.6
59 2846 25.6
59 2847 25.6
59 2848 25.6
59 2849 25.6
59 2850 25.6
59 2851 25.6
59 2852 25.6
59 2853 25.6
59 2854 25.6
59 2855 25.6
59 2856 25.6
59 2857 25.6
59 2858 25.6
59 2859 25.6
59 2860 25.6
59 2861 25.6
59 2862 25.6
59 2863 25.6
59 2864 25.6
59 2865 25.6
59 2866 25.6
59 2867 25.6
59 2868 25.6
59 2869 25.6
59 2870 25.6
59 2871 25.6
59 2872 25.2
59 2873 25.2
59 2874 25.2
59 2875 25.2
59 2876 24.4
59 2877 24.4
59 2878 24.4
59 2879 24.4
59 2880 24.4
59 2881 24.4
59 2882 24.4
59 2883 24.4
59 2884 24.4
59 2885 24.4
59 2886 24.4
59 2887 24.4
59 2888 24.4
59 2889 24.4
59 2890 24.4
59 2891 24.4
59 2892 24.4
59 2893 24.4
59 2894 24.4
59 2895 24.4
59 2896 24.4
60 2897 24.4
60 2898 24.4
60 2899 24.4
60 2900 24.4
60 2901 24.4
60 2902 24.4
60 2903 24.4
60 2904 24.4
60 2905 24.4
60 2906 24.4
60 2907 24.4
60 2908 24.4
60 2909 24.4
60 2910 24.4
60 2911 24.4
60 2912 24.4
60 2913 24.4
60 2914 24.4
60 2915 24.4
60 2916 24.4
60 2917 24.4
60 2918 24.4
60 2919 24.4
60 2920 24.4
60 2921 24.4
60 2922 24.4
60 2923 24.4
60 2924 24.4
60 2925 24.4
60 2926 24.4
60 2927 24.4
60 2928 24.4
60 2929 24.4
60 2930 24.4
60 2931 24.4
60 2932 24.4
60 2933 24.4
60 2934 24.4
60 2935 24.4
60 2936 24.4
60 2937 24.4
60 2938 24.0
60 2939 24.0
60 2940 24.0
60 2941 24.0
60 2942 24.0
60 2943 24.0
60 2944 24.0
60 2945 23.5
60 2946 23.5
60 2947 23.5
61 2948 23.5
61 2949 23.5
61 2950 23.5
61 2951 23.5
61 2952 23.5
61 2953 23.5
61 2954 22.4
61 2955 22.4
61 2956 22.4
61 2957 22.4
61 2958 22.4
61 2959 22.4
61 2960 22.4
61 2961 22.4
61 2962 22.4
61 2963 22.4
61 2964 22.4
61 2965 22.4
61 2966 22.4
61 2967 22.4
61 2968 22.4
61 2969 22.4
61 2970 22.4
61 2971 22.4
61 2972 21.0
61 2973 21.0
61 2974 21.0
61 2975 20.0
61 2976 20.0
61 2977 20.0
61 2978 20.0
61 2979 20.0
61 2980 20.0
61 2981 20.0
61 2982 20.0
61 2983 20.0
61 2984 20.0
61 2985 20.0
61 2986 19.9
61 2987 19.9
61 2988 19.9
61 2989 19.9
61 2990 19.9
61 2991 19.9
61 2992 19.9
61 2993 19.9
61 2994 19.9
61 2995 19.9
61 2996 19.9
61 2997 19.9
61 2998 19.9
62 2999 19.9
62 3000 19.9
62 3001 19.9
62 3002 19.4
62 3003 19.4
62 3004 19.4
62 3005 19.4
62 3006 19.4
62 3007 19.4
62 3008 19.4
62 3009 19.4
62 3010 19.4
62 3011 19.4
62 3012 19.4
62 3013 19.4
62 3014 19.4
62 3015 19.4
62 3016 19.4
62 3017 19.2
62 3018 19.2
62 3019 19.2
62 3020 19.2
62 3021 19.2
62 3022 19.2
62 3023 19.2
62 3024 19.2
62 3025 19.2
62 3026 19.2
62 3027 19.2
62 3028 19.2
62 3029 19.2
62 3030 19.2
62 3031 19.2
62 3032 19.2
62 3033 19.2
62 3034 19.2
62 3035 19.2
62 3036 19.2
62 3037 19.2
62 3038 19.2
62 3039 19.2
62 3040 19.2
62 3041 19.2
62 3042 19.2
62 3043 19.2
62 3044 19.2
62 3045 19.2
62 3046 19.2
62 3047 19.2
62 3048 19.2
62 3049 19.2
63 3050 19.2
63 3051 19.2
63 3052 19.2
63 3053 19.2
63 3054 19.2
63 3055 19.2
63 3056 19.2
63 3057 19.2
63 3058 19.2
63 3059 19.2
63 3060 19.2
63 3061 19.2
63 3062 19.2
63 3063 19.2
63 3064 19.2
63 3065 19.2
63 3066 19.2
63 3067 19.2
63 3068 19.2
63 3069 19.2
63 3070 19.2
63 3071 19.2
63 3072 19.2
63 3073 19.2
63 3074 19.2
63 3075 19.2
63 3076 19.2
63 3077 19.2
63 3078 19.2
63 3079 19.2
63 3080 19.2
63 3081 19.2
63 3082 19.2
63 3083 19.2
63 3084 19.2
63 3085 19.2
63 3086 19.2
63 3087 19.2
63 3088 19.2
63 3089 19.2
63 3090 19.2
63 3091 19.2
63 3092 19.2
63 3093 19.2
63 3094 19.2
63 3095 19.2
63 3096 19.2
63 3097 19.2
63 3098 19.2
63 3099 19.2
63 3100 19.2
64 3101 19.2
64 3102 19.2
64 3103 19.2
64 3104 19.2
64 3105 19.2
64 3106 19.2
64 3107 19.2
64 3108 19.2
64 3109 19.2
64 3110 19.2
64 3111 19.2
64 3112 19.2
64 3113 19.2
64 3114 19.2
64 3115 19.2
64 3116 19.2
64 3117 19.2
64 3118 19.2
64 3119 19.2
64 3120 19.2
64 3121 19.2
64 3122 19.2
64 3123 19.2
64 3124 19.2
64 3125 19.2
64 3126 19.2
64 3127 19.2
64 3128 19.2
64 3129 19.2
64 3130 19.2
64 3131 19.2
64 3132 19.2
64 3133 19.2
64 3134 19.2
64 3135 19.2
64 3136 19.2
64 3137 19.2
64 3138 19.2
64 3139 19.2
64 3140 19.2
64 3141 19.2
64 3142 19.2
64 3143 19.2
64 3144 19.2
64 3145 19.2
64 3146 19.2
64 3147 19.2
64 3148 19.2
64 3149 19.2
64 3150 19.2
65 3151 19.2
65 3152 19.2
65 3153 19.2
65 3154 19.2
65 3155 19.2
65 3156 19.2
65 3157 19.2
65 3158 19.2
65 3159 19.2
65 3160 19.2
65 3161 19.2
65 3162 19.2
65 3163 19.2
65 3164 19.2
65 3165 19.2
65 3166 19.2
65 3167 19.2
65 3168 19.2
65 3169 19.2
65 3170 19.2
65 3171 19.2
65 3172 19.2
65 3173 19.2
65 3174 19.2
65 3175 19.2
65 3176 19.2
65 3177 19.2
65 3178 19.2
65 3179 19.2
65 3180 19.2
65 3181 19.2
65 3182 19.2
65 3183 19.2
65 3184 19.2
65 3185 19.2
65 3186 19.2
65 3187 19.2
65 3188 19.2
65 3189 19.2
65 3190 19.2
65 3191 19.2
65 3192 19.2
65 3193 19.2
65 3194 19.2
65 3195 19.2
65 3196 19.2
65 3197 19.2
65 3198 19.2
65 3199 19.2
65 3200 19.2
65 3201 19.2
65 3202 19.2
65 3203 19.2
66 3204 19.2
66 3205 19.2
66 3206 19.2
66 3207 19.2
66 3208 19.2
66 3209 19.2
66 3210 18.9
66 3211 18.9
66 3212 18.9
66 3213 18.9
66 3214 18.0
66 3215 18.0
66 3216 18.0
66 3217 18.0
66 3218 18.0
66 3219 17.8
66 3220 17.8
66 3221 17.8
66 3222 17.8
66 3223 17.8
66 3224 17.8
66 3225 17.8
66 3226 17.8
66 3227 17.6
66 3228 17.6
66 3229 17.6
66 3230 17.6
66 3231 17.6
66 3232 17.6
66 3233 17.6
66 3234 17.6
66 3235 17.6
66 3236 17.6
66 3237 17.6
66 3238 17.6
66 3239 17.6
66 3240 17.3
66 3241 17.3
66 3242 17.3
66 3243 17.3
66 3244 17.3
66 3245 17.3
66 3246 17.2
66 3247 17.2
66 3248 17.2
66 3249 17.2
66 3250 17.2
66 3251 17.2
66 3252 17.1
66 3253 17.1
66 3254 17.1
67 3255 17.1
67 3256 17.1
67 3257 17.1
67 3258 17.1
67 3259 17.1
67 3260 17.1
67 3261 17.1
67 3262 17.1
67 3263 17.1
67 3264 17.1
67 3265 17.1
67 3266 17.1
67 3267 17.1
67 3268 17.1
67 3269 17.1
67 3270 17.1
67 3271 17.1
67 3272 17.1
67 3273 17.1
67 3274 17.1
67 3275 17.1
67 3276 17.1
67 3277 17.1
67 3278 17.1
67 3279 17.1
67 3280 17.1
67 3281 17.1
67 3282 17.1
67 3283 17.1
67 3284 17.1
67 3285 17.1
67 3286 17.1
67 3287 17.1
67 3288 17.1
67 3289 17.1
67 3290 17.1
67 3291 17.1
67 3292 17.1
67 3293 17.1
67 3294 17.1
67 3295 17.1
67 3296 17.1
67 3297 17.1
67 3298 17.1
67 3299 17.1
67 3300 17.1
67 3301 17.1
67 3302 17.1
67 3303 17.1
67 3304 17.1
68 3305 17.1
68 3306 17.1
68 3307 17.1
68 3308 17.1
68 3309 17.1
68 3310 17.1
68 3311 17.1
68 3312 17.1
68 3313 17.1
68 3314 17.1
68 3315 17.0
68 3316 17.0
68 3317 17.0
68 3318 17.0
68 3319 17.0
68 3320 17.0
68 3321 17.0
68 3322 17.0
68 3323 17.0
68 3324 17.0
68 3325 17.0
68 3326 17.0
68 3327 17.0
68 3328 17.0
68 3329 17.0
68 3330 17.0
68 3331 17.0
68 3332 17.0
68 3333 17.0
68 3334 17.0
68 3335 16.8
68 3336 16.8
68 3337 16.8
68 3338 16.8
68 3339 16.8
68 3340 16.8
68 3341 16.8
68 3342 16.8
68 3343 16.8
68 3344 16.8
68 3345 16.8
68 3346 16.8
68 3347 16.4
68 3348 16.4
68 3349 16.4
68 3350 16.4
68 3351 16.4
68 3352 16.4
68 3353 16.4
68 3354 16.4
68 3355 16.4
68 3356 16.4
69 3357 16.4
69 3358 16.4
69 3359 16.4
69 3360 16.4
69 3361 16.4
69 3362 16.4
69 3363 16.4
69 3364 16.4
69 3365 16.4
69 3366 16.4
69 3367 16.4
69 3368 16.0
69 3369 16.0
69 3370 16.0
69 3371 16.0
69 3372 16.0
69 3373 16.0
69 3374 16.0
69 3375 16.0
69 3376 16.0
69 3377 16.0
69 3378 16.0
69 3379 16.0
69 3380 16.0
69 3381 16.0
69 3382 16.0
69 3383 16.0
69 3384 16.0
69 3385 16.0
69 3386 16.0
69 3387 16.0
69 3388 16.0
69 3389 16.0
69 3390 16.0
69 3391 16.0
69 3392 16.0
69 3393 16.0
69 3394 16.0
69 3395 16.0
69 3396 16.0
69 3397 16.0
69 3398 16.0
69 3399 16.0
69 3400 16.0
69 3401 16.0
69 3402 16.0
69 3403 16.0
69 3404 16.0
69 3405 16.0
69 3406 16.0
69 3407 16.0
69 3408 16.0
69 3409 16.0
69 3410 16.0
70 3411 16.0
70 3412 16.0
70 3413 16.0
70 3414 16.0
70 3415 16.0
70 3416 16.0
70 3417 16.0
70 3418 16.0
70 3419 16.0
70 3420 16.0
70 3421 16.0
70 3422 16.0
70 3423 16.0
70 3424 16.0
70 3425 16.0
70 3426 16.0
70 3427 16.0
70 3428 16.0
70 3429 16.0
70 3430 16.0
70 3431 16.0
70 3432 16.0
70 3433 16.0
70 3434 16.0
70 3435 16.0
70 3436 16.0
70 3437 16.0
70 3438 16.0
70 3439 16.0
70 3440 16.0
70 3441 16.0
70 3442 16.0
70 3443 16.0
70 3444 16.0
70 3445 16.0
70 3446 16.0
70 3447 16.0
70 3448 16.0
70 3449 16.0
70 3450 16.0
70 3451 16.0
70 3452 16.0
70 3453 16.0
70 3454 16.0
70 3455 16.0
70 3456 16.0
70 3457 16.0
70 3458 16.0
70 3459 16.0
70 3460 16.0
70 3461 16.0
71 3462 16.0
71 3463 16.0
71 3464 16.0
71 3465 16.0
71 3466 16.0
71 3467 16.0
71 3468 16.0
71 3469 16.0
71 3470 16.0
71 3471 16.0
71 3472 16.0
71 3473 16.0
71 3474 16.0
71 3475 16.0
71 3476 16.0
71 3477 16.0
71 3478 16.0
71 3479 16.0
71 3480 16.0
71 3481 16.0
71 3482 16.0
71 3483 16.0
71 3484 16.0
71 3485 16.0
71 3486 16.0
71 3487 16.0
71 3488 16.0
71 3489 16.0
71 3490 16.0
71 3491 16.0
71 3492 16.0
71 3493 16.0
71 3494 16.0
71 3495 16.0
71 3496 16.0
71 3497 16.0
71 3498 16.0
71 3499 16.0
71 3500 16.0
71 3501 16.0
71 3502 16.0
71 3503 16.0
71 3504 16.0
71 3505 16.0
71 3506 16.0
71 3507 16.0
71 3508 16.0
71 3509 16.0
71 3510 16.0
71 3511 16.0
71 3512 16.0
71 3513 16.0
71 3514 16.0
72 3515 16.0
72 3516 16.0
72 3517 16.0
72 3518 16.0
72 3519 16.0
72 3520 16.0
72 3521 16.0
72 3522 16.0
72 3523 16.0
72 3524 16.0
72 3525 16.0
72 3526 16.0
72 3527 16.0
72 3528 16.0
72 3529 16.0
72 3530 16.0
72 3531 16.0
72 3532 16.0
72 3533 16.0
72 3534 16.0
72 3535 16.0
72 3536 16.0
72 3537 16.0
72 3538 16.0
72 3539 16.0
72 3540 16.0
72 3541 16.0
72 3542 16.0
72 3543 16.0
72 3544 16.0
72 3545 16.0
72 3546 16.0
72 3547 16.0
72 3548 16.0
72 3549 16.0
72 3550 16.0
72 3551 16.0
72 3552 16.0
72 3553 16.0
72 3554 16.0
72 3555 16.0
72 3556 16.0
72 3557 16.0
72 3558 16.0
72 3559 16.0
72 3560 16.0
72 3561 16.0
72 3562 16.0
72 3563 16.0
72 3564 16.0
72 3565 16.0
72 3566 16.0
72 3567 16.0
73 3568 16.0
73 3569 16.0
73 3570 16.0
73 3571 16.0
73 3572 16.0
73 3573 16.0
73 3574 16.0
73 3575 16.0
73 3576 16.0
73 3577 16.0
73 3578 16.0
73 3579 16.0
73 3580 16.0
73 3581 16.0
73 3582 16.0
73 3583 16.0
73 3584 16.0
73 3585 16.0
73 3586 16.0
73 3587 16.0
73 3588 16.0
73 3589 16.0
73 3590 16.0
73 3591 16.0
73 3592 16.0
73 3593 16.0
73 3594 16.0
73 3595 16.0
73 3596 16.0
73 3597 16.0
73 3598 16.0
73 3599 16.0
73 3600 16.0
73 3601 16.0
73 3602 16.0
73 3603 16.0
73 3604 16.0
73 3605 16.0
73 3606 16.0
73 3607 16.0
73 3608 16.0
73 3609 16.0
73 3610 16.0
73 3611 16.0
73 3612 16.0
73 3613 16.0
73 3614 16.0
73 3615 16.0
73 3616 16.0
73 3617 16.0
73 3618 16.0
74 3619 16.0
74 3620 16.0
74 3621 16.0
74 3622 16.0
74 3623 16.0
74 3624 16.0
74 3625 16.0
74 3626 16.0
74 3627 16.0
74 3628 16.0
74 3629 16.0
74 3630 16.0
74 3631 16.0
74 3632 16.0
74 3633 16.0
74 3634 16.0
74 3635 16.0
74 3636 16.0
74 3637 16.0
74 3638 16.0
74 3639 16.0
74 3640 16.0
74 3641 16.0
74 3642 16.0
74 3643 16.0
74 3644 16.0
74 3645 16.0
74 3646 16.0
74 3647 16.0
74 3648 16.0
74 3649 16.0
74 3650 16.0
74 3651 16.0
74 3652 16.0
74 3653 16.0
74 3654 16.0
74 3655 16.0
74 3656 16.0
74 3657 16.0
74 3658 16.0
74 3659 16.0
74 3660 16.0
74 3661 16.0
74 3662 16.0
74 3663 16.0
74 3664 16.0
74 3665 16.0
74 3666 16.0
74 3667 16.0
74 3668 16.0
74 3669 16.0
74 3670 16.0
74 3671 16.0
74 3672 16.0
74 3673 16.0
75 3674 16.0
75 3675 16.0
75 3676 16.0
75 3677 16.0
75 3678 16.0
75 3679 16.0
75 3680 16.0
75 3681 16.0
75 3682 16.0
75 3683 16.0
75 3684 16.0
75 3685 16.0
75 3686 16.0
75 3687 16.0
75 3688 16.0
75 3689 16.0
75 3690 16.0
75 3691 16.0
75 3692 16.0
75 3693 16.0
75 3694 16.0
75 3695 16.0
75 3696 16.0
75 3697 16.0
75 3698 16.0
75 3699 16.0
75 3700 16.0
75 3701 16.0
75 3702 16.0
75 3703 16.0
75 3704 16.0
75 3705 16.0
75 3706 16.0
75 3707 16.0
75 3708 16.0
75 3709 16.0
75 3710 16.0
75 3711 16.0
75 3712 16.0
75 3713 16.0
75 3714 16.0
75 3715 16.0
75 3716 16.0
75 3717 16.0
75 3718 16.0
75 3719 16.0
75 3720 16.0
75 3721 16.0
75 3722 16.0
75 3723 16.0
75 3724 16.0
75 3725 16.0
75 3726 16.0
76 3727 16.0
76 3728 16.0
76 3729 16.0
76 3730 16.0
76 3731 16.0
76 3732 16.0
76 3733 16.0
76 3734 16.0
76 3735 16.0
76 3736 16.0
76 3737 16.0
76 3738 16.0
76 3739 16.0
76 3740 16.0
76 3741 16.0
76 3742 16.0
76 3743 16.0
76 3744 16.0
76 3745 16.0
76 3746 16.0
76 3747 16.0
76 3748 16.0
76 3749 16.0
76 3750 16.0
76 3751 16.0
76 3752 16.0
76 3753 16.0
76 3754 16.0
76 3755 16.0
76 3756 16.0
76 3757 16.0
76 3758 16.0
76 3759 16.0
76 3760 16.0
76 3761 16.0
76 3762 16.0
76 3763 16.0
76 3764 16.0
76 3765 16.0
76 3766 16.0
76 3767 16.0
76 3768 16.0
76 3769 16.0
76 3770 16.0
76 3771 16.0
76 3772 16.0
76 3773 16.0
76 3774 16.0
76 3775 16.0
76 3776 16.0
76 3777 16.0
76 3778 16.0
76 3779 16.0
77 3780 16.0
77 3781 16.0
77 3782 16.0
77 3783 16.0
77 3784 16.0
77 3785 16.0
77 3786 16.0
77 3787 16.0
77 3788 16.0
77 3789 16.0
77 3790 16.0
77 3791 16.0
77 3792 16.0
77 3793 16.0
77 3794 16.0
77 3795 16.0
77 3796 16.0
77 3797 16.0
77 3798 16.0
77 3799 16.0
77 3800 16.0
77 3801 16.0
77 3802 16.0
77 3803 16.0
77 3804 16.0
77 3805 16.0
77 3806 16.0
77 3807 16.0
77 3808 16.0
77 3809 16.0
77 3810 16.0
77 3811 16.0
77 3812 16.0
77 3813 16.0
77 3814 16.0
77 3815 16.0
77 3816 16.0
77 3817 16.0
77 3818 16.0
77 3819 16.0
77 3820 16.0
77 3821 16.0
77 3822 16.0
77 3823 16.0
77 3824 16.0
77 3825 16.0
77 3826 16.0
77 3827 16.0
77 3828 16.0
77 3829 16.0
77 3830 16.0
77 3831 16.0
77 3832 16.0
78 3833 16.0
78 3834 16.0
78 3835 16.0
78 3836 16.0
78 3837 16.0
78 3838 16.0
78 3839 16.0
78 3840 16.0
78 3841 16.0
78 3842 16.0
78 3843 16.0
78 3844 16.0
78 3845 16.0
78 3846 16.0
78 3847 16.0
78 3848 16.0
78 3849 16.0
78 3850 16.0
78 3851 16.0
78 3852 16.0
78 3853 16.0
78 3854 16.0
78 3855 16.0
78 3856 16.0
78 3857 16.0
78 3858 16.0
78 3859 16.0
78 3860 16.0
78 3861 16.0
78 3862 16.0
78 3863 16.0
78 3864 16.0
78 3865 16.0
78 3866 16.0
78 3867 16.0
78 3868 16.0
78 3869 16.0
78 3870 16.0
78 3871 16.0
78 3872 16.0
78 3873 16.0
78 3874 16.0
78 3875 16.0
78 3876 16.0
78 3877 16.0
78 3878 16.0
78 3879 16.0
78 3880 16.0
78 3881 16.0
78 3882 16.0
78 3883 16.0
78 3884 16.0
78 3885 16.0
79 3886 16.0
79 3887 16.0
79 3888 16.0
79 3889 16.0
79 3890 16.0
79 3891 16.0
79 3892 16.0
79 3893 16.0
79 3894 16.0
79 3895 16.0
79 3896 16.0
79 3897 16.0
79 3898 16.0
79 3899 16.0
79 3900 16.0
79 3901 16.0
79 3902 16.0
79 3903 16.0
79 3904 16.0
79 3905 16.0
79 3906 16.0
79 3907 16.0
79 3908 16.0
79 3909 16.0
79 3910 16.0
79 3911 16.0
79 3912 16.0
79 3913 16.0
79 3914 16.0
79 3915 16.0
79 3916 16.0
79 3917 16.0
79 3918 16.0
79 3919 16.0
79 3920 16.0
79 3921 16.0
79 3922 16.0
79 3923 16.0
79 3924 16.0
79 3925 16.0
79 3926 16.0
79 3927 16.0
79 3928 16.0
79 3929 16.0
79 3930 16.0
79 3931 16.0
79 3932 16.0
79 3933 16.0
79 3934 16.0
79 3935 16.0
79 3936 16.0
80 3937 16.0
80 3938 16.0
80 3939 16.0
80 3940 16.0
80 3941 16.0
80 3942 16.0
80 3943 16.0
80 3944 16.0
80 3945 16.0
80 3946 16.0
80 3947 16.0
80 3948 16.0
80 3949 16.0
80 3950 16.0
80 3951 16.0
80 3952 16.0
80 3953 16.0
80 3954 16.0
80 3955 16.0
80 3956 16.0
80 3957 16.0
80 3958 16.0
80 3959 16.0
80 3960 16.0
80 3961 16.0
80 3962 16.0
80 3963 16.0
80 3964 16.0
80 3965 16.0
80 3966 16.0
80 3967 16.0
80 3968 16.0
80 3969 16.0
80 3970 16.0
80 3971 16.0
80 3972 16.0
80 3973 16.0
80 3974 16.0
80 3975 16.0
80 3976 16.0
80 3977 16.0
80 3978 16.0
80 3979 16.0
80 3980 16.0
80 3981 16.0
80 3982 16.0
80 3983 16.0
80 3984 16.0
80 3985 16.0
80 3986 16.0
80 3987 16.0
80 3988 16.0
80 3989 16.0
81 3990 16.0
81 3991 16.0
81 3992 16.0
81 3993 16.0
81 3994 16.0
81 3995 16.0
81 3996 16.0
81 3997 16.0
81 3998 16.0
81 3999 16.0
81 4000 16.0
81 4001 16.0
81 4002 16.0
81 4003 16.0
81 4004 16.0
81 4005 16.0
81 4006 16.0
81 4007 16.0
81 4008 16.0
81 4009 16.0
81 4010 16.0
81 4011 16.0
81 4012 16.0
81 4013 16.0
81 4014 16.0
81 4015 16.0
81 4016 16.0
81 4017 16.0
81 4018 16.0
81 4019 16.0
81 4020 16.0
81 4021 16.0
81 4022 16.0
81 4023 16.0
81 4024 16.0
81 4025 16.0
81 4026 16.0
81 4027 16.0
81 4028 16.0
81 4029 16.0
81 4030 16.0
81 4031 16.0
81 4032 16.0
81 4033 16.0
81 4034 16.0
81 4035 16.0
81 4036 16.0
81 4037 16.0
81 4038 16.0
81 4039 16.0
82 4040 16.0
82 4041 16.0
82 4042 16.0
82 4043 16.0
82 4044 16.0
82 4045 16.0
82 4046 16.0
82 4047 16.0
82 4048 16.0
82 4049 16.0
82 4050 16.0
82 4051 16.0
82 4052 16.0
82 4053 16.0
82 4054 16.0
82 4055 16.0
82 4056 16.0
82 4057 16.0
82 4058 16.0
82 4059 16.0
82 4060 16.0
82 4061 16.0
82 4062 16.0
82 4063 16.0
82 4064 16.0
82 4065 16.0
82 4066 16.0
82 4067 16.0
82 4068 16.0
82 4069 16.0
82 4070 16.0
82 4071 16.0
82 4072 16.0
82 4073 16.0
82 4074 16.0
82 4075 16.0
82 4076 16.0
82 4077 16.0
82 4078 16.0
82 4079 16.0
82 4080 16.0
82 4081 16.0
82 4082 16.0
82 4083 16.0
82 4084 16.0
82 4085 16.0
82 4086 16.0
82 4087 16.0
82 4088 16.0
82 4089 16.0
82 4090 16.0
83 4091 16.0
83 4092 16.0
83 4093 16.0
83 4094 16.0
83 4095 16.0
83 4096 16.0
83 4097 16.0
83 4098 16.0
83 4099 16.0
83 4100 16.0
83 4101 16.0
83 4102 16.0
83 4103 16.0
83 4104 16.0
83 4105 16.0
83 4106 16.0
83 4107 16.0
83 4108 16.0
83 4109 16.0
83 4110 16.0
83 4111 16.0
83 4112 16.0
83 4113 16.0
83 4114 16.0
83 4115 16.0
83 4116 16.0
83 4117 16.0
83 4118 16.0
83 4119 16.0
83 4120 16.0
83 4121 16.0
83 4122 16.0
83 4123 16.0
83 4124 16.0
83 4125 16.0
83 4126 16.0
83 4127 16.0
83 4128 16.0
83 4129 16.0
83 4130 16.0
83 4131 16.0
83 4132 16.0
83 4133 16.0
83 4134 16.0
83 4135 16.0
83 4136 16.0
83 4137 16.0
83 4138 16.0
83 4139 16.0
83 4140 16.0
83 4141 16.0
84 4142 16.0
84 4143 16.0
84 4144 16.0
84 4145 16.0
84 4146 16.0
84 4147 16.0
84 4148 16.0
84 4149 16.0
84 4150 16.0
84 4151 16.0
84 4152 16.0
84 4153 16.0
84 4154 16.0
84 4155 16.0
84 4156 16.0
84 4157 16.0
84 4158 16.0
84 4159 16.0
84 4160 16.0
84 4161 16.0
84 4162 16.0
84 4163 16.0
84 4164 16.0
84 4165 16.0
84 4166 16.0
84 4167 16.0
84 4168 16.0
84 4169 16.0
84 4170 16.0
84 4171 16.0
84 4172 16.0
84 4173 16.0
84 4174 16.0
84 4175 16.0
84 4176 16.0
84 4177 16.0
84 4178 16.0
84 4179 16.0
84 4180 16.0
84 4181 16.0
84 4182 16.0
84 4183 16.0
84 4184 16.0
84 4185 16.0
84 4186 16.0
84 4187 16.0
84 4188 16.0
84 4189 16.0
84 4190 16.0
84 4191 16.0
84 4192 16.0
84 4193 16.0
84 4194 16.0
84 4195 16.0
85 4196 16.0
85 4197 16.0
85 4198 16.0
85 4199 16.0
85 4200 16.0
85 4201 16.0
85 4202 16.0
85 4203 16.0
85 4204 16.0
85 4205 16.0
85 4206 16.0
85 4207 16.0
85 4208 16.0
85 4209 16.0
85 4210 16.0
85 4211 16.0
85 4212 16.0
85 4213 16.0
85 4214 16.0
85 4215 16.0
85 4216 16.0
85 4217 16.0
85 4218 16.0
85 4219 16.0
85 4220 16.0
85 4221 16.0
85 4222 16.0
85 4223 16.0
85 4224 16.0
85 4225 16.0
85 4226 16.0
85 4227 16.0
85 4228 16.0
85 4229 16.0
85 4230 16.0
85 4231 16.0
85 4232 16.0
85 4233 16.0
85 4234 16.0
85 4235 16.0
85 4236 16.0
85 4237 16.0
85 4238 16.0
85 4239 16.0
85 4240 16.0
85 4241 16.0
85 4242 16.0
85 4243 16.0
85 4244 16.0
85 4245 16.0
85 4246 16.0
85 4247 16.0
86 4248 16.0
86 4249 16.0
86 4250 16.0
86 4251 16.0
86 4252 16.0
86 4253 16.0
86 4254 16.0
86 4255 16.0
86 4256 16.0
86 4257 16.0
86 4258 16.0
86 4259 16.0
86 4260 16.0
86 4261 16.0
86 4262 16.0
86 4263 16.0
86 4264 16.0
86 4265 16.0
86 4266 16.0
86 4267 16.0
86 4268 16.0
86 4269 16.0
86 4270 16.0
86 4271 16.0
86 4272 16.0
86 4273 16.0
86 4274 16.0
86 4275 16.0
86 4276 16.0
86 4277 16.0
86 4278 16.0
86 4279 16.0
86 4280 16.0
86 4281 16.0
86 4282 16.0
86 4283 16.0
86 4284 16.0
86 4285 16.0
86 4286 16.0
86 4287 16.0
86 4288 16.0
86 4289 16.0
86 4290 16.0
86 4291 16.0
86 4292 16.0
86 4293 16.0
86 4294 16.0
86 4295 16.0
86 4296 16.0
86 4297 16.0
86 4298 16.0
86 4299 16.0
86 4300 16.0
86 4301 16.0
86 4302 16.0
86 4303 16.0
87 4304 16.0
87 4305 16.0
87 4306 16.0
87 4307 16.0
87 4308 16.0
87 4309 16.0
87 4310 16.0
87 4311 16.0
87 4312 16.0
87 4313 16.0
87 4314 16.0
87 4315 16.0
87 4316 16.0
87 4317 16.0
87 4318 16.0
87 4319 16.0
87 4320 16.0
87 4321 16.0
87 4322 16.0
87 4323 16.0
87 4324 16.0
87 4325 16.0
87 4326 16.0
87 4327 16.0
87 4328 16.0
87 4329 16.0
87 4330 16.0
87 4331 16.0
87 4332 16.0
87 4333 16.0
87 4334 16.0
87 4335 16.0
87 4336 16.0
87 4337 16.0
87 4338 16.0
87 4339 16.0
87 4340 16.0
87 4341 16.0
87 4342 16.0
87 4343 16.0
87 4344 16.0
87 4345 16.0
87 4346 16.0
87 4347 16.0
87 4348 16.0
87 4349 16.0
87 4350 16.0
87 4351 16.0
87 4352 16.0
87 4353 16.0
87 4354 16.0
87 4355 16.0
87 4356 16.0
88 4357 16.0
88 4358 16.0
88 4359 16.0
88 4360 16.0
88 4361 16.0
88 4362 16.0
88 4363 16.0
88 4364 16.0
88 4365 16.0
88 4366 16.0
88 4367 16.0
88 4368 16.0
88 4369 16.0
88 4370 16.0
88 4371 16.0
88 4372 16.0
88 4373 16.0
88 4374 16.0
88 4375 16.0
88 4376 16.0
88 4377 16.0
88 4378 16.0
88 4379 16.0
88 4380 16.0
88 4381 16.0
88 4382 16.0
88 4383 16.0
88 4384 16.0
88 4385 16.0
88 4386 16.0
88 4387 16.0
88 4388 16.0
88 4389 16.0
88 4390 16.0
88 4391 16.0
88 4392 16.0
88 4393 16.0
88 4394 16.0
88 4395 16.0
88 4396 16.0
88 4397 16.0
88 4398 16.0
88 4399 16.0
88 4400 16.0
88 4401 16.0
88 4402 16.0
88 4403 16.0
88 4404 16.0
88 4405 16.0
88 4406 16.0
89 4407 16.0
89 4408 16.0
89 4409 16.0
89 4410 16.0
89 4411 16.0
89 4412 16.0
89 4413 16.0
89 4414 16.0
89 4415 16.0
89 4416 16.0
89 4417 16.0
89 4418 16.0
89 4419 16.0
89 4420 16.0
89 4421 16.0
89 4422 16.0
89 4423 16.0
89 4424 16.0
89 4425 16.0
89 4426 16.0
89 4427 16.0
89 4428 16.0
89 4429 16.0
89 4430 16.0
89 4431 16.0
89 4432 16.0
89 4433 16.0
89 4434 16.0
89 4435 16.0
89 4436 16.0
89 4437 16.0
89 4438 16.0
89 4439 16.0
89 4440 16.0
89 4441 16.0
89 4442 16.0
89 4443 16.0
89 4444 16.0
89 4445 16.0
89 4446 16.0
89 4447 16.0
89 4448 16.0
89 4449 16.0
89 4450 16.0
89 4451 16.0
89 4452 16.0
89 4453 16.0
89 4454 16.0
89 4455 16.0
89 4456 16.0
89 4457 16.0
89 4458 16.0
90 4459 16.0
90 4460 16.0
90 4461 16.0
90 4462 16.0
90 4463 16.0
90 4464 16.0
90 4465 16.0
90 4466 16.0
90 4467 16.0
90 4468 16.0
90 4469 16.0
90 4470 16.0
90 4471 16.0
90 4472 16.0
90 4473 16.0
90 4474 16.0
90 4475 16.0
90 4476 16.0
90 4477 16.0
90 4478 16.0
90 4479 16.0
90 4480 16.0
90 4481 16.0
90 4482 16.0
90 4483 16.0
90 4484 16.0
90 4485 16.0
90 4486 16.0
90 4487 16.0
90 4488 16.0
90 4489 16.0
90 4490 16.0
90 4491 16.0
90 4492 16.0
90 4493 16.0
90 4494 16.0
90 4495 16.0
90 4496 16.0
90 4497 16.0
90 4498 16.0
90 4499 16.0
90 4500 16.0
90 4501 16.0
90 4502 16.0
90 4503 16.0
90 4504 16.0
90 4505 16.0
90 4506 16.0
90 4507 16.0
90 4508 16.0
90 4509 16.0
90 4510 16.0
91 4511 16.0
91 4512 16.0
91 4513 16.0
91 4514 16.0
91 4515 16.0
91 4516 16.0
91 4517 16.0
91 4518 16.0
91 4519 16.0
91 4520 16.0
91 4521 16.0
91 4522 16.0
91 4523 16.0
91 4524 16.0
91 4525 16.0
91 4526 16.0
91 4527 16.0
91 4528 16.0
91 4529 16.0
91 4530 15.8
91 4531 15.8
91 4532 15.7
91 4533 15.7
91 4534 15.7
91 4535 15.7
91 4536 15.7
91 4537 15.7
91 4538 15.7
91 4539 15.7
91 4540 15.7
91 4541 15.7
91 4542 15.7
91 4543 15.7
91 4544 15.7
91 4545 15.7
91 4546 15.7
91 4547 15.7
91 4548 15.7
91 4549 15.7
91 4550 15.7
91 4551 15.7
91 4552 15.7
91 4553 15.7
91 4554 15.7
91 4555 15.7
91 4556 15.7
91 4557 15.7
91 4558 15.7
91 4559 15.5
91 4560 15.5
91 4561 15.5
91 4562 15.5
91 4563 15.5
91 4564 15.5
91 4565 15.5
92 4566 15.5
92 4567 15.5
92 4568 15.5
92 4569 15.5
92 4570 15.4
92 4571 15.4
92 4572 15.4
92 4573 15.4
92 4574 15.4
92 4575 15.4
92 4576 15.4
92 4577 15.3
92 4578 15.3
92 4579 15.3
92 4580 15.3
92 4581 15.3
92 4582 15.3
92 4583 15.3
92 4584 15.0
92 4585 15.0
92 4586 15.0
92 4587 15.0
92 4588 15.0
92 4589 15.0
92 4590 15.0
92 4591 15.0
92 4592 15.0
92 4593 15.0
92 4594 15.0
92 4595 15.0
92 4596 15.0
92 4597 15.0
92 4598 15.0
92 4599 15.0
92 4600 15.0
92 4601 15.0
92 4602 15.0
92 4603 15.0
92 4604 15.0
92 4605 15.0
92 4606 15.0
92 4607 15.0
92 4608 14.8
92 4609 14.6
92 4610 14.6
92 4611 14.6
92 4612 14.6
92 4613 14.6
92 4614 14.6
92 4615 14.6
92 4616 14.6
92 4617 14.6
93 4618 14.6
93 4619 14.6
93 4620 14.6
93 4621 14.6
93 4622 14.6
93 4623 14.6
93 4624 14.6
93 4625 14.6
93 4626 14.6
93 4627 14.6
93 4628 14.6
93 4629 14.6
93 4630 14.6
93 4631 14.6
93 4632 14.6
93 4633 14.6
93 4634 14.6
93 4635 14.6
93 4636 14.6
93 4637 14.6
93 4638 14.6
93 4639 14.6
93 4640 14.6
93 4641 14.6
93 4642 14.6
93 4643 14.6
93 4644 14.6
93 4645 14.6
93 4646 14.6
93 4647 14.6
93 4648 14.6
93 4649 14.6
93 4650 14.6
93 4651 14.6
93 4652 14.6
93 4653 14.6
93 4654 14.6
93 4655 14.6
93 4656 14.6
93 4657 14.6
93 4658 14.6
93 4659 14.6
93 4660 14.6
93 4661 14.6
93 4662 14.6
93 4663 14.6
93 4664 14.6
93 4665 14.6
93 4666 14.6
93 4667 14.6
93 4668 14.6
93 4669 14.6
93 4670 14.6
93 4671 14.6
93 4672 14.6
94 4673 14.6
94 4674 14.6
94 4675 14.6
94 4676 14.6
94 4677 14.6
94 4678 14.6
94 4679 14.6
94 4680 14.6
94 4681 14.6
94 4682 14.6
94 4683 14.6
94 4684 14.6
94 4685 14.6
94 4686 14.6
94 4687 14.6
94 4688 14.6
94 4689 14.6
94 4690 14.6
94 4691 14.6
94 4692 14.6
94 4693 14.6
94 4694 14.6
94 4695 14.6
94 4696 14.6
94 4697 14.6
94 4698 14.6
94 4699 14.6
94 4700 14.6
94 4701 14.6
94 4702 14.6
94 4703 14.6
94 4704 14.6
94 4705 14.6
94 4706 14.6
94 4707 14.6
94 4708 14.6
94 4709 14.6
94 4710 14.6
94 4711 14.6
94 4712 14.6
94 4713 14.6
94 4714 14.6
94 4715 14.6
94 4716 14.6
94 4717 14.6
94 4718 14.6
94 4719 14.6
94 4720 14.6
94 4721 14.6
94 4722 14.6
94 4723 14.6
94 4724 14.6
95 4725 14.6
95 4726 14.6
95 4727 14.6
95 4728 14.6
95 4729 14.6
95 4730 14.6
95 4731 14.6
95 4732 14.6
95 4733 14.6
95 4734 14.6
95 4735 14.6
95 4736 14.6
95 4737 14.6
95 4738 14.6
95 4739 14.6
95 4740 14.6
95 4741 14.6
95 4742 14.6
95 4743 14.6
95 4744 14.6
95 4745 14.6
95 4746 14.6
95 4747 14.6
95 4748 14.6
95 4749 14.6
95 4750 14.6
95 4751 14.6
95 4752 14.6
95 4753 14.6
95 4754 14.6
95 4755 14.6
95 4756 14.6
95 4757 14.6
95 4758 14.6
95 4759 14.6
95 4760 14.6
95 4761 14.6
95 4762 14.6
95 4763 14.6
95 4764 14.6
95 4765 14.6
95 4766 14.6
95 4767 14.6
95 4768 14.6
95 4769 14.6
95 4770 14.6
95 4771 14.6
95 4772 14.5
95 4773 14.5
95 4774 14.5
95 4775 14.5
96 4776 14.5
96 4777 14.5
96 4778 14.5
96 4779 14.5
96 4780 14.5
96 4781 14.5
96 4782 14.5
96 4783 14.5
96 4784 14.5
96 4785 14.5
96 4786 14.5
96 4787 14.5
96 4788 14.5
96 4789 14.5
96 4790 14.5
96 4791 14.5
96 4792 14.5
96 4793 14.5
96 4794 14.5
96 4795 14.5
96 4796 14.5
96 4797 14.5
96 4798 14.5
96 4799 14.5
96 4800 14.5
96 4801 14.5
96 4802 14.5
96 4803 14.4
96 4804 14.4
96 4805 14.4
96 4806 14.4
96 4807 14.4
96 4808 14.4
96 4809 14.4
96 4810 14.4
96 4811 14.4
96 4812 14.4
96 4813 14.4
96 4814 14.4
96 4815 14.4
96 4816 14.4
96 4817 14.4
96 4818 14.4
96 4819 14.4
96 4820 14.4
96 4821 14.4
96 4822 14.4
96 4823 14.4
96 4824 14.4
96 4825 14.4
96 4826 14.4
96 4827 14.4
96 4828 14.4
96 4829 14.4
97 4830 14.4
97 4831 14.4
97 4832 14.4
97 4833 14.4
97 4834 14.4
97 4835 14.4
97 4836 14.4
97 4837 14.4
97 4838 14.4
97 4839 14.4
97 4840 14.4
97 4841 14.4
97 4842 14.4
97 4843 14.4
97 4844 14.4
97 4845 14.4
97 4846 14.4
97 4847 14.4
97 4848 14.4
97 4849 14.4
97 4850 14.4
97 4851 14.4
97 4852 14.4
97 4853 14.4
97 4854 14.4
97 4855 14.4
97 4856 14.4
97 4857 14.4
97 4858 14.4
97 4859 14.4
97 4860 14.4
97 4861 14.4
97 4862 14.4
97 4863 14.4
97 4864 14.4
97 4865 14.4
97 4866 14.4
97 4867 14.4
97 4868 14.4
97 4869 14.4
97 4870 14.4
97 4871 14.4
97 4872 14.4
97 4873 14.4
97 4874 14.4
97 4875 14.4
97 4876 14.4
97 4877 14.4
97 4878 14.4
97 4879 14.4
98 4880 14.4
98 4881 14.4
98 4882 14.4
98 4883 14.4
98 4884 14.4
98 4885 14.4
98 4886 14.4
98 4887 14.4
98 4888 14.4
98 4889 14.4
98 4890 14.4
98 4891 14.4
98 4892 14.4
98 4893 14.4
98 4894 14.4
98 4895 14.4
98 4896 14.4
98 4897 14.4
98 4898 14.4
98 4899 14.4
98 4900 14.4
98 4901 14.4
98 4902 14.4
98 4903 14.4
98 4904 14.4
98 4905 14.4
98 4906 14.4
98 4907 14.4
98 4908 14.4
98 4909 14.4
98 4910 14.4
98 4911 14.4
98 4912 14.4
98 4913 14.4
98 4914 14.4
98 4915 14.4
98 4916 14.4
98 4917 14.4
98 4918 14.4
98 4919 14.4
98 4920 14.4
98 4921 14.4
98 4922 14.4
98 4923 14.4
98 4924 14.4
98 4925 14.4
98 4926 14.4
98 4927 14.4
98 4928 14.4
98 4929 14.4
98 4930 14.4
98 4931 14.4
98 4932 14.4
99 4933 14.4
99 4934 14.4
99 4935 14.4
99 4936 14.4
99 4937 14.4
99 4938 14.4
99 4939 14.4
99 4940 14.4
99 4941 14.4
99 4942 14.4
99 4943 14.4
99 4944 14.4
99 4945 14.4
99 4946 14.4
99 4947 14.4
99 4948 14.4
99 4949 14.4
99 4950 14.4
99 4951 14.4
99 4952 14.4
99 4953 14.4
99 4954 14.4
99 4955 14.4
99 4956 14.4
99 4957 14.4
99 4958 14.4
99 4959 14.4
99 4960 14.4
99 4961 14.4
99 4962 14.4
99 4963 14.4
99 4964 14.4
99 4965 14.4
99 4966 14.4
99 4967 14.4
99 4968 14.4
99 4969 14.4
99 4970 14.4
99 4971 14.4
99 4972 14.4
99 4973 14.4
99 4974 14.4
99 4975 14.4
99 4976 14.4
99 4977 14.4
99 4978 14.4
99 4979 14.4
99 4980 14.4
99 4981 14.4
99 4982 14.4
99 4983 14.4
99 4984 14.4
99 4985 14.4
100 4986 14.4
100 4987 14.4
100 4988 14.4
100 4989 14.4
100 4990 14.4
100 4991 14.4
100 4992 14.4
100 4993 14.4
100 4994 14.4
100 4995 14.4
100 4996 14.4
100 4997 14.4
100 4998 14.4
100 4999 14.4
100 5000 14.4
100 5001 14.4
100 5002 14.4
100 5003 14.4
100 5004 14.4
100 5005 14.4
100 5006 14.4
100 5007 14.4
100 5008 14.4
100 5009 14.4
100 5010 14.4
100 5011 14.4
100 5012 14.4
100 5013 14.4
100 5014 14.4
100 5015 14.4
100 5016 14.4
100 5017 14.4
100 5018 14.4
100 5019 14.4
100 5020 14.4
100 5021 14.4
100 5022 14.4
100 5023 14.4
100 5024 14.4
100 5025 14.4
100 5026 14.4
100 5027 14.4
100 5028 14.4
100 5029 14.4
100 5030 14.4
100 5031 14.4
100 5032 14.4
100 5033 14.4
100 5034 14.4
100 5035 14.4
100 5036 14.4
100 5037 14.4
101 5038 14.4
101 5039 14.4
101 5040 14.4
101 5041 14.4
101 5042 14.4
101 5043 14.4
101 5044 14.4
101 5045 14.4
101 5046 14.4
101 5047 14.4
101 5048 14.4
101 5049 14.4
101 5050 14.4
101 5051 14.4
101 5052 14.4
101 5053 14.4
101 5054 14.4
101 5055 14.4
101 5056 14.4
101 5057 14.4
101 5058 14.4
101 5059 14.4
101 5060 14.4
101 5061 14.4
101 5062 14.4
101 5063 14.4
101 5064 14.4
101 5065 14.4
101 5066 14.4
101 5067 14.4
101 5068 14.4
101 5069 14.4
101 5070 14.4
101 5071 14.4
101 5072 14.4
101 5073 14.4
101 5074 14.4
101 5075 14.4
101 5076 14.4
101 5077 14.4
101 5078 14.4
101 5079 14.4
101 5080 14.4
101 5081 14.4
101 5082 14.4
101 5083 14.4
101 5084 14.4
101 5085 14.4
101 5086 14.4
101 5087 14.4
101 5088 14.4
101 5089 14.4
102 5090 14.4
102 5091 14.4
102 5092 14.4
102 5093 14.4
102 5094 14.4
102 5095 14.4
102 5096 14.4
102 5097 14.4
102 5098 14.4
102 5099 14.4
102 5100 14.4
102 5101 14.4
102 5102 14.4
102 5103 14.4
102 5104 14.4
102 5105 14.4
102 5106 14.4
102 5107 14.4
102 5108 14.4
102 5109 14.4
102 5110 14.4
102 5111 14.4
102 5112 14.4
102 5113 14.4
102 5114 14.4
102 5115 14.4
102 5116 14.4
102 5117 14.4
102 5118 14.4
102 5119 14.4
102 5120 14.4
102 5121 14.4
102 5122 14.4
102 5123 14.4
102 5124 14.4
102 5125 14.4
102 5126 14.4
102 5127 14.4
102 5128 14.4
102 5129 14.4
102 5130 14.4
102 5131 14.4
102 5132 14.4
102 5133 14.4
102 5134 14.4
102 5135 14.4
102 5136 14.4
102 5137 14.4
102 5138 14.4
102 5139 14.4
103 5140 14.4
103 5141 14.4
103 5142 14.4
103 5143 14.4
103 5144 14.4
103 5145 14.4
103 5146 14.4
103 5147 14.4
103 5148 14.4
103 5149 14.4
103 5150 14.4
103 5151 14.4
103 5152 14.4
103 5153 14.4
103 5154 14.4
103 5155 14.4
103 5156 14.4
103 5157 14.4
103 5158 14.4
103 5159 14.4
103 5160 14.4
103 5161 14.4
103 5162 14.4
103 5163 14.4
103 5164 14.4
103 5165 14.4
103 5166 14.4
103 5167 14.4
103 5168 14.4
103 5169 14.4
103 5170 14.4
103 5171 14.4
103 5172 14.4
103 5173 14.4
103 5174 14.4
103 5175 14.4
103 5176 14.4
103 5177 14.4
103 5178 14.4
103 5179 14.4
103 5180 14.4
103 5181 14.4
103 5182 14.4
103 5183 14.4
103 5184 14.4
103 5185 14.4
103 5186 14.4
103 5187 14.4
103 5188 14.4
103 5189 14.4
103 5190 14.4
103 5191 14.4
103 5192 14.4
104 5193 14.4
104 5194 14.4
104 5195 14.4
104 5196 14.4
104 5197 14.4
104 5198 14.4
104 5199 14.4
104 5200 14.4
104 5201 14.4
104 5202 14.4
104 5203 14.4
104 5204 14.4
104 5205 14.4
104 5206 14.4
104 5207 14.4
104 5208 14.4
104 5209 14.4
104 5210 14.4
104 5211 14.4
104 5212 14.4
104 5213 14.4
104 5214 14.4
104 5215 14.4
104 5216 14.4
104 5217 14.4
104 5218 14.4
104 5219 14.4
104 5220 14.4
104 5221 14.4
104 5222 14.4
104 5223 14.4
104 5224 14.4
104 5225 14.4
104 5226 14.4
104 5227 14.4
104 5228 14.4
104 5229 14.4
104 5230 14.4
104 5231 14.4
104 5232 14.4
104 5233 14.4
104 5234 14.4
104 5235 14.4
104 5236 14.4
104 5237 14.4
104 5238 14.4
104 5239 14.4
104 5240 14.4
104 5241 14.4
104 5242 14.4
104 5243 14.4
104 5244 14.4
105 5245 14.4
105 5246 14.4
105 5247 14.4
105 5248 14.4
105 5249 14.4
105 5250 14.4
105 5251 14.4
105 5252 14.4
105 5253 14.4
105 5254 14.4
105 5255 14.4
105 5256 14.4
105 5257 14.4
105 5258 14.4
105 5259 14.4
105 5260 14.4
105 5261 14.4
105 5262 14.4
105 5263 14.4
105 5264 14.4
105 5265 14.4
105 5266 14.4
105 5267 14.4
105 5268 14.4
105 5269 14.4
105 5270 14.4
105 5271 14.4
105 5272 14.4
105 5273 14.4
105 5274 14.4
105 5275 14.4
105 5276 14.4
105 5277 14.4
105 5278 14.4
105 5279 14.4
105 5280 14.4
105 5281 14.4
105 5282 14.4
105 5283 14.4
105 5284 14.4
105 5285 14.4
105 5286 14.4
105 5287 14.4
105 5288 14.4
105 5289 14.4
105 5290 14.4
105 5291 14.4
105 5292 14.4
105 5293 14.4
105 5294 14.4
105 5295 14.4
105 5296 14.4
105 5297 14.4
106 5298 14.4
106 5299 14.4
106 5300 14.4
106 5301 14.4
106 5302 14.4
106 5303 14.4
106 5304 14.4
106 5305 14.4
106 5306 14.4
106 5307 14.4
106 5308 14.4
106 5309 14.4
106 5310 14.4
106 5311 14.4
106 5312 14.4
106 5313 14.4
106 5314 14.4
106 5315 14.4
106 5316 14.4
106 5317 14.4
106 5318 14.4
106 5319 14.4
106 5320 14.4
106 5321 14.4
106 5322 14.4
106 5323 14.4
106 5324 14.4
106 5325 14.4
106 5326 14.4
106 5327 14.4
106 5328 14.4
106 5329 14.4
106 5330 14.4
106 5331 14.4
106 5332 14.4
106 5333 14.4
106 5334 14.4
106 5335 14.4
106 5336 14.4
106 5337 14.4
106 5338 14.4
106 5339 14.4
106 5340 14.4
106 5341 14.4
106 5342 14.4
106 5343 14.4
106 5344 14.4
106 5345 14.4
106 5346 14.4
106 5347 14.4
106 5348 14.4
106 5349 14.4
107 5350 14.4
107 5351 14.4
107 5352 14.4
107 5353 14.4
107 5354 14.4
107 5355 14.4
107 5356 14.4
107 5357 14.4
107 5358 14.4
107 5359 14.4
107 5360 14.4
107 5361 14.4
107 5362 14.4
107 5363 14.4
107 5364 14.4
107 5365 14.4
107 5366 14.4
107 5367 14.4
107 5368 14.4
107 5369 14.4
107 5370 14.4
107 5371 14.4
107 5372 14.4
107 5373 14.4
107 5374 14.4
107 5375 14.4
107 5376 14.4
107 5377 14.4
107 5378 14.4
107 5379 14.4
107 5380 14.4
107 5381 14.4
107 5382 14.4
107 5383 14.4
107 5384 14.4
107 5385 14.4
107 5386 14.4
107 5387 14.4
107 5388 14.4
107 5389 14.4
107 5390 14.4
107 5391 14.4
107 5392 14.4
107 5393 14.4
107 5394 14.4
107 5395 14.4
107 5396 14.4
107 5397 14.4
107 5398 14.4
107 5399 14.4
108 5400 14.4
108 5401 14.4
108 5402 14.4
108 5403 14.4
108 5404 14.4
108 5405 14.4
108 5406 14.4
108 5407 14.4
108 5408 14.4
108 5409 14.4
108 5410 14.4
108 5411 14.4
108 5412 14.4
108 5413 14.4
108 5414 14.4
108 5415 14.4
108 5416 14.4
108 5417 14.4
108 5418 14.4
108 5419 14.4
108 5420 14.4
108 5421 14.4
108 5422 14.4
108 5423 14.4
108 5424 14.4
108 5425 14.4
108 5426 14.4
108 5427 14.4
108 5428 14.4
108 5429 14.4
108 5430 14.4
108 5431 14.4
108 5432 14.4
108 5433 14.4
108 5434 14.4
108 5435 14.4
108 5436 14.4
108 5437 14.4
108 5438 14.4
108 5439 14.4
108 5440 14.4
108 5441 14.4
108 5442 14.4
108 5443 14.4
108 5444 14.4
108 5445 14.4
108 5446 14.4
108 5447 14.4
108 5448 14.4
108 5449 14.4
108 5450 14.4
109 5451 14.4
109 5452 14.4
109 5453 14.4
109 5454 14.4
109 5455 14.4
109 5456 14.4
109 5457 14.4
109 5458 14.4
109 5459 14.4
109 5460 14.4
109 5461 14.4
109 5462 14.4
109 5463 14.4
109 5464 14.4
109 5465 14.4
109 5466 14.4
109 5467 14.4
109 5468 14.4
109 5469 14.4
109 5470 14.4
109 5471 14.4
109 5472 14.4
109 5473 14.4
109 5474 14.4
109 5475 14.4
109 5476 14.4
109 5477 14.4
109 5478 14.4
109 5479 14.4
109 5480 14.4
109 5481 14.4
109 5482 14.4
109 5483 14.4
109 5484 14.4
109 5485 14.4
109 5486 14.4
109 5487 14.4
109 5488 14.4
109 5489 14.4
109 5490 14.4
109 5491 14.4
109 5492 14.4
109 5493 14.4
109 5494 14.4
109 5495 14.4
109 5496 14.4
109 5497 14.4
109 5498 14.4
109 5499 14.4
109 5500 14.4
109 5501 14.4
109 5502 14.4
109 5503 14.4
110 5504 14.4
110 5505 14.4
110 5506 14.4
110 5507 14.4
110 5508 14.4
110 5509 14.4
110 5510 14.4
110 5511 14.4
110 5512 14.4
110 5513 14.4
110 5514 14.4
110 5515 14.4
110 5516 14.4
110 5517 14.4
110 5518 14.4
110 5519 14.4
110 5520 14.4
110 5521 14.4
110 5522 14.4
110 5523 14.4
110 5524 14.4
110 5525 14.4
110 5526 14.4
110 5527 14.4
110 5528 14.4
110 5529 14.4
110 5530 14.4
110 5531 14.4
110 5532 14.4
110 5533 14.4
110 5534 14.4
110 5535 14.4
110 5536 14.4
110 5537 14.4
110 5538 14.4
110 5539 14.4
110 5540 14.4
110 5541 14.4
110 5542 14.4
110 5543 14.4
110 5544 14.4
110 5545 14.4
110 5546 14.4
110 5547 14.4
110 5548 14.4
110 5549 14.4
110 5550 14.4
110 5551 14.4
110 5552 14.4
110 5553 14.4
110 5554 14.4
110 5555 14.4
110 5556 14.4
111 5557 14.4
111 5558 14.4
111 5559 14.4
111 5560 14.4
111 5561 14.4
111 5562 14.4
111 5563 14.4
111 5564 14.4
111 5565 14.4
111 5566 14.4
111 5567 14.4
111 5568 14.4
111 5569 14.4
111 5570 14.4
111 5571 14.4
111 5572 14.4
111 5573 14.4
111 5574 14.4
111 5575 14.4
111 5576 14.4
111 5577 14.4
111 5578 14.4
111 5579 14.4
111 5580 14.4
111 5581 14.4
111 5582 14.4
111 5583 14.4
111 5584 14.4
111 5585 14.4
111 5586 14.4
111 5587 14.4
111 5588 14.4
111 5589 14.4
111 5590 14.4
111 5591 14.4
111 5592 14.4
111 5593 14.4
111 5594 14.4
111 5595 14.4
111 5596 14.4
111 5597 14.4
111 5598 14.4
111 5599 14.4
111 5600 14.4
111 5601 14.4
111 5602 14.4
111 5603 14.4
111 5604 14.4
111 5605 14.4
111 5606 14.4
111 5607 14.4
112 5608 14.4
112 5609 14.4
112 5610 14.4
112 5611 14.4
112 5612 14.4
112 5613 14.4
112 5614 14.4
112 5615 14.4
112 5616 14.4
112 5617 14.4
112 5618 14.4
112 5619 14.4
112 5620 14.4
112 5621 14.4
112 5622 14.4
112 5623 14.4
112 5624 14.4
112 5625 14.4
112 5626 14.4
112 5627 14.4
112 5628 14.4
112 5629 14.4
112 5630 14.4
112 5631 14.4
112 5632 14.4
112 5633 14.4
112 5634 14.4
112 5635 14.4
112 5636 14.4
112 5637 14.4
112 5638 14.4
112 5639 14.4
112 5640 14.4
112 5641 14.4
112 5642 14.4
112 5643 14.4
112 5644 14.4
112 5645 14.4
112 5646 14.4
112 5647 14.4
112 5648 14.4
112 5649 14.4
112 5650 14.4
112 5651 14.4
112 5652 14.4
112 5653 14.4
112 5654 14.4
112 5655 14.4
112 5656 14.4
112 5657 14.4
112 5658 14.4
112 5659 14.4
113 5660 14.4
113 5661 14.4
113 5662 14.4
113 5663 14.4
113 5664 14.4
113 5665 14.4
113 5666 14.4
113 5667 14.4
113 5668 14.4
113 5669 14.4
113 5670 14.4
113 5671 14.4
113 5672 14.4
113 5673 14.4
113 5674 14.4
113 5675 14.4
113 5676 14.4
113 5677 14.4
113 5678 14.4
113 5679 14.4
113 5680 14.4
113 5681 14.4
113 5682 14.4
113 5683 14.4
113 5684 14.4
113 5685 14.4
113 5686 14.4
113 5687 14.4
113 5688 14.4
113 5689 14.4
113 5690 14.4
113 5691 14.4
113 5692 14.4
113 5693 14.4
113 5694 14.4
113 5695 14.4
113 5696 14.4
113 5697 14.4
113 5698 14.4
113 5699 14.4
113 5700 14.4
113 5701 14.4
113 5702 14.4
113 5703 14.4
113 5704 14.4
113 5705 14.4
113 5706 14.4
113 5707 14.4
113 5708 14.4
113 5709 14.4
113 5710 14.4
114 5711 14.4
114 5712 14.4
114 5713 14.4
114 5714 14.4
114 5715 14.4
114 5716 14.4
114 5717 14.4
114 5718 14.4
114 5719 14.4
114 5720 14.4
114 5721 14.4
114 5722 14.4
114 5723 14.4
114 5724 14.4
114 5725 14.4
114 5726 14.4
114 5727 14.4
114 5728 14.4
114 5729 14.4
114 5730 14.4
114 5731 14.4
114 5732 14.4
114 5733 14.4
114 5734 14.4
114 5735 14.4
114 5736 14.4
114 5737 14.4
114 5738 14.4
114 5739 14.4
114 5740 14.4
114 5741 14.4
114 5742 14.4
114 5743 14.4
114 5744 14.4
114 5745 14.4
114 5746 14.4
114 5747 14.4
114 5748 14.4
114 5749 14.4
114 5750 14.4
114 5751 14.4
114 5752 14.4
114 5753 14.4
114 5754 14.4
114 5755 14.4
114 5756 14.4
114 5757 14.4
114 5758 14.4
114 5759 14.4
114 5760 14.4
114 5761 14.4
114 5762 14.4
114 5763 14.4
114 5764 14.4
115 5765 14.4
115 5766 14.4
115 5767 14.4
115 5768 14.4
115 5769 14.4
115 5770 14.4
115 5771 14.4
115 5772 14.4
115 5773 14.4
115 5774 14.4
115 5775 14.4
115 5776 14.4
115 5777 14.4
115 5778 14.4
115 5779 14.4
115 5780 14.4
115 5781 14.4
115 5782 14.4
115 5783 14.4
115 5784 14.4
115 5785 14.4
115 5786 14.4
115 5787 14.4
115 5788 14.4
115 5789 14.4
115 5790 14.4
115 5791 14.4
115 5792 14.4
115 5793 14.4
115 5794 14.4
115 5795 14.4
115 5796 14.4
115 5797 14.4
115 5798 14.4
115 5799 14.4
115 5800 14.4
115 5801 14.4
115 5802 14.4
115 5803 14.4
115 5804 14.4
115 5805 14.4
115 5806 14.4
115 5807 14.4
115 5808 14.4
115 5809 14.4
115 5810 14.4
115 5811 14.4
115 5812 14.4
115 5813 14.4
115 5814 14.4
115 5815 14.4
116 5816 14.4
116 5817 14.4
116 5818 14.4
116 5819 14.4
116 5820 14.4
116 5821 14.4
116 5822 14.4
116 5823 14.4
116 5824 14.4
116 5825 14.4
116 5826 14.4
116 5827 14.4
116 5828 14.4
116 5829 14.4
116 5830 14.4
116 5831 14.4
116 5832 14.4
116 5833 14.4
116 5834 14.4
116 5835 14.4
116 5836 14.4
116 5837 14.4
116 5838 14.4
116 5839 14.4
116 5840 14.4
116 5841 14.4
116 5842 14.4
116 5843 14.4
116 5844 14.4
116 5845 14.4
116 5846 14.4
116 5847 14.4
116 5848 14.4
116 5849 14.4
116 5850 14.4
116 5851 14.4
116 5852 14.4
116 5853 14.4
116 5854 14.4
116 5855 14.4
116 5856 14.4
116 5857 14.4
116 5858 14.4
116 5859 14.4
116 5860 14.4
116 5861 14.4
116 5862 14.4
116 5863 14.4
116 5864 14.4
116 5865 14.4
116 5866 14.4
116 5867 14.4
117 5868 14.4
117 5869 14.4
117 5870 14.4
117 5871 14.4
117 5872 14.4
117 5873 14.4
117 5874 14.4
117 5875 14.4
117 5876 14.4
117 5877 14.4
117 5878 14.4
117 5879 14.4
117 5880 14.4
117 5881 14.4
117 5882 14.4
117 5883 14.4
117 5884 14.4
117 5885 14.4
117 5886 14.4
117 5887 14.4
117 5888 14.4
117 5889 14.4
117 5890 14.4
117 5891 14.4
117 5892 14.4
117 5893 14.4
117 5894 14.4
117 5895 14.4
117 5896 14.4
117 5897 14.4
117 5898 14.4
117 5899 14.4
117 5900 14.4
117 5901 14.4
117 5902 14.4
117 5903 14.4
117 5904 14.4
117 5905 14.4
117 5906 14.4
117 5907 14.4
117 5908 14.4
117 5909 14.4
117 5910 14.4
117 5911 14.4
117 5912 14.4
117 5913 14.4
117 5914 14.4
117 5915 14.4
117 5916 14.4
117 5917 14.4
117 5918 14.4
117 5919 14.4
118 5920 14.4
118 5921 14.4
118 5922 14.4
118 5923 14.4
118 5924 14.4
118 5925 14.4
118 5926 14.4
118 5927 14.4
118 5928 14.4
118 5929 14.4
118 5930 14.4
118 5931 14.4
118 5932 14.4
118 5933 14.4
118 5934 14.4
118 5935 14.4
118 5936 14.4
118 5937 14.4
118 5938 14.4
118 5939 14.4
118 5940 14.4
118 5941 14.4
118 5942 14.4
118 5943 14.4
118 5944 14.4
118 5945 14.4
118 5946 14.4
118 5947 14.4
118 5948 14.4
118 5949 14.4
118 5950 14.4
118 5951 14.4
118 5952 14.4
118 5953 14.4
118 5954 14.4
118 5955 14.4
118 5956 14.4
118 5957 14.4
118 5958 14.4
118 5959 14.4
118 5960 14.4
118 5961 14.4
118 5962 14.4
118 5963 14.4
118 5964 14.4
118 5965 14.4
118 5966 14.4
118 5967 14.4
118 5968 14.4
118 5969 14.4
118 5970 14.4
118 5971 14.4
119 5972 14.4
119 5973 14.4
119 5974 14.4
119 5975 14.4
119 5976 14.4
119 5977 14.4
119 5978 14.4
119 5979 14.4
119 5980 14.4
119 5981 14.4
119 5982 14.4
119 5983 14.4
119 5984 14.4
119 5985 14.4
119 5986 14.4
119 5987 14.4
119 5988 14.4
119 5989 14.4
119 5990 14.4
119 5991 14.4
119 5992 14.4
119 5993 14.4
119 5994 14.4
119 5995 14.4
119 5996 14.4
119 5997 14.4
119 5998 14.4
119 5999 14.4
119 6000 14.4
119 6001 14.4
119 6002 14.4
119 6003 14.4
119 6004 14.4
119 6005 14.4
119 6006 14.4
119 6007 14.4
119 6008 14.4
119 6009 14.4
119 6010 14.4
119 6011 14.4
119 6012 14.4
119 6013 14.4
119 6014 14.4
119 6015 14.4
119 6016 14.4
119 6017 14.4
119 6018 14.4
119 6019 14.4
119 6020 14.4
119 6021 14.4
119 6022 14.4
119 6023 14.4
120 6024 14.4
120 6025 14.4
120 6026 14.4
120 6027 14.4
120 6028 14.4
120 6029 14.4
120 6030 14.4
120 6031 14.3
120 6032 14.3
120 6033 14.3
120 6034 14.3
120 6035 14.3
120 6036 14.3
120 6037 14.3
120 6038 14.3
120 6039 14.3
120 6040 14.3
120 6041 14.3
120 6042 14.3
120 6043 14.3
120 6044 14.3
120 6045 14.3
120 6046 14.2
120 6047 14.2
120 6048 14.2
120 6049 14.2
120 6050 14.2
120 6051 14.2
120 6052 14.2
120 6053 14.2
120 6054 14.2
120 6055 14.2
120 6056 14.2
120 6057 14.2
120 6058 14.2
120 6059 14.2
120 6060 14.2
120 6061 14.2
120 6062 14.2
120 6063 14.2
120 6064 14.2
120 6065 14.2
120 6066 14.2
120 6067 14.2
120 6068 14.2
120 6069 14.2
120 6070 14.2
120 6071 14.2
120 6072 14.2
120 6073 14.2
120 6074 14.2
120 6075 14.2
120 6076 14.2
120 6077 14.2
121 6078 14.2
