1 1 49.5
1 2 49.5
1 3 48.0
1 4 48.0
1 5 48.0
1 6 48.0
1 7 48.0
1 8 47.5
1 9 47.5
1 10 47.5
1 11 47.5
1 12 47.5
1 13 47.5
1 14 47.4
1 15 47.3
1 16 47.3
1 17 47.3
1 18 47.3
1 19 47.3
1 20 47.3
1 21 47.3
1 22 47.3
1 23 47.3
1 24 47.2
1 25 47.0
1 26 46.3
1 27 46.3
1 28 46.3
1 29 46.3
1 30 46.3
1 31 46.3
1 32 45.9
1 33 45.9
1 34 45.9
1 35 45.7
1 36 45.0
1 37 45.0
1 38 45.0
1 39 45.0
2 40 45.0
2 41 45.0
2 42 45.0
2 43 44.8
2 44 44.8
2 45 44.8
2 46 44.8
2 47 43.0
2 48 43.0
2 49 43.0
2 50 43.0
2 51 43.0
2 52 43.0
2 53 43.0
2 54 43.0
2 55 43.0
2 56 43.0
2 57 42.6
2 58 42.6
2 59 42.6
2 60 42.6
2 61 42.3
2 62 42.3
2 63 42.3
2 64 42.3
2 65 42.3
2 66 42.3
2 67 42.3
2 68 42.3
2 69 41.7
2 70 41.7
2 71 41.7
2 72 41.7
2 73 41.7
2 74 41.6
2 75 41.6
2 76 41.6
2 77 41.6
2 78 41.6
2 79 41.6
2 80 41.6
2 81 41.6
2 82 41.6
2 83 41.6
3 84 41.6
3 85 41.6
3 86 39.8
3 87 39.8
3 88 39.8
3 89 39.8
3 90 39.8
3 91 39.4
3 92 39.4
3 93 39.3
3 94 39.3
3 95 39.3
3 96 39.3
3 97 39.3
3 98 39.3
3 99 39.3
3 100 39.3
3 101 39.3
3 102 39.3
3 103 39.3
3 104 38.5
3 105 38.5
3 106 38.5
3 107 38.5
3 108 38.5
3 109 38.5
3 110 38.5
3 111 37.2
3 112 37.2
3 113 37.2
3 114 37.2
3 115 37.2
3 116 37.2
3 117 37.2
3 118 37.2
3 119 37.2
3 120 35.6
3 121 35.2
3 122 35.2
3 123 35.2
3 124 35.2
3 125 35.2
3 126 35.2
3 127 35.2
3 128 35.2
4 129 35.2
4 130 35.2
4 131 35.2
4 132 35.2
4 133 35.2
4 134 35.2
4 135 35.2
4 136 35.2
4 137 35.2
4 138 35.2
4 139 35.2
4 140 35.2
4 141 35.2
4 142 35.2
4 143 35.2
4 144 35.2
4 145 35.2
4 146 35.2
4 147 35.2
4 148 35.2
4 149 35.2
4 150 35.2
4 151 35.2
4 152 35.2
4 153 35.2
4 154 35.2
4 155 35.2
4 156 35.2
4 157 35.2
4 158 35.2
4 159 35.2
4 160 35.2
4 161 35.2
4 162 35.2
4 163 35.2
4 164 35.2
4 165 35.2
4 166 35.2
4 167 35.2
4 168 35.2
4 169 35.2
4 170 35.2
4 171 35.2
4 172 35.2
4 173 35.2
4 174 35.2
4 175 35.2
4 176 35.2
5 177 35.2
5 178 35.2
5 179 35.2
5 180 35.2
5 181 35.2
5 182 35.2
5 183 35.2
5 184 35.2
5 185 35.2
5 186 35.2
5 187 35.2
5 188 35.2
5 189 35.2
5 190 35.2
5 191 35.2
5 192 35.2
5 193 35.2
5 194 35.2
5 195 35.2
5 196 35.2
5 197 35.2
5 198 35.2
5 199 35.2
5 200 35.2
5 201 35.2
5 202 35.2
5 203 35.2
5 204 35.2
5 205 35.2
5 206 35.2
5 207 35.2
5 208 35.2
5 209 35.2
5 210 35.2
5 211 35.2
5 212 35.2
5 213 35.2
5 214 35.2
5 215 35.2
5 216 35.2
5 217 35.2
5 218 35.2
5 219 35.2
5 220 34.7
5 221 34.7
5 222 34.7
5 223 34.6
5 224 34.6
6 225 34.6
6 226 34.6
6 227 34.0
6 228 34.0
6 229 34.0
6 230 34.0
6 231 34.0
6 232 34.0
6 233 34.0
6 234 34.0
6 235 34.0
6 236 34.0
6 237 34.0
6 238 34.0
6 239 34.0
6 240 34.0
6 241 34.0
6 242 34.0
6 243 33.2
6 244 33.2
6 245 33.2
6 246 33.2
6 247 33.2
6 248 33.2
6 249 33.2
6 250 33.2
6 251 33.2
6 252 33.2
6 253 33.2
6 254 33.2
6 255 33.2
6 256 33.2
6 257 33.2
6 258 33.2
6 259 33.2
6 260 33.2
6 261 33.2
6 262 33.2
6 263 33.2
6 264 33.2
6 265 33.2
6 266 33.2
6 267 33.2
6 268 33.2
6 269 33.2
6 270 33.2
6 271 33.2
6 272 33.2
6 273 33.2
6 274 33.2
6 275 33.2
6 276 33.2
7 277 33.2
7 278 33.2
7 279 33.2
7 280 33.2
7 281 33.2
7 282 33.2
7 283 33.2
7 284 33.2
7 285 33.2
7 286 33.2
7 287 33.2
7 288 33.2
7 289 33.2
7 290 33.2
7 291 33.2
7 292 33.2
7 293 33.2
7 294 33.2
7 295 33.0
7 296 33.0
7 297 32.8
7 298 32.8
7 299 32.8
7 300 32.8
7 301 32.8
7 302 32.8
7 303 32.4
7 304 32.4
7 305 32.4
7 306 32.4
7 307 32.4
7 308 32.4
7 309 32.4
7 310 32.4
7 311 32.4
7 312 32.4
7 313 32.4
7 314 32.4
7 315 32.2
7 316 32.2
7 317 32.2
7 318 32.2
7 319 32.2
7 320 32.2
7 321 32.2
7 322 32.2
7 323 32.2
7 324 32.2
7 325 32.2
7 326 32.2
8 327 32.2
8 328 32.2
8 329 32.2
8 330 32.2
8 331 32.2
8 332 32.2
8 333 32.2
8 334 32.2
8 335 32.2
8 336 32.0
8 337 32.0
8 338 32.0
8 339 32.0
8 340 32.0
8 341 32.0
8 342 32.0
8 343 32.0
8 344 32.0
8 345 32.0
8 346 32.0
8 347 32.0
8 348 32.0
8 349 32.0
8 350 32.0
8 351 32.0
8 352 32.0
8 353 32.0
8 354 32.0
8 355 32.0
8 356 32.0
8 357 32.0
8 358 32.0
8 359 32.0
8 360 32.0
8 361 32.0
8 362 32.0
8 363 32.0
8 364 32.0
8 365 32.0
8 366 32.0
8 367 32.0
8 368 32.0
8 369 32.0
8 370 32.0
8 371 32.0
8 372 32.0
8 373 32.0
8 374 32.0
8 375 32.0
8 376 32.0
8 377 32.0
9 378 32.0
9 379 32.0
9 380 32.0
9 381 32.0
9 382 32.0
9 383 32.0
9 384 32.0
9 385 32.0
9 386 32.0
9 387 32.0
9 388 32.0
9 389 32.0
9 390 32.0
9 391 32.0
9 392 32.0
9 393 32.0
9 394 32.0
9 395 32.0
9 396 32.0
9 397 32.0
9 398 32.0
9 399 32.0
9 400 32.0
9 401 32.0
9 402 32.0
9 403 32.0
9 404 32.0
9 405 32.0
9 406 32.0
9 407 32.0
9 408 32.0
9 409 32.0
9 410 32.0
9 411 32.0
9 412 32.0
9 413 32.0
9 414 32.0
9 415 32.0
9 416 32.0
9 417 32.0
9 418 32.0
9 419 32.0
9 420 32.0
9 421 32.0
9 422 32.0
9 423 32.0
9 424 32.0
9 425 32.0
9 426 32.0
9 427 32.0
9 428 32.0
9 429 32.0
10 430 32.0
10 431 32.0
10 432 32.0
10 433 32.0
10 434 32.0
10 435 32.0
10 436 32.0
10 437 32.0
10 438 32.0
10 439 32.0
10 440 32.0
10 441 32.0
10 442 32.0
10 443 32.0
10 444 32.0
10 445 32.0
10 446 32.0
10 447 32.0
10 448 32.0
10 449 32.0
10 450 32.0
10 451 32.0
10 452 32.0
10 453 32.0
10 454 32.0
10 455 32.0
10 456 32.0
10 457 32.0
10 458 32.0
10 459 32.0
10 460 32.0
10 461 32.0
10 462 32.0
10 463 32.0
10 464 32.0
10 465 32.0
10 466 32.0
10 467 32.0
10 468 32.0
10 469 32.0
10 470 32.0
10 471 32.0
10 472 32.0
10 473 32.0
10 474 32.0
10 475 32.0
10 476 32.0
11 477 32.0
11 478 32.0
11 479 32.0
11 480 32.0
11 481 32.0
11 482 32.0
11 483 32.0
11 484 32.0
11 485 32.0
11 486 32.0
11 487 32.0
11 488 32.0
11 489 32.0
11 490 32.0
11 491 32.0
11 492 32.0
11 493 32.0
11 494 32.0
11 495 32.0
11 496 32.0
11 497 32.0
11 498 32.0
11 499 32.0
11 500 32.0
11 501 32.0
11 502 32.0
11 503 32.0
11 504 32.0
11 505 32.0
11 506 32.0
11 507 32.0
11 508 32.0
11 509 32.0
11 510 32.0
11 511 32.0
11 512 32.0
11 513 32.0
11 514 32.0
11 515 32.0
11 516 32.0
11 517 32.0
11 518 32.0
11 519 32.0
11 520 32.0
11 521 32.0
11 522 32.0
11 523 32.0
11 524 32.0
11 525 32.0
11 526 32.0
12 527 32.0
12 528 32.0
12 529 32.0
12 530 32.0
12 531 32.0
12 532 32.0
12 533 32.0
12 534 32.0
12 535 32.0
12 536 32.0
12 537 32.0
12 538 32.0
12 539 32.0
12 540 32.0
12 541 32.0
12 542 32.0
12 543 32.0
12 544 32.0
12 545 31.1
12 546 31.1
12 547 31.1
12 548 30.9
12 549 30.9
12 550 30.9
12 551 30.9
12 552 30.5
12 553 30.5
12 554 30.5
12 555 30.5
12 556 30.5
12 557 30.5
12 558 30.1
12 559 30.1
12 560 30.1
12 561 30.1
12 562 30.1
12 563 30.1
12 564 30.1
12 565 30.1
12 566 30.1
12 567 30.0
12 568 30.0
12 569 30.0
12 570 30.0
12 571 30.0
12 572 30.0
12 573 30.0
12 574 30.0
12 575 30.0
12 576 30.0
13 577 30.0
13 578 30.0
13 579 30.0
13 580 29.6
13 581 29.6
13 582 29.6
13 583 29.6
13 584 29.6
13 585 29.6
13 586 29.6
13 587 29.6
13 588 29.6
13 589 28.9
13 590 28.9
13 591 28.9
13 592 28.9
13 593 28.9
13 594 28.9
13 595 28.9
13 596 28.9
13 597 28.9
13 598 28.9
13 599 28.9
13 600 28.9
13 601 28.9
13 602 28.9
13 603 28.9
13 604 28.9
13 605 28.9
13 606 28.9
13 607 28.9
13 608 28.9
13 609 28.9
13 610 28.9
13 611 28.9
13 612 28.9
13 613 28.9
13 614 28.9
13 615 28.9
13 616 28.9
13 617 28.9
13 618 28.9
13 619 28.9
13 620 28.9
13 621 28.9
13 622 28.9
13 623 28.9
13 624 28.9
13 625 28.9
13 626 28.9
14 627 28.9
14 628 28.9
14 629 28.9
14 630 28.8
14 631 28.8
14 632 28.8
14 633 28.8
14 634 28.8
14 635 28.8
14 636 28.8
14 637 28.8
14 638 28.8
14 639 28.8
14 640 28.8
14 641 28.8
14 642 28.8
14 643 28.8
14 644 28.8
14 645 28.8
14 646 28.8
14 647 28.8
14 648 28.8
14 649 28.8
14 650 28.8
14 651 28.8
14 652 28.8
14 653 28.8
14 654 28.8
14 655 28.8
14 656 28.8
14 657 28.8
14 658 28.8
14 659 28.8
14 660 28.8
14 661 28.8
14 662 28.8
14 663 28.8
14 664 28.8
14 665 28.8
14 666 28.8
14 667 28.8
14 668 28.8
14 669 28.8
14 670 28.8
14 671 28.8
14 672 28.4
14 673 28.4
14 674 28.4
14 675 28.4
14 676 28.4
14 677 28.4
14 678 28.4
14 679 28.4
15 680 28.4
15 681 28.4
15 682 28.4
15 683 28.4
15 684 28.4
15 685 28.0
15 686 28.0
15 687 28.0
15 688 27.9
15 689 27.9
15 690 27.9
15 691 27.9
15 692 27.9
15 693 27.9
15 694 27.9
15 695 27.9
15 696 27.9
15 697 27.5
15 698 27.5
15 699 27.4
15 700 27.3
15 701 27.3
15 702 27.3
15 703 27.3
15 704 27.3
15 705 27.3
15 706 27.3
15 707 27.3
15 708 27.3
15 709 27.3
15 710 27.3
15 711 27.3
15 712 27.2
15 713 27.2
15 714 27.2
15 715 27.2
15 716 27.2
15 717 27.2
15 718 27.2
15 719 26.9
15 720 26.9
15 721 26.9
15 722 26.9
15 723 26.9
15 724 26.9
15 725 26.6
15 726 26.6
15 727 26.6
15 728 26.6
15 729 26.6
15 730 26.6
15 731 26.6
15 732 26.6
15 733 26.5
16 734 26.5
16 735 26.5
16 736 26.5
16 737 26.5
16 738 26.5
16 739 26.5
16 740 26.5
16 741 26.5
16 742 26.5
16 743 26.5
16 744 26.5
16 745 26.5
16 746 26.5
16 747 26.5
16 748 26.5
16 749 26.5
16 750 26.5
16 751 26.5
16 752 26.5
16 753 26.4
16 754 26.4
16 755 26.4
16 756 26.4
16 757 26.4
16 758 26.4
16 759 26.4
16 760 26.4
16 761 26.4
16 762 26.4
16 763 26.4
16 764 26.4
16 765 26.4
16 766 26.4
16 767 26.4
16 768 26.4
16 769 26.4
16 770 26.4
16 771 26.4
16 772 26.4
16 773 26.4
16 774 26.4
16 775 26.4
16 776 26.4
16 777 26.4
16 778 26.4
16 779 26.4
16 780 26.4
16 781 26.4
16 782 26.4
16 783 26.4
16 784 26.4
17 785 26.4
17 786 26.4
17 787 26.4
17 788 26.4
17 789 26.4
17 790 26.4
17 791 26.4
17 792 26.4
17 793 26.4
17 794 26.4
17 795 26.4
17 796 26.4
17 797 26.4
17 798 26.4
17 799 26.4
17 800 26.4
17 801 26.4
17 802 26.4
17 803 26.4
17 804 26.4
17 805 26.4
17 806 26.4
17 807 26.4
17 808 26.4
17 809 26.4
17 810 26.4
17 811 26.4
17 812 26.4
17 813 26.4
17 814 26.4
17 815 26.4
17 816 26.4
17 817 26.4
17 818 26.4
17 819 26.4
17 820 26.4
17 821 26.4
17 822 26.4
17 823 26.4
17 824 26.4
17 825 26.4
17 826 26.4
17 827 26.4
17 828 26.4
17 829 26.4
17 830 26.4
17 831 26.4
17 832 26.4
17 833 26.4
17 834 26.4
17 835 26.4
18 836 26.4
18 837 26.4
18 838 26.4
18 839 26.4
18 840 26.4
18 841 26.4
18 842 26.4
18 843 26.4
18 844 26.4
18 845 26.4
18 846 26.4
18 847 26.4
18 848 26.4
18 849 26.4
18 850 26.4
18 851 26.4
18 852 26.4
18 853 26.4
18 854 26.4
18 855 26.4
18 856 26.4
18 857 26.4
18 858 26.4
18 859 26.4
18 860 26.4
18 861 26.4
18 862 26.4
18 863 26.4
18 864 26.4
18 865 26.4
18 866 26.4
18 867 26.4
18 868 26.4
18 869 26.4
18 870 26.4
18 871 26.4
18 872 26.4
18 873 26.4
18 874 26.4
18 875 26.4
18 876 26.4
18 877 26.4
18 878 26.4
18 879 26.4
18 880 26.4
18 881 26.4
18 882 26.4
18 883 26.4
18 884 26.4
18 885 26.4
19 886 26.4
19 887 26.4
19 888 26.4
19 889 26.4
19 890 26.4
19 891 26.4
19 892 26.4
19 893 26.4
19 894 26.4
19 895 26.4
19 896 26.4
19 897 26.4
19 898 26.4
19 899 26.4
19 900 26.4
19 901 26.4
19 902 26.4
19 903 26.4
19 904 26.4
19 905 26.4
19 906 26.4
19 907 26.4
19 908 26.4
19 909 26.4
19 910 26.4
19 911 26.4
19 912 26.4
19 913 26.4
19 914 26.4
19 915 26.4
19 916 26.4
19 917 26.4
19 918 26.4
19 919 26.4
19 920 26.4
19 921 26.4
19 922 26.4
19 923 26.4
19 924 26.4
19 925 26.4
19 926 26.4
19 927 26.4
19 928 26.4
19 929 26.4
19 930 26.4
19 931 26.4
19 932 26.4
19 933 26.4
20 934 26.4
20 935 26.4
20 936 26.4
20 937 26.4
20 938 26.4
20 939 26.4
20 940 26.4
20 941 26.4
20 942 26.4
20 943 26.4
20 944 26.4
20 945 26.4
20 946 26.4
20 947 26.4
20 948 26.4
20 949 26.4
20 950 26.4
20 951 26.4
20 952 26.4
20 953 26.4
20 954 26.4
20 955 26.4
20 956 26.4
20 957 26.4
20 958 26.4
20 959 26.4
20 960 26.4
20 961 26.4
20 962 26.4
20 963 26.4
20 964 26.4
20 965 26.4
20 966 26.4
20 967 26.4
20 968 26.4
20 969 26.4
20 970 26.4
20 971 26.4
20 972 26.4
20 973 26.4
20 974 26.4
20 975 26.4
20 976 26.4
20 977 26.4
20 978 26.4
20 979 26.4
20 980 26.4
21 981 26.4
21 982 26.4
21 983 26.4
21 984 26.4
21 985 26.4
21 986 26.4
21 987 26.4
21 988 26.4
21 989 26.4
21 990 26.4
21 991 26.4
21 992 26.4
21 993 26.4
21 994 26.4
21 995 26.4
21 996 26.4
21 997 26.4
21 998 26.4
21 999 26.4
21 1000 26.4
21 1001 26.4
21 1002 26.4
21 1003 26.4
21 1004 26.4
21 1005 26.4
21 1006 26.4
21 1007 26.4
21 1008 26.4
21 1009 26.4
21 1010 26.4
21 1011 26.4
21 1012 26.4
21 1013 26.4
21 1014 26.4
21 1015 26.4
21 1016 26.4
21 1017 26.4
21 1018 26.4
21 1019 26.4
21 1020 26.4
21 1021 26.4
21 1022 26.4
21 1023 26.4
21 1024 26.4
21 1025 26.4
21 1026 26.4
21 1027 26.4
21 1028 26.4
21 1029 26.4
21 1030 26.4
21 1031 26.4
22 1032 26.4
22 1033 26.4
22 1034 26.4
22 1035 26.4
22 1036 26.4
22 1037 26.4
22 1038 26.4
22 1039 26.4
22 1040 26.4
22 1041 26.4
22 1042 26.4
22 1043 26.4
22 1044 26.4
22 1045 26.4
22 1046 26.4
22 1047 26.4
22 1048 26.4
22 1049 26.4
22 1050 26.4
22 1051 26.4
22 1052 26.4
22 1053 26.4
22 1054 26.4
22 1055 26.4
22 1056 26.4
22 1057 26.4
22 1058 26.4
22 1059 26.4
22 1060 26.4
22 1061 26.4
22 1062 26.4
22 1063 26.4
22 1064 26.4
22 1065 26.4
22 1066 26.4
22 1067 26.4
22 1068 26.4
22 1069 26.4
22 1070 26.4
22 1071 26.4
22 1072 26.4
22 1073 26.4
22 1074 26.4
22 1075 26.4
22 1076 26.4
22 1077 26.4
22 1078 26.4
22 1079 26.4
22 1080 26.4
22 1081 26.4
22 1082 26.4
23 1083 26.4
23 1084 26.4
23 1085 26.4
23 1086 26.4
23 1087 26.4
23 1088 26.4
23 1089 26.4
23 1090 26.4
23 1091 26.4
23 1092 26.4
23 1093 26.4
23 1094 26.4
23 1095 26.4
23 1096 26.4
23 1097 26.4
23 1098 26.4
23 1099 26.4
23 1100 26.4
23 1101 26.4
23 1102 26.4
23 1103 26.4
23 1104 26.4
23 1105 26.4
23 1106 26.4
23 1107 26.4
23 1108 26.4
23 1109 26.4
23 1110 26.4
23 1111 26.4
23 1112 26.4
23 1113 26.4
23 1114 26.4
23 1115 26.4
23 1116 26.4
23 1117 26.4
23 1118 26.4
23 1119 26.4
23 1120 26.4
23 1121 26.4
23 1122 26.4
23 1123 26.4
23 1124 26.4
23 1125 26.4
23 1126 26.4
23 1127 26.4
23 1128 26.4
23 1129 26.4
23 1130 26.4
23 1131 26.4
23 1132 26.4
23 1133 26.4
24 1134 26.4
24 1135 26.4
24 1136 26.4
24 1137 26.4
24 1138 26.4
24 1139 26.4
24 1140 26.4
24 1141 26.4
24 1142 26.4
24 1143 26.4
24 1144 26.4
24 1145 26.4
24 1146 26.4
24 1147 26.4
24 1148 26.4
24 1149 26.4
24 1150 26.4
24 1151 26.4
24 1152 26.4
24 1153 26.4
24 1154 26.4
24 1155 26.4
24 1156 26.4
24 1157 26.4
24 1158 26.4
24 1159 26.4
24 1160 26.4
24 1161 26.4
24 1162 26.4
24 1163 26.4
24 1164 26.4
24 1165 26.4
24 1166 26.4
24 1167 26.4
24 1168 26.4
24 1169 26.4
24 1170 26.4
24 1171 26.4
24 1172 26.4
24 1173 26.4
24 1174 26.4
24 1175 26.4
24 1176 26.4
24 1177 26.4
24 1178 26.4
24 1179 26.4
24 1180 26.4
24 1181 26.4
25 1182 26.4
25 1183 26.4
25 1184 26.4
25 1185 26.4
25 1186 26.4
25 1187 26.4
25 1188 26.4
25 1189 26.4
25 1190 26.4
25 1191 26.4
25 1192 26.4
25 1193 26.4
25 1194 26.4
25 1195 26.4
25 1196 26.4
25 1197 26.4
25 1198 26.4
25 1199 26.4
25 1200 26.4
25 1201 26.4
25 1202 26.4
25 1203 26.4
25 1204 26.4
25 1205 26.4
25 1206 26.4
25 1207 26.4
25 1208 26.4
25 1209 26.4
25 1210 26.4
25 1211 26.4
25 1212 26.4
25 1213 26.4
25 1214 26.4
25 1215 26.4
25 1216 26.4
25 1217 26.4
25 1218 26.4
25 1219 26.4
25 1220 26.4
25 1221 26.4
25 1222 26.4
25 1223 26.4
25 1224 26.4
25 1225 26.4
25 1226 26.4
25 1227 26.4
25 1228 26.4
25 1229 26.4
25 1230 26.4
25 1231 26.4
25 1232 26.4
26 1233 26.4
26 1234 26.4
26 1235 26.4
26 1236 26.4
26 1237 26.4
26 1238 26.4
26 1239 26.4
26 1240 26.4
26 1241 26.4
26 1242 26.4
26 1243 26.4
26 1244 26.4
26 1245 26.4
26 1246 26.4
26 1247 26.4
26 1248 26.4
26 1249 26.4
26 1250 26.4
26 1251 26.4
26 1252 26.4
26 1253 26.4
26 1254 26.4
26 1255 26.4
26 1256 26.4
26 1257 26.4
26 1258 26.4
26 1259 26.4
26 1260 26.4
26 1261 26.4
26 1262 26.4
26 1263 26.4
26 1264 26.4
26 1265 26.4
26 1266 26.4
26 1267 26.4
26 1268 26.4
26 1269 26.4
26 1270 26.4
26 1271 26.4
26 1272 26.4
26 1273 26.4
26 1274 26.4
26 1275 26.4
26 1276 26.4
26 1277 26.4
26 1278 26.4
26 1279 26.4
27 1280 26.4
27 1281 26.4
27 1282 26.4
27 1283 26.4
27 1284 26.4
27 1285 26.4
27 1286 26.4
27 1287 26.4
27 1288 26.4
27 1289 26.4
27 1290 26.4
27 1291 26.4
27 1292 26.4
27 1293 26.4
27 1294 26.4
27 1295 26.4
27 1296 26.4
27 1297 26.4
27 1298 26.4
27 1299 26.4
27 1300 26.4
27 1301 26.4
27 1302 26.4
27 1303 26.4
27 1304 26.4
27 1305 26.4
27 1306 26.4
27 1307 26.4
27 1308 26.4
27 1309 26.4
27 1310 26.4
27 1311 26.4
27 1312 26.4
27 1313 26.4
27 1314 26.4
27 1315 26.4
27 1316 26.4
27 1317 26.4
27 1318 26.4
27 1319 26.4
27 1320 26.4
27 1321 26.4
27 1322 26.4
27 1323 26.4
27 1324 26.4
27 1325 26.4
27 1326 26.4
27 1327 26.4
27 1328 26.4
27 1329 26.4
27 1330 26.4
27 1331 26.4
28 1332 26.4
28 1333 26.4
28 1334 26.4
28 1335 26.4
28 1336 26.4
28 1337 26.4
28 1338 26.4
28 1339 26.4
28 1340 26.4
28 1341 26.4
28 1342 26.4
28 1343 26.4
28 1344 26.4
28 1345 26.4
28 1346 26.4
28 1347 26.4
28 1348 26.4
28 1349 26.4
28 1350 26.4
28 1351 26.4
28 1352 26.4
28 1353 26.4
28 1354 26.4
28 1355 26.4
28 1356 26.4
28 1357 26.4
28 1358 26.4
28 1359 26.4
28 1360 26.4
28 1361 26.4
28 1362 26.4
28 1363 26.4
28 1364 26.4
28 1365 26.4
28 1366 26.4
28 1367 26.4
28 1368 26.4
28 1369 26.4
28 1370 26.4
28 1371 26.4
28 1372 26.4
28 1373 26.4
28 1374 26.4
28 1375 26.4
28 1376 26.4
28 1377 26.4
28 1378 26.4
28 1379 26.4
28 1380 26.4
28 1381 26.4
29 1382 26.4
29 1383 26.4
29 1384 26.4
29 1385 26.4
29 1386 26.4
29 1387 26.4
29 1388 26.4
29 1389 26.4
29 1390 26.4
29 1391 26.4
29 1392 26.4
29 1393 26.4
29 1394 26.4
29 1395 26.4
29 1396 26.4
29 1397 26.4
29 1398 26.4
29 1399 26.4
29 1400 26.4
29 1401 26.4
29 1402 26.4
29 1403 26.4
29 1404 26.4
29 1405 26.4
29 1406 26.4
29 1407 26.4
29 1408 26.4
29 1409 26.4
29 1410 26.4
29 1411 26.4
29 1412 26.4
29 1413 26.4
29 1414 26.4
29 1415 26.4
29 1416 26.4
29 1417 26.4
29 1418 26.4
29 1419 26.4
29 1420 26.4
29 1421 26.4
29 1422 26.4
29 1423 26.4
29 1424 26.4
29 1425 26.4
29 1426 26.4
29 1427 26.4
29 1428 26.4
29 1429 26.4
29 1430 26.4
29 1431 26.4
29 1432 26.4
30 1433 26.4
30 1434 26.4
30 1435 26.4
30 1436 26.4
30 1437 26.4
30 1438 26.4
30 1439 26.4
30 1440 26.4
30 1441 26.4
30 1442 26.4
30 1443 26.4
30 1444 26.4
30 1445 26.4
30 1446 26.4
30 1447 26.4
30 1448 26.4
30 1449 26.4
30 1450 26.4
30 1451 26.4
30 1452 26.4
30 1453 26.4
30 1454 26.4
30 1455 26.4
30 1456 26.4
30 1457 26.4
30 1458 26.4
30 1459 26.4
30 1460 26.4
30 1461 26.4
30 1462 26.4
30 1463 26.4
30 1464 26.4
30 1465 26.4
30 1466 26.4
30 1467 26.4
30 1468 26.4
30 1469 26.4
30 1470 26.4
30 1471 26.4
30 1472 26.4
30 1473 26.4
30 1474 26.4
30 1475 26.4
30 1476 26.4
30 1477 26.4
30 1478 26.4
30 1479 26.4
30 1480 26.4
30 1481 26.4
30 1482 26.4
30 1483 26.4
31 1484 26.4
31 1485 26.4
31 1486 26.4
31 1487 26.4
31 1488 26.4
31 1489 26.4
31 1490 26.4
31 1491 26.4
31 1492 26.4
31 1493 26.4
31 1494 26.4
31 1495 26.4
31 1496 26.4
31 1497 26.4
31 1498 26.4
31 1499 26.4
31 1500 26.4
31 1501 26.4
31 1502 26.4
31 1503 26.4
31 1504 26.4
31 1505 26.4
31 1506 26.4
31 1507 26.4
31 1508 26.4
31 1509 26.4
31 1510 26.4
31 1511 26.4
31 1512 26.4
31 1513 26.4
31 1514 26.4
31 1515 26.4
31 1516 26.4
31 1517 26.4
31 1518 26.4
31 1519 26.4
31 1520 26.4
31 1521 26.4
31 1522 26.4
31 1523 26.4
31 1524 26.4
31 1525 26.4
31 1526 26.4
31 1527 26.4
31 1528 26.4
31 1529 26.4
31 1530 26.4
31 1531 26.4
31 1532 26.4
31 1533 26.4
31 1534 26.4
32 1535 26.4
32 1536 26.4
32 1537 26.4
32 1538 26.4
32 1539 26.4
32 1540 26.4
32 1541 26.4
32 1542 26.4
32 1543 26.4
32 1544 26.4
32 1545 26.4
32 1546 26.4
32 1547 26.4
32 1548 26.4
32 1549 26.4
32 1550 26.4
32 1551 26.4
32 1552 26.4
32 1553 26.4
32 1554 26.4
32 1555 26.4
32 1556 26.4
32 1557 26.4
32 1558 26.4
32 1559 26.4
32 1560 26.4
32 1561 26.4
32 1562 26.4
32 1563 26.4
32 1564 26.4
32 1565 26.4
32 1566 26.4
32 1567 26.4
32 1568 26.4
32 1569 26.4
32 1570 26.4
32 1571 26.4
32 1572 26.4
32 1573 26.4
32 1574 26.4
32 1575 26.4
32 1576 26.4
32 1577 26.4
32 1578 26.4
32 1579 26.4
32 1580 26.4
32 1581 26.4
32 1582 26.4
32 1583 26.4
32 1584 26.4
32 1585 26.4
32 1586 26.4
32 1587 26.4
33 1588 26.4
33 1589 26.4
33 1590 26.4
33 1591 26.4
33 1592 26.4
33 1593 26.4
33 1594 26.4
33 1595 26.4
33 1596 26.4
33 1597 26.4
33 1598 26.4
33 1599 26.4
33 1600 26.4
33 1601 26.4
33 1602 26.4
33 1603 26.4
33 1604 26.4
33 1605 26.4
33 1606 26.4
33 1607 26.4
33 1608 26.4
33 1609 26.4
33 1610 26.4
33 1611 26.4
33 1612 26.4
33 1613 26.4
33 1614 26.4
33 1615 26.4
33 1616 26.4
33 1617 26.4
33 1618 26.4
33 1619 26.4
33 1620 26.4
33 1621 26.4
33 1622 26.4
33 1623 26.4
33 1624 26.4
33 1625 26.4
33 1626 26.4
33 1627 26.4
33 1628 26.4
33 1629 26.4
33 1630 26.4
33 1631 26.4
33 1632 26.4
33 1633 26.4
33 1634 26.4
33 1635 26.4
33 1636 26.4
34 1637 26.4
34 1638 26.4
34 1639 26.4
34 1640 26.4
34 1641 26.4
34 1642 26.4
34 1643 26.4
34 1644 26.4
34 1645 26.4
34 1646 26.4
34 1647 26.4
34 1648 26.4
34 1649 26.4
34 1650 26.4
34 1651 26.4
34 1652 26.4
34 1653 26.4
34 1654 26.4
34 1655 26.4
34 1656 26.4
34 1657 26.4
34 1658 26.4
34 1659 26.4
34 1660 26.4
34 1661 26.4
34 1662 26.4
34 1663 26.4
34 1664 26.4
34 1665 26.4
34 1666 26.4
34 1667 26.4
34 1668 26.4
34 1669 26.4
34 1670 26.4
34 1671 26.4
34 1672 26.4
34 1673 26.4
34 1674 26.4
34 1675 26.4
34 1676 26.4
34 1677 26.4
34 1678 26.4
34 1679 26.4
34 1680 26.4
34 1681 26.4
34 1682 26.4
34 1683 26.4
34 1684 26.4
34 1685 26.4
35 1686 26.4
35 1687 26.4
35 1688 26.4
35 1689 26.4
35 1690 26.4
35 1691 26.4
35 1692 26.4
35 1693 26.4
35 1694 26.4
35 1695 26.4
35 1696 26.4
35 1697 26.4
35 1698 26.4
35 1699 26.4
35 1700 26.4
35 1701 26.4
35 1702 26.4
35 1703 26.4
35 1704 26.4
35 1705 26.4
35 1706 26.4
35 1707 26.4
35 1708 26.4
35 1709 26.4
35 1710 26.4
35 1711 26.4
35 1712 26.4
35 1713 26.4
35 1714 26.4
35 1715 26.4
35 1716 26.4
35 1717 26.4
35 1718 26.4
35 1719 26.4
35 1720 26.4
35 1721 26.4
35 1722 26.4
35 1723 26.4
35 1724 26.4
35 1725 26.4
35 1726 26.4
35 1727 26.4
35 1728 26.4
35 1729 26.4
35 1730 26.4
35 1731 26.4
35 1732 26.4
35 1733 26.4
35 1734 26.4
35 1735 26.4
35 1736 26.4
35 1737 26.4
36 1738 26.4
36 1739 26.4
36 1740 26.4
36 1741 26.4
36 1742 26.4
36 1743 26.4
36 1744 26.4
36 1745 26.4
36 1746 26.4
36 1747 26.4
36 1748 26.4
36 1749 26.4
36 1750 26.4
36 1751 26.4
36 1752 26.4
36 1753 26.4
36 1754 26.4
36 1755 26.4
36 1756 26.4
36 1757 26.4
36 1758 26.4
36 1759 26.4
36 1760 26.4
36 1761 26.4
36 1762 26.4
36 1763 26.4
36 1764 26.4
36 1765 26.4
36 1766 26.4
36 1767 26.4
36 1768 26.4
36 1769 26.4
36 1770 26.4
36 1771 26.4
36 1772 26.4
36 1773 26.4
36 1774 26.4
36 1775 26.4
36 1776 26.4
36 1777 26.4
36 1778 26.4
36 1779 26.4
36 1780 26.4
36 1781 26.4
36 1782 26.4
36 1783 26.4
36 1784 26.4
36 1785 26.4
36 1786 26.4
36 1787 26.4
37 1788 26.4
37 1789 26.4
37 1790 26.4
37 1791 26.4
37 1792 26.4
37 1793 26.4
37 1794 26.4
37 1795 26.4
37 1796 26.4
37 1797 26.4
37 1798 26.4
37 1799 26.4
37 1800 26.4
37 1801 26.4
37 1802 26.4
37 1803 26.4
37 1804 26.4
37 1805 26.4
37 1806 26.4
37 1807 26.4
37 1808 26.4
37 1809 26.4
37 1810 26.4
37 1811 26.4
37 1812 26.4
37 1813 26.4
37 1814 26.4
37 1815 26.4
37 1816 26.4
37 1817 26.4
37 1818 26.4
37 1819 26.4
37 1820 26.4
37 1821 26.4
37 1822 26.4
37 1823 26.4
37 1824 26.4
37 1825 26.4
37 1826 26.4
37 1827 26.4
37 1828 26.4
37 1829 26.4
37 1830 26.4
37 1831 26.4
37 1832 26.4
37 1833 26.4
37 1834 26.4
37 1835 26.4
37 1836 26.4
37 1837 26.4
38 1838 26.4
38 1839 26.4
38 1840 26.4
38 1841 26.4
38 1842 26.4
38 1843 26.4
38 1844 26.4
38 1845 26.4
38 1846 26.4
38 1847 26.4
38 1848 26.4
38 1849 26.4
38 1850 26.4
38 1851 26.4
38 1852 26.4
38 1853 26.4
38 1854 26.4
38 1855 26.4
38 1856 26.4
38 1857 26.4
38 1858 26.4
38 1859 26.4
38 1860 26.4
38 1861 26.4
38 1862 26.4
38 1863 26.4
38 1864 26.4
38 1865 26.4
38 1866 26.4
38 1867 26.4
38 1868 26.4
38 1869 26.4
38 1870 26.4
38 1871 26.4
38 1872 26.4
38 1873 26.4
38 1874 26.4
38 1875 26.4
38 1876 26.4
38 1877 26.4
38 1878 26.4
38 1879 26.4
38 1880 26.4
38 1881 26.4
38 1882 26.4
38 1883 26.4
38 1884 26.4
38 1885 26.4
38 1886 26.4
39 1887 26.4
39 1888 26.4
39 1889 26.4
39 1890 26.4
39 1891 26.4
39 1892 26.4
39 1893 26.4
39 1894 26.4
39 1895 26.4
39 1896 26.4
39 1897 26.4
39 1898 26.4
39 1899 26.4
39 1900 26.4
39 1901 26.4
39 1902 26.4
39 1903 26.4
39 1904 26.4
39 1905 26.4
39 1906 26.4
39 1907 26.4
39 1908 26.4
39 1909 26.4
39 1910 26.4
39 1911 26.4
39 1912 26.4
39 1913 26.4
39 1914 26.4
39 1915 26.4
39 1916 26.4
39 1917 26.4
39 1918 26.4
39 1919 26.4
39 1920 26.4
39 1921 26.4
39 1922 26.4
39 1923 26.4
39 1924 26.4
39 1925 26.4
39 1926 26.4
39 1927 26.4
39 1928 26.4
39 1929 26.4
39 1930 26.4
39 1931 26.4
39 1932 26.4
39 1933 26.4
39 1934 26.4
39 1935 26.4
40 1936 26.4
40 1937 26.4
40 1938 26.4
40 1939 26.4
40 1940 26.4
40 1941 26.4
40 1942 26.4
40 1943 26.4
40 1944 26.4
40 1945 26.4
40 1946 26.4
40 1947 26.4
40 1948 26.4
40 1949 26.4
40 1950 26.4
40 1951 26.4
40 1952 26.4
40 1953 26.4
40 1954 26.4
40 1955 26.4
40 1956 26.4
40 1957 26.4
40 1958 26.4
40 1959 26.4
40 1960 26.4
40 1961 26.4
40 1962 26.4
40 1963 26.4
40 1964 26.4
40 1965 26.4
40 1966 26.4
40 1967 26.4
40 1968 26.4
40 1969 26.4
40 1970 26.4
40 1971 26.4
40 1972 26.4
40 1973 26.4
40 1974 26.4
40 1975 26.4
40 1976 26.4
40 1977 26.4
40 1978 26.4
40 1979 26.4
40 1980 26.4
40 1981 26.4
40 1982 26.4
40 1983 26.4
40 1984 26.4
40 1985 26.4
40 1986 26.4
40 1987 26.4
40 1988 26.4
41 1989 26.4
41 1990 26.4
41 1991 26.4
41 1992 26.4
41 1993 26.4
41 1994 26.4
41 1995 26.4
41 1996 26.4
41 1997 26.4
41 1998 26.4
41 1999 26.4
41 2000 26.4
41 2001 26.4
41 2002 26.4
41 2003 26.4
41 2004 26.4
41 2005 26.4
41 2006 26.4
41 2007 26.4
41 2008 26.4
41 2009 26.4
41 2010 26.4
41 2011 26.4
41 2012 26.2
41 2013 26.2
41 2014 26.2
41 2015 26.2
41 2016 26.2
41 2017 26.2
41 2018 26.2
41 2019 26.2
41 2020 26.2
41 2021 26.2
41 2022 26.2
41 2023 26.2
41 2024 26.2
41 2025 26.2
41 2026 26.2
41 2027 26.2
41 2028 26.2
41 2029 26.2
41 2030 26.2
41 2031 26.2
41 2032 26.2
41 2033 26.2
42 2034 26.1
42 2035 26.1
42 2036 26.1
42 2037 26.1
42 2038 26.1
42 2039 26.1
42 2040 26.1
42 2041 26.1
42 2042 26.1
42 2043 26.0
42 2044 26.0
42 2045 26.0
42 2046 26.0
42 2047 26.0
42 2048 26.0
42 2049 26.0
42 2050 26.0
42 2051 26.0
42 2052 26.0
42 2053 26.0
42 2054 26.0
42 2055 26.0
42 2056 26.0
42 2057 26.0
42 2058 26.0
42 2059 26.0
42 2060 26.0
42 2061 26.0
42 2062 26.0
42 2063 26.0
42 2064 26.0
42 2065 26.0
42 2066 26.0
42 2067 26.0
42 2068 26.0
42 2069 26.0
42 2070 26.0
42 2071 26.0
42 2072 26.0
42 2073 26.0
42 2074 26.0
42 2075 25.8
42 2076 25.8
42 2077 25.8
42 2078 25.8
43 2079 25.8
43 2080 25.8
43 2081 25.8
43 2082 25.8
43 2083 25.8
43 2084 25.8
43 2085 25.8
43 2086 25.8
43 2087 25.8
43 2088 25.8
43 2089 25.8
43 2090 25.8
43 2091 25.8
43 2092 25.8
43 2093 25.8
43 2094 25.8
43 2095 25.8
43 2096 25.8
43 2097 25.8
43 2098 25.8
43 2099 25.8
43 2100 25.8
43 2101 25.8
43 2102 25.8
43 2103 25.8
43 2104 25.8
43 2105 25.8
43 2106 25.8
43 2107 25.8
43 2108 25.8
43 2109 25.8
43 2110 25.8
43 2111 25.8
43 2112 25.8
43 2113 25.8
43 2114 25.8
43 2115 25.8
43 2116 25.8
43 2117 25.8
43 2118 25.8
43 2119 25.8
43 2120 25.8
43 2121 25.8
43 2122 25.8
43 2123 25.8
43 2124 25.8
43 2125 25.8
43 2126 25.8
43 2127 25.8
43 2128 25.8
44 2129 25.8
44 2130 25.8
44 2131 25.8
44 2132 25.8
44 2133 25.8
44 2134 25.8
44 2135 25.8
44 2136 25.8
44 2137 25.8
44 2138 25.8
44 2139 25.8
44 2140 25.8
44 2141 25.8
44 2142 25.8
44 2143 25.8
44 2144 25.8
44 2145 25.8
44 2146 25.8
44 2147 25.8
44 2148 25.8
44 2149 25.8
44 2150 25.8
44 2151 25.8
44 2152 25.8
44 2153 25.8
44 2154 25.8
44 2155 25.8
44 2156 25.8
44 2157 25.8
44 2158 25.8
44 2159 25.8
44 2160 25.8
44 2161 25.8
44 2162 25.8
44 2163 25.8
44 2164 25.8
44 2165 25.8
44 2166 25.8
44 2167 25.8
44 2168 25.8
44 2169 25.8
44 2170 25.8
44 2171 25.8
44 2172 25.8
44 2173 25.8
44 2174 25.8
44 2175 25.8
44 2176 25.8
44 2177 25.8
44 2178 25.8
45 2179 25.8
45 2180 25.8
45 2181 25.8
45 2182 25.8
45 2183 25.8
45 2184 25.8
45 2185 25.8
45 2186 25.8
45 2187 25.8
45 2188 25.8
45 2189 25.8
45 2190 25.8
45 2191 25.8
45 2192 25.8
45 2193 25.8
45 2194 25.8
45 2195 25.8
45 2196 25.8
45 2197 25.8
45 2198 25.8
45 2199 25.8
45 2200 25.8
45 2201 25.8
45 2202 25.8
45 2203 25.8
45 2204 25.8
45 2205 25.8
45 2206 25.8
45 2207 25.8
45 2208 25.8
45 2209 25.8
45 2210 25.8
45 2211 25.8
45 2212 25.8
45 2213 25.8
45 2214 25.8
45 2215 25.8
45 2216 25.8
45 2217 25.8
45 2218 25.8
45 2219 25.8
45 2220 25.8
45 2221 25.8
45 2222 25.8
45 2223 25.8
45 2224 25.8
45 2225 25.8
45 2226 25.8
45 2227 25.8
45 2228 25.8
45 2229 25.8
45 2230 25.8
46 2231 25.8
46 2232 25.8
46 2233 25.8
46 2234 25.8
46 2235 25.8
46 2236 25.8
46 2237 25.8
46 2238 25.8
46 2239 25.8
46 2240 25.8
46 2241 25.8
46 2242 25.8
46 2243 25.8
46 2244 25.8
46 2245 25.8
46 2246 25.8
46 2247 25.8
46 2248 25.8
46 2249 25.8
46 2250 25.8
46 2251 25.8
46 2252 25.8
46 2253 25.8
46 2254 25.8
46 2255 25.8
46 2256 25.8
46 2257 25.8
46 2258 25.8
46 2259 25.8
46 2260 25.8
46 2261 25.8
46 2262 25.8
46 2263 25.8
46 2264 25.8
46 2265 25.8
46 2266 25.8
46 2267 25.8
46 2268 25.8
46 2269 25.8
46 2270 25.8
46 2271 25.8
46 2272 25.8
46 2273 25.8
46 2274 25.8
46 2275 25.8
46 2276 25.8
46 2277 25.8
46 2278 25.8
46 2279 25.8
47 2280 25.8
47 2281 25.8
47 2282 25.8
47 2283 25.8
47 2284 25.8
47 2285 25.8
47 2286 25.8
47 2287 25.8
47 2288 25.8
47 2289 25.8
47 2290 25.8
47 2291 25.8
47 2292 25.8
47 2293 25.8
47 2294 25.8
47 2295 25.8
47 2296 25.8
47 2297 25.8
47 2298 25.8
47 2299 25.8
47 2300 25.8
47 2301 25.8
47 2302 25.8
47 2303 25.8
47 2304 25.8
47 2305 25.8
47 2306 25.8
47 2307 25.8
47 2308 25.8
47 2309 25.8
47 2310 25.8
47 2311 25.8
47 2312 25.8
47 2313 25.8
47 2314 25.8
47 2315 25.8
47 2316 25.8
47 2317 25.8
47 2318 25.8
47 2319 25.8
47 2320 25.8
47 2321 25.8
47 2322 25.8
47 2323 25.8
47 2324 25.7
47 2325 25.7
47 2326 25.7
48 2327 25.7
48 2328 25.7
48 2329 25.7
48 2330 25.7
48 2331 25.7
48 2332 25.7
48 2333 25.7
48 2334 25.7
48 2335 25.7
48 2336 25.7
48 2337 25.7
48 2338 25.7
48 2339 25.7
48 2340 25.7
48 2341 25.7
48 2342 25.7
48 2343 25.7
48 2344 25.7
48 2345 25.7
48 2346 25.7
48 2347 25.7
48 2348 25.7
48 2349 25.7
48 2350 25.7
48 2351 25.7
48 2352 25.7
48 2353 25.7
48 2354 25.7
48 2355 25.7
48 2356 25.7
48 2357 25.7
48 2358 25.7
48 2359 25.7
48 2360 25.7
48 2361 25.7
48 2362 25.7
48 2363 25.7
48 2364 25.7
48 2365 25.7
48 2366 25.7
48 2367 25.7
48 2368 25.7
48 2369 25.7
48 2370 25.7
48 2371 25.7
48 2372 25.7
48 2373 25.7
49 2374 25.7
49 2375 25.7
49 2376 25.7
49 2377 25.7
49 2378 25.7
49 2379 25.7
49 2380 25.7
49 2381 25.7
49 2382 25.7
49 2383 25.7
49 2384 25.7
49 2385 25.7
49 2386 25.7
49 2387 25.7
49 2388 25.7
49 2389 25.7
49 2390 25.7
49 2391 25.7
49 2392 25.7
49 2393 25.7
49 2394 25.7
49 2395 25.7
49 2396 25.7
49 2397 25.7
49 2398 25.7
49 2399 25.7
49 2400 25.7
49 2401 25.7
49 2402 25.7
49 2403 25.7
49 2404 25.7
49 2405 25.7
49 2406 25.7
49 2407 25.7
49 2408 25.7
49 2409 25.7
49 2410 25.7
49 2411 25.7
49 2412 25.7
49 2413 25.7
49 2414 25.7
49 2415 25.7
49 2416 25.7
49 2417 25.7
49 2418 25.7
49 2419 25.7
49 2420 25.7
49 2421 25.7
49 2422 25.7
50 2423 25.7
50 2424 25.7
50 2425 25.7
50 2426 25.7
50 2427 25.7
50 2428 25.7
50 2429 25.7
50 2430 25.7
50 2431 25.7
50 2432 25.7
50 2433 25.7
50 2434 25.7
50 2435 25.7
50 2436 25.7
50 2437 25.7
50 2438 25.7
50 2439 25.7
50 2440 25.7
50 2441 25.7
50 2442 25.7
50 2443 25.7
50 2444 25.7
50 2445 25.7
50 2446 25.7
50 2447 25.7
50 2448 25.7
50 2449 25.7
50 2450 25.7
50 2451 25.7
50 2452 25.7
50 2453 25.7
50 2454 25.7
50 2455 25.7
50 2456 25.7
50 2457 25.7
50 2458 25.7
50 2459 25.7
50 2460 25.7
50 2461 25.7
50 2462 25.7
50 2463 25.7
50 2464 25.7
50 2465 25.7
50 2466 25.6
50 2467 25.6
50 2468 25.6
50 2469 25.6
50 2470 25.6
50 2471 25.6
50 2472 25.6
50 2473 25.6
51 2474 25.6
51 2475 25.6
51 2476 25.6
51 2477 25.6
51 2478 25.6
51 2479 25.6
51 2480 25.6
51 2481 25.6
51 2482 25.6
51 2483 25.6
51 2484 25.6
51 2485 25.6
51 2486 25.6
51 2487 25.6
51 2488 25.6
51 2489 25.6
51 2490 25.6
51 2491 25.6
51 2492 25.6
51 2493 25.6
51 2494 25.6
51 2495 25.6
51 2496 25.6
51 2497 25.6
51 2498 25.6
51 2499 25.6
51 2500 25.6
51 2501 25.6
51 2502 25.6
51 2503 25.6
51 2504 25.6
51 2505 25.6
51 2506 25.6
51 2507 25.6
51 2508 25.6
51 2509 25.6
51 2510 25.6
51 2511 25.6
51 2512 25.6
51 2513 25.6
51 2514 25.6
51 2515 25.6
51 2516 25.6
51 2517 25.6
51 2518 25.6
51 2519 25.6
52 2520 25.6
52 2521 25.6
52 2522 25.6
52 2523 25.6
52 2524 25.6
52 2525 25.6
52 2526 25.6
52 2527 25.6
52 2528 25.6
52 2529 25.6
52 2530 25.6
52 2531 25.6
52 2532 25.6
52 2533 25.6
52 2534 25.6
52 2535 25.6
52 2536 25.6
52 2537 25.6
52 2538 25.6
52 2539 25.6
52 2540 25.6
52 2541 25.6
52 2542 25.6
52 2543 25.6
52 2544 25.6
52 2545 25.6
52 2546 25.6
52 2547 25.6
52 2548 25.6
52 2549 25.6
52 2550 25.6
52 2551 25.6
52 2552 25.6
52 2553 25.6
52 2554 25.6
52 2555 25.6
52 2556 25.6
52 2557 25.6
52 2558 25.6
52 2559 25.6
52 2560 25.6
52 2561 25.6
52 2562 25.6
52 2563 25.6
52 2564 25.6
52 2565 25.6
52 2566 25.6
53 2567 25.6
53 2568 25.6
53 2569 25.6
53 2570 25.6
53 2571 25.6
53 2572 25.6
53 2573 25.6
53 2574 25.6
53 2575 25.6
53 2576 25.6
53 2577 25.6
53 2578 25.6
53 2579 25.6
53 2580 25.6
53 2581 25.6
53 2582 25.6
53 2583 25.6
53 2584 25.6
53 2585 25.6
53 2586 25.6
53 2587 25.6
53 2588 25.6
53 2589 25.6
53 2590 25.6
53 2591 25.6
53 2592 25.6
53 2593 25.6
53 2594 25.6
53 2595 25.6
53 2596 25.6
53 2597 25.6
53 2598 25.6
53 2599 25.6
53 2600 25.6
53 2601 25.6
53 2602 25.6
53 2603 25.6
53 2604 25.6
53 2605 25.6
53 2606 25.6
53 2607 25.6
53 2608 25.6
53 2609 25.6
53 2610 25.6
53 2611 25.6
53 2612 25.6
53 2613 25.6
53 2614 25.6
54 2615 25.6
54 2616 25.6
54 2617 25.6
54 2618 25.6
54 2619 25.6
54 2620 25.6
54 2621 25.6
54 2622 25.6
54 2623 25.6
54 2624 25.6
54 2625 25.6
54 2626 25.6
54 2627 25.6
54 2628 25.6
54 2629 25.6
54 2630 25.6
54 2631 25.6
54 2632 25.6
54 2633 25.6
54 2634 25.6
54 2635 25.6
54 2636 25.6
54 2637 25.6
54 2638 25.6
54 2639 25.6
54 2640 25.6
54 2641 25.6
54 2642 25.6
54 2643 25.6
54 2644 25.6
54 2645 25.6
54 2646 25.6
54 2647 25.6
54 2648 25.6
54 2649 25.6
54 2650 25.6
54 2651 25.6
54 2652 25.6
54 2653 25.6
54 2654 25.6
54 2655 25.6
54 2656 25.6
54 2657 25.6
54 2658 25.6
54 2659 25.6
55 2660 25.6
55 2661 25.6
55 2662 25.6
55 2663 25.6
55 2664 25.6
55 2665 25.6
55 2666 25.6
55 2667 25.6
55 2668 25.6
55 2669 25.6
55 2670 25.6
55 2671 25.6
55 2672 25.6
55 2673 25.6
55 2674 25.6
55 2675 25.6
55 2676 25.6
55 2677 25.6
55 2678 25.6
55 2679 25.6
55 2680 25.6
55 2681 25.6
55 2682 25.6
55 2683 25.6
55 2684 25.6
55 2685 25.6
55 2686 25.6
55 2687 25.6
55 2688 25.6
55 2689 25.6
55 2690 25.6
55 2691 25.6
55 2692 25.6
55 2693 25.6
55 2694 25.6
55 2695 25.6
55 2696 25.6
55 2697 25.6
55 2698 25.6
55 2699 25.6
55 2700 25.6
55 2701 25.6
55 2702 25.6
55 2703 25.6
55 2704 25.6
55 2705 25.6
56 2706 25.6
56 2707 25.6
56 2708 25.6
56 2709 25.6
56 2710 25.6
56 2711 25.6
56 2712 25.6
56 2713 25.6
56 2714 25.6
56 2715 25.6
56 2716 25.6
56 2717 25.6
56 2718 25.6
56 2719 25.6
56 2720 25.6
56 2721 25.6
56 2722 25.6
56 2723 25.6
56 2724 25.6
56 2725 25.6
56 2726 25.6
56 2727 25.6
56 2728 25.6
56 2729 25.6
56 2730 25.6
56 2731 25.6
56 2732 25.6
56 2733 25.6
56 2734 25.6
56 2735 25.6
56 2736 25.6
56 2737 25.6
56 2738 25.6
56 2739 25.6
56 2740 25.6
56 2741 25.6
56 2742 25.6
56 2743 25.6
56 2744 25.6
56 2745 25.6
56 2746 25.6
56 2747 25.6
56 2748 25.6
56 2749 25.6
56 2750 25.6
56 2751 25.6
56 2752 24.6
56 2753 24.6
56 2754 24.6
56 2755 24.6
57 2756 24.6
57 2757 24.6
57 2758 24.6
57 2759 24.5
57 2760 24.5
57 2761 24.1
57 2762 24.1
57 2763 24.1
57 2764 23.5
57 2765 23.5
57 2766 23.5
57 2767 23.5
57 2768 23.5
57 2769 23.5
57 2770 23.5
57 2771 23.5
57 2772 23.0
57 2773 23.0
57 2774 23.0
57 2775 23.0
57 2776 23.0
57 2777 23.0
57 2778 22.7
57 2779 22.7
57 2780 22.7
57 2781 22.7
57 2782 22.6
57 2783 22.6
57 2784 22.6
57 2785 22.6
57 2786 22.6
57 2787 22.6
57 2788 22.6
57 2789 21.4
57 2790 21.4
57 2791 21.4
57 2792 21.4
57 2793 21.0
57 2794 21.0
57 2795 21.0
57 2796 21.0
57 2797 21.0
57 2798 21.0
57 2799 21.0
57 2800 21.0
57 2801 21.0
57 2802 21.0
57 2803 21.0
57 2804 20.6
58 2805 20.6
58 2806 20.6
58 2807 20.6
58 2808 20.6
58 2809 20.3
58 2810 20.3
58 2811 20.3
58 2812 20.2
58 2813 19.8
58 2814 19.8
58 2815 19.8
58 2816 19.7
58 2817 19.7
58 2818 19.7
58 2819 19.7
58 2820 19.7
58 2821 19.7
58 2822 19.7
58 2823 19.7
58 2824 19.6
58 2825 19.6
58 2826 19.6
58 2827 19.6
58 2828 19.6
58 2829 19.6
58 2830 19.6
58 2831 19.6
58 2832 19.6
58 2833 19.6
58 2834 19.6
58 2835 19.6
58 2836 19.6
58 2837 19.6
58 2838 19.6
58 2839 19.6
58 2840 19.6
58 2841 19.6
58 2842 19.6
58 2843 19.6
58 2844 19.6
58 2845 19.6
58 2846 19.6
58 2847 19.6
58 2848 19.6
58 2849 19.6
58 2850 19.6
58 2851 19.6
58 2852 19.6
59 2853 19.6
59 2854 19.6
59 2855 19.6
59 2856 19.6
59 2857 19.6
59 2858 19.6
59 2859 19.6
59 2860 19.6
59 2861 19.6
59 2862 19.6
59 2863 19.6
59 2864 19.6
59 2865 19.6
59 2866 19.6
59 2867 19.6
59 2868 19.6
59 2869 19.6
59 2870 19.6
59 2871 19.6
59 2872 19.6
59 2873 19.6
59 2874 19.6
59 2875 19.6
59 2876 19.6
59 2877 19.6
59 2878 19.6
59 2879 19.6
59 2880 19.6
59 2881 19.6
59 2882 19.6
59 2883 19.6
59 2884 19.6
59 2885 19.6
59 2886 19.6
59 2887 19.6
59 2888 19.6
59 2889 19.6
59 2890 19.6
59 2891 19.6
59 2892 19.6
59 2893 19.6
59 2894 19.6
59 2895 19.6
59 2896 19.6
59 2897 19.6
59 2898 19.6
59 2899 19.6
59 2900 19.6
59 2901 19.6
59 2902 19.6
59 2903 19.6
60 2904 19.6
60 2905 19.6
60 2906 19.6
60 2907 19.6
60 2908 19.6
60 2909 19.6
60 2910 19.6
60 2911 19.6
60 2912 19.6
60 2913 19.6
60 2914 19.6
60 2915 19.6
60 2916 19.6
60 2917 19.6
60 2918 19.6
60 2919 19.6
60 2920 19.6
60 2921 19.6
60 2922 19.6
60 2923 19.6
60 2924 19.6
60 2925 19.6
60 2926 19.6
60 2927 19.6
60 2928 19.6
60 2929 19.6
60 2930 19.6
60 2931 19.6
60 2932 19.6
60 2933 19.6
60 2934 19.6
60 2935 19.6
60 2936 19.6
60 2937 19.6
60 2938 19.6
60 2939 19.6
60 2940 19.6
60 2941 19.6
60 2942 19.6
60 2943 19.6
60 2944 19.6
60 2945 19.6
60 2946 19.6
60 2947 19.6
60 2948 19.6
60 2949 19.6
60 2950 19.6
60 2951 19.6
60 2952 19.6
60 2953 19.6
60 2954 19.6
60 2955 19.6
61 2956 19.6
61 2957 19.6
61 2958 19.6
61 2959 19.6
61 2960 19.6
61 2961 19.6
61 2962 19.6
61 2963 19.6
61 2964 19.6
61 2965 19.6
61 2966 19.6
61 2967 19.6
61 2968 19.6
61 2969 19.6
61 2970 19.6
61 2971 19.6
61 2972 19.6
61 2973 19.6
61 2974 19.6
61 2975 19.6
61 2976 19.6
61 2977 19.6
61 2978 19.6
61 2979 19.6
61 2980 19.6
61 2981 19.6
61 2982 19.6
61 2983 19.6
61 2984 19.6
61 2985 19.6
61 2986 19.6
61 2987 19.6
61 2988 19.6
61 2989 19.6
61 2990 19.6
61 2991 19.6
61 2992 19.6
61 2993 19.6
61 2994 19.6
61 2995 19.6
61 2996 19.6
61 2997 19.6
61 2998 19.6
61 2999 19.6
61 3000 19.6
61 3001 19.6
61 3002 19.6
61 3003 19.6
61 3004 19.6
62 3005 19.6
62 3006 19.6
62 3007 19.6
62 3008 19.6
62 3009 19.6
62 3010 19.6
62 3011 19.6
62 3012 19.6
62 3013 19.6
62 3014 19.6
62 3015 19.6
62 3016 19.6
62 3017 19.6
62 3018 19.6
62 3019 19.6
62 3020 19.6
62 3021 19.6
62 3022 19.6
62 3023 19.6
62 3024 19.6
62 3025 19.6
62 3026 19.6
62 3027 19.6
62 3028 19.6
62 3029 19.6
62 3030 19.6
62 3031 19.6
62 3032 19.6
62 3033 19.6
62 3034 19.6
62 3035 19.6
62 3036 19.6
62 3037 19.6
62 3038 19.6
62 3039 19.6
62 3040 19.6
62 3041 19.6
62 3042 19.6
62 3043 19.6
62 3044 19.6
62 3045 19.6
62 3046 19.6
62 3047 19.6
62 3048 19.6
62 3049 19.6
62 3050 19.6
63 3051 19.6
63 3052 19.6
63 3053 19.6
63 3054 19.6
63 3055 19.6
63 3056 19.6
63 3057 19.6
63 3058 19.6
63 3059 19.6
63 3060 19.6
63 3061 19.6
63 3062 19.6
63 3063 19.6
63 3064 19.6
63 3065 19.6
63 3066 19.6
63 3067 19.6
63 3068 19.6
63 3069 19.6
63 3070 19.6
63 3071 19.6
63 3072 19.6
63 3073 19.6
63 3074 19.6
63 3075 19.6
63 3076 19.6
63 3077 19.6
63 3078 19.6
63 3079 19.6
63 3080 19.6
63 3081 19.6
63 3082 19.6
63 3083 19.6
63 3084 19.6
63 3085 19.6
63 3086 19.6
63 3087 19.6
63 3088 19.6
63 3089 19.6
63 3090 19.6
63 3091 19.6
63 3092 19.6
63 3093 19.6
63 3094 19.6
63 3095 19.6
63 3096 19.6
63 3097 19.6
64 3098 19.6
64 3099 19.6
64 3100 19.6
64 3101 19.6
64 3102 19.6
64 3103 19.6
64 3104 19.6
64 3105 19.6
64 3106 19.6
64 3107 19.6
64 3108 19.6
64 3109 19.6
64 3110 19.6
64 3111 19.6
64 3112 19.6
64 3113 19.6
64 3114 19.6
64 3115 19.6
64 3116 19.6
64 3117 19.6
64 3118 19.6
64 3119 19.6
64 3120 19.6
64 3121 19.6
64 3122 19.6
64 3123 19.6
64 3124 19.6
64 3125 19.6
64 3126 19.6
64 3127 19.6
64 3128 19.6
64 3129 19.6
64 3130 19.6
64 3131 19.6
64 3132 19.6
64 3133 19.6
64 3134 19.6
64 3135 19.6
64 3136 19.6
64 3137 19.6
64 3138 19.6
64 3139 19.6
64 3140 19.6
64 3141 19.6
64 3142 19.6
64 3143 19.6
64 3144 19.6
64 3145 19.6
64 3146 19.6
64 3147 19.6
65 3148 19.6
65 3149 19.6
65 3150 19.6
65 3151 19.6
65 3152 19.6
65 3153 19.6
65 3154 19.6
65 3155 19.6
65 3156 19.6
65 3157 19.6
65 3158 19.6
65 3159 19.6
65 3160 19.6
65 3161 19.6
65 3162 19.6
65 3163 19.6
65 3164 19.6
65 3165 19.6
65 3166 19.6
65 3167 19.6
65 3168 19.6
65 3169 19.6
65 3170 19.6
65 3171 19.6
65 3172 19.6
65 3173 19.6
65 3174 19.6
65 3175 19.6
65 3176 19.6
65 3177 19.6
65 3178 19.6
65 3179 19.6
65 3180 19.6
65 3181 19.6
65 3182 19.6
65 3183 19.6
65 3184 19.6
65 3185 19.6
65 3186 19.6
65 3187 19.6
65 3188 19.6
65 3189 19.6
65 3190 19.6
65 3191 19.6
65 3192 19.6
65 3193 19.6
65 3194 19.6
65 3195 19.6
65 3196 19.6
65 3197 19.6
66 3198 19.6
66 3199 19.6
66 3200 19.6
66 3201 19.6
66 3202 19.6
66 3203 19.6
66 3204 19.6
66 3205 19.6
66 3206 19.6
66 3207 19.6
66 3208 19.6
66 3209 19.6
66 3210 19.6
66 3211 19.6
66 3212 19.6
66 3213 19.6
66 3214 19.6
66 3215 19.6
66 3216 19.6
66 3217 19.6
66 3218 19.6
66 3219 19.6
66 3220 19.6
66 3221 19.6
66 3222 19.6
66 3223 19.6
66 3224 19.6
66 3225 19.6
66 3226 19.6
66 3227 19.6
66 3228 19.6
66 3229 19.6
66 3230 19.6
66 3231 19.6
66 3232 19.5
66 3233 19.5
66 3234 19.5
66 3235 19.4
66 3236 19.4
66 3237 19.4
66 3238 19.4
66 3239 19.4
66 3240 19.4
66 3241 19.4
66 3242 19.4
67 3243 19.4
67 3244 19.4
67 3245 19.4
67 3246 19.4
67 3247 19.4
67 3248 19.4
67 3249 19.4
67 3250 19.4
67 3251 19.4
67 3252 19.4
67 3253 19.4
67 3254 19.4
67 3255 19.4
67 3256 19.4
67 3257 19.4
67 3258 19.4
67 3259 19.4
67 3260 19.4
67 3261 19.4
67 3262 19.4
67 3263 19.4
67 3264 19.4
67 3265 19.4
67 3266 19.4
67 3267 19.4
67 3268 19.4
67 3269 19.4
67 3270 19.4
67 3271 19.4
67 3272 19.4
67 3273 19.4
67 3274 19.4
67 3275 19.4
67 3276 19.4
67 3277 19.4
67 3278 19.4
67 3279 19.4
67 3280 19.2
67 3281 19.2
67 3282 19.2
67 3283 19.2
67 3284 19.2
67 3285 19.2
67 3286 19.2
67 3287 19.2
67 3288 19.2
67 3289 19.2
67 3290 19.2
67 3291 19.2
68 3292 19.2
68 3293 19.2
68 3294 19.2
68 3295 19.2
68 3296 19.2
68 3297 19.2
68 3298 19.2
68 3299 19.2
68 3300 19.2
68 3301 19.2
68 3302 19.2
68 3303 19.2
68 3304 19.2
68 3305 19.2
68 3306 19.2
68 3307 19.2
68 3308 19.2
68 3309 19.2
68 3310 19.2
68 3311 19.2
68 3312 19.2
68 3313 19.2
68 3314 19.2
68 3315 19.2
68 3316 19.2
68 3317 19.2
68 3318 19.2
68 3319 19.2
68 3320 19.2
68 3321 19.2
68 3322 19.2
68 3323 19.2
68 3324 19.2
68 3325 19.2
68 3326 19.2
68 3327 19.2
68 3328 19.2
68 3329 19.2
68 3330 19.2
68 3331 19.2
68 3332 19.2
68 3333 19.2
68 3334 19.2
68 3335 19.2
68 3336 19.2
68 3337 19.2
68 3338 19.2
68 3339 19.2
69 3340 19.2
69 3341 19.2
69 3342 19.2
69 3343 19.2
69 3344 19.2
69 3345 19.2
69 3346 19.2
69 3347 19.2
69 3348 19.2
69 3349 19.2
69 3350 19.2
69 3351 19.2
69 3352 19.2
69 3353 19.2
69 3354 19.2
69 3355 19.2
69 3356 19.2
69 3357 19.2
69 3358 19.2
69 3359 19.2
69 3360 19.2
69 3361 19.2
69 3362 19.2
69 3363 19.2
69 3364 19.2
69 3365 19.2
69 3366 19.2
69 3367 19.2
69 3368 19.2
69 3369 19.2
69 3370 19.2
69 3371 19.2
69 3372 19.2
69 3373 19.2
69 3374 19.2
69 3375 19.2
69 3376 19.2
69 3377 19.2
69 3378 19.2
69 3379 19.2
69 3380 19.2
69 3381 19.2
69 3382 19.2
69 3383 19.2
69 3384 19.2
69 3385 19.2
69 3386 19.2
69 3387 19.2
69 3388 19.2
70 3389 19.2
70 3390 19.2
70 3391 19.2
70 3392 19.2
70 3393 19.2
70 3394 19.2
70 3395 19.2
70 3396 19.2
70 3397 19.2
70 3398 19.2
70 3399 19.2
70 3400 19.2
70 3401 19.2
70 3402 19.2
70 3403 19.2
70 3404 19.2
70 3405 19.2
70 3406 19.2
70 3407 19.2
70 3408 19.2
70 3409 19.2
70 3410 19.2
70 3411 19.2
70 3412 19.2
70 3413 19.2
70 3414 19.2
70 3415 19.2
70 3416 19.2
70 3417 19.2
70 3418 19.2
70 3419 19.2
70 3420 19.2
70 3421 19.2
70 3422 19.2
70 3423 19.2
70 3424 19.2
70 3425 19.2
70 3426 19.2
70 3427 19.2
70 3428 19.2
70 3429 19.2
70 3430 19.2
70 3431 19.2
70 3432 19.2
70 3433 19.2
70 3434 19.2
70 3435 19.2
70 3436 19.2
70 3437 19.2
70 3438 19.2
70 3439 19.2
71 3440 19.2
71 3441 19.2
71 3442 19.2
71 3443 19.2
71 3444 19.2
71 3445 19.2
71 3446 19.2
71 3447 19.2
71 3448 19.2
71 3449 19.2
71 3450 19.2
71 3451 19.2
71 3452 19.2
71 3453 19.2
71 3454 19.2
71 3455 19.2
71 3456 19.2
71 3457 19.2
71 3458 19.2
71 3459 19.2
71 3460 19.2
71 3461 19.2
71 3462 19.2
71 3463 19.2
71 3464 19.2
71 3465 19.2
71 3466 19.2
71 3467 19.2
71 3468 19.2
71 3469 19.2
71 3470 19.2
71 3471 19.2
71 3472 19.2
71 3473 19.2
71 3474 19.2
71 3475 19.2
71 3476 19.2
71 3477 19.2
71 3478 19.2
71 3479 19.2
71 3480 19.2
71 3481 19.2
71 3482 19.2
71 3483 19.2
71 3484 19.2
71 3485 19.2
71 3486 19.2
71 3487 19.2
71 3488 19.2
71 3489 19.2
71 3490 19.2
71 3491 19.2
71 3492 19.2
71 3493 19.2
72 3494 19.2
72 3495 19.2
72 3496 19.2
72 3497 19.2
72 3498 19.2
72 3499 19.2
72 3500 19.2
72 3501 19.2
72 3502 19.2
72 3503 19.2
72 3504 19.2
72 3505 19.2
72 3506 19.2
72 3507 19.2
72 3508 18.7
72 3509 18.7
72 3510 18.7
72 3511 18.6
72 3512 18.6
72 3513 18.6
72 3514 18.6
72 3515 18.6
72 3516 18.4
72 3517 18.4
72 3518 17.7
72 3519 17.7
72 3520 17.7
72 3521 17.7
72 3522 17.7
72 3523 17.7
72 3524 17.7
72 3525 17.7
72 3526 17.7
72 3527 17.7
72 3528 17.7
72 3529 17.7
72 3530 17.7
72 3531 17.7
72 3532 17.7
72 3533 17.7
72 3534 17.7
72 3535 17.7
72 3536 17.7
72 3537 17.6
72 3538 17.6
72 3539 17.6
72 3540 17.6
72 3541 17.6
72 3542 17.6
72 3543 17.6
72 3544 17.6
72 3545 17.6
72 3546 17.6
73 3547 17.6
73 3548 17.6
73 3549 17.6
73 3550 17.6
73 3551 17.6
73 3552 17.6
73 3553 17.6
73 3554 17.6
73 3555 17.6
73 3556 17.6
73 3557 17.6
73 3558 17.6
73 3559 17.6
73 3560 17.6
73 3561 17.6
73 3562 17.6
73 3563 17.6
73 3564 17.6
73 3565 17.6
73 3566 17.6
73 3567 17.6
73 3568 17.6
73 3569 16.5
73 3570 16.5
73 3571 16.5
73 3572 16.5
73 3573 16.5
73 3574 16.5
73 3575 16.5
73 3576 16.5
73 3577 16.5
73 3578 16.5
73 3579 16.4
73 3580 16.4
73 3581 16.4
73 3582 16.4
73 3583 16.4
73 3584 16.4
73 3585 16.4
73 3586 16.4
73 3587 16.4
73 3588 16.4
73 3589 16.4
73 3590 16.4
73 3591 16.4
73 3592 16.4
73 3593 16.4
73 3594 16.4
73 3595 16.4
73 3596 16.4
73 3597 16.4
74 3598 16.4
74 3599 16.4
74 3600 16.4
74 3601 16.4
74 3602 16.4
74 3603 16.4
74 3604 16.4
74 3605 16.4
74 3606 16.4
74 3607 16.4
74 3608 16.4
74 3609 16.4
74 3610 16.4
74 3611 16.4
74 3612 16.4
74 3613 16.4
74 3614 16.4
74 3615 16.4
74 3616 16.4
74 3617 16.4
74 3618 16.4
74 3619 16.4
74 3620 16.4
74 3621 16.4
74 3622 16.4
74 3623 16.4
74 3624 16.4
74 3625 16.4
74 3626 16.4
74 3627 16.4
74 3628 16.4
74 3629 16.4
74 3630 16.4
74 3631 16.4
74 3632 16.4
74 3633 16.4
74 3634 16.4
74 3635 16.4
74 3636 16.4
74 3637 16.4
74 3638 16.4
74 3639 16.4
74 3640 16.4
74 3641 16.4
74 3642 16.4
74 3643 16.4
74 3644 16.4
74 3645 16.4
74 3646 16.4
75 3647 16.4
75 3648 16.4
75 3649 16.4
75 3650 16.4
75 3651 16.4
75 3652 16.4
75 3653 16.4
75 3654 16.4
75 3655 16.4
75 3656 16.4
75 3657 16.4
75 3658 16.4
75 3659 16.4
75 3660 16.4
75 3661 16.4
75 3662 16.4
75 3663 16.4
75 3664 16.4
75 3665 16.4
75 3666 16.4
75 3667 16.4
75 3668 16.4
75 3669 16.4
75 3670 16.4
75 3671 16.4
75 3672 16.4
75 3673 16.4
75 3674 16.4
75 3675 16.4
75 3676 16.4
75 3677 16.4
75 3678 16.4
75 3679 16.4
75 3680 16.4
75 3681 16.4
75 3682 16.4
75 3683 16.4
75 3684 16.4
75 3685 16.4
75 3686 16.4
75 3687 16.4
75 3688 16.4
75 3689 16.4
75 3690 16.4
75 3691 16.4
75 3692 16.4
75 3693 16.4
75 3694 16.4
75 3695 16.4
75 3696 16.4
75 3697 16.4
76 3698 16.4
76 3699 16.4
76 3700 16.4
76 3701 16.4
76 3702 16.4
76 3703 16.4
76 3704 16.4
76 3705 16.4
76 3706 16.4
76 3707 16.4
76 3708 16.4
76 3709 16.4
76 3710 16.4
76 3711 16.4
76 3712 16.4
76 3713 16.4
76 3714 16.4
76 3715 16.4
76 3716 16.4
76 3717 16.4
76 3718 16.4
76 3719 16.4
76 3720 16.4
76 3721 16.4
76 3722 16.4
76 3723 16.4
76 3724 16.4
76 3725 16.4
76 3726 16.4
76 3727 16.4
76 3728 16.4
76 3729 16.4
76 3730 16.4
76 3731 16.4
76 3732 16.4
76 3733 16.4
76 3734 16.4
76 3735 16.4
76 3736 16.4
76 3737 16.4
76 3738 16.4
76 3739 16.3
76 3740 16.3
76 3741 16.3
76 3742 16.3
76 3743 16.3
76 3744 16.3
76 3745 16.3
76 3746 16.3
77 3747 16.3
77 3748 16.3
77 3749 16.3
77 3750 16.3
77 3751 16.3
77 3752 16.3
77 3753 16.3
77 3754 16.3
77 3755 16.3
77 3756 16.3
77 3757 16.3
77 3758 16.3
77 3759 16.3
77 3760 16.3
77 3761 16.3
77 3762 16.3
77 3763 16.3
77 3764 16.3
77 3765 16.3
77 3766 16.3
77 3767 16.3
77 3768 16.3
77 3769 16.3
77 3770 16.3
77 3771 16.3
77 3772 16.3
77 3773 16.3
77 3774 16.3
77 3775 16.3
77 3776 16.3
77 3777 16.3
77 3778 16.3
77 3779 16.3
77 3780 16.3
77 3781 16.3
77 3782 16.3
77 3783 16.3
77 3784 16.3
77 3785 16.3
77 3786 16.3
77 3787 16.3
77 3788 16.3
77 3789 16.3
77 3790 16.3
77 3791 16.3
77 3792 16.3
77 3793 16.3
77 3794 16.3
77 3795 16.3
77 3796 16.3
77 3797 16.3
77 3798 16.3
77 3799 16.3
78 3800 16.3
78 3801 16.3
78 3802 16.3
78 3803 16.3
78 3804 16.3
78 3805 16.3
78 3806 16.3
78 3807 16.3
78 3808 16.3
78 3809 16.3
78 3810 16.3
78 3811 16.3
78 3812 16.3
78 3813 16.3
78 3814 16.3
78 3815 16.3
78 3816 16.3
78 3817 16.3
78 3818 16.3
78 3819 16.3
78 3820 16.3
78 3821 16.3
78 3822 16.3
78 3823 16.3
78 3824 16.3
78 3825 16.3
78 3826 16.3
78 3827 16.3
78 3828 16.3
78 3829 16.3
78 3830 16.3
78 3831 16.3
78 3832 16.3
78 3833 16.3
78 3834 16.3
78 3835 16.3
78 3836 16.3
78 3837 16.3
78 3838 16.3
78 3839 16.3
78 3840 16.3
78 3841 16.3
78 3842 16.3
78 3843 16.3
78 3844 16.3
78 3845 16.3
78 3846 16.3
78 3847 16.3
78 3848 16.3
79 3849 16.3
79 3850 16.3
79 3851 16.3
79 3852 16.3
79 3853 16.3
79 3854 16.3
79 3855 16.3
79 3856 16.3
79 3857 16.3
79 3858 16.3
79 3859 16.3
79 3860 16.3
79 3861 16.3
79 3862 16.3
79 3863 16.3
79 3864 16.3
79 3865 16.3
79 3866 16.3
79 3867 16.3
79 3868 16.3
79 3869 16.3
79 3870 16.3
79 3871 16.3
79 3872 16.3
79 3873 16.3
79 3874 16.3
79 3875 16.3
79 3876 16.3
79 3877 16.3
79 3878 16.3
79 3879 16.3
79 3880 16.3
79 3881 16.3
79 3882 16.3
79 3883 16.3
79 3884 16.3
79 3885 16.3
79 3886 16.3
79 3887 16.3
79 3888 16.3
79 3889 16.3
79 3890 16.3
79 3891 16.3
79 3892 16.3
79 3893 16.3
79 3894 16.3
79 3895 16.3
79 3896 16.3
80 3897 16.3
80 3898 16.3
80 3899 16.3
80 3900 16.3
80 3901 16.3
80 3902 16.3
80 3903 16.3
80 3904 16.3
80 3905 16.3
80 3906 16.3
80 3907 16.3
80 3908 16.3
80 3909 16.3
80 3910 16.3
80 3911 16.3
80 3912 16.3
80 3913 16.3
80 3914 16.3
80 3915 16.3
80 3916 16.3
80 3917 16.3
80 3918 16.3
80 3919 16.3
80 3920 16.3
80 3921 16.3
80 3922 16.3
80 3923 16.3
80 3924 16.3
80 3925 16.3
80 3926 16.3
80 3927 16.3
80 3928 16.3
80 3929 16.3
80 3930 16.3
80 3931 16.3
80 3932 16.3
80 3933 16.3
80 3934 16.3
80 3935 16.3
80 3936 16.3
80 3937 16.3
80 3938 16.3
80 3939 16.3
80 3940 16.3
81 3941 16.3
81 3942 16.3
81 3943 16.3
81 3944 16.3
81 3945 16.3
81 3946 16.3
81 3947 16.3
81 3948 16.3
81 3949 16.3
81 3950 16.3
81 3951 16.3
81 3952 16.3
81 3953 16.3
81 3954 16.3
81 3955 16.3
81 3956 16.3
81 3957 16.3
81 3958 16.3
81 3959 16.3
81 3960 16.3
81 3961 16.3
81 3962 16.3
81 3963 16.3
81 3964 16.3
81 3965 16.3
81 3966 16.3
81 3967 16.3
81 3968 16.3
81 3969 16.3
81 3970 16.3
81 3971 16.3
81 3972 16.3
81 3973 16.3
81 3974 16.3
81 3975 16.3
81 3976 16.3
81 3977 16.3
81 3978 16.3
81 3979 16.3
81 3980 16.3
81 3981 16.3
81 3982 16.3
81 3983 16.3
81 3984 16.3
81 3985 16.3
81 3986 16.3
81 3987 16.3
81 3988 16.3
81 3989 16.3
82 3990 16.3
82 3991 16.3
82 3992 16.3
82 3993 16.3
82 3994 16.3
82 3995 16.3
82 3996 16.3
82 3997 16.3
82 3998 16.3
82 3999 16.3
82 4000 16.3
82 4001 16.3
82 4002 16.3
82 4003 16.3
82 4004 16.3
82 4005 16.3
82 4006 16.3
82 4007 16.3
82 4008 16.3
82 4009 16.3
82 4010 16.3
82 4011 16.3
82 4012 16.3
82 4013 16.3
82 4014 16.3
82 4015 16.3
82 4016 16.3
82 4017 16.3
82 4018 16.3
82 4019 16.3
82 4020 16.3
82 4021 16.3
82 4022 16.3
82 4023 16.3
82 4024 16.3
82 4025 16.2
82 4026 16.2
82 4027 16.2
82 4028 16.2
82 4029 16.2
82 4030 16.2
82 4031 16.2
82 4032 16.2
82 4033 16.2
82 4034 16.2
82 4035 16.2
82 4036 16.2
82 4037 16.2
82 4038 16.2
82 4039 16.2
82 4040 16.2
82 4041 16.2
83 4042 16.2
83 4043 16.2
83 4044 16.2
83 4045 16.2
83 4046 16.2
83 4047 16.2
83 4048 16.2
83 4049 16.2
83 4050 16.2
83 4051 16.2
83 4052 16.2
83 4053 16.2
83 4054 16.2
83 4055 16.2
83 4056 16.2
83 4057 16.2
83 4058 16.2
83 4059 16.2
83 4060 16.2
83 4061 16.2
83 4062 16.2
83 4063 16.2
83 4064 16.2
83 4065 16.2
83 4066 16.2
83 4067 16.2
83 4068 16.2
83 4069 16.2
83 4070 16.2
83 4071 16.2
83 4072 16.2
83 4073 16.2
83 4074 16.2
83 4075 16.2
83 4076 16.2
83 4077 16.2
83 4078 16.2
83 4079 16.2
83 4080 16.2
83 4081 16.2
83 4082 16.2
83 4083 16.2
83 4084 16.2
83 4085 16.2
83 4086 16.2
83 4087 16.2
83 4088 16.1
83 4089 16.1
83 4090 16.1
84 4091 16.1
84 4092 16.1
84 4093 16.1
84 4094 16.1
84 4095 16.1
84 4096 16.1
84 4097 16.1
84 4098 16.1
84 4099 16.1
84 4100 16.1
84 4101 16.1
84 4102 16.1
84 4103 16.1
84 4104 16.1
84 4105 16.1
84 4106 16.1
84 4107 16.1
84 4108 16.1
84 4109 16.1
84 4110 16.1
84 4111 16.1
84 4112 16.1
84 4113 16.1
84 4114 16.1
84 4115 16.1
84 4116 16.1
84 4117 16.1
84 4118 16.1
84 4119 16.1
84 4120 16.1
84 4121 16.1
84 4122 16.1
84 4123 16.1
84 4124 16.1
84 4125 16.1
84 4126 16.1
84 4127 16.1
84 4128 16.1
84 4129 16.1
84 4130 16.1
84 4131 16.1
84 4132 16.1
84 4133 16.1
84 4134 16.1
84 4135 16.1
84 4136 16.1
84 4137 16.1
84 4138 16.1
84 4139 16.1
85 4140 16.1
85 4141 16.1
85 4142 16.1
85 4143 16.0
85 4144 16.0
85 4145 16.0
85 4146 16.0
85 4147 16.0
85 4148 16.0
85 4149 16.0
85 4150 16.0
85 4151 16.0
85 4152 16.0
85 4153 16.0
85 4154 16.0
85 4155 16.0
85 4156 16.0
85 4157 16.0
85 4158 16.0
85 4159 16.0
85 4160 16.0
85 4161 16.0
85 4162 16.0
85 4163 16.0
85 4164 16.0
85 4165 16.0
85 4166 16.0
85 4167 16.0
85 4168 16.0
85 4169 16.0
85 4170 16.0
85 4171 16.0
85 4172 16.0
85 4173 16.0
85 4174 16.0
85 4175 16.0
85 4176 16.0
85 4177 16.0
85 4178 16.0
85 4179 16.0
85 4180 16.0
85 4181 16.0
85 4182 16.0
85 4183 16.0
85 4184 16.0
85 4185 16.0
85 4186 16.0
85 4187 16.0
85 4188 16.0
85 4189 16.0
85 4190 16.0
86 4191 16.0
86 4192 16.0
86 4193 16.0
86 4194 16.0
86 4195 16.0
86 4196 16.0
86 4197 16.0
86 4198 16.0
86 4199 16.0
86 4200 16.0
86 4201 16.0
86 4202 16.0
86 4203 16.0
86 4204 16.0
86 4205 16.0
86 4206 16.0
86 4207 16.0
86 4208 16.0
86 4209 16.0
86 4210 16.0
86 4211 16.0
86 4212 16.0
86 4213 16.0
86 4214 16.0
86 4215 16.0
86 4216 16.0
86 4217 16.0
86 4218 16.0
86 4219 16.0
86 4220 16.0
86 4221 16.0
86 4222 16.0
86 4223 16.0
86 4224 16.0
86 4225 16.0
86 4226 16.0
86 4227 16.0
86 4228 16.0
86 4229 16.0
86 4230 16.0
86 4231 16.0
86 4232 16.0
86 4233 16.0
86 4234 16.0
86 4235 16.0
86 4236 16.0
86 4237 16.0
86 4238 16.0
86 4239 16.0
86 4240 16.0
86 4241 16.0
87 4242 16.0
87 4243 16.0
87 4244 16.0
87 4245 16.0
87 4246 16.0
87 4247 16.0
87 4248 16.0
87 4249 16.0
87 4250 16.0
87 4251 16.0
87 4252 16.0
87 4253 16.0
87 4254 16.0
87 4255 16.0
87 4256 16.0
87 4257 16.0
87 4258 16.0
87 4259 16.0
87 4260 16.0
87 4261 16.0
87 4262 16.0
87 4263 16.0
87 4264 16.0
87 4265 16.0
87 4266 16.0
87 4267 16.0
87 4268 16.0
87 4269 16.0
87 4270 16.0
87 4271 16.0
87 4272 16.0
87 4273 16.0
87 4274 16.0
87 4275 16.0
87 4276 16.0
87 4277 16.0
87 4278 16.0
87 4279 16.0
87 4280 16.0
87 4281 16.0
87 4282 16.0
87 4283 16.0
87 4284 16.0
87 4285 16.0
87 4286 16.0
87 4287 16.0
87 4288 16.0
87 4289 16.0
87 4290 16.0
87 4291 16.0
88 4292 16.0
88 4293 16.0
88 4294 16.0
88 4295 16.0
88 4296 16.0
88 4297 16.0
88 4298 16.0
88 4299 16.0
88 4300 16.0
88 4301 16.0
88 4302 16.0
88 4303 16.0
88 4304 16.0
88 4305 16.0
88 4306 16.0
88 4307 16.0
88 4308 16.0
88 4309 16.0
88 4310 16.0
88 4311 16.0
88 4312 16.0
88 4313 16.0
88 4314 16.0
88 4315 16.0
88 4316 16.0
88 4317 16.0
88 4318 16.0
88 4319 16.0
88 4320 16.0
88 4321 16.0
88 4322 16.0
88 4323 16.0
88 4324 16.0
88 4325 16.0
88 4326 16.0
88 4327 16.0
88 4328 16.0
88 4329 16.0
88 4330 16.0
88 4331 16.0
88 4332 16.0
88 4333 16.0
88 4334 16.0
88 4335 16.0
88 4336 16.0
88 4337 16.0
88 4338 16.0
88 4339 16.0
88 4340 16.0
88 4341 16.0
88 4342 16.0
89 4343 16.0
89 4344 16.0
89 4345 16.0
89 4346 16.0
89 4347 16.0
89 4348 16.0
89 4349 16.0
89 4350 16.0
89 4351 16.0
89 4352 16.0
89 4353 16.0
89 4354 16.0
89 4355 16.0
89 4356 16.0
89 4357 16.0
89 4358 16.0
89 4359 16.0
89 4360 16.0
89 4361 16.0
89 4362 16.0
89 4363 16.0
89 4364 16.0
89 4365 16.0
89 4366 16.0
89 4367 16.0
89 4368 16.0
89 4369 16.0
89 4370 16.0
89 4371 16.0
89 4372 16.0
89 4373 16.0
89 4374 16.0
89 4375 16.0
89 4376 16.0
89 4377 16.0
89 4378 16.0
89 4379 16.0
89 4380 16.0
89 4381 16.0
89 4382 16.0
89 4383 16.0
89 4384 16.0
89 4385 16.0
89 4386 16.0
89 4387 16.0
89 4388 16.0
89 4389 16.0
89 4390 16.0
90 4391 16.0
90 4392 16.0
90 4393 16.0
90 4394 16.0
90 4395 16.0
90 4396 16.0
90 4397 16.0
90 4398 16.0
90 4399 16.0
90 4400 16.0
90 4401 16.0
90 4402 16.0
90 4403 16.0
90 4404 16.0
90 4405 16.0
90 4406 16.0
90 4407 16.0
90 4408 16.0
90 4409 16.0
90 4410 16.0
90 4411 16.0
90 4412 16.0
90 4413 16.0
90 4414 16.0
90 4415 16.0
90 4416 16.0
90 4417 16.0
90 4418 16.0
90 4419 16.0
90 4420 16.0
90 4421 16.0
90 4422 16.0
90 4423 16.0
90 4424 16.0
90 4425 16.0
90 4426 16.0
90 4427 16.0
90 4428 16.0
90 4429 16.0
90 4430 16.0
90 4431 16.0
90 4432 16.0
90 4433 16.0
90 4434 16.0
90 4435 16.0
90 4436 16.0
90 4437 16.0
90 4438 16.0
90 4439 16.0
90 4440 16.0
90 4441 16.0
91 4442 16.0
91 4443 16.0
91 4444 16.0
91 4445 16.0
91 4446 16.0
91 4447 16.0
91 4448 16.0
91 4449 16.0
91 4450 16.0
91 4451 16.0
91 4452 16.0
91 4453 16.0
91 4454 16.0
91 4455 16.0
91 4456 16.0
91 4457 16.0
91 4458 16.0
91 4459 16.0
91 4460 16.0
91 4461 16.0
91 4462 16.0
91 4463 16.0
91 4464 16.0
91 4465 16.0
91 4466 16.0
91 4467 16.0
91 4468 16.0
91 4469 16.0
91 4470 16.0
91 4471 16.0
91 4472 16.0
91 4473 16.0
91 4474 16.0
91 4475 16.0
91 4476 16.0
91 4477 16.0
91 4478 16.0
91 4479 16.0
91 4480 16.0
91 4481 16.0
91 4482 16.0
91 4483 16.0
91 4484 16.0
91 4485 16.0
91 4486 16.0
91 4487 16.0
91 4488 16.0
91 4489 16.0
91 4490 16.0
91 4491 16.0
91 4492 16.0
91 4493 16.0
91 4494 16.0
92 4495 16.0
92 4496 16.0
92 4497 16.0
92 4498 16.0
92 4499 16.0
92 4500 16.0
92 4501 16.0
92 4502 16.0
92 4503 16.0
92 4504 16.0
92 4505 16.0
92 4506 16.0
92 4507 16.0
92 4508 16.0
92 4509 16.0
92 4510 16.0
92 4511 16.0
92 4512 16.0
92 4513 16.0
92 4514 16.0
92 4515 16.0
92 4516 16.0
92 4517 16.0
92 4518 16.0
92 4519 16.0
92 4520 16.0
92 4521 16.0
92 4522 16.0
92 4523 16.0
92 4524 16.0
92 4525 16.0
92 4526 16.0
92 4527 16.0
92 4528 16.0
92 4529 16.0
92 4530 16.0
92 4531 16.0
92 4532 16.0
92 4533 16.0
92 4534 16.0
92 4535 16.0
92 4536 16.0
92 4537 16.0
92 4538 16.0
92 4539 16.0
92 4540 16.0
92 4541 16.0
92 4542 16.0
92 4543 16.0
92 4544 16.0
92 4545 16.0
92 4546 16.0
92 4547 16.0
92 4548 16.0
93 4549 16.0
93 4550 16.0
93 4551 16.0
93 4552 16.0
93 4553 16.0
93 4554 16.0
93 4555 16.0
93 4556 16.0
93 4557 16.0
93 4558 16.0
93 4559 16.0
93 4560 16.0
93 4561 16.0
93 4562 16.0
93 4563 16.0
93 4564 16.0
93 4565 16.0
93 4566 16.0
93 4567 16.0
93 4568 16.0
93 4569 16.0
93 4570 16.0
93 4571 16.0
93 4572 16.0
93 4573 16.0
93 4574 16.0
93 4575 16.0
93 4576 16.0
93 4577 16.0
93 4578 16.0
93 4579 16.0
93 4580 16.0
93 4581 16.0
93 4582 16.0
93 4583 16.0
93 4584 16.0
93 4585 16.0
93 4586 16.0
93 4587 16.0
93 4588 16.0
93 4589 16.0
93 4590 16.0
93 4591 16.0
93 4592 16.0
93 4593 16.0
93 4594 16.0
93 4595 16.0
93 4596 16.0
93 4597 16.0
93 4598 16.0
93 4599 16.0
93 4600 16.0
93 4601 16.0
94 4602 16.0
94 4603 16.0
94 4604 16.0
94 4605 16.0
94 4606 16.0
94 4607 16.0
94 4608 16.0
94 4609 16.0
94 4610 16.0
94 4611 16.0
94 4612 16.0
94 4613 16.0
94 4614 16.0
94 4615 16.0
94 4616 16.0
94 4617 16.0
94 4618 16.0
94 4619 16.0
94 4620 16.0
94 4621 16.0
94 4622 16.0
94 4623 16.0
94 4624 16.0
94 4625 16.0
94 4626 16.0
94 4627 16.0
94 4628 16.0
94 4629 16.0
94 4630 16.0
94 4631 16.0
94 4632 16.0
94 4633 16.0
94 4634 16.0
94 4635 16.0
94 4636 16.0
94 4637 16.0
94 4638 16.0
94 4639 16.0
94 4640 16.0
94 4641 16.0
94 4642 16.0
94 4643 16.0
94 4644 16.0
94 4645 16.0
94 4646 16.0
94 4647 16.0
94 4648 16.0
94 4649 16.0
94 4650 16.0
94 4651 16.0
95 4652 16.0
95 4653 16.0
95 4654 16.0
95 4655 16.0
95 4656 16.0
95 4657 16.0
95 4658 16.0
95 4659 16.0
95 4660 16.0
95 4661 16.0
95 4662 16.0
95 4663 16.0
95 4664 16.0
95 4665 16.0
95 4666 16.0
95 4667 16.0
95 4668 16.0
95 4669 16.0
95 4670 16.0
95 4671 16.0
95 4672 16.0
95 4673 16.0
95 4674 16.0
95 4675 16.0
95 4676 16.0
95 4677 16.0
95 4678 16.0
95 4679 16.0
95 4680 16.0
95 4681 16.0
95 4682 16.0
95 4683 16.0
95 4684 16.0
95 4685 16.0
95 4686 16.0
95 4687 16.0
95 4688 16.0
95 4689 16.0
95 4690 16.0
95 4691 16.0
95 4692 16.0
95 4693 16.0
95 4694 16.0
95 4695 16.0
95 4696 16.0
95 4697 16.0
96 4698 16.0
96 4699 16.0
96 4700 16.0
96 4701 16.0
96 4702 16.0
96 4703 16.0
96 4704 16.0
96 4705 16.0
96 4706 16.0
96 4707 16.0
96 4708 16.0
96 4709 16.0
96 4710 16.0
96 4711 16.0
96 4712 16.0
96 4713 16.0
96 4714 16.0
96 4715 16.0
96 4716 16.0
96 4717 16.0
96 4718 16.0
96 4719 16.0
96 4720 16.0
96 4721 16.0
96 4722 16.0
96 4723 16.0
96 4724 16.0
96 4725 16.0
96 4726 16.0
96 4727 16.0
96 4728 16.0
96 4729 16.0
96 4730 16.0
96 4731 16.0
96 4732 16.0
96 4733 16.0
96 4734 16.0
96 4735 16.0
96 4736 16.0
96 4737 16.0
96 4738 16.0
96 4739 16.0
96 4740 16.0
96 4741 16.0
96 4742 16.0
96 4743 16.0
96 4744 16.0
96 4745 16.0
96 4746 16.0
96 4747 16.0
96 4748 16.0
96 4749 16.0
96 4750 16.0
97 4751 16.0
97 4752 16.0
97 4753 16.0
97 4754 16.0
97 4755 16.0
97 4756 16.0
97 4757 16.0
97 4758 16.0
97 4759 16.0
97 4760 16.0
97 4761 16.0
97 4762 16.0
97 4763 16.0
97 4764 16.0
97 4765 16.0
97 4766 16.0
97 4767 16.0
97 4768 16.0
97 4769 16.0
97 4770 16.0
97 4771 16.0
97 4772 16.0
97 4773 16.0
97 4774 16.0
97 4775 16.0
97 4776 16.0
97 4777 16.0
97 4778 16.0
97 4779 16.0
97 4780 16.0
97 4781 16.0
97 4782 16.0
97 4783 16.0
97 4784 16.0
97 4785 16.0
97 4786 16.0
97 4787 16.0
97 4788 16.0
97 4789 16.0
97 4790 16.0
97 4791 16.0
97 4792 16.0
97 4793 16.0
97 4794 16.0
97 4795 16.0
97 4796 16.0
97 4797 16.0
97 4798 16.0
97 4799 16.0
97 4800 16.0
97 4801 16.0
97 4802 16.0
98 4803 16.0
98 4804 16.0
98 4805 16.0
98 4806 16.0
98 4807 16.0
98 4808 16.0
98 4809 16.0
98 4810 16.0
98 4811 16.0
98 4812 16.0
98 4813 16.0
98 4814 16.0
98 4815 16.0
98 4816 16.0
98 4817 16.0
98 4818 16.0
98 4819 16.0
98 4820 16.0
98 4821 16.0
98 4822 16.0
98 4823 16.0
98 4824 16.0
98 4825 16.0
98 4826 16.0
98 4827 16.0
98 4828 16.0
98 4829 16.0
98 4830 16.0
98 4831 16.0
98 4832 16.0
98 4833 16.0
98 4834 16.0
98 4835 16.0
98 4836 16.0
98 4837 16.0
98 4838 16.0
98 4839 16.0
98 4840 16.0
98 4841 16.0
98 4842 16.0
98 4843 16.0
98 4844 16.0
98 4845 16.0
98 4846 16.0
98 4847 16.0
98 4848 16.0
98 4849 16.0
98 4850 16.0
98 4851 16.0
98 4852 16.0
98 4853 16.0
98 4854 16.0
99 4855 16.0
99 4856 16.0
99 4857 16.0
99 4858 16.0
99 4859 16.0
99 4860 16.0
99 4861 16.0
99 4862 16.0
99 4863 16.0
99 4864 16.0
99 4865 16.0
99 4866 16.0
99 4867 16.0
99 4868 16.0
99 4869 16.0
99 4870 16.0
99 4871 16.0
99 4872 16.0
99 4873 16.0
99 4874 16.0
99 4875 16.0
99 4876 16.0
99 4877 16.0
99 4878 16.0
99 4879 16.0
99 4880 16.0
99 4881 16.0
99 4882 16.0
99 4883 16.0
99 4884 16.0
99 4885 16.0
99 4886 16.0
99 4887 16.0
99 4888 16.0
99 4889 16.0
99 4890 16.0
99 4891 16.0
99 4892 16.0
99 4893 16.0
99 4894 16.0
99 4895 16.0
99 4896 16.0
99 4897 16.0
99 4898 16.0
100 4899 16.0
100 4900 16.0
100 4901 16.0
100 4902 16.0
100 4903 16.0
100 4904 16.0
100 4905 16.0
100 4906 16.0
100 4907 16.0
100 4908 16.0
100 4909 16.0
100 4910 16.0
100 4911 16.0
100 4912 16.0
100 4913 16.0
100 4914 16.0
100 4915 16.0
100 4916 16.0
100 4917 16.0
100 4918 16.0
100 4919 16.0
100 4920 16.0
100 4921 16.0
100 4922 16.0
100 4923 16.0
100 4924 16.0
100 4925 16.0
100 4926 16.0
100 4927 16.0
100 4928 16.0
100 4929 16.0
100 4930 16.0
100 4931 16.0
100 4932 16.0
100 4933 16.0
100 4934 16.0
100 4935 16.0
100 4936 16.0
100 4937 16.0
100 4938 16.0
100 4939 16.0
100 4940 16.0
100 4941 16.0
100 4942 16.0
100 4943 16.0
100 4944 16.0
100 4945 16.0
101 4946 16.0
101 4947 16.0
101 4948 16.0
101 4949 16.0
101 4950 16.0
101 4951 16.0
101 4952 16.0
101 4953 16.0
101 4954 16.0
101 4955 16.0
101 4956 16.0
101 4957 16.0
101 4958 16.0
101 4959 16.0
101 4960 16.0
101 4961 16.0
101 4962 16.0
101 4963 16.0
101 4964 16.0
101 4965 16.0
101 4966 16.0
101 4967 16.0
101 4968 16.0
101 4969 16.0
101 4970 16.0
101 4971 16.0
101 4972 16.0
101 4973 16.0
101 4974 16.0
101 4975 16.0
101 4976 16.0
101 4977 16.0
101 4978 16.0
101 4979 16.0
101 4980 16.0
101 4981 16.0
101 4982 16.0
101 4983 16.0
101 4984 16.0
101 4985 16.0
101 4986 16.0
101 4987 16.0
101 4988 16.0
101 4989 16.0
101 4990 16.0
101 4991 16.0
101 4992 16.0
101 4993 16.0
101 4994 16.0
101 4995 16.0
101 4996 16.0
102 4997 16.0
102 4998 16.0
102 4999 16.0
102 5000 16.0
102 5001 16.0
102 5002 16.0
102 5003 16.0
102 5004 16.0
102 5005 16.0
102 5006 16.0
102 5007 16.0
102 5008 16.0
102 5009 16.0
102 5010 16.0
102 5011 16.0
102 5012 16.0
102 5013 16.0
102 5014 16.0
102 5015 16.0
102 5016 16.0
102 5017 16.0
102 5018 16.0
102 5019 16.0
102 5020 16.0
102 5021 16.0
102 5022 16.0
102 5023 16.0
102 5024 16.0
102 5025 16.0
102 5026 16.0
102 5027 16.0
102 5028 16.0
102 5029 16.0
102 5030 16.0
102 5031 16.0
102 5032 16.0
102 5033 16.0
102 5034 16.0
102 5035 16.0
102 5036 16.0
102 5037 16.0
102 5038 16.0
102 5039 16.0
102 5040 16.0
103 5041 16.0
103 5042 16.0
103 5043 16.0
103 5044 16.0
103 5045 16.0
103 5046 16.0
103 5047 16.0
103 5048 16.0
103 5049 16.0
103 5050 16.0
103 5051 16.0
103 5052 16.0
103 5053 16.0
103 5054 16.0
103 5055 16.0
103 5056 16.0
103 5057 16.0
103 5058 16.0
103 5059 16.0
103 5060 16.0
103 5061 16.0
103 5062 16.0
103 5063 16.0
103 5064 16.0
103 5065 16.0
103 5066 16.0
103 5067 16.0
103 5068 16.0
103 5069 16.0
103 5070 16.0
103 5071 16.0
103 5072 16.0
103 5073 16.0
103 5074 16.0
103 5075 16.0
103 5076 16.0
103 5077 16.0
103 5078 16.0
103 5079 16.0
103 5080 16.0
103 5081 16.0
103 5082 16.0
103 5083 16.0
103 5084 16.0
103 5085 16.0
103 5086 16.0
104 5087 16.0
104 5088 16.0
104 5089 16.0
104 5090 16.0
104 5091 16.0
104 5092 16.0
104 5093 16.0
104 5094 16.0
104 5095 16.0
104 5096 16.0
104 5097 16.0
104 5098 16.0
104 5099 16.0
104 5100 16.0
104 5101 16.0
104 5102 16.0
104 5103 16.0
104 5104 16.0
104 5105 16.0
104 5106 16.0
104 5107 16.0
104 5108 16.0
104 5109 16.0
104 5110 16.0
104 5111 16.0
104 5112 16.0
104 5113 16.0
104 5114 16.0
104 5115 16.0
104 5116 16.0
104 5117 16.0
104 5118 16.0
104 5119 16.0
104 5120 16.0
104 5121 16.0
104 5122 16.0
104 5123 16.0
104 5124 16.0
104 5125 16.0
104 5126 16.0
104 5127 16.0
104 5128 16.0
104 5129 16.0
104 5130 16.0
104 5131 16.0
104 5132 16.0
104 5133 16.0
104 5134 16.0
104 5135 16.0
105 5136 16.0
105 5137 16.0
105 5138 16.0
105 5139 16.0
105 5140 16.0
105 5141 16.0
105 5142 16.0
105 5143 16.0
105 5144 16.0
105 5145 16.0
105 5146 16.0
105 5147 16.0
105 5148 16.0
105 5149 16.0
105 5150 16.0
105 5151 16.0
105 5152 16.0
105 5153 16.0
105 5154 16.0
105 5155 16.0
105 5156 16.0
105 5157 16.0
105 5158 16.0
105 5159 16.0
105 5160 16.0
105 5161 16.0
105 5162 16.0
105 5163 16.0
105 5164 16.0
105 5165 16.0
105 5166 16.0
105 5167 16.0
105 5168 16.0
105 5169 16.0
105 5170 16.0
105 5171 16.0
105 5172 16.0
105 5173 16.0
105 5174 16.0
105 5175 16.0
105 5176 16.0
105 5177 16.0
105 5178 16.0
105 5179 16.0
105 5180 16.0
105 5181 16.0
105 5182 16.0
105 5183 16.0
105 5184 16.0
105 5185 16.0
105 5186 16.0
105 5187 16.0
106 5188 16.0
106 5189 16.0
106 5190 16.0
106 5191 16.0
106 5192 16.0
106 5193 16.0
106 5194 16.0
106 5195 16.0
106 5196 16.0
106 5197 16.0
106 5198 16.0
106 5199 16.0
106 5200 16.0
106 5201 16.0
106 5202 16.0
106 5203 16.0
106 5204 16.0
106 5205 16.0
106 5206 16.0
106 5207 16.0
106 5208 16.0
106 5209 16.0
106 5210 16.0
106 5211 16.0
106 5212 16.0
106 5213 16.0
106 5214 16.0
106 5215 16.0
106 5216 16.0
106 5217 16.0
106 5218 16.0
106 5219 16.0
106 5220 16.0
106 5221 16.0
106 5222 16.0
106 5223 16.0
106 5224 16.0
106 5225 16.0
106 5226 16.0
106 5227 16.0
106 5228 16.0
106 5229 16.0
106 5230 16.0
106 5231 16.0
106 5232 16.0
106 5233 16.0
106 5234 16.0
106 5235 16.0
106 5236 16.0
106 5237 16.0
106 5238 16.0
106 5239 16.0
107 5240 16.0
107 5241 16.0
107 5242 16.0
107 5243 16.0
107 5244 16.0
107 5245 16.0
107 5246 16.0
107 5247 16.0
107 5248 16.0
107 5249 16.0
107 5250 16.0
107 5251 16.0
107 5252 16.0
107 5253 16.0
107 5254 16.0
107 5255 16.0
107 5256 16.0
107 5257 16.0
107 5258 16.0
107 5259 16.0
107 5260 16.0
107 5261 16.0
107 5262 16.0
107 5263 16.0
107 5264 16.0
107 5265 16.0
107 5266 16.0
107 5267 16.0
107 5268 16.0
107 5269 16.0
107 5270 16.0
107 5271 16.0
107 5272 16.0
107 5273 16.0
107 5274 16.0
107 5275 16.0
107 5276 16.0
107 5277 16.0
107 5278 16.0
107 5279 16.0
107 5280 16.0
107 5281 16.0
107 5282 16.0
107 5283 16.0
107 5284 16.0
107 5285 16.0
107 5286 16.0
107 5287 16.0
107 5288 16.0
107 5289 16.0
107 5290 16.0
107 5291 16.0
107 5292 16.0
108 5293 16.0
108 5294 16.0
108 5295 16.0
108 5296 16.0
108 5297 16.0
108 5298 16.0
108 5299 16.0
108 5300 16.0
108 5301 16.0
108 5302 16.0
108 5303 16.0
108 5304 16.0
108 5305 16.0
108 5306 16.0
108 5307 16.0
108 5308 16.0
108 5309 16.0
108 5310 16.0
108 5311 16.0
108 5312 16.0
108 5313 16.0
108 5314 16.0
108 5315 16.0
108 5316 16.0
108 5317 16.0
108 5318 16.0
108 5319 16.0
108 5320 16.0
108 5321 16.0
108 5322 16.0
108 5323 16.0
108 5324 16.0
108 5325 16.0
108 5326 16.0
108 5327 16.0
108 5328 16.0
108 5329 16.0
108 5330 16.0
108 5331 16.0
108 5332 16.0
108 5333 16.0
108 5334 16.0
108 5335 16.0
108 5336 16.0
108 5337 16.0
108 5338 16.0
108 5339 16.0
108 5340 16.0
108 5341 16.0
108 5342 16.0
108 5343 16.0
108 5344 16.0
108 5345 16.0
109 5346 16.0
109 5347 16.0
109 5348 16.0
109 5349 16.0
109 5350 16.0
109 5351 16.0
109 5352 16.0
109 5353 16.0
109 5354 16.0
109 5355 16.0
109 5356 16.0
109 5357 16.0
109 5358 16.0
109 5359 16.0
109 5360 16.0
109 5361 16.0
109 5362 16.0
109 5363 16.0
109 5364 16.0
109 5365 16.0
109 5366 16.0
109 5367 16.0
109 5368 16.0
109 5369 16.0
109 5370 16.0
109 5371 16.0
109 5372 16.0
109 5373 16.0
109 5374 16.0
109 5375 16.0
109 5376 16.0
109 5377 16.0
109 5378 16.0
109 5379 16.0
109 5380 16.0
109 5381 16.0
109 5382 16.0
109 5383 16.0
109 5384 16.0
109 5385 16.0
109 5386 16.0
109 5387 16.0
109 5388 16.0
109 5389 16.0
109 5390 16.0
109 5391 16.0
109 5392 16.0
109 5393 16.0
109 5394 16.0
110 5395 16.0
110 5396 16.0
110 5397 16.0
110 5398 16.0
110 5399 16.0
110 5400 16.0
110 5401 16.0
110 5402 16.0
110 5403 16.0
110 5404 16.0
110 5405 16.0
110 5406 16.0
110 5407 16.0
110 5408 16.0
110 5409 16.0
110 5410 16.0
110 5411 16.0
110 5412 16.0
110 5413 16.0
110 5414 16.0
110 5415 16.0
110 5416 16.0
110 5417 16.0
110 5418 16.0
110 5419 16.0
110 5420 16.0
110 5421 16.0
110 5422 16.0
110 5423 16.0
110 5424 16.0
110 5425 16.0
110 5426 16.0
110 5427 16.0
110 5428 16.0
110 5429 16.0
110 5430 16.0
110 5431 16.0
110 5432 16.0
110 5433 16.0
110 5434 16.0
110 5435 16.0
110 5436 16.0
110 5437 16.0
110 5438 16.0
110 5439 16.0
110 5440 16.0
110 5441 16.0
110 5442 16.0
110 5443 16.0
110 5444 16.0
111 5445 16.0
111 5446 16.0
111 5447 16.0
111 5448 16.0
111 5449 16.0
111 5450 16.0
111 5451 16.0
111 5452 16.0
111 5453 16.0
111 5454 16.0
111 5455 16.0
111 5456 16.0
111 5457 16.0
111 5458 16.0
111 5459 16.0
111 5460 16.0
111 5461 16.0
111 5462 16.0
111 5463 16.0
111 5464 16.0
111 5465 16.0
111 5466 16.0
111 5467 16.0
111 5468 16.0
111 5469 16.0
111 5470 16.0
111 5471 16.0
111 5472 16.0
111 5473 16.0
111 5474 16.0
111 5475 16.0
111 5476 16.0
111 5477 16.0
111 5478 16.0
111 5479 16.0
111 5480 16.0
111 5481 16.0
111 5482 16.0
111 5483 16.0
111 5484 16.0
111 5485 16.0
111 5486 16.0
111 5487 16.0
111 5488 16.0
111 5489 16.0
111 5490 16.0
111 5491 16.0
111 5492 16.0
111 5493 16.0
111 5494 16.0
111 5495 16.0
111 5496 16.0
111 5497 16.0
112 5498 16.0
112 5499 16.0
112 5500 16.0
112 5501 16.0
112 5502 16.0
112 5503 16.0
112 5504 16.0
112 5505 16.0
112 5506 16.0
112 5507 16.0
112 5508 16.0
112 5509 16.0
112 5510 16.0
112 5511 16.0
112 5512 16.0
112 5513 16.0
112 5514 16.0
112 5515 16.0
112 5516 16.0
112 5517 16.0
112 5518 16.0
112 5519 16.0
112 5520 16.0
112 5521 16.0
112 5522 16.0
112 5523 16.0
112 5524 16.0
112 5525 16.0
112 5526 16.0
112 5527 16.0
112 5528 16.0
112 5529 16.0
112 5530 16.0
112 5531 16.0
112 5532 16.0
112 5533 16.0
112 5534 16.0
112 5535 16.0
112 5536 16.0
112 5537 16.0
112 5538 16.0
112 5539 16.0
112 5540 16.0
112 5541 16.0
112 5542 16.0
112 5543 16.0
112 5544 16.0
112 5545 16.0
112 5546 16.0
112 5547 16.0
112 5548 16.0
112 5549 16.0
112 5550 16.0
113 5551 16.0
113 5552 16.0
113 5553 16.0
113 5554 16.0
113 5555 16.0
113 5556 16.0
113 5557 16.0
113 5558 16.0
113 5559 16.0
113 5560 16.0
113 5561 16.0
113 5562 16.0
113 5563 16.0
113 5564 16.0
113 5565 16.0
113 5566 16.0
113 5567 16.0
113 5568 16.0
113 5569 16.0
113 5570 16.0
113 5571 16.0
113 5572 16.0
113 5573 16.0
113 5574 16.0
113 5575 16.0
113 5576 16.0
113 5577 16.0
113 5578 16.0
113 5579 16.0
113 5580 16.0
113 5581 16.0
113 5582 16.0
113 5583 16.0
113 5584 16.0
113 5585 16.0
113 5586 16.0
113 5587 16.0
113 5588 16.0
113 5589 16.0
113 5590 16.0
113 5591 16.0
113 5592 16.0
113 5593 16.0
113 5594 16.0
113 5595 16.0
113 5596 16.0
113 5597 16.0
113 5598 16.0
113 5599 16.0
113 5600 16.0
113 5601 16.0
113 5602 16.0
113 5603 16.0
113 5604 16.0
113 5605 16.0
114 5606 16.0
114 5607 16.0
114 5608 16.0
114 5609 16.0
114 5610 16.0
114 5611 16.0
114 5612 16.0
114 5613 16.0
114 5614 16.0
114 5615 16.0
114 5616 16.0
114 5617 16.0
114 5618 16.0
114 5619 16.0
114 5620 16.0
114 5621 16.0
114 5622 16.0
114 5623 16.0
114 5624 16.0
114 5625 16.0
114 5626 16.0
114 5627 16.0
114 5628 16.0
114 5629 16.0
114 5630 16.0
114 5631 16.0
114 5632 16.0
114 5633 16.0
114 5634 16.0
114 5635 16.0
114 5636 16.0
114 5637 16.0
114 5638 16.0
114 5639 16.0
114 5640 16.0
114 5641 16.0
114 5642 16.0
114 5643 16.0
114 5644 16.0
114 5645 16.0
114 5646 16.0
114 5647 16.0
114 5648 16.0
114 5649 16.0
114 5650 16.0
114 5651 16.0
114 5652 16.0
114 5653 16.0
114 5654 16.0
114 5655 16.0
114 5656 16.0
114 5657 16.0
114 5658 16.0
115 5659 16.0
115 5660 16.0
115 5661 16.0
115 5662 16.0
115 5663 16.0
115 5664 16.0
115 5665 16.0
115 5666 16.0
115 5667 16.0
115 5668 16.0
115 5669 16.0
115 5670 16.0
115 5671 16.0
115 5672 16.0
115 5673 16.0
115 5674 16.0
115 5675 16.0
115 5676 16.0
115 5677 16.0
115 5678 16.0
115 5679 16.0
115 5680 16.0
115 5681 16.0
115 5682 16.0
115 5683 16.0
115 5684 16.0
115 5685 16.0
115 5686 16.0
115 5687 16.0
115 5688 16.0
115 5689 16.0
115 5690 16.0
115 5691 16.0
115 5692 16.0
115 5693 16.0
115 5694 16.0
115 5695 16.0
115 5696 16.0
115 5697 16.0
115 5698 16.0
115 5699 16.0
115 5700 16.0
115 5701 16.0
115 5702 16.0
115 5703 16.0
115 5704 16.0
115 5705 16.0
115 5706 16.0
115 5707 16.0
115 5708 16.0
115 5709 16.0
115 5710 16.0
115 5711 16.0
116 5712 16.0
116 5713 16.0
116 5714 16.0
116 5715 16.0
116 5716 16.0
116 5717 16.0
116 5718 16.0
116 5719 16.0
116 5720 16.0
116 5721 16.0
116 5722 16.0
116 5723 16.0
116 5724 16.0
116 5725 16.0
116 5726 16.0
116 5727 16.0
116 5728 16.0
116 5729 16.0
116 5730 16.0
116 5731 16.0
116 5732 16.0
116 5733 16.0
116 5734 16.0
116 5735 16.0
116 5736 16.0
116 5737 16.0
116 5738 16.0
116 5739 16.0
116 5740 16.0
116 5741 16.0
116 5742 16.0
116 5743 16.0
116 5744 16.0
116 5745 16.0
116 5746 16.0
116 5747 16.0
116 5748 16.0
116 5749 16.0
116 5750 16.0
116 5751 16.0
116 5752 16.0
116 5753 16.0
116 5754 16.0
116 5755 16.0
116 5756 16.0
116 5757 16.0
116 5758 16.0
116 5759 16.0
116 5760 16.0
116 5761 16.0
116 5762 16.0
116 5763 16.0
116 5764 16.0
116 5765 16.0
117 5766 16.0
117 5767 16.0
117 5768 16.0
117 5769 16.0
117 5770 16.0
117 5771 16.0
117 5772 16.0
117 5773 16.0
117 5774 16.0
117 5775 16.0
117 5776 16.0
117 5777 16.0
117 5778 16.0
117 5779 16.0
117 5780 16.0
117 5781 16.0
117 5782 16.0
117 5783 16.0
117 5784 16.0
117 5785 16.0
117 5786 16.0
117 5787 16.0
117 5788 16.0
117 5789 16.0
117 5790 16.0
117 5791 16.0
117 5792 16.0
117 5793 16.0
117 5794 16.0
117 5795 16.0
117 5796 16.0
117 5797 16.0
117 5798 16.0
117 5799 16.0
117 5800 16.0
117 5801 16.0
117 5802 16.0
117 5803 16.0
117 5804 16.0
117 5805 16.0
117 5806 16.0
117 5807 16.0
117 5808 16.0
117 5809 16.0
117 5810 16.0
117 5811 16.0
117 5812 16.0
117 5813 16.0
117 5814 16.0
117 5815 16.0
118 5816 16.0
118 5817 16.0
118 5818 16.0
118 5819 16.0
118 5820 16.0
118 5821 16.0
118 5822 16.0
118 5823 16.0
118 5824 16.0
118 5825 16.0
118 5826 16.0
118 5827 16.0
118 5828 16.0
118 5829 16.0
118 5830 16.0
118 5831 16.0
118 5832 16.0
118 5833 16.0
118 5834 16.0
118 5835 16.0
118 5836 16.0
118 5837 16.0
118 5838 16.0
118 5839 16.0
118 5840 16.0
118 5841 16.0
118 5842 16.0
118 5843 16.0
118 5844 16.0
118 5845 16.0
118 5846 16.0
118 5847 16.0
118 5848 16.0
118 5849 16.0
118 5850 16.0
118 5851 16.0
118 5852 16.0
118 5853 16.0
118 5854 16.0
118 5855 16.0
118 5856 16.0
118 5857 16.0
118 5858 16.0
118 5859 16.0
118 5860 16.0
118 5861 16.0
118 5862 16.0
118 5863 16.0
118 5864 16.0
118 5865 16.0
118 5866 16.0
118 5867 16.0
118 5868 16.0
118 5869 16.0
119 5870 16.0
119 5871 16.0
119 5872 16.0
119 5873 16.0
119 5874 16.0
119 5875 16.0
119 5876 15.1
119 5877 15.1
119 5878 15.1
119 5879 15.0
119 5880 15.0
119 5881 15.0
119 5882 15.0
119 5883 15.0
119 5884 15.0
119 5885 15.0
119 5886 15.0
119 5887 15.0
119 5888 15.0
119 5889 15.0
119 5890 15.0
119 5891 15.0
119 5892 15.0
119 5893 15.0
119 5894 15.0
119 5895 15.0
119 5896 15.0
119 5897 15.0
119 5898 15.0
119 5899 15.0
119 5900 15.0
119 5901 15.0
119 5902 15.0
119 5903 15.0
119 5904 15.0
119 5905 15.0
119 5906 15.0
119 5907 15.0
119 5908 15.0
119 5909 15.0
119 5910 15.0
119 5911 15.0
119 5912 15.0
119 5913 15.0
119 5914 15.0
119 5915 15.0
119 5916 15.0
119 5917 15.0
119 5918 15.0
119 5919 15.0
119 5920 15.0
119 5921 15.0
120 5922 15.0
120 5923 15.0
120 5924 15.0
120 5925 15.0
120 5926 15.0
120 5927 15.0
120 5928 15.0
120 5929 15.0
120 5930 15.0
120 5931 15.0
120 5932 15.0
120 5933 15.0
120 5934 15.0
120 5935 14.9
120 5936 14.9
120 5937 14.9
120 5938 14.9
120 5939 14.9
120 5940 14.9
120 5941 14.9
120 5942 14.9
120 5943 14.9
120 5944 14.9
120 5945 14.9
120 5946 14.9
120 5947 14.9
120 5948 14.9
120 5949 14.9
120 5950 14.9
120 5951 14.9
120 5952 14.9
120 5953 14.9
120 5954 14.9
120 5955 14.9
120 5956 14.9
120 5957 14.9
120 5958 14.9
120 5959 14.9
120 5960 14.9
120 5961 14.9
120 5962 14.9
120 5963 14.9
120 5964 14.9
120 5965 14.9
120 5966 14.9
120 5967 14.9
120 5968 14.9
120 5969 14.9
120 5970 14.9
121 5971 14.9
