0 1 49.5
0 2 49.5
0 3 49.5
0 4 49.5
0 5 49.5
1 6 49.5
1 7 49.5
1 8 49.4
1 9 49.2
1 10 49.2
1 11 49.2
1 12 47.8
1 13 47.8
1 14 47.8
1 15 47.8
1 16 47.8
1 17 47.8
1 18 46.9
1 19 46.9
1 20 46.9
1 21 46.4
1 22 46.4
1 23 46.4
1 24 46.4
1 25 46.4
1 26 46.4
1 27 46.4
1 28 46.4
1 29 46.4
1 30 46.4
1 31 46.4
1 32 46.4
1 33 46.4
1 34 46.4
1 35 45.6
1 36 45.6
1 37 45.6
1 38 45.3
1 39 45.3
1 40 45.3
1 41 45.3
1 42 45.3
1 43 45.3
1 44 45.3
1 45 45.3
1 46 45.3
1 47 45.3
1 48 44.8
1 49 44.8
1 50 44.8
2 51 44.8
2 52 44.8
2 53 44.8
2 54 44.8
2 55 44.5
2 56 44.5
2 57 44.5
2 58 44.1
2 59 44.1
2 60 44.1
2 61 44.1
2 62 44.1
2 63 44.1
2 64 44.1
2 65 44.1
2 66 42.4
2 67 42.4
2 68 42.4
2 69 42.4
2 70 42.4
2 71 42.4
2 72 42.4
2 73 42.4
2 74 42.4
2 75 42.4
2 76 42.4
2 77 42.4
2 78 42.4
2 79 42.4
2 80 42.4
2 81 42.4
2 82 42.4
2 83 42.4
2 84 42.4
2 85 42.4
2 86 42.4
2 87 42.4
2 88 42.4
2 89 42.4
2 90 41.8
2 91 41.8
2 92 41.8
2 93 40.9
2 94 40.9
2 95 40.9
2 96 40.9
2 97 40.8
2 98 40.8
2 99 40.8
2 100 40.8
3 101 40.8
3 102 40.8
3 103 40.8
3 104 40.8
3 105 40.8
3 106 40.8
3 107 40.8
3 108 40.8
3 109 40.8
3 110 40.8
3 111 40.8
3 112 40.8
3 113 40.8
3 114 40.8
3 115 40.8
3 116 40.0
3 117 40.0
3 118 40.0
3 119 40.0
3 120 39.8
3 121 39.8
3 122 39.8
3 123 39.8
3 124 39.8
3 125 39.8
3 126 39.8
3 127 39.8
3 128 39.8
3 129 39.8
3 130 39.8
3 131 39.8
3 132 39.8
3 133 39.8
3 134 39.8
3 135 39.8
3 136 39.8
3 137 39.8
3 138 39.8
3 139 39.3
3 140 39.2
3 141 39.2
3 142 39.2
3 143 39.2
3 144 39.2
3 145 38.6
3 146 38.6
3 147 38.6
3 148 38.6
3 149 38.6
3 150 38.4
3 151 38.4
4 152 37.5
4 153 37.5
4 154 37.5
4 155 37.1
4 156 37.1
4 157 37.1
4 158 37.1
4 159 37.1
4 160 37.1
4 161 37.1
4 162 37.1
4 163 37.1
4 164 37.1
4 165 37.1
4 166 37.1
4 167 37.1
4 168 37.1
4 169 37.1
4 170 37.1
4 171 37.1
4 172 37.1
4 173 35.9
4 174 35.7
4 175 35.7
4 176 35.5
4 177 35.5
4 178 35.5
4 179 35.5
4 180 35.5
4 181 35.3
4 182 35.3
4 183 35.3
4 184 34.5
4 185 34.5
4 186 34.5
4 187 34.5
4 188 34.5
4 189 34.5
4 190 34.5
4 191 34.5
4 192 34.5
4 193 33.9
4 194 33.9
5 195 33.8
5 196 33.8
5 197 33.8
5 198 33.8
5 199 33.8
5 200 33.8
5 201 33.8
5 202 33.8
5 203 33.8
5 204 33.8
5 205 33.8
5 206 33.8
5 207 33.8
5 208 33.8
5 209 33.8
5 210 32.4
5 211 32.4
5 212 32.4
5 213 32.4
5 214 32.3
5 215 32.3
5 216 32.3
5 217 32.3
5 218 32.3
5 219 32.3
5 220 32.3
5 221 32.3
5 222 32.3
5 223 32.3
5 224 32.2
5 225 32.1
5 226 32.1
5 227 32.1
5 228 32.1
5 229 32.1
5 230 32.1
5 231 32.1
5 232 32.1
5 233 32.0
5 234 32.0
5 235 32.0
5 236 32.0
5 237 32.0
5 238 32.0
5 239 32.0
5 240 32.0
5 241 32.0
5 242 32.0
5 243 32.0
5 244 32.0
5 245 32.0
6 246 32.0
6 247 32.0
6 248 32.0
6 249 32.0
6 250 32.0
6 251 32.0
6 252 32.0
6 253 32.0
6 254 32.0
6 255 32.0
6 256 32.0
6 257 32.0
6 258 32.0
6 259 32.0
6 260 32.0
6 261 32.0
6 262 32.0
6 263 32.0
6 264 32.0
6 265 32.0
6 266 32.0
6 267 32.0
6 268 32.0
6 269 32.0
6 270 32.0
6 271 32.0
6 272 32.0
6 273 32.0
6 274 32.0
6 275 32.0
6 276 32.0
6 277 32.0
6 278 32.0
6 279 32.0
6 280 32.0
6 281 32.0
6 282 32.0
6 283 32.0
6 284 32.0
6 285 32.0
6 286 32.0
6 287 32.0
6 288 32.0
6 289 32.0
6 290 32.0
6 291 32.0
6 292 32.0
6 293 32.0
6 294 32.0
7 295 32.0
7 296 32.0
7 297 32.0
7 298 32.0
7 299 32.0
7 300 32.0
7 301 32.0
7 302 32.0
7 303 32.0
7 304 32.0
7 305 32.0
7 306 32.0
7 307 32.0
7 308 32.0
7 309 32.0
7 310 32.0
7 311 32.0
7 312 32.0
7 313 32.0
7 314 32.0
7 315 32.0
7 316 32.0
7 317 32.0
7 318 32.0
7 319 32.0
7 320 32.0
7 321 32.0
7 322 32.0
7 323 32.0
7 324 32.0
7 325 32.0
7 326 32.0
7 327 32.0
7 328 32.0
7 329 32.0
7 330 32.0
7 331 32.0
7 332 32.0
7 333 32.0
7 334 32.0
7 335 32.0
7 336 32.0
7 337 32.0
7 338 32.0
7 339 32.0
7 340 32.0
7 341 32.0
7 342 32.0
7 343 32.0
7 344 32.0
8 345 32.0
8 346 32.0
8 347 32.0
8 348 32.0
8 349 32.0
8 350 32.0
8 351 32.0
8 352 32.0
8 353 32.0
8 354 32.0
8 355 32.0
8 356 32.0
8 357 32.0
8 358 32.0
8 359 32.0
8 360 32.0
8 361 32.0
8 362 32.0
8 363 32.0
8 364 32.0
8 365 32.0
8 366 32.0
8 367 32.0
8 368 32.0
8 369 32.0
8 370 32.0
8 371 32.0
8 372 32.0
8 373 32.0
8 374 32.0
8 375 32.0
8 376 32.0
8 377 32.0
8 378 32.0
8 379 32.0
8 380 32.0
8 381 32.0
8 382 32.0
8 383 32.0
8 384 32.0
8 385 32.0
8 386 32.0
8 387 32.0
8 388 32.0
8 389 32.0
8 390 32.0
8 391 32.0
8 392 32.0
8 393 32.0
9 394 32.0
9 395 32.0
9 396 32.0
9 397 32.0
9 398 32.0
9 399 32.0
9 400 32.0
9 401 32.0
9 402 32.0
9 403 32.0
9 404 32.0
9 405 32.0
9 406 32.0
9 407 32.0
9 408 32.0
9 409 32.0
9 410 32.0
9 411 32.0
9 412 32.0
9 413 32.0
9 414 32.0
9 415 32.0
9 416 32.0
9 417 32.0
9 418 32.0
9 419 32.0
9 420 32.0
9 421 32.0
9 422 32.0
9 423 32.0
9 424 32.0
9 425 32.0
9 426 32.0
9 427 32.0
9 428 32.0
9 429 32.0
9 430 32.0
9 431 32.0
9 432 32.0
9 433 32.0
9 434 32.0
9 435 32.0
9 436 32.0
9 437 32.0
9 438 32.0
9 439 32.0
9 440 32.0
9 441 32.0
9 442 32.0
9 443 32.0
10 444 32.0
10 445 32.0
10 446 32.0
10 447 32.0
10 448 32.0
10 449 32.0
10 450 32.0
10 451 32.0
10 452 32.0
10 453 32.0
10 454 32.0
10 455 32.0
10 456 32.0
10 457 32.0
10 458 32.0
10 459 32.0
10 460 32.0
10 461 32.0
10 462 32.0
10 463 32.0
10 464 32.0
10 465 32.0
10 466 32.0
10 467 32.0
10 468 32.0
10 469 32.0
10 470 32.0
10 471 32.0
10 472 32.0
10 473 32.0
10 474 32.0
10 475 32.0
10 476 32.0
10 477 32.0
10 478 32.0
10 479 32.0
10 480 32.0
10 481 32.0
10 482 32.0
10 483 32.0
10 484 32.0
10 485 32.0
10 486 32.0
10 487 32.0
10 488 32.0
10 489 32.0
10 490 32.0
10 491 32.0
10 492 32.0
11 493 32.0
11 494 32.0
11 495 32.0
11 496 32.0
11 497 32.0
11 498 32.0
11 499 32.0
11 500 32.0
11 501 32.0
11 502 32.0
11 503 32.0
11 504 32.0
11 505 32.0
11 506 32.0
11 507 32.0
11 508 32.0
11 509 32.0
11 510 32.0
11 511 32.0
11 512 32.0
11 513 32.0
11 514 32.0
11 515 32.0
11 516 32.0
11 517 32.0
11 518 32.0
11 519 32.0
11 520 32.0
11 521 32.0
11 522 32.0
11 523 32.0
11 524 32.0
11 525 32.0
11 526 32.0
11 527 32.0
11 528 32.0
11 529 32.0
11 530 32.0
11 531 32.0
11 532 32.0
11 533 32.0
11 534 32.0
11 535 32.0
11 536 32.0
11 537 32.0
11 538 32.0
11 539 32.0
11 540 32.0
11 541 32.0
12 542 32.0
12 543 32.0
12 544 32.0
12 545 32.0
12 546 32.0
12 547 32.0
12 548 32.0
12 549 32.0
12 550 32.0
12 551 32.0
12 552 32.0
12 553 32.0
12 554 32.0
12 555 32.0
12 556 32.0
12 557 32.0
12 558 32.0
12 559 32.0
12 560 32.0
12 561 32.0
12 562 32.0
12 563 32.0
12 564 32.0
12 565 32.0
12 566 32.0
12 567 32.0
12 568 32.0
12 569 32.0
12 570 32.0
12 571 32.0
12 572 32.0
12 573 32.0
12 574 32.0
12 575 32.0
12 576 32.0
12 577 32.0
12 578 32.0
12 579 32.0
12 580 32.0
12 581 32.0
12 582 32.0
12 583 32.0
12 584 32.0
12 585 32.0
12 586 32.0
12 587 32.0
12 588 32.0
12 589 32.0
12 590 32.0
12 591 32.0
12 592 32.0
12 593 32.0
13 594 32.0
13 595 31.9
13 596 31.9
13 597 31.9
13 598 31.9
13 599 31.9
13 600 31.9
13 601 31.8
13 602 31.8
13 603 31.8
13 604 31.8
13 605 31.8
13 606 31.8
13 607 31.8
13 608 31.8
13 609 31.8
13 610 31.8
13 611 31.8
13 612 31.2
13 613 31.2
13 614 31.2
13 615 31.2
13 616 31.2
13 617 31.2
13 618 31.2
13 619 31.2
13 620 31.2
13 621 31.2
13 622 31.2
13 623 31.2
13 624 31.2
13 625 31.2
13 626 31.2
13 627 31.2
13 628 31.2
13 629 31.2
13 630 31.2
13 631 31.2
13 632 31.2
13 633 31.2
13 634 31.2
13 635 31.0
13 636 31.0
13 637 31.0
13 638 28.8
13 639 28.8
13 640 28.8
13 641 28.8
13 642 28.8
13 643 28.8
13 644 28.8
13 645 28.8
13 646 28.8
14 647 28.8
14 648 28.8
14 649 28.8
14 650 28.8
14 651 28.0
14 652 28.0
14 653 28.0
14 654 28.0
14 655 28.0
14 656 28.0
14 657 28.0
14 658 28.0
14 659 28.0
14 660 28.0
14 661 28.0
14 662 28.0
14 663 28.0
14 664 28.0
14 665 28.0
14 666 28.0
14 667 28.0
14 668 28.0
14 669 28.0
14 670 28.0
14 671 28.0
14 672 28.0
14 673 28.0
14 674 28.0
14 675 28.0
14 676 28.0
14 677 28.0
14 678 28.0
14 679 28.0
14 680 28.0
14 681 28.0
14 682 28.0
14 683 28.0
14 684 28.0
14 685 28.0
14 686 28.0
14 687 28.0
14 688 28.0
14 689 28.0
14 690 28.0
14 691 28.0
14 692 28.0
14 693 28.0
14 694 28.0
14 695 28.0
14 696 28.0
14 697 28.0
14 698 28.0
14 699 28.0
15 700 28.0
15 701 28.0
15 702 28.0
15 703 28.0
15 704 28.0
15 705 28.0
15 706 28.0
15 707 28.0
15 708 28.0
15 709 28.0
15 710 28.0
15 711 28.0
15 712 28.0
15 713 28.0
15 714 28.0
15 715 28.0
15 716 28.0
15 717 28.0
15 718 28.0
15 719 28.0
15 720 28.0
15 721 28.0
15 722 28.0
15 723 28.0
15 724 28.0
15 725 28.0
15 726 28.0
15 727 28.0
15 728 28.0
15 729 28.0
15 730 28.0
15 731 28.0
15 732 28.0
15 733 28.0
15 734 28.0
15 735 28.0
15 736 28.0
15 737 28.0
15 738 28.0
15 739 28.0
15 740 28.0
15 741 28.0
15 742 28.0
15 743 28.0
15 744 28.0
15 745 28.0
15 746 28.0
15 747 28.0
15 748 28.0
15 749 28.0
15 750 28.0
15 751 28.0
16 752 28.0
16 753 28.0
16 754 28.0
16 755 28.0
16 756 28.0
16 757 28.0
16 758 28.0
16 759 28.0
16 760 28.0
16 761 28.0
16 762 28.0
16 763 28.0
16 764 28.0
16 765 27.8
16 766 27.8
16 767 27.8
16 768 27.8
16 769 27.8
16 770 27.8
16 771 27.8
16 772 27.8
16 773 27.8
16 774 27.8
16 775 27.8
16 776 27.8
16 777 27.8
16 778 27.8
16 779 27.8
16 780 27.8
16 781 27.8
16 782 27.8
16 783 27.8
16 784 27.8
16 785 27.8
16 786 27.8
16 787 27.8
16 788 27.6
16 789 27.6
16 790 27.6
16 791 27.6
16 792 27.6
16 793 27.6
16 794 27.6
16 795 27.6
16 796 27.6
16 797 27.6
16 798 27.6
16 799 27.6
16 800 27.6
16 801 27.6
16 802 27.6
17 803 27.6
17 804 27.6
17 805 27.6
17 806 27.6
17 807 27.6
17 808 27.6
17 809 27.6
17 810 27.6
17 811 27.6
17 812 27.6
17 813 27.6
17 814 27.6
17 815 27.6
17 816 27.6
17 817 27.6
17 818 27.6
17 819 27.6
17 820 27.6
17 821 27.6
17 822 27.6
17 823 27.6
17 824 27.6
17 825 27.6
17 826 27.6
17 827 27.6
17 828 27.6
17 829 27.6
17 830 27.6
17 831 27.6
17 832 27.6
17 833 27.6
17 834 27.6
17 835 27.6
17 836 27.6
17 837 27.6
17 838 27.6
17 839 27.6
17 840 27.6
17 841 27.6
17 842 27.6
17 843 27.6
17 844 27.6
17 845 27.6
17 846 27.6
17 847 27.6
17 848 27.6
17 849 27.6
17 850 27.6
17 851 27.6
17 852 27.6
18 853 27.6
18 854 27.6
18 855 27.6
18 856 27.6
18 857 27.6
18 858 27.6
18 859 27.6
18 860 27.6
18 861 27.6
18 862 27.6
18 863 27.6
18 864 27.6
18 865 27.6
18 866 27.6
18 867 27.6
18 868 27.6
18 869 27.6
18 870 27.6
18 871 27.6
18 872 27.6
18 873 27.6
18 874 27.6
18 875 27.6
18 876 27.6
18 877 27.6
18 878 27.6
18 879 27.6
18 880 27.6
18 881 27.6
18 882 27.6
18 883 27.6
18 884 27.6
18 885 27.6
18 886 27.6
18 887 27.6
18 888 27.6
18 889 27.6
18 890 27.6
18 891 27.6
18 892 27.6
18 893 27.6
18 894 27.6
18 895 27.6
18 896 27.6
18 897 27.6
18 898 27.6
18 899 27.6
18 900 27.6
18 901 27.6
18 902 27.6
18 903 27.6
18 904 27.6
19 905 27.6
19 906 27.6
19 907 27.6
19 908 27.6
19 909 27.6
19 910 27.6
19 911 27.6
19 912 27.6
19 913 27.6
19 914 27.6
19 915 27.6
19 916 27.6
19 917 27.6
19 918 27.6
19 919 27.6
19 920 27.6
19 921 27.6
19 922 27.6
19 923 27.6
19 924 27.6
19 925 27.6
19 926 27.6
19 927 27.6
19 928 27.6
19 929 27.6
19 930 27.6
19 931 27.6
19 932 27.6
19 933 27.6
19 934 27.6
19 935 27.6
19 936 27.6
19 937 27.6
19 938 27.6
19 939 27.6
19 940 27.6
19 941 27.6
19 942 27.6
19 943 27.6
19 944 27.6
19 945 27.6
19 946 27.6
19 947 27.6
19 948 27.6
19 949 27.6
19 950 27.6
19 951 27.6
19 952 27.6
19 953 27.6
19 954 27.6
19 955 27.6
19 956 27.6
20 957 27.6
20 958 27.6
20 959 27.6
20 960 27.6
20 961 27.6
20 962 27.6
20 963 27.6
20 964 27.6
20 965 27.6
20 966 27.6
20 967 27.6
20 968 27.6
20 969 27.6
20 970 27.6
20 971 27.6
20 972 27.6
20 973 27.6
20 974 27.6
20 975 27.6
20 976 27.6
20 977 27.6
20 978 27.6
20 979 27.6
20 980 27.6
20 981 27.6
20 982 27.6
20 983 27.6
20 984 27.6
20 985 27.6
20 986 27.6
20 987 27.6
20 988 27.6
20 989 27.6
20 990 27.6
20 991 27.6
20 992 27.6
20 993 27.6
20 994 27.6
20 995 27.6
20 996 27.6
20 997 27.6
20 998 27.6
20 999 27.6
20 1000 27.6
20 1001 27.6
20 1002 27.6
20 1003 27.6
20 1004 27.6
20 1005 27.6
20 1006 27.5
20 1007 27.5
21 1008 27.5
21 1009 27.4
21 1010 27.4
21 1011 27.4
21 1012 27.4
21 1013 27.4
21 1014 27.4
21 1015 27.4
21 1016 27.4
21 1017 27.4
21 1018 27.2
21 1019 27.2
21 1020 27.2
21 1021 27.2
21 1022 26.7
21 1023 26.7
21 1024 26.7
21 1025 26.6
21 1026 26.6
21 1027 26.6
21 1028 26.6
21 1029 26.6
21 1030 26.6
21 1031 26.6
21 1032 26.6
21 1033 25.9
21 1034 25.9
21 1035 25.9
21 1036 25.9
21 1037 25.9
21 1038 25.9
21 1039 25.9
21 1040 25.9
21 1041 25.9
21 1042 25.9
21 1043 25.9
21 1044 25.9
21 1045 25.9
21 1046 25.9
21 1047 25.9
21 1048 25.9
21 1049 25.9
21 1050 25.9
21 1051 25.9
21 1052 25.9
21 1053 25.9
21 1054 25.9
21 1055 25.9
21 1056 25.9
21 1057 25.9
21 1058 25.9
22 1059 25.9
22 1060 25.9
22 1061 25.9
22 1062 25.9
22 1063 25.9
22 1064 25.9
22 1065 25.9
22 1066 25.9
22 1067 25.9
22 1068 25.9
22 1069 25.9
22 1070 25.9
22 1071 25.9
22 1072 25.9
22 1073 25.9
22 1074 25.9
22 1075 25.9
22 1076 25.9
22 1077 25.9
22 1078 25.9
22 1079 25.9
22 1080 25.9
22 1081 25.9
22 1082 25.9
22 1083 25.9
22 1084 25.9
22 1085 25.9
22 1086 25.9
22 1087 25.9
22 1088 25.9
22 1089 25.9
22 1090 25.9
22 1091 25.9
22 1092 25.9
22 1093 25.9
22 1094 25.9
22 1095 25.9
22 1096 25.9
22 1097 25.9
22 1098 25.9
22 1099 25.9
22 1100 25.9
22 1101 25.9
22 1102 25.9
22 1103 25.9
22 1104 25.9
22 1105 25.9
22 1106 25.9
22 1107 25.9
22 1108 25.9
22 1109 25.9
23 1110 25.9
23 1111 25.9
23 1112 25.9
23 1113 25.9
23 1114 25.9
23 1115 25.9
23 1116 25.9
23 1117 25.9
23 1118 25.9
23 1119 25.9
23 1120 25.9
23 1121 25.9
23 1122 25.9
23 1123 25.9
23 1124 25.9
23 1125 25.9
23 1126 25.9
23 1127 25.9
23 1128 25.9
23 1129 25.9
23 1130 25.9
23 1131 25.9
23 1132 25.9
23 1133 25.9
23 1134 25.9
23 1135 25.9
23 1136 25.9
23 1137 25.9
23 1138 25.9
23 1139 25.9
23 1140 25.9
23 1141 25.9
23 1142 25.9
23 1143 25.9
23 1144 25.9
23 1145 25.9
23 1146 25.9
23 1147 25.9
23 1148 25.9
23 1149 25.9
23 1150 25.9
23 1151 25.9
23 1152 25.9
23 1153 25.9
23 1154 25.9
23 1155 25.9
23 1156 25.9
23 1157 25.9
23 1158 25.9
23 1159 25.9
24 1160 25.9
24 1161 25.9
24 1162 25.9
24 1163 25.9
24 1164 25.9
24 1165 25.9
24 1166 25.9
24 1167 25.9
24 1168 25.9
24 1169 25.9
24 1170 25.9
24 1171 25.9
24 1172 25.9
24 1173 25.9
24 1174 25.9
24 1175 25.9
24 1176 25.9
24 1177 25.9
24 1178 25.9
24 1179 25.9
24 1180 25.9
24 1181 25.9
24 1182 25.9
24 1183 25.9
24 1184 25.9
24 1185 25.9
24 1186 25.9
24 1187 25.9
24 1188 25.9
24 1189 25.9
24 1190 25.9
24 1191 25.9
24 1192 25.9
24 1193 25.9
24 1194 25.9
24 1195 25.9
24 1196 25.9
24 1197 25.9
24 1198 25.9
24 1199 25.9
24 1200 25.9
24 1201 25.9
24 1202 25.9
24 1203 25.9
24 1204 25.9
24 1205 25.9
24 1206 25.9
24 1207 25.9
24 1208 25.9
24 1209 25.9
25 1210 25.9
25 1211 25.9
25 1212 25.9
25 1213 25.9
25 1214 25.9
25 1215 25.9
25 1216 25.9
25 1217 25.9
25 1218 25.9
25 1219 25.9
25 1220 25.9
25 1221 25.9
25 1222 25.9
25 1223 25.9
25 1224 25.9
25 1225 25.9
25 1226 25.9
25 1227 25.9
25 1228 25.9
25 1229 25.9
25 1230 25.9
25 1231 25.9
25 1232 25.9
25 1233 25.9
25 1234 25.9
25 1235 25.9
25 1236 25.9
25 1237 25.9
25 1238 25.9
25 1239 25.9
25 1240 25.9
25 1241 25.9
25 1242 25.9
25 1243 25.9
25 1244 25.9
25 1245 25.9
25 1246 25.9
25 1247 25.9
25 1248 25.9
25 1249 25.9
25 1250 25.9
25 1251 25.9
25 1252 25.9
25 1253 25.9
25 1254 25.9
25 1255 25.9
25 1256 25.9
25 1257 25.9
25 1258 25.9
25 1259 25.9
25 1260 25.9
25 1261 25.9
26 1262 25.9
26 1263 25.9
26 1264 25.9
26 1265 25.9
26 1266 25.9
26 1267 25.9
26 1268 25.9
26 1269 25.9
26 1270 25.9
26 1271 25.9
26 1272 25.9
26 1273 25.9
26 1274 25.9
26 1275 25.9
26 1276 25.9
26 1277 25.9
26 1278 25.9
26 1279 25.9
26 1280 25.9
26 1281 25.9
26 1282 25.9
26 1283 25.9
26 1284 25.9
26 1285 25.9
26 1286 25.9
26 1287 25.9
26 1288 25.9
26 1289 25.9
26 1290 25.9
26 1291 25.9
26 1292 25.9
26 1293 25.9
26 1294 25.9
26 1295 25.9
26 1296 25.9
26 1297 25.9
26 1298 25.9
26 1299 25.9
26 1300 25.9
26 1301 25.9
26 1302 25.9
26 1303 25.9
26 1304 25.9
26 1305 25.9
26 1306 25.9
26 1307 25.9
26 1308 25.9
26 1309 25.9
26 1310 25.9
26 1311 25.9
26 1312 25.9
26 1313 25.9
27 1314 25.9
27 1315 25.9
27 1316 25.9
27 1317 25.9
27 1318 25.9
27 1319 25.9
27 1320 25.9
27 1321 25.9
27 1322 25.9
27 1323 25.9
27 1324 25.9
27 1325 25.9
27 1326 25.9
27 1327 25.9
27 1328 25.9
27 1329 25.9
27 1330 25.9
27 1331 25.9
27 1332 25.9
27 1333 25.9
27 1334 25.9
27 1335 25.9
27 1336 25.9
27 1337 25.9
27 1338 25.9
27 1339 25.9
27 1340 25.9
27 1341 25.9
27 1342 25.9
27 1343 25.9
27 1344 25.9
27 1345 25.9
27 1346 25.9
27 1347 25.9
27 1348 25.9
27 1349 25.9
27 1350 25.9
27 1351 25.9
27 1352 25.9
27 1353 25.9
27 1354 25.9
27 1355 25.9
27 1356 25.9
27 1357 25.9
27 1358 25.9
27 1359 25.9
27 1360 25.9
27 1361 25.9
27 1362 25.9
27 1363 25.9
27 1364 25.9
27 1365 25.9
27 1366 25.9
28 1367 25.9
28 1368 25.9
28 1369 25.9
28 1370 25.9
28 1371 25.9
28 1372 25.9
28 1373 25.9
28 1374 25.9
28 1375 25.9
28 1376 25.9
28 1377 25.9
28 1378 25.9
28 1379 25.9
28 1380 25.9
28 1381 25.9
28 1382 25.9
28 1383 25.9
28 1384 25.9
28 1385 25.9
28 1386 25.9
28 1387 25.9
28 1388 25.9
28 1389 25.9
28 1390 25.9
28 1391 25.9
28 1392 25.9
28 1393 25.9
28 1394 25.9
28 1395 25.9
28 1396 25.9
28 1397 25.9
28 1398 25.9
28 1399 25.9
28 1400 25.9
28 1401 25.9
28 1402 25.9
28 1403 25.9
28 1404 25.9
28 1405 25.9
28 1406 25.9
28 1407 25.9
28 1408 25.9
28 1409 25.9
28 1410 25.9
28 1411 25.9
28 1412 25.9
28 1413 25.9
28 1414 25.9
28 1415 25.8
28 1416 25.8
28 1417 25.8
29 1418 25.8
29 1419 25.7
29 1420 25.7
29 1421 25.7
29 1422 25.7
29 1423 25.7
29 1424 25.7
29 1425 25.7
29 1426 25.7
29 1427 25.7
29 1428 25.7
29 1429 25.7
29 1430 25.7
29 1431 25.7
29 1432 25.7
29 1433 25.7
29 1434 25.7
29 1435 25.7
29 1436 25.7
29 1437 25.7
29 1438 25.7
29 1439 25.7
29 1440 25.7
29 1441 25.7
29 1442 25.7
29 1443 25.7
29 1444 25.7
29 1445 25.7
29 1446 25.7
29 1447 25.7
29 1448 25.7
29 1449 25.7
29 1450 25.7
29 1451 25.7
29 1452 25.7
29 1453 25.7
29 1454 25.7
29 1455 25.7
29 1456 25.7
29 1457 25.7
29 1458 25.7
29 1459 25.7
29 1460 25.7
29 1461 25.7
29 1462 25.7
29 1463 25.7
29 1464 25.7
29 1465 25.7
29 1466 25.7
29 1467 25.7
29 1468 25.7
30 1469 25.7
30 1470 25.6
30 1471 25.6
30 1472 25.6
30 1473 25.6
30 1474 25.6
30 1475 25.6
30 1476 25.6
30 1477 25.6
30 1478 25.6
30 1479 25.6
30 1480 25.6
30 1481 25.6
30 1482 25.6
30 1483 25.6
30 1484 25.6
30 1485 25.6
30 1486 25.6
30 1487 25.6
30 1488 25.6
30 1489 25.6
30 1490 25.6
30 1491 25.6
30 1492 25.6
30 1493 25.6
30 1494 25.6
30 1495 25.6
30 1496 25.6
30 1497 25.6
30 1498 25.6
30 1499 25.6
30 1500 25.6
30 1501 25.6
30 1502 25.6
30 1503 25.6
30 1504 25.6
30 1505 25.6
30 1506 25.6
30 1507 25.6
30 1508 25.6
30 1509 25.6
30 1510 25.6
30 1511 25.6
30 1512 25.6
30 1513 25.6
30 1514 25.6
30 1515 25.6
30 1516 25.6
30 1517 25.6
30 1518 25.6
31 1519 25.6
31 1520 25.6
31 1521 25.6
31 1522 25.6
31 1523 25.6
31 1524 25.6
31 1525 25.6
31 1526 25.6
31 1527 25.6
31 1528 25.6
31 1529 25.6
31 1530 25.6
31 1531 25.6
31 1532 25.6
31 1533 25.6
31 1534 25.6
31 1535 25.6
31 1536 25.6
31 1537 25.6
31 1538 25.6
31 1539 25.6
31 1540 25.6
31 1541 25.6
31 1542 25.6
31 1543 25.6
31 1544 25.6
31 1545 25.6
31 1546 25.6
31 1547 25.6
31 1548 25.6
31 1549 25.6
31 1550 25.6
31 1551 25.6
31 1552 25.6
31 1553 25.6
31 1554 25.6
31 1555 25.6
31 1556 25.6
31 1557 25.6
31 1558 25.6
31 1559 25.6
31 1560 25.6
31 1561 25.6
31 1562 25.6
31 1563 25.6
31 1564 25.6
31 1565 25.6
31 1566 25.6
31 1567 25.6
32 1568 25.6
32 1569 25.6
32 1570 25.6
32 1571 25.6
32 1572 25.6
32 1573 25.6
32 1574 25.6
32 1575 25.6
32 1576 25.6
32 1577 25.6
32 1578 25.6
32 1579 25.6
32 1580 25.6
32 1581 25.6
32 1582 25.6
32 1583 25.6
32 1584 25.6
32 1585 25.6
32 1586 25.6
32 1587 25.6
32 1588 25.6
32 1589 25.6
32 1590 25.6
32 1591 25.6
32 1592 25.6
32 1593 25.6
32 1594 25.6
32 1595 25.6
32 1596 25.6
32 1597 25.6
32 1598 25.6
32 1599 25.6
32 1600 25.6
32 1601 25.6
32 1602 25.6
32 1603 25.6
32 1604 25.6
32 1605 25.6
32 1606 25.6
32 1607 25.6
32 1608 25.6
32 1609 25.6
32 1610 25.6
32 1611 25.6
32 1612 25.6
32 1613 25.6
32 1614 25.6
32 1615 25.6
32 1616 25.6
32 1617 25.6
32 1618 25.6
32 1619 25.6
32 1620 25.6
33 1621 25.6
33 1622 25.6
33 1623 25.6
33 1624 25.6
33 1625 25.6
33 1626 25.6
33 1627 25.6
33 1628 25.6
33 1629 25.6
33 1630 25.6
33 1631 25.6
33 1632 25.6
33 1633 25.6
33 1634 25.6
33 1635 25.6
33 1636 25.6
33 1637 25.6
33 1638 25.6
33 1639 25.6
33 1640 25.6
33 1641 25.6
33 1642 25.6
33 1643 25.6
33 1644 25.6
33 1645 25.6
33 1646 25.6
33 1647 25.6
33 1648 25.6
33 1649 25.6
33 1650 25.6
33 1651 25.6
33 1652 25.6
33 1653 25.6
33 1654 25.6
33 1655 25.6
33 1656 25.6
33 1657 25.6
33 1658 25.6
33 1659 25.6
33 1660 25.6
33 1661 25.6
33 1662 25.6
33 1663 25.6
33 1664 25.6
33 1665 25.6
33 1666 25.6
33 1667 25.6
33 1668 25.6
33 1669 25.6
33 1670 25.6
34 1671 25.6
34 1672 25.6
34 1673 25.6
34 1674 25.6
34 1675 25.6
34 1676 25.6
34 1677 25.6
34 1678 25.6
34 1679 25.6
34 1680 25.6
34 1681 25.6
34 1682 25.6
34 1683 25.6
34 1684 25.6
34 1685 25.6
34 1686 25.6
34 1687 25.6
34 1688 25.6
34 1689 25.6
34 1690 25.6
34 1691 25.6
34 1692 25.6
34 1693 25.6
34 1694 25.6
34 1695 25.6
34 1696 25.6
34 1697 25.6
34 1698 25.6
34 1699 25.6
34 1700 25.6
34 1701 25.6
34 1702 25.6
34 1703 25.6
34 1704 25.6
34 1705 25.6
34 1706 25.6
34 1707 25.6
34 1708 25.6
34 1709 25.6
34 1710 25.6
34 1711 25.6
34 1712 25.6
34 1713 25.6
34 1714 25.6
34 1715 25.6
34 1716 25.6
34 1717 25.6
34 1718 25.6
34 1719 25.6
34 1720 25.6
35 1721 25.6
35 1722 25.6
35 1723 25.6
35 1724 25.6
35 1725 25.6
35 1726 25.6
35 1727 25.6
35 1728 25.6
35 1729 25.6
35 1730 25.6
35 1731 25.6
35 1732 25.6
35 1733 25.6
35 1734 25.6
35 1735 25.6
35 1736 25.6
35 1737 25.6
35 1738 25.6
35 1739 25.6
35 1740 25.6
35 1741 25.6
35 1742 25.6
35 1743 25.6
35 1744 25.6
35 1745 25.6
35 1746 25.6
35 1747 25.6
35 1748 25.6
35 1749 25.6
35 1750 25.6
35 1751 25.6
35 1752 25.6
35 1753 25.6
35 1754 25.6
35 1755 25.6
35 1756 25.6
35 1757 25.6
35 1758 25.6
35 1759 25.6
35 1760 25.6
35 1761 25.6
35 1762 25.6
35 1763 25.6
35 1764 25.6
35 1765 25.6
35 1766 25.6
35 1767 25.6
35 1768 25.6
35 1769 25.6
35 1770 25.6
36 1771 25.6
36 1772 25.6
36 1773 25.6
36 1774 25.6
36 1775 25.6
36 1776 25.6
36 1777 25.6
36 1778 25.6
36 1779 25.6
36 1780 25.6
36 1781 25.6
36 1782 25.6
36 1783 25.6
36 1784 25.6
36 1785 25.6
36 1786 25.6
36 1787 25.6
36 1788 25.6
36 1789 25.6
36 1790 25.6
36 1791 25.6
36 1792 25.6
36 1793 25.6
36 1794 25.6
36 1795 25.6
36 1796 25.6
36 1797 25.6
36 1798 25.6
36 1799 25.6
36 1800 25.6
36 1801 25.6
36 1802 25.6
36 1803 25.6
36 1804 25.6
36 1805 25.6
36 1806 25.6
36 1807 25.6
36 1808 25.6
36 1809 25.6
36 1810 25.6
36 1811 25.6
36 1812 25.6
36 1813 25.6
36 1814 25.6
36 1815 25.6
36 1816 25.6
36 1817 25.6
36 1818 25.6
36 1819 25.6
36 1820 25.6
36 1821 25.6
36 1822 25.6
37 1823 25.6
37 1824 25.6
37 1825 25.6
37 1826 25.6
37 1827 25.6
37 1828 25.6
37 1829 25.6
37 1830 25.6
37 1831 25.6
37 1832 25.6
37 1833 25.6
37 1834 25.6
37 1835 25.6
37 1836 25.6
37 1837 25.6
37 1838 25.6
37 1839 25.6
37 1840 25.6
37 1841 25.6
37 1842 25.6
37 1843 25.6
37 1844 25.6
37 1845 25.6
37 1846 25.6
37 1847 25.6
37 1848 25.6
37 1849 25.6
37 1850 25.6
37 1851 25.6
37 1852 25.6
37 1853 25.6
37 1854 25.6
37 1855 25.6
37 1856 25.6
37 1857 25.6
37 1858 25.6
37 1859 25.6
37 1860 25.6
37 1861 25.6
37 1862 25.6
37 1863 25.6
37 1864 25.6
37 1865 25.6
37 1866 25.6
37 1867 25.6
37 1868 25.6
37 1869 25.6
37 1870 25.6
37 1871 25.6
37 1872 25.6
37 1873 25.6
37 1874 25.6
38 1875 25.6
38 1876 25.6
38 1877 25.6
38 1878 25.6
38 1879 25.6
38 1880 25.6
38 1881 25.6
38 1882 25.6
38 1883 25.6
38 1884 25.6
38 1885 25.6
38 1886 25.6
38 1887 25.6
38 1888 25.6
38 1889 25.6
38 1890 25.6
38 1891 25.6
38 1892 25.6
38 1893 25.6
38 1894 25.6
38 1895 25.6
38 1896 25.6
38 1897 25.6
38 1898 25.6
38 1899 25.6
38 1900 25.6
38 1901 25.6
38 1902 25.6
38 1903 25.6
38 1904 25.6
38 1905 25.6
38 1906 25.6
38 1907 25.6
38 1908 25.6
38 1909 25.6
38 1910 25.6
38 1911 25.6
38 1912 25.6
38 1913 25.6
38 1914 25.6
38 1915 25.6
38 1916 25.6
38 1917 25.6
38 1918 25.6
38 1919 25.6
38 1920 25.6
38 1921 25.6
38 1922 25.6
38 1923 25.6
38 1924 25.6
39 1925 25.6
39 1926 25.6
39 1927 25.6
39 1928 25.6
39 1929 25.6
39 1930 25.6
39 1931 25.6
39 1932 25.6
39 1933 25.6
39 1934 25.6
39 1935 25.6
39 1936 25.6
39 1937 25.6
39 1938 25.6
39 1939 25.6
39 1940 25.6
39 1941 25.6
39 1942 25.6
39 1943 25.6
39 1944 25.6
39 1945 25.6
39 1946 25.6
39 1947 25.6
39 1948 25.6
39 1949 25.6
39 1950 25.6
39 1951 25.6
39 1952 25.6
39 1953 25.6
39 1954 25.6
39 1955 25.6
39 1956 25.6
39 1957 25.6
39 1958 25.6
39 1959 25.6
39 1960 25.6
39 1961 25.6
39 1962 25.6
39 1963 25.6
39 1964 25.6
39 1965 25.6
39 1966 25.6
39 1967 25.6
39 1968 25.6
39 1969 25.6
39 1970 25.6
39 1971 25.6
39 1972 25.6
39 1973 25.6
40 1974 25.6
40 1975 25.6
40 1976 25.6
40 1977 25.6
40 1978 25.6
40 1979 25.6
40 1980 25.6
40 1981 25.6
40 1982 25.6
40 1983 25.6
40 1984 25.6
40 1985 25.6
40 1986 25.6
40 1987 25.6
40 1988 25.6
40 1989 25.6
40 1990 25.6
40 1991 25.6
40 1992 25.6
40 1993 25.6
40 1994 25.6
40 1995 25.6
40 1996 25.6
40 1997 25.6
40 1998 25.6
40 1999 25.6
40 2000 25.6
40 2001 25.6
40 2002 25.6
40 2003 25.6
40 2004 25.6
40 2005 25.6
40 2006 25.6
40 2007 25.6
40 2008 25.6
40 2009 25.6
40 2010 25.6
40 2011 25.6
40 2012 25.6
40 2013 25.6
40 2014 25.6
40 2015 25.6
40 2016 25.6
40 2017 25.6
40 2018 25.6
40 2019 25.6
40 2020 25.6
40 2021 25.6
41 2022 25.6
41 2023 25.6
41 2024 25.6
41 2025 25.6
41 2026 25.6
41 2027 25.6
41 2028 25.6
41 2029 25.6
41 2030 25.6
41 2031 25.6
41 2032 25.6
41 2033 25.6
41 2034 25.6
41 2035 25.6
41 2036 25.6
41 2037 25.6
41 2038 25.6
41 2039 25.6
41 2040 25.6
41 2041 25.6
41 2042 25.6
41 2043 25.6
41 2044 25.6
41 2045 25.6
41 2046 25.6
41 2047 25.6
41 2048 25.6
41 2049 25.6
41 2050 25.6
41 2051 25.6
41 2052 25.6
41 2053 25.6
41 2054 25.6
41 2055 25.6
41 2056 25.6
41 2057 25.6
41 2058 25.6
41 2059 25.6
41 2060 25.6
41 2061 25.6
41 2062 25.6
41 2063 25.6
41 2064 25.6
41 2065 25.6
41 2066 25.6
41 2067 25.6
41 2068 25.6
41 2069 25.6
41 2070 25.6
42 2071 25.6
42 2072 25.6
42 2073 25.6
42 2074 25.6
42 2075 25.6
42 2076 25.6
42 2077 25.6
42 2078 25.6
42 2079 25.6
42 2080 25.6
42 2081 25.6
42 2082 25.6
42 2083 25.6
42 2084 25.6
42 2085 25.6
42 2086 25.6
42 2087 25.6
42 2088 25.6
42 2089 25.6
42 2090 25.6
42 2091 25.6
42 2092 25.6
42 2093 25.6
42 2094 25.6
42 2095 25.6
42 2096 25.6
42 2097 25.6
42 2098 25.6
42 2099 25.6
42 2100 25.6
42 2101 25.6
42 2102 25.6
42 2103 25.6
42 2104 25.6
42 2105 25.6
42 2106 25.6
42 2107 25.6
42 2108 25.6
42 2109 25.6
42 2110 25.6
42 2111 25.6
42 2112 25.6
42 2113 25.6
42 2114 25.6
42 2115 25.6
42 2116 25.6
42 2117 25.6
42 2118 25.6
42 2119 25.6
42 2120 25.6
42 2121 25.6
42 2122 25.6
43 2123 25.6
43 2124 25.6
43 2125 25.6
43 2126 25.6
43 2127 25.6
43 2128 25.6
43 2129 25.6
43 2130 25.6
43 2131 25.6
43 2132 25.6
43 2133 25.6
43 2134 25.6
43 2135 25.6
43 2136 25.6
43 2137 25.6
43 2138 25.6
43 2139 25.6
43 2140 25.6
43 2141 25.6
43 2142 25.6
43 2143 25.6
43 2144 25.6
43 2145 25.6
43 2146 25.6
43 2147 25.6
43 2148 25.6
43 2149 25.6
43 2150 25.6
43 2151 25.6
43 2152 25.6
43 2153 25.6
43 2154 25.6
43 2155 25.6
43 2156 25.6
43 2157 25.6
43 2158 25.6
43 2159 25.6
43 2160 25.6
43 2161 25.6
43 2162 25.6
43 2163 25.6
43 2164 25.6
43 2165 25.6
43 2166 24.9
43 2167 24.9
43 2168 24.9
43 2169 24.9
43 2170 24.9
43 2171 24.9
43 2172 24.9
43 2173 24.9
43 2174 24.9
43 2175 24.9
44 2176 24.9
44 2177 24.9
44 2178 24.9
44 2179 24.9
44 2180 24.9
44 2181 24.9
44 2182 24.9
44 2183 24.9
44 2184 24.9
44 2185 24.2
44 2186 24.2
44 2187 24.2
44 2188 24.2
44 2189 24.2
44 2190 24.2
44 2191 23.4
44 2192 23.4
44 2193 23.4
44 2194 23.4
44 2195 23.4
44 2196 23.4
44 2197 23.4
44 2198 23.4
44 2199 23.4
44 2200 23.4
44 2201 23.2
44 2202 23.2
44 2203 23.0
44 2204 23.0
44 2205 22.6
44 2206 22.6
44 2207 22.6
44 2208 22.6
44 2209 22.6
44 2210 22.6
44 2211 22.6
44 2212 22.6
44 2213 22.4
44 2214 22.4
44 2215 22.4
44 2216 22.4
44 2217 22.4
44 2218 22.4
44 2219 22.4
44 2220 22.4
44 2221 22.4
44 2222 22.4
44 2223 22.4
44 2224 22.4
44 2225 22.4
45 2226 22.4
45 2227 22.4
45 2228 22.4
45 2229 22.4
45 2230 22.4
45 2231 22.4
45 2232 22.4
45 2233 22.4
45 2234 22.4
45 2235 22.4
45 2236 22.4
45 2237 22.4
45 2238 22.4
45 2239 22.4
45 2240 22.4
45 2241 22.4
45 2242 22.4
45 2243 22.4
45 2244 22.4
45 2245 22.4
45 2246 22.4
45 2247 22.4
45 2248 22.4
45 2249 22.4
45 2250 22.4
45 2251 22.4
45 2252 22.4
45 2253 22.4
45 2254 22.4
45 2255 22.4
45 2256 22.4
45 2257 22.4
45 2258 22.4
45 2259 22.4
45 2260 22.4
45 2261 22.4
45 2262 22.4
45 2263 22.4
45 2264 22.4
45 2265 22.4
45 2266 22.4
45 2267 22.4
45 2268 22.4
45 2269 22.4
45 2270 22.4
45 2271 22.4
45 2272 22.4
45 2273 22.4
45 2274 22.4
45 2275 22.4
45 2276 22.4
45 2277 22.4
46 2278 22.4
46 2279 22.4
46 2280 22.4
46 2281 22.4
46 2282 22.4
46 2283 22.4
46 2284 22.4
46 2285 22.4
46 2286 22.4
46 2287 22.4
46 2288 22.4
46 2289 22.4
46 2290 22.4
46 2291 22.4
46 2292 22.4
46 2293 22.4
46 2294 22.4
46 2295 22.4
46 2296 22.4
46 2297 22.4
46 2298 22.4
46 2299 22.4
46 2300 22.4
46 2301 22.4
46 2302 22.4
46 2303 22.4
46 2304 22.4
46 2305 22.4
46 2306 22.4
46 2307 22.4
46 2308 22.4
46 2309 22.4
46 2310 22.4
46 2311 22.4
46 2312 22.4
46 2313 22.4
46 2314 22.4
46 2315 22.4
46 2316 22.4
46 2317 22.4
46 2318 22.4
46 2319 22.4
46 2320 22.4
46 2321 22.4
46 2322 22.4
46 2323 22.4
46 2324 22.4
46 2325 22.4
46 2326 22.4
46 2327 22.4
46 2328 22.4
46 2329 22.4
47 2330 22.4
47 2331 22.4
47 2332 22.4
47 2333 22.4
47 2334 22.4
47 2335 22.4
47 2336 22.4
47 2337 22.4
47 2338 22.4
47 2339 22.4
47 2340 22.4
47 2341 22.4
47 2342 22.4
47 2343 22.4
47 2344 22.4
47 2345 22.4
47 2346 22.4
47 2347 22.4
47 2348 22.4
47 2349 22.4
47 2350 22.4
47 2351 22.4
47 2352 22.4
47 2353 22.4
47 2354 22.4
47 2355 22.4
47 2356 22.4
47 2357 22.4
47 2358 22.4
47 2359 22.4
47 2360 22.4
47 2361 22.4
47 2362 22.4
47 2363 22.4
47 2364 22.4
47 2365 22.4
47 2366 22.4
47 2367 22.4
47 2368 22.4
47 2369 22.4
47 2370 22.4
47 2371 22.4
47 2372 22.4
47 2373 22.4
47 2374 22.4
47 2375 22.4
47 2376 22.4
47 2377 22.4
47 2378 22.4
47 2379 22.4
48 2380 22.4
48 2381 22.4
48 2382 22.4
48 2383 22.4
48 2384 22.4
48 2385 22.4
48 2386 22.4
48 2387 22.4
48 2388 22.4
48 2389 22.4
48 2390 22.4
48 2391 22.4
48 2392 22.4
48 2393 22.4
48 2394 22.4
48 2395 22.4
48 2396 22.4
48 2397 22.4
48 2398 22.4
48 2399 22.4
48 2400 22.4
48 2401 22.4
48 2402 22.4
48 2403 22.4
48 2404 22.4
48 2405 22.4
48 2406 22.4
48 2407 22.4
48 2408 22.4
48 2409 22.4
48 2410 22.4
48 2411 22.4
48 2412 22.4
48 2413 22.4
48 2414 22.4
48 2415 22.4
48 2416 22.4
48 2417 22.4
48 2418 22.4
48 2419 22.4
48 2420 22.4
48 2421 22.4
48 2422 22.4
48 2423 22.4
48 2424 22.4
48 2425 22.4
48 2426 22.4
48 2427 22.4
48 2428 22.4
48 2429 22.4
48 2430 22.4
48 2431 22.4
49 2432 22.4
49 2433 22.4
49 2434 22.4
49 2435 22.4
49 2436 22.4
49 2437 22.4
49 2438 22.4
49 2439 22.4
49 2440 22.4
49 2441 22.4
49 2442 22.4
49 2443 22.4
49 2444 22.4
49 2445 22.4
49 2446 22.4
49 2447 22.4
49 2448 22.4
49 2449 22.4
49 2450 22.4
49 2451 22.4
49 2452 22.4
49 2453 22.4
49 2454 22.4
49 2455 22.4
49 2456 22.4
49 2457 22.4
49 2458 22.4
49 2459 22.4
49 2460 22.4
49 2461 22.4
49 2462 22.4
49 2463 22.4
49 2464 22.4
49 2465 22.4
49 2466 22.4
49 2467 22.4
49 2468 22.4
49 2469 22.4
49 2470 22.4
49 2471 22.4
49 2472 22.4
49 2473 22.4
49 2474 22.4
49 2475 22.4
49 2476 22.4
49 2477 22.4
49 2478 22.4
49 2479 22.4
49 2480 22.4
49 2481 22.4
49 2482 22.4
49 2483 22.4
50 2484 22.4
50 2485 22.4
50 2486 22.4
50 2487 22.4
50 2488 22.4
50 2489 22.4
50 2490 22.4
50 2491 22.4
50 2492 22.4
50 2493 22.4
50 2494 22.4
50 2495 22.4
50 2496 22.4
50 2497 22.4
50 2498 22.4
50 2499 22.4
50 2500 22.4
50 2501 22.4
50 2502 22.4
50 2503 22.4
50 2504 22.4
50 2505 22.4
50 2506 22.4
50 2507 22.4
50 2508 22.4
50 2509 22.4
50 2510 22.4
50 2511 22.4
50 2512 22.4
50 2513 22.4
50 2514 22.4
50 2515 22.4
50 2516 22.4
50 2517 22.4
50 2518 22.4
50 2519 22.4
50 2520 22.4
50 2521 22.4
50 2522 22.4
50 2523 22.4
50 2524 22.4
50 2525 22.4
50 2526 22.4
50 2527 22.4
50 2528 22.4
50 2529 22.4
50 2530 22.4
50 2531 22.4
50 2532 22.4
51 2533 22.4
51 2534 22.4
51 2535 22.4
51 2536 22.4
51 2537 22.4
51 2538 22.4
51 2539 22.4
51 2540 22.4
51 2541 22.4
51 2542 22.4
51 2543 22.4
51 2544 22.4
51 2545 22.4
51 2546 22.4
51 2547 22.4
51 2548 22.4
51 2549 22.4
51 2550 22.4
51 2551 22.4
51 2552 22.4
51 2553 22.4
51 2554 22.4
51 2555 22.4
51 2556 22.4
51 2557 22.4
51 2558 22.4
51 2559 22.4
51 2560 22.4
51 2561 22.4
51 2562 22.4
51 2563 22.4
51 2564 22.4
51 2565 22.4
51 2566 22.4
51 2567 22.4
51 2568 22.4
51 2569 22.4
51 2570 22.4
51 2571 22.4
51 2572 22.4
51 2573 22.4
51 2574 22.4
51 2575 22.4
51 2576 22.4
51 2577 22.4
51 2578 22.4
51 2579 22.4
51 2580 22.4
51 2581 22.4
51 2582 22.4
51 2583 22.4
52 2584 22.4
52 2585 22.4
52 2586 22.4
52 2587 22.4
52 2588 22.4
52 2589 22.4
52 2590 22.4
52 2591 22.4
52 2592 22.4
52 2593 22.2
52 2594 22.2
52 2595 22.2
52 2596 22.2
52 2597 22.2
52 2598 22.2
52 2599 22.0
52 2600 22.0
52 2601 22.0
52 2602 22.0
52 2603 22.0
52 2604 22.0
52 2605 22.0
52 2606 22.0
52 2607 22.0
52 2608 22.0
52 2609 22.0
52 2610 21.0
52 2611 21.0
52 2612 21.0
52 2613 21.0
52 2614 21.0
52 2615 21.0
52 2616 20.7
52 2617 20.7
52 2618 20.7
52 2619 20.7
52 2620 20.7
52 2621 20.7
52 2622 20.7
52 2623 20.7
52 2624 20.2
52 2625 20.2
52 2626 20.2
52 2627 20.2
52 2628 20.2
52 2629 20.2
52 2630 20.2
52 2631 20.2
52 2632 20.2
52 2633 20.2
52 2634 20.2
52 2635 20.2
52 2636 20.2
53 2637 20.2
53 2638 20.2
53 2639 20.0
53 2640 20.0
53 2641 20.0
53 2642 20.0
53 2643 20.0
53 2644 20.0
53 2645 20.0
53 2646 20.0
53 2647 20.0
53 2648 20.0
53 2649 20.0
53 2650 20.0
53 2651 20.0
53 2652 20.0
53 2653 20.0
53 2654 20.0
53 2655 20.0
53 2656 20.0
53 2657 20.0
53 2658 20.0
53 2659 20.0
53 2660 20.0
53 2661 20.0
53 2662 20.0
53 2663 20.0
53 2664 20.0
53 2665 20.0
53 2666 20.0
53 2667 20.0
53 2668 20.0
53 2669 20.0
53 2670 20.0
53 2671 20.0
53 2672 20.0
53 2673 20.0
53 2674 20.0
53 2675 20.0
53 2676 20.0
53 2677 20.0
53 2678 20.0
53 2679 20.0
53 2680 20.0
53 2681 20.0
53 2682 20.0
53 2683 20.0
53 2684 20.0
54 2685 20.0
54 2686 20.0
54 2687 20.0
54 2688 20.0
54 2689 20.0
54 2690 20.0
54 2691 20.0
54 2692 20.0
54 2693 20.0
54 2694 20.0
54 2695 20.0
54 2696 20.0
54 2697 20.0
54 2698 20.0
54 2699 20.0
54 2700 20.0
54 2701 20.0
54 2702 20.0
54 2703 20.0
54 2704 20.0
54 2705 20.0
54 2706 20.0
54 2707 20.0
54 2708 20.0
54 2709 20.0
54 2710 20.0
54 2711 20.0
54 2712 20.0
54 2713 20.0
54 2714 20.0
54 2715 20.0
54 2716 20.0
54 2717 20.0
54 2718 20.0
54 2719 20.0
54 2720 20.0
54 2721 20.0
54 2722 20.0
54 2723 20.0
54 2724 20.0
54 2725 20.0
54 2726 20.0
54 2727 20.0
54 2728 20.0
54 2729 20.0
54 2730 20.0
54 2731 20.0
54 2732 20.0
54 2733 20.0
54 2734 20.0
55 2735 20.0
55 2736 20.0
55 2737 20.0
55 2738 20.0
55 2739 20.0
55 2740 20.0
55 2741 20.0
55 2742 20.0
55 2743 20.0
55 2744 20.0
55 2745 20.0
55 2746 20.0
55 2747 20.0
55 2748 20.0
55 2749 20.0
55 2750 20.0
55 2751 20.0
55 2752 20.0
55 2753 20.0
55 2754 20.0
55 2755 20.0
55 2756 20.0
55 2757 19.9
55 2758 19.9
55 2759 19.9
55 2760 19.9
55 2761 19.9
55 2762 19.9
55 2763 19.9
55 2764 19.9
55 2765 19.9
55 2766 19.9
55 2767 19.9
55 2768 19.9
55 2769 19.9
55 2770 19.9
55 2771 19.8
55 2772 19.8
55 2773 19.8
55 2774 19.8
55 2775 19.8
55 2776 19.8
55 2777 19.4
55 2778 19.4
55 2779 19.4
55 2780 19.4
55 2781 19.4
55 2782 19.4
55 2783 19.4
55 2784 19.4
55 2785 19.4
55 2786 19.4
55 2787 19.4
56 2788 19.4
56 2789 19.4
56 2790 19.4
56 2791 19.4
56 2792 19.4
56 2793 19.4
56 2794 19.4
56 2795 19.4
56 2796 19.4
56 2797 19.4
56 2798 19.4
56 2799 19.4
56 2800 19.4
56 2801 19.4
56 2802 19.4
56 2803 19.4
56 2804 19.4
56 2805 19.4
56 2806 19.4
56 2807 19.4
56 2808 19.4
56 2809 19.4
56 2810 19.4
56 2811 19.4
56 2812 19.4
56 2813 19.4
56 2814 19.4
56 2815 19.4
56 2816 19.4
56 2817 19.4
56 2818 19.4
56 2819 19.4
56 2820 19.4
56 2821 19.4
56 2822 19.4
56 2823 19.4
56 2824 19.4
56 2825 19.4
56 2826 19.4
56 2827 19.4
56 2828 19.4
56 2829 19.4
56 2830 19.4
56 2831 19.4
56 2832 19.4
56 2833 19.4
56 2834 19.4
56 2835 19.4
56 2836 19.4
56 2837 19.4
56 2838 19.4
56 2839 19.4
56 2840 19.4
57 2841 19.4
57 2842 19.4
57 2843 19.4
57 2844 19.4
57 2845 19.4
57 2846 19.4
57 2847 19.4
57 2848 19.4
57 2849 19.4
57 2850 19.4
57 2851 19.4
57 2852 19.4
57 2853 19.4
57 2854 19.4
57 2855 19.4
57 2856 19.4
57 2857 19.4
57 2858 19.4
57 2859 19.4
57 2860 19.4
57 2861 19.4
57 2862 19.4
57 2863 19.4
57 2864 19.4
57 2865 19.4
57 2866 19.4
57 2867 19.4
57 2868 19.4
57 2869 19.4
57 2870 19.4
57 2871 19.4
57 2872 19.4
57 2873 19.4
57 2874 19.4
57 2875 19.4
57 2876 19.4
57 2877 19.4
57 2878 19.4
57 2879 19.4
57 2880 19.4
57 2881 19.4
57 2882 19.4
57 2883 19.4
57 2884 19.4
57 2885 19.4
57 2886 19.4
57 2887 19.2
57 2888 19.2
57 2889 19.2
57 2890 19.2
57 2891 19.2
57 2892 19.2
57 2893 19.2
58 2894 19.2
58 2895 19.2
58 2896 19.2
58 2897 19.2
58 2898 19.2
58 2899 19.2
58 2900 19.2
58 2901 19.2
58 2902 19.2
58 2903 19.2
58 2904 19.2
58 2905 19.2
58 2906 19.2
58 2907 19.2
58 2908 19.2
58 2909 19.2
58 2910 19.2
58 2911 19.2
58 2912 19.2
58 2913 19.2
58 2914 19.2
58 2915 19.2
58 2916 19.2
58 2917 19.2
58 2918 19.2
58 2919 19.2
58 2920 19.2
58 2921 19.2
58 2922 19.2
58 2923 19.2
58 2924 19.2
58 2925 19.2
58 2926 19.2
58 2927 19.2
58 2928 19.2
58 2929 19.2
58 2930 19.2
58 2931 19.2
58 2932 19.2
58 2933 19.2
58 2934 19.2
58 2935 19.2
58 2936 19.2
58 2937 19.2
58 2938 19.2
58 2939 19.2
58 2940 19.2
58 2941 19.2
58 2942 19.2
58 2943 19.2
58 2944 19.2
58 2945 19.2
59 2946 19.2
59 2947 19.2
59 2948 19.2
59 2949 19.2
59 2950 19.2
59 2951 19.2
59 2952 19.2
59 2953 19.2
59 2954 19.2
59 2955 19.2
59 2956 19.2
59 2957 19.2
59 2958 19.2
59 2959 19.2
59 2960 19.2
59 2961 19.2
59 2962 19.2
59 2963 19.2
59 2964 19.2
59 2965 19.2
59 2966 19.2
59 2967 19.2
59 2968 19.2
59 2969 19.2
59 2970 19.2
59 2971 19.2
59 2972 19.2
59 2973 19.2
59 2974 19.2
59 2975 19.2
59 2976 19.2
59 2977 19.2
59 2978 19.2
59 2979 19.2
59 2980 19.2
59 2981 19.2
59 2982 19.2
59 2983 19.2
59 2984 19.2
59 2985 19.2
59 2986 19.2
59 2987 19.2
59 2988 19.2
59 2989 19.2
59 2990 19.2
59 2991 19.2
59 2992 19.2
59 2993 19.2
59 2994 19.2
59 2995 19.2
59 2996 19.2
59 2997 19.2
60 2998 19.2
60 2999 19.2
60 3000 19.2
60 3001 19.2
60 3002 19.2
60 3003 19.2
60 3004 19.2
60 3005 19.2
60 3006 19.2
60 3007 19.2
60 3008 19.2
60 3009 19.2
60 3010 19.2
60 3011 19.2
60 3012 19.2
60 3013 19.2
60 3014 19.2
60 3015 19.2
60 3016 19.2
60 3017 19.2
60 3018 19.2
60 3019 19.2
60 3020 19.2
60 3021 19.2
60 3022 19.2
60 3023 19.2
60 3024 19.2
60 3025 19.2
60 3026 19.2
60 3027 19.2
60 3028 19.2
60 3029 19.2
60 3030 19.2
60 3031 19.2
60 3032 19.2
60 3033 19.2
60 3034 19.2
60 3035 19.2
60 3036 19.2
60 3037 19.2
60 3038 19.2
60 3039 19.2
60 3040 19.2
60 3041 19.2
60 3042 19.2
60 3043 19.2
60 3044 19.2
60 3045 19.2
60 3046 19.2
60 3047 19.2
60 3048 19.2
60 3049 19.2
60 3050 19.2
61 3051 19.2
61 3052 19.2
61 3053 19.2
61 3054 19.2
61 3055 19.2
61 3056 19.2
61 3057 19.2
61 3058 19.2
61 3059 19.2
61 3060 19.2
61 3061 19.2
61 3062 19.2
61 3063 19.2
61 3064 19.2
61 3065 19.2
61 3066 19.2
61 3067 19.2
61 3068 19.2
61 3069 19.2
61 3070 19.2
61 3071 19.2
61 3072 19.2
61 3073 19.2
61 3074 19.2
61 3075 19.2
61 3076 19.2
61 3077 19.2
61 3078 19.2
61 3079 19.2
61 3080 19.2
61 3081 19.2
61 3082 19.2
61 3083 19.2
61 3084 19.2
61 3085 19.2
61 3086 19.2
61 3087 19.2
61 3088 19.2
61 3089 19.2
61 3090 19.2
61 3091 19.2
61 3092 19.2
61 3093 19.2
61 3094 19.2
61 3095 19.2
61 3096 19.2
61 3097 19.2
61 3098 19.2
61 3099 19.2
61 3100 19.2
62 3101 19.2
62 3102 19.2
62 3103 19.2
62 3104 19.2
62 3105 19.2
62 3106 19.2
62 3107 19.2
62 3108 19.2
62 3109 19.2
62 3110 19.2
62 3111 19.2
62 3112 19.2
62 3113 19.2
62 3114 19.2
62 3115 19.2
62 3116 19.2
62 3117 19.2
62 3118 19.2
62 3119 19.2
62 3120 19.2
62 3121 19.2
62 3122 19.2
62 3123 19.2
62 3124 19.2
62 3125 19.2
62 3126 19.2
62 3127 19.2
62 3128 19.2
62 3129 19.2
62 3130 19.2
62 3131 19.2
62 3132 19.2
62 3133 19.2
62 3134 19.2
62 3135 19.2
62 3136 19.2
62 3137 19.2
62 3138 19.2
62 3139 19.2
62 3140 19.2
62 3141 19.2
62 3142 19.2
62 3143 19.2
62 3144 19.2
62 3145 19.2
62 3146 19.2
62 3147 19.2
62 3148 19.2
62 3149 19.2
62 3150 19.2
63 3151 19.2
63 3152 19.2
63 3153 19.2
63 3154 19.2
63 3155 19.2
63 3156 19.2
63 3157 19.2
63 3158 19.2
63 3159 19.2
63 3160 19.2
63 3161 19.2
63 3162 19.2
63 3163 19.2
63 3164 19.2
63 3165 19.2
63 3166 19.2
63 3167 19.2
63 3168 19.2
63 3169 19.2
63 3170 19.2
63 3171 19.2
63 3172 19.2
63 3173 19.2
63 3174 19.2
63 3175 19.2
63 3176 19.2
63 3177 19.2
63 3178 19.2
63 3179 19.2
63 3180 19.2
63 3181 19.2
63 3182 19.2
63 3183 19.2
63 3184 19.2
63 3185 19.2
63 3186 19.2
63 3187 19.2
63 3188 19.2
63 3189 19.2
63 3190 19.2
63 3191 19.2
63 3192 19.2
63 3193 19.2
63 3194 19.2
63 3195 19.2
63 3196 19.2
63 3197 19.2
63 3198 19.2
63 3199 19.2
63 3200 19.2
63 3201 19.2
64 3202 19.2
64 3203 19.2
64 3204 19.2
64 3205 19.2
64 3206 19.2
64 3207 19.2
64 3208 19.2
64 3209 19.2
64 3210 19.2
64 3211 19.2
64 3212 19.2
64 3213 19.2
64 3214 19.2
64 3215 19.2
64 3216 19.2
64 3217 19.2
64 3218 19.2
64 3219 19.2
64 3220 19.2
64 3221 19.2
64 3222 19.2
64 3223 19.2
64 3224 19.2
64 3225 19.2
64 3226 19.2
64 3227 19.2
64 3228 19.2
64 3229 19.2
64 3230 19.2
64 3231 19.2
64 3232 19.2
64 3233 19.2
64 3234 19.2
64 3235 19.2
64 3236 19.2
64 3237 19.2
64 3238 19.2
64 3239 19.2
64 3240 19.2
64 3241 19.2
64 3242 19.2
64 3243 19.2
64 3244 19.2
64 3245 19.2
64 3246 19.2
64 3247 19.2
64 3248 19.2
64 3249 19.2
64 3250 19.2
64 3251 19.2
64 3252 19.2
64 3253 19.2
65 3254 19.2
65 3255 19.2
65 3256 19.2
65 3257 19.2
65 3258 19.2
65 3259 19.2
65 3260 19.2
65 3261 19.2
65 3262 19.2
65 3263 19.2
65 3264 19.2
65 3265 19.2
65 3266 19.2
65 3267 19.2
65 3268 19.2
65 3269 19.2
65 3270 19.2
65 3271 19.2
65 3272 19.2
65 3273 19.2
65 3274 19.2
65 3275 19.2
65 3276 19.2
65 3277 19.2
65 3278 19.2
65 3279 19.2
65 3280 19.2
65 3281 19.2
65 3282 19.2
65 3283 19.2
65 3284 19.2
65 3285 19.2
65 3286 19.2
65 3287 19.2
65 3288 19.2
65 3289 19.2
65 3290 19.2
65 3291 19.2
65 3292 19.2
65 3293 19.2
65 3294 19.2
65 3295 19.2
65 3296 19.2
65 3297 19.2
65 3298 19.2
65 3299 19.2
65 3300 19.2
65 3301 19.2
65 3302 19.2
65 3303 19.2
66 3304 19.2
66 3305 19.2
66 3306 19.2
66 3307 19.2
66 3308 19.2
66 3309 19.2
66 3310 19.2
66 3311 19.2
66 3312 19.2
66 3313 19.2
66 3314 19.2
66 3315 19.2
66 3316 19.2
66 3317 19.2
66 3318 19.2
66 3319 19.2
66 3320 19.2
66 3321 19.2
66 3322 19.2
66 3323 19.2
66 3324 19.2
66 3325 19.2
66 3326 19.2
66 3327 19.2
66 3328 19.2
66 3329 19.2
66 3330 19.2
66 3331 19.2
66 3332 19.2
66 3333 19.2
66 3334 19.2
66 3335 19.2
66 3336 19.2
66 3337 19.2
66 3338 19.2
66 3339 19.2
66 3340 19.2
66 3341 19.2
66 3342 19.2
66 3343 19.2
66 3344 19.2
66 3345 19.2
66 3346 19.2
66 3347 19.2
66 3348 19.2
66 3349 19.2
66 3350 19.2
66 3351 19.2
66 3352 19.2
66 3353 19.2
66 3354 19.2
66 3355 19.2
66 3356 19.2
67 3357 19.2
67 3358 19.2
67 3359 19.2
67 3360 19.2
67 3361 19.2
67 3362 19.2
67 3363 19.2
67 3364 19.2
67 3365 19.2
67 3366 19.2
67 3367 19.2
67 3368 19.2
67 3369 19.2
67 3370 19.2
67 3371 19.2
67 3372 19.2
67 3373 19.2
67 3374 19.2
67 3375 19.2
67 3376 19.2
67 3377 19.2
67 3378 19.2
67 3379 19.2
67 3380 19.2
67 3381 19.2
67 3382 19.2
67 3383 19.2
67 3384 19.2
67 3385 19.2
67 3386 19.2
67 3387 19.2
67 3388 19.2
67 3389 19.2
67 3390 19.2
67 3391 19.2
67 3392 19.2
67 3393 19.2
67 3394 19.2
67 3395 19.2
67 3396 19.2
67 3397 19.2
67 3398 19.2
67 3399 19.2
67 3400 19.2
67 3401 19.2
67 3402 19.2
67 3403 19.2
67 3404 19.2
67 3405 19.2
67 3406 19.2
68 3407 19.2
68 3408 19.2
68 3409 19.2
68 3410 19.2
68 3411 19.2
68 3412 19.2
68 3413 19.2
68 3414 19.2
68 3415 19.2
68 3416 19.2
68 3417 19.2
68 3418 19.2
68 3419 19.2
68 3420 19.2
68 3421 19.2
68 3422 19.2
68 3423 19.2
68 3424 19.2
68 3425 19.2
68 3426 19.2
68 3427 19.2
68 3428 19.2
68 3429 19.2
68 3430 19.2
68 3431 19.2
68 3432 19.2
68 3433 19.2
68 3434 19.2
68 3435 19.2
68 3436 19.2
68 3437 19.2
68 3438 19.2
68 3439 19.2
68 3440 19.2
68 3441 19.2
68 3442 19.2
68 3443 19.2
68 3444 19.2
68 3445 19.2
68 3446 19.2
68 3447 19.2
68 3448 19.2
68 3449 19.2
68 3450 19.2
68 3451 19.2
68 3452 19.2
68 3453 19.2
68 3454 19.2
68 3455 19.2
68 3456 19.2
68 3457 19.2
68 3458 19.2
69 3459 19.2
69 3460 19.2
69 3461 19.2
69 3462 19.2
69 3463 19.2
69 3464 19.2
69 3465 19.2
69 3466 19.2
69 3467 19.2
69 3468 19.2
69 3469 19.2
69 3470 19.2
69 3471 19.2
69 3472 19.2
69 3473 19.2
69 3474 19.2
69 3475 19.2
69 3476 19.2
69 3477 19.2
69 3478 19.2
69 3479 19.2
69 3480 19.2
69 3481 19.2
69 3482 19.2
69 3483 19.2
69 3484 19.2
69 3485 19.2
69 3486 19.2
69 3487 19.2
69 3488 19.2
69 3489 19.2
69 3490 19.2
69 3491 19.2
69 3492 19.2
69 3493 19.2
69 3494 19.2
69 3495 19.2
69 3496 19.2
69 3497 19.2
69 3498 19.2
69 3499 19.2
69 3500 19.2
69 3501 19.2
69 3502 19.2
69 3503 19.2
69 3504 19.2
69 3505 19.2
69 3506 19.2
69 3507 19.2
69 3508 19.2
69 3509 19.2
69 3510 19.2
70 3511 19.2
70 3512 19.2
70 3513 19.2
70 3514 19.2
70 3515 19.2
70 3516 19.2
70 3517 19.2
70 3518 19.2
70 3519 19.2
70 3520 19.2
70 3521 19.2
70 3522 19.2
70 3523 19.2
70 3524 19.2
70 3525 19.2
70 3526 19.2
70 3527 19.2
70 3528 19.2
70 3529 19.2
70 3530 19.2
70 3531 19.2
70 3532 19.2
70 3533 19.2
70 3534 19.2
70 3535 19.2
70 3536 19.2
70 3537 19.2
70 3538 19.2
70 3539 19.2
70 3540 19.2
70 3541 19.2
70 3542 19.2
70 3543 19.2
70 3544 19.2
70 3545 19.2
70 3546 19.2
70 3547 19.2
70 3548 19.2
70 3549 19.2
70 3550 19.2
70 3551 19.2
70 3552 19.2
70 3553 19.2
70 3554 19.2
70 3555 19.2
70 3556 19.2
70 3557 19.2
70 3558 19.2
70 3559 19.2
70 3560 19.2
70 3561 19.2
70 3562 19.2
71 3563 19.2
71 3564 19.2
71 3565 19.2
71 3566 19.2
71 3567 19.2
71 3568 19.2
71 3569 19.2
71 3570 19.2
71 3571 19.2
71 3572 19.2
71 3573 19.2
71 3574 19.2
71 3575 19.2
71 3576 19.2
71 3577 19.2
71 3578 19.2
71 3579 19.2
71 3580 19.2
71 3581 19.2
71 3582 19.2
71 3583 19.2
71 3584 19.2
71 3585 19.2
71 3586 19.2
71 3587 19.2
71 3588 19.2
71 3589 19.2
71 3590 19.2
71 3591 19.2
71 3592 19.2
71 3593 19.2
71 3594 19.2
71 3595 19.2
71 3596 19.2
71 3597 19.2
71 3598 19.2
71 3599 19.2
71 3600 19.2
71 3601 19.2
71 3602 19.2
71 3603 19.2
71 3604 19.2
71 3605 19.2
71 3606 19.2
71 3607 19.2
71 3608 19.2
71 3609 19.2
71 3610 19.2
71 3611 19.2
71 3612 19.2
71 3613 19.2
71 3614 19.2
71 3615 19.2
72 3616 19.2
72 3617 19.2
72 3618 19.2
72 3619 19.2
72 3620 19.2
72 3621 19.2
72 3622 19.2
72 3623 19.2
72 3624 19.2
72 3625 19.2
72 3626 19.2
72 3627 19.2
72 3628 19.2
72 3629 19.2
72 3630 19.2
72 3631 19.2
72 3632 19.2
72 3633 19.2
72 3634 19.2
72 3635 19.2
72 3636 19.2
72 3637 19.2
72 3638 19.2
72 3639 19.2
72 3640 19.2
72 3641 19.2
72 3642 19.2
72 3643 19.2
72 3644 19.2
72 3645 19.2
72 3646 19.2
72 3647 19.2
72 3648 19.2
72 3649 19.2
72 3650 19.2
72 3651 19.2
72 3652 19.2
72 3653 19.2
72 3654 19.2
72 3655 19.2
72 3656 19.2
72 3657 19.2
72 3658 19.2
72 3659 19.2
72 3660 19.2
72 3661 19.2
72 3662 19.2
72 3663 19.2
72 3664 19.2
72 3665 19.2
72 3666 19.2
72 3667 19.2
73 3668 19.2
73 3669 19.2
73 3670 19.2
73 3671 19.2
73 3672 19.2
73 3673 19.2
73 3674 19.2
73 3675 19.2
73 3676 19.2
73 3677 19.2
73 3678 19.2
73 3679 19.2
73 3680 19.2
73 3681 19.2
73 3682 19.2
73 3683 19.2
73 3684 19.2
73 3685 19.2
73 3686 19.2
73 3687 19.2
73 3688 19.2
73 3689 19.2
73 3690 19.2
73 3691 19.2
73 3692 19.2
73 3693 19.2
73 3694 19.2
73 3695 19.2
73 3696 19.2
73 3697 19.2
73 3698 19.2
73 3699 19.2
73 3700 19.2
73 3701 19.2
73 3702 19.2
73 3703 19.2
73 3704 19.2
73 3705 19.2
73 3706 19.2
73 3707 19.2
73 3708 19.2
73 3709 19.2
73 3710 19.2
73 3711 19.2
73 3712 19.2
73 3713 19.2
73 3714 19.2
73 3715 19.2
73 3716 19.2
73 3717 19.2
73 3718 19.2
73 3719 19.2
74 3720 19.2
74 3721 19.2
74 3722 19.2
74 3723 19.2
74 3724 19.2
74 3725 19.2
74 3726 19.2
74 3727 19.2
74 3728 19.2
74 3729 19.2
74 3730 19.2
74 3731 19.2
74 3732 19.2
74 3733 19.2
74 3734 19.2
74 3735 19.2
74 3736 19.2
74 3737 19.2
74 3738 19.2
74 3739 19.2
74 3740 19.2
74 3741 19.2
74 3742 19.2
74 3743 19.2
74 3744 19.2
74 3745 19.2
74 3746 19.2
74 3747 19.2
74 3748 19.2
74 3749 19.2
74 3750 19.2
74 3751 19.2
74 3752 19.2
74 3753 19.2
74 3754 19.2
74 3755 19.2
74 3756 19.2
74 3757 19.2
74 3758 19.2
74 3759 19.2
74 3760 19.2
74 3761 19.2
74 3762 19.2
74 3763 19.2
74 3764 19.2
74 3765 19.2
74 3766 19.2
74 3767 19.2
74 3768 19.2
74 3769 19.2
75 3770 19.2
75 3771 19.2
75 3772 19.2
75 3773 19.2
75 3774 19.2
75 3775 19.2
75 3776 19.2
75 3777 19.2
75 3778 19.2
75 3779 19.2
75 3780 19.2
75 3781 19.2
75 3782 19.2
75 3783 19.2
75 3784 19.2
75 3785 19.2
75 3786 19.2
75 3787 19.2
75 3788 19.2
75 3789 19.2
75 3790 19.2
75 3791 19.2
75 3792 19.2
75 3793 19.2
75 3794 19.2
75 3795 19.2
75 3796 19.2
75 3797 19.2
75 3798 19.2
75 3799 19.2
75 3800 19.2
75 3801 19.2
75 3802 19.2
75 3803 19.2
75 3804 19.2
75 3805 19.2
75 3806 19.2
75 3807 19.2
75 3808 19.2
75 3809 19.2
75 3810 19.2
75 3811 19.2
75 3812 19.2
75 3813 19.2
75 3814 19.2
75 3815 19.2
75 3816 19.2
75 3817 19.2
75 3818 19.2
75 3819 19.2
75 3820 19.2
76 3821 19.2
76 3822 19.2
76 3823 19.2
76 3824 19.2
76 3825 19.2
76 3826 19.2
76 3827 19.2
76 3828 19.2
76 3829 19.2
76 3830 19.2
76 3831 19.2
76 3832 19.2
76 3833 19.2
76 3834 19.2
76 3835 19.2
76 3836 19.2
76 3837 19.2
76 3838 19.2
76 3839 19.2
76 3840 19.2
76 3841 19.2
76 3842 19.2
76 3843 19.2
76 3844 19.2
76 3845 19.2
76 3846 19.2
76 3847 19.2
76 3848 19.2
76 3849 19.2
76 3850 19.2
76 3851 19.2
76 3852 19.2
76 3853 19.2
76 3854 19.2
76 3855 19.2
76 3856 19.2
76 3857 19.2
76 3858 19.2
76 3859 19.2
76 3860 19.2
76 3861 19.2
76 3862 19.2
76 3863 19.2
76 3864 19.2
76 3865 19.2
76 3866 19.2
76 3867 19.2
76 3868 19.2
76 3869 19.2
76 3870 19.2
76 3871 19.2
77 3872 19.2
77 3873 19.2
77 3874 19.2
77 3875 19.2
77 3876 19.2
77 3877 19.2
77 3878 19.2
77 3879 19.2
77 3880 19.2
77 3881 19.2
77 3882 19.2
77 3883 19.2
77 3884 19.2
77 3885 19.2
77 3886 19.2
77 3887 19.2
77 3888 19.2
77 3889 19.2
77 3890 19.2
77 3891 19.2
77 3892 19.2
77 3893 19.2
77 3894 19.2
77 3895 19.2
77 3896 19.2
77 3897 19.2
77 3898 19.2
77 3899 19.2
77 3900 19.2
77 3901 19.2
77 3902 19.2
77 3903 19.2
77 3904 19.2
77 3905 19.2
77 3906 19.2
77 3907 19.2
77 3908 19.2
77 3909 19.2
77 3910 19.2
77 3911 19.2
77 3912 19.2
77 3913 19.2
77 3914 19.2
77 3915 19.2
77 3916 19.2
77 3917 19.2
77 3918 19.2
77 3919 19.2
77 3920 19.2
77 3921 19.2
77 3922 19.2
78 3923 19.2
78 3924 19.2
78 3925 19.2
78 3926 19.2
78 3927 19.2
78 3928 19.2
78 3929 19.2
78 3930 19.2
78 3931 19.2
78 3932 19.2
78 3933 19.2
78 3934 19.2
78 3935 19.2
78 3936 19.2
78 3937 19.2
78 3938 19.2
78 3939 19.2
78 3940 19.2
78 3941 19.2
78 3942 19.2
78 3943 19.2
78 3944 19.2
78 3945 19.2
78 3946 19.2
78 3947 19.2
78 3948 19.2
78 3949 19.2
78 3950 19.2
78 3951 19.2
78 3952 19.2
78 3953 19.2
78 3954 19.2
78 3955 19.2
78 3956 19.2
78 3957 19.2
78 3958 19.2
78 3959 19.2
78 3960 19.2
78 3961 19.2
78 3962 19.2
78 3963 19.2
78 3964 19.2
78 3965 19.2
78 3966 19.2
78 3967 19.2
78 3968 19.2
78 3969 19.2
78 3970 19.2
78 3971 19.2
78 3972 19.2
78 3973 19.2
78 3974 19.2
78 3975 19.2
79 3976 19.2
79 3977 19.2
79 3978 19.2
79 3979 19.2
79 3980 19.2
79 3981 19.2
79 3982 19.2
79 3983 19.2
79 3984 19.2
79 3985 19.2
79 3986 19.2
79 3987 19.2
79 3988 19.2
79 3989 19.2
79 3990 19.2
79 3991 19.2
79 3992 19.2
79 3993 19.2
79 3994 19.2
79 3995 19.2
79 3996 19.2
79 3997 19.2
79 3998 19.2
79 3999 19.2
79 4000 19.2
79 4001 19.2
79 4002 19.2
79 4003 19.2
79 4004 19.2
79 4005 19.2
79 4006 19.2
79 4007 19.2
79 4008 19.2
79 4009 19.2
79 4010 19.2
79 4011 19.2
79 4012 19.2
79 4013 19.2
79 4014 19.2
79 4015 19.2
79 4016 19.2
79 4017 19.2
79 4018 19.2
79 4019 19.2
79 4020 19.2
79 4021 19.2
79 4022 19.2
79 4023 19.2
79 4024 19.2
79 4025 19.2
80 4026 19.2
80 4027 19.2
80 4028 19.2
80 4029 19.2
80 4030 19.2
80 4031 19.2
80 4032 19.2
80 4033 19.2
80 4034 19.2
80 4035 19.2
80 4036 19.2
80 4037 19.2
80 4038 19.2
80 4039 19.2
80 4040 19.2
80 4041 19.2
80 4042 19.2
80 4043 19.2
80 4044 19.2
80 4045 19.2
80 4046 19.2
80 4047 19.2
80 4048 19.2
80 4049 19.2
80 4050 19.2
80 4051 19.2
80 4052 19.2
80 4053 19.2
80 4054 19.2
80 4055 19.2
80 4056 19.2
80 4057 19.2
80 4058 19.2
80 4059 19.2
80 4060 19.2
80 4061 19.2
80 4062 19.2
80 4063 19.2
80 4064 19.2
80 4065 19.2
80 4066 19.2
80 4067 19.2
80 4068 19.2
80 4069 19.2
80 4070 19.2
80 4071 19.2
80 4072 19.2
80 4073 19.2
80 4074 19.2
80 4075 19.2
81 4076 19.2
81 4077 19.2
81 4078 19.2
81 4079 19.2
81 4080 19.2
81 4081 19.2
81 4082 19.2
81 4083 19.2
81 4084 19.2
81 4085 19.2
81 4086 19.2
81 4087 19.2
81 4088 19.2
81 4089 19.2
81 4090 19.2
81 4091 19.2
81 4092 19.2
81 4093 19.2
81 4094 19.2
81 4095 19.2
81 4096 19.2
81 4097 19.2
81 4098 19.2
81 4099 19.2
81 4100 19.2
81 4101 19.2
81 4102 19.2
81 4103 19.2
81 4104 19.2
81 4105 19.2
81 4106 19.2
81 4107 19.2
81 4108 19.2
81 4109 19.2
81 4110 19.2
81 4111 19.2
81 4112 19.2
81 4113 19.2
81 4114 19.2
81 4115 19.2
81 4116 19.2
81 4117 19.2
81 4118 19.2
81 4119 19.2
81 4120 19.2
81 4121 19.2
81 4122 19.2
81 4123 19.2
82 4124 19.2
82 4125 19.2
82 4126 19.2
82 4127 19.2
82 4128 19.2
82 4129 19.2
82 4130 19.2
82 4131 19.2
82 4132 19.2
82 4133 19.2
82 4134 19.2
82 4135 19.2
82 4136 19.2
82 4137 19.2
82 4138 19.2
82 4139 19.2
82 4140 19.2
82 4141 19.2
82 4142 19.2
82 4143 19.2
82 4144 19.2
82 4145 19.2
82 4146 19.2
82 4147 19.2
82 4148 19.2
82 4149 19.2
82 4150 19.2
82 4151 19.2
82 4152 19.2
82 4153 19.2
82 4154 19.2
82 4155 19.2
82 4156 19.2
82 4157 19.2
82 4158 19.2
82 4159 19.2
82 4160 19.2
82 4161 19.2
82 4162 19.2
82 4163 19.2
82 4164 19.2
82 4165 19.2
82 4166 19.2
82 4167 19.2
82 4168 19.2
82 4169 19.2
82 4170 19.2
82 4171 19.2
82 4172 19.2
82 4173 19.2
83 4174 19.2
83 4175 19.2
83 4176 19.2
83 4177 19.2
83 4178 19.2
83 4179 19.2
83 4180 19.2
83 4181 19.2
83 4182 19.2
83 4183 19.2
83 4184 19.2
83 4185 19.2
83 4186 19.2
83 4187 19.2
83 4188 19.2
83 4189 19.2
83 4190 19.2
83 4191 19.2
83 4192 19.2
83 4193 19.2
83 4194 19.2
83 4195 19.2
83 4196 19.2
83 4197 19.2
83 4198 19.2
83 4199 19.2
83 4200 19.2
83 4201 19.2
83 4202 19.2
83 4203 19.2
83 4204 19.2
83 4205 19.2
83 4206 19.2
83 4207 19.2
83 4208 19.2
83 4209 19.2
83 4210 19.2
83 4211 19.2
83 4212 19.2
83 4213 19.2
83 4214 19.2
83 4215 19.2
83 4216 19.2
83 4217 19.2
83 4218 19.2
83 4219 19.2
83 4220 19.2
83 4221 19.2
83 4222 19.2
83 4223 19.2
83 4224 19.2
83 4225 19.2
83 4226 19.2
84 4227 19.2
84 4228 19.2
84 4229 19.2
84 4230 19.2
84 4231 19.2
84 4232 19.2
84 4233 19.2
84 4234 19.2
84 4235 19.2
84 4236 19.2
84 4237 19.2
84 4238 19.2
84 4239 19.2
84 4240 19.2
84 4241 19.2
84 4242 19.2
84 4243 19.2
84 4244 19.2
84 4245 19.2
84 4246 19.2
84 4247 19.2
84 4248 19.2
84 4249 19.2
84 4250 19.2
84 4251 19.2
84 4252 19.2
84 4253 19.2
84 4254 19.2
84 4255 19.2
84 4256 19.2
84 4257 19.2
84 4258 19.2
84 4259 19.2
84 4260 19.2
84 4261 19.2
84 4262 19.2
84 4263 19.2
84 4264 19.2
84 4265 19.2
84 4266 19.2
84 4267 19.2
84 4268 19.2
84 4269 19.2
84 4270 19.2
84 4271 19.2
84 4272 19.2
84 4273 19.2
84 4274 19.2
84 4275 19.2
84 4276 19.2
85 4277 19.2
85 4278 19.2
85 4279 19.2
85 4280 19.2
85 4281 19.2
85 4282 19.2
85 4283 19.2
85 4284 19.2
85 4285 19.2
85 4286 19.2
85 4287 19.2
85 4288 19.2
85 4289 19.2
85 4290 19.2
85 4291 19.2
85 4292 19.2
85 4293 19.2
85 4294 19.2
85 4295 19.2
85 4296 19.2
85 4297 19.2
85 4298 19.2
85 4299 19.2
85 4300 19.2
85 4301 19.2
85 4302 19.2
85 4303 19.2
85 4304 19.2
85 4305 19.2
85 4306 19.2
85 4307 19.2
85 4308 19.2
85 4309 19.2
85 4310 19.2
85 4311 19.2
85 4312 19.2
85 4313 19.2
85 4314 19.2
85 4315 19.2
85 4316 19.2
85 4317 19.2
85 4318 19.2
85 4319 19.2
85 4320 19.2
85 4321 19.2
85 4322 19.2
85 4323 19.2
85 4324 19.2
85 4325 19.2
85 4326 19.2
86 4327 19.2
86 4328 19.2
86 4329 19.2
86 4330 19.2
86 4331 19.2
86 4332 19.2
86 4333 19.2
86 4334 19.2
86 4335 19.2
86 4336 19.2
86 4337 19.2
86 4338 19.2
86 4339 19.2
86 4340 19.2
86 4341 19.2
86 4342 19.2
86 4343 19.2
86 4344 19.2
86 4345 19.2
86 4346 19.2
86 4347 19.2
86 4348 19.2
86 4349 19.2
86 4350 19.2
86 4351 19.2
86 4352 19.2
86 4353 19.2
86 4354 19.2
86 4355 19.2
86 4356 19.2
86 4357 19.2
86 4358 19.2
86 4359 19.2
86 4360 19.2
86 4361 19.2
86 4362 19.2
86 4363 19.2
86 4364 19.2
86 4365 19.2
86 4366 19.2
86 4367 19.2
86 4368 19.2
86 4369 19.2
86 4370 19.2
86 4371 19.2
86 4372 19.2
86 4373 19.2
86 4374 19.2
86 4375 19.2
87 4376 19.2
87 4377 19.2
87 4378 19.2
87 4379 19.2
87 4380 19.2
87 4381 19.2
87 4382 19.2
87 4383 19.2
87 4384 19.2
87 4385 19.2
87 4386 19.2
87 4387 19.2
87 4388 19.2
87 4389 19.2
87 4390 19.2
87 4391 19.2
87 4392 19.2
87 4393 19.2
87 4394 19.2
87 4395 19.2
87 4396 19.2
87 4397 19.2
87 4398 19.2
87 4399 19.2
87 4400 19.2
87 4401 19.2
87 4402 19.2
87 4403 19.2
87 4404 19.2
87 4405 19.2
87 4406 19.2
87 4407 19.2
87 4408 19.2
87 4409 19.2
87 4410 19.2
87 4411 19.2
87 4412 19.2
87 4413 19.2
87 4414 19.2
87 4415 19.2
87 4416 19.2
87 4417 19.2
87 4418 19.2
87 4419 19.2
87 4420 19.2
87 4421 19.2
87 4422 19.2
87 4423 19.2
87 4424 19.2
87 4425 19.2
87 4426 19.2
87 4427 19.2
88 4428 19.2
88 4429 19.2
88 4430 19.2
88 4431 19.2
88 4432 19.2
88 4433 19.2
88 4434 19.2
88 4435 19.2
88 4436 19.2
88 4437 19.2
88 4438 19.2
88 4439 19.2
88 4440 19.2
88 4441 19.2
88 4442 19.2
88 4443 19.2
88 4444 19.2
88 4445 19.2
88 4446 19.2
88 4447 19.2
88 4448 19.2
88 4449 19.2
88 4450 19.2
88 4451 19.2
88 4452 19.2
88 4453 19.2
88 4454 19.2
88 4455 19.2
88 4456 19.2
88 4457 19.2
88 4458 19.2
88 4459 19.2
88 4460 19.2
88 4461 19.2
88 4462 19.2
88 4463 19.2
88 4464 19.2
88 4465 19.2
88 4466 19.2
88 4467 19.2
88 4468 19.2
88 4469 19.2
88 4470 19.2
88 4471 19.2
88 4472 19.2
88 4473 19.2
88 4474 19.2
88 4475 19.2
88 4476 19.2
88 4477 19.2
88 4478 19.2
88 4479 19.2
89 4480 19.2
89 4481 19.2
89 4482 19.2
89 4483 19.2
89 4484 19.2
89 4485 19.2
89 4486 19.2
89 4487 19.2
89 4488 19.2
89 4489 19.2
89 4490 19.2
89 4491 19.2
89 4492 19.2
89 4493 19.2
89 4494 19.2
89 4495 19.2
89 4496 19.2
89 4497 19.2
89 4498 19.2
89 4499 19.2
89 4500 19.2
89 4501 19.2
89 4502 19.2
89 4503 19.2
89 4504 19.2
89 4505 19.2
89 4506 19.2
89 4507 19.2
89 4508 19.2
89 4509 19.2
89 4510 19.2
89 4511 19.2
89 4512 19.2
89 4513 19.2
89 4514 19.2
89 4515 19.2
89 4516 19.2
89 4517 19.2
89 4518 19.2
89 4519 19.2
89 4520 19.2
89 4521 19.2
89 4522 19.2
89 4523 19.2
89 4524 19.2
89 4525 19.2
89 4526 19.2
89 4527 19.2
89 4528 19.2
90 4529 19.2
90 4530 19.2
90 4531 19.2
90 4532 19.2
90 4533 19.2
90 4534 19.2
90 4535 19.2
90 4536 19.2
90 4537 19.2
90 4538 19.2
90 4539 19.2
90 4540 19.2
90 4541 19.2
90 4542 19.2
90 4543 19.2
90 4544 19.2
90 4545 19.2
90 4546 19.2
90 4547 19.2
90 4548 19.2
90 4549 19.2
90 4550 19.2
90 4551 19.2
90 4552 19.2
90 4553 19.2
90 4554 19.2
90 4555 19.2
90 4556 19.2
90 4557 19.2
90 4558 19.2
90 4559 19.2
90 4560 19.2
90 4561 19.2
90 4562 19.2
90 4563 19.2
90 4564 19.2
90 4565 19.2
90 4566 19.2
90 4567 19.2
90 4568 19.2
90 4569 19.2
90 4570 19.2
90 4571 19.2
90 4572 19.2
90 4573 19.2
90 4574 19.2
90 4575 19.2
90 4576 19.2
90 4577 19.2
90 4578 19.2
90 4579 19.2
91 4580 19.2
91 4581 19.2
91 4582 19.2
91 4583 19.2
91 4584 19.2
91 4585 19.2
91 4586 19.2
91 4587 19.2
91 4588 19.2
91 4589 19.2
91 4590 19.2
91 4591 19.2
91 4592 19.2
91 4593 19.2
91 4594 19.2
91 4595 19.2
91 4596 19.2
91 4597 19.2
91 4598 19.2
91 4599 19.2
91 4600 19.2
91 4601 19.2
91 4602 19.2
91 4603 19.2
91 4604 19.2
91 4605 19.2
91 4606 19.2
91 4607 19.2
91 4608 19.2
91 4609 19.2
91 4610 19.2
91 4611 19.2
91 4612 19.2
91 4613 19.2
91 4614 19.2
91 4615 19.2
91 4616 19.2
91 4617 19.2
91 4618 19.2
91 4619 19.2
91 4620 19.2
91 4621 19.2
91 4622 19.2
91 4623 19.2
91 4624 19.2
91 4625 19.2
91 4626 19.2
91 4627 19.2
91 4628 19.2
91 4629 19.2
92 4630 19.2
92 4631 19.2
92 4632 19.2
92 4633 19.2
92 4634 19.2
92 4635 19.2
92 4636 19.2
92 4637 19.2
92 4638 19.2
92 4639 19.2
92 4640 19.2
92 4641 19.2
92 4642 19.2
92 4643 19.2
92 4644 19.2
92 4645 19.2
92 4646 19.2
92 4647 19.2
92 4648 19.2
92 4649 19.2
92 4650 19.2
92 4651 19.2
92 4652 19.2
92 4653 19.2
92 4654 19.2
92 4655 19.2
92 4656 19.2
92 4657 19.2
92 4658 19.2
92 4659 19.2
92 4660 19.2
92 4661 19.2
92 4662 19.2
92 4663 19.2
92 4664 19.2
92 4665 19.2
92 4666 19.2
92 4667 19.2
92 4668 19.2
92 4669 19.2
92 4670 19.2
92 4671 19.2
92 4672 19.2
92 4673 19.2
92 4674 19.2
92 4675 19.2
92 4676 19.2
92 4677 19.2
92 4678 19.2
92 4679 19.2
92 4680 19.2
93 4681 19.2
93 4682 19.2
93 4683 19.2
93 4684 19.2
93 4685 19.2
93 4686 19.2
93 4687 19.2
93 4688 19.2
93 4689 19.2
93 4690 19.2
93 4691 19.2
93 4692 19.2
93 4693 19.2
93 4694 19.2
93 4695 19.2
93 4696 19.2
93 4697 19.2
93 4698 19.2
93 4699 19.2
93 4700 19.2
93 4701 19.2
93 4702 19.2
93 4703 19.2
93 4704 19.2
93 4705 19.2
93 4706 19.2
93 4707 19.2
93 4708 19.2
93 4709 19.2
93 4710 19.2
93 4711 19.2
93 4712 19.2
93 4713 19.2
93 4714 19.2
93 4715 19.2
93 4716 19.2
93 4717 19.2
93 4718 19.2
93 4719 19.2
93 4720 19.2
93 4721 19.2
93 4722 19.2
93 4723 19.2
93 4724 19.2
93 4725 19.2
93 4726 19.2
93 4727 19.2
93 4728 19.2
93 4729 19.2
93 4730 19.2
93 4731 19.2
93 4732 19.2
93 4733 19.2
94 4734 19.2
94 4735 19.2
94 4736 19.2
94 4737 19.2
94 4738 19.2
94 4739 19.2
94 4740 19.2
94 4741 19.2
94 4742 19.2
94 4743 19.2
94 4744 19.2
94 4745 19.2
94 4746 19.2
94 4747 19.2
94 4748 19.2
94 4749 19.2
94 4750 19.2
94 4751 19.2
94 4752 19.2
94 4753 19.2
94 4754 19.2
94 4755 19.2
94 4756 19.2
94 4757 19.2
94 4758 19.2
94 4759 19.2
94 4760 19.2
94 4761 19.2
94 4762 19.2
94 4763 19.2
94 4764 19.2
94 4765 19.2
94 4766 19.2
94 4767 19.2
94 4768 19.2
94 4769 19.2
94 4770 19.2
94 4771 19.2
94 4772 19.2
94 4773 19.2
94 4774 19.2
94 4775 19.2
94 4776 19.2
94 4777 19.2
94 4778 19.2
94 4779 19.2
94 4780 19.2
94 4781 19.2
94 4782 19.2
94 4783 19.2
95 4784 19.2
95 4785 19.2
95 4786 19.2
95 4787 19.2
95 4788 19.2
95 4789 19.2
95 4790 19.2
95 4791 19.2
95 4792 19.2
95 4793 19.2
95 4794 19.2
95 4795 19.2
95 4796 19.2
95 4797 19.2
95 4798 19.2
95 4799 19.2
95 4800 19.2
95 4801 19.2
95 4802 19.2
95 4803 19.2
95 4804 19.2
95 4805 19.2
95 4806 19.2
95 4807 19.2
95 4808 19.2
95 4809 19.2
95 4810 19.2
95 4811 19.2
95 4812 19.2
95 4813 19.2
95 4814 19.2
95 4815 19.2
95 4816 19.2
95 4817 19.2
95 4818 19.2
95 4819 19.2
95 4820 19.2
95 4821 19.2
95 4822 19.2
95 4823 19.2
95 4824 19.2
95 4825 19.2
95 4826 19.2
95 4827 19.2
95 4828 19.2
95 4829 19.2
95 4830 19.2
95 4831 19.2
95 4832 19.2
95 4833 19.2
95 4834 19.2
95 4835 19.2
95 4836 19.2
96 4837 19.2
96 4838 19.2
96 4839 19.2
96 4840 19.2
96 4841 19.2
96 4842 19.2
96 4843 19.2
96 4844 19.2
96 4845 19.2
96 4846 19.2
96 4847 19.2
96 4848 19.2
96 4849 19.2
96 4850 19.2
96 4851 19.2
96 4852 19.2
96 4853 19.2
96 4854 19.2
96 4855 19.2
96 4856 19.2
96 4857 19.2
96 4858 19.2
96 4859 19.2
96 4860 19.2
96 4861 19.2
96 4862 19.2
96 4863 19.2
96 4864 19.2
96 4865 19.2
96 4866 19.2
96 4867 19.2
96 4868 19.2
96 4869 19.2
96 4870 19.2
96 4871 19.2
96 4872 19.2
96 4873 19.2
96 4874 19.2
96 4875 19.2
96 4876 19.2
96 4877 19.2
96 4878 19.2
96 4879 19.2
96 4880 19.2
96 4881 19.2
96 4882 19.2
96 4883 19.2
96 4884 19.2
96 4885 19.2
96 4886 19.2
96 4887 19.2
96 4888 19.2
97 4889 19.2
97 4890 19.2
97 4891 19.2
97 4892 19.2
97 4893 19.2
97 4894 19.2
97 4895 19.2
97 4896 19.2
97 4897 19.2
97 4898 19.2
97 4899 19.2
97 4900 19.2
97 4901 19.2
97 4902 19.2
97 4903 19.2
97 4904 19.2
97 4905 19.2
97 4906 19.2
97 4907 19.2
97 4908 19.2
97 4909 19.2
97 4910 19.2
97 4911 19.2
97 4912 19.2
97 4913 19.2
97 4914 19.2
97 4915 19.2
97 4916 19.2
97 4917 19.2
97 4918 19.2
97 4919 19.2
97 4920 19.2
97 4921 19.2
97 4922 19.2
97 4923 19.2
97 4924 19.2
97 4925 19.2
97 4926 19.2
97 4927 19.2
97 4928 19.2
97 4929 19.2
97 4930 19.2
97 4931 19.2
97 4932 19.2
97 4933 19.2
97 4934 19.2
97 4935 19.2
97 4936 19.2
97 4937 19.2
98 4938 19.2
98 4939 19.2
98 4940 19.2
98 4941 19.2
98 4942 19.2
98 4943 19.2
98 4944 19.2
98 4945 19.2
98 4946 19.2
98 4947 19.2
98 4948 19.2
98 4949 19.2
98 4950 19.2
98 4951 19.2
98 4952 19.2
98 4953 19.2
98 4954 19.2
98 4955 19.2
98 4956 19.2
98 4957 19.2
98 4958 19.2
98 4959 19.2
98 4960 19.2
98 4961 19.2
98 4962 19.2
98 4963 19.2
98 4964 19.2
98 4965 19.2
98 4966 19.2
98 4967 19.2
98 4968 19.2
98 4969 19.2
98 4970 19.2
98 4971 19.2
98 4972 19.2
98 4973 19.2
98 4974 19.2
98 4975 19.2
98 4976 19.2
98 4977 19.2
98 4978 19.2
98 4979 19.2
98 4980 19.2
98 4981 19.2
98 4982 19.2
98 4983 19.2
98 4984 19.2
98 4985 19.2
98 4986 19.2
98 4987 19.2
98 4988 19.2
99 4989 19.2
99 4990 19.2
99 4991 19.2
99 4992 19.2
99 4993 19.2
99 4994 19.2
99 4995 19.2
99 4996 19.2
99 4997 19.2
99 4998 19.2
99 4999 19.2
99 5000 19.2
99 5001 19.2
99 5002 19.2
99 5003 19.2
99 5004 19.2
99 5005 19.2
99 5006 19.2
99 5007 19.2
99 5008 19.2
99 5009 19.2
99 5010 19.2
99 5011 19.2
99 5012 19.2
99 5013 19.2
99 5014 19.2
99 5015 19.2
99 5016 19.2
99 5017 19.2
99 5018 19.2
99 5019 19.2
99 5020 19.2
99 5021 19.2
99 5022 19.2
99 5023 19.2
99 5024 19.2
99 5025 19.2
99 5026 19.2
99 5027 19.2
99 5028 19.2
99 5029 19.2
99 5030 19.2
99 5031 19.2
99 5032 19.2
99 5033 19.2
99 5034 19.2
99 5035 19.2
99 5036 19.2
99 5037 19.2
99 5038 19.2
99 5039 19.2
100 5040 19.2
100 5041 19.2
100 5042 19.2
100 5043 19.2
100 5044 19.2
100 5045 19.2
100 5046 19.2
100 5047 19.2
100 5048 19.2
100 5049 19.2
100 5050 19.2
100 5051 19.2
100 5052 19.2
100 5053 19.2
100 5054 19.2
100 5055 19.2
100 5056 19.2
100 5057 19.2
100 5058 19.2
100 5059 19.2
100 5060 19.2
100 5061 19.2
100 5062 19.2
100 5063 19.2
100 5064 19.2
100 5065 19.2
100 5066 19.2
100 5067 19.2
100 5068 19.2
100 5069 19.2
100 5070 19.2
100 5071 19.2
100 5072 19.2
100 5073 19.2
100 5074 19.2
100 5075 19.2
100 5076 19.2
100 5077 19.2
100 5078 19.2
100 5079 19.2
100 5080 19.2
100 5081 19.2
100 5082 19.2
100 5083 19.2
100 5084 19.2
100 5085 19.2
100 5086 19.2
100 5087 19.2
100 5088 19.2
101 5089 19.2
101 5090 19.2
101 5091 19.2
101 5092 19.2
101 5093 19.2
101 5094 19.2
101 5095 19.2
101 5096 19.2
101 5097 19.2
101 5098 19.2
101 5099 19.2
101 5100 19.2
101 5101 19.2
101 5102 19.2
101 5103 19.2
101 5104 19.2
101 5105 19.2
101 5106 19.2
101 5107 19.2
101 5108 19.2
101 5109 19.2
101 5110 19.2
101 5111 19.2
101 5112 19.2
101 5113 19.2
101 5114 19.2
101 5115 19.2
101 5116 19.2
101 5117 19.2
101 5118 19.2
101 5119 19.2
101 5120 19.2
101 5121 19.2
101 5122 19.2
101 5123 19.2
101 5124 19.2
101 5125 19.2
101 5126 19.2
101 5127 19.2
101 5128 19.2
101 5129 19.2
101 5130 19.2
101 5131 19.2
101 5132 19.2
101 5133 19.2
101 5134 19.2
101 5135 19.2
101 5136 19.2
101 5137 19.2
101 5138 18.4
101 5139 18.4
101 5140 18.4
102 5141 18.4
102 5142 17.6
102 5143 17.6
102 5144 17.6
102 5145 17.6
102 5146 17.6
102 5147 17.6
102 5148 17.6
102 5149 17.6
102 5150 17.6
102 5151 17.6
102 5152 17.6
102 5153 17.6
102 5154 17.6
102 5155 17.6
102 5156 17.6
102 5157 17.6
102 5158 17.4
102 5159 17.4
102 5160 17.4
102 5161 17.4
102 5162 17.4
102 5163 17.4
102 5164 17.4
102 5165 17.4
102 5166 17.4
102 5167 17.4
102 5168 17.4
102 5169 17.4
102 5170 17.4
102 5171 17.4
102 5172 17.4
102 5173 16.9
102 5174 16.9
102 5175 16.6
102 5176 16.6
102 5177 16.6
102 5178 16.6
102 5179 16.6
102 5180 16.6
102 5181 16.6
102 5182 16.6
102 5183 16.6
102 5184 16.6
102 5185 16.6
102 5186 16.6
102 5187 16.6
102 5188 16.6
102 5189 16.6
102 5190 16.4
102 5191 16.4
103 5192 16.4
103 5193 16.4
103 5194 16.4
103 5195 16.4
103 5196 16.4
103 5197 16.4
103 5198 16.4
103 5199 16.4
103 5200 16.4
103 5201 16.4
103 5202 16.4
103 5203 16.4
103 5204 16.4
103 5205 16.4
103 5206 16.1
103 5207 16.1
103 5208 16.1
103 5209 16.1
103 5210 16.1
103 5211 16.1
103 5212 16.1
103 5213 16.1
103 5214 16.1
103 5215 16.1
103 5216 16.1
103 5217 16.1
103 5218 16.1
103 5219 16.1
103 5220 16.1
103 5221 16.1
103 5222 16.1
103 5223 16.1
103 5224 16.1
103 5225 16.1
103 5226 16.1
103 5227 16.1
103 5228 16.1
103 5229 16.1
103 5230 16.1
103 5231 16.1
103 5232 16.1
103 5233 16.1
103 5234 16.1
103 5235 16.1
103 5236 16.1
103 5237 16.1
103 5238 16.1
103 5239 16.1
103 5240 16.1
103 5241 16.1
103 5242 16.1
104 5243 16.1
104 5244 16.1
104 5245 16.1
104 5246 16.1
104 5247 16.1
104 5248 16.1
104 5249 16.1
104 5250 16.1
104 5251 16.1
104 5252 16.1
104 5253 16.1
104 5254 16.1
104 5255 16.1
104 5256 16.1
104 5257 16.1
104 5258 16.1
104 5259 16.1
104 5260 16.1
104 5261 16.1
104 5262 16.1
104 5263 16.1
104 5264 16.1
104 5265 16.1
104 5266 16.1
104 5267 16.1
104 5268 16.1
104 5269 16.1
104 5270 16.1
104 5271 16.1
104 5272 16.1
104 5273 16.1
104 5274 16.1
104 5275 16.1
104 5276 16.1
104 5277 16.1
104 5278 16.1
104 5279 16.1
104 5280 16.1
104 5281 16.1
104 5282 16.1
104 5283 16.1
104 5284 16.1
104 5285 16.1
104 5286 16.1
104 5287 16.1
104 5288 16.1
104 5289 16.1
104 5290 16.1
104 5291 16.1
104 5292 16.1
104 5293 16.1
104 5294 16.1
105 5295 16.1
105 5296 16.1
105 5297 16.1
105 5298 16.1
105 5299 16.1
105 5300 16.1
105 5301 16.1
105 5302 16.1
105 5303 16.1
105 5304 16.1
105 5305 16.1
105 5306 16.1
105 5307 16.1
105 5308 16.1
105 5309 16.1
105 5310 16.1
105 5311 16.1
105 5312 16.1
105 5313 16.1
105 5314 16.1
105 5315 16.1
105 5316 16.1
105 5317 16.1
105 5318 16.1
105 5319 16.1
105 5320 16.1
105 5321 16.1
105 5322 16.1
105 5323 16.1
105 5324 16.1
105 5325 16.1
105 5326 16.1
105 5327 16.1
105 5328 16.1
105 5329 16.1
105 5330 16.1
105 5331 16.1
105 5332 16.1
105 5333 16.1
105 5334 16.1
105 5335 16.1
105 5336 16.1
105 5337 16.1
105 5338 16.1
105 5339 16.1
105 5340 16.1
105 5341 16.1
105 5342 16.1
105 5343 16.1
105 5344 16.1
106 5345 16.1
106 5346 16.1
106 5347 16.1
106 5348 16.1
106 5349 16.1
106 5350 16.1
106 5351 16.1
106 5352 16.1
106 5353 16.1
106 5354 16.1
106 5355 16.1
106 5356 16.1
106 5357 16.1
106 5358 16.1
106 5359 16.1
106 5360 16.1
106 5361 16.1
106 5362 16.1
106 5363 16.1
106 5364 16.1
106 5365 16.1
106 5366 16.1
106 5367 16.1
106 5368 16.1
106 5369 16.1
106 5370 16.1
106 5371 16.1
106 5372 16.1
106 5373 16.1
106 5374 16.1
106 5375 16.1
106 5376 16.1
106 5377 16.1
106 5378 16.1
106 5379 16.1
106 5380 16.1
106 5381 16.1
106 5382 16.1
106 5383 16.1
106 5384 16.1
106 5385 16.1
106 5386 16.1
106 5387 16.1
106 5388 16.1
106 5389 16.1
106 5390 16.1
106 5391 16.1
106 5392 16.1
106 5393 16.1
106 5394 16.1
106 5395 16.1
106 5396 16.1
107 5397 16.1
107 5398 16.1
107 5399 16.1
107 5400 16.1
107 5401 16.1
107 5402 16.1
107 5403 16.1
107 5404 16.1
107 5405 16.1
107 5406 16.1
107 5407 16.1
107 5408 16.1
107 5409 16.1
107 5410 16.1
107 5411 16.1
107 5412 16.1
107 5413 16.1
107 5414 16.1
107 5415 16.1
107 5416 16.1
107 5417 16.1
107 5418 16.1
107 5419 16.1
107 5420 16.1
107 5421 16.1
107 5422 16.1
107 5423 16.1
107 5424 16.1
107 5425 16.1
107 5426 16.1
107 5427 16.1
107 5428 16.1
107 5429 16.1
107 5430 16.1
107 5431 16.1
107 5432 16.1
107 5433 16.1
107 5434 16.1
107 5435 16.1
107 5436 16.1
107 5437 16.1
107 5438 16.1
107 5439 16.1
107 5440 16.1
107 5441 16.1
107 5442 16.1
107 5443 16.1
107 5444 16.1
108 5445 16.1
108 5446 16.1
108 5447 16.1
108 5448 16.1
108 5449 16.1
108 5450 16.1
108 5451 16.1
108 5452 16.1
108 5453 16.1
108 5454 16.1
108 5455 16.1
108 5456 16.1
108 5457 16.1
108 5458 16.1
108 5459 16.1
108 5460 16.1
108 5461 16.1
108 5462 16.1
108 5463 16.1
108 5464 16.1
108 5465 16.1
108 5466 16.1
108 5467 16.1
108 5468 16.1
108 5469 16.1
108 5470 16.1
108 5471 16.1
108 5472 16.1
108 5473 16.1
108 5474 16.1
108 5475 16.1
108 5476 16.1
108 5477 16.1
108 5478 16.1
108 5479 16.1
108 5480 16.1
108 5481 16.1
108 5482 16.1
108 5483 16.1
108 5484 16.1
108 5485 16.1
108 5486 16.1
108 5487 16.1
108 5488 16.1
108 5489 16.1
108 5490 16.1
108 5491 16.1
108 5492 16.1
108 5493 16.1
108 5494 16.1
108 5495 16.1
109 5496 16.1
109 5497 16.1
109 5498 16.1
109 5499 16.1
109 5500 16.1
109 5501 16.1
109 5502 16.1
109 5503 16.1
109 5504 16.1
109 5505 16.1
109 5506 16.1
109 5507 16.1
109 5508 16.1
109 5509 16.1
109 5510 16.1
109 5511 16.1
109 5512 16.1
109 5513 16.1
109 5514 16.1
109 5515 16.1
109 5516 16.1
109 5517 16.1
109 5518 16.1
109 5519 16.1
109 5520 16.1
109 5521 16.1
109 5522 16.1
109 5523 16.1
109 5524 16.1
109 5525 16.1
109 5526 16.1
109 5527 16.1
109 5528 16.1
109 5529 16.1
109 5530 16.1
109 5531 16.1
109 5532 16.1
109 5533 16.1
109 5534 16.1
109 5535 16.1
109 5536 16.1
109 5537 16.1
109 5538 16.1
109 5539 16.1
109 5540 16.1
109 5541 16.1
109 5542 16.1
109 5543 16.1
109 5544 16.1
109 5545 16.1
109 5546 16.1
109 5547 16.1
110 5548 16.1
110 5549 16.1
110 5550 16.1
110 5551 16.1
110 5552 16.1
110 5553 16.1
110 5554 16.1
110 5555 16.1
110 5556 16.1
110 5557 16.1
110 5558 16.1
110 5559 16.1
110 5560 16.1
110 5561 16.1
110 5562 16.1
110 5563 16.1
110 5564 16.1
110 5565 16.1
110 5566 16.1
110 5567 16.1
110 5568 16.1
110 5569 16.1
110 5570 16.1
110 5571 16.1
110 5572 16.1
110 5573 16.1
110 5574 16.1
110 5575 16.1
110 5576 16.1
110 5577 16.1
110 5578 16.1
110 5579 16.1
110 5580 16.1
110 5581 16.1
110 5582 16.1
110 5583 16.1
110 5584 16.1
110 5585 16.1
110 5586 16.1
110 5587 16.1
110 5588 16.1
110 5589 16.1
110 5590 16.1
110 5591 16.1
110 5592 16.1
110 5593 16.1
110 5594 16.1
110 5595 16.1
110 5596 16.1
110 5597 16.1
110 5598 16.1
111 5599 16.1
111 5600 16.1
111 5601 16.1
111 5602 16.1
111 5603 16.1
111 5604 16.1
111 5605 16.1
111 5606 16.1
111 5607 16.1
111 5608 16.1
111 5609 16.1
111 5610 16.1
111 5611 16.1
111 5612 16.1
111 5613 16.1
111 5614 16.1
111 5615 16.1
111 5616 16.1
111 5617 16.1
111 5618 16.1
111 5619 16.1
111 5620 16.1
111 5621 16.1
111 5622 16.1
111 5623 16.1
111 5624 16.1
111 5625 16.1
111 5626 16.1
111 5627 16.1
111 5628 16.1
111 5629 16.1
111 5630 16.1
111 5631 16.1
111 5632 16.1
111 5633 16.1
111 5634 16.1
111 5635 16.1
111 5636 16.1
111 5637 16.1
111 5638 16.1
111 5639 16.1
111 5640 16.1
111 5641 16.1
111 5642 16.1
111 5643 16.1
111 5644 16.1
111 5645 16.1
111 5646 16.1
111 5647 16.1
111 5648 16.1
111 5649 16.1
112 5650 16.1
112 5651 16.1
112 5652 16.1
112 5653 16.1
112 5654 16.1
112 5655 16.1
112 5656 16.1
112 5657 16.1
112 5658 16.1
112 5659 16.1
112 5660 16.1
112 5661 16.1
112 5662 16.1
112 5663 16.1
112 5664 16.1
112 5665 16.1
112 5666 16.1
112 5667 16.1
112 5668 16.1
112 5669 16.1
112 5670 16.1
112 5671 16.1
112 5672 16.1
112 5673 16.1
112 5674 16.1
112 5675 16.1
112 5676 16.1
112 5677 16.1
112 5678 16.1
112 5679 16.1
112 5680 16.1
112 5681 16.1
112 5682 16.1
112 5683 16.1
112 5684 16.1
112 5685 16.1
112 5686 16.1
112 5687 16.1
112 5688 16.1
112 5689 16.1
112 5690 16.1
112 5691 16.1
112 5692 16.1
112 5693 16.1
112 5694 16.1
112 5695 16.1
112 5696 16.1
112 5697 16.1
112 5698 16.1
112 5699 16.1
112 5700 16.1
113 5701 16.1
113 5702 16.1
113 5703 16.1
113 5704 16.1
113 5705 16.1
113 5706 16.1
113 5707 16.1
113 5708 16.1
113 5709 16.1
113 5710 16.1
113 5711 16.1
113 5712 16.1
113 5713 16.1
113 5714 16.1
113 5715 16.1
113 5716 16.1
113 5717 16.1
113 5718 16.1
113 5719 16.1
113 5720 16.1
113 5721 16.1
113 5722 16.1
113 5723 16.1
113 5724 16.1
113 5725 16.1
113 5726 16.1
113 5727 16.1
113 5728 16.1
113 5729 16.1
113 5730 16.1
113 5731 16.1
113 5732 16.1
113 5733 16.1
113 5734 16.1
113 5735 16.1
113 5736 16.1
113 5737 16.1
113 5738 16.1
113 5739 16.1
113 5740 16.1
113 5741 16.1
113 5742 16.1
113 5743 16.1
113 5744 16.1
113 5745 16.1
113 5746 16.1
113 5747 16.1
113 5748 16.1
113 5749 16.1
113 5750 16.1
113 5751 16.1
113 5752 16.1
113 5753 16.1
114 5754 16.1
114 5755 16.1
114 5756 16.1
114 5757 16.1
114 5758 16.1
114 5759 16.1
114 5760 16.1
114 5761 16.1
114 5762 16.1
114 5763 16.1
114 5764 16.1
114 5765 16.1
114 5766 16.1
114 5767 16.1
114 5768 16.1
114 5769 16.1
114 5770 16.1
114 5771 16.1
114 5772 16.1
114 5773 16.1
114 5774 16.1
114 5775 16.1
114 5776 16.1
114 5777 16.1
114 5778 16.1
114 5779 16.1
114 5780 16.1
114 5781 16.1
114 5782 16.1
114 5783 16.1
114 5784 16.1
114 5785 16.1
114 5786 16.1
114 5787 16.1
114 5788 16.1
114 5789 16.1
114 5790 16.1
114 5791 16.1
114 5792 16.1
114 5793 16.1
114 5794 16.1
114 5795 16.1
114 5796 16.1
114 5797 16.1
114 5798 16.1
114 5799 16.1
114 5800 16.1
114 5801 16.1
114 5802 16.1
114 5803 16.1
114 5804 16.1
114 5805 16.1
114 5806 16.1
115 5807 16.1
115 5808 16.1
115 5809 16.1
115 5810 16.1
115 5811 16.1
115 5812 16.1
115 5813 16.1
115 5814 16.1
115 5815 16.1
115 5816 16.1
115 5817 16.1
115 5818 16.1
115 5819 16.1
115 5820 16.1
115 5821 16.1
115 5822 16.1
115 5823 16.1
115 5824 16.1
115 5825 16.1
115 5826 16.1
115 5827 16.1
115 5828 16.1
115 5829 16.1
115 5830 16.1
115 5831 16.1
115 5832 16.0
115 5833 16.0
115 5834 16.0
115 5835 16.0
115 5836 16.0
115 5837 16.0
115 5838 16.0
115 5839 16.0
115 5840 16.0
115 5841 16.0
115 5842 16.0
115 5843 16.0
115 5844 16.0
115 5845 16.0
115 5846 16.0
115 5847 16.0
115 5848 16.0
115 5849 16.0
115 5850 16.0
115 5851 16.0
115 5852 16.0
115 5853 16.0
115 5854 16.0
115 5855 16.0
115 5856 16.0
115 5857 16.0
115 5858 16.0
115 5859 16.0
116 5860 16.0
116 5861 16.0
116 5862 16.0
116 5863 16.0
116 5864 16.0
116 5865 16.0
116 5866 16.0
116 5867 16.0
116 5868 16.0
116 5869 16.0
116 5870 16.0
116 5871 16.0
116 5872 16.0
116 5873 16.0
116 5874 16.0
116 5875 16.0
116 5876 16.0
116 5877 16.0
116 5878 16.0
116 5879 16.0
116 5880 16.0
116 5881 16.0
116 5882 16.0
116 5883 16.0
116 5884 16.0
116 5885 16.0
116 5886 16.0
116 5887 16.0
116 5888 16.0
116 5889 16.0
116 5890 16.0
116 5891 16.0
116 5892 16.0
116 5893 16.0
116 5894 16.0
116 5895 16.0
116 5896 16.0
116 5897 16.0
116 5898 16.0
116 5899 16.0
116 5900 16.0
116 5901 16.0
116 5902 16.0
116 5903 16.0
116 5904 16.0
116 5905 16.0
116 5906 16.0
116 5907 16.0
116 5908 16.0
116 5909 15.9
116 5910 15.9
116 5911 15.9
117 5912 15.9
117 5913 15.9
117 5914 15.9
117 5915 15.9
117 5916 15.9
117 5917 15.9
117 5918 15.7
117 5919 15.7
117 5920 15.7
117 5921 15.7
117 5922 15.6
117 5923 15.6
117 5924 15.6
117 5925 15.6
117 5926 15.6
117 5927 15.6
117 5928 15.6
117 5929 15.6
117 5930 15.6
117 5931 15.6
117 5932 15.6
117 5933 15.6
117 5934 15.6
117 5935 15.6
117 5936 15.6
117 5937 15.5
117 5938 15.5
117 5939 15.5
117 5940 15.5
117 5941 15.5
117 5942 15.5
117 5943 15.5
117 5944 15.5
117 5945 15.5
117 5946 15.5
117 5947 15.5
117 5948 15.5
117 5949 15.5
117 5950 15.5
117 5951 15.5
117 5952 15.5
117 5953 15.5
117 5954 15.5
117 5955 15.5
117 5956 15.5
118 5957 15.5
118 5958 15.4
118 5959 15.4
118 5960 15.4
118 5961 15.4
118 5962 15.4
118 5963 15.4
118 5964 15.4
118 5965 15.4
118 5966 15.4
118 5967 15.4
118 5968 15.4
118 5969 15.4
118 5970 15.4
118 5971 15.4
118 5972 15.4
118 5973 15.4
118 5974 15.4
118 5975 15.4
118 5976 15.4
118 5977 15.4
118 5978 15.3
118 5979 15.3
118 5980 15.3
118 5981 15.3
118 5982 15.3
118 5983 15.3
118 5984 15.3
118 5985 15.3
118 5986 15.3
118 5987 15.3
118 5988 15.3
118 5989 15.3
118 5990 15.3
118 5991 15.3
118 5992 15.3
118 5993 15.3
118 5994 15.3
118 5995 15.3
118 5996 15.3
118 5997 15.3
118 5998 15.3
118 5999 15.3
118 6000 15.3
118 6001 15.3
118 6002 15.3
118 6003 15.3
118 6004 15.3
118 6005 15.3
118 6006 15.3
118 6007 15.3
119 6008 15.3
119 6009 15.3
119 6010 15.3
119 6011 15.3
119 6012 15.3
119 6013 15.3
119 6014 15.3
119 6015 15.3
119 6016 15.3
119 6017 15.3
119 6018 15.3
119 6019 15.3
119 6020 15.3
119 6021 15.3
119 6022 15.3
119 6023 15.3
119 6024 15.3
119 6025 15.3
119 6026 15.3
119 6027 15.3
119 6028 15.3
119 6029 15.3
119 6030 15.3
119 6031 15.3
119 6032 15.3
119 6033 15.3
119 6034 15.3
119 6035 15.3
119 6036 15.3
119 6037 15.3
119 6038 15.3
119 6039 15.3
119 6040 15.3
119 6041 15.3
119 6042 15.3
119 6043 15.2
119 6044 15.2
119 6045 15.2
119 6046 15.2
119 6047 15.2
119 6048 15.2
119 6049 15.2
119 6050 15.2
119 6051 15.2
119 6052 15.2
119 6053 15.2
119 6054 15.2
119 6055 15.2
119 6056 15.2
120 6057 15.2
120 6058 15.2
120 6059 15.2
120 6060 15.2
120 6061 15.2
120 6062 15.2
120 6063 15.2
120 6064 15.2
120 6065 15.2
120 6066 15.2
120 6067 15.2
120 6068 15.2
120 6069 15.2
120 6070 15.2
120 6071 15.2
120 6072 15.2
120 6073 15.2
120 6074 15.2
120 6075 15.2
120 6076 15.2
120 6077 15.2
120 6078 15.2
120 6079 15.2
120 6080 15.2
120 6081 15.2
120 6082 15.2
120 6083 15.2
120 6084 15.2
120 6085 15.2
120 6086 15.2
120 6087 15.2
120 6088 15.2
120 6089 15.2
120 6090 15.2
120 6091 15.2
120 6092 15.2
120 6093 15.2
120 6094 15.2
120 6095 15.2
120 6096 15.2
120 6097 15.2
120 6098 15.2
120 6099 15.2
120 6100 15.2
120 6101 15.2
120 6102 15.2
120 6103 15.2
120 6104 15.2
120 6105 15.2
120 6106 15.2
120 6107 15.2
120 6108 15.2
121 6109 15.2
