0 1 49.5
0 2 49.5
0 3 49.1
0 4 47.8
1 5 47.8
1 6 47.8
1 7 47.8
1 8 47.6
1 9 46.9
1 10 46.9
1 11 46.9
1 12 46.9
1 13 46.9
1 14 46.9
1 15 46.4
1 16 46.4
1 17 46.4
1 18 45.6
1 19 45.6
1 20 45.6
1 21 45.6
1 22 45.6
1 23 45.6
1 24 45.6
1 25 45.6
1 26 45.6
1 27 45.6
1 28 45.6
1 29 45.6
1 30 45.6
1 31 45.6
1 32 45.6
1 33 45.6
1 34 45.6
1 35 45.6
1 36 44.8
1 37 44.8
1 38 44.8
1 39 44.8
1 40 44.5
1 41 44.5
1 42 44.5
1 43 44.5
1 44 43.0
1 45 43.0
1 46 43.0
1 47 43.0
1 48 43.0
1 49 43.0
1 50 43.0
2 51 43.0
2 52 43.0
2 53 43.0
2 54 43.0
2 55 43.0
2 56 43.0
2 57 43.0
2 58 43.0
2 59 43.0
2 60 43.0
2 61 43.0
2 62 43.0
2 63 43.0
2 64 43.0
2 65 43.0
2 66 43.0
2 67 43.0
2 68 43.0
2 69 43.0
2 70 43.0
2 71 43.0
2 72 43.0
2 73 43.0
2 74 43.0
2 75 43.0
2 76 43.0
2 77 43.0
2 78 43.0
2 79 43.0
2 80 42.9
2 81 42.9
2 82 42.9
2 83 42.9
2 84 42.9
2 85 42.9
2 86 42.9
2 87 42.9
2 88 42.9
2 89 42.9
2 90 42.9
2 91 42.9
2 92 42.9
2 93 42.9
2 94 41.0
2 95 41.0
2 96 41.0
2 97 41.0
2 98 41.0
2 99 41.0
3 100 41.0
3 101 41.0
3 102 41.0
3 103 41.0
3 104 40.5
3 105 40.5
3 106 40.5
3 107 39.8
3 108 39.8
3 109 39.4
3 110 39.4
3 111 39.4
3 112 39.4
3 113 39.4
3 114 39.4
3 115 39.4
3 116 39.4
3 117 39.4
3 118 39.4
3 119 39.4
3 120 39.4
3 121 39.4
3 122 39.4
3 123 39.4
3 124 39.4
3 125 39.4
3 126 39.4
3 127 39.4
3 128 39.4
3 129 39.4
3 130 39.4
3 131 39.4
3 132 39.4
3 133 39.4
3 134 39.4
3 135 39.4
3 136 39.4
3 137 39.4
3 138 39.4
3 139 39.4
3 140 39.4
3 141 39.4
3 142 39.4
3 143 39.4
3 144 39.4
3 145 39.4
3 146 39.4
3 147 39.4
3 148 39.4
3 149 39.4
4 150 39.4
4 151 39.4
4 152 39.4
4 153 39.4
4 154 39.3
4 155 39.3
4 156 39.3
4 157 39.3
4 158 39.2
4 159 39.2
4 160 39.2
4 161 39.2
4 162 39.2
4 163 39.2
4 164 39.2
4 165 39.2
4 166 39.2
4 167 39.2
4 168 39.2
4 169 39.2
4 170 39.2
4 171 39.2
4 172 39.2
4 173 39.2
4 174 39.2
4 175 39.2
4 176 39.2
4 177 39.2
4 178 39.2
4 179 39.2
4 180 39.2
4 181 39.2
4 182 39.2
4 183 39.2
4 184 39.2
4 185 39.2
4 186 39.2
4 187 39.2
4 188 39.2
4 189 39.2
4 190 39.2
4 191 39.2
5 192 39.2
5 193 39.2
5 194 39.2
5 195 39.2
5 196 39.2
5 197 39.2
5 198 39.2
5 199 39.2
5 200 39.2
5 201 39.2
5 202 39.2
5 203 39.2
5 204 39.2
5 205 39.2
5 206 39.2
5 207 39.2
5 208 39.2
5 209 39.2
5 210 39.2
5 211 39.2
5 212 39.2
5 213 39.2
5 214 39.2
5 215 39.2
5 216 39.2
5 217 39.2
5 218 39.2
5 219 39.2
5 220 39.2
5 221 39.2
5 222 39.2
5 223 39.2
5 224 39.2
5 225 39.2
5 226 39.2
5 227 39.2
5 228 39.2
5 229 39.2
5 230 39.2
5 231 39.2
5 232 39.2
5 233 39.2
5 234 39.2
5 235 39.2
5 236 39.2
5 237 39.2
5 238 39.2
5 239 39.2
5 240 39.2
6 241 39.2
6 242 39.2
6 243 39.2
6 244 39.2
6 245 39.2
6 246 39.2
6 247 39.2
6 248 39.2
6 249 39.2
6 250 39.2
6 251 39.2
6 252 39.2
6 253 39.2
6 254 39.2
6 255 39.2
6 256 39.2
6 257 39.2
6 258 39.2
6 259 39.2
6 260 39.2
6 261 39.2
6 262 39.2
6 263 39.2
6 264 39.2
6 265 39.2
6 266 39.2
6 267 39.2
6 268 39.2
6 269 39.2
6 270 39.2
6 271 39.2
6 272 39.2
6 273 39.2
6 274 39.2
6 275 39.2
6 276 39.2
6 277 39.2
6 278 39.2
6 279 39.2
6 280 39.2
6 281 39.2
6 282 39.2
6 283 39.2
6 284 39.2
6 285 39.2
6 286 39.2
6 287 39.2
6 288 39.2
7 289 39.2
7 290 38.6
7 291 38.6
7 292 38.6
7 293 38.6
7 294 38.4
7 295 38.4
7 296 38.4
7 297 38.4
7 298 38.4
7 299 38.4
7 300 38.4
7 301 38.4
7 302 38.4
7 303 38.4
7 304 38.4
7 305 38.4
7 306 38.4
7 307 38.4
7 308 38.4
7 309 38.4
7 310 38.4
7 311 38.4
7 312 38.4
7 313 38.4
7 314 38.4
7 315 38.4
7 316 38.4
7 317 38.4
7 318 38.4
7 319 38.4
7 320 38.4
7 321 38.4
7 322 38.4
7 323 38.4
7 324 38.4
7 325 38.4
7 326 38.4
7 327 38.4
7 328 38.4
7 329 38.4
7 330 38.4
7 331 38.4
7 332 38.4
7 333 38.4
7 334 38.4
7 335 38.4
7 336 38.4
7 337 38.4
8 338 38.4
8 339 38.4
8 340 38.4
8 341 38.4
8 342 38.4
8 343 38.4
8 344 38.4
8 345 38.4
8 346 38.4
8 347 38.4
8 348 38.4
8 349 38.4
8 350 38.4
8 351 38.4
8 352 38.4
8 353 38.4
8 354 38.4
8 355 38.4
8 356 38.4
8 357 38.4
8 358 38.4
8 359 38.4
8 360 38.4
8 361 38.4
8 362 38.4
8 363 38.4
8 364 38.4
8 365 38.4
8 366 38.4
8 367 38.4
8 368 38.4
8 369 38.4
8 370 38.4
8 371 38.4
8 372 38.4
8 373 38.4
8 374 38.4
8 375 38.4
8 376 38.4
8 377 38.4
8 378 38.4
8 379 38.4
8 380 38.4
8 381 38.4
8 382 38.4
8 383 38.4
8 384 38.4
8 385 38.4
8 386 38.4
9 387 38.4
9 388 38.4
9 389 38.4
9 390 38.4
9 391 37.4
9 392 37.4
9 393 37.4
9 394 37.4
9 395 37.4
9 396 37.4
9 397 37.4
9 398 37.4
9 399 36.5
9 400 36.5
9 401 36.5
9 402 36.5
9 403 36.5
9 404 36.5
9 405 36.5
9 406 36.1
9 407 36.1
9 408 36.1
9 409 36.1
9 410 36.1
9 411 35.8
9 412 35.8
9 413 35.8
9 414 35.7
9 415 35.7
9 416 35.7
9 417 35.7
9 418 35.7
9 419 35.7
9 420 35.7
9 421 35.7
9 422 35.3
9 423 35.3
9 424 35.2
9 425 35.2
9 426 35.2
9 427 35.2
9 428 35.2
9 429 35.2
9 430 35.2
9 431 35.2
9 432 35.2
9 433 35.2
9 434 35.2
9 435 35.2
9 436 35.2
9 437 35.2
9 438 35.0
10 439 35.0
10 440 35.0
10 441 35.0
10 442 35.0
10 443 35.0
10 444 35.0
10 445 35.0
10 446 34.0
10 447 34.0
10 448 34.0
10 449 34.0
10 450 34.0
10 451 34.0
10 452 34.0
10 453 34.0
10 454 33.6
10 455 33.6
10 456 33.6
10 457 33.6
10 458 33.6
10 459 33.6
10 460 33.6
10 461 33.6
10 462 33.6
10 463 33.6
10 464 33.6
10 465 33.6
10 466 33.6
10 467 33.6
10 468 33.6
10 469 33.6
10 470 33.6
10 471 33.6
10 472 33.6
10 473 33.6
10 474 33.6
10 475 33.6
10 476 33.6
10 477 33.6
10 478 33.6
10 479 32.9
10 480 32.9
10 481 32.9
10 482 32.6
10 483 32.6
10 484 32.6
10 485 32.6
10 486 32.6
10 487 32.6
10 488 32.4
10 489 32.4
10 490 32.4
10 491 32.4
10 492 32.4
11 493 32.4
11 494 32.4
11 495 32.4
11 496 32.2
11 497 32.2
11 498 32.2
11 499 32.2
11 500 32.2
11 501 32.2
11 502 32.2
11 503 32.2
11 504 32.2
11 505 32.2
11 506 32.2
11 507 32.2
11 508 32.2
11 509 32.2
11 510 32.2
11 511 32.2
11 512 32.2
11 513 32.2
11 514 32.2
11 515 32.2
11 516 32.2
11 517 32.2
11 518 32.2
11 519 32.2
11 520 32.2
11 521 32.2
11 522 32.2
11 523 32.2
11 524 32.2
11 525 32.2
11 526 32.2
11 527 32.2
11 528 32.2
11 529 32.2
11 530 32.2
11 531 32.1
11 532 32.1
11 533 32.1
11 534 32.0
11 535 32.0
11 536 32.0
11 537 32.0
11 538 32.0
11 539 32.0
11 540 32.0
11 541 32.0
12 542 32.0
12 543 32.0
12 544 32.0
12 545 32.0
12 546 32.0
12 547 32.0
12 548 32.0
12 549 32.0
12 550 32.0
12 551 32.0
12 552 32.0
12 553 32.0
12 554 32.0
12 555 32.0
12 556 32.0
12 557 32.0
12 558 32.0
12 559 32.0
12 560 32.0
12 561 32.0
12 562 32.0
12 563 32.0
12 564 32.0
12 565 32.0
12 566 32.0
12 567 32.0
12 568 32.0
12 569 32.0
12 570 32.0
12 571 32.0
12 572 32.0
12 573 32.0
12 574 32.0
12 575 32.0
12 576 32.0
12 577 32.0
12 578 32.0
12 579 32.0
12 580 32.0
12 581 32.0
12 582 32.0
12 583 32.0
12 584 32.0
12 585 32.0
12 586 32.0
12 587 32.0
12 588 32.0
12 589 32.0
12 590 32.0
13 591 32.0
13 592 32.0
13 593 32.0
13 594 32.0
13 595 32.0
13 596 32.0
13 597 32.0
13 598 32.0
13 599 32.0
13 600 32.0
13 601 32.0
13 602 32.0
13 603 32.0
13 604 32.0
13 605 32.0
13 606 32.0
13 607 32.0
13 608 32.0
13 609 32.0
13 610 32.0
13 611 32.0
13 612 32.0
13 613 32.0
13 614 32.0
13 615 32.0
13 616 32.0
13 617 32.0
13 618 32.0
13 619 32.0
13 620 32.0
13 621 32.0
13 622 32.0
13 623 32.0
13 624 32.0
13 625 32.0
13 626 32.0
13 627 32.0
13 628 32.0
13 629 32.0
13 630 32.0
13 631 32.0
13 632 32.0
13 633 32.0
13 634 32.0
13 635 32.0
13 636 32.0
13 637 32.0
13 638 32.0
13 639 32.0
13 640 32.0
14 641 32.0
14 642 32.0
14 643 32.0
14 644 32.0
14 645 32.0
14 646 32.0
14 647 32.0
14 648 32.0
14 649 32.0
14 650 32.0
14 651 32.0
14 652 32.0
14 653 32.0
14 654 32.0
14 655 32.0
14 656 32.0
14 657 32.0
14 658 32.0
14 659 32.0
14 660 32.0
14 661 32.0
14 662 32.0
14 663 32.0
14 664 32.0
14 665 32.0
14 666 32.0
14 667 32.0
14 668 32.0
14 669 32.0
14 670 32.0
14 671 32.0
14 672 32.0
14 673 32.0
14 674 32.0
14 675 32.0
14 676 32.0
14 677 32.0
14 678 32.0
14 679 32.0
14 680 32.0
14 681 32.0
14 682 32.0
14 683 32.0
14 684 32.0
14 685 32.0
14 686 32.0
14 687 32.0
14 688 32.0
14 689 32.0
14 690 32.0
14 691 32.0
14 692 32.0
15 693 32.0
15 694 32.0
15 695 32.0
15 696 32.0
15 697 32.0
15 698 32.0
15 699 32.0
15 700 32.0
15 701 32.0
15 702 32.0
15 703 32.0
15 704 32.0
15 705 32.0
15 706 32.0
15 707 32.0
15 708 32.0
15 709 32.0
15 710 32.0
15 711 32.0
15 712 32.0
15 713 32.0
15 714 32.0
15 715 32.0
15 716 32.0
15 717 32.0
15 718 32.0
15 719 32.0
15 720 32.0
15 721 32.0
15 722 32.0
15 723 32.0
15 724 32.0
15 725 32.0
15 726 32.0
15 727 32.0
15 728 32.0
15 729 32.0
15 730 32.0
15 731 32.0
15 732 32.0
15 733 32.0
15 734 32.0
15 735 32.0
15 736 32.0
15 737 32.0
15 738 32.0
15 739 32.0
15 740 32.0
16 741 32.0
16 742 32.0
16 743 32.0
16 744 32.0
16 745 32.0
16 746 32.0
16 747 32.0
16 748 32.0
16 749 32.0
16 750 32.0
16 751 32.0
16 752 32.0
16 753 32.0
16 754 32.0
16 755 32.0
16 756 32.0
16 757 32.0
16 758 32.0
16 759 32.0
16 760 32.0
16 761 32.0
16 762 32.0
16 763 32.0
16 764 32.0
16 765 32.0
16 766 32.0
16 767 32.0
16 768 32.0
16 769 32.0
16 770 32.0
16 771 32.0
16 772 32.0
16 773 32.0
16 774 32.0
16 775 32.0
16 776 32.0
16 777 32.0
16 778 32.0
16 779 32.0
16 780 32.0
16 781 32.0
16 782 32.0
16 783 32.0
16 784 32.0
16 785 32.0
16 786 32.0
16 787 32.0
16 788 32.0
16 789 32.0
16 790 32.0
16 791 32.0
17 792 32.0
17 793 32.0
17 794 32.0
17 795 32.0
17 796 32.0
17 797 32.0
17 798 32.0
17 799 32.0
17 800 32.0
17 801 32.0
17 802 32.0
17 803 32.0
17 804 32.0
17 805 32.0
17 806 32.0
17 807 32.0
17 808 32.0
17 809 32.0
17 810 32.0
17 811 32.0
17 812 32.0
17 813 32.0
17 814 32.0
17 815 32.0
17 816 32.0
17 817 32.0
17 818 32.0
17 819 32.0
17 820 32.0
17 821 32.0
17 822 32.0
17 823 32.0
17 824 32.0
17 825 32.0
17 826 32.0
17 827 32.0
17 828 32.0
17 829 32.0
17 830 32.0
17 831 32.0
17 832 32.0
17 833 32.0
17 834 32.0
17 835 32.0
17 836 32.0
17 837 32.0
17 838 32.0
17 839 32.0
17 840 32.0
18 841 32.0
18 842 32.0
18 843 32.0
18 844 32.0
18 845 32.0
18 846 32.0
18 847 32.0
18 848 32.0
18 849 32.0
18 850 32.0
18 851 32.0
18 852 32.0
18 853 32.0
18 854 32.0
18 855 32.0
18 856 32.0
18 857 32.0
18 858 32.0
18 859 32.0
18 860 32.0
18 861 32.0
18 862 32.0
18 863 32.0
18 864 32.0
18 865 32.0
18 866 32.0
18 867 32.0
18 868 32.0
18 869 32.0
18 870 32.0
18 871 32.0
18 872 32.0
18 873 32.0
18 874 32.0
18 875 32.0
18 876 32.0
18 877 32.0
18 878 32.0
18 879 32.0
18 880 32.0
18 881 32.0
18 882 32.0
18 883 32.0
18 884 32.0
18 885 32.0
18 886 32.0
18 887 32.0
18 888 32.0
19 889 32.0
19 890 32.0
19 891 32.0
19 892 32.0
19 893 32.0
19 894 32.0
19 895 32.0
19 896 32.0
19 897 32.0
19 898 32.0
19 899 32.0
19 900 32.0
19 901 32.0
19 902 32.0
19 903 32.0
19 904 32.0
19 905 32.0
19 906 32.0
19 907 32.0
19 908 32.0
19 909 32.0
19 910 32.0
19 911 32.0
19 912 32.0
19 913 32.0
19 914 32.0
19 915 32.0
19 916 32.0
19 917 32.0
19 918 32.0
19 919 32.0
19 920 32.0
19 921 32.0
19 922 32.0
19 923 32.0
19 924 32.0
19 925 32.0
19 926 32.0
19 927 32.0
19 928 32.0
19 929 32.0
19 930 32.0
19 931 32.0
19 932 32.0
19 933 32.0
19 934 32.0
19 935 32.0
19 936 32.0
19 937 32.0
19 938 32.0
19 939 32.0
20 940 32.0
20 941 32.0
20 942 32.0
20 943 32.0
20 944 32.0
20 945 32.0
20 946 32.0
20 947 32.0
20 948 32.0
20 949 32.0
20 950 32.0
20 951 32.0
20 952 32.0
20 953 32.0
20 954 32.0
20 955 32.0
20 956 32.0
20 957 32.0
20 958 32.0
20 959 32.0
20 960 32.0
20 961 32.0
20 962 32.0
20 963 32.0
20 964 32.0
20 965 32.0
20 966 32.0
20 967 32.0
20 968 32.0
20 969 32.0
20 970 32.0
20 971 32.0
20 972 32.0
20 973 32.0
20 974 32.0
20 975 32.0
20 976 32.0
20 977 32.0
20 978 32.0
20 979 32.0
20 980 32.0
20 981 32.0
20 982 32.0
20 983 32.0
20 984 32.0
20 985 32.0
20 986 32.0
20 987 32.0
21 988 32.0
21 989 32.0
21 990 32.0
21 991 32.0
21 992 32.0
21 993 32.0
21 994 32.0
21 995 32.0
21 996 32.0
21 997 32.0
21 998 32.0
21 999 32.0
21 1000 32.0
21 1001 32.0
21 1002 32.0
21 1003 32.0
21 1004 32.0
21 1005 32.0
21 1006 32.0
21 1007 32.0
21 1008 32.0
21 1009 32.0
21 1010 32.0
21 1011 32.0
21 1012 32.0
21 1013 32.0
21 1014 32.0
21 1015 32.0
21 1016 32.0
21 1017 32.0
21 1018 32.0
21 1019 32.0
21 1020 32.0
21 1021 32.0
21 1022 32.0
21 1023 32.0
21 1024 31.1
21 1025 31.1
21 1026 30.9
21 1027 30.9
21 1028 30.9
21 1029 30.9
21 1030 30.9
21 1031 30.9
21 1032 30.9
21 1033 30.9
21 1034 30.9
21 1035 30.8
21 1036 30.8
21 1037 30.8
21 1038 30.8
21 1039 30.8
22 1040 30.8
22 1041 30.8
22 1042 30.8
22 1043 30.8
22 1044 30.8
22 1045 30.8
22 1046 30.8
22 1047 30.8
22 1048 30.8
22 1049 30.8
22 1050 29.7
22 1051 29.7
22 1052 29.7
22 1053 29.6
22 1054 29.6
22 1055 29.6
22 1056 29.6
22 1057 29.6
22 1058 29.6
22 1059 29.5
22 1060 29.5
22 1061 29.5
22 1062 29.5
22 1063 29.5
22 1064 29.5
22 1065 29.5
22 1066 29.5
22 1067 29.5
22 1068 29.5
22 1069 29.5
22 1070 29.5
22 1071 29.5
22 1072 29.5
22 1073 29.5
22 1074 29.5
22 1075 29.5
22 1076 29.5
22 1077 29.5
22 1078 29.5
22 1079 29.5
22 1080 29.5
22 1081 29.5
22 1082 29.5
22 1083 29.5
22 1084 29.5
22 1085 29.5
22 1086 29.5
22 1087 29.5
22 1088 29.5
23 1089 29.5
23 1090 29.5
23 1091 29.5
23 1092 29.5
23 1093 29.5
23 1094 29.5
23 1095 29.5
23 1096 29.5
23 1097 29.5
23 1098 29.5
23 1099 29.5
23 1100 29.5
23 1101 29.5
23 1102 29.5
23 1103 29.5
23 1104 29.5
23 1105 29.5
23 1106 29.5
23 1107 29.5
23 1108 29.5
23 1109 29.5
23 1110 29.5
23 1111 29.5
23 1112 29.5
23 1113 29.5
23 1114 29.5
23 1115 29.5
23 1116 29.5
23 1117 29.5
23 1118 29.5
23 1119 29.4
23 1120 29.4
23 1121 29.4
23 1122 29.4
23 1123 29.3
23 1124 29.3
23 1125 29.3
23 1126 29.3
23 1127 29.3
23 1128 29.2
23 1129 29.2
23 1130 29.2
23 1131 29.2
23 1132 29.2
23 1133 29.2
23 1134 29.2
23 1135 29.2
23 1136 29.2
23 1137 29.2
23 1138 29.2
23 1139 29.2
24 1140 29.2
24 1141 29.2
24 1142 29.2
24 1143 29.2
24 1144 29.2
24 1145 29.2
24 1146 29.2
24 1147 29.2
24 1148 29.2
24 1149 29.2
24 1150 29.2
24 1151 29.2
24 1152 29.2
24 1153 29.2
24 1154 29.2
24 1155 29.2
24 1156 29.2
24 1157 29.2
24 1158 29.2
24 1159 29.2
24 1160 29.2
24 1161 29.2
24 1162 29.2
24 1163 29.2
24 1164 29.2
24 1165 29.2
24 1166 29.2
24 1167 29.2
24 1168 29.2
24 1169 29.2
24 1170 29.2
24 1171 29.2
24 1172 29.2
24 1173 29.2
24 1174 29.2
24 1175 29.2
24 1176 29.2
24 1177 29.2
24 1178 29.2
24 1179 29.2
24 1180 29.2
24 1181 29.2
24 1182 29.2
24 1183 29.2
24 1184 29.2
24 1185 29.2
24 1186 29.2
24 1187 29.2
24 1188 29.2
25 1189 29.2
25 1190 29.2
25 1191 29.2
25 1192 29.2
25 1193 29.2
25 1194 29.2
25 1195 29.2
25 1196 29.2
25 1197 29.2
25 1198 29.2
25 1199 29.2
25 1200 29.2
25 1201 29.2
25 1202 29.2
25 1203 29.2
25 1204 29.2
25 1205 29.2
25 1206 29.2
25 1207 29.2
25 1208 29.2
25 1209 29.2
25 1210 29.2
25 1211 29.2
25 1212 29.2
25 1213 29.2
25 1214 29.2
25 1215 29.2
25 1216 29.2
25 1217 29.2
25 1218 29.2
25 1219 29.2
25 1220 29.2
25 1221 29.2
25 1222 29.2
25 1223 29.2
25 1224 29.2
25 1225 29.2
25 1226 29.2
25 1227 29.2
25 1228 29.2
25 1229 29.2
25 1230 29.2
25 1231 29.2
25 1232 29.2
25 1233 29.2
25 1234 29.2
25 1235 29.2
25 1236 29.2
25 1237 29.2
25 1238 29.2
25 1239 29.2
26 1240 29.2
26 1241 29.2
26 1242 29.2
26 1243 29.2
26 1244 29.2
26 1245 29.2
26 1246 29.2
26 1247 29.2
26 1248 29.2
26 1249 29.2
26 1250 29.2
26 1251 29.2
26 1252 29.2
26 1253 29.2
26 1254 29.2
26 1255 29.2
26 1256 29.2
26 1257 29.2
26 1258 29.2
26 1259 29.2
26 1260 29.2
26 1261 29.2
26 1262 29.2
26 1263 29.2
26 1264 29.2
26 1265 29.2
26 1266 29.2
26 1267 29.2
26 1268 29.2
26 1269 29.2
26 1270 29.2
26 1271 29.2
26 1272 29.2
26 1273 29.2
26 1274 29.2
26 1275 29.2
26 1276 29.2
26 1277 29.2
26 1278 29.2
26 1279 29.2
26 1280 29.2
26 1281 29.2
26 1282 29.2
26 1283 29.2
26 1284 29.2
26 1285 29.2
26 1286 29.2
26 1287 29.2
26 1288 29.2
27 1289 29.2
27 1290 29.2
27 1291 29.2
27 1292 29.2
27 1293 29.2
27 1294 29.2
27 1295 29.2
27 1296 29.2
27 1297 29.2
27 1298 29.2
27 1299 29.2
27 1300 29.2
27 1301 29.2
27 1302 29.2
27 1303 29.2
27 1304 29.2
27 1305 29.2
27 1306 29.2
27 1307 29.2
27 1308 29.2
27 1309 29.2
27 1310 29.2
27 1311 29.2
27 1312 29.2
27 1313 29.2
27 1314 29.2
27 1315 29.2
27 1316 29.2
27 1317 29.2
27 1318 29.2
27 1319 29.2
27 1320 29.2
27 1321 29.2
27 1322 29.2
27 1323 29.2
27 1324 29.2
27 1325 29.2
27 1326 29.2
27 1327 29.2
27 1328 29.2
27 1329 29.2
27 1330 29.2
27 1331 29.2
27 1332 29.2
27 1333 29.2
27 1334 29.2
27 1335 29.2
27 1336 29.2
27 1337 29.2
27 1338 29.0
28 1339 29.0
28 1340 29.0
28 1341 29.0
28 1342 29.0
28 1343 29.0
28 1344 29.0
28 1345 29.0
28 1346 29.0
28 1347 29.0
28 1348 29.0
28 1349 29.0
28 1350 29.0
28 1351 29.0
28 1352 29.0
28 1353 29.0
28 1354 29.0
28 1355 29.0
28 1356 29.0
28 1357 29.0
28 1358 29.0
28 1359 29.0
28 1360 28.9
28 1361 28.9
28 1362 28.9
28 1363 28.9
28 1364 28.9
28 1365 28.9
28 1366 28.9
28 1367 28.9
28 1368 28.9
28 1369 28.9
28 1370 28.8
28 1371 28.8
28 1372 28.8
28 1373 28.8
28 1374 28.8
28 1375 28.8
28 1376 28.8
28 1377 28.8
28 1378 28.8
28 1379 28.8
28 1380 28.8
28 1381 28.8
28 1382 28.8
28 1383 28.8
28 1384 28.8
28 1385 28.8
28 1386 28.8
28 1387 28.8
28 1388 28.8
29 1389 28.8
29 1390 28.8
29 1391 28.8
29 1392 28.8
29 1393 28.8
29 1394 28.8
29 1395 28.8
29 1396 28.8
29 1397 28.8
29 1398 28.8
29 1399 28.8
29 1400 28.8
29 1401 28.8
29 1402 28.8
29 1403 28.8
29 1404 28.8
29 1405 28.8
29 1406 28.8
29 1407 28.8
29 1408 28.8
29 1409 28.8
29 1410 28.8
29 1411 28.8
29 1412 28.8
29 1413 28.8
29 1414 28.8
29 1415 28.8
29 1416 28.8
29 1417 28.8
29 1418 28.8
29 1419 28.8
29 1420 28.8
29 1421 28.8
29 1422 28.8
29 1423 28.8
29 1424 28.8
29 1425 28.8
29 1426 28.8
29 1427 28.8
29 1428 28.8
29 1429 28.8
29 1430 28.8
29 1431 28.8
29 1432 28.8
29 1433 28.8
29 1434 28.8
29 1435 28.8
29 1436 28.8
29 1437 28.8
29 1438 28.8
30 1439 28.8
30 1440 28.8
30 1441 28.8
30 1442 28.8
30 1443 28.8
30 1444 28.8
30 1445 28.8
30 1446 28.8
30 1447 28.8
30 1448 28.8
30 1449 28.8
30 1450 28.8
30 1451 28.8
30 1452 28.8
30 1453 28.8
30 1454 28.8
30 1455 28.8
30 1456 28.8
30 1457 28.8
30 1458 28.8
30 1459 28.8
30 1460 28.8
30 1461 28.8
30 1462 28.8
30 1463 28.8
30 1464 28.8
30 1465 28.8
30 1466 28.8
30 1467 28.8
30 1468 28.8
30 1469 28.8
30 1470 28.8
30 1471 28.8
30 1472 28.8
30 1473 28.8
30 1474 28.8
30 1475 28.8
30 1476 28.8
30 1477 28.8
30 1478 28.8
30 1479 28.8
30 1480 28.8
30 1481 28.8
30 1482 28.8
30 1483 28.8
30 1484 28.8
30 1485 28.8
30 1486 28.8
30 1487 28.8
30 1488 28.8
30 1489 28.8
31 1490 28.8
31 1491 28.8
31 1492 28.8
31 1493 28.8
31 1494 28.8
31 1495 28.8
31 1496 28.8
31 1497 28.8
31 1498 28.8
31 1499 28.8
31 1500 28.8
31 1501 28.8
31 1502 28.8
31 1503 28.8
31 1504 28.8
31 1505 28.8
31 1506 28.8
31 1507 28.8
31 1508 28.8
31 1509 28.8
31 1510 28.8
31 1511 28.8
31 1512 28.8
31 1513 28.8
31 1514 28.8
31 1515 28.8
31 1516 28.8
31 1517 28.8
31 1518 28.8
31 1519 28.8
31 1520 28.8
31 1521 28.8
31 1522 28.8
31 1523 28.8
31 1524 28.8
31 1525 28.8
31 1526 28.8
31 1527 28.8
31 1528 28.8
31 1529 28.8
31 1530 28.8
31 1531 28.8
31 1532 28.8
31 1533 28.8
31 1534 28.8
31 1535 28.8
31 1536 28.8
31 1537 28.8
31 1538 28.8
31 1539 28.8
31 1540 28.8
31 1541 28.8
32 1542 28.8
32 1543 28.8
32 1544 28.8
32 1545 28.8
32 1546 28.8
32 1547 28.8
32 1548 28.8
32 1549 28.8
32 1550 28.8
32 1551 28.8
32 1552 28.8
32 1553 28.8
32 1554 28.8
32 1555 28.8
32 1556 28.8
32 1557 28.8
32 1558 28.8
32 1559 28.8
32 1560 28.8
32 1561 28.8
32 1562 28.8
32 1563 28.8
32 1564 28.8
32 1565 28.8
32 1566 28.8
32 1567 28.8
32 1568 28.8
32 1569 28.8
32 1570 28.8
32 1571 28.8
32 1572 28.8
32 1573 28.8
32 1574 28.8
32 1575 28.8
32 1576 28.8
32 1577 28.8
32 1578 28.8
32 1579 28.8
32 1580 28.8
32 1581 28.8
32 1582 28.8
32 1583 28.8
32 1584 28.8
32 1585 28.8
32 1586 28.8
32 1587 28.8
32 1588 28.8
32 1589 28.8
33 1590 28.8
33 1591 28.8
33 1592 28.8
33 1593 28.8
33 1594 28.8
33 1595 28.8
33 1596 28.8
33 1597 28.8
33 1598 28.8
33 1599 28.8
33 1600 28.8
33 1601 28.8
33 1602 28.8
33 1603 28.8
33 1604 28.8
33 1605 28.8
33 1606 28.8
33 1607 28.8
33 1608 28.8
33 1609 28.8
33 1610 28.8
33 1611 28.8
33 1612 28.8
33 1613 28.8
33 1614 28.8
33 1615 28.8
33 1616 28.8
33 1617 28.8
33 1618 28.8
33 1619 28.8
33 1620 28.8
33 1621 28.8
33 1622 28.8
33 1623 28.8
33 1624 28.8
33 1625 28.8
33 1626 28.8
33 1627 28.8
33 1628 28.8
33 1629 28.8
33 1630 28.8
33 1631 28.8
33 1632 28.8
33 1633 28.8
33 1634 28.8
33 1635 28.8
33 1636 28.8
33 1637 28.8
33 1638 28.8
33 1639 28.8
33 1640 28.8
33 1641 28.8
34 1642 28.8
34 1643 28.8
34 1644 28.8
34 1645 28.8
34 1646 28.8
34 1647 28.8
34 1648 28.8
34 1649 28.8
34 1650 28.8
34 1651 28.8
34 1652 28.8
34 1653 28.8
34 1654 28.8
34 1655 28.8
34 1656 28.8
34 1657 28.8
34 1658 28.8
34 1659 28.8
34 1660 28.8
34 1661 28.8
34 1662 28.8
34 1663 28.8
34 1664 28.8
34 1665 28.8
34 1666 28.8
34 1667 28.8
34 1668 28.8
34 1669 28.8
34 1670 28.8
34 1671 28.8
34 1672 28.8
34 1673 28.8
34 1674 28.8
34 1675 28.8
34 1676 28.8
34 1677 28.8
34 1678 28.8
34 1679 28.8
34 1680 28.8
34 1681 28.8
34 1682 28.8
34 1683 28.8
34 1684 28.8
34 1685 28.8
34 1686 28.8
34 1687 28.8
34 1688 28.8
34 1689 28.8
34 1690 28.8
34 1691 28.8
34 1692 28.8
34 1693 28.8
35 1694 28.8
35 1695 28.8
35 1696 28.8
35 1697 28.8
35 1698 28.8
35 1699 28.8
35 1700 28.8
35 1701 28.4
35 1702 28.4
35 1703 28.4
35 1704 27.7
35 1705 27.7
35 1706 27.7
35 1707 27.7
35 1708 27.7
35 1709 27.7
35 1710 27.7
35 1711 27.7
35 1712 27.6
35 1713 27.6
35 1714 27.6
35 1715 27.6
35 1716 27.6
35 1717 27.6
35 1718 27.6
35 1719 27.6
35 1720 27.6
35 1721 27.6
35 1722 27.6
35 1723 27.6
35 1724 27.6
35 1725 27.6
35 1726 27.6
35 1727 27.6
35 1728 27.6
35 1729 27.6
35 1730 27.6
35 1731 27.6
35 1732 27.6
35 1733 27.6
35 1734 27.6
35 1735 27.6
35 1736 27.6
35 1737 27.6
35 1738 27.6
35 1739 27.6
35 1740 27.6
35 1741 27.6
35 1742 27.6
35 1743 27.6
35 1744 27.6
36 1745 27.6
36 1746 27.6
36 1747 27.6
36 1748 27.6
36 1749 27.6
36 1750 27.6
36 1751 27.6
36 1752 27.6
36 1753 27.6
36 1754 27.6
36 1755 27.6
36 1756 27.6
36 1757 27.6
36 1758 27.6
36 1759 27.6
36 1760 27.6
36 1761 27.6
36 1762 27.6
36 1763 27.6
36 1764 27.6
36 1765 27.6
36 1766 27.6
36 1767 27.6
36 1768 27.6
36 1769 27.6
36 1770 27.6
36 1771 27.6
36 1772 27.6
36 1773 27.6
36 1774 27.6
36 1775 27.6
36 1776 27.6
36 1777 27.6
36 1778 27.6
36 1779 27.6
36 1780 27.6
36 1781 27.6
36 1782 27.6
36 1783 27.6
36 1784 27.6
36 1785 27.6
36 1786 27.6
36 1787 27.6
36 1788 27.6
36 1789 27.6
36 1790 27.6
36 1791 27.6
36 1792 27.6
36 1793 27.6
36 1794 27.6
37 1795 27.2
37 1796 27.2
37 1797 26.1
37 1798 26.1
37 1799 26.1
37 1800 26.1
37 1801 26.1
37 1802 26.1
37 1803 26.1
37 1804 26.1
37 1805 26.1
37 1806 26.1
37 1807 26.1
37 1808 26.1
37 1809 26.1
37 1810 26.0
37 1811 26.0
37 1812 26.0
37 1813 26.0
37 1814 26.0
37 1815 26.0
37 1816 26.0
37 1817 26.0
37 1818 26.0
37 1819 26.0
37 1820 26.0
37 1821 26.0
37 1822 26.0
37 1823 26.0
37 1824 26.0
37 1825 26.0
37 1826 26.0
37 1827 26.0
37 1828 26.0
37 1829 26.0
37 1830 26.0
37 1831 26.0
37 1832 26.0
37 1833 26.0
37 1834 26.0
37 1835 26.0
37 1836 26.0
37 1837 26.0
37 1838 26.0
37 1839 26.0
37 1840 26.0
37 1841 26.0
37 1842 26.0
37 1843 26.0
37 1844 26.0
37 1845 26.0
37 1846 26.0
37 1847 26.0
38 1848 26.0
38 1849 26.0
38 1850 26.0
38 1851 26.0
38 1852 26.0
38 1853 26.0
38 1854 26.0
38 1855 26.0
38 1856 26.0
38 1857 26.0
38 1858 26.0
38 1859 26.0
38 1860 26.0
38 1861 26.0
38 1862 26.0
38 1863 26.0
38 1864 26.0
38 1865 26.0
38 1866 26.0
38 1867 26.0
38 1868 26.0
38 1869 26.0
38 1870 26.0
38 1871 26.0
38 1872 26.0
38 1873 26.0
38 1874 26.0
38 1875 26.0
38 1876 26.0
38 1877 26.0
38 1878 26.0
38 1879 26.0
38 1880 26.0
38 1881 26.0
38 1882 26.0
38 1883 26.0
38 1884 26.0
38 1885 26.0
38 1886 26.0
38 1887 26.0
38 1888 26.0
38 1889 26.0
38 1890 26.0
38 1891 26.0
38 1892 26.0
38 1893 26.0
38 1894 26.0
38 1895 26.0
38 1896 26.0
38 1897 26.0
39 1898 26.0
39 1899 26.0
39 1900 26.0
39 1901 26.0
39 1902 26.0
39 1903 26.0
39 1904 26.0
39 1905 26.0
39 1906 26.0
39 1907 26.0
39 1908 26.0
39 1909 26.0
39 1910 26.0
39 1911 26.0
39 1912 26.0
39 1913 26.0
39 1914 26.0
39 1915 26.0
39 1916 26.0
39 1917 26.0
39 1918 26.0
39 1919 26.0
39 1920 26.0
39 1921 26.0
39 1922 26.0
39 1923 26.0
39 1924 26.0
39 1925 26.0
39 1926 26.0
39 1927 26.0
39 1928 26.0
39 1929 26.0
39 1930 26.0
39 1931 26.0
39 1932 26.0
39 1933 26.0
39 1934 26.0
39 1935 26.0
39 1936 26.0
39 1937 26.0
39 1938 26.0
39 1939 26.0
39 1940 26.0
39 1941 26.0
39 1942 26.0
39 1943 26.0
39 1944 26.0
39 1945 26.0
39 1946 26.0
40 1947 26.0
40 1948 26.0
40 1949 26.0
40 1950 26.0
40 1951 26.0
40 1952 26.0
40 1953 26.0
40 1954 26.0
40 1955 26.0
40 1956 26.0
40 1957 26.0
40 1958 26.0
40 1959 26.0
40 1960 26.0
40 1961 26.0
40 1962 26.0
40 1963 26.0
40 1964 26.0
40 1965 26.0
40 1966 26.0
40 1967 26.0
40 1968 26.0
40 1969 26.0
40 1970 26.0
40 1971 26.0
40 1972 26.0
40 1973 26.0
40 1974 26.0
40 1975 26.0
40 1976 26.0
40 1977 26.0
40 1978 26.0
40 1979 26.0
40 1980 26.0
40 1981 26.0
40 1982 26.0
40 1983 26.0
40 1984 26.0
40 1985 26.0
40 1986 26.0
40 1987 26.0
40 1988 26.0
40 1989 26.0
40 1990 26.0
40 1991 26.0
40 1992 26.0
40 1993 26.0
40 1994 26.0
40 1995 26.0
40 1996 26.0
41 1997 26.0
41 1998 26.0
41 1999 26.0
41 2000 26.0
41 2001 26.0
41 2002 26.0
41 2003 26.0
41 2004 26.0
41 2005 26.0
41 2006 26.0
41 2007 26.0
41 2008 26.0
41 2009 26.0
41 2010 26.0
41 2011 26.0
41 2012 26.0
41 2013 26.0
41 2014 26.0
41 2015 26.0
41 2016 26.0
41 2017 26.0
41 2018 26.0
41 2019 26.0
41 2020 26.0
41 2021 26.0
41 2022 26.0
41 2023 26.0
41 2024 26.0
41 2025 26.0
41 2026 26.0
41 2027 26.0
41 2028 26.0
41 2029 26.0
41 2030 26.0
41 2031 26.0
41 2032 26.0
41 2033 26.0
41 2034 26.0
41 2035 26.0
41 2036 26.0
41 2037 26.0
41 2038 26.0
41 2039 26.0
41 2040 26.0
41 2041 26.0
41 2042 26.0
41 2043 26.0
41 2044 26.0
41 2045 26.0
41 2046 26.0
41 2047 26.0
42 2048 26.0
42 2049 26.0
42 2050 26.0
42 2051 26.0
42 2052 26.0
42 2053 26.0
42 2054 26.0
42 2055 26.0
42 2056 26.0
42 2057 26.0
42 2058 26.0
42 2059 26.0
42 2060 26.0
42 2061 26.0
42 2062 26.0
42 2063 26.0
42 2064 26.0
42 2065 26.0
42 2066 26.0
42 2067 26.0
42 2068 26.0
42 2069 26.0
42 2070 26.0
42 2071 26.0
42 2072 26.0
42 2073 26.0
42 2074 26.0
42 2075 26.0
42 2076 26.0
42 2077 26.0
42 2078 26.0
42 2079 26.0
42 2080 26.0
42 2081 26.0
42 2082 26.0
42 2083 26.0
42 2084 26.0
42 2085 26.0
42 2086 26.0
42 2087 26.0
42 2088 26.0
42 2089 26.0
42 2090 26.0
42 2091 26.0
42 2092 26.0
42 2093 26.0
42 2094 26.0
42 2095 26.0
42 2096 26.0
42 2097 26.0
42 2098 26.0
42 2099 26.0
43 2100 26.0
43 2101 26.0
43 2102 26.0
43 2103 26.0
43 2104 26.0
43 2105 26.0
43 2106 26.0
43 2107 26.0
43 2108 26.0
43 2109 26.0
43 2110 26.0
43 2111 26.0
43 2112 26.0
43 2113 26.0
43 2114 26.0
43 2115 26.0
43 2116 26.0
43 2117 26.0
43 2118 26.0
43 2119 26.0
43 2120 26.0
43 2121 26.0
43 2122 26.0
43 2123 26.0
43 2124 26.0
43 2125 26.0
43 2126 26.0
43 2127 26.0
43 2128 26.0
43 2129 26.0
43 2130 26.0
43 2131 26.0
43 2132 26.0
43 2133 26.0
43 2134 26.0
43 2135 26.0
43 2136 26.0
43 2137 26.0
43 2138 26.0
43 2139 26.0
43 2140 26.0
43 2141 26.0
43 2142 26.0
43 2143 26.0
43 2144 26.0
43 2145 26.0
43 2146 26.0
43 2147 26.0
43 2148 26.0
43 2149 26.0
44 2150 26.0
44 2151 26.0
44 2152 26.0
44 2153 26.0
44 2154 26.0
44 2155 26.0
44 2156 26.0
44 2157 26.0
44 2158 26.0
44 2159 26.0
44 2160 26.0
44 2161 26.0
44 2162 26.0
44 2163 26.0
44 2164 26.0
44 2165 26.0
44 2166 26.0
44 2167 26.0
44 2168 26.0
44 2169 26.0
44 2170 26.0
44 2171 26.0
44 2172 26.0
44 2173 26.0
44 2174 26.0
44 2175 26.0
44 2176 26.0
44 2177 26.0
44 2178 26.0
44 2179 26.0
44 2180 26.0
44 2181 26.0
44 2182 26.0
44 2183 26.0
44 2184 26.0
44 2185 26.0
44 2186 26.0
44 2187 26.0
44 2188 26.0
44 2189 26.0
44 2190 26.0
44 2191 26.0
44 2192 26.0
44 2193 26.0
44 2194 26.0
44 2195 26.0
44 2196 26.0
44 2197 26.0
44 2198 26.0
44 2199 26.0
44 2200 26.0
44 2201 26.0
45 2202 26.0
45 2203 26.0
45 2204 26.0
45 2205 26.0
45 2206 26.0
45 2207 26.0
45 2208 26.0
45 2209 26.0
45 2210 26.0
45 2211 26.0
45 2212 26.0
45 2213 26.0
45 2214 26.0
45 2215 26.0
45 2216 26.0
45 2217 26.0
45 2218 26.0
45 2219 26.0
45 2220 26.0
45 2221 26.0
45 2222 26.0
45 2223 26.0
45 2224 26.0
45 2225 26.0
45 2226 26.0
45 2227 26.0
45 2228 26.0
45 2229 26.0
45 2230 26.0
45 2231 26.0
45 2232 26.0
45 2233 26.0
45 2234 26.0
45 2235 26.0
45 2236 26.0
45 2237 26.0
45 2238 26.0
45 2239 26.0
45 2240 26.0
45 2241 26.0
45 2242 26.0
45 2243 26.0
45 2244 26.0
45 2245 26.0
45 2246 26.0
45 2247 26.0
45 2248 26.0
45 2249 26.0
45 2250 26.0
45 2251 26.0
45 2252 26.0
46 2253 26.0
46 2254 26.0
46 2255 26.0
46 2256 26.0
46 2257 26.0
46 2258 26.0
46 2259 26.0
46 2260 26.0
46 2261 26.0
46 2262 26.0
46 2263 26.0
46 2264 26.0
46 2265 26.0
46 2266 26.0
46 2267 26.0
46 2268 26.0
46 2269 26.0
46 2270 26.0
46 2271 26.0
46 2272 26.0
46 2273 26.0
46 2274 26.0
46 2275 26.0
46 2276 26.0
46 2277 26.0
46 2278 26.0
46 2279 26.0
46 2280 26.0
46 2281 26.0
46 2282 26.0
46 2283 26.0
46 2284 26.0
46 2285 26.0
46 2286 26.0
46 2287 26.0
46 2288 26.0
46 2289 26.0
46 2290 26.0
46 2291 26.0
46 2292 26.0
46 2293 26.0
46 2294 26.0
46 2295 26.0
46 2296 26.0
46 2297 26.0
46 2298 26.0
46 2299 26.0
46 2300 26.0
46 2301 26.0
46 2302 26.0
46 2303 26.0
46 2304 26.0
46 2305 26.0
47 2306 26.0
47 2307 26.0
47 2308 26.0
47 2309 26.0
47 2310 26.0
47 2311 26.0
47 2312 26.0
47 2313 26.0
47 2314 26.0
47 2315 26.0
47 2316 26.0
47 2317 26.0
47 2318 26.0
47 2319 26.0
47 2320 26.0
47 2321 26.0
47 2322 26.0
47 2323 26.0
47 2324 26.0
47 2325 26.0
47 2326 26.0
47 2327 26.0
47 2328 26.0
47 2329 26.0
47 2330 26.0
47 2331 26.0
47 2332 26.0
47 2333 26.0
47 2334 26.0
47 2335 26.0
47 2336 26.0
47 2337 26.0
47 2338 26.0
47 2339 26.0
47 2340 26.0
47 2341 26.0
47 2342 26.0
47 2343 26.0
47 2344 26.0
47 2345 26.0
47 2346 26.0
47 2347 26.0
47 2348 26.0
47 2349 26.0
47 2350 26.0
47 2351 26.0
47 2352 26.0
47 2353 26.0
47 2354 26.0
47 2355 26.0
47 2356 26.0
48 2357 26.0
48 2358 26.0
48 2359 26.0
48 2360 26.0
48 2361 26.0
48 2362 25.8
48 2363 25.8
48 2364 25.8
48 2365 25.8
48 2366 25.8
48 2367 25.8
48 2368 25.8
48 2369 25.8
48 2370 25.8
48 2371 25.8
48 2372 25.8
48 2373 25.8
48 2374 25.8
48 2375 25.8
48 2376 25.8
48 2377 25.8
48 2378 25.8
48 2379 25.8
48 2380 25.8
48 2381 25.8
48 2382 25.8
48 2383 25.8
48 2384 25.8
48 2385 25.8
48 2386 25.8
48 2387 25.8
48 2388 25.8
48 2389 25.8
48 2390 25.8
48 2391 25.8
48 2392 25.8
48 2393 25.8
48 2394 25.8
48 2395 25.8
48 2396 25.8
48 2397 25.8
48 2398 25.8
48 2399 25.8
48 2400 25.8
48 2401 25.8
48 2402 25.7
48 2403 25.7
48 2404 25.7
48 2405 25.7
48 2406 25.7
48 2407 25.7
49 2408 25.7
49 2409 25.7
49 2410 25.7
49 2411 25.7
49 2412 25.7
49 2413 25.7
49 2414 25.7
49 2415 25.7
49 2416 25.7
49 2417 25.7
49 2418 25.7
49 2419 25.7
49 2420 25.7
49 2421 25.7
49 2422 25.7
49 2423 25.7
49 2424 25.7
49 2425 25.7
49 2426 25.7
49 2427 25.7
49 2428 25.7
49 2429 25.7
49 2430 25.7
49 2431 25.7
49 2432 25.7
49 2433 25.7
49 2434 25.7
49 2435 25.7
49 2436 25.7
49 2437 25.7
49 2438 25.7
49 2439 25.7
49 2440 25.7
49 2441 25.7
49 2442 25.7
49 2443 25.7
49 2444 25.7
49 2445 25.7
49 2446 25.7
49 2447 25.7
49 2448 25.7
49 2449 25.7
49 2450 25.7
49 2451 25.7
49 2452 25.7
49 2453 25.7
49 2454 25.7
49 2455 25.7
49 2456 25.7
49 2457 25.7
50 2458 25.7
50 2459 25.7
50 2460 25.7
50 2461 25.7
50 2462 25.7
50 2463 25.7
50 2464 25.7
50 2465 25.7
50 2466 25.7
50 2467 25.7
50 2468 25.7
50 2469 25.7
50 2470 25.7
50 2471 25.7
50 2472 25.7
50 2473 25.7
50 2474 25.7
50 2475 25.7
50 2476 25.7
50 2477 25.7
50 2478 25.7
50 2479 25.7
50 2480 25.7
50 2481 25.7
50 2482 25.7
50 2483 25.7
50 2484 25.7
50 2485 25.7
50 2486 25.7
50 2487 25.7
50 2488 25.7
50 2489 25.7
50 2490 25.7
50 2491 25.6
50 2492 25.6
50 2493 25.6
50 2494 25.6
50 2495 25.6
50 2496 25.6
50 2497 25.6
50 2498 25.6
50 2499 25.6
50 2500 25.6
50 2501 25.6
50 2502 25.6
50 2503 25.6
50 2504 25.6
50 2505 25.6
50 2506 25.6
50 2507 25.6
51 2508 25.6
51 2509 25.6
51 2510 25.6
51 2511 25.6
51 2512 25.6
51 2513 25.6
51 2514 25.6
51 2515 25.6
51 2516 25.6
51 2517 25.6
51 2518 25.6
51 2519 25.6
51 2520 25.6
51 2521 25.6
51 2522 25.6
51 2523 25.6
51 2524 25.6
51 2525 25.6
51 2526 25.6
51 2527 25.6
51 2528 25.6
51 2529 25.6
51 2530 25.6
51 2531 25.6
51 2532 25.6
51 2533 25.6
51 2534 25.6
51 2535 25.6
51 2536 25.6
51 2537 25.6
51 2538 25.6
51 2539 25.6
51 2540 25.6
51 2541 25.6
51 2542 25.6
51 2543 25.6
51 2544 25.6
51 2545 25.6
51 2546 25.6
51 2547 25.6
51 2548 25.6
51 2549 25.6
51 2550 25.6
51 2551 25.6
51 2552 25.6
51 2553 25.6
51 2554 25.6
51 2555 25.6
51 2556 25.6
51 2557 25.6
51 2558 25.6
51 2559 25.6
52 2560 25.6
52 2561 25.6
52 2562 25.6
52 2563 25.6
52 2564 25.6
52 2565 25.6
52 2566 25.6
52 2567 25.6
52 2568 25.6
52 2569 25.6
52 2570 25.6
52 2571 25.6
52 2572 25.6
52 2573 25.6
52 2574 25.6
52 2575 25.6
52 2576 25.6
52 2577 25.6
52 2578 25.6
52 2579 25.6
52 2580 25.6
52 2581 25.6
52 2582 25.6
52 2583 25.6
52 2584 25.6
52 2585 25.6
52 2586 25.6
52 2587 25.6
52 2588 25.6
52 2589 25.6
52 2590 25.6
52 2591 25.6
52 2592 25.6
52 2593 25.6
52 2594 25.6
52 2595 25.6
52 2596 25.6
52 2597 25.6
52 2598 25.6
52 2599 25.6
52 2600 25.6
52 2601 25.6
52 2602 25.6
52 2603 25.6
52 2604 25.6
52 2605 25.6
52 2606 25.6
52 2607 25.6
52 2608 25.6
52 2609 25.6
52 2610 25.6
52 2611 25.6
52 2612 25.6
53 2613 25.6
53 2614 25.6
53 2615 25.6
53 2616 25.6
53 2617 25.6
53 2618 25.6
53 2619 25.6
53 2620 25.6
53 2621 25.6
53 2622 25.6
53 2623 25.6
53 2624 25.6
53 2625 25.6
53 2626 25.6
53 2627 25.6
53 2628 25.6
53 2629 25.6
53 2630 25.6
53 2631 25.6
53 2632 25.6
53 2633 25.6
53 2634 25.6
53 2635 25.6
53 2636 25.6
53 2637 25.6
53 2638 25.6
53 2639 25.6
53 2640 25.6
53 2641 25.6
53 2642 25.6
53 2643 25.6
53 2644 25.6
53 2645 25.6
53 2646 25.6
53 2647 25.6
53 2648 25.6
53 2649 25.6
53 2650 25.6
53 2651 25.6
53 2652 25.6
53 2653 25.6
53 2654 25.6
53 2655 25.6
53 2656 25.6
53 2657 25.6
53 2658 25.6
53 2659 25.6
53 2660 25.6
53 2661 25.6
53 2662 25.6
53 2663 25.6
53 2664 25.6
54 2665 25.6
54 2666 25.6
54 2667 25.6
54 2668 25.6
54 2669 25.6
54 2670 25.6
54 2671 25.6
54 2672 25.6
54 2673 25.6
54 2674 25.6
54 2675 25.6
54 2676 25.6
54 2677 25.6
54 2678 25.6
54 2679 25.6
54 2680 25.6
54 2681 25.6
54 2682 25.6
54 2683 25.6
54 2684 25.6
54 2685 25.6
54 2686 25.6
54 2687 25.6
54 2688 25.6
54 2689 25.6
54 2690 25.6
54 2691 25.6
54 2692 25.6
54 2693 25.6
54 2694 25.6
54 2695 25.6
54 2696 25.6
54 2697 25.6
54 2698 25.6
54 2699 25.6
54 2700 25.6
54 2701 25.6
54 2702 25.6
54 2703 25.6
54 2704 25.6
54 2705 25.6
54 2706 25.6
54 2707 25.6
54 2708 25.6
54 2709 25.6
54 2710 25.6
54 2711 25.6
54 2712 25.6
54 2713 25.6
54 2714 25.6
54 2715 25.6
55 2716 25.6
55 2717 25.6
55 2718 25.6
55 2719 25.6
55 2720 25.6
55 2721 25.6
55 2722 25.6
55 2723 25.6
55 2724 25.6
55 2725 25.6
55 2726 25.6
55 2727 25.6
55 2728 25.6
55 2729 25.6
55 2730 25.6
55 2731 25.6
55 2732 25.6
55 2733 25.6
55 2734 25.6
55 2735 25.6
55 2736 25.6
55 2737 25.6
55 2738 25.6
55 2739 25.6
55 2740 25.6
55 2741 25.6
55 2742 25.6
55 2743 25.6
55 2744 25.6
55 2745 25.6
55 2746 25.6
55 2747 25.6
55 2748 25.6
55 2749 25.6
55 2750 25.6
55 2751 25.6
55 2752 25.6
55 2753 25.6
55 2754 25.6
55 2755 25.6
55 2756 25.6
55 2757 25.6
55 2758 25.6
55 2759 25.6
55 2760 25.6
55 2761 25.6
55 2762 25.6
55 2763 25.6
55 2764 25.6
55 2765 25.6
55 2766 25.6
56 2767 25.6
56 2768 25.6
56 2769 25.6
56 2770 25.6
56 2771 25.6
56 2772 25.6
56 2773 25.6
56 2774 25.6
56 2775 25.6
56 2776 25.6
56 2777 25.6
56 2778 25.6
56 2779 25.6
56 2780 25.6
56 2781 25.6
56 2782 25.6
56 2783 25.6
56 2784 25.6
56 2785 25.6
56 2786 25.6
56 2787 25.6
56 2788 25.6
56 2789 25.6
56 2790 25.6
56 2791 25.6
56 2792 25.6
56 2793 25.6
56 2794 25.6
56 2795 25.6
56 2796 25.6
56 2797 25.6
56 2798 25.6
56 2799 25.6
56 2800 25.6
56 2801 25.6
56 2802 25.6
56 2803 25.6
56 2804 25.6
56 2805 25.6
56 2806 25.6
56 2807 25.6
56 2808 25.6
56 2809 25.6
56 2810 25.6
56 2811 25.6
56 2812 25.6
56 2813 25.6
56 2814 25.6
56 2815 25.6
56 2816 25.6
56 2817 25.6
56 2818 25.6
57 2819 25.6
57 2820 25.6
57 2821 25.6
57 2822 25.6
57 2823 25.6
57 2824 25.6
57 2825 25.6
57 2826 25.6
57 2827 25.6
57 2828 25.6
57 2829 25.6
57 2830 25.6
57 2831 25.6
57 2832 25.6
57 2833 25.6
57 2834 25.6
57 2835 25.6
57 2836 25.6
57 2837 25.6
57 2838 25.6
57 2839 25.6
57 2840 25.6
57 2841 25.6
57 2842 25.6
57 2843 25.6
57 2844 25.6
57 2845 25.6
57 2846 25.6
57 2847 25.6
57 2848 25.6
57 2849 25.6
57 2850 25.6
57 2851 25.6
57 2852 25.6
57 2853 25.6
57 2854 25.6
57 2855 25.6
57 2856 25.6
57 2857 25.6
57 2858 25.6
57 2859 25.6
57 2860 25.6
57 2861 25.6
57 2862 25.6
57 2863 25.6
57 2864 25.6
57 2865 25.6
57 2866 25.6
57 2867 25.6
57 2868 25.6
58 2869 25.6
58 2870 25.6
58 2871 25.6
58 2872 25.6
58 2873 25.6
58 2874 25.6
58 2875 25.6
58 2876 25.6
58 2877 25.6
58 2878 25.6
58 2879 25.6
58 2880 25.6
58 2881 25.6
58 2882 25.6
58 2883 25.6
58 2884 25.6
58 2885 25.6
58 2886 25.6
58 2887 25.6
58 2888 25.6
58 2889 25.6
58 2890 25.6
58 2891 25.6
58 2892 25.6
58 2893 25.6
58 2894 25.6
58 2895 25.6
58 2896 25.6
58 2897 25.6
58 2898 25.6
58 2899 25.6
58 2900 25.6
58 2901 25.6
58 2902 25.6
58 2903 25.6
58 2904 25.6
58 2905 25.6
58 2906 25.6
58 2907 25.6
58 2908 25.6
58 2909 25.6
58 2910 25.6
58 2911 25.6
58 2912 25.6
58 2913 25.6
58 2914 25.6
58 2915 25.6
58 2916 25.6
58 2917 25.6
59 2918 25.6
59 2919 25.6
59 2920 25.6
59 2921 25.6
59 2922 25.6
59 2923 25.6
59 2924 25.6
59 2925 25.6
59 2926 25.6
59 2927 25.6
59 2928 25.6
59 2929 25.6
59 2930 25.6
59 2931 25.6
59 2932 25.6
59 2933 25.6
59 2934 25.6
59 2935 25.6
59 2936 25.6
59 2937 25.6
59 2938 25.6
59 2939 25.6
59 2940 25.6
59 2941 25.6
59 2942 25.6
59 2943 25.6
59 2944 25.6
59 2945 25.6
59 2946 25.6
59 2947 25.6
59 2948 25.6
59 2949 25.6
59 2950 25.6
59 2951 25.6
59 2952 25.6
59 2953 25.6
59 2954 25.6
59 2955 25.6
59 2956 25.6
59 2957 25.6
59 2958 25.6
59 2959 25.6
59 2960 25.6
59 2961 25.6
59 2962 25.6
59 2963 25.6
59 2964 25.6
59 2965 25.6
59 2966 25.6
59 2967 25.6
59 2968 25.6
60 2969 25.6
60 2970 25.6
60 2971 25.6
60 2972 25.6
60 2973 25.6
60 2974 25.6
60 2975 25.6
60 2976 25.6
60 2977 25.6
60 2978 25.6
60 2979 25.6
60 2980 25.6
60 2981 25.6
60 2982 25.6
60 2983 25.6
60 2984 25.6
60 2985 25.6
60 2986 25.6
60 2987 25.6
60 2988 25.6
60 2989 25.6
60 2990 25.6
60 2991 25.6
60 2992 25.6
60 2993 25.6
60 2994 25.6
60 2995 25.6
60 2996 25.6
60 2997 25.6
60 2998 25.6
60 2999 25.6
60 3000 25.6
60 3001 25.6
60 3002 25.6
60 3003 25.6
60 3004 25.6
60 3005 25.6
60 3006 25.6
60 3007 25.6
60 3008 25.6
60 3009 25.6
60 3010 25.6
60 3011 25.6
60 3012 25.6
60 3013 25.6
60 3014 25.6
60 3015 25.6
60 3016 25.6
60 3017 25.5
60 3018 25.5
60 3019 25.5
61 3020 25.1
61 3021 25.1
61 3022 25.1
61 3023 23.9
61 3024 23.9
61 3025 23.9
61 3026 23.1
61 3027 23.1
61 3028 23.1
61 3029 23.1
61 3030 23.1
61 3031 23.1
61 3032 23.0
61 3033 22.7
61 3034 22.7
61 3035 22.7
61 3036 22.7
61 3037 22.7
61 3038 22.7
61 3039 22.0
61 3040 22.0
61 3041 22.0
61 3042 21.9
61 3043 21.9
61 3044 21.9
61 3045 21.9
61 3046 21.9
61 3047 21.9
61 3048 21.7
61 3049 21.7
61 3050 21.7
61 3051 21.7
61 3052 21.7
61 3053 21.7
61 3054 21.7
61 3055 21.7
61 3056 21.7
61 3057 21.7
61 3058 21.7
61 3059 21.7
61 3060 21.7
61 3061 21.7
61 3062 21.7
61 3063 21.7
61 3064 21.7
61 3065 21.7
61 3066 21.7
61 3067 21.7
61 3068 21.7
61 3069 21.7
61 3070 21.7
61 3071 21.7
61 3072 21.7
61 3073 21.7
62 3074 21.7
62 3075 21.7
62 3076 21.7
62 3077 21.7
62 3078 21.7
62 3079 21.7
62 3080 21.7
62 3081 21.7
62 3082 21.7
62 3083 21.7
62 3084 21.7
62 3085 21.7
62 3086 21.7
62 3087 21.7
62 3088 21.7
62 3089 21.7
62 3090 21.7
62 3091 21.7
62 3092 21.7
62 3093 21.7
62 3094 21.7
62 3095 21.7
62 3096 21.7
62 3097 21.7
62 3098 21.7
62 3099 21.7
62 3100 21.7
62 3101 21.7
62 3102 21.7
62 3103 21.7
62 3104 21.7
62 3105 21.7
62 3106 21.7
62 3107 21.7
62 3108 21.7
62 3109 21.7
62 3110 21.7
62 3111 21.7
62 3112 21.7
62 3113 21.7
62 3114 21.7
62 3115 21.7
62 3116 21.7
62 3117 21.7
62 3118 21.7
62 3119 21.7
62 3120 21.7
62 3121 21.7
62 3122 21.7
62 3123 21.7
62 3124 21.7
62 3125 21.7
63 3126 21.7
63 3127 21.7
63 3128 21.7
63 3129 21.7
63 3130 21.7
63 3131 21.7
63 3132 21.7
63 3133 21.7
63 3134 21.7
63 3135 21.7
63 3136 21.7
63 3137 21.7
63 3138 21.7
63 3139 21.7
63 3140 21.7
63 3141 21.7
63 3142 21.7
63 3143 21.7
63 3144 21.7
63 3145 21.7
63 3146 21.7
63 3147 21.7
63 3148 21.7
63 3149 21.7
63 3150 21.7
63 3151 21.7
63 3152 21.7
63 3153 21.7
63 3154 21.7
63 3155 21.7
63 3156 21.7
63 3157 21.7
63 3158 21.7
63 3159 21.7
63 3160 21.7
63 3161 21.7
63 3162 21.7
63 3163 21.7
63 3164 21.7
63 3165 21.7
63 3166 21.7
63 3167 21.7
63 3168 21.7
63 3169 21.7
63 3170 21.7
63 3171 21.7
63 3172 21.7
63 3173 21.7
63 3174 21.7
63 3175 21.7
63 3176 21.7
63 3177 21.7
63 3178 21.7
64 3179 21.7
64 3180 21.7
64 3181 21.7
64 3182 21.7
64 3183 21.7
64 3184 21.7
64 3185 21.7
64 3186 21.7
64 3187 21.7
64 3188 21.7
64 3189 21.7
64 3190 21.7
64 3191 21.7
64 3192 21.7
64 3193 21.7
64 3194 21.7
64 3195 21.7
64 3196 21.7
64 3197 21.7
64 3198 21.7
64 3199 21.7
64 3200 21.7
64 3201 21.7
64 3202 21.7
64 3203 21.7
64 3204 21.7
64 3205 21.7
64 3206 21.7
64 3207 21.7
64 3208 21.7
64 3209 21.7
64 3210 21.7
64 3211 21.7
64 3212 21.7
64 3213 21.7
64 3214 21.7
64 3215 21.7
64 3216 21.7
64 3217 21.7
64 3218 21.7
64 3219 21.7
64 3220 21.7
64 3221 21.7
64 3222 21.7
64 3223 21.7
64 3224 21.7
64 3225 21.7
64 3226 21.7
64 3227 21.7
64 3228 21.7
64 3229 21.7
64 3230 21.7
65 3231 21.7
65 3232 21.7
65 3233 21.7
65 3234 21.7
65 3235 21.7
65 3236 21.7
65 3237 21.7
65 3238 21.7
65 3239 21.7
65 3240 21.7
65 3241 21.7
65 3242 21.7
65 3243 21.7
65 3244 21.7
65 3245 21.7
65 3246 21.7
65 3247 21.7
65 3248 21.7
65 3249 21.7
65 3250 21.7
65 3251 21.7
65 3252 21.7
65 3253 21.7
65 3254 21.7
65 3255 21.7
65 3256 21.7
65 3257 21.7
65 3258 21.7
65 3259 21.7
65 3260 21.7
65 3261 21.7
65 3262 21.7
65 3263 21.7
65 3264 21.7
65 3265 21.7
65 3266 21.7
65 3267 21.7
65 3268 21.7
65 3269 21.7
65 3270 21.7
65 3271 21.7
65 3272 21.7
65 3273 21.7
65 3274 21.7
65 3275 21.7
65 3276 21.7
65 3277 21.7
65 3278 21.7
65 3279 21.7
65 3280 21.7
65 3281 21.7
66 3282 21.7
66 3283 21.7
66 3284 21.7
66 3285 21.7
66 3286 21.7
66 3287 21.7
66 3288 21.7
66 3289 21.7
66 3290 21.7
66 3291 21.7
66 3292 21.7
66 3293 21.7
66 3294 21.7
66 3295 21.7
66 3296 21.7
66 3297 21.7
66 3298 21.7
66 3299 21.7
66 3300 21.7
66 3301 21.7
66 3302 21.7
66 3303 21.7
66 3304 21.7
66 3305 21.7
66 3306 21.7
66 3307 21.7
66 3308 21.7
66 3309 21.7
66 3310 21.7
66 3311 21.7
66 3312 21.7
66 3313 21.7
66 3314 21.7
66 3315 21.7
66 3316 21.7
66 3317 21.7
66 3318 21.7
66 3319 21.7
66 3320 21.7
66 3321 21.7
66 3322 21.7
66 3323 21.7
66 3324 21.7
66 3325 21.7
66 3326 21.7
66 3327 21.7
66 3328 21.7
66 3329 21.7
66 3330 21.7
66 3331 21.7
66 3332 21.7
66 3333 21.7
66 3334 21.7
67 3335 21.7
67 3336 21.7
67 3337 21.7
67 3338 21.7
67 3339 21.7
67 3340 21.7
67 3341 21.7
67 3342 21.7
67 3343 21.7
67 3344 21.7
67 3345 21.7
67 3346 21.7
67 3347 21.7
67 3348 21.7
67 3349 21.7
67 3350 21.7
67 3351 21.7
67 3352 21.7
67 3353 21.7
67 3354 21.6
67 3355 21.6
67 3356 21.6
67 3357 21.6
67 3358 21.6
67 3359 21.6
67 3360 21.6
67 3361 21.6
67 3362 21.6
67 3363 21.6
67 3364 21.6
67 3365 21.6
67 3366 21.6
67 3367 21.6
67 3368 21.6
67 3369 21.6
67 3370 21.6
67 3371 21.6
67 3372 21.6
67 3373 21.6
67 3374 21.6
67 3375 21.6
67 3376 21.6
67 3377 21.6
67 3378 21.6
67 3379 21.6
67 3380 21.6
67 3381 21.6
67 3382 21.4
67 3383 21.4
67 3384 21.4
67 3385 21.3
67 3386 21.2
67 3387 21.2
67 3388 21.2
67 3389 21.2
68 3390 21.2
68 3391 21.2
68 3392 21.2
68 3393 21.2
68 3394 21.2
68 3395 21.2
68 3396 21.2
68 3397 21.2
68 3398 21.2
68 3399 21.2
68 3400 21.2
68 3401 21.2
68 3402 21.2
68 3403 21.2
68 3404 21.2
68 3405 21.2
68 3406 21.2
68 3407 21.2
68 3408 21.2
68 3409 21.2
68 3410 21.2
68 3411 21.2
68 3412 21.2
68 3413 21.2
68 3414 21.2
68 3415 21.2
68 3416 21.2
68 3417 21.2
68 3418 21.2
68 3419 21.2
68 3420 21.2
68 3421 21.2
68 3422 21.2
68 3423 21.2
68 3424 21.2
68 3425 21.2
68 3426 21.2
68 3427 21.2
68 3428 21.2
68 3429 21.2
68 3430 21.2
68 3431 21.2
68 3432 21.2
68 3433 21.2
68 3434 21.2
68 3435 21.2
68 3436 21.2
68 3437 21.2
68 3438 21.2
68 3439 21.2
69 3440 21.2
69 3441 21.2
69 3442 21.2
69 3443 21.2
69 3444 21.2
69 3445 21.2
69 3446 21.2
69 3447 21.2
69 3448 21.2
69 3449 21.2
69 3450 21.2
69 3451 21.2
69 3452 21.2
69 3453 21.2
69 3454 21.2
69 3455 21.2
69 3456 21.2
69 3457 21.2
69 3458 21.2
69 3459 21.2
69 3460 21.2
69 3461 21.2
69 3462 21.2
69 3463 21.2
69 3464 21.2
69 3465 21.2
69 3466 21.2
69 3467 21.2
69 3468 21.2
69 3469 21.2
69 3470 21.2
69 3471 21.2
69 3472 21.2
69 3473 21.2
69 3474 21.2
69 3475 21.2
69 3476 21.2
69 3477 21.2
69 3478 21.2
69 3479 21.2
69 3480 21.2
69 3481 21.2
69 3482 21.2
69 3483 21.2
69 3484 21.2
69 3485 21.2
69 3486 21.2
69 3487 21.2
69 3488 21.2
69 3489 21.2
69 3490 21.2
70 3491 21.2
70 3492 21.2
70 3493 21.2
70 3494 21.2
70 3495 21.2
70 3496 21.2
70 3497 21.2
70 3498 21.2
70 3499 21.2
70 3500 21.2
70 3501 21.2
70 3502 21.2
70 3503 21.2
70 3504 21.2
70 3505 21.2
70 3506 21.2
70 3507 21.2
70 3508 21.0
70 3509 21.0
70 3510 21.0
70 3511 21.0
70 3512 21.0
70 3513 21.0
70 3514 20.8
70 3515 20.8
70 3516 20.8
70 3517 20.8
70 3518 20.8
70 3519 20.8
70 3520 20.8
70 3521 20.8
70 3522 20.8
70 3523 20.8
70 3524 20.8
70 3525 20.8
70 3526 20.8
70 3527 20.8
70 3528 20.8
70 3529 20.8
70 3530 20.8
70 3531 20.8
70 3532 20.8
70 3533 20.8
70 3534 20.8
70 3535 20.8
70 3536 20.8
70 3537 20.8
70 3538 20.8
70 3539 20.8
70 3540 20.8
71 3541 20.8
71 3542 20.8
71 3543 20.8
71 3544 20.8
71 3545 20.8
71 3546 20.8
71 3547 20.8
71 3548 20.8
71 3549 20.8
71 3550 20.8
71 3551 20.8
71 3552 20.8
71 3553 20.8
71 3554 20.8
71 3555 20.8
71 3556 20.8
71 3557 20.8
71 3558 20.8
71 3559 20.8
71 3560 20.8
71 3561 20.8
71 3562 20.8
71 3563 20.8
71 3564 20.8
71 3565 20.8
71 3566 20.8
71 3567 20.8
71 3568 20.8
71 3569 20.8
71 3570 20.8
71 3571 20.8
71 3572 20.8
71 3573 20.8
71 3574 20.8
71 3575 20.8
71 3576 20.8
71 3577 20.8
71 3578 20.8
71 3579 20.8
71 3580 20.8
71 3581 20.8
71 3582 20.8
71 3583 20.8
71 3584 20.8
71 3585 20.8
71 3586 20.8
71 3587 20.8
71 3588 20.8
71 3589 20.8
71 3590 20.8
71 3591 20.8
71 3592 20.8
71 3593 20.8
72 3594 20.8
72 3595 20.8
72 3596 20.8
72 3597 20.8
72 3598 20.8
72 3599 20.8
72 3600 20.8
72 3601 20.8
72 3602 20.8
72 3603 20.8
72 3604 20.8
72 3605 20.8
72 3606 20.8
72 3607 20.8
72 3608 20.8
72 3609 20.8
72 3610 20.8
72 3611 20.8
72 3612 20.8
72 3613 20.8
72 3614 20.8
72 3615 20.8
72 3616 20.8
72 3617 20.8
72 3618 20.8
72 3619 20.8
72 3620 20.8
72 3621 20.8
72 3622 20.8
72 3623 20.8
72 3624 20.8
72 3625 20.8
72 3626 20.8
72 3627 20.8
72 3628 20.8
72 3629 20.8
72 3630 20.8
72 3631 20.8
72 3632 20.8
72 3633 20.8
72 3634 20.8
72 3635 20.8
72 3636 20.8
72 3637 20.8
72 3638 20.8
72 3639 20.8
72 3640 20.8
72 3641 20.8
72 3642 20.8
72 3643 20.8
72 3644 20.8
72 3645 20.8
73 3646 20.8
73 3647 20.8
73 3648 20.8
73 3649 20.8
73 3650 20.8
73 3651 20.8
73 3652 20.8
73 3653 20.8
73 3654 20.8
73 3655 20.8
73 3656 20.8
73 3657 20.8
73 3658 20.8
73 3659 20.8
73 3660 20.8
73 3661 20.8
73 3662 20.8
73 3663 20.8
73 3664 20.8
73 3665 20.8
73 3666 20.8
73 3667 20.8
73 3668 20.8
73 3669 20.8
73 3670 20.8
73 3671 20.8
73 3672 20.8
73 3673 20.8
73 3674 20.8
73 3675 20.8
73 3676 20.8
73 3677 20.8
73 3678 20.8
73 3679 20.8
73 3680 20.8
73 3681 20.8
73 3682 20.8
73 3683 20.8
73 3684 20.8
73 3685 20.8
73 3686 20.8
73 3687 20.8
73 3688 20.8
73 3689 20.8
73 3690 20.8
73 3691 20.8
73 3692 20.8
73 3693 20.8
73 3694 20.8
73 3695 20.8
73 3696 20.8
74 3697 20.8
74 3698 20.8
74 3699 20.8
74 3700 20.8
74 3701 20.8
74 3702 20.8
74 3703 20.8
74 3704 20.8
74 3705 20.8
74 3706 20.8
74 3707 20.8
74 3708 20.8
74 3709 20.8
74 3710 20.8
74 3711 20.8
74 3712 20.8
74 3713 20.8
74 3714 20.8
74 3715 20.8
74 3716 20.8
74 3717 20.8
74 3718 20.8
74 3719 20.8
74 3720 20.8
74 3721 20.8
74 3722 20.8
74 3723 20.8
74 3724 20.8
74 3725 20.8
74 3726 20.8
74 3727 20.8
74 3728 20.8
74 3729 20.8
74 3730 20.8
74 3731 20.8
74 3732 20.8
74 3733 20.8
74 3734 20.8
74 3735 20.8
74 3736 20.8
74 3737 20.8
74 3738 20.8
74 3739 20.8
74 3740 20.8
74 3741 20.8
74 3742 20.8
74 3743 20.8
74 3744 20.8
74 3745 20.8
74 3746 20.8
74 3747 20.8
74 3748 20.8
74 3749 20.8
75 3750 20.8
75 3751 20.8
75 3752 20.8
75 3753 20.8
75 3754 20.8
75 3755 20.8
75 3756 20.8
75 3757 20.8
75 3758 20.8
75 3759 20.8
75 3760 20.8
75 3761 20.8
75 3762 20.8
75 3763 20.8
75 3764 20.8
75 3765 20.8
75 3766 20.8
75 3767 20.8
75 3768 20.8
75 3769 20.8
75 3770 20.8
75 3771 20.8
75 3772 20.8
75 3773 20.8
75 3774 20.8
75 3775 20.8
75 3776 20.8
75 3777 20.8
75 3778 20.8
75 3779 20.8
75 3780 20.8
75 3781 20.8
75 3782 20.8
75 3783 20.8
75 3784 20.8
75 3785 20.8
75 3786 20.8
75 3787 20.8
75 3788 20.8
75 3789 20.8
75 3790 20.8
75 3791 20.8
75 3792 20.8
75 3793 20.8
75 3794 20.8
75 3795 20.8
75 3796 20.8
75 3797 20.8
75 3798 20.8
75 3799 20.8
76 3800 20.8
76 3801 20.8
76 3802 20.8
76 3803 20.8
76 3804 20.8
76 3805 20.8
76 3806 20.8
76 3807 20.8
76 3808 20.8
76 3809 20.8
76 3810 20.8
76 3811 20.8
76 3812 20.8
76 3813 20.8
76 3814 20.8
76 3815 20.8
76 3816 20.8
76 3817 20.8
76 3818 20.8
76 3819 20.8
76 3820 20.8
76 3821 20.8
76 3822 20.8
76 3823 20.8
76 3824 20.8
76 3825 20.8
76 3826 20.8
76 3827 20.8
76 3828 20.8
76 3829 20.8
76 3830 20.8
76 3831 20.8
76 3832 20.8
76 3833 20.8
76 3834 20.8
76 3835 20.8
76 3836 20.5
76 3837 20.5
76 3838 20.5
76 3839 20.5
76 3840 20.5
76 3841 20.5
76 3842 20.5
76 3843 20.5
76 3844 20.5
76 3845 20.5
76 3846 20.5
76 3847 20.4
76 3848 20.4
76 3849 20.4
76 3850 20.4
76 3851 20.4
76 3852 20.4
77 3853 20.4
77 3854 20.4
77 3855 20.4
77 3856 20.4
77 3857 20.4
77 3858 20.4
77 3859 20.4
77 3860 20.4
77 3861 20.4
77 3862 20.4
77 3863 20.4
77 3864 20.4
77 3865 20.4
77 3866 20.4
77 3867 20.4
77 3868 20.0
77 3869 20.0
77 3870 20.0
77 3871 20.0
77 3872 20.0
77 3873 20.0
77 3874 20.0
77 3875 20.0
77 3876 20.0
77 3877 20.0
77 3878 20.0
77 3879 20.0
77 3880 20.0
77 3881 20.0
77 3882 20.0
77 3883 20.0
77 3884 20.0
77 3885 20.0
77 3886 20.0
77 3887 20.0
77 3888 20.0
77 3889 20.0
77 3890 20.0
77 3891 20.0
77 3892 20.0
77 3893 20.0
77 3894 20.0
77 3895 20.0
77 3896 20.0
77 3897 20.0
77 3898 20.0
77 3899 20.0
77 3900 20.0
77 3901 20.0
77 3902 20.0
78 3903 20.0
78 3904 20.0
78 3905 20.0
78 3906 20.0
78 3907 20.0
78 3908 20.0
78 3909 20.0
78 3910 20.0
78 3911 19.7
78 3912 19.7
78 3913 19.6
78 3914 19.6
78 3915 19.6
78 3916 19.6
78 3917 19.6
78 3918 19.6
78 3919 19.6
78 3920 19.6
78 3921 19.6
78 3922 19.6
78 3923 19.6
78 3924 19.6
78 3925 19.6
78 3926 19.6
78 3927 19.6
78 3928 19.6
78 3929 19.6
78 3930 19.6
78 3931 19.6
78 3932 19.6
78 3933 19.6
78 3934 19.6
78 3935 19.6
78 3936 19.6
78 3937 19.6
78 3938 19.6
78 3939 19.6
78 3940 19.6
78 3941 19.6
78 3942 19.6
78 3943 19.6
78 3944 19.6
78 3945 19.6
78 3946 19.6
78 3947 19.6
78 3948 19.6
78 3949 19.6
78 3950 19.6
78 3951 19.6
78 3952 19.6
79 3953 19.6
79 3954 19.6
79 3955 19.6
79 3956 19.6
79 3957 19.6
79 3958 19.6
79 3959 19.6
79 3960 19.6
79 3961 19.6
79 3962 19.6
79 3963 19.6
79 3964 19.6
79 3965 19.6
79 3966 19.6
79 3967 19.6
79 3968 19.6
79 3969 19.6
79 3970 19.6
79 3971 19.6
79 3972 19.6
79 3973 19.6
79 3974 19.6
79 3975 19.6
79 3976 19.6
79 3977 19.6
79 3978 19.6
79 3979 19.6
79 3980 19.6
79 3981 19.6
79 3982 19.6
79 3983 19.6
79 3984 19.6
79 3985 19.6
79 3986 19.6
79 3987 19.6
79 3988 19.6
79 3989 19.6
79 3990 19.6
79 3991 19.6
79 3992 19.6
79 3993 19.6
79 3994 19.6
79 3995 19.6
79 3996 19.6
79 3997 19.6
79 3998 19.6
79 3999 19.6
79 4000 19.6
79 4001 19.6
79 4002 19.6
79 4003 19.6
79 4004 19.6
80 4005 19.6
80 4006 19.6
80 4007 19.6
80 4008 19.6
80 4009 19.6
80 4010 19.6
80 4011 19.6
80 4012 19.6
80 4013 19.6
80 4014 19.6
80 4015 19.6
80 4016 19.6
80 4017 19.6
80 4018 19.6
80 4019 19.6
80 4020 19.6
80 4021 19.6
80 4022 19.6
80 4023 19.6
80 4024 19.6
80 4025 19.6
80 4026 19.6
80 4027 19.6
80 4028 19.6
80 4029 19.6
80 4030 19.6
80 4031 19.6
80 4032 19.6
80 4033 19.6
80 4034 19.6
80 4035 19.6
80 4036 19.6
80 4037 19.6
80 4038 19.6
80 4039 19.6
80 4040 19.6
80 4041 19.6
80 4042 19.6
80 4043 19.6
80 4044 19.6
80 4045 19.6
80 4046 19.6
80 4047 19.6
80 4048 19.6
80 4049 19.6
80 4050 19.6
80 4051 19.6
80 4052 19.6
80 4053 19.6
80 4054 19.6
80 4055 19.6
80 4056 19.6
81 4057 19.6
81 4058 19.6
81 4059 19.6
81 4060 19.6
81 4061 19.6
81 4062 19.6
81 4063 19.6
81 4064 19.6
81 4065 19.6
81 4066 19.6
81 4067 19.6
81 4068 19.6
81 4069 19.6
81 4070 19.6
81 4071 19.6
81 4072 19.6
81 4073 19.6
81 4074 19.6
81 4075 19.6
81 4076 19.6
81 4077 19.6
81 4078 19.6
81 4079 19.6
81 4080 19.6
81 4081 19.6
81 4082 19.6
81 4083 19.6
81 4084 19.6
81 4085 19.6
81 4086 19.6
81 4087 19.6
81 4088 19.6
81 4089 19.6
81 4090 19.6
81 4091 19.6
81 4092 19.6
81 4093 19.6
81 4094 19.6
81 4095 19.6
81 4096 19.6
81 4097 19.6
81 4098 19.6
81 4099 19.6
81 4100 19.6
81 4101 19.6
81 4102 19.6
81 4103 19.6
81 4104 19.6
81 4105 19.6
81 4106 19.6
81 4107 19.6
81 4108 19.6
81 4109 19.6
82 4110 19.6
82 4111 19.6
82 4112 19.6
82 4113 19.6
82 4114 19.6
82 4115 19.6
82 4116 19.6
82 4117 19.6
82 4118 19.6
82 4119 19.6
82 4120 19.6
82 4121 19.6
82 4122 19.6
82 4123 19.6
82 4124 19.6
82 4125 19.6
82 4126 19.6
82 4127 19.6
82 4128 19.6
82 4129 19.6
82 4130 19.6
82 4131 19.6
82 4132 19.6
82 4133 19.6
82 4134 19.6
82 4135 19.6
82 4136 19.6
82 4137 19.6
82 4138 19.6
82 4139 19.6
82 4140 19.6
82 4141 19.6
82 4142 19.6
82 4143 19.6
82 4144 19.6
82 4145 19.6
82 4146 19.6
82 4147 19.6
82 4148 19.6
82 4149 19.6
82 4150 19.6
82 4151 19.6
82 4152 19.6
82 4153 19.6
82 4154 19.6
82 4155 19.6
82 4156 19.6
82 4157 19.6
82 4158 19.6
82 4159 19.6
82 4160 19.6
83 4161 19.6
83 4162 19.6
83 4163 19.6
83 4164 19.6
83 4165 19.6
83 4166 19.6
83 4167 19.6
83 4168 19.6
83 4169 19.6
83 4170 19.6
83 4171 19.6
83 4172 19.6
83 4173 19.6
83 4174 19.6
83 4175 19.6
83 4176 19.6
83 4177 19.6
83 4178 19.6
83 4179 19.6
83 4180 19.6
83 4181 19.6
83 4182 19.6
83 4183 19.6
83 4184 19.6
83 4185 19.6
83 4186 19.6
83 4187 19.6
83 4188 19.6
83 4189 19.6
83 4190 19.6
83 4191 19.6
83 4192 19.6
83 4193 19.6
83 4194 19.6
83 4195 19.6
83 4196 19.6
83 4197 19.6
83 4198 19.6
83 4199 19.6
83 4200 19.6
83 4201 19.6
83 4202 19.6
83 4203 19.6
83 4204 19.6
83 4205 19.6
83 4206 19.6
83 4207 19.6
83 4208 19.6
83 4209 19.6
83 4210 19.6
83 4211 19.6
83 4212 19.6
84 4213 19.6
84 4214 19.6
84 4215 19.6
84 4216 19.6
84 4217 19.6
84 4218 19.6
84 4219 19.6
84 4220 19.6
84 4221 19.6
84 4222 19.6
84 4223 19.6
84 4224 19.6
84 4225 19.6
84 4226 19.6
84 4227 19.6
84 4228 19.6
84 4229 19.6
84 4230 19.6
84 4231 19.6
84 4232 19.6
84 4233 19.6
84 4234 19.6
84 4235 19.6
84 4236 19.6
84 4237 19.6
84 4238 19.6
84 4239 19.6
84 4240 19.6
84 4241 19.6
84 4242 19.6
84 4243 19.6
84 4244 19.6
84 4245 19.6
84 4246 19.6
84 4247 19.6
84 4248 19.6
84 4249 19.6
84 4250 19.6
84 4251 19.6
84 4252 19.6
84 4253 19.6
84 4254 19.6
84 4255 19.6
84 4256 19.6
84 4257 19.6
84 4258 19.6
84 4259 19.6
84 4260 19.6
84 4261 19.6
84 4262 19.6
84 4263 19.6
84 4264 19.6
85 4265 19.6
85 4266 19.6
85 4267 19.6
85 4268 19.6
85 4269 19.6
85 4270 19.6
85 4271 19.6
85 4272 19.6
85 4273 19.6
85 4274 19.6
85 4275 19.6
85 4276 19.6
85 4277 19.6
85 4278 19.6
85 4279 19.6
85 4280 19.6
85 4281 19.6
85 4282 19.6
85 4283 19.6
85 4284 19.6
85 4285 19.6
85 4286 19.6
85 4287 19.6
85 4288 19.6
85 4289 19.6
85 4290 19.6
85 4291 19.6
85 4292 19.6
85 4293 19.6
85 4294 19.6
85 4295 19.6
85 4296 19.6
85 4297 19.6
85 4298 19.6
85 4299 19.6
85 4300 19.6
85 4301 19.6
85 4302 19.6
85 4303 19.6
85 4304 19.6
85 4305 19.6
85 4306 19.6
85 4307 19.6
85 4308 19.6
85 4309 19.6
85 4310 19.6
85 4311 19.6
85 4312 19.6
85 4313 19.6
85 4314 19.6
85 4315 19.6
85 4316 19.6
85 4317 19.6
86 4318 19.6
86 4319 19.6
86 4320 19.6
86 4321 19.6
86 4322 19.6
86 4323 19.6
86 4324 19.6
86 4325 19.6
86 4326 19.6
86 4327 19.6
86 4328 19.6
86 4329 19.6
86 4330 19.6
86 4331 19.6
86 4332 19.6
86 4333 19.6
86 4334 19.6
86 4335 19.6
86 4336 19.6
86 4337 19.6
86 4338 19.6
86 4339 19.6
86 4340 19.6
86 4341 19.6
86 4342 19.6
86 4343 19.6
86 4344 19.6
86 4345 19.6
86 4346 19.6
86 4347 19.6
86 4348 19.6
86 4349 19.6
86 4350 19.6
86 4351 19.6
86 4352 19.6
86 4353 19.6
86 4354 19.6
86 4355 19.6
86 4356 19.6
86 4357 19.6
86 4358 19.6
86 4359 19.6
86 4360 19.6
86 4361 19.6
86 4362 19.6
86 4363 19.6
86 4364 19.6
86 4365 19.6
86 4366 19.6
86 4367 19.6
86 4368 19.6
86 4369 19.6
86 4370 19.6
87 4371 19.6
87 4372 19.6
87 4373 19.6
87 4374 19.6
87 4375 19.6
87 4376 19.6
87 4377 19.6
87 4378 19.6
87 4379 19.6
87 4380 19.6
87 4381 19.6
87 4382 19.6
87 4383 19.6
87 4384 19.6
87 4385 19.6
87 4386 19.6
87 4387 19.6
87 4388 19.6
87 4389 19.6
87 4390 19.6
87 4391 19.6
87 4392 19.6
87 4393 19.6
87 4394 19.6
87 4395 19.6
87 4396 19.6
87 4397 19.6
87 4398 19.6
87 4399 19.6
87 4400 19.6
87 4401 19.6
87 4402 19.6
87 4403 19.6
87 4404 19.6
87 4405 19.6
87 4406 19.6
87 4407 19.6
87 4408 19.6
87 4409 19.6
87 4410 19.6
87 4411 19.6
87 4412 19.6
87 4413 19.6
87 4414 19.6
87 4415 19.6
87 4416 19.6
87 4417 19.6
87 4418 19.6
87 4419 19.6
87 4420 19.6
87 4421 19.6
87 4422 19.6
87 4423 19.6
88 4424 19.6
88 4425 19.6
88 4426 19.6
88 4427 19.6
88 4428 19.6
88 4429 19.6
88 4430 19.6
88 4431 19.6
88 4432 19.6
88 4433 19.6
88 4434 19.6
88 4435 19.6
88 4436 19.6
88 4437 19.6
88 4438 19.6
88 4439 19.6
88 4440 19.6
88 4441 19.6
88 4442 19.6
88 4443 19.6
88 4444 19.6
88 4445 19.6
88 4446 19.6
88 4447 19.6
88 4448 19.6
88 4449 19.6
88 4450 19.6
88 4451 19.6
88 4452 19.6
88 4453 19.6
88 4454 19.6
88 4455 19.6
88 4456 19.6
88 4457 19.6
88 4458 19.6
88 4459 19.6
88 4460 19.6
88 4461 19.6
88 4462 19.6
88 4463 19.6
88 4464 19.6
88 4465 19.6
88 4466 19.6
88 4467 19.6
88 4468 19.6
88 4469 19.6
88 4470 19.6
88 4471 19.6
88 4472 19.6
88 4473 19.6
88 4474 19.6
89 4475 19.6
89 4476 19.6
89 4477 19.6
89 4478 19.6
89 4479 19.6
89 4480 19.6
89 4481 19.6
89 4482 19.6
89 4483 19.6
89 4484 19.6
89 4485 19.6
89 4486 19.6
89 4487 19.6
89 4488 19.6
89 4489 19.6
89 4490 19.6
89 4491 19.6
89 4492 19.6
89 4493 19.6
89 4494 19.6
89 4495 19.6
89 4496 19.6
89 4497 19.6
89 4498 19.6
89 4499 19.6
89 4500 19.6
89 4501 19.6
89 4502 19.6
89 4503 19.6
89 4504 19.6
89 4505 19.6
89 4506 19.6
89 4507 19.6
89 4508 19.6
89 4509 19.6
89 4510 19.6
89 4511 19.6
89 4512 19.6
89 4513 19.6
89 4514 19.6
89 4515 19.6
89 4516 19.6
89 4517 19.6
89 4518 19.6
89 4519 19.6
89 4520 19.6
89 4521 19.6
89 4522 19.6
89 4523 19.6
89 4524 19.6
89 4525 19.6
90 4526 19.6
90 4527 19.6
90 4528 19.6
90 4529 19.6
90 4530 19.6
90 4531 19.6
90 4532 19.6
90 4533 19.6
90 4534 19.6
90 4535 19.6
90 4536 19.6
90 4537 19.6
90 4538 19.6
90 4539 19.6
90 4540 19.6
90 4541 19.6
90 4542 19.6
90 4543 19.6
90 4544 19.6
90 4545 19.6
90 4546 19.6
90 4547 19.6
90 4548 19.6
90 4549 19.6
90 4550 19.6
90 4551 19.6
90 4552 19.6
90 4553 19.6
90 4554 19.6
90 4555 19.6
90 4556 19.6
90 4557 19.6
90 4558 19.6
90 4559 19.6
90 4560 19.6
90 4561 19.6
90 4562 19.6
90 4563 19.6
90 4564 19.6
90 4565 19.6
90 4566 19.6
90 4567 19.6
90 4568 19.6
90 4569 19.6
90 4570 19.6
90 4571 19.6
90 4572 19.6
90 4573 19.6
90 4574 19.6
90 4575 19.6
91 4576 19.6
91 4577 19.6
91 4578 19.6
91 4579 19.6
91 4580 19.6
91 4581 19.6
91 4582 19.6
91 4583 19.6
91 4584 19.6
91 4585 19.6
91 4586 19.6
91 4587 19.6
91 4588 19.6
91 4589 19.6
91 4590 19.6
91 4591 19.6
91 4592 19.6
91 4593 19.6
91 4594 19.6
91 4595 19.6
91 4596 19.6
91 4597 19.6
91 4598 19.6
91 4599 19.6
91 4600 19.6
91 4601 19.6
91 4602 19.6
91 4603 19.6
91 4604 19.6
91 4605 19.6
91 4606 19.6
91 4607 19.6
91 4608 19.6
91 4609 19.6
91 4610 19.6
91 4611 19.6
91 4612 19.6
91 4613 19.6
91 4614 19.6
91 4615 19.6
91 4616 19.6
91 4617 19.6
91 4618 19.6
91 4619 19.6
91 4620 19.6
91 4621 19.6
91 4622 19.6
91 4623 19.6
91 4624 19.6
91 4625 19.6
91 4626 19.6
91 4627 19.6
92 4628 19.6
92 4629 19.6
92 4630 19.6
92 4631 19.6
92 4632 19.6
92 4633 19.6
92 4634 19.6
92 4635 19.6
92 4636 19.6
92 4637 19.6
92 4638 19.6
92 4639 19.6
92 4640 19.6
92 4641 19.6
92 4642 19.6
92 4643 19.6
92 4644 19.6
92 4645 19.6
92 4646 19.6
92 4647 19.6
92 4648 19.6
92 4649 19.6
92 4650 19.6
92 4651 19.6
92 4652 19.6
92 4653 19.6
92 4654 19.6
92 4655 19.6
92 4656 19.6
92 4657 19.6
92 4658 19.6
92 4659 19.6
92 4660 19.6
92 4661 19.6
92 4662 19.6
92 4663 19.6
92 4664 19.6
92 4665 19.6
92 4666 19.6
92 4667 19.6
92 4668 19.6
92 4669 19.6
92 4670 19.6
92 4671 19.6
92 4672 19.6
92 4673 19.6
92 4674 19.6
92 4675 19.6
92 4676 19.6
92 4677 19.6
92 4678 19.6
92 4679 19.6
92 4680 19.6
93 4681 19.6
93 4682 19.6
93 4683 19.6
93 4684 19.6
93 4685 19.6
93 4686 19.6
93 4687 19.6
93 4688 19.6
93 4689 19.6
93 4690 19.6
93 4691 19.6
93 4692 19.6
93 4693 19.6
93 4694 19.6
93 4695 19.6
93 4696 19.6
93 4697 19.6
93 4698 19.6
93 4699 19.6
93 4700 19.6
93 4701 19.6
93 4702 19.6
93 4703 19.6
93 4704 19.6
93 4705 19.6
93 4706 19.6
93 4707 19.6
93 4708 19.6
93 4709 19.6
93 4710 19.6
93 4711 19.6
93 4712 19.6
93 4713 19.6
93 4714 19.6
93 4715 19.6
93 4716 19.6
93 4717 19.6
93 4718 19.6
93 4719 19.6
93 4720 19.6
93 4721 19.6
93 4722 19.6
93 4723 19.6
93 4724 19.6
93 4725 19.6
93 4726 19.6
93 4727 19.6
93 4728 19.6
93 4729 19.6
93 4730 19.6
93 4731 19.6
94 4732 19.6
94 4733 19.6
94 4734 19.6
94 4735 19.6
94 4736 19.6
94 4737 19.6
94 4738 19.6
94 4739 19.6
94 4740 19.6
94 4741 19.6
94 4742 19.6
94 4743 19.6
94 4744 19.6
94 4745 19.6
94 4746 19.6
94 4747 19.6
94 4748 19.6
94 4749 19.6
94 4750 19.6
94 4751 19.6
94 4752 19.6
94 4753 19.6
94 4754 19.6
94 4755 19.6
94 4756 19.6
94 4757 19.6
94 4758 19.6
94 4759 19.6
94 4760 19.6
94 4761 19.6
94 4762 19.6
94 4763 19.6
94 4764 19.6
94 4765 19.6
94 4766 19.6
94 4767 19.6
94 4768 19.6
94 4769 19.6
94 4770 19.6
94 4771 19.6
94 4772 19.6
94 4773 19.6
94 4774 19.6
94 4775 19.6
94 4776 19.6
94 4777 19.6
94 4778 19.6
94 4779 19.6
94 4780 19.6
94 4781 19.6
94 4782 19.6
95 4783 19.6
95 4784 19.6
95 4785 19.6
95 4786 19.6
95 4787 19.6
95 4788 19.6
95 4789 19.6
95 4790 19.6
95 4791 19.6
95 4792 19.6
95 4793 19.6
95 4794 19.6
95 4795 19.6
95 4796 19.6
95 4797 19.6
95 4798 19.6
95 4799 19.6
95 4800 19.6
95 4801 19.6
95 4802 19.6
95 4803 19.6
95 4804 19.6
95 4805 19.6
95 4806 19.6
95 4807 19.6
95 4808 19.6
95 4809 19.6
95 4810 19.6
95 4811 19.6
95 4812 19.6
95 4813 19.6
95 4814 19.6
95 4815 19.6
95 4816 19.6
95 4817 19.6
95 4818 19.6
95 4819 19.6
95 4820 19.6
95 4821 19.6
95 4822 19.6
95 4823 19.6
95 4824 19.6
95 4825 19.6
95 4826 19.6
95 4827 19.6
95 4828 19.6
95 4829 19.6
95 4830 19.6
95 4831 19.6
95 4832 19.6
95 4833 19.6
95 4834 19.6
96 4835 19.6
96 4836 19.6
96 4837 19.6
96 4838 19.6
96 4839 19.6
96 4840 19.6
96 4841 19.6
96 4842 19.6
96 4843 19.6
96 4844 19.6
96 4845 19.6
96 4846 19.6
96 4847 19.6
96 4848 19.6
96 4849 19.6
96 4850 19.6
96 4851 19.6
96 4852 19.6
96 4853 19.6
96 4854 19.6
96 4855 19.6
96 4856 19.6
96 4857 19.6
96 4858 19.6
96 4859 19.6
96 4860 19.6
96 4861 19.6
96 4862 19.6
96 4863 19.6
96 4864 19.6
96 4865 19.6
96 4866 19.6
96 4867 19.6
96 4868 19.6
96 4869 19.6
96 4870 19.6
96 4871 19.6
96 4872 19.6
96 4873 19.6
96 4874 19.6
96 4875 19.6
96 4876 19.6
96 4877 19.6
96 4878 19.6
96 4879 19.6
96 4880 19.6
96 4881 19.6
96 4882 19.6
96 4883 19.6
96 4884 19.6
96 4885 19.6
96 4886 19.6
97 4887 19.6
97 4888 19.6
97 4889 19.6
97 4890 19.6
97 4891 19.6
97 4892 19.6
97 4893 19.6
97 4894 19.6
97 4895 19.6
97 4896 19.6
97 4897 19.6
97 4898 19.6
97 4899 19.6
97 4900 19.6
97 4901 19.6
97 4902 19.6
97 4903 19.6
97 4904 19.6
97 4905 19.6
97 4906 19.6
97 4907 19.6
97 4908 19.6
97 4909 19.6
97 4910 19.6
97 4911 19.6
97 4912 19.6
97 4913 19.6
97 4914 19.6
97 4915 19.6
97 4916 19.6
97 4917 19.6
97 4918 19.6
97 4919 19.6
97 4920 19.6
97 4921 19.6
97 4922 19.6
97 4923 19.6
97 4924 19.6
97 4925 19.6
97 4926 19.6
97 4927 19.6
97 4928 19.6
97 4929 19.6
97 4930 19.6
97 4931 19.6
97 4932 19.6
97 4933 19.6
97 4934 19.6
97 4935 19.6
97 4936 19.6
97 4937 19.6
98 4938 19.6
98 4939 19.6
98 4940 19.6
98 4941 19.6
98 4942 19.6
98 4943 19.6
98 4944 19.6
98 4945 19.6
98 4946 19.6
98 4947 19.6
98 4948 19.6
98 4949 19.6
98 4950 19.6
98 4951 19.6
98 4952 19.6
98 4953 19.6
98 4954 19.6
98 4955 19.6
98 4956 19.6
98 4957 19.6
98 4958 19.6
98 4959 19.6
98 4960 19.6
98 4961 19.6
98 4962 19.6
98 4963 19.6
98 4964 19.6
98 4965 19.6
98 4966 19.6
98 4967 19.6
98 4968 19.6
98 4969 19.6
98 4970 19.6
98 4971 19.6
98 4972 19.6
98 4973 19.6
98 4974 19.6
98 4975 19.6
98 4976 19.6
98 4977 19.6
98 4978 19.6
98 4979 19.6
98 4980 19.6
98 4981 19.6
98 4982 19.6
98 4983 19.6
98 4984 19.6
98 4985 19.6
98 4986 19.6
98 4987 19.6
99 4988 19.6
99 4989 19.6
99 4990 19.6
99 4991 19.6
99 4992 19.6
99 4993 19.6
99 4994 19.6
99 4995 19.6
99 4996 19.6
99 4997 19.6
99 4998 19.6
99 4999 19.6
99 5000 19.6
99 5001 19.6
99 5002 19.6
99 5003 19.6
99 5004 19.6
99 5005 19.6
99 5006 19.6
99 5007 19.6
99 5008 19.6
99 5009 19.6
99 5010 19.6
99 5011 19.6
99 5012 19.6
99 5013 19.6
99 5014 19.6
99 5015 19.6
99 5016 19.6
99 5017 19.6
99 5018 19.6
99 5019 19.6
99 5020 19.6
99 5021 19.6
99 5022 19.6
99 5023 19.6
99 5024 19.6
99 5025 19.6
99 5026 19.6
99 5027 19.6
99 5028 19.6
99 5029 19.6
99 5030 19.6
99 5031 19.6
99 5032 19.6
99 5033 19.6
99 5034 19.6
99 5035 19.6
99 5036 19.6
99 5037 19.6
99 5038 19.6
99 5039 19.6
100 5040 19.6
100 5041 19.6
100 5042 19.6
100 5043 19.6
100 5044 19.6
100 5045 19.6
100 5046 19.6
100 5047 19.6
100 5048 19.6
100 5049 19.6
100 5050 19.6
100 5051 19.6
100 5052 19.6
100 5053 19.6
100 5054 19.6
100 5055 19.6
100 5056 19.6
100 5057 19.6
100 5058 19.6
100 5059 19.6
100 5060 19.6
100 5061 19.6
100 5062 19.6
100 5063 19.6
100 5064 19.6
100 5065 19.6
100 5066 19.6
100 5067 19.6
100 5068 19.6
100 5069 19.6
100 5070 19.6
100 5071 19.6
100 5072 19.6
100 5073 19.6
100 5074 19.6
100 5075 19.6
100 5076 19.6
100 5077 19.6
100 5078 19.6
100 5079 19.6
100 5080 19.6
100 5081 19.6
100 5082 19.6
100 5083 19.6
100 5084 19.6
100 5085 19.6
100 5086 19.6
100 5087 19.6
100 5088 19.6
101 5089 19.6
101 5090 19.6
101 5091 19.6
101 5092 19.6
101 5093 19.6
101 5094 19.6
101 5095 19.6
101 5096 19.6
101 5097 19.6
101 5098 19.6
101 5099 19.6
101 5100 19.6
101 5101 19.6
101 5102 19.6
101 5103 19.6
101 5104 19.6
101 5105 19.6
101 5106 19.6
101 5107 19.6
101 5108 19.6
101 5109 19.6
101 5110 19.6
101 5111 19.6
101 5112 19.6
101 5113 19.6
101 5114 19.6
101 5115 19.6
101 5116 19.6
101 5117 19.6
101 5118 19.6
101 5119 19.6
101 5120 19.6
101 5121 19.6
101 5122 19.6
101 5123 19.6
101 5124 19.6
101 5125 19.6
101 5126 19.6
101 5127 19.6
101 5128 19.6
101 5129 19.6
101 5130 19.6
101 5131 19.6
101 5132 19.6
101 5133 19.6
101 5134 19.6
101 5135 19.6
101 5136 19.6
101 5137 19.6
101 5138 19.6
102 5139 19.6
102 5140 19.6
102 5141 19.6
102 5142 19.6
102 5143 19.6
102 5144 19.6
102 5145 19.6
102 5146 19.6
102 5147 19.6
102 5148 19.6
102 5149 19.6
102 5150 19.6
102 5151 19.6
102 5152 19.6
102 5153 19.6
102 5154 19.6
102 5155 19.6
102 5156 19.6
102 5157 19.6
102 5158 19.6
102 5159 19.6
102 5160 19.6
102 5161 19.6
102 5162 19.6
102 5163 19.6
102 5164 19.6
102 5165 19.6
102 5166 19.6
102 5167 19.6
102 5168 19.6
102 5169 19.6
102 5170 19.6
102 5171 19.6
102 5172 19.6
102 5173 19.6
102 5174 19.6
102 5175 19.6
102 5176 19.6
102 5177 19.6
102 5178 19.6
102 5179 19.6
102 5180 19.6
102 5181 19.6
102 5182 19.6
102 5183 19.6
102 5184 19.6
102 5185 19.6
102 5186 19.6
102 5187 19.6
102 5188 19.6
102 5189 19.6
102 5190 19.6
103 5191 19.6
103 5192 19.6
103 5193 19.6
103 5194 19.6
103 5195 19.6
103 5196 19.6
103 5197 19.6
103 5198 19.6
103 5199 19.6
103 5200 19.6
103 5201 19.6
103 5202 19.6
103 5203 19.6
103 5204 19.6
103 5205 19.6
103 5206 19.6
103 5207 19.6
103 5208 19.6
103 5209 19.6
103 5210 19.6
103 5211 19.6
103 5212 19.6
103 5213 19.6
103 5214 19.6
103 5215 19.6
103 5216 19.6
103 5217 19.6
103 5218 19.6
103 5219 19.6
103 5220 19.6
103 5221 19.6
103 5222 19.6
103 5223 19.6
103 5224 19.6
103 5225 19.6
103 5226 19.6
103 5227 19.6
103 5228 19.2
103 5229 19.2
103 5230 19.2
103 5231 19.2
103 5232 19.2
103 5233 19.2
103 5234 19.2
103 5235 19.2
103 5236 19.2
103 5237 19.2
103 5238 19.2
103 5239 19.2
103 5240 19.2
103 5241 19.2
104 5242 19.2
104 5243 19.2
104 5244 19.2
104 5245 19.2
104 5246 19.2
104 5247 19.2
104 5248 19.2
104 5249 19.2
104 5250 19.2
104 5251 19.2
104 5252 19.2
104 5253 19.2
104 5254 19.2
104 5255 19.2
104 5256 19.2
104 5257 19.2
104 5258 19.2
104 5259 19.2
104 5260 19.2
104 5261 19.2
104 5262 19.2
104 5263 19.2
104 5264 19.2
104 5265 19.2
104 5266 19.2
104 5267 19.2
104 5268 19.2
104 5269 19.2
104 5270 19.2
104 5271 19.2
104 5272 19.2
104 5273 19.2
104 5274 19.2
104 5275 19.2
104 5276 19.2
104 5277 19.2
104 5278 19.2
104 5279 19.2
104 5280 19.2
104 5281 19.2
104 5282 19.2
104 5283 19.2
104 5284 19.2
104 5285 19.2
104 5286 19.2
104 5287 19.2
104 5288 19.2
104 5289 19.2
104 5290 19.2
104 5291 19.2
104 5292 19.2
104 5293 19.2
104 5294 19.2
105 5295 19.2
105 5296 19.2
105 5297 19.2
105 5298 19.2
105 5299 19.2
105 5300 19.2
105 5301 19.2
105 5302 19.2
105 5303 19.2
105 5304 19.2
105 5305 19.2
105 5306 19.2
105 5307 19.2
105 5308 19.2
105 5309 19.2
105 5310 19.2
105 5311 19.2
105 5312 19.2
105 5313 19.2
105 5314 19.2
105 5315 19.2
105 5316 19.2
105 5317 19.2
105 5318 19.2
105 5319 19.2
105 5320 19.2
105 5321 19.2
105 5322 19.2
105 5323 19.2
105 5324 19.2
105 5325 19.2
105 5326 19.2
105 5327 19.2
105 5328 19.2
105 5329 19.2
105 5330 19.2
105 5331 19.2
105 5332 19.2
105 5333 19.2
105 5334 19.2
105 5335 19.2
105 5336 19.2
105 5337 19.2
105 5338 19.2
105 5339 19.2
105 5340 19.2
105 5341 19.2
105 5342 19.2
105 5343 19.2
105 5344 19.2
106 5345 19.2
106 5346 19.2
106 5347 19.2
106 5348 19.2
106 5349 19.2
106 5350 19.2
106 5351 19.2
106 5352 19.2
106 5353 19.2
106 5354 19.2
106 5355 19.2
106 5356 19.2
106 5357 19.2
106 5358 19.2
106 5359 19.2
106 5360 19.2
106 5361 19.2
106 5362 19.2
106 5363 19.2
106 5364 19.2
106 5365 19.2
106 5366 19.2
106 5367 19.2
106 5368 19.2
106 5369 19.2
106 5370 19.2
106 5371 19.2
106 5372 19.2
106 5373 19.2
106 5374 19.2
106 5375 19.2
106 5376 19.2
106 5377 19.2
106 5378 19.2
106 5379 19.2
106 5380 19.2
106 5381 19.2
106 5382 19.2
106 5383 19.2
106 5384 19.2
106 5385 19.2
106 5386 19.2
106 5387 19.2
106 5388 19.2
106 5389 19.2
106 5390 19.2
106 5391 19.2
107 5392 19.2
107 5393 19.2
107 5394 19.2
107 5395 19.2
107 5396 19.2
107 5397 19.2
107 5398 19.2
107 5399 19.2
107 5400 19.2
107 5401 19.2
107 5402 19.2
107 5403 19.2
107 5404 19.2
107 5405 19.2
107 5406 19.2
107 5407 19.2
107 5408 19.2
107 5409 19.2
107 5410 19.2
107 5411 19.2
107 5412 19.2
107 5413 19.2
107 5414 19.2
107 5415 19.2
107 5416 19.2
107 5417 19.2
107 5418 19.2
107 5419 19.2
107 5420 19.2
107 5421 19.2
107 5422 19.2
107 5423 19.2
107 5424 19.2
107 5425 19.2
107 5426 19.2
107 5427 19.2
107 5428 19.2
107 5429 19.2
107 5430 19.2
107 5431 19.2
107 5432 19.2
107 5433 19.2
107 5434 19.2
107 5435 19.2
107 5436 19.2
107 5437 19.2
107 5438 19.2
107 5439 19.2
107 5440 19.2
107 5441 19.2
107 5442 19.2
108 5443 19.2
108 5444 19.2
108 5445 19.2
108 5446 19.2
108 5447 19.2
108 5448 19.2
108 5449 19.2
108 5450 19.2
108 5451 19.2
108 5452 19.2
108 5453 19.2
108 5454 19.2
108 5455 19.2
108 5456 19.2
108 5457 19.2
108 5458 19.2
108 5459 19.2
108 5460 19.2
108 5461 19.2
108 5462 19.2
108 5463 19.2
108 5464 19.2
108 5465 19.2
108 5466 19.2
108 5467 19.2
108 5468 19.2
108 5469 19.2
108 5470 19.2
108 5471 19.2
108 5472 19.2
108 5473 19.2
108 5474 19.2
108 5475 19.2
108 5476 19.2
108 5477 19.2
108 5478 19.2
108 5479 19.2
108 5480 19.2
108 5481 19.2
108 5482 19.2
108 5483 19.2
108 5484 19.2
108 5485 19.2
108 5486 19.2
108 5487 19.2
108 5488 19.2
108 5489 19.2
108 5490 19.2
108 5491 19.2
108 5492 19.2
108 5493 19.2
108 5494 19.2
108 5495 19.2
109 5496 19.2
109 5497 19.2
109 5498 19.2
109 5499 19.2
109 5500 19.2
109 5501 19.2
109 5502 19.2
109 5503 19.2
109 5504 19.2
109 5505 19.2
109 5506 19.2
109 5507 19.2
109 5508 19.2
109 5509 19.2
109 5510 19.2
109 5511 19.2
109 5512 19.2
109 5513 19.2
109 5514 19.2
109 5515 19.2
109 5516 19.2
109 5517 19.2
109 5518 19.2
109 5519 19.2
109 5520 19.2
109 5521 19.2
109 5522 19.2
109 5523 19.2
109 5524 19.2
109 5525 19.2
109 5526 19.2
109 5527 19.2
109 5528 19.2
109 5529 19.2
109 5530 19.2
109 5531 19.2
109 5532 19.2
109 5533 19.2
109 5534 19.2
109 5535 19.2
109 5536 19.2
109 5537 19.2
109 5538 19.2
109 5539 19.2
109 5540 19.2
109 5541 19.2
109 5542 19.2
109 5543 19.2
109 5544 19.2
109 5545 19.2
109 5546 19.2
109 5547 19.2
109 5548 19.2
109 5549 19.2
109 5550 19.2
110 5551 19.2
110 5552 19.2
110 5553 19.2
110 5554 19.2
110 5555 19.2
110 5556 19.2
110 5557 19.2
110 5558 19.2
110 5559 19.2
110 5560 19.2
110 5561 19.2
110 5562 19.2
110 5563 19.2
110 5564 19.2
110 5565 19.2
110 5566 19.2
110 5567 19.2
110 5568 19.2
110 5569 19.2
110 5570 19.2
110 5571 19.2
110 5572 19.2
110 5573 19.2
110 5574 19.2
110 5575 19.2
110 5576 19.2
110 5577 19.2
110 5578 19.2
110 5579 19.2
110 5580 19.2
110 5581 19.2
110 5582 19.2
110 5583 19.2
110 5584 19.2
110 5585 19.2
110 5586 19.2
110 5587 19.2
110 5588 19.2
110 5589 19.2
110 5590 19.2
110 5591 19.2
110 5592 19.2
110 5593 19.2
110 5594 19.2
110 5595 19.2
110 5596 19.2
110 5597 19.2
110 5598 19.2
110 5599 19.2
110 5600 19.2
110 5601 19.2
110 5602 19.2
110 5603 19.2
111 5604 19.2
111 5605 19.2
111 5606 19.2
111 5607 19.2
111 5608 19.2
111 5609 19.2
111 5610 19.2
111 5611 19.2
111 5612 19.2
111 5613 19.2
111 5614 19.2
111 5615 19.2
111 5616 19.2
111 5617 19.2
111 5618 19.2
111 5619 19.2
111 5620 19.2
111 5621 19.2
111 5622 19.2
111 5623 19.2
111 5624 19.2
111 5625 19.2
111 5626 19.2
111 5627 19.2
111 5628 19.2
111 5629 19.2
111 5630 19.2
111 5631 19.2
111 5632 19.2
111 5633 19.2
111 5634 19.2
111 5635 19.2
111 5636 19.2
111 5637 19.2
111 5638 19.2
111 5639 19.2
111 5640 19.2
111 5641 19.2
111 5642 19.0
111 5643 19.0
111 5644 19.0
111 5645 19.0
111 5646 19.0
111 5647 19.0
111 5648 19.0
111 5649 19.0
111 5650 19.0
111 5651 19.0
111 5652 19.0
112 5653 19.0
112 5654 19.0
112 5655 19.0
112 5656 19.0
112 5657 19.0
112 5658 19.0
112 5659 19.0
112 5660 19.0
112 5661 19.0
112 5662 19.0
112 5663 19.0
112 5664 19.0
112 5665 19.0
112 5666 19.0
112 5667 19.0
112 5668 19.0
112 5669 19.0
112 5670 19.0
112 5671 19.0
112 5672 19.0
112 5673 19.0
112 5674 19.0
112 5675 19.0
112 5676 19.0
112 5677 19.0
112 5678 19.0
112 5679 19.0
112 5680 19.0
112 5681 19.0
112 5682 19.0
112 5683 19.0
112 5684 19.0
112 5685 19.0
112 5686 19.0
112 5687 19.0
112 5688 19.0
112 5689 19.0
112 5690 19.0
112 5691 19.0
112 5692 19.0
112 5693 19.0
112 5694 19.0
112 5695 19.0
112 5696 19.0
112 5697 19.0
112 5698 19.0
112 5699 19.0
112 5700 19.0
112 5701 19.0
112 5702 19.0
112 5703 19.0
112 5704 19.0
113 5705 19.0
113 5706 19.0
113 5707 19.0
113 5708 19.0
113 5709 19.0
113 5710 18.9
113 5711 18.9
113 5712 18.9
113 5713 18.9
113 5714 18.9
113 5715 18.9
113 5716 18.9
113 5717 18.9
113 5718 18.9
113 5719 18.9
113 5720 18.9
113 5721 18.9
113 5722 18.9
113 5723 18.9
113 5724 18.9
113 5725 18.9
113 5726 18.9
113 5727 18.9
113 5728 18.9
113 5729 18.9
113 5730 18.9
113 5731 18.9
113 5732 18.9
113 5733 18.9
113 5734 18.9
113 5735 18.8
113 5736 18.8
113 5737 18.8
113 5738 18.8
113 5739 18.8
113 5740 18.8
113 5741 18.8
113 5742 18.8
113 5743 18.8
113 5744 18.8
113 5745 18.8
113 5746 18.8
113 5747 18.8
113 5748 18.8
113 5749 18.8
113 5750 18.8
113 5751 18.8
113 5752 18.8
113 5753 18.8
113 5754 18.8
114 5755 18.8
114 5756 18.8
114 5757 18.8
114 5758 18.8
114 5759 18.8
114 5760 18.8
114 5761 18.8
114 5762 18.8
114 5763 18.8
114 5764 18.8
114 5765 18.8
114 5766 18.8
114 5767 18.8
114 5768 18.8
114 5769 18.8
114 5770 18.8
114 5771 18.5
114 5772 18.5
114 5773 18.5
114 5774 18.5
114 5775 18.5
114 5776 18.5
114 5777 18.5
114 5778 18.5
114 5779 18.0
114 5780 18.0
114 5781 18.0
114 5782 18.0
114 5783 18.0
114 5784 18.0
114 5785 18.0
114 5786 18.0
114 5787 18.0
114 5788 18.0
114 5789 18.0
114 5790 18.0
114 5791 18.0
114 5792 18.0
114 5793 18.0
114 5794 18.0
114 5795 18.0
114 5796 18.0
114 5797 18.0
114 5798 18.0
114 5799 18.0
114 5800 18.0
114 5801 18.0
114 5802 18.0
114 5803 18.0
114 5804 18.0
114 5805 18.0
114 5806 18.0
114 5807 18.0
114 5808 18.0
115 5809 18.0
115 5810 18.0
115 5811 18.0
115 5812 18.0
115 5813 18.0
115 5814 18.0
115 5815 18.0
115 5816 18.0
115 5817 18.0
115 5818 18.0
115 5819 18.0
115 5820 18.0
115 5821 18.0
115 5822 18.0
115 5823 18.0
115 5824 18.0
115 5825 18.0
115 5826 18.0
115 5827 18.0
115 5828 18.0
115 5829 18.0
115 5830 18.0
115 5831 18.0
115 5832 18.0
115 5833 18.0
115 5834 17.9
115 5835 17.9
115 5836 17.9
115 5837 17.9
115 5838 17.9
115 5839 17.7
115 5840 17.7
115 5841 17.7
115 5842 17.7
115 5843 17.7
115 5844 17.7
115 5845 17.7
115 5846 17.7
115 5847 17.7
115 5848 17.7
115 5849 17.7
115 5850 17.7
115 5851 17.7
115 5852 17.7
115 5853 17.7
115 5854 17.7
115 5855 17.7
115 5856 17.7
115 5857 17.7
115 5858 17.7
115 5859 17.6
115 5860 17.6
115 5861 17.6
116 5862 17.6
116 5863 17.6
116 5864 17.6
116 5865 17.6
116 5866 17.6
116 5867 17.6
116 5868 17.6
116 5869 17.6
116 5870 17.6
116 5871 17.6
116 5872 17.6
116 5873 17.6
116 5874 17.6
116 5875 17.6
116 5876 17.6
116 5877 17.6
116 5878 17.6
116 5879 17.6
116 5880 17.6
116 5881 17.6
116 5882 17.6
116 5883 17.6
116 5884 17.6
116 5885 17.6
116 5886 17.6
116 5887 17.6
116 5888 17.6
116 5889 17.6
116 5890 17.6
116 5891 17.6
116 5892 17.6
116 5893 17.6
116 5894 17.6
116 5895 17.6
116 5896 17.6
116 5897 17.6
116 5898 17.6
116 5899 17.6
116 5900 17.6
116 5901 17.6
116 5902 17.6
116 5903 17.6
116 5904 17.6
116 5905 17.6
116 5906 17.6
116 5907 17.6
116 5908 17.6
116 5909 17.6
116 5910 17.6
116 5911 17.6
116 5912 17.6
117 5913 17.6
117 5914 17.6
117 5915 17.6
117 5916 17.6
117 5917 17.6
117 5918 17.6
117 5919 17.6
117 5920 17.6
117 5921 17.6
117 5922 17.6
117 5923 17.6
117 5924 17.6
117 5925 17.6
117 5926 17.6
117 5927 17.6
117 5928 17.6
117 5929 17.6
117 5930 17.6
117 5931 17.6
117 5932 17.6
117 5933 17.6
117 5934 17.6
117 5935 17.6
117 5936 17.6
117 5937 17.6
117 5938 17.6
117 5939 17.6
117 5940 17.6
117 5941 17.6
117 5942 17.6
117 5943 17.6
117 5944 17.6
117 5945 17.6
117 5946 17.6
117 5947 17.6
117 5948 17.6
117 5949 17.6
117 5950 17.6
117 5951 17.6
117 5952 17.6
117 5953 17.6
117 5954 17.6
117 5955 17.6
118 5956 17.6
118 5957 17.6
118 5958 17.6
118 5959 17.6
118 5960 17.6
118 5961 17.6
118 5962 17.6
118 5963 17.6
118 5964 17.6
118 5965 17.6
118 5966 17.6
118 5967 17.6
118 5968 17.6
118 5969 17.6
118 5970 17.6
118 5971 17.6
118 5972 17.6
118 5973 17.6
118 5974 17.6
118 5975 17.6
118 5976 17.6
118 5977 17.6
118 5978 17.6
118 5979 17.6
118 5980 17.6
118 5981 17.6
118 5982 17.6
118 5983 17.6
118 5984 17.6
118 5985 17.6
118 5986 17.6
118 5987 17.6
118 5988 17.6
118 5989 17.6
118 5990 17.6
118 5991 17.6
118 5992 17.6
118 5993 17.6
118 5994 17.6
118 5995 17.6
118 5996 17.6
118 5997 17.6
118 5998 17.6
118 5999 17.6
118 6000 17.6
118 6001 17.6
118 6002 17.6
119 6003 17.6
119 6004 17.6
119 6005 17.6
119 6006 17.6
119 6007 17.6
119 6008 17.6
119 6009 17.6
119 6010 17.6
119 6011 17.6
119 6012 17.6
119 6013 17.6
119 6014 17.6
119 6015 17.6
119 6016 17.6
119 6017 17.6
119 6018 17.6
119 6019 17.6
119 6020 17.6
119 6021 17.6
119 6022 17.6
119 6023 17.6
119 6024 17.6
119 6025 17.6
119 6026 17.6
119 6027 17.6
119 6028 17.6
119 6029 17.6
119 6030 17.6
119 6031 17.6
119 6032 17.6
119 6033 17.6
119 6034 17.6
119 6035 17.6
119 6036 17.6
119 6037 17.6
119 6038 17.6
119 6039 17.6
119 6040 17.6
119 6041 17.6
119 6042 17.6
119 6043 17.6
119 6044 17.6
119 6045 17.6
119 6046 17.6
119 6047 17.6
119 6048 17.6
119 6049 17.6
119 6050 17.6
120 6051 17.6
120 6052 17.6
120 6053 17.6
120 6054 17.6
120 6055 17.6
120 6056 17.6
120 6057 17.6
120 6058 17.6
120 6059 17.6
120 6060 17.6
120 6061 17.6
120 6062 17.6
120 6063 17.6
120 6064 17.6
120 6065 17.6
120 6066 17.6
120 6067 17.6
120 6068 17.6
120 6069 17.6
120 6070 17.6
120 6071 17.6
120 6072 17.6
120 6073 17.6
120 6074 17.6
120 6075 17.6
120 6076 17.6
120 6077 17.6
120 6078 17.6
120 6079 17.6
120 6080 17.6
120 6081 17.6
120 6082 17.6
120 6083 17.6
120 6084 17.6
120 6085 17.6
120 6086 17.6
120 6087 17.6
120 6088 17.6
120 6089 17.6
120 6090 17.6
120 6091 17.6
120 6092 17.6
120 6093 17.6
120 6094 17.6
120 6095 17.6
120 6096 17.6
120 6097 17.6
120 6098 17.6
120 6099 17.6
120 6100 17.6
120 6101 17.6
121 6102 17.6
