1 1 49.5
1 2 49.5
1 3 49.5
1 4 49.5
1 5 49.5
1 6 49.5
1 7 49.5
1 8 49.1
1 9 49.1
1 10 47.4
1 11 47.4
1 12 47.4
1 13 47.4
1 14 46.9
1 15 46.9
1 16 46.9
1 17 46.9
1 18 46.9
1 19 45.9
1 20 45.9
1 21 45.9
1 22 45.9
1 23 45.9
1 24 45.9
1 25 45.9
1 26 45.9
1 27 45.9
2 28 44.8
2 29 44.8
2 30 44.8
2 31 44.8
2 32 44.8
2 33 44.8
2 34 44.8
2 35 44.5
2 36 44.5
2 37 41.0
2 38 41.0
2 39 41.0
2 40 41.0
2 41 41.0
2 42 40.8
2 43 40.8
2 44 40.8
2 45 40.8
2 46 40.8
2 47 40.8
2 48 40.8
2 49 40.8
2 50 40.8
2 51 40.8
2 52 40.8
2 53 40.8
2 54 40.8
2 55 40.8
2 56 40.0
2 57 40.0
2 58 40.0
2 59 40.0
2 60 40.0
2 61 40.0
2 62 39.8
2 63 39.8
2 64 39.8
2 65 39.8
2 66 39.4
2 67 39.4
2 68 39.4
2 69 39.4
2 70 39.4
3 71 38.4
3 72 38.4
3 73 38.4
3 74 38.4
3 75 38.4
3 76 38.4
3 77 37.4
3 78 37.4
3 79 37.4
3 80 37.4
3 81 37.4
3 82 37.4
3 83 37.2
3 84 37.2
3 85 36.8
3 86 36.8
3 87 36.8
3 88 36.8
3 89 36.8
3 90 36.8
3 91 36.8
3 92 36.8
3 93 36.7
3 94 36.7
3 95 36.0
3 96 36.0
3 97 34.2
3 98 34.2
3 99 34.2
3 100 34.2
3 101 34.2
3 102 34.2
3 103 34.2
3 104 34.2
3 105 34.2
3 106 34.2
3 107 34.2
3 108 34.2
3 109 34.2
3 110 34.2
3 111 34.2
3 112 34.2
3 113 34.2
3 114 34.2
3 115 34.2
3 116 34.2
4 117 34.2
4 118 34.2
4 119 34.2
4 120 33.8
4 121 33.8
4 122 33.8
4 123 33.8
4 124 33.8
4 125 33.8
4 126 33.8
4 127 33.8
4 128 33.8
4 129 33.8
4 130 33.8
4 131 33.8
4 132 33.8
4 133 33.8
4 134 33.8
4 135 33.8
4 136 33.8
4 137 33.8
4 138 33.8
4 139 33.8
4 140 33.8
4 141 33.8
4 142 33.8
4 143 33.8
4 144 33.8
4 145 33.8
4 146 33.8
4 147 33.8
4 148 33.1
4 149 33.1
4 150 33.1
4 151 33.1
4 152 33.1
4 153 33.1
4 154 33.1
4 155 33.1
4 156 33.0
4 157 33.0
4 158 33.0
4 159 33.0
4 160 33.0
4 161 33.0
4 162 33.0
4 163 33.0
4 164 33.0
4 165 33.0
5 166 33.0
5 167 33.0
5 168 33.0
5 169 33.0
5 170 33.0
5 171 33.0
5 172 33.0
5 173 33.0
5 174 33.0
5 175 33.0
5 176 33.0
5 177 33.0
5 178 33.0
5 179 33.0
5 180 33.0
5 181 33.0
5 182 33.0
5 183 33.0
5 184 33.0
5 185 33.0
5 186 33.0
5 187 33.0
5 188 33.0
5 189 33.0
5 190 33.0
5 191 33.0
5 192 33.0
5 193 33.0
5 194 33.0
5 195 33.0
5 196 33.0
5 197 33.0
5 198 33.0
5 199 33.0
5 200 33.0
5 201 33.0
5 202 33.0
5 203 33.0
5 204 33.0
5 205 33.0
5 206 33.0
5 207 33.0
5 208 33.0
5 209 33.0
5 210 33.0
5 211 33.0
5 212 33.0
5 213 33.0
5 214 33.0
6 215 33.0
6 216 33.0
6 217 33.0
6 218 33.0
6 219 33.0
6 220 33.0
6 221 33.0
6 222 33.0
6 223 33.0
6 224 33.0
6 225 33.0
6 226 33.0
6 227 33.0
6 228 33.0
6 229 33.0
6 230 33.0
6 231 33.0
6 232 33.0
6 233 33.0
6 234 33.0
6 235 33.0
6 236 33.0
6 237 33.0
6 238 33.0
6 239 33.0
6 240 33.0
6 241 33.0
6 242 33.0
6 243 33.0
6 244 33.0
6 245 33.0
6 246 33.0
6 247 33.0
6 248 33.0
6 249 33.0
6 250 33.0
6 251 33.0
6 252 33.0
6 253 33.0
6 254 33.0
6 255 33.0
6 256 33.0
6 257 33.0
6 258 33.0
6 259 33.0
6 260 33.0
6 261 33.0
6 262 33.0
6 263 33.0
6 264 33.0
6 265 33.0
6 266 33.0
7 267 33.0
7 268 33.0
7 269 33.0
7 270 33.0
7 271 33.0
7 272 33.0
7 273 33.0
7 274 33.0
7 275 33.0
7 276 33.0
7 277 33.0
7 278 33.0
7 279 33.0
7 280 33.0
7 281 33.0
7 282 33.0
7 283 33.0
7 284 33.0
7 285 33.0
7 286 33.0
7 287 33.0
7 288 33.0
7 289 33.0
7 290 33.0
7 291 33.0
7 292 33.0
7 293 33.0
7 294 33.0
7 295 33.0
7 296 33.0
7 297 33.0
7 298 33.0
7 299 33.0
7 300 33.0
7 301 33.0
7 302 33.0
7 303 33.0
7 304 33.0
7 305 33.0
7 306 33.0
7 307 33.0
7 308 33.0
7 309 33.0
7 310 33.0
7 311 33.0
7 312 33.0
7 313 33.0
7 314 33.0
7 315 33.0
7 316 33.0
8 317 33.0
8 318 33.0
8 319 33.0
8 320 33.0
8 321 32.8
8 322 32.8
8 323 32.8
8 324 32.8
8 325 32.8
8 326 32.5
8 327 32.5
8 328 32.5
8 329 32.5
8 330 32.5
8 331 32.5
8 332 32.5
8 333 32.5
8 334 32.5
8 335 32.5
8 336 32.5
8 337 32.5
8 338 32.5
8 339 32.5
8 340 32.5
8 341 32.5
8 342 32.5
8 343 32.5
8 344 32.5
8 345 32.5
8 346 32.5
8 347 32.5
8 348 32.5
8 349 32.5
8 350 32.5
8 351 32.5
8 352 32.5
8 353 32.5
8 354 32.4
8 355 32.4
8 356 32.4
8 357 32.4
8 358 32.4
8 359 32.4
8 360 32.4
8 361 32.4
8 362 32.4
8 363 32.2
8 364 32.2
8 365 32.2
8 366 32.2
8 367 32.2
8 368 32.2
9 369 32.2
9 370 32.2
9 371 32.2
9 372 32.2
9 373 32.0
9 374 32.0
9 375 32.0
9 376 32.0
9 377 32.0
9 378 32.0
9 379 32.0
9 380 32.0
9 381 32.0
9 382 32.0
9 383 32.0
9 384 32.0
9 385 32.0
9 386 32.0
9 387 32.0
9 388 32.0
9 389 32.0
9 390 32.0
9 391 32.0
9 392 32.0
9 393 32.0
9 394 32.0
9 395 32.0
9 396 32.0
9 397 32.0
9 398 32.0
9 399 32.0
9 400 32.0
9 401 32.0
9 402 32.0
9 403 32.0
9 404 32.0
9 405 32.0
9 406 32.0
9 407 32.0
9 408 32.0
9 409 32.0
9 410 32.0
9 411 32.0
9 412 32.0
9 413 32.0
9 414 32.0
9 415 32.0
9 416 32.0
9 417 32.0
10 418 32.0
10 419 32.0
10 420 32.0
10 421 32.0
10 422 32.0
10 423 32.0
10 424 32.0
10 425 32.0
10 426 32.0
10 427 32.0
10 428 32.0
10 429 32.0
10 430 32.0
10 431 32.0
10 432 32.0
10 433 32.0
10 434 32.0
10 435 32.0
10 436 32.0
10 437 32.0
10 438 32.0
10 439 32.0
10 440 32.0
10 441 32.0
10 442 32.0
10 443 32.0
10 444 32.0
10 445 32.0
10 446 32.0
10 447 32.0
10 448 32.0
10 449 32.0
10 450 32.0
10 451 32.0
10 452 32.0
10 453 32.0
10 454 32.0
10 455 32.0
10 456 32.0
10 457 32.0
10 458 32.0
10 459 32.0
10 460 32.0
10 461 32.0
10 462 32.0
10 463 32.0
10 464 32.0
10 465 32.0
10 466 32.0
11 467 32.0
11 468 32.0
11 469 32.0
11 470 32.0
11 471 32.0
11 472 32.0
11 473 32.0
11 474 32.0
11 475 32.0
11 476 32.0
11 477 32.0
11 478 32.0
11 479 32.0
11 480 32.0
11 481 32.0
11 482 32.0
11 483 32.0
11 484 32.0
11 485 32.0
11 486 32.0
11 487 32.0
11 488 32.0
11 489 32.0
11 490 32.0
11 491 32.0
11 492 32.0
11 493 32.0
11 494 32.0
11 495 32.0
11 496 32.0
11 497 32.0
11 498 32.0
11 499 32.0
11 500 32.0
11 501 32.0
11 502 32.0
11 503 32.0
11 504 32.0
11 505 32.0
11 506 32.0
11 507 32.0
11 508 32.0
11 509 32.0
11 510 32.0
11 511 32.0
11 512 32.0
11 513 32.0
11 514 32.0
11 515 32.0
11 516 32.0
12 517 32.0
12 518 32.0
12 519 32.0
12 520 32.0
12 521 32.0
12 522 32.0
12 523 32.0
12 524 32.0
12 525 32.0
12 526 32.0
12 527 32.0
12 528 32.0
12 529 32.0
12 530 32.0
12 531 32.0
12 532 32.0
12 533 32.0
12 534 32.0
12 535 32.0
12 536 32.0
12 537 32.0
12 538 32.0
12 539 32.0
12 540 32.0
12 541 32.0
12 542 32.0
12 543 32.0
12 544 32.0
12 545 32.0
12 546 32.0
12 547 32.0
12 548 32.0
12 549 32.0
12 550 32.0
12 551 32.0
12 552 32.0
12 553 32.0
12 554 32.0
12 555 32.0
12 556 32.0
12 557 32.0
12 558 32.0
12 559 32.0
12 560 32.0
12 561 32.0
13 562 32.0
13 563 32.0
13 564 32.0
13 565 32.0
13 566 32.0
13 567 32.0
13 568 32.0
13 569 32.0
13 570 32.0
13 571 32.0
13 572 32.0
13 573 32.0
13 574 32.0
13 575 32.0
13 576 32.0
13 577 32.0
13 578 32.0
13 579 32.0
13 580 32.0
13 581 32.0
13 582 32.0
13 583 32.0
13 584 32.0
13 585 32.0
13 586 32.0
13 587 32.0
13 588 32.0
13 589 32.0
13 590 32.0
13 591 32.0
13 592 32.0
13 593 32.0
13 594 32.0
13 595 32.0
13 596 32.0
13 597 32.0
13 598 32.0
13 599 32.0
13 600 32.0
13 601 32.0
13 602 32.0
13 603 32.0
13 604 32.0
14 605 32.0
14 606 32.0
14 607 32.0
14 608 32.0
14 609 32.0
14 610 32.0
14 611 32.0
14 612 32.0
14 613 32.0
14 614 32.0
14 615 32.0
14 616 32.0
14 617 32.0
14 618 32.0
14 619 32.0
14 620 32.0
14 621 32.0
14 622 32.0
14 623 32.0
14 624 32.0
14 625 32.0
14 626 32.0
14 627 32.0
14 628 32.0
14 629 32.0
14 630 32.0
14 631 32.0
14 632 32.0
14 633 32.0
14 634 30.4
14 635 30.4
14 636 30.4
14 637 30.4
14 638 30.4
14 639 30.4
14 640 30.4
14 641 29.7
14 642 29.1
14 643 29.1
14 644 29.1
14 645 29.0
14 646 29.0
14 647 29.0
14 648 29.0
14 649 29.0
14 650 29.0
14 651 29.0
14 652 29.0
14 653 29.0
14 654 29.0
15 655 29.0
15 656 29.0
15 657 29.0
15 658 29.0
15 659 28.9
15 660 28.9
15 661 28.9
15 662 28.9
15 663 28.9
15 664 28.9
15 665 28.9
15 666 28.9
15 667 28.9
15 668 28.9
15 669 28.9
15 670 28.9
15 671 28.9
15 672 28.9
15 673 28.9
15 674 28.9
15 675 28.9
15 676 28.9
15 677 28.9
15 678 28.9
15 679 28.9
15 680 28.9
15 681 28.9
15 682 28.9
15 683 28.9
15 684 28.9
15 685 28.9
15 686 28.9
15 687 28.9
15 688 28.9
15 689 28.9
15 690 28.9
15 691 28.9
15 692 28.9
15 693 28.9
15 694 28.9
15 695 28.9
15 696 28.9
15 697 28.9
15 698 28.9
15 699 28.9
15 700 28.9
15 701 28.9
15 702 28.9
15 703 28.9
15 704 28.9
15 705 28.9
16 706 28.9
16 707 28.9
16 708 28.9
16 709 28.9
16 710 28.9
16 711 28.9
16 712 28.9
16 713 28.9
16 714 28.9
16 715 28.8
16 716 28.8
16 717 28.8
16 718 28.8
16 719 28.8
16 720 28.8
16 721 28.8
16 722 28.8
16 723 28.8
16 724 28.8
16 725 28.8
16 726 28.8
16 727 28.8
16 728 28.8
16 729 28.8
16 730 28.8
16 731 28.8
16 732 28.8
16 733 28.8
16 734 28.8
16 735 28.8
16 736 28.8
16 737 28.8
16 738 28.8
16 739 28.8
16 740 28.8
16 741 28.8
16 742 28.8
16 743 28.8
16 744 28.8
16 745 28.8
16 746 28.8
16 747 28.8
16 748 28.8
16 749 28.8
16 750 28.8
16 751 28.8
16 752 28.8
16 753 28.8
16 754 28.8
17 755 28.8
17 756 28.8
17 757 28.8
17 758 28.8
17 759 28.8
17 760 28.8
17 761 28.8
17 762 28.8
17 763 28.8
17 764 28.8
17 765 28.8
17 766 28.8
17 767 28.8
17 768 28.8
17 769 28.8
17 770 28.8
17 771 28.8
17 772 28.8
17 773 28.8
17 774 28.8
17 775 28.8
17 776 28.8
17 777 28.8
17 778 28.8
17 779 28.8
17 780 28.8
17 781 28.8
17 782 28.8
17 783 28.8
17 784 28.8
17 785 28.8
17 786 28.8
17 787 28.8
17 788 28.8
17 789 28.8
17 790 28.8
17 791 28.8
17 792 28.8
17 793 28.8
17 794 28.8
17 795 28.8
17 796 28.8
17 797 28.8
17 798 28.8
17 799 28.8
17 800 28.8
17 801 28.8
17 802 28.8
17 803 28.8
17 804 28.8
17 805 28.8
17 806 28.8
18 807 28.8
18 808 28.8
18 809 28.8
18 810 28.8
18 811 28.8
18 812 28.8
18 813 28.8
18 814 28.8
18 815 28.8
18 816 28.8
18 817 28.8
18 818 28.8
18 819 28.8
18 820 28.8
18 821 28.8
18 822 28.8
18 823 28.8
18 824 28.8
18 825 28.8
18 826 28.8
18 827 28.8
18 828 28.8
18 829 28.8
18 830 28.8
18 831 28.8
18 832 28.8
18 833 28.8
18 834 28.8
18 835 28.8
18 836 28.8
18 837 28.8
18 838 28.8
18 839 28.8
18 840 28.8
18 841 28.8
18 842 28.8
18 843 28.8
18 844 28.8
18 845 28.8
18 846 28.8
18 847 28.8
18 848 28.8
18 849 28.8
18 850 28.8
18 851 28.8
18 852 28.8
18 853 28.8
18 854 28.8
18 855 28.8
19 856 28.8
19 857 28.8
19 858 28.8
19 859 28.8
19 860 28.8
19 861 28.8
19 862 28.8
19 863 28.8
19 864 28.8
19 865 28.8
19 866 28.8
19 867 28.8
19 868 28.8
19 869 28.8
19 870 28.8
19 871 28.8
19 872 28.8
19 873 28.8
19 874 28.8
19 875 28.8
19 876 28.8
19 877 28.8
19 878 28.8
19 879 28.8
19 880 28.8
19 881 28.8
19 882 28.8
19 883 28.8
19 884 28.8
19 885 28.8
19 886 28.8
19 887 28.8
19 888 28.8
19 889 28.8
19 890 28.8
19 891 28.8
19 892 28.8
19 893 28.8
19 894 28.8
19 895 28.8
19 896 28.8
19 897 28.8
19 898 28.8
19 899 28.8
19 900 28.8
19 901 28.8
19 902 28.8
19 903 28.8
20 904 28.8
20 905 28.8
20 906 28.8
20 907 28.8
20 908 28.8
20 909 28.8
20 910 28.8
20 911 28.8
20 912 28.8
20 913 28.8
20 914 28.8
20 915 28.8
20 916 28.8
20 917 28.8
20 918 28.8
20 919 28.8
20 920 28.8
20 921 28.8
20 922 28.8
20 923 28.8
20 924 28.8
20 925 28.8
20 926 28.8
20 927 28.8
20 928 28.8
20 929 28.8
20 930 28.8
20 931 28.8
20 932 28.8
20 933 28.8
20 934 28.8
20 935 28.8
20 936 28.8
20 937 28.8
20 938 28.8
20 939 28.8
20 940 28.8
20 941 28.8
20 942 28.8
20 943 28.8
20 944 28.8
20 945 28.8
20 946 28.8
20 947 28.8
20 948 28.8
20 949 28.8
20 950 28.8
20 951 28.8
20 952 28.8
20 953 28.8
21 954 28.8
21 955 28.8
21 956 28.8
21 957 28.8
21 958 28.8
21 959 28.8
21 960 28.8
21 961 28.8
21 962 28.8
21 963 28.8
21 964 28.8
21 965 28.8
21 966 28.8
21 967 28.8
21 968 28.8
21 969 28.8
21 970 28.8
21 971 28.8
21 972 28.8
21 973 28.8
21 974 28.8
21 975 28.8
21 976 28.8
21 977 28.8
21 978 28.8
21 979 28.8
21 980 28.8
21 981 28.8
21 982 28.8
21 983 28.8
21 984 28.8
21 985 28.8
21 986 28.8
21 987 28.8
21 988 28.8
21 989 28.8
21 990 28.8
21 991 28.8
21 992 28.8
21 993 28.8
21 994 28.8
21 995 28.8
21 996 28.8
21 997 28.8
21 998 28.8
21 999 28.8
21 1000 28.8
21 1001 28.8
21 1002 28.8
21 1003 28.8
22 1004 28.8
22 1005 28.8
22 1006 28.8
22 1007 28.8
22 1008 28.8
22 1009 28.8
22 1010 28.8
22 1011 28.8
22 1012 28.8
22 1013 28.8
22 1014 28.8
22 1015 28.8
22 1016 28.8
22 1017 28.8
22 1018 28.8
22 1019 28.8
22 1020 28.8
22 1021 28.8
22 1022 28.8
22 1023 28.8
22 1024 28.8
22 1025 28.8
22 1026 28.8
22 1027 28.8
22 1028 28.8
22 1029 28.8
22 1030 28.8
22 1031 28.8
22 1032 28.8
22 1033 28.8
22 1034 28.8
22 1035 28.8
22 1036 28.8
22 1037 28.8
22 1038 28.8
22 1039 28.8
22 1040 28.8
22 1041 28.8
22 1042 28.8
22 1043 28.8
22 1044 28.8
22 1045 28.8
22 1046 28.8
22 1047 28.8
22 1048 28.8
22 1049 28.8
22 1050 28.8
22 1051 28.8
22 1052 28.8
22 1053 28.8
23 1054 28.8
23 1055 28.8
23 1056 28.8
23 1057 28.8
23 1058 28.8
23 1059 28.8
23 1060 28.8
23 1061 28.8
23 1062 28.8
23 1063 28.8
23 1064 28.8
23 1065 28.8
23 1066 28.8
23 1067 28.8
23 1068 28.8
23 1069 28.8
23 1070 28.8
23 1071 28.8
23 1072 28.8
23 1073 28.8
23 1074 28.8
23 1075 28.8
23 1076 28.8
23 1077 28.8
23 1078 28.8
23 1079 28.8
23 1080 28.8
23 1081 28.8
23 1082 28.8
23 1083 28.8
23 1084 28.8
23 1085 28.8
23 1086 28.8
23 1087 28.8
23 1088 28.8
23 1089 28.8
23 1090 28.8
23 1091 28.8
23 1092 28.8
23 1093 28.8
23 1094 28.8
23 1095 28.8
23 1096 28.8
23 1097 28.8
23 1098 28.8
23 1099 28.8
23 1100 28.8
23 1101 28.8
23 1102 28.8
24 1103 28.8
24 1104 28.8
24 1105 28.8
24 1106 28.8
24 1107 28.8
24 1108 28.8
24 1109 28.8
24 1110 28.8
24 1111 28.8
24 1112 28.8
24 1113 28.8
24 1114 28.8
24 1115 28.8
24 1116 28.8
24 1117 28.8
24 1118 28.8
24 1119 28.8
24 1120 28.8
24 1121 28.8
24 1122 28.8
24 1123 28.8
24 1124 28.8
24 1125 28.8
24 1126 28.8
24 1127 28.8
24 1128 28.8
24 1129 28.8
24 1130 28.8
24 1131 28.8
24 1132 28.8
24 1133 28.8
24 1134 28.8
24 1135 28.8
24 1136 28.8
24 1137 28.8
24 1138 28.8
24 1139 28.8
24 1140 28.8
24 1141 28.8
24 1142 28.8
24 1143 28.8
24 1144 28.8
24 1145 28.8
24 1146 28.8
24 1147 28.8
24 1148 28.8
24 1149 28.8
24 1150 28.8
24 1151 28.8
25 1152 28.8
25 1153 28.8
25 1154 28.8
25 1155 28.8
25 1156 28.8
25 1157 28.8
25 1158 28.8
25 1159 28.8
25 1160 28.8
25 1161 28.8
25 1162 28.8
25 1163 28.8
25 1164 28.8
25 1165 28.8
25 1166 28.8
25 1167 28.8
25 1168 28.8
25 1169 28.8
25 1170 28.8
25 1171 28.8
25 1172 28.8
25 1173 28.8
25 1174 28.8
25 1175 28.8
25 1176 28.8
25 1177 28.8
25 1178 28.8
25 1179 28.8
25 1180 28.8
25 1181 28.8
25 1182 28.8
25 1183 28.8
25 1184 28.8
25 1185 28.8
25 1186 28.8
25 1187 28.8
25 1188 28.8
25 1189 28.8
25 1190 28.8
25 1191 28.8
25 1192 28.8
25 1193 28.8
25 1194 28.8
25 1195 28.8
25 1196 28.8
25 1197 28.8
26 1198 28.8
26 1199 28.8
26 1200 28.8
26 1201 28.8
26 1202 28.8
26 1203 28.8
26 1204 28.8
26 1205 28.8
26 1206 28.8
26 1207 28.8
26 1208 28.8
26 1209 28.8
26 1210 28.8
26 1211 28.8
26 1212 28.8
26 1213 28.8
26 1214 28.8
26 1215 28.8
26 1216 28.8
26 1217 28.8
26 1218 28.8
26 1219 28.8
26 1220 28.8
26 1221 28.8
26 1222 28.8
26 1223 28.8
26 1224 28.8
26 1225 28.8
26 1226 28.8
26 1227 28.8
26 1228 28.8
26 1229 28.8
26 1230 28.8
26 1231 28.8
26 1232 28.8
26 1233 28.8
26 1234 28.8
26 1235 28.8
26 1236 28.8
26 1237 28.8
26 1238 28.8
26 1239 28.8
26 1240 28.8
26 1241 28.8
26 1242 28.8
26 1243 28.8
26 1244 28.8
26 1245 28.8
27 1246 28.8
27 1247 28.8
27 1248 28.8
27 1249 28.8
27 1250 28.8
27 1251 28.8
27 1252 28.8
27 1253 28.8
27 1254 28.8
27 1255 28.8
27 1256 28.8
27 1257 28.8
27 1258 28.8
27 1259 28.8
27 1260 28.8
27 1261 28.8
27 1262 28.8
27 1263 28.8
27 1264 28.8
27 1265 28.8
27 1266 28.8
27 1267 28.8
27 1268 28.8
27 1269 28.8
27 1270 28.8
27 1271 28.8
27 1272 28.8
27 1273 28.8
27 1274 28.8
27 1275 28.8
27 1276 28.8
27 1277 28.8
27 1278 28.3
27 1279 28.3
27 1280 28.3
27 1281 28.3
27 1282 28.3
27 1283 27.8
27 1284 27.8
27 1285 27.8
27 1286 27.8
27 1287 27.8
27 1288 27.8
27 1289 27.8
27 1290 27.8
27 1291 27.8
27 1292 27.8
27 1293 27.8
27 1294 27.8
28 1295 27.8
28 1296 27.8
28 1297 27.8
28 1298 27.8
28 1299 27.8
28 1300 27.8
28 1301 27.8
28 1302 27.8
28 1303 27.8
28 1304 27.8
28 1305 27.8
28 1306 27.7
28 1307 27.7
28 1308 27.7
28 1309 27.7
28 1310 27.7
28 1311 27.7
28 1312 27.7
28 1313 27.7
28 1314 27.7
28 1315 27.7
28 1316 27.7
28 1317 27.7
28 1318 27.7
28 1319 27.7
28 1320 27.6
28 1321 27.6
28 1322 27.6
28 1323 27.6
28 1324 27.6
28 1325 27.6
28 1326 27.6
28 1327 27.6
28 1328 27.6
28 1329 27.6
28 1330 26.9
28 1331 26.9
28 1332 26.9
28 1333 26.9
28 1334 26.9
28 1335 26.9
28 1336 26.9
28 1337 26.9
28 1338 26.7
28 1339 26.7
28 1340 26.2
28 1341 26.2
28 1342 26.2
28 1343 26.2
28 1344 26.2
29 1345 26.2
29 1346 26.2
29 1347 26.2
29 1348 26.2
29 1349 26.1
29 1350 26.1
29 1351 26.1
29 1352 26.0
29 1353 26.0
29 1354 26.0
29 1355 26.0
29 1356 26.0
29 1357 26.0
29 1358 26.0
29 1359 26.0
29 1360 26.0
29 1361 26.0
29 1362 26.0
29 1363 26.0
29 1364 26.0
29 1365 26.0
29 1366 26.0
29 1367 26.0
29 1368 26.0
29 1369 26.0
29 1370 26.0
29 1371 26.0
29 1372 26.0
29 1373 26.0
29 1374 26.0
29 1375 26.0
29 1376 26.0
29 1377 26.0
29 1378 26.0
29 1379 26.0
29 1380 26.0
29 1381 26.0
29 1382 26.0
29 1383 26.0
29 1384 26.0
29 1385 26.0
29 1386 26.0
29 1387 26.0
29 1388 26.0
29 1389 26.0
29 1390 26.0
29 1391 26.0
29 1392 26.0
29 1393 26.0
30 1394 26.0
30 1395 26.0
30 1396 26.0
30 1397 26.0
30 1398 26.0
30 1399 26.0
30 1400 26.0
30 1401 26.0
30 1402 26.0
30 1403 26.0
30 1404 26.0
30 1405 26.0
30 1406 26.0
30 1407 26.0
30 1408 26.0
30 1409 26.0
30 1410 26.0
30 1411 26.0
30 1412 26.0
30 1413 26.0
30 1414 26.0
30 1415 26.0
30 1416 26.0
30 1417 26.0
30 1418 26.0
30 1419 26.0
30 1420 26.0
30 1421 26.0
30 1422 26.0
30 1423 26.0
30 1424 26.0
30 1425 26.0
30 1426 26.0
30 1427 26.0
30 1428 26.0
30 1429 26.0
30 1430 26.0
30 1431 26.0
30 1432 26.0
30 1433 26.0
30 1434 26.0
30 1435 26.0
30 1436 26.0
30 1437 26.0
30 1438 26.0
30 1439 26.0
30 1440 26.0
30 1441 26.0
31 1442 26.0
31 1443 26.0
31 1444 26.0
31 1445 26.0
31 1446 26.0
31 1447 26.0
31 1448 26.0
31 1449 26.0
31 1450 26.0
31 1451 26.0
31 1452 26.0
31 1453 26.0
31 1454 26.0
31 1455 26.0
31 1456 26.0
31 1457 26.0
31 1458 26.0
31 1459 26.0
31 1460 26.0
31 1461 26.0
31 1462 26.0
31 1463 26.0
31 1464 26.0
31 1465 26.0
31 1466 26.0
31 1467 26.0
31 1468 26.0
31 1469 26.0
31 1470 26.0
31 1471 26.0
31 1472 26.0
31 1473 26.0
31 1474 26.0
31 1475 26.0
31 1476 26.0
31 1477 26.0
31 1478 26.0
31 1479 26.0
31 1480 26.0
31 1481 26.0
31 1482 26.0
31 1483 26.0
31 1484 26.0
31 1485 26.0
31 1486 26.0
31 1487 26.0
31 1488 26.0
32 1489 26.0
32 1490 26.0
32 1491 26.0
32 1492 26.0
32 1493 26.0
32 1494 26.0
32 1495 26.0
32 1496 26.0
32 1497 26.0
32 1498 26.0
32 1499 26.0
32 1500 26.0
32 1501 26.0
32 1502 26.0
32 1503 26.0
32 1504 26.0
32 1505 26.0
32 1506 26.0
32 1507 26.0
32 1508 26.0
32 1509 26.0
32 1510 26.0
32 1511 26.0
32 1512 26.0
32 1513 26.0
32 1514 26.0
32 1515 26.0
32 1516 26.0
32 1517 26.0
32 1518 26.0
32 1519 26.0
32 1520 26.0
32 1521 26.0
32 1522 26.0
32 1523 26.0
32 1524 26.0
32 1525 26.0
32 1526 26.0
32 1527 26.0
32 1528 26.0
32 1529 26.0
32 1530 26.0
32 1531 26.0
32 1532 26.0
32 1533 26.0
32 1534 26.0
32 1535 26.0
32 1536 26.0
32 1537 26.0
33 1538 26.0
33 1539 26.0
33 1540 26.0
33 1541 26.0
33 1542 26.0
33 1543 26.0
33 1544 26.0
33 1545 26.0
33 1546 26.0
33 1547 26.0
33 1548 26.0
33 1549 26.0
33 1550 26.0
33 1551 26.0
33 1552 26.0
33 1553 26.0
33 1554 26.0
33 1555 26.0
33 1556 26.0
33 1557 26.0
33 1558 26.0
33 1559 26.0
33 1560 26.0
33 1561 26.0
33 1562 26.0
33 1563 26.0
33 1564 26.0
33 1565 26.0
33 1566 26.0
33 1567 26.0
33 1568 26.0
33 1569 26.0
33 1570 26.0
33 1571 26.0
33 1572 26.0
33 1573 26.0
33 1574 26.0
33 1575 26.0
33 1576 26.0
33 1577 26.0
33 1578 26.0
33 1579 26.0
33 1580 26.0
33 1581 26.0
33 1582 26.0
33 1583 26.0
33 1584 26.0
33 1585 26.0
33 1586 26.0
34 1587 26.0
34 1588 26.0
34 1589 26.0
34 1590 26.0
34 1591 26.0
34 1592 26.0
34 1593 26.0
34 1594 26.0
34 1595 26.0
34 1596 26.0
34 1597 26.0
34 1598 26.0
34 1599 26.0
34 1600 26.0
34 1601 26.0
34 1602 26.0
34 1603 26.0
34 1604 26.0
34 1605 26.0
34 1606 26.0
34 1607 26.0
34 1608 26.0
34 1609 26.0
34 1610 26.0
34 1611 26.0
34 1612 26.0
34 1613 26.0
34 1614 26.0
34 1615 26.0
34 1616 26.0
34 1617 26.0
34 1618 26.0
34 1619 26.0
34 1620 26.0
34 1621 26.0
34 1622 26.0
34 1623 26.0
34 1624 26.0
34 1625 26.0
34 1626 26.0
34 1627 26.0
34 1628 26.0
34 1629 26.0
34 1630 26.0
34 1631 26.0
34 1632 26.0
34 1633 26.0
34 1634 26.0
34 1635 26.0
34 1636 26.0
35 1637 26.0
35 1638 26.0
35 1639 26.0
35 1640 26.0
35 1641 26.0
35 1642 26.0
35 1643 26.0
35 1644 26.0
35 1645 26.0
35 1646 26.0
35 1647 26.0
35 1648 26.0
35 1649 26.0
35 1650 26.0
35 1651 26.0
35 1652 26.0
35 1653 26.0
35 1654 26.0
35 1655 26.0
35 1656 26.0
35 1657 26.0
35 1658 26.0
35 1659 26.0
35 1660 26.0
35 1661 26.0
35 1662 26.0
35 1663 26.0
35 1664 26.0
35 1665 26.0
35 1666 26.0
35 1667 26.0
35 1668 26.0
35 1669 26.0
35 1670 26.0
35 1671 26.0
35 1672 26.0
35 1673 26.0
35 1674 26.0
35 1675 26.0
35 1676 26.0
35 1677 26.0
35 1678 26.0
35 1679 26.0
35 1680 26.0
35 1681 26.0
35 1682 26.0
35 1683 26.0
35 1684 26.0
35 1685 26.0
35 1686 26.0
35 1687 26.0
36 1688 26.0
36 1689 26.0
36 1690 26.0
36 1691 26.0
36 1692 26.0
36 1693 26.0
36 1694 26.0
36 1695 26.0
36 1696 26.0
36 1697 26.0
36 1698 26.0
36 1699 26.0
36 1700 26.0
36 1701 26.0
36 1702 26.0
36 1703 26.0
36 1704 26.0
36 1705 26.0
36 1706 26.0
36 1707 26.0
36 1708 26.0
36 1709 26.0
36 1710 26.0
36 1711 26.0
36 1712 26.0
36 1713 26.0
36 1714 26.0
36 1715 26.0
36 1716 26.0
36 1717 26.0
36 1718 26.0
36 1719 26.0
36 1720 26.0
36 1721 26.0
36 1722 26.0
36 1723 26.0
36 1724 26.0
36 1725 26.0
36 1726 26.0
36 1727 26.0
36 1728 26.0
36 1729 26.0
36 1730 26.0
36 1731 26.0
36 1732 26.0
36 1733 26.0
36 1734 26.0
36 1735 26.0
36 1736 26.0
37 1737 26.0
37 1738 26.0
37 1739 26.0
37 1740 26.0
37 1741 26.0
37 1742 26.0
37 1743 26.0
37 1744 26.0
37 1745 26.0
37 1746 26.0
37 1747 26.0
37 1748 26.0
37 1749 26.0
37 1750 26.0
37 1751 26.0
37 1752 26.0
37 1753 26.0
37 1754 26.0
37 1755 26.0
37 1756 26.0
37 1757 26.0
37 1758 26.0
37 1759 26.0
37 1760 26.0
37 1761 26.0
37 1762 26.0
37 1763 26.0
37 1764 26.0
37 1765 26.0
37 1766 26.0
37 1767 26.0
37 1768 26.0
37 1769 26.0
37 1770 26.0
37 1771 26.0
37 1772 26.0
37 1773 26.0
37 1774 26.0
37 1775 26.0
37 1776 26.0
37 1777 26.0
37 1778 26.0
37 1779 26.0
37 1780 26.0
37 1781 26.0
37 1782 26.0
37 1783 26.0
37 1784 26.0
37 1785 26.0
37 1786 26.0
37 1787 26.0
37 1788 26.0
38 1789 26.0
38 1790 26.0
38 1791 26.0
38 1792 26.0
38 1793 26.0
38 1794 26.0
38 1795 26.0
38 1796 26.0
38 1797 26.0
38 1798 26.0
38 1799 26.0
38 1800 26.0
38 1801 26.0
38 1802 26.0
38 1803 26.0
38 1804 26.0
38 1805 26.0
38 1806 26.0
38 1807 26.0
38 1808 26.0
38 1809 26.0
38 1810 26.0
38 1811 26.0
38 1812 26.0
38 1813 26.0
38 1814 26.0
38 1815 26.0
38 1816 26.0
38 1817 26.0
38 1818 26.0
38 1819 26.0
38 1820 26.0
38 1821 26.0
38 1822 26.0
38 1823 26.0
38 1824 26.0
38 1825 26.0
38 1826 26.0
38 1827 26.0
38 1828 26.0
38 1829 26.0
38 1830 26.0
38 1831 26.0
38 1832 26.0
38 1833 26.0
38 1834 26.0
38 1835 26.0
38 1836 26.0
39 1837 26.0
39 1838 26.0
39 1839 26.0
39 1840 26.0
39 1841 26.0
39 1842 26.0
39 1843 26.0
39 1844 26.0
39 1845 26.0
39 1846 26.0
39 1847 26.0
39 1848 26.0
39 1849 26.0
39 1850 26.0
39 1851 26.0
39 1852 26.0
39 1853 26.0
39 1854 26.0
39 1855 26.0
39 1856 26.0
39 1857 26.0
39 1858 26.0
39 1859 26.0
39 1860 26.0
39 1861 26.0
39 1862 26.0
39 1863 26.0
39 1864 26.0
39 1865 26.0
39 1866 26.0
39 1867 26.0
39 1868 26.0
39 1869 26.0
39 1870 26.0
39 1871 26.0
39 1872 26.0
39 1873 26.0
39 1874 26.0
39 1875 26.0
39 1876 26.0
39 1877 26.0
39 1878 26.0
39 1879 26.0
39 1880 26.0
39 1881 26.0
39 1882 26.0
39 1883 26.0
40 1884 26.0
40 1885 26.0
40 1886 26.0
40 1887 26.0
40 1888 26.0
40 1889 26.0
40 1890 26.0
40 1891 26.0
40 1892 26.0
40 1893 26.0
40 1894 26.0
40 1895 26.0
40 1896 26.0
40 1897 26.0
40 1898 26.0
40 1899 26.0
40 1900 26.0
40 1901 26.0
40 1902 26.0
40 1903 26.0
40 1904 26.0
40 1905 26.0
40 1906 26.0
40 1907 26.0
40 1908 26.0
40 1909 26.0
40 1910 26.0
40 1911 26.0
40 1912 26.0
40 1913 26.0
40 1914 26.0
40 1915 26.0
40 1916 26.0
40 1917 26.0
40 1918 26.0
40 1919 26.0
40 1920 26.0
40 1921 26.0
40 1922 26.0
40 1923 26.0
40 1924 26.0
40 1925 26.0
40 1926 26.0
40 1927 26.0
40 1928 26.0
40 1929 26.0
40 1930 26.0
41 1931 26.0
41 1932 26.0
41 1933 26.0
41 1934 26.0
41 1935 26.0
41 1936 26.0
41 1937 26.0
41 1938 26.0
41 1939 26.0
41 1940 26.0
41 1941 26.0
41 1942 26.0
41 1943 26.0
41 1944 26.0
41 1945 26.0
41 1946 26.0
41 1947 26.0
41 1948 26.0
41 1949 26.0
41 1950 26.0
41 1951 26.0
41 1952 26.0
41 1953 26.0
41 1954 26.0
41 1955 26.0
41 1956 26.0
41 1957 26.0
41 1958 26.0
41 1959 26.0
41 1960 26.0
41 1961 26.0
41 1962 26.0
41 1963 26.0
41 1964 26.0
41 1965 26.0
41 1966 26.0
41 1967 26.0
41 1968 26.0
41 1969 26.0
41 1970 26.0
41 1971 26.0
41 1972 26.0
42 1973 26.0
42 1974 26.0
42 1975 26.0
42 1976 26.0
42 1977 26.0
42 1978 26.0
42 1979 26.0
42 1980 26.0
42 1981 26.0
42 1982 26.0
42 1983 26.0
42 1984 26.0
42 1985 26.0
42 1986 26.0
42 1987 26.0
42 1988 26.0
42 1989 26.0
42 1990 26.0
42 1991 26.0
42 1992 26.0
42 1993 26.0
42 1994 26.0
42 1995 26.0
42 1996 26.0
42 1997 26.0
42 1998 26.0
42 1999 26.0
42 2000 26.0
42 2001 26.0
42 2002 26.0
42 2003 26.0
42 2004 26.0
42 2005 26.0
42 2006 26.0
42 2007 26.0
42 2008 26.0
42 2009 26.0
42 2010 26.0
42 2011 26.0
43 2012 26.0
43 2013 26.0
43 2014 26.0
43 2015 26.0
43 2016 26.0
43 2017 26.0
43 2018 26.0
43 2019 26.0
43 2020 26.0
43 2021 26.0
43 2022 26.0
43 2023 26.0
43 2024 26.0
43 2025 26.0
43 2026 26.0
43 2027 26.0
43 2028 26.0
43 2029 26.0
43 2030 26.0
43 2031 26.0
43 2032 26.0
43 2033 26.0
43 2034 26.0
43 2035 26.0
43 2036 26.0
43 2037 26.0
43 2038 26.0
43 2039 26.0
43 2040 26.0
43 2041 26.0
43 2042 26.0
43 2043 26.0
43 2044 26.0
43 2045 26.0
43 2046 26.0
43 2047 26.0
43 2048 26.0
43 2049 26.0
43 2050 26.0
43 2051 26.0
43 2052 26.0
43 2053 26.0
43 2054 26.0
43 2055 26.0
44 2056 26.0
44 2057 26.0
44 2058 26.0
44 2059 26.0
44 2060 26.0
44 2061 26.0
44 2062 26.0
44 2063 26.0
44 2064 26.0
44 2065 26.0
44 2066 26.0
44 2067 26.0
44 2068 26.0
44 2069 26.0
44 2070 26.0
44 2071 26.0
44 2072 26.0
44 2073 26.0
44 2074 26.0
44 2075 26.0
44 2076 26.0
44 2077 26.0
44 2078 26.0
44 2079 26.0
44 2080 26.0
44 2081 26.0
44 2082 26.0
44 2083 26.0
44 2084 26.0
44 2085 26.0
44 2086 26.0
44 2087 26.0
44 2088 26.0
44 2089 26.0
44 2090 26.0
44 2091 26.0
44 2092 26.0
44 2093 26.0
44 2094 25.9
44 2095 25.9
44 2096 25.9
44 2097 25.9
45 2098 25.9
45 2099 25.9
45 2100 25.9
45 2101 25.9
45 2102 25.8
45 2103 25.8
45 2104 25.8
45 2105 25.8
45 2106 25.8
45 2107 25.8
45 2108 25.8
45 2109 25.8
45 2110 25.8
45 2111 25.8
45 2112 25.8
45 2113 25.8
45 2114 25.8
45 2115 25.8
45 2116 25.8
45 2117 25.8
45 2118 25.8
45 2119 25.8
45 2120 25.8
45 2121 25.8
45 2122 25.8
45 2123 25.8
45 2124 25.8
45 2125 25.8
45 2126 25.8
45 2127 25.8
45 2128 25.8
46 2129 25.8
46 2130 25.8
46 2131 25.8
46 2132 25.8
46 2133 25.7
46 2134 25.7
46 2135 25.7
46 2136 25.7
46 2137 25.7
46 2138 25.7
46 2139 25.7
46 2140 25.7
46 2141 25.7
46 2142 25.7
46 2143 25.7
46 2144 25.6
46 2145 25.6
46 2146 25.6
46 2147 25.6
46 2148 25.6
46 2149 25.6
46 2150 25.6
46 2151 25.6
46 2152 25.6
46 2153 25.6
46 2154 25.6
46 2155 25.6
46 2156 25.6
46 2157 25.6
46 2158 25.6
46 2159 25.6
46 2160 25.6
46 2161 25.6
46 2162 25.6
46 2163 25.6
46 2164 25.6
46 2165 25.6
46 2166 25.6
46 2167 25.6
46 2168 25.6
46 2169 25.6
46 2170 25.6
46 2171 25.6
46 2172 25.6
46 2173 25.6
47 2174 25.6
47 2175 25.6
47 2176 25.6
47 2177 25.6
47 2178 25.6
47 2179 25.6
47 2180 25.6
47 2181 25.6
47 2182 25.6
47 2183 25.6
47 2184 25.6
47 2185 25.6
47 2186 25.6
47 2187 25.6
47 2188 25.6
47 2189 25.6
47 2190 25.6
47 2191 25.6
47 2192 25.6
47 2193 25.6
47 2194 25.6
47 2195 25.6
47 2196 25.6
47 2197 25.6
47 2198 25.6
47 2199 25.6
47 2200 25.6
47 2201 25.6
47 2202 25.6
47 2203 25.6
47 2204 25.6
47 2205 25.6
47 2206 25.6
47 2207 25.6
47 2208 25.6
47 2209 25.6
47 2210 25.6
47 2211 25.6
47 2212 25.6
47 2213 25.6
47 2214 25.6
47 2215 25.6
47 2216 25.6
47 2217 25.6
47 2218 25.6
47 2219 25.6
47 2220 25.6
48 2221 25.6
48 2222 25.6
48 2223 25.6
48 2224 25.6
48 2225 25.6
48 2226 25.6
48 2227 25.6
48 2228 25.6
48 2229 25.6
48 2230 25.6
48 2231 25.6
48 2232 25.6
48 2233 25.6
48 2234 25.6
48 2235 25.6
48 2236 25.6
48 2237 25.6
48 2238 25.6
48 2239 25.6
48 2240 25.6
48 2241 25.6
48 2242 25.6
48 2243 25.6
48 2244 25.6
48 2245 25.6
48 2246 25.6
48 2247 25.6
48 2248 25.6
48 2249 25.6
48 2250 25.6
48 2251 25.6
49 2252 25.6
49 2253 25.6
49 2254 25.6
49 2255 25.6
49 2256 25.6
49 2257 25.6
49 2258 25.6
49 2259 25.6
49 2260 25.6
49 2261 25.6
49 2262 25.6
49 2263 25.6
49 2264 25.6
49 2265 25.6
49 2266 25.6
49 2267 25.6
49 2268 25.6
49 2269 25.6
49 2270 25.6
49 2271 25.6
49 2272 25.6
49 2273 25.6
49 2274 25.6
49 2275 25.6
49 2276 25.6
49 2277 25.6
49 2278 25.6
49 2279 25.6
49 2280 25.6
49 2281 25.6
50 2282 25.6
50 2283 25.6
50 2284 25.6
50 2285 25.6
50 2286 25.6
50 2287 25.6
50 2288 25.6
50 2289 25.6
50 2290 25.6
50 2291 25.6
50 2292 25.6
50 2293 25.6
50 2294 25.6
50 2295 25.6
50 2296 25.6
50 2297 25.6
50 2298 25.6
50 2299 25.6
50 2300 25.6
50 2301 25.6
50 2302 25.6
50 2303 25.6
50 2304 25.6
50 2305 25.6
50 2306 25.6
50 2307 25.6
50 2308 25.6
50 2309 25.6
50 2310 25.6
50 2311 25.6
50 2312 25.6
50 2313 25.6
50 2314 25.6
50 2315 25.6
50 2316 25.6
51 2317 25.6
51 2318 25.6
51 2319 25.6
51 2320 25.6
51 2321 25.6
51 2322 25.6
51 2323 25.6
51 2324 25.6
51 2325 25.6
51 2326 25.6
51 2327 25.6
51 2328 25.6
51 2329 25.6
51 2330 25.6
51 2331 25.6
51 2332 25.6
51 2333 25.6
51 2334 25.6
51 2335 25.6
51 2336 25.6
51 2337 25.6
51 2338 25.6
51 2339 25.6
51 2340 25.6
51 2341 25.6
51 2342 25.6
51 2343 25.6
51 2344 25.6
51 2345 25.6
51 2346 25.6
51 2347 25.6
51 2348 25.6
51 2349 25.6
51 2350 25.6
51 2351 25.6
51 2352 25.6
51 2353 25.6
51 2354 25.6
51 2355 25.6
51 2356 25.6
52 2357 25.6
52 2358 25.6
52 2359 25.6
52 2360 25.6
52 2361 25.6
52 2362 25.6
52 2363 25.6
52 2364 25.6
52 2365 25.6
52 2366 25.6
52 2367 25.6
52 2368 25.6
52 2369 25.6
52 2370 25.6
52 2371 25.6
52 2372 25.6
52 2373 25.6
52 2374 25.6
52 2375 25.6
52 2376 25.6
52 2377 25.6
52 2378 25.6
52 2379 25.6
52 2380 25.6
52 2381 25.6
52 2382 25.6
52 2383 25.6
52 2384 25.6
52 2385 25.6
52 2386 25.6
52 2387 25.6
52 2388 25.6
52 2389 25.6
52 2390 25.6
52 2391 25.6
52 2392 25.6
52 2393 25.6
52 2394 25.6
52 2395 25.6
52 2396 25.6
52 2397 25.6
52 2398 25.6
53 2399 25.6
53 2400 25.6
53 2401 25.6
53 2402 25.6
53 2403 25.6
53 2404 25.6
53 2405 25.6
53 2406 25.6
53 2407 25.6
53 2408 25.6
53 2409 25.6
53 2410 25.6
53 2411 25.6
53 2412 25.6
53 2413 25.6
53 2414 25.6
53 2415 25.6
53 2416 25.6
53 2417 25.6
53 2418 25.6
53 2419 25.6
53 2420 25.6
53 2421 25.6
53 2422 25.6
53 2423 25.6
53 2424 25.6
53 2425 25.6
53 2426 25.6
53 2427 25.6
53 2428 25.6
53 2429 25.6
53 2430 25.6
53 2431 25.6
53 2432 25.6
53 2433 25.6
53 2434 25.6
53 2435 25.6
53 2436 25.6
53 2437 25.6
53 2438 25.6
53 2439 25.6
53 2440 25.6
53 2441 25.6
53 2442 25.6
53 2443 25.6
53 2444 25.6
54 2445 25.6
54 2446 25.6
54 2447 25.6
54 2448 25.6
54 2449 25.6
54 2450 25.6
54 2451 25.6
54 2452 25.6
54 2453 25.6
54 2454 25.6
54 2455 25.6
54 2456 25.6
54 2457 25.6
54 2458 25.6
54 2459 25.6
54 2460 25.6
54 2461 25.6
54 2462 25.6
54 2463 25.6
54 2464 25.6
54 2465 25.6
54 2466 25.6
54 2467 25.6
54 2468 25.6
54 2469 25.6
54 2470 25.6
54 2471 25.6
54 2472 25.6
54 2473 25.6
54 2474 25.6
54 2475 25.6
54 2476 25.6
54 2477 25.6
54 2478 25.6
54 2479 25.6
54 2480 25.6
54 2481 25.6
54 2482 25.6
54 2483 25.6
54 2484 25.6
54 2485 25.6
54 2486 25.6
54 2487 25.6
54 2488 25.6
54 2489 25.6
54 2490 25.6
54 2491 25.6
55 2492 25.6
55 2493 25.6
55 2494 25.6
55 2495 25.6
55 2496 25.6
55 2497 25.6
55 2498 25.6
55 2499 25.6
55 2500 25.6
55 2501 25.6
55 2502 25.6
55 2503 25.6
55 2504 25.6
55 2505 25.6
55 2506 25.6
55 2507 25.6
55 2508 25.6
55 2509 25.6
55 2510 25.6
55 2511 25.6
55 2512 24.8
55 2513 24.8
55 2514 24.8
55 2515 24.5
55 2516 24.5
55 2517 24.5
55 2518 24.5
55 2519 24.5
55 2520 24.5
55 2521 24.5
55 2522 24.5
55 2523 24.5
55 2524 24.5
55 2525 24.5
55 2526 23.8
55 2527 23.8
55 2528 23.8
55 2529 23.5
55 2530 23.5
55 2531 23.5
55 2532 23.5
55 2533 23.5
55 2534 23.5
55 2535 23.5
55 2536 23.5
55 2537 23.5
55 2538 23.5
55 2539 23.5
55 2540 23.3
55 2541 23.3
55 2542 23.3
56 2543 23.3
56 2544 23.3
56 2545 23.3
56 2546 23.3
56 2547 23.3
56 2548 23.0
56 2549 23.0
56 2550 23.0
56 2551 23.0
56 2552 23.0
56 2553 23.0
56 2554 23.0
56 2555 23.0
56 2556 23.0
56 2557 23.0
56 2558 23.0
56 2559 23.0
56 2560 23.0
56 2561 23.0
56 2562 23.0
56 2563 23.0
56 2564 23.0
56 2565 23.0
56 2566 23.0
56 2567 23.0
56 2568 23.0
56 2569 23.0
56 2570 23.0
56 2571 23.0
56 2572 23.0
56 2573 23.0
56 2574 23.0
56 2575 23.0
56 2576 23.0
56 2577 23.0
56 2578 23.0
56 2579 23.0
56 2580 23.0
56 2581 23.0
56 2582 22.1
56 2583 22.1
56 2584 22.1
56 2585 22.1
56 2586 22.1
56 2587 22.1
56 2588 22.1
56 2589 22.1
56 2590 20.7
56 2591 20.7
56 2592 20.7
56 2593 20.7
57 2594 20.7
57 2595 20.7
57 2596 20.7
57 2597 20.7
57 2598 20.7
57 2599 20.7
57 2600 20.7
57 2601 20.7
57 2602 20.7
57 2603 20.7
57 2604 20.7
57 2605 20.7
57 2606 20.7
57 2607 20.7
57 2608 20.7
57 2609 20.7
57 2610 20.7
57 2611 20.6
57 2612 20.6
57 2613 20.5
57 2614 20.5
57 2615 20.5
57 2616 20.5
57 2617 20.3
57 2618 20.3
57 2619 20.2
57 2620 20.2
57 2621 20.2
57 2622 20.2
57 2623 20.2
57 2624 20.2
57 2625 20.2
57 2626 20.2
57 2627 20.2
57 2628 20.2
57 2629 20.2
57 2630 20.2
57 2631 20.2
57 2632 20.2
57 2633 20.0
57 2634 20.0
57 2635 20.0
57 2636 20.0
57 2637 20.0
57 2638 20.0
57 2639 20.0
57 2640 20.0
57 2641 20.0
57 2642 20.0
58 2643 20.0
58 2644 20.0
58 2645 20.0
58 2646 20.0
58 2647 20.0
58 2648 20.0
58 2649 20.0
58 2650 20.0
58 2651 20.0
58 2652 20.0
58 2653 20.0
58 2654 20.0
58 2655 20.0
58 2656 20.0
58 2657 20.0
58 2658 20.0
58 2659 20.0
58 2660 20.0
58 2661 20.0
58 2662 20.0
58 2663 20.0
58 2664 20.0
58 2665 20.0
58 2666 20.0
58 2667 20.0
58 2668 20.0
58 2669 20.0
58 2670 20.0
58 2671 20.0
58 2672 20.0
58 2673 20.0
58 2674 20.0
58 2675 20.0
58 2676 20.0
58 2677 20.0
58 2678 20.0
58 2679 20.0
58 2680 20.0
58 2681 20.0
58 2682 20.0
58 2683 20.0
58 2684 20.0
58 2685 20.0
58 2686 20.0
58 2687 20.0
58 2688 20.0
58 2689 20.0
58 2690 20.0
59 2691 20.0
59 2692 20.0
59 2693 20.0
59 2694 20.0
59 2695 20.0
59 2696 20.0
59 2697 20.0
59 2698 20.0
59 2699 20.0
59 2700 20.0
59 2701 20.0
59 2702 20.0
59 2703 20.0
59 2704 20.0
59 2705 20.0
59 2706 20.0
59 2707 20.0
59 2708 20.0
59 2709 20.0
59 2710 20.0
59 2711 20.0
59 2712 20.0
59 2713 20.0
59 2714 20.0
59 2715 20.0
59 2716 20.0
59 2717 20.0
59 2718 20.0
59 2719 20.0
59 2720 20.0
59 2721 20.0
59 2722 20.0
59 2723 20.0
59 2724 20.0
59 2725 20.0
59 2726 20.0
59 2727 20.0
59 2728 20.0
59 2729 20.0
59 2730 20.0
59 2731 20.0
59 2732 20.0
59 2733 20.0
59 2734 20.0
59 2735 20.0
59 2736 20.0
59 2737 20.0
59 2738 20.0
59 2739 20.0
60 2740 20.0
60 2741 20.0
60 2742 20.0
60 2743 20.0
60 2744 20.0
60 2745 20.0
60 2746 20.0
60 2747 20.0
60 2748 20.0
60 2749 20.0
60 2750 20.0
60 2751 20.0
60 2752 20.0
60 2753 20.0
60 2754 20.0
60 2755 20.0
60 2756 20.0
60 2757 20.0
60 2758 20.0
60 2759 20.0
60 2760 20.0
60 2761 20.0
60 2762 20.0
60 2763 20.0
60 2764 20.0
60 2765 20.0
60 2766 20.0
60 2767 20.0
60 2768 20.0
60 2769 20.0
60 2770 20.0
60 2771 20.0
60 2772 20.0
60 2773 20.0
60 2774 20.0
60 2775 20.0
60 2776 20.0
60 2777 20.0
60 2778 20.0
60 2779 20.0
60 2780 20.0
60 2781 20.0
60 2782 20.0
60 2783 20.0
60 2784 20.0
60 2785 20.0
61 2786 20.0
61 2787 20.0
61 2788 20.0
61 2789 20.0
61 2790 20.0
61 2791 20.0
61 2792 20.0
61 2793 20.0
61 2794 20.0
61 2795 20.0
61 2796 20.0
61 2797 20.0
61 2798 20.0
61 2799 20.0
61 2800 20.0
61 2801 20.0
61 2802 20.0
61 2803 20.0
61 2804 20.0
61 2805 20.0
61 2806 20.0
61 2807 20.0
61 2808 20.0
61 2809 20.0
61 2810 20.0
61 2811 20.0
61 2812 20.0
61 2813 20.0
61 2814 20.0
61 2815 20.0
61 2816 20.0
61 2817 20.0
61 2818 20.0
61 2819 20.0
61 2820 20.0
61 2821 20.0
61 2822 20.0
61 2823 20.0
61 2824 20.0
61 2825 20.0
61 2826 20.0
61 2827 20.0
61 2828 20.0
61 2829 20.0
61 2830 20.0
61 2831 20.0
61 2832 20.0
61 2833 20.0
61 2834 20.0
62 2835 20.0
62 2836 20.0
62 2837 20.0
62 2838 20.0
62 2839 20.0
62 2840 20.0
62 2841 20.0
62 2842 20.0
62 2843 20.0
62 2844 20.0
62 2845 20.0
62 2846 20.0
62 2847 20.0
62 2848 20.0
62 2849 20.0
62 2850 20.0
62 2851 20.0
62 2852 20.0
62 2853 20.0
62 2854 20.0
62 2855 20.0
62 2856 20.0
62 2857 20.0
62 2858 20.0
62 2859 20.0
62 2860 20.0
62 2861 20.0
62 2862 20.0
62 2863 20.0
62 2864 20.0
62 2865 20.0
62 2866 20.0
62 2867 20.0
62 2868 20.0
62 2869 20.0
62 2870 20.0
62 2871 20.0
62 2872 20.0
62 2873 20.0
62 2874 20.0
62 2875 20.0
62 2876 20.0
62 2877 20.0
62 2878 20.0
62 2879 20.0
63 2880 20.0
63 2881 20.0
63 2882 20.0
63 2883 20.0
63 2884 20.0
63 2885 20.0
63 2886 20.0
63 2887 20.0
63 2888 20.0
63 2889 20.0
63 2890 20.0
63 2891 20.0
63 2892 20.0
63 2893 20.0
63 2894 20.0
63 2895 20.0
63 2896 20.0
63 2897 20.0
63 2898 20.0
63 2899 20.0
63 2900 20.0
63 2901 20.0
63 2902 20.0
63 2903 20.0
63 2904 20.0
63 2905 20.0
63 2906 20.0
63 2907 20.0
63 2908 20.0
63 2909 20.0
63 2910 20.0
63 2911 20.0
63 2912 20.0
63 2913 20.0
63 2914 20.0
63 2915 20.0
63 2916 20.0
63 2917 20.0
63 2918 20.0
63 2919 20.0
63 2920 20.0
63 2921 20.0
63 2922 20.0
63 2923 20.0
63 2924 20.0
63 2925 20.0
63 2926 20.0
63 2927 20.0
64 2928 20.0
64 2929 19.8
64 2930 19.8
64 2931 19.8
64 2932 19.8
64 2933 19.8
64 2934 19.8
64 2935 19.8
64 2936 19.8
64 2937 19.8
64 2938 19.8
64 2939 19.8
64 2940 19.8
64 2941 19.8
64 2942 19.8
64 2943 19.8
64 2944 19.8
64 2945 19.8
64 2946 19.8
64 2947 19.8
64 2948 19.8
64 2949 19.8
64 2950 19.8
64 2951 19.8
64 2952 19.8
64 2953 19.8
64 2954 19.8
64 2955 19.8
64 2956 19.8
64 2957 19.8
64 2958 19.8
64 2959 19.8
64 2960 19.8
64 2961 19.8
64 2962 19.8
64 2963 19.8
64 2964 19.8
64 2965 19.8
64 2966 19.8
64 2967 19.8
64 2968 19.8
64 2969 19.8
64 2970 19.8
64 2971 19.8
64 2972 19.8
64 2973 19.8
65 2974 19.8
65 2975 19.8
65 2976 19.8
65 2977 19.8
65 2978 19.8
65 2979 19.8
65 2980 19.8
65 2981 19.8
65 2982 19.8
65 2983 19.8
65 2984 19.8
65 2985 19.8
65 2986 19.8
65 2987 19.8
65 2988 19.8
65 2989 19.8
65 2990 19.8
65 2991 19.8
65 2992 19.8
65 2993 19.8
65 2994 19.8
65 2995 19.8
65 2996 19.8
65 2997 19.8
65 2998 19.8
65 2999 19.8
65 3000 19.8
65 3001 19.8
65 3002 19.8
65 3003 19.8
65 3004 19.8
65 3005 19.8
65 3006 19.8
65 3007 19.8
65 3008 19.8
65 3009 19.8
65 3010 19.8
65 3011 19.8
65 3012 19.8
65 3013 19.8
65 3014 19.8
65 3015 19.8
65 3016 19.8
65 3017 19.8
65 3018 19.8
65 3019 19.8
65 3020 19.7
65 3021 19.7
65 3022 19.7
66 3023 19.7
66 3024 19.7
66 3025 19.7
66 3026 19.7
66 3027 19.7
66 3028 19.7
66 3029 19.7
66 3030 19.6
66 3031 19.6
66 3032 19.6
66 3033 19.6
66 3034 19.2
66 3035 19.2
66 3036 19.2
66 3037 19.2
66 3038 19.2
66 3039 19.2
66 3040 19.2
66 3041 19.2
66 3042 19.2
66 3043 19.1
66 3044 19.1
66 3045 19.1
66 3046 19.1
66 3047 19.1
66 3048 18.7
66 3049 18.7
66 3050 18.3
66 3051 18.3
66 3052 18.3
66 3053 18.3
66 3054 18.3
66 3055 18.3
66 3056 18.3
66 3057 18.3
66 3058 18.3
66 3059 18.3
66 3060 18.3
66 3061 18.3
66 3062 18.3
66 3063 18.3
66 3064 18.3
66 3065 18.3
67 3066 18.3
67 3067 18.3
67 3068 18.3
67 3069 18.3
67 3070 18.3
67 3071 18.3
67 3072 18.3
67 3073 18.3
67 3074 18.3
67 3075 18.3
67 3076 18.3
67 3077 18.3
67 3078 18.3
67 3079 18.3
67 3080 18.3
67 3081 18.3
67 3082 18.3
67 3083 18.3
67 3084 18.3
67 3085 18.3
67 3086 18.3
67 3087 18.3
67 3088 18.3
67 3089 18.3
67 3090 18.3
67 3091 18.3
67 3092 18.2
67 3093 18.2
67 3094 18.2
67 3095 18.2
67 3096 18.0
67 3097 18.0
67 3098 18.0
67 3099 18.0
67 3100 18.0
67 3101 18.0
67 3102 18.0
67 3103 17.9
67 3104 17.9
67 3105 17.9
67 3106 17.9
67 3107 17.9
67 3108 17.9
67 3109 17.9
67 3110 17.9
67 3111 17.6
68 3112 17.6
68 3113 17.6
68 3114 17.6
68 3115 17.6
68 3116 17.6
68 3117 17.1
68 3118 17.1
68 3119 17.1
68 3120 17.1
68 3121 17.1
68 3122 17.1
68 3123 17.1
68 3124 16.6
68 3125 16.6
68 3126 16.6
68 3127 16.6
68 3128 16.6
68 3129 16.6
68 3130 16.6
68 3131 16.6
68 3132 16.6
68 3133 16.4
68 3134 16.4
68 3135 16.4
68 3136 16.4
68 3137 16.4
68 3138 16.4
68 3139 16.4
68 3140 16.4
68 3141 16.4
68 3142 16.4
68 3143 16.4
68 3144 16.2
68 3145 16.0
68 3146 16.0
68 3147 16.0
68 3148 16.0
68 3149 16.0
68 3150 16.0
68 3151 16.0
68 3152 16.0
68 3153 16.0
68 3154 16.0
68 3155 16.0
68 3156 16.0
68 3157 16.0
68 3158 16.0
68 3159 16.0
69 3160 16.0
69 3161 16.0
69 3162 16.0
69 3163 16.0
69 3164 16.0
69 3165 16.0
69 3166 16.0
69 3167 16.0
69 3168 16.0
69 3169 16.0
69 3170 16.0
69 3171 16.0
69 3172 16.0
69 3173 16.0
69 3174 16.0
69 3175 16.0
69 3176 16.0
69 3177 16.0
69 3178 16.0
69 3179 16.0
69 3180 16.0
69 3181 16.0
69 3182 16.0
69 3183 16.0
69 3184 16.0
69 3185 16.0
69 3186 16.0
69 3187 16.0
69 3188 16.0
69 3189 16.0
69 3190 16.0
69 3191 16.0
69 3192 16.0
69 3193 16.0
69 3194 16.0
69 3195 16.0
69 3196 16.0
69 3197 16.0
69 3198 16.0
69 3199 16.0
69 3200 16.0
69 3201 16.0
69 3202 16.0
69 3203 16.0
69 3204 16.0
69 3205 16.0
69 3206 16.0
70 3207 16.0
70 3208 16.0
70 3209 16.0
70 3210 16.0
70 3211 16.0
70 3212 16.0
70 3213 16.0
70 3214 16.0
70 3215 16.0
70 3216 16.0
70 3217 16.0
70 3218 16.0
70 3219 16.0
70 3220 16.0
70 3221 16.0
70 3222 16.0
70 3223 16.0
70 3224 16.0
70 3225 16.0
70 3226 16.0
70 3227 16.0
70 3228 16.0
70 3229 16.0
70 3230 16.0
70 3231 16.0
70 3232 16.0
70 3233 16.0
70 3234 16.0
70 3235 16.0
70 3236 16.0
70 3237 16.0
70 3238 16.0
70 3239 16.0
70 3240 16.0
70 3241 16.0
70 3242 16.0
70 3243 16.0
70 3244 16.0
70 3245 16.0
70 3246 16.0
70 3247 16.0
70 3248 16.0
70 3249 16.0
70 3250 16.0
70 3251 16.0
70 3252 16.0
70 3253 16.0
70 3254 16.0
70 3255 16.0
71 3256 16.0
71 3257 16.0
71 3258 16.0
71 3259 16.0
71 3260 16.0
71 3261 16.0
71 3262 16.0
71 3263 16.0
71 3264 16.0
71 3265 16.0
71 3266 16.0
71 3267 16.0
71 3268 16.0
71 3269 16.0
71 3270 16.0
71 3271 16.0
71 3272 16.0
71 3273 16.0
71 3274 16.0
71 3275 16.0
71 3276 16.0
71 3277 16.0
71 3278 16.0
71 3279 16.0
71 3280 16.0
71 3281 16.0
71 3282 16.0
71 3283 16.0
71 3284 16.0
71 3285 16.0
71 3286 16.0
71 3287 16.0
71 3288 16.0
71 3289 16.0
71 3290 16.0
71 3291 16.0
71 3292 16.0
71 3293 16.0
71 3294 16.0
71 3295 16.0
71 3296 16.0
71 3297 16.0
71 3298 16.0
71 3299 16.0
71 3300 16.0
71 3301 16.0
71 3302 16.0
71 3303 16.0
72 3304 16.0
72 3305 16.0
72 3306 16.0
72 3307 16.0
72 3308 16.0
72 3309 16.0
72 3310 16.0
72 3311 16.0
72 3312 16.0
72 3313 16.0
72 3314 16.0
72 3315 16.0
72 3316 16.0
72 3317 16.0
72 3318 16.0
72 3319 16.0
72 3320 16.0
72 3321 16.0
72 3322 16.0
72 3323 16.0
72 3324 16.0
72 3325 16.0
72 3326 16.0
72 3327 16.0
72 3328 16.0
72 3329 16.0
72 3330 16.0
72 3331 16.0
72 3332 16.0
72 3333 16.0
72 3334 16.0
72 3335 16.0
72 3336 16.0
72 3337 16.0
72 3338 16.0
72 3339 16.0
72 3340 16.0
72 3341 16.0
72 3342 16.0
72 3343 16.0
72 3344 16.0
72 3345 16.0
72 3346 16.0
72 3347 16.0
72 3348 16.0
72 3349 16.0
72 3350 16.0
72 3351 16.0
72 3352 16.0
73 3353 16.0
73 3354 16.0
73 3355 16.0
73 3356 16.0
73 3357 16.0
73 3358 16.0
73 3359 16.0
73 3360 16.0
73 3361 16.0
73 3362 16.0
73 3363 16.0
73 3364 16.0
73 3365 16.0
73 3366 16.0
73 3367 16.0
73 3368 16.0
73 3369 16.0
73 3370 16.0
73 3371 16.0
73 3372 16.0
73 3373 16.0
73 3374 16.0
73 3375 16.0
73 3376 16.0
73 3377 16.0
73 3378 16.0
73 3379 16.0
73 3380 16.0
73 3381 16.0
73 3382 16.0
73 3383 16.0
73 3384 16.0
73 3385 16.0
73 3386 16.0
73 3387 16.0
73 3388 16.0
73 3389 16.0
73 3390 16.0
73 3391 16.0
73 3392 16.0
73 3393 16.0
73 3394 16.0
73 3395 16.0
73 3396 16.0
73 3397 16.0
73 3398 16.0
73 3399 16.0
73 3400 16.0
73 3401 16.0
73 3402 16.0
74 3403 16.0
74 3404 16.0
74 3405 16.0
74 3406 16.0
74 3407 16.0
74 3408 16.0
74 3409 16.0
74 3410 16.0
74 3411 16.0
74 3412 16.0
74 3413 16.0
74 3414 16.0
74 3415 16.0
74 3416 16.0
74 3417 16.0
74 3418 16.0
74 3419 16.0
74 3420 16.0
74 3421 16.0
74 3422 16.0
74 3423 16.0
74 3424 16.0
74 3425 16.0
74 3426 16.0
74 3427 16.0
74 3428 16.0
74 3429 16.0
74 3430 16.0
74 3431 16.0
74 3432 16.0
74 3433 16.0
74 3434 16.0
74 3435 16.0
74 3436 16.0
74 3437 16.0
74 3438 16.0
74 3439 16.0
74 3440 16.0
74 3441 16.0
74 3442 16.0
74 3443 16.0
74 3444 16.0
74 3445 16.0
74 3446 16.0
74 3447 16.0
74 3448 16.0
74 3449 15.8
74 3450 15.8
74 3451 15.8
75 3452 15.8
75 3453 15.8
75 3454 15.8
75 3455 15.8
75 3456 15.8
75 3457 15.8
75 3458 15.8
75 3459 15.8
75 3460 15.8
75 3461 15.8
75 3462 15.8
75 3463 15.8
75 3464 15.8
75 3465 15.8
75 3466 15.8
75 3467 15.8
75 3468 15.8
75 3469 15.8
75 3470 15.8
75 3471 15.8
75 3472 15.8
75 3473 15.8
75 3474 15.8
75 3475 15.8
75 3476 15.7
75 3477 15.7
75 3478 15.7
75 3479 15.7
75 3480 15.7
75 3481 15.7
75 3482 15.7
75 3483 15.7
75 3484 15.7
75 3485 15.7
75 3486 15.7
75 3487 15.6
75 3488 15.6
75 3489 15.6
75 3490 15.6
75 3491 15.6
75 3492 15.6
75 3493 15.6
75 3494 15.6
75 3495 15.6
75 3496 15.6
75 3497 15.6
75 3498 15.6
76 3499 15.6
76 3500 15.6
76 3501 15.6
76 3502 15.6
76 3503 15.6
76 3504 15.6
76 3505 15.6
76 3506 15.6
76 3507 15.6
76 3508 15.6
76 3509 15.6
76 3510 15.6
76 3511 15.6
76 3512 15.6
76 3513 15.6
76 3514 15.6
76 3515 15.6
76 3516 15.6
76 3517 15.6
76 3518 15.6
76 3519 15.6
76 3520 15.6
76 3521 15.6
76 3522 15.6
76 3523 15.6
76 3524 15.6
76 3525 15.6
76 3526 15.6
76 3527 15.6
76 3528 15.6
76 3529 15.6
76 3530 15.6
76 3531 15.6
76 3532 15.6
76 3533 15.6
76 3534 15.6
76 3535 15.6
76 3536 15.6
76 3537 15.6
76 3538 15.6
76 3539 15.6
76 3540 15.6
76 3541 15.6
76 3542 15.6
76 3543 15.6
76 3544 15.6
76 3545 15.6
76 3546 15.6
76 3547 15.6
76 3548 15.6
77 3549 15.6
77 3550 15.6
77 3551 15.6
77 3552 15.6
77 3553 15.6
77 3554 15.6
77 3555 15.6
77 3556 15.6
77 3557 15.6
77 3558 15.6
77 3559 15.6
77 3560 15.6
77 3561 15.6
77 3562 15.6
77 3563 15.6
77 3564 15.6
77 3565 15.6
77 3566 15.6
77 3567 15.6
77 3568 15.6
77 3569 15.6
77 3570 15.6
77 3571 15.6
77 3572 15.6
77 3573 15.6
77 3574 15.6
77 3575 15.6
77 3576 15.6
77 3577 15.6
77 3578 15.6
77 3579 15.6
77 3580 15.6
77 3581 15.6
77 3582 15.6
77 3583 15.6
77 3584 15.6
77 3585 15.6
77 3586 15.6
77 3587 15.6
77 3588 15.6
77 3589 15.6
77 3590 15.6
77 3591 15.6
77 3592 15.6
77 3593 15.6
77 3594 15.6
77 3595 15.6
78 3596 15.6
78 3597 15.6
78 3598 15.6
78 3599 15.6
78 3600 15.6
78 3601 15.6
78 3602 15.6
78 3603 15.6
78 3604 15.6
78 3605 15.6
78 3606 15.6
78 3607 15.6
78 3608 15.6
78 3609 15.6
78 3610 15.6
78 3611 15.6
78 3612 15.6
78 3613 15.6
78 3614 15.6
78 3615 15.6
78 3616 15.6
78 3617 15.6
78 3618 15.6
78 3619 15.6
78 3620 15.6
78 3621 15.6
78 3622 15.6
78 3623 15.6
78 3624 15.6
78 3625 15.6
78 3626 15.6
78 3627 15.6
78 3628 15.6
78 3629 15.6
78 3630 15.6
78 3631 15.6
78 3632 15.6
78 3633 15.6
78 3634 15.6
78 3635 15.5
78 3636 15.5
78 3637 15.5
78 3638 15.5
78 3639 15.5
78 3640 15.5
78 3641 15.5
78 3642 15.5
79 3643 15.5
79 3644 15.5
79 3645 15.5
79 3646 15.5
79 3647 15.5
79 3648 15.5
79 3649 15.5
79 3650 15.5
79 3651 15.5
79 3652 15.5
79 3653 15.5
79 3654 15.5
79 3655 15.5
79 3656 15.5
79 3657 15.5
79 3658 15.5
79 3659 15.5
79 3660 15.5
79 3661 15.5
79 3662 15.5
79 3663 15.5
79 3664 15.5
79 3665 15.5
79 3666 15.5
79 3667 15.5
79 3668 15.5
79 3669 15.5
79 3670 15.5
79 3671 15.5
79 3672 15.5
79 3673 15.5
79 3674 15.5
79 3675 15.5
79 3676 15.5
79 3677 15.5
79 3678 15.5
79 3679 15.5
79 3680 15.5
79 3681 15.5
79 3682 15.5
79 3683 15.5
79 3684 15.5
79 3685 15.5
79 3686 15.5
79 3687 15.5
79 3688 15.5
79 3689 15.5
79 3690 15.5
79 3691 15.5
79 3692 15.5
79 3693 15.5
79 3694 15.5
80 3695 15.5
80 3696 15.5
80 3697 15.5
80 3698 15.5
80 3699 15.5
80 3700 15.5
80 3701 15.5
80 3702 15.5
80 3703 15.5
80 3704 15.5
80 3705 15.5
80 3706 15.5
80 3707 15.5
80 3708 15.5
80 3709 15.5
80 3710 15.5
80 3711 15.5
80 3712 15.5
80 3713 15.5
80 3714 15.5
80 3715 15.5
80 3716 15.5
80 3717 15.5
80 3718 15.5
80 3719 15.5
80 3720 15.5
80 3721 15.5
80 3722 15.5
80 3723 15.5
80 3724 15.5
80 3725 15.5
80 3726 15.5
80 3727 15.5
80 3728 15.5
80 3729 15.5
80 3730 15.5
80 3731 15.5
80 3732 15.5
80 3733 15.5
80 3734 15.5
80 3735 15.5
80 3736 15.5
80 3737 15.5
80 3738 15.5
80 3739 15.5
80 3740 15.5
80 3741 15.5
80 3742 15.5
80 3743 15.5
80 3744 15.5
81 3745 15.5
81 3746 15.5
81 3747 15.5
81 3748 15.5
81 3749 15.5
81 3750 15.5
81 3751 15.5
81 3752 15.5
81 3753 15.5
81 3754 15.5
81 3755 15.5
81 3756 15.4
81 3757 15.4
81 3758 15.4
81 3759 15.4
81 3760 15.4
81 3761 15.4
81 3762 15.4
81 3763 15.4
81 3764 15.4
81 3765 15.4
81 3766 15.4
81 3767 15.4
81 3768 15.4
81 3769 15.4
81 3770 15.4
81 3771 15.4
81 3772 15.4
81 3773 15.4
81 3774 15.4
81 3775 15.4
81 3776 15.4
81 3777 15.4
81 3778 15.4
81 3779 15.4
81 3780 15.4
81 3781 15.4
81 3782 15.4
81 3783 15.4
81 3784 15.4
81 3785 15.4
81 3786 15.4
81 3787 15.4
81 3788 15.4
81 3789 15.4
81 3790 15.4
81 3791 15.4
81 3792 15.4
81 3793 15.4
81 3794 15.4
81 3795 15.4
82 3796 15.4
82 3797 15.4
82 3798 15.4
82 3799 15.4
82 3800 15.4
82 3801 15.4
82 3802 15.4
82 3803 15.4
82 3804 15.4
82 3805 15.4
82 3806 15.4
82 3807 15.4
82 3808 15.4
82 3809 15.4
82 3810 15.4
82 3811 15.4
82 3812 15.4
82 3813 15.4
82 3814 15.4
82 3815 15.4
82 3816 15.4
82 3817 15.4
82 3818 15.4
82 3819 15.4
82 3820 15.4
82 3821 15.4
82 3822 15.4
82 3823 15.4
82 3824 15.4
82 3825 15.4
82 3826 15.4
82 3827 15.4
82 3828 15.4
82 3829 15.4
82 3830 15.4
82 3831 15.4
82 3832 15.4
82 3833 15.4
82 3834 15.4
82 3835 15.4
82 3836 15.4
82 3837 15.4
82 3838 15.4
82 3839 15.4
82 3840 15.4
82 3841 15.4
82 3842 15.4
83 3843 15.4
83 3844 15.4
83 3845 15.4
83 3846 15.4
83 3847 15.4
83 3848 15.4
83 3849 15.4
83 3850 15.4
83 3851 15.4
83 3852 15.4
83 3853 15.4
83 3854 15.4
83 3855 15.4
83 3856 15.4
83 3857 15.4
83 3858 15.4
83 3859 15.4
83 3860 15.4
83 3861 15.4
83 3862 15.4
83 3863 15.4
83 3864 15.4
83 3865 15.4
83 3866 15.4
83 3867 15.4
83 3868 15.4
83 3869 15.4
83 3870 15.4
83 3871 15.4
83 3872 15.4
83 3873 15.4
83 3874 15.4
83 3875 15.4
83 3876 15.4
83 3877 15.4
83 3878 15.4
83 3879 15.4
83 3880 15.4
83 3881 15.4
83 3882 15.4
83 3883 15.4
83 3884 15.4
83 3885 15.4
83 3886 15.4
83 3887 15.3
83 3888 15.3
83 3889 15.3
83 3890 15.3
83 3891 15.3
83 3892 15.3
84 3893 15.3
84 3894 15.3
84 3895 15.3
84 3896 15.3
84 3897 15.3
84 3898 15.3
84 3899 15.3
84 3900 15.3
84 3901 15.3
84 3902 15.3
84 3903 15.0
84 3904 15.0
84 3905 15.0
84 3906 15.0
84 3907 15.0
84 3908 14.8
84 3909 14.8
84 3910 14.8
84 3911 14.8
84 3912 14.8
84 3913 14.8
84 3914 14.8
84 3915 14.8
84 3916 14.8
84 3917 14.7
84 3918 14.7
84 3919 14.7
84 3920 14.7
84 3921 14.7
84 3922 14.7
84 3923 14.7
84 3924 14.7
84 3925 14.7
84 3926 14.7
84 3927 14.7
84 3928 14.7
84 3929 14.7
84 3930 14.7
84 3931 14.7
84 3932 14.7
84 3933 14.7
84 3934 14.7
84 3935 14.7
84 3936 14.7
84 3937 14.7
84 3938 14.7
84 3939 14.7
84 3940 14.7
84 3941 14.7
84 3942 14.7
85 3943 14.7
85 3944 14.7
85 3945 14.7
85 3946 14.7
85 3947 14.7
85 3948 14.7
85 3949 14.7
85 3950 14.7
85 3951 14.7
85 3952 14.7
85 3953 14.7
85 3954 14.7
85 3955 14.7
85 3956 14.7
85 3957 14.7
85 3958 14.7
85 3959 14.7
85 3960 14.7
85 3961 14.7
85 3962 14.7
85 3963 14.7
85 3964 14.7
85 3965 14.7
85 3966 14.7
85 3967 14.7
85 3968 14.7
85 3969 14.7
85 3970 14.7
85 3971 14.7
85 3972 14.7
85 3973 14.7
85 3974 14.7
85 3975 14.7
85 3976 14.7
85 3977 14.7
85 3978 14.7
85 3979 14.7
85 3980 14.7
85 3981 14.7
85 3982 14.7
85 3983 14.7
85 3984 14.7
85 3985 14.7
85 3986 14.7
85 3987 14.7
85 3988 14.7
85 3989 14.7
86 3990 14.7
86 3991 14.7
86 3992 14.7
86 3993 14.7
86 3994 14.7
86 3995 14.7
86 3996 14.7
86 3997 14.7
86 3998 14.7
86 3999 14.7
86 4000 14.7
86 4001 14.7
86 4002 14.7
86 4003 14.7
86 4004 14.7
86 4005 14.7
86 4006 14.7
86 4007 14.7
86 4008 14.7
86 4009 14.7
86 4010 14.7
86 4011 14.7
86 4012 14.7
86 4013 14.7
86 4014 14.7
86 4015 14.7
86 4016 14.7
86 4017 14.7
86 4018 14.7
86 4019 14.7
86 4020 14.7
86 4021 14.7
86 4022 14.7
86 4023 14.7
86 4024 14.7
86 4025 14.7
86 4026 14.7
86 4027 14.7
86 4028 14.7
86 4029 14.7
86 4030 14.7
86 4031 14.7
86 4032 14.7
86 4033 14.7
87 4034 14.7
87 4035 14.7
87 4036 14.7
87 4037 14.7
87 4038 14.7
87 4039 14.7
87 4040 14.7
87 4041 14.7
87 4042 14.7
87 4043 14.7
87 4044 14.7
87 4045 14.7
87 4046 14.7
87 4047 14.7
87 4048 14.7
87 4049 14.7
87 4050 14.7
87 4051 14.7
87 4052 14.7
87 4053 14.7
87 4054 14.7
87 4055 14.7
87 4056 14.7
87 4057 14.7
87 4058 14.7
87 4059 14.7
87 4060 14.7
87 4061 14.7
87 4062 14.7
87 4063 14.7
87 4064 14.7
87 4065 14.7
87 4066 14.7
87 4067 14.7
87 4068 14.7
87 4069 14.7
87 4070 14.7
87 4071 14.7
87 4072 14.7
87 4073 14.7
87 4074 14.7
87 4075 14.7
87 4076 14.7
87 4077 14.7
87 4078 14.7
87 4079 14.7
87 4080 14.7
87 4081 14.7
87 4082 14.7
87 4083 14.7
88 4084 14.7
88 4085 14.7
88 4086 14.7
88 4087 14.7
88 4088 14.7
88 4089 14.7
88 4090 14.7
88 4091 14.7
88 4092 14.7
88 4093 14.7
88 4094 14.7
88 4095 14.7
88 4096 14.7
88 4097 14.7
88 4098 14.7
88 4099 14.7
88 4100 14.7
88 4101 14.7
88 4102 14.7
88 4103 14.7
88 4104 14.7
88 4105 14.7
88 4106 14.7
88 4107 14.7
88 4108 14.7
88 4109 14.7
88 4110 14.7
88 4111 14.7
88 4112 14.7
88 4113 14.7
88 4114 14.7
88 4115 14.7
88 4116 14.7
88 4117 14.7
88 4118 14.7
88 4119 14.7
88 4120 14.7
88 4121 14.7
88 4122 14.7
88 4123 14.7
88 4124 14.7
88 4125 14.7
88 4126 14.7
88 4127 14.7
88 4128 14.7
88 4129 14.7
88 4130 14.7
89 4131 14.7
89 4132 14.7
89 4133 14.7
89 4134 14.7
89 4135 14.7
89 4136 14.7
89 4137 14.7
89 4138 14.7
89 4139 14.7
89 4140 14.7
89 4141 14.7
89 4142 14.7
89 4143 14.7
89 4144 14.7
89 4145 14.7
89 4146 14.7
89 4147 14.7
89 4148 14.7
89 4149 14.7
89 4150 14.7
89 4151 14.7
89 4152 14.7
89 4153 14.7
89 4154 14.7
89 4155 14.7
89 4156 14.7
89 4157 14.7
89 4158 14.7
89 4159 14.7
89 4160 14.7
89 4161 14.7
89 4162 14.7
89 4163 14.7
89 4164 14.7
89 4165 14.7
89 4166 14.7
89 4167 14.7
89 4168 14.7
89 4169 14.7
89 4170 14.7
89 4171 14.7
89 4172 14.7
89 4173 14.7
89 4174 14.7
89 4175 14.7
89 4176 14.7
89 4177 14.7
89 4178 14.7
89 4179 14.7
89 4180 14.7
89 4181 14.7
90 4182 14.7
90 4183 14.7
90 4184 14.7
90 4185 14.7
90 4186 14.7
90 4187 14.7
90 4188 14.7
90 4189 14.7
90 4190 14.7
90 4191 14.7
90 4192 14.7
90 4193 14.7
90 4194 14.7
90 4195 14.7
90 4196 14.7
90 4197 14.7
90 4198 14.7
90 4199 14.7
90 4200 14.7
90 4201 14.7
90 4202 14.7
90 4203 14.7
90 4204 14.7
90 4205 14.7
90 4206 14.7
90 4207 14.7
90 4208 14.7
90 4209 14.7
90 4210 14.7
90 4211 14.7
90 4212 14.7
90 4213 14.7
90 4214 14.7
90 4215 14.7
90 4216 14.7
90 4217 14.7
90 4218 14.7
90 4219 14.7
90 4220 14.7
90 4221 14.7
90 4222 14.7
90 4223 14.7
90 4224 14.7
90 4225 14.7
90 4226 14.7
90 4227 14.7
90 4228 14.7
90 4229 14.7
90 4230 14.7
90 4231 14.7
90 4232 14.7
90 4233 14.7
91 4234 14.7
91 4235 14.7
91 4236 14.7
91 4237 14.7
91 4238 14.7
91 4239 14.7
91 4240 14.7
91 4241 14.7
91 4242 14.7
91 4243 14.7
91 4244 14.7
91 4245 14.7
91 4246 14.7
91 4247 14.7
91 4248 14.7
91 4249 14.7
91 4250 14.7
91 4251 14.7
91 4252 14.7
91 4253 14.7
91 4254 14.7
91 4255 14.7
91 4256 14.7
91 4257 14.7
91 4258 14.7
91 4259 14.7
91 4260 14.7
91 4261 14.7
91 4262 14.7
91 4263 14.7
91 4264 14.7
91 4265 14.7
91 4266 14.7
91 4267 14.7
91 4268 14.7
91 4269 14.7
91 4270 14.7
91 4271 14.7
91 4272 14.7
91 4273 14.7
91 4274 14.7
91 4275 14.7
91 4276 14.7
91 4277 14.7
91 4278 14.7
91 4279 14.7
91 4280 14.7
91 4281 14.7
91 4282 14.7
91 4283 14.7
91 4284 14.7
91 4285 14.7
91 4286 14.7
91 4287 14.7
92 4288 14.7
92 4289 14.7
92 4290 14.7
92 4291 14.7
92 4292 14.7
92 4293 14.7
92 4294 14.7
92 4295 14.7
92 4296 14.7
92 4297 14.7
92 4298 14.7
92 4299 14.7
92 4300 14.7
92 4301 14.7
92 4302 14.7
92 4303 14.7
92 4304 14.7
92 4305 14.7
92 4306 14.7
92 4307 14.7
92 4308 14.7
92 4309 14.7
92 4310 14.7
92 4311 14.7
92 4312 14.7
92 4313 14.7
92 4314 14.7
92 4315 14.7
92 4316 14.7
92 4317 14.7
92 4318 14.7
92 4319 14.7
92 4320 14.7
92 4321 14.7
92 4322 14.7
92 4323 14.7
92 4324 14.7
92 4325 14.7
92 4326 14.7
92 4327 14.7
92 4328 14.7
92 4329 14.7
92 4330 14.7
92 4331 14.7
92 4332 14.7
92 4333 14.7
92 4334 14.7
92 4335 14.7
92 4336 14.7
93 4337 14.7
93 4338 14.7
93 4339 14.7
93 4340 14.7
93 4341 14.7
93 4342 14.7
93 4343 14.7
93 4344 14.7
93 4345 14.7
93 4346 14.7
93 4347 14.7
93 4348 14.7
93 4349 14.7
93 4350 14.7
93 4351 14.7
93 4352 14.7
93 4353 14.7
93 4354 14.7
93 4355 14.7
93 4356 14.7
93 4357 14.7
93 4358 14.7
93 4359 14.7
93 4360 14.7
93 4361 14.7
93 4362 14.7
93 4363 14.7
93 4364 14.7
93 4365 14.7
93 4366 14.7
93 4367 14.7
93 4368 14.7
93 4369 14.7
93 4370 14.7
93 4371 14.7
93 4372 14.7
93 4373 14.7
93 4374 14.7
93 4375 14.7
93 4376 14.7
93 4377 14.7
93 4378 14.7
93 4379 14.7
93 4380 14.7
93 4381 14.7
93 4382 14.7
93 4383 14.7
93 4384 14.7
93 4385 14.7
93 4386 14.7
93 4387 14.7
94 4388 14.7
94 4389 14.7
94 4390 14.7
94 4391 14.7
94 4392 14.7
94 4393 14.7
94 4394 14.7
94 4395 14.7
94 4396 14.7
94 4397 14.7
94 4398 14.7
94 4399 14.7
94 4400 14.7
94 4401 14.7
94 4402 14.7
94 4403 14.7
94 4404 14.7
94 4405 14.7
94 4406 14.7
94 4407 14.7
94 4408 14.7
94 4409 14.7
94 4410 14.7
94 4411 14.7
94 4412 14.7
94 4413 14.7
94 4414 14.7
94 4415 14.7
94 4416 14.7
94 4417 14.7
94 4418 14.7
94 4419 14.7
94 4420 14.7
94 4421 14.7
94 4422 14.7
94 4423 14.7
94 4424 14.7
94 4425 14.7
94 4426 14.7
94 4427 14.7
94 4428 14.7
94 4429 14.7
94 4430 14.7
94 4431 14.7
94 4432 14.7
94 4433 14.7
94 4434 14.7
94 4435 14.7
94 4436 14.7
94 4437 14.7
94 4438 14.7
94 4439 14.7
94 4440 14.7
94 4441 14.7
94 4442 14.7
95 4443 14.7
95 4444 14.7
95 4445 14.7
95 4446 14.7
95 4447 14.7
95 4448 14.7
95 4449 14.7
95 4450 14.7
95 4451 14.7
95 4452 14.7
95 4453 14.7
95 4454 14.7
95 4455 14.7
95 4456 14.7
95 4457 14.7
95 4458 14.7
95 4459 14.7
95 4460 14.7
95 4461 14.7
95 4462 14.7
95 4463 14.7
95 4464 14.7
95 4465 14.7
95 4466 14.7
95 4467 14.7
95 4468 14.7
95 4469 14.7
95 4470 14.7
95 4471 14.7
95 4472 14.7
95 4473 14.7
95 4474 14.7
95 4475 14.7
95 4476 14.7
95 4477 14.7
95 4478 14.7
95 4479 14.7
95 4480 14.7
95 4481 14.7
95 4482 14.7
95 4483 14.7
95 4484 14.7
95 4485 14.7
95 4486 14.7
95 4487 14.7
95 4488 14.7
95 4489 14.7
95 4490 14.7
95 4491 14.7
95 4492 14.7
95 4493 14.7
96 4494 14.7
96 4495 14.7
96 4496 14.7
96 4497 14.7
96 4498 14.7
96 4499 14.7
96 4500 14.7
96 4501 14.7
96 4502 14.7
96 4503 14.7
96 4504 14.7
96 4505 14.7
96 4506 14.7
96 4507 14.7
96 4508 14.7
96 4509 14.7
96 4510 14.7
96 4511 14.7
96 4512 14.7
96 4513 14.7
96 4514 14.7
96 4515 14.7
96 4516 14.7
96 4517 14.7
96 4518 14.7
96 4519 14.7
96 4520 14.7
96 4521 14.7
96 4522 14.7
96 4523 14.7
96 4524 14.7
96 4525 14.7
96 4526 14.7
96 4527 14.7
96 4528 14.7
96 4529 14.7
96 4530 14.7
96 4531 14.7
96 4532 14.7
96 4533 14.7
96 4534 14.7
96 4535 14.7
96 4536 14.7
96 4537 14.7
96 4538 14.7
96 4539 14.7
96 4540 14.7
97 4541 14.7
97 4542 14.7
97 4543 14.7
97 4544 14.7
97 4545 14.7
97 4546 14.7
97 4547 14.7
97 4548 14.7
97 4549 14.7
97 4550 14.7
97 4551 14.7
97 4552 14.7
97 4553 14.7
97 4554 14.7
97 4555 14.7
97 4556 14.7
97 4557 14.7
97 4558 14.7
97 4559 14.7
97 4560 14.7
97 4561 14.7
97 4562 14.7
97 4563 14.7
97 4564 14.7
97 4565 14.7
97 4566 14.7
97 4567 14.7
97 4568 14.7
97 4569 14.7
97 4570 14.7
97 4571 14.7
97 4572 14.7
97 4573 14.7
97 4574 14.7
97 4575 14.7
97 4576 14.7
97 4577 14.7
97 4578 14.7
97 4579 14.7
97 4580 14.7
97 4581 14.7
97 4582 14.7
97 4583 14.7
97 4584 14.7
97 4585 14.7
97 4586 14.7
97 4587 14.7
97 4588 14.7
98 4589 14.7
98 4590 14.7
98 4591 14.7
98 4592 14.7
98 4593 14.7
98 4594 14.7
98 4595 14.7
98 4596 14.7
98 4597 14.7
98 4598 14.7
98 4599 14.7
98 4600 14.7
98 4601 14.7
98 4602 14.7
98 4603 14.7
98 4604 14.7
98 4605 14.7
98 4606 14.7
98 4607 14.7
98 4608 14.7
98 4609 14.7
98 4610 14.7
98 4611 14.7
98 4612 14.7
98 4613 14.7
98 4614 14.7
98 4615 14.7
98 4616 14.7
98 4617 14.7
98 4618 14.7
98 4619 14.7
98 4620 14.7
98 4621 14.7
98 4622 14.7
98 4623 14.7
98 4624 14.7
98 4625 14.7
98 4626 14.7
98 4627 14.7
98 4628 14.7
98 4629 14.7
99 4630 14.7
99 4631 14.7
99 4632 14.7
99 4633 14.7
99 4634 14.7
99 4635 14.7
99 4636 14.7
99 4637 14.7
99 4638 14.7
99 4639 14.7
99 4640 14.7
99 4641 14.7
99 4642 14.7
99 4643 14.7
99 4644 14.7
99 4645 14.7
99 4646 14.7
99 4647 14.7
99 4648 14.7
99 4649 14.7
99 4650 14.7
99 4651 14.7
99 4652 14.7
99 4653 14.7
99 4654 14.7
99 4655 14.7
99 4656 14.7
99 4657 14.7
99 4658 14.7
99 4659 14.7
99 4660 14.7
99 4661 14.7
99 4662 14.7
99 4663 14.7
99 4664 14.7
99 4665 14.7
99 4666 14.7
99 4667 14.7
99 4668 14.7
99 4669 14.7
99 4670 14.7
99 4671 14.7
99 4672 14.7
99 4673 14.7
99 4674 14.7
99 4675 14.7
99 4676 14.7
100 4677 14.7
100 4678 14.7
100 4679 14.7
100 4680 14.7
100 4681 14.7
100 4682 14.7
100 4683 14.7
100 4684 14.7
100 4685 14.7
100 4686 14.7
100 4687 14.7
100 4688 14.7
100 4689 14.7
100 4690 14.7
100 4691 14.7
100 4692 14.7
100 4693 14.7
100 4694 14.7
100 4695 14.7
100 4696 14.7
100 4697 14.7
100 4698 14.7
100 4699 14.7
100 4700 14.7
100 4701 14.7
100 4702 14.7
100 4703 14.7
100 4704 14.7
100 4705 14.7
100 4706 14.7
100 4707 14.7
100 4708 14.7
100 4709 14.7
100 4710 14.7
100 4711 14.7
100 4712 14.7
100 4713 14.7
100 4714 14.7
100 4715 14.7
100 4716 14.7
100 4717 14.7
100 4718 14.7
100 4719 14.7
100 4720 14.7
100 4721 14.7
100 4722 14.7
100 4723 14.7
100 4724 14.7
100 4725 14.7
100 4726 14.7
101 4727 14.7
101 4728 14.7
101 4729 14.7
101 4730 14.7
101 4731 14.7
101 4732 14.7
101 4733 14.7
101 4734 14.7
101 4735 14.7
101 4736 14.7
101 4737 14.7
101 4738 14.7
101 4739 14.7
101 4740 14.7
101 4741 14.7
101 4742 14.7
101 4743 14.7
101 4744 14.7
101 4745 14.7
101 4746 14.7
101 4747 14.7
101 4748 14.7
101 4749 14.7
101 4750 14.7
101 4751 14.7
101 4752 14.7
101 4753 14.7
101 4754 14.7
101 4755 14.7
101 4756 14.7
101 4757 14.7
101 4758 14.7
101 4759 14.7
101 4760 14.7
101 4761 14.7
101 4762 14.7
101 4763 14.6
101 4764 14.6
101 4765 14.6
101 4766 14.6
101 4767 14.6
101 4768 14.5
101 4769 14.5
101 4770 14.5
101 4771 14.5
101 4772 14.5
101 4773 14.5
101 4774 14.5
101 4775 14.5
102 4776 14.5
102 4777 14.5
102 4778 14.5
102 4779 14.5
102 4780 14.5
102 4781 14.5
102 4782 14.5
102 4783 14.5
102 4784 14.5
102 4785 14.5
102 4786 14.5
102 4787 14.5
102 4788 14.5
102 4789 14.5
102 4790 14.5
102 4791 14.5
102 4792 14.5
102 4793 14.5
102 4794 14.5
102 4795 14.5
102 4796 14.5
102 4797 14.5
102 4798 14.5
102 4799 14.5
102 4800 14.5
102 4801 14.5
102 4802 14.5
102 4803 14.5
102 4804 14.5
102 4805 14.5
102 4806 14.5
102 4807 14.5
102 4808 14.5
102 4809 14.5
102 4810 14.5
102 4811 14.5
102 4812 14.5
102 4813 14.5
102 4814 14.5
102 4815 14.5
102 4816 14.5
102 4817 14.5
102 4818 14.5
102 4819 14.5
102 4820 14.5
102 4821 14.5
102 4822 14.5
102 4823 14.5
103 4824 14.5
103 4825 14.5
103 4826 14.5
103 4827 14.5
103 4828 14.5
103 4829 14.5
103 4830 14.5
103 4831 14.5
103 4832 14.5
103 4833 14.5
103 4834 14.5
103 4835 14.5
103 4836 14.5
103 4837 14.5
103 4838 14.5
103 4839 14.5
103 4840 14.5
103 4841 14.5
103 4842 14.5
103 4843 14.5
103 4844 14.5
103 4845 14.5
103 4846 14.5
103 4847 14.5
103 4848 14.5
103 4849 14.5
103 4850 14.5
103 4851 14.5
103 4852 14.5
103 4853 14.5
103 4854 14.5
103 4855 14.5
103 4856 14.5
103 4857 14.5
103 4858 14.5
103 4859 14.5
103 4860 14.5
103 4861 14.5
103 4862 14.5
103 4863 14.5
103 4864 14.5
103 4865 14.5
103 4866 14.5
103 4867 14.5
103 4868 14.5
103 4869 14.5
103 4870 14.5
103 4871 14.5
103 4872 14.5
103 4873 14.5
103 4874 14.5
103 4875 14.5
104 4876 14.4
104 4877 14.4
104 4878 14.4
104 4879 14.4
104 4880 14.4
104 4881 14.4
104 4882 14.4
104 4883 14.4
104 4884 14.4
104 4885 14.4
104 4886 14.4
104 4887 14.4
104 4888 14.4
104 4889 14.4
104 4890 14.4
104 4891 14.4
104 4892 14.4
104 4893 14.4
104 4894 14.4
104 4895 14.4
104 4896 14.4
104 4897 14.3
104 4898 14.3
104 4899 14.3
104 4900 14.3
104 4901 14.3
104 4902 14.2
104 4903 14.2
104 4904 14.2
104 4905 14.2
104 4906 14.2
104 4907 14.2
104 4908 14.2
104 4909 14.2
104 4910 14.2
104 4911 14.2
104 4912 14.2
104 4913 14.2
104 4914 14.2
104 4915 14.2
104 4916 14.2
104 4917 14.2
104 4918 14.2
104 4919 14.2
104 4920 14.2
104 4921 14.2
104 4922 14.2
104 4923 14.2
104 4924 14.2
104 4925 14.2
104 4926 14.2
105 4927 14.2
105 4928 14.2
105 4929 14.2
105 4930 14.2
105 4931 14.2
105 4932 14.2
105 4933 14.2
105 4934 14.2
105 4935 14.2
105 4936 14.2
105 4937 14.2
105 4938 14.2
105 4939 14.1
105 4940 14.1
105 4941 14.1
105 4942 14.1
105 4943 14.1
105 4944 14.1
105 4945 14.1
105 4946 14.1
105 4947 14.1
105 4948 14.1
105 4949 14.1
105 4950 14.1
105 4951 14.1
105 4952 14.1
105 4953 14.1
105 4954 14.1
105 4955 14.1
105 4956 14.1
105 4957 14.1
105 4958 14.1
105 4959 14.1
105 4960 14.1
105 4961 14.1
105 4962 14.1
105 4963 14.1
105 4964 14.1
105 4965 14.1
105 4966 14.1
105 4967 14.1
105 4968 14.1
105 4969 14.1
105 4970 14.1
105 4971 14.1
105 4972 14.1
105 4973 14.1
106 4974 14.1
106 4975 14.1
106 4976 14.1
106 4977 14.1
106 4978 14.1
106 4979 14.1
106 4980 14.1
106 4981 14.1
106 4982 14.1
106 4983 14.1
106 4984 14.1
106 4985 14.1
106 4986 14.1
106 4987 14.1
106 4988 14.1
106 4989 14.1
106 4990 14.1
106 4991 14.1
106 4992 14.1
106 4993 14.1
106 4994 14.1
106 4995 14.1
106 4996 14.1
106 4997 14.1
106 4998 14.1
106 4999 14.1
106 5000 14.1
106 5001 14.1
106 5002 14.1
106 5003 14.1
106 5004 14.1
106 5005 14.1
106 5006 14.1
106 5007 14.1
106 5008 14.1
106 5009 14.1
106 5010 14.1
106 5011 14.1
106 5012 14.1
106 5013 14.1
106 5014 14.1
106 5015 14.1
106 5016 14.1
106 5017 14.1
106 5018 14.1
106 5019 14.1
106 5020 14.1
106 5021 14.1
106 5022 14.1
106 5023 14.1
106 5024 14.1
107 5025 14.1
107 5026 14.1
107 5027 14.1
107 5028 14.1
107 5029 14.1
107 5030 14.1
107 5031 14.1
107 5032 14.1
107 5033 14.1
107 5034 14.1
107 5035 14.1
107 5036 14.1
107 5037 14.1
107 5038 14.1
107 5039 14.1
107 5040 14.1
107 5041 14.1
107 5042 14.1
107 5043 14.1
107 5044 14.1
107 5045 14.1
107 5046 14.1
107 5047 14.1
107 5048 14.1
107 5049 14.1
107 5050 14.1
107 5051 14.1
107 5052 14.1
107 5053 14.1
107 5054 14.1
107 5055 14.1
107 5056 14.1
107 5057 14.1
107 5058 14.1
107 5059 14.1
107 5060 14.1
107 5061 14.1
107 5062 14.1
107 5063 14.1
107 5064 14.1
107 5065 14.1
107 5066 14.1
107 5067 14.1
107 5068 14.1
107 5069 14.1
107 5070 14.1
107 5071 14.1
107 5072 14.1
107 5073 14.1
107 5074 14.1
108 5075 14.1
108 5076 14.1
108 5077 14.1
108 5078 14.1
108 5079 14.1
108 5080 14.1
108 5081 14.1
108 5082 14.1
108 5083 14.1
108 5084 14.1
108 5085 14.1
108 5086 14.1
108 5087 14.1
108 5088 14.1
108 5089 14.1
108 5090 14.1
108 5091 14.1
108 5092 14.1
108 5093 14.1
108 5094 14.1
108 5095 14.1
108 5096 14.1
108 5097 14.1
108 5098 14.1
108 5099 14.1
108 5100 14.1
108 5101 14.1
108 5102 14.1
108 5103 14.1
108 5104 14.1
108 5105 14.1
108 5106 14.1
108 5107 14.1
108 5108 14.1
108 5109 14.1
108 5110 14.1
108 5111 14.1
108 5112 14.1
108 5113 14.1
108 5114 14.1
108 5115 14.1
108 5116 14.1
108 5117 14.1
108 5118 14.1
108 5119 14.1
108 5120 14.1
108 5121 14.1
108 5122 14.1
109 5123 14.1
109 5124 14.1
109 5125 14.1
109 5126 14.1
109 5127 14.1
109 5128 14.1
109 5129 14.1
109 5130 14.1
109 5131 14.1
109 5132 14.1
109 5133 14.1
109 5134 14.1
109 5135 14.1
109 5136 14.1
109 5137 14.1
109 5138 14.1
109 5139 14.1
109 5140 14.1
109 5141 14.1
109 5142 14.1
109 5143 14.1
109 5144 14.1
109 5145 14.1
109 5146 14.1
109 5147 14.1
109 5148 14.1
109 5149 14.1
109 5150 14.1
109 5151 14.1
109 5152 14.1
109 5153 14.1
109 5154 14.1
109 5155 14.1
109 5156 14.1
109 5157 14.1
109 5158 14.1
109 5159 14.1
109 5160 14.1
109 5161 14.1
109 5162 14.1
109 5163 14.1
109 5164 14.1
109 5165 14.1
109 5166 14.1
109 5167 14.1
109 5168 14.1
109 5169 14.1
109 5170 14.1
110 5171 14.1
110 5172 14.1
110 5173 14.1
110 5174 14.1
110 5175 14.1
110 5176 14.1
110 5177 14.1
110 5178 14.1
110 5179 14.1
110 5180 14.1
110 5181 14.1
110 5182 14.1
110 5183 14.1
110 5184 14.1
110 5185 14.1
110 5186 14.1
110 5187 14.1
110 5188 14.1
110 5189 14.1
110 5190 14.1
110 5191 14.1
110 5192 14.1
110 5193 14.1
110 5194 14.1
110 5195 14.1
110 5196 14.1
110 5197 14.1
110 5198 14.1
110 5199 14.1
110 5200 14.1
110 5201 14.1
110 5202 14.1
110 5203 14.1
110 5204 14.1
110 5205 14.1
110 5206 14.1
110 5207 14.1
110 5208 14.1
110 5209 14.1
110 5210 14.1
110 5211 14.1
110 5212 14.1
110 5213 14.1
110 5214 14.1
110 5215 14.1
110 5216 14.1
110 5217 14.1
110 5218 14.1
110 5219 14.1
110 5220 14.1
111 5221 14.1
111 5222 14.1
111 5223 14.1
111 5224 14.1
111 5225 14.1
111 5226 14.1
111 5227 14.1
111 5228 14.1
111 5229 14.1
111 5230 14.1
111 5231 14.1
111 5232 14.1
111 5233 14.1
111 5234 14.1
111 5235 14.1
111 5236 14.1
111 5237 14.1
111 5238 14.1
111 5239 14.1
111 5240 14.1
111 5241 14.1
111 5242 14.1
111 5243 14.1
111 5244 14.1
111 5245 14.1
111 5246 14.1
111 5247 14.1
111 5248 14.1
111 5249 14.1
111 5250 14.1
111 5251 14.1
111 5252 14.1
111 5253 14.1
111 5254 14.1
111 5255 14.1
111 5256 14.1
111 5257 14.1
111 5258 14.1
111 5259 14.1
111 5260 14.1
111 5261 14.1
111 5262 14.1
111 5263 14.1
111 5264 14.1
111 5265 14.1
112 5266 14.1
112 5267 14.1
112 5268 14.1
112 5269 14.1
112 5270 14.1
112 5271 14.1
112 5272 14.1
112 5273 14.1
112 5274 14.1
112 5275 14.1
112 5276 14.1
112 5277 14.1
112 5278 14.1
112 5279 14.1
112 5280 14.1
112 5281 14.1
112 5282 14.1
112 5283 14.1
112 5284 14.1
112 5285 14.1
112 5286 14.1
112 5287 14.1
112 5288 14.1
112 5289 14.1
112 5290 14.1
112 5291 14.1
112 5292 14.1
112 5293 14.1
112 5294 14.1
112 5295 14.0
112 5296 14.0
112 5297 14.0
112 5298 14.0
112 5299 14.0
112 5300 14.0
112 5301 14.0
112 5302 14.0
112 5303 14.0
112 5304 14.0
112 5305 14.0
112 5306 14.0
112 5307 14.0
112 5308 14.0
112 5309 14.0
112 5310 14.0
112 5311 14.0
112 5312 14.0
112 5313 14.0
112 5314 13.9
113 5315 13.9
113 5316 13.9
113 5317 13.9
113 5318 13.9
113 5319 13.9
113 5320 13.9
113 5321 13.9
113 5322 13.8
113 5323 13.8
113 5324 13.8
113 5325 13.8
113 5326 13.8
113 5327 13.7
113 5328 13.7
113 5329 13.7
113 5330 13.7
113 5331 13.7
113 5332 13.7
113 5333 13.7
113 5334 13.7
113 5335 13.7
113 5336 13.7
113 5337 13.7
113 5338 13.7
113 5339 13.7
113 5340 13.7
113 5341 13.7
113 5342 13.7
113 5343 13.7
113 5344 13.7
113 5345 13.7
113 5346 13.7
113 5347 13.7
113 5348 13.7
113 5349 13.7
113 5350 13.7
113 5351 13.7
113 5352 13.7
113 5353 13.7
113 5354 13.7
113 5355 13.7
113 5356 13.7
113 5357 13.7
113 5358 13.7
113 5359 13.7
113 5360 13.7
113 5361 13.7
114 5362 13.7
114 5363 13.7
114 5364 13.7
114 5365 13.7
114 5366 13.7
114 5367 13.7
114 5368 13.7
114 5369 13.7
114 5370 13.7
114 5371 13.7
114 5372 13.7
114 5373 13.7
114 5374 13.7
114 5375 13.7
114 5376 13.7
114 5377 13.7
114 5378 13.7
114 5379 13.7
114 5380 13.7
114 5381 13.7
114 5382 13.7
114 5383 13.7
114 5384 13.7
114 5385 13.7
114 5386 13.7
114 5387 13.7
114 5388 13.7
114 5389 13.7
114 5390 13.7
114 5391 13.7
114 5392 13.7
114 5393 13.7
114 5394 13.7
114 5395 13.7
114 5396 13.7
114 5397 13.7
114 5398 13.7
114 5399 13.7
114 5400 13.7
114 5401 13.7
114 5402 13.7
114 5403 13.7
114 5404 13.7
114 5405 13.7
114 5406 13.7
114 5407 13.7
114 5408 13.7
114 5409 13.7
114 5410 13.7
114 5411 13.7
114 5412 13.7
115 5413 13.7
115 5414 13.7
115 5415 13.7
115 5416 13.7
115 5417 13.7
115 5418 13.7
115 5419 13.7
115 5420 13.7
115 5421 13.7
115 5422 13.7
115 5423 13.7
115 5424 13.7
115 5425 13.7
115 5426 13.7
115 5427 13.7
115 5428 13.7
115 5429 13.7
115 5430 13.7
115 5431 13.7
115 5432 13.7
115 5433 13.7
115 5434 13.7
115 5435 13.7
115 5436 13.7
115 5437 13.7
115 5438 13.7
115 5439 13.7
115 5440 13.7
115 5441 13.7
115 5442 13.7
115 5443 13.7
115 5444 13.7
115 5445 13.7
115 5446 13.7
115 5447 13.7
115 5448 13.7
115 5449 13.7
115 5450 13.7
115 5451 13.7
115 5452 13.7
115 5453 13.7
115 5454 13.7
115 5455 13.7
115 5456 13.7
115 5457 13.7
115 5458 13.7
115 5459 13.7
115 5460 13.7
115 5461 13.7
115 5462 13.7
115 5463 13.7
115 5464 13.7
116 5465 13.7
116 5466 13.7
116 5467 13.7
116 5468 13.7
116 5469 13.7
116 5470 13.7
116 5471 13.7
116 5472 13.7
116 5473 13.7
116 5474 13.7
116 5475 13.7
116 5476 13.7
116 5477 13.7
116 5478 13.7
116 5479 13.7
116 5480 13.7
116 5481 13.7
116 5482 13.7
116 5483 13.7
116 5484 13.7
116 5485 13.7
116 5486 13.7
116 5487 13.7
116 5488 13.7
116 5489 13.7
116 5490 13.7
116 5491 13.7
116 5492 13.7
116 5493 13.7
116 5494 13.7
116 5495 13.7
116 5496 13.7
116 5497 13.7
116 5498 13.7
116 5499 13.7
116 5500 13.7
116 5501 13.7
116 5502 13.7
116 5503 13.7
116 5504 13.7
116 5505 13.7
116 5506 13.7
116 5507 13.7
116 5508 13.7
116 5509 13.7
116 5510 13.7
116 5511 13.7
116 5512 13.7
116 5513 13.7
116 5514 13.7
117 5515 13.7
117 5516 13.7
117 5517 13.7
117 5518 13.7
117 5519 13.7
117 5520 13.7
117 5521 13.7
117 5522 13.7
117 5523 13.7
117 5524 13.7
117 5525 13.7
117 5526 13.7
117 5527 13.7
117 5528 13.7
117 5529 13.7
117 5530 13.7
117 5531 13.7
117 5532 13.7
117 5533 13.7
117 5534 13.7
117 5535 13.7
117 5536 13.7
117 5537 13.7
117 5538 13.7
117 5539 13.7
117 5540 13.7
117 5541 13.7
117 5542 13.7
117 5543 13.7
117 5544 13.7
117 5545 13.7
117 5546 13.7
117 5547 13.7
117 5548 13.7
117 5549 13.7
117 5550 13.7
117 5551 13.7
117 5552 13.7
117 5553 13.7
117 5554 13.7
117 5555 13.7
117 5556 13.7
117 5557 13.7
117 5558 13.7
117 5559 13.7
117 5560 13.7
117 5561 13.7
117 5562 13.7
117 5563 13.7
117 5564 13.7
118 5565 13.7
118 5566 13.7
118 5567 13.7
118 5568 13.7
118 5569 13.7
118 5570 13.7
118 5571 13.7
118 5572 13.7
118 5573 13.7
118 5574 13.7
118 5575 13.7
118 5576 13.7
118 5577 13.7
118 5578 13.7
118 5579 13.7
118 5580 13.7
118 5581 13.7
118 5582 13.7
118 5583 13.7
118 5584 13.7
118 5585 13.7
118 5586 13.7
118 5587 13.7
118 5588 13.7
118 5589 13.7
118 5590 13.7
118 5591 13.7
118 5592 13.7
118 5593 13.7
118 5594 13.7
118 5595 13.7
118 5596 13.7
118 5597 13.7
118 5598 13.7
118 5599 13.7
118 5600 13.7
118 5601 13.7
118 5602 13.7
118 5603 13.7
118 5604 13.7
118 5605 13.7
118 5606 13.7
118 5607 13.7
118 5608 13.7
118 5609 13.7
118 5610 13.7
118 5611 13.7
118 5612 13.7
118 5613 13.7
118 5614 13.7
118 5615 13.7
118 5616 13.7
119 5617 13.7
119 5618 13.7
119 5619 13.7
119 5620 13.7
119 5621 13.7
119 5622 13.7
119 5623 13.7
119 5624 13.7
119 5625 13.7
119 5626 13.7
119 5627 13.7
119 5628 13.7
119 5629 13.7
119 5630 13.7
119 5631 13.7
119 5632 13.7
119 5633 13.7
119 5634 13.7
119 5635 13.7
119 5636 13.7
119 5637 13.7
119 5638 13.7
119 5639 13.7
119 5640 13.7
119 5641 13.7
119 5642 13.7
119 5643 13.7
119 5644 13.7
119 5645 13.7
119 5646 13.7
119 5647 13.7
119 5648 13.7
119 5649 13.7
119 5650 13.7
119 5651 13.7
119 5652 13.7
119 5653 13.7
119 5654 13.7
119 5655 13.7
119 5656 13.4
119 5657 13.4
119 5658 13.4
119 5659 13.4
119 5660 13.4
119 5661 13.4
119 5662 13.4
119 5663 13.4
119 5664 13.4
119 5665 13.4
119 5666 13.4
120 5667 13.4
120 5668 13.4
120 5669 13.4
120 5670 13.4
120 5671 13.4
120 5672 13.4
120 5673 13.4
120 5674 13.4
120 5675 13.3
120 5676 13.3
120 5677 13.3
120 5678 13.3
120 5679 13.3
120 5680 13.3
120 5681 13.3
120 5682 13.3
120 5683 13.3
120 5684 13.3
120 5685 13.3
120 5686 13.3
120 5687 13.3
120 5688 13.3
120 5689 13.3
120 5690 13.3
120 5691 13.3
120 5692 13.3
120 5693 13.3
120 5694 13.3
120 5695 13.3
120 5696 13.3
120 5697 13.3
120 5698 13.3
120 5699 13.3
120 5700 13.3
120 5701 13.3
120 5702 13.3
120 5703 13.3
120 5704 13.3
120 5705 13.3
120 5706 13.3
120 5707 13.3
120 5708 13.3
120 5709 13.3
120 5710 13.3
120 5711 13.3
120 5712 13.2
120 5713 13.2
120 5714 13.2
120 5715 13.2
120 5716 13.2
120 5717 13.2
120 5718 13.2
120 5719 13.2
120 5720 13.2
121 5721 13.2
