0 1 49.5
0 2 49.5
0 3 49.5
0 4 49.5
0 5 49.4
1 6 49.4
1 7 48.6
1 8 48.6
1 9 48.2
1 10 48.2
1 11 48.2
1 12 48.2
1 13 48.2
1 14 46.9
1 15 46.9
1 16 46.9
1 17 46.9
1 18 46.5
1 19 46.5
1 20 46.5
1 21 46.2
1 22 46.2
1 23 46.2
1 24 45.6
1 25 45.6
1 26 45.6
1 27 45.6
1 28 45.6
1 29 45.6
1 30 45.6
1 31 45.6
1 32 44.9
1 33 44.9
1 34 44.9
1 35 44.9
1 36 44.9
1 37 44.9
2 38 44.9
2 39 44.8
2 40 44.8
2 41 44.8
2 42 44.8
2 43 44.8
2 44 44.8
2 45 44.8
2 46 44.8
2 47 44.8
2 48 44.8
2 49 44.8
2 50 44.8
2 51 44.8
2 52 44.5
2 53 44.5
2 54 44.5
2 55 44.5
2 56 44.5
2 57 44.5
2 58 44.5
2 59 44.5
2 60 41.3
2 61 41.3
2 62 41.3
2 63 41.3
2 64 40.9
2 65 40.9
2 66 40.9
2 67 40.9
2 68 40.9
2 69 40.9
3 70 40.9
3 71 40.9
3 72 40.9
3 73 40.9
3 74 40.9
3 75 40.9
3 76 40.9
3 77 40.9
3 78 40.9
3 79 40.8
3 80 40.8
3 81 40.8
3 82 40.8
3 83 40.8
3 84 40.8
3 85 39.8
3 86 39.8
3 87 39.8
3 88 39.8
3 89 38.8
3 90 38.8
3 91 38.8
3 92 38.4
3 93 38.4
3 94 38.4
3 95 38.4
3 96 38.4
3 97 38.4
3 98 38.4
3 99 38.4
3 100 38.4
3 101 38.4
3 102 38.4
3 103 38.4
3 104 38.4
3 105 38.4
3 106 38.4
3 107 38.4
4 108 38.4
4 109 38.4
4 110 37.1
4 111 37.1
4 112 37.1
4 113 37.1
4 114 37.1
4 115 37.1
4 116 36.7
4 117 36.7
4 118 36.7
4 119 36.5
4 120 36.5
4 121 36.5
4 122 36.5
4 123 35.9
4 124 35.9
4 125 35.9
4 126 35.9
4 127 35.9
4 128 35.9
4 129 35.4
4 130 35.4
4 131 35.4
4 132 33.4
4 133 33.4
4 134 33.4
4 135 33.4
4 136 33.4
4 137 33.2
4 138 33.2
4 139 33.2
4 140 33.2
4 141 33.2
4 142 33.2
4 143 33.2
4 144 33.2
4 145 32.8
4 146 32.8
4 147 32.8
5 148 32.8
5 149 32.8
5 150 32.8
5 151 32.8
5 152 32.8
5 153 32.8
5 154 32.8
5 155 32.8
5 156 32.8
5 157 32.8
5 158 32.8
5 159 32.8
5 160 32.8
5 161 32.8
5 162 32.8
5 163 32.8
5 164 32.8
5 165 32.8
5 166 32.8
5 167 32.8
5 168 32.8
5 169 32.8
5 170 32.8
5 171 32.8
5 172 32.8
5 173 32.8
5 174 32.4
5 175 32.4
5 176 32.4
5 177 32.4
5 178 32.4
5 179 32.4
5 180 32.4
5 181 32.4
5 182 32.4
5 183 32.4
6 184 32.4
6 185 32.4
6 186 32.4
6 187 32.4
6 188 32.4
6 189 32.4
6 190 32.4
6 191 32.4
6 192 32.4
6 193 32.4
6 194 32.2
6 195 32.2
6 196 32.2
6 197 32.2
6 198 32.2
6 199 32.2
6 200 32.2
6 201 32.2
6 202 32.2
6 203 32.2
6 204 32.2
6 205 32.2
6 206 32.2
6 207 32.2
6 208 32.2
6 209 32.2
6 210 32.2
6 211 32.2
6 212 32.2
6 213 32.2
6 214 32.2
6 215 32.2
6 216 32.2
6 217 32.2
6 218 32.2
6 219 32.2
6 220 32.2
6 221 32.2
7 222 32.2
7 223 32.2
7 224 32.2
7 225 32.2
7 226 32.2
7 227 32.2
7 228 32.2
7 229 32.2
7 230 32.2
7 231 32.2
7 232 32.2
7 233 32.2
7 234 32.2
7 235 32.2
7 236 32.2
7 237 32.2
7 238 32.2
7 239 32.2
7 240 32.2
7 241 32.2
7 242 32.2
7 243 32.2
7 244 32.2
7 245 32.2
7 246 32.2
7 247 32.2
7 248 32.2
7 249 32.2
7 250 32.2
7 251 32.2
7 252 32.2
7 253 32.2
7 254 32.2
7 255 32.2
7 256 32.2
7 257 32.2
7 258 32.2
7 259 32.2
7 260 32.2
7 261 32.2
7 262 32.2
8 263 32.2
8 264 32.2
8 265 32.2
8 266 32.2
8 267 32.2
8 268 32.2
8 269 32.2
8 270 32.2
8 271 32.2
8 272 32.2
8 273 32.2
8 274 32.2
8 275 32.2
8 276 32.2
8 277 32.2
8 278 32.2
8 279 32.2
8 280 32.2
8 281 32.2
8 282 32.2
8 283 32.2
8 284 32.2
8 285 32.2
8 286 32.2
8 287 32.2
8 288 32.2
8 289 32.2
8 290 32.2
8 291 32.2
8 292 32.2
8 293 32.2
8 294 32.2
8 295 32.2
8 296 32.2
8 297 32.2
8 298 32.2
8 299 32.2
8 300 32.2
8 301 32.2
9 302 32.2
9 303 32.2
9 304 32.2
9 305 32.2
9 306 32.2
9 307 32.2
9 308 32.2
9 309 32.2
9 310 32.2
9 311 32.2
9 312 32.2
9 313 32.2
9 314 32.2
9 315 32.2
9 316 32.2
9 317 32.2
9 318 32.2
9 319 32.2
9 320 32.2
9 321 32.2
9 322 32.2
9 323 32.2
9 324 32.2
9 325 32.2
9 326 32.2
9 327 32.2
9 328 32.2
9 329 32.2
9 330 32.2
9 331 32.2
9 332 32.2
9 333 32.2
9 334 32.2
9 335 32.2
9 336 32.2
9 337 32.2
9 338 32.2
9 339 32.2
9 340 32.2
9 341 32.2
9 342 32.2
10 343 32.2
10 344 32.2
10 345 32.2
10 346 32.2
10 347 32.2
10 348 32.2
10 349 32.2
10 350 32.2
10 351 32.2
10 352 32.2
10 353 32.0
10 354 32.0
10 355 32.0
10 356 32.0
10 357 32.0
10 358 32.0
10 359 32.0
10 360 32.0
10 361 31.6
10 362 31.6
10 363 31.6
10 364 31.6
10 365 31.6
10 366 31.6
10 367 31.6
10 368 31.6
10 369 31.5
10 370 31.5
10 371 31.5
10 372 31.5
10 373 31.5
10 374 30.7
10 375 30.5
10 376 30.5
10 377 30.5
10 378 30.5
10 379 30.5
10 380 30.5
10 381 30.5
10 382 30.5
10 383 30.5
10 384 30.5
10 385 30.5
11 386 30.5
11 387 30.5
11 388 30.5
11 389 30.5
11 390 30.5
11 391 30.5
11 392 30.5
11 393 30.5
11 394 30.5
11 395 30.5
11 396 30.5
11 397 30.5
11 398 30.5
11 399 30.5
11 400 30.5
11 401 30.5
11 402 30.5
11 403 30.5
11 404 30.5
11 405 30.5
11 406 30.5
11 407 30.5
11 408 30.5
11 409 30.5
11 410 30.5
11 411 30.5
11 412 30.5
11 413 30.5
11 414 30.5
11 415 30.5
11 416 30.5
11 417 30.5
11 418 30.5
11 419 30.5
11 420 30.5
11 421 30.5
11 422 30.5
11 423 30.5
11 424 30.5
11 425 30.5
11 426 30.5
11 427 30.5
11 428 30.5
12 429 30.5
12 430 30.5
12 431 30.5
12 432 30.5
12 433 30.5
12 434 30.5
12 435 30.5
12 436 30.5
12 437 30.5
12 438 30.5
12 439 30.5
12 440 30.5
12 441 30.5
12 442 30.5
12 443 30.5
12 444 30.5
12 445 30.5
12 446 30.5
12 447 30.5
12 448 30.5
12 449 30.5
12 450 30.5
12 451 30.5
12 452 30.5
12 453 30.5
12 454 30.5
12 455 30.5
12 456 30.5
12 457 30.5
12 458 30.5
12 459 30.5
12 460 30.5
12 461 30.5
12 462 30.5
12 463 30.5
12 464 30.5
12 465 30.5
12 466 30.5
12 467 30.5
12 468 30.5
12 469 30.5
13 470 30.5
13 471 30.5
13 472 30.5
13 473 30.5
13 474 30.5
13 475 30.5
13 476 30.5
13 477 30.5
13 478 30.5
13 479 30.5
13 480 30.5
13 481 30.5
13 482 30.5
13 483 30.5
13 484 30.5
13 485 30.5
13 486 30.5
13 487 30.5
13 488 30.5
13 489 30.5
13 490 30.5
13 491 30.5
13 492 30.5
13 493 30.5
13 494 30.5
13 495 30.5
13 496 30.5
13 497 30.5
13 498 30.5
13 499 30.5
13 500 30.5
13 501 30.5
13 502 30.5
13 503 30.5
13 504 30.5
13 505 30.5
13 506 30.5
13 507 30.5
13 508 30.5
13 509 30.5
14 510 30.5
14 511 30.5
14 512 30.5
14 513 30.5
14 514 30.5
14 515 30.5
14 516 30.5
14 517 30.5
14 518 30.5
14 519 30.5
14 520 30.5
14 521 30.5
14 522 30.5
14 523 30.5
14 524 30.5
14 525 30.5
14 526 30.5
14 527 30.5
14 528 30.5
14 529 30.5
14 530 30.5
14 531 30.5
14 532 30.5
14 533 30.4
14 534 30.4
14 535 30.4
14 536 30.4
14 537 30.4
14 538 30.4
14 539 30.4
14 540 30.4
14 541 30.4
14 542 30.4
14 543 30.4
14 544 30.4
14 545 30.4
14 546 30.4
14 547 30.4
14 548 30.4
14 549 30.4
14 550 30.4
15 551 30.4
15 552 30.4
15 553 30.4
15 554 30.4
15 555 29.8
15 556 29.8
15 557 29.8
15 558 29.8
15 559 29.8
15 560 29.8
15 561 29.8
15 562 29.8
15 563 29.8
15 564 29.8
15 565 29.8
15 566 29.8
15 567 29.8
15 568 29.8
15 569 29.8
15 570 29.8
15 571 29.8
15 572 29.8
15 573 29.0
15 574 29.0
15 575 29.0
15 576 29.0
15 577 29.0
15 578 29.0
15 579 29.0
15 580 29.0
15 581 29.0
15 582 29.0
15 583 29.0
15 584 29.0
15 585 29.0
15 586 29.0
15 587 29.0
15 588 29.0
15 589 29.0
16 590 29.0
16 591 29.0
16 592 29.0
16 593 29.0
16 594 29.0
16 595 29.0
16 596 29.0
16 597 29.0
16 598 29.0
16 599 29.0
16 600 29.0
16 601 29.0
16 602 29.0
16 603 29.0
16 604 29.0
16 605 29.0
16 606 29.0
16 607 29.0
16 608 29.0
16 609 29.0
16 610 29.0
16 611 29.0
16 612 29.0
16 613 29.0
16 614 29.0
16 615 28.7
16 616 28.7
16 617 28.7
16 618 28.2
16 619 28.2
16 620 28.2
16 621 28.2
16 622 28.2
16 623 28.2
16 624 28.0
16 625 28.0
16 626 28.0
16 627 28.0
16 628 28.0
16 629 28.0
16 630 28.0
16 631 27.9
16 632 27.9
17 633 27.9
17 634 27.9
17 635 27.9
17 636 27.9
17 637 27.8
17 638 27.8
17 639 27.8
17 640 27.8
17 641 27.8
17 642 27.8
17 643 27.8
17 644 27.8
17 645 27.8
17 646 27.6
17 647 27.6
17 648 27.6
17 649 27.6
17 650 27.6
17 651 27.6
17 652 27.6
17 653 27.6
17 654 27.6
17 655 27.6
17 656 27.6
17 657 27.6
17 658 27.6
17 659 27.6
17 660 27.6
17 661 27.6
17 662 27.6
17 663 27.6
17 664 27.6
17 665 27.6
17 666 27.6
17 667 27.6
17 668 27.6
17 669 27.6
17 670 27.6
17 671 27.6
17 672 27.6
17 673 27.6
17 674 27.6
17 675 27.6
18 676 27.6
18 677 27.6
18 678 27.6
18 679 27.6
18 680 27.6
18 681 27.6
18 682 27.6
18 683 27.6
18 684 27.6
18 685 27.6
18 686 27.6
18 687 27.6
18 688 27.6
18 689 27.6
18 690 27.6
18 691 27.6
18 692 27.6
18 693 27.6
18 694 27.6
18 695 27.6
18 696 27.6
18 697 27.6
18 698 27.6
18 699 27.6
18 700 27.6
18 701 27.6
18 702 27.6
18 703 27.6
18 704 27.6
18 705 27.6
18 706 27.6
18 707 27.6
18 708 27.6
18 709 27.6
18 710 27.6
18 711 27.6
18 712 27.6
18 713 27.6
18 714 27.6
18 715 27.6
19 716 27.6
19 717 27.6
19 718 27.6
19 719 27.6
19 720 27.6
19 721 27.6
19 722 27.6
19 723 27.6
19 724 27.6
19 725 27.6
19 726 27.6
19 727 27.6
19 728 27.6
19 729 27.6
19 730 27.6
19 731 27.6
19 732 27.6
19 733 27.6
19 734 27.6
19 735 27.6
19 736 27.6
19 737 27.6
19 738 27.6
19 739 27.6
19 740 27.6
19 741 27.6
19 742 27.6
19 743 27.6
19 744 27.6
19 745 27.6
19 746 27.6
19 747 27.6
19 748 27.6
19 749 27.6
19 750 27.6
19 751 27.6
19 752 27.6
19 753 27.6
19 754 27.6
19 755 27.6
19 756 27.6
19 757 27.6
20 758 27.6
20 759 27.6
20 760 27.6
20 761 27.6
20 762 27.6
20 763 27.6
20 764 27.6
20 765 27.6
20 766 27.6
20 767 27.6
20 768 27.6
20 769 27.6
20 770 27.6
20 771 27.6
20 772 27.6
20 773 27.6
20 774 27.6
20 775 27.6
20 776 27.6
20 777 27.6
20 778 27.6
20 779 27.6
20 780 27.6
20 781 27.6
20 782 27.6
20 783 27.6
20 784 27.6
20 785 27.6
20 786 27.6
20 787 27.6
20 788 27.6
20 789 27.6
20 790 27.6
20 791 27.6
20 792 27.6
20 793 27.6
20 794 27.6
20 795 27.6
20 796 27.6
20 797 27.6
20 798 27.6
21 799 27.6
21 800 27.6
21 801 27.6
21 802 27.6
21 803 27.6
21 804 27.6
21 805 27.6
21 806 27.6
21 807 27.6
21 808 27.6
21 809 27.6
21 810 27.6
21 811 27.6
21 812 27.6
21 813 27.6
21 814 27.6
21 815 27.6
21 816 27.6
21 817 27.6
21 818 27.6
21 819 27.6
21 820 27.6
21 821 27.6
21 822 27.6
21 823 27.6
21 824 27.6
21 825 27.6
21 826 27.6
21 827 27.6
21 828 27.6
21 829 27.6
21 830 27.6
21 831 27.6
21 832 27.6
21 833 27.6
21 834 27.6
21 835 27.4
21 836 27.4
21 837 27.4
21 838 27.4
22 839 27.4
22 840 27.4
22 841 27.4
22 842 27.4
22 843 27.4
22 844 27.4
22 845 27.4
22 846 27.4
22 847 27.4
22 848 27.4
22 849 27.4
22 850 27.4
22 851 27.4
22 852 27.4
22 853 27.4
22 854 27.4
22 855 27.4
22 856 27.3
22 857 27.3
22 858 27.3
22 859 27.3
22 860 27.3
22 861 27.3
22 862 27.3
22 863 26.7
22 864 26.7
22 865 26.7
22 866 26.7
22 867 26.7
22 868 26.7
22 869 26.7
22 870 26.7
22 871 26.6
22 872 26.6
22 873 26.6
22 874 26.6
22 875 26.6
22 876 26.6
22 877 26.6
23 878 26.6
23 879 26.6
23 880 26.6
23 881 26.6
23 882 26.6
23 883 26.6
23 884 26.6
23 885 26.6
23 886 26.6
23 887 26.6
23 888 26.6
23 889 26.6
23 890 26.6
23 891 26.6
23 892 26.6
23 893 26.6
23 894 26.6
23 895 26.6
23 896 26.6
23 897 26.6
23 898 26.6
23 899 26.6
23 900 26.6
23 901 26.6
23 902 26.6
23 903 26.6
23 904 26.6
23 905 26.6
23 906 26.6
23 907 26.6
23 908 26.6
23 909 26.6
23 910 26.6
23 911 26.6
23 912 26.6
23 913 26.6
23 914 26.6
23 915 26.6
23 916 26.6
23 917 26.6
23 918 26.6
23 919 26.6
23 920 26.6
24 921 26.6
24 922 26.6
24 923 26.6
24 924 26.6
24 925 26.6
24 926 26.6
24 927 26.6
24 928 26.6
24 929 26.6
24 930 26.6
24 931 26.6
24 932 26.6
24 933 26.6
24 934 26.6
24 935 26.6
24 936 26.6
24 937 26.6
24 938 26.6
24 939 26.6
24 940 26.6
24 941 26.6
24 942 26.6
24 943 26.6
24 944 26.6
24 945 26.6
24 946 26.6
24 947 26.6
24 948 26.6
24 949 26.6
24 950 26.6
24 951 26.6
24 952 26.6
24 953 26.6
24 954 26.6
24 955 26.6
24 956 26.6
24 957 26.6
24 958 26.6
24 959 26.6
24 960 26.6
24 961 26.6
24 962 26.6
24 963 26.6
25 964 26.6
25 965 26.6
25 966 26.6
25 967 26.6
25 968 26.6
25 969 26.6
25 970 26.6
25 971 26.6
25 972 26.6
25 973 26.6
25 974 26.6
25 975 26.6
25 976 26.6
25 977 26.6
25 978 26.6
25 979 26.6
25 980 26.6
25 981 26.6
25 982 26.6
25 983 26.6
25 984 26.6
25 985 26.6
25 986 26.6
25 987 26.6
25 988 26.6
25 989 26.6
25 990 26.6
25 991 26.6
25 992 26.6
25 993 26.6
25 994 26.6
25 995 26.6
25 996 26.6
25 997 26.6
25 998 26.6
25 999 26.6
25 1000 26.6
25 1001 26.6
25 1002 26.6
26 1003 26.6
26 1004 26.6
26 1005 26.6
26 1006 26.6
26 1007 26.6
26 1008 26.6
26 1009 26.6
26 1010 26.6
26 1011 26.6
26 1012 26.6
26 1013 26.6
26 1014 26.6
26 1015 26.6
26 1016 26.6
26 1017 26.6
26 1018 26.6
26 1019 26.6
26 1020 26.6
26 1021 26.6
26 1022 26.6
26 1023 26.6
26 1024 26.6
26 1025 26.6
26 1026 26.6
26 1027 26.6
26 1028 26.6
26 1029 26.6
26 1030 26.6
26 1031 26.6
26 1032 26.6
26 1033 26.4
26 1034 26.4
26 1035 26.4
26 1036 26.4
26 1037 26.4
26 1038 26.4
26 1039 26.4
26 1040 26.4
26 1041 26.4
26 1042 26.4
26 1043 26.4
26 1044 26.4
27 1045 26.4
27 1046 26.4
27 1047 26.4
27 1048 26.4
27 1049 26.4
27 1050 26.4
27 1051 26.4
27 1052 26.4
27 1053 26.4
27 1054 26.4
27 1055 26.4
27 1056 26.4
27 1057 26.4
27 1058 26.4
27 1059 26.4
27 1060 26.4
27 1061 26.4
27 1062 26.4
27 1063 26.4
27 1064 26.4
27 1065 26.4
27 1066 26.4
27 1067 26.4
27 1068 26.4
27 1069 26.4
27 1070 26.4
27 1071 26.4
27 1072 26.4
27 1073 26.4
27 1074 26.4
27 1075 26.4
27 1076 26.4
27 1077 26.4
27 1078 26.4
27 1079 26.4
27 1080 26.4
27 1081 26.4
27 1082 26.4
27 1083 26.4
27 1084 26.4
27 1085 26.4
27 1086 26.4
28 1087 26.4
28 1088 26.4
28 1089 26.4
28 1090 26.4
28 1091 26.4
28 1092 26.4
28 1093 26.4
28 1094 26.4
28 1095 26.4
28 1096 26.4
28 1097 26.4
28 1098 26.4
28 1099 26.4
28 1100 26.4
28 1101 26.4
28 1102 26.4
28 1103 26.4
28 1104 26.4
28 1105 26.4
28 1106 26.4
28 1107 26.4
28 1108 26.4
28 1109 26.4
28 1110 26.4
28 1111 26.4
28 1112 26.4
28 1113 26.4
28 1114 26.4
28 1115 26.4
28 1116 26.4
28 1117 26.4
28 1118 26.4
28 1119 26.4
28 1120 26.4
28 1121 26.4
28 1122 26.4
28 1123 26.4
28 1124 26.4
28 1125 26.4
28 1126 26.4
29 1127 26.4
29 1128 26.4
29 1129 26.4
29 1130 26.4
29 1131 26.4
29 1132 26.4
29 1133 26.4
29 1134 26.4
29 1135 26.4
29 1136 26.4
29 1137 26.4
29 1138 26.4
29 1139 26.4
29 1140 26.4
29 1141 26.4
29 1142 26.4
29 1143 26.4
29 1144 26.4
29 1145 26.4
29 1146 26.4
29 1147 26.4
29 1148 26.4
29 1149 26.4
29 1150 26.4
29 1151 26.4
29 1152 26.4
29 1153 26.4
29 1154 26.4
29 1155 26.4
29 1156 26.4
29 1157 26.4
29 1158 26.4
29 1159 26.4
29 1160 26.4
29 1161 26.4
29 1162 26.4
29 1163 26.4
29 1164 26.4
29 1165 26.4
29 1166 26.4
29 1167 26.4
29 1168 26.4
30 1169 26.4
30 1170 26.4
30 1171 26.4
30 1172 26.4
30 1173 26.4
30 1174 26.4
30 1175 26.4
30 1176 26.4
30 1177 26.4
30 1178 26.4
30 1179 26.4
30 1180 26.4
30 1181 26.4
30 1182 26.4
30 1183 26.4
30 1184 26.4
30 1185 26.4
30 1186 26.4
30 1187 26.4
30 1188 26.4
30 1189 26.4
30 1190 26.4
30 1191 26.4
30 1192 26.4
30 1193 26.4
30 1194 26.4
30 1195 26.4
30 1196 26.4
30 1197 26.4
30 1198 26.4
30 1199 26.4
30 1200 26.4
30 1201 26.4
30 1202 26.4
30 1203 26.4
30 1204 26.4
30 1205 26.4
30 1206 26.4
30 1207 26.4
30 1208 26.4
30 1209 26.4
30 1210 26.4
31 1211 26.4
31 1212 26.4
31 1213 26.4
31 1214 26.4
31 1215 26.4
31 1216 26.4
31 1217 26.4
31 1218 26.4
31 1219 26.4
31 1220 26.4
31 1221 26.4
31 1222 26.4
31 1223 26.4
31 1224 26.4
31 1225 26.4
31 1226 26.4
31 1227 26.4
31 1228 26.4
31 1229 26.4
31 1230 26.4
31 1231 26.4
31 1232 26.4
31 1233 26.4
31 1234 26.4
31 1235 26.4
31 1236 26.4
31 1237 26.4
31 1238 26.4
31 1239 26.4
31 1240 26.4
31 1241 26.4
31 1242 26.4
31 1243 26.4
31 1244 26.4
31 1245 26.4
31 1246 26.4
31 1247 26.4
31 1248 26.4
31 1249 26.4
31 1250 26.4
31 1251 26.4
31 1252 26.4
31 1253 26.4
31 1254 26.4
32 1255 26.4
32 1256 26.4
32 1257 26.4
32 1258 26.4
32 1259 26.4
32 1260 26.4
32 1261 26.4
32 1262 26.4
32 1263 26.4
32 1264 26.4
32 1265 26.4
32 1266 26.4
32 1267 26.4
32 1268 26.4
32 1269 26.4
32 1270 26.4
32 1271 26.4
32 1272 26.4
32 1273 26.4
32 1274 26.4
32 1275 26.4
32 1276 26.4
32 1277 26.4
32 1278 26.4
32 1279 26.4
32 1280 26.4
32 1281 26.4
32 1282 26.4
32 1283 26.4
32 1284 26.4
32 1285 26.4
32 1286 26.4
32 1287 26.4
32 1288 26.4
32 1289 26.4
32 1290 26.4
32 1291 26.4
32 1292 26.4
32 1293 26.4
32 1294 26.4
32 1295 26.4
33 1296 26.4
33 1297 26.4
33 1298 26.4
33 1299 26.4
33 1300 26.4
33 1301 26.4
33 1302 26.4
33 1303 26.4
33 1304 26.4
33 1305 26.4
33 1306 26.4
33 1307 26.4
33 1308 26.4
33 1309 26.4
33 1310 26.4
33 1311 26.4
33 1312 26.4
33 1313 26.4
33 1314 26.4
33 1315 26.4
33 1316 26.4
33 1317 26.4
33 1318 26.4
33 1319 26.4
33 1320 26.4
33 1321 26.4
33 1322 26.4
33 1323 26.4
33 1324 26.4
33 1325 26.4
33 1326 26.4
33 1327 26.4
33 1328 26.4
33 1329 26.4
33 1330 26.4
33 1331 26.4
33 1332 26.4
33 1333 26.4
33 1334 26.4
33 1335 26.4
33 1336 26.4
34 1337 26.4
34 1338 26.4
34 1339 26.4
34 1340 26.4
34 1341 26.4
34 1342 26.4
34 1343 26.4
34 1344 26.4
34 1345 26.4
34 1346 26.4
34 1347 26.4
34 1348 26.4
34 1349 26.4
34 1350 26.4
34 1351 26.4
34 1352 26.4
34 1353 26.4
34 1354 26.4
34 1355 26.4
34 1356 26.4
34 1357 26.4
34 1358 26.4
34 1359 26.4
34 1360 26.4
34 1361 26.4
34 1362 26.4
34 1363 26.4
34 1364 26.4
34 1365 26.4
34 1366 26.4
34 1367 26.4
34 1368 26.4
34 1369 26.4
34 1370 26.4
34 1371 26.4
34 1372 26.4
34 1373 26.4
34 1374 26.4
34 1375 26.4
34 1376 26.4
34 1377 26.4
34 1378 26.4
35 1379 26.4
35 1380 26.4
35 1381 26.4
35 1382 26.4
35 1383 26.4
35 1384 26.4
35 1385 26.4
35 1386 26.4
35 1387 26.4
35 1388 26.4
35 1389 26.4
35 1390 26.4
35 1391 26.4
35 1392 26.4
35 1393 26.4
35 1394 26.4
35 1395 26.4
35 1396 26.4
35 1397 26.4
35 1398 26.4
35 1399 26.4
35 1400 26.4
35 1401 26.4
35 1402 26.4
35 1403 26.4
35 1404 26.4
35 1405 26.4
35 1406 26.4
35 1407 26.4
35 1408 26.4
35 1409 26.4
35 1410 26.4
35 1411 26.4
35 1412 26.4
35 1413 26.4
35 1414 26.4
35 1415 26.4
35 1416 26.4
35 1417 26.4
36 1418 26.4
36 1419 26.4
36 1420 26.4
36 1421 26.4
36 1422 26.4
36 1423 26.4
36 1424 26.4
36 1425 26.4
36 1426 26.4
36 1427 26.4
36 1428 26.4
36 1429 26.4
36 1430 26.4
36 1431 26.4
36 1432 26.4
36 1433 26.4
36 1434 26.4
36 1435 26.4
36 1436 26.4
36 1437 26.4
36 1438 26.4
36 1439 26.4
36 1440 26.4
36 1441 26.4
36 1442 26.4
36 1443 26.4
36 1444 26.4
36 1445 26.4
36 1446 26.4
36 1447 26.4
36 1448 26.4
36 1449 26.4
36 1450 26.4
36 1451 26.4
36 1452 26.4
36 1453 26.4
36 1454 26.4
36 1455 26.4
36 1456 26.4
36 1457 26.4
36 1458 26.4
36 1459 26.4
37 1460 26.4
37 1461 26.4
37 1462 26.4
37 1463 26.4
37 1464 26.4
37 1465 26.4
37 1466 26.4
37 1467 26.4
37 1468 26.4
37 1469 26.4
37 1470 26.4
37 1471 26.4
37 1472 26.4
37 1473 26.4
37 1474 26.4
37 1475 26.4
37 1476 26.4
37 1477 26.4
37 1478 26.4
37 1479 26.4
37 1480 26.4
37 1481 26.4
37 1482 26.4
37 1483 26.4
37 1484 26.4
37 1485 26.4
37 1486 26.4
37 1487 26.4
37 1488 26.4
37 1489 26.4
37 1490 26.4
37 1491 26.4
37 1492 26.4
37 1493 26.4
37 1494 26.4
37 1495 26.4
37 1496 26.4
37 1497 26.4
37 1498 26.4
37 1499 26.4
38 1500 26.4
38 1501 26.4
38 1502 26.4
38 1503 26.4
38 1504 26.4
38 1505 26.4
38 1506 26.4
38 1507 26.4
38 1508 26.4
38 1509 26.4
38 1510 26.4
38 1511 26.4
38 1512 26.4
38 1513 26.4
38 1514 26.4
38 1515 26.4
38 1516 26.4
38 1517 26.4
38 1518 26.4
38 1519 26.4
38 1520 26.4
38 1521 26.4
38 1522 26.4
38 1523 26.4
38 1524 26.4
38 1525 26.4
38 1526 26.4
38 1527 26.4
38 1528 26.4
38 1529 26.4
38 1530 26.4
38 1531 26.4
38 1532 26.4
38 1533 26.4
38 1534 26.4
38 1535 26.4
38 1536 26.4
38 1537 26.4
38 1538 26.4
39 1539 26.4
39 1540 26.4
39 1541 26.4
39 1542 26.4
39 1543 26.4
39 1544 26.4
39 1545 26.4
39 1546 26.4
39 1547 26.4
39 1548 26.4
39 1549 26.4
39 1550 26.4
39 1551 26.4
39 1552 26.4
39 1553 26.4
39 1554 26.4
39 1555 26.4
39 1556 26.4
39 1557 26.4
39 1558 26.4
39 1559 26.4
39 1560 26.4
39 1561 26.4
39 1562 26.4
39 1563 26.4
39 1564 26.4
39 1565 26.4
39 1566 26.4
39 1567 26.4
39 1568 26.4
39 1569 26.4
39 1570 26.4
39 1571 26.4
39 1572 26.4
39 1573 26.4
39 1574 26.4
39 1575 26.4
39 1576 26.4
39 1577 26.4
39 1578 26.4
39 1579 26.4
40 1580 26.4
40 1581 26.4
40 1582 26.4
40 1583 26.4
40 1584 26.4
40 1585 26.4
40 1586 26.4
40 1587 26.4
40 1588 26.4
40 1589 26.4
40 1590 25.9
40 1591 25.9
40 1592 25.9
40 1593 25.7
40 1594 25.7
40 1595 25.7
40 1596 25.7
40 1597 25.7
40 1598 25.7
40 1599 25.7
40 1600 25.7
40 1601 25.7
40 1602 25.7
40 1603 25.7
40 1604 25.7
40 1605 25.7
40 1606 25.7
40 1607 25.7
40 1608 25.7
40 1609 25.7
40 1610 25.7
40 1611 25.7
40 1612 25.7
40 1613 25.7
40 1614 25.7
40 1615 25.7
40 1616 25.7
40 1617 25.7
40 1618 25.7
40 1619 25.7
41 1620 25.7
41 1621 25.7
41 1622 25.7
41 1623 25.7
41 1624 25.7
41 1625 25.7
41 1626 25.7
41 1627 25.7
41 1628 25.7
41 1629 25.7
41 1630 25.7
41 1631 25.7
41 1632 25.7
41 1633 25.7
41 1634 25.7
41 1635 25.7
41 1636 25.7
41 1637 25.7
41 1638 25.7
41 1639 25.7
41 1640 25.7
41 1641 25.7
41 1642 25.7
41 1643 25.7
41 1644 25.7
41 1645 25.7
41 1646 25.7
41 1647 25.7
41 1648 25.7
41 1649 25.7
41 1650 25.7
41 1651 25.7
41 1652 25.7
41 1653 25.7
41 1654 25.7
41 1655 25.7
41 1656 25.7
41 1657 25.7
41 1658 25.7
41 1659 25.7
41 1660 25.7
42 1661 25.7
42 1662 25.7
42 1663 25.7
42 1664 25.7
42 1665 25.7
42 1666 25.7
42 1667 25.7
42 1668 25.7
42 1669 25.7
42 1670 25.7
42 1671 25.7
42 1672 25.7
42 1673 25.7
42 1674 25.7
42 1675 25.7
42 1676 25.7
42 1677 25.7
42 1678 25.7
42 1679 25.7
42 1680 25.7
42 1681 25.7
42 1682 25.7
42 1683 25.7
42 1684 25.7
42 1685 25.7
42 1686 25.7
42 1687 25.7
42 1688 25.7
42 1689 25.7
42 1690 25.7
42 1691 25.7
42 1692 25.7
42 1693 25.7
42 1694 25.7
42 1695 25.7
42 1696 25.7
42 1697 25.7
42 1698 25.7
42 1699 25.7
42 1700 25.7
42 1701 25.7
42 1702 25.7
43 1703 25.7
43 1704 25.7
43 1705 25.7
43 1706 25.7
43 1707 25.7
43 1708 25.7
43 1709 25.7
43 1710 25.7
43 1711 25.7
43 1712 25.7
43 1713 25.6
43 1714 25.6
43 1715 25.6
43 1716 25.6
43 1717 25.6
43 1718 25.6
43 1719 25.6
43 1720 25.6
43 1721 25.6
43 1722 25.6
43 1723 25.6
43 1724 25.6
43 1725 25.6
43 1726 25.6
43 1727 25.6
43 1728 25.6
43 1729 25.6
43 1730 25.6
43 1731 25.6
43 1732 25.6
43 1733 25.6
43 1734 25.6
43 1735 25.6
43 1736 25.6
43 1737 25.6
43 1738 25.6
43 1739 25.6
43 1740 25.6
43 1741 25.6
43 1742 25.6
43 1743 25.6
43 1744 25.6
43 1745 25.6
44 1746 25.6
44 1747 25.6
44 1748 25.6
44 1749 25.6
44 1750 25.6
44 1751 25.6
44 1752 25.6
44 1753 25.6
44 1754 25.6
44 1755 25.6
44 1756 25.6
44 1757 25.6
44 1758 25.6
44 1759 25.6
44 1760 25.6
44 1761 25.6
44 1762 25.6
44 1763 25.6
44 1764 25.6
44 1765 25.6
44 1766 25.6
44 1767 25.6
44 1768 25.6
44 1769 25.6
44 1770 25.6
44 1771 25.6
44 1772 25.6
44 1773 25.6
44 1774 25.6
44 1775 25.6
44 1776 25.6
44 1777 25.6
44 1778 25.6
44 1779 25.6
44 1780 25.6
44 1781 25.6
44 1782 25.6
44 1783 25.6
44 1784 25.6
44 1785 25.6
45 1786 25.6
45 1787 25.6
45 1788 25.6
45 1789 25.6
45 1790 25.6
45 1791 25.6
45 1792 25.6
45 1793 25.6
45 1794 25.6
45 1795 25.6
45 1796 25.6
45 1797 25.6
45 1798 25.6
45 1799 25.6
45 1800 25.6
45 1801 25.6
45 1802 25.6
45 1803 25.6
45 1804 25.6
45 1805 25.6
45 1806 25.6
45 1807 25.6
45 1808 25.6
45 1809 25.6
45 1810 25.6
45 1811 25.6
45 1812 25.6
45 1813 25.6
45 1814 25.6
45 1815 25.6
45 1816 25.6
45 1817 25.6
45 1818 25.6
45 1819 25.6
45 1820 25.6
45 1821 25.6
45 1822 25.6
45 1823 25.6
45 1824 25.6
45 1825 25.6
45 1826 25.6
46 1827 25.6
46 1828 25.6
46 1829 25.6
46 1830 25.6
46 1831 25.6
46 1832 25.6
46 1833 25.6
46 1834 25.6
46 1835 25.6
46 1836 25.6
46 1837 25.6
46 1838 25.6
46 1839 25.6
46 1840 25.6
46 1841 25.6
46 1842 25.6
46 1843 25.6
46 1844 25.6
46 1845 25.6
46 1846 25.6
46 1847 25.6
46 1848 25.6
46 1849 25.6
46 1850 25.6
46 1851 25.6
46 1852 25.6
46 1853 25.6
46 1854 25.6
46 1855 25.6
46 1856 25.6
46 1857 25.6
46 1858 25.6
46 1859 25.6
46 1860 25.6
46 1861 25.6
46 1862 25.6
46 1863 25.6
46 1864 25.6
47 1865 25.6
47 1866 25.6
47 1867 25.6
47 1868 25.6
47 1869 25.6
47 1870 25.6
47 1871 25.6
47 1872 25.6
47 1873 25.6
47 1874 25.6
47 1875 25.6
47 1876 25.6
47 1877 25.6
47 1878 25.6
47 1879 25.6
47 1880 25.6
47 1881 25.6
47 1882 25.6
47 1883 25.6
47 1884 25.6
47 1885 25.6
47 1886 25.6
47 1887 25.6
47 1888 25.6
47 1889 25.6
47 1890 25.6
47 1891 25.6
47 1892 25.6
47 1893 25.6
47 1894 25.6
47 1895 25.6
47 1896 25.6
47 1897 25.6
47 1898 25.6
47 1899 25.6
47 1900 25.6
47 1901 25.6
47 1902 25.6
47 1903 25.6
47 1904 25.6
47 1905 25.6
48 1906 25.6
48 1907 25.6
48 1908 25.6
48 1909 25.6
48 1910 25.6
48 1911 25.6
48 1912 25.6
48 1913 25.6
48 1914 25.6
48 1915 25.6
48 1916 25.6
48 1917 25.6
48 1918 25.6
48 1919 25.6
48 1920 25.6
48 1921 25.6
48 1922 25.6
48 1923 25.6
48 1924 25.6
48 1925 25.6
48 1926 25.6
48 1927 25.6
48 1928 25.6
48 1929 25.6
48 1930 25.6
48 1931 25.6
48 1932 25.6
48 1933 25.6
48 1934 25.6
48 1935 25.6
48 1936 25.6
48 1937 25.6
48 1938 25.6
48 1939 25.6
48 1940 25.6
48 1941 25.6
48 1942 25.6
48 1943 25.6
48 1944 25.6
48 1945 25.6
48 1946 25.6
48 1947 25.6
48 1948 25.6
48 1949 25.6
49 1950 25.6
49 1951 25.6
49 1952 25.6
49 1953 25.6
49 1954 25.6
49 1955 25.6
49 1956 25.6
49 1957 25.6
49 1958 25.6
49 1959 25.6
49 1960 25.6
49 1961 25.6
49 1962 25.6
49 1963 25.6
49 1964 25.6
49 1965 25.6
49 1966 25.6
49 1967 25.6
49 1968 25.6
49 1969 25.6
49 1970 25.6
49 1971 25.6
49 1972 25.6
49 1973 25.6
49 1974 25.6
49 1975 25.6
49 1976 25.6
49 1977 25.6
49 1978 25.6
49 1979 25.6
49 1980 25.6
49 1981 25.6
49 1982 25.6
49 1983 25.6
49 1984 25.6
49 1985 25.6
49 1986 25.6
49 1987 25.6
49 1988 25.6
49 1989 25.6
49 1990 25.6
49 1991 25.6
49 1992 25.6
49 1993 25.6
50 1994 25.6
50 1995 25.6
50 1996 25.6
50 1997 25.6
50 1998 25.6
50 1999 25.6
50 2000 25.6
50 2001 25.6
50 2002 25.6
50 2003 25.6
50 2004 25.6
50 2005 25.6
50 2006 25.6
50 2007 25.6
50 2008 25.6
50 2009 25.6
50 2010 25.6
50 2011 25.6
50 2012 25.6
50 2013 25.6
50 2014 25.6
50 2015 25.6
50 2016 25.6
50 2017 25.6
50 2018 25.6
50 2019 25.6
50 2020 25.6
50 2021 25.6
50 2022 25.6
50 2023 25.6
50 2024 25.6
50 2025 25.6
50 2026 25.6
50 2027 25.6
50 2028 25.6
50 2029 25.6
50 2030 25.6
50 2031 25.6
50 2032 25.6
51 2033 25.6
51 2034 25.6
51 2035 25.6
51 2036 25.6
51 2037 25.6
51 2038 25.6
51 2039 25.6
51 2040 25.6
51 2041 25.6
51 2042 25.6
51 2043 25.6
51 2044 25.6
51 2045 25.6
51 2046 25.6
51 2047 25.6
51 2048 25.6
51 2049 25.6
51 2050 25.6
51 2051 25.6
51 2052 25.6
51 2053 25.6
51 2054 25.6
51 2055 25.6
51 2056 25.6
51 2057 25.6
51 2058 25.6
51 2059 25.6
51 2060 25.6
51 2061 25.6
51 2062 25.6
51 2063 25.6
51 2064 25.6
51 2065 25.6
51 2066 25.6
51 2067 25.6
51 2068 25.6
51 2069 25.6
51 2070 25.6
51 2071 25.6
52 2072 25.6
52 2073 25.6
52 2074 25.6
52 2075 25.6
52 2076 25.6
52 2077 25.6
52 2078 25.6
52 2079 25.6
52 2080 25.6
52 2081 25.6
52 2082 25.6
52 2083 25.6
52 2084 25.6
52 2085 25.6
52 2086 25.6
52 2087 25.6
52 2088 25.6
52 2089 25.6
52 2090 25.6
52 2091 25.6
52 2092 25.6
52 2093 25.6
52 2094 25.6
52 2095 25.6
52 2096 25.6
52 2097 25.6
52 2098 25.6
52 2099 25.6
52 2100 25.6
52 2101 25.6
52 2102 25.6
52 2103 25.6
52 2104 25.6
52 2105 25.6
52 2106 25.6
52 2107 25.6
53 2108 25.6
53 2109 25.6
53 2110 25.6
53 2111 25.6
53 2112 25.6
53 2113 25.6
53 2114 25.6
53 2115 25.6
53 2116 25.6
53 2117 25.6
53 2118 25.6
53 2119 25.6
53 2120 25.6
53 2121 25.6
53 2122 25.6
53 2123 25.6
53 2124 25.6
53 2125 25.6
53 2126 25.6
53 2127 25.6
53 2128 25.6
53 2129 25.6
53 2130 25.6
53 2131 25.6
53 2132 25.6
53 2133 25.6
53 2134 25.6
53 2135 25.6
53 2136 25.6
53 2137 25.6
53 2138 25.6
53 2139 25.6
53 2140 25.6
53 2141 25.6
53 2142 25.6
53 2143 25.6
53 2144 25.6
53 2145 25.6
54 2146 25.6
54 2147 25.6
54 2148 25.6
54 2149 25.6
54 2150 25.6
54 2151 25.6
54 2152 25.6
54 2153 25.6
54 2154 25.6
54 2155 25.6
54 2156 25.6
54 2157 25.6
54 2158 25.6
54 2159 25.6
54 2160 25.6
54 2161 25.6
54 2162 25.6
54 2163 25.6
54 2164 25.6
54 2165 25.6
54 2166 25.6
54 2167 25.6
54 2168 25.6
54 2169 25.6
54 2170 25.6
54 2171 25.6
54 2172 25.6
54 2173 25.6
54 2174 25.6
54 2175 25.6
54 2176 25.6
54 2177 25.6
54 2178 25.6
54 2179 25.6
54 2180 25.6
54 2181 25.6
54 2182 25.6
54 2183 25.6
54 2184 25.6
54 2185 25.6
54 2186 25.6
55 2187 25.6
55 2188 25.6
55 2189 25.6
55 2190 25.6
55 2191 25.6
55 2192 25.6
55 2193 25.6
55 2194 25.6
55 2195 25.6
55 2196 25.6
55 2197 25.6
55 2198 25.6
55 2199 25.6
55 2200 25.6
55 2201 25.6
55 2202 25.6
55 2203 25.6
55 2204 25.6
55 2205 25.6
55 2206 25.6
55 2207 25.6
55 2208 25.6
55 2209 25.6
55 2210 25.6
55 2211 25.6
55 2212 25.6
55 2213 25.6
55 2214 25.6
55 2215 25.6
55 2216 25.6
55 2217 25.6
55 2218 25.6
55 2219 25.6
55 2220 25.6
55 2221 25.6
55 2222 25.6
55 2223 25.6
55 2224 25.6
55 2225 25.6
55 2226 25.6
55 2227 25.6
55 2228 25.6
56 2229 25.6
56 2230 25.6
56 2231 25.6
56 2232 25.6
56 2233 25.6
56 2234 25.6
56 2235 25.6
56 2236 25.6
56 2237 25.6
56 2238 25.6
56 2239 25.6
56 2240 25.6
56 2241 25.6
56 2242 25.6
56 2243 25.6
56 2244 25.6
56 2245 25.6
56 2246 25.6
56 2247 25.6
56 2248 25.6
56 2249 25.6
56 2250 25.6
56 2251 25.6
56 2252 25.6
56 2253 25.6
56 2254 25.6
56 2255 25.6
56 2256 25.6
56 2257 25.6
56 2258 25.6
56 2259 25.6
56 2260 25.6
56 2261 25.6
56 2262 25.6
56 2263 25.6
56 2264 25.6
56 2265 25.6
56 2266 25.6
56 2267 25.6
56 2268 25.6
56 2269 25.6
56 2270 25.6
57 2271 25.6
57 2272 25.6
57 2273 25.6
57 2274 25.6
57 2275 25.6
57 2276 25.6
57 2277 25.6
57 2278 25.6
57 2279 25.6
57 2280 25.6
57 2281 25.6
57 2282 25.6
57 2283 25.6
57 2284 25.6
57 2285 25.6
57 2286 25.6
57 2287 25.6
57 2288 25.6
57 2289 25.6
57 2290 25.6
57 2291 25.6
57 2292 25.6
57 2293 25.6
57 2294 25.6
57 2295 25.6
57 2296 25.6
57 2297 25.6
57 2298 25.6
57 2299 25.6
57 2300 25.6
57 2301 25.6
57 2302 25.6
57 2303 25.6
57 2304 25.6
57 2305 25.6
57 2306 25.6
57 2307 25.6
57 2308 25.6
57 2309 25.6
57 2310 25.6
57 2311 25.6
57 2312 25.6
58 2313 25.6
58 2314 25.6
58 2315 25.6
58 2316 25.6
58 2317 25.6
58 2318 25.6
58 2319 25.6
58 2320 25.6
58 2321 25.6
58 2322 25.6
58 2323 25.6
58 2324 25.6
58 2325 25.6
58 2326 25.6
58 2327 25.6
58 2328 25.6
58 2329 25.6
58 2330 25.6
58 2331 25.6
58 2332 25.6
58 2333 25.6
58 2334 25.6
58 2335 25.6
58 2336 25.6
58 2337 25.6
58 2338 25.6
58 2339 25.6
58 2340 25.6
58 2341 25.6
58 2342 25.6
58 2343 25.6
58 2344 25.6
58 2345 25.6
58 2346 25.6
58 2347 25.6
58 2348 25.6
58 2349 25.6
58 2350 25.6
58 2351 25.6
58 2352 25.6
59 2353 25.6
59 2354 25.6
59 2355 25.6
59 2356 25.6
59 2357 25.6
59 2358 25.6
59 2359 25.6
59 2360 25.6
59 2361 25.6
59 2362 25.6
59 2363 25.6
59 2364 25.6
59 2365 25.6
59 2366 25.6
59 2367 25.6
59 2368 25.6
59 2369 25.6
59 2370 25.6
59 2371 25.6
59 2372 25.6
59 2373 25.6
59 2374 25.6
59 2375 25.6
59 2376 25.6
59 2377 25.6
59 2378 25.6
59 2379 25.6
59 2380 25.6
59 2381 25.6
59 2382 25.6
59 2383 25.6
59 2384 25.6
59 2385 25.6
59 2386 25.6
59 2387 25.6
59 2388 25.6
59 2389 25.6
59 2390 25.6
59 2391 25.6
60 2392 25.6
60 2393 25.6
60 2394 25.6
60 2395 25.6
60 2396 25.6
60 2397 25.6
60 2398 25.6
60 2399 25.6
60 2400 25.6
60 2401 25.6
60 2402 25.6
60 2403 25.6
60 2404 25.6
60 2405 25.6
60 2406 25.6
60 2407 25.6
60 2408 25.6
60 2409 25.6
60 2410 25.6
60 2411 25.6
60 2412 25.6
60 2413 25.6
60 2414 25.6
60 2415 25.6
60 2416 25.6
60 2417 25.6
60 2418 25.6
60 2419 25.6
60 2420 25.6
60 2421 25.6
60 2422 25.6
60 2423 25.6
60 2424 25.6
60 2425 25.6
60 2426 25.6
60 2427 25.6
60 2428 25.6
60 2429 25.6
60 2430 25.6
60 2431 25.6
60 2432 25.6
61 2433 25.6
61 2434 25.6
61 2435 25.6
61 2436 25.6
61 2437 25.6
61 2438 25.6
61 2439 25.6
61 2440 25.6
61 2441 25.6
61 2442 25.6
61 2443 25.6
61 2444 25.6
61 2445 25.6
61 2446 25.6
61 2447 25.6
61 2448 25.6
61 2449 25.6
61 2450 25.6
61 2451 25.6
61 2452 25.6
61 2453 25.6
61 2454 25.6
61 2455 25.6
61 2456 25.6
61 2457 25.6
61 2458 25.6
61 2459 25.6
61 2460 25.6
61 2461 25.6
61 2462 25.6
61 2463 25.6
61 2464 25.6
61 2465 25.6
61 2466 25.6
61 2467 25.6
61 2468 25.6
61 2469 25.6
61 2470 25.6
61 2471 25.6
62 2472 25.6
62 2473 25.6
62 2474 25.6
62 2475 25.6
62 2476 25.6
62 2477 25.6
62 2478 25.6
62 2479 25.6
62 2480 25.6
62 2481 25.6
62 2482 25.6
62 2483 25.6
62 2484 25.6
62 2485 25.6
62 2486 25.6
62 2487 25.6
62 2488 25.6
62 2489 25.6
62 2490 25.6
62 2491 25.6
62 2492 25.6
62 2493 25.6
62 2494 25.6
62 2495 25.6
62 2496 25.6
62 2497 25.6
62 2498 25.6
62 2499 25.6
62 2500 25.6
62 2501 25.6
62 2502 25.6
62 2503 25.6
62 2504 25.6
62 2505 25.6
62 2506 25.6
62 2507 25.6
62 2508 25.6
62 2509 25.6
62 2510 25.6
63 2511 25.6
63 2512 25.6
63 2513 25.6
63 2514 25.6
63 2515 25.6
63 2516 25.6
63 2517 25.6
63 2518 25.6
63 2519 25.6
63 2520 25.6
63 2521 25.6
63 2522 25.6
63 2523 25.6
63 2524 25.6
63 2525 25.6
63 2526 25.6
63 2527 25.6
63 2528 25.6
63 2529 25.6
63 2530 25.6
63 2531 25.6
63 2532 25.6
63 2533 25.6
63 2534 25.6
63 2535 25.6
63 2536 25.6
63 2537 25.6
63 2538 25.6
63 2539 25.6
63 2540 25.6
63 2541 25.6
63 2542 25.6
63 2543 25.6
63 2544 25.6
63 2545 25.6
63 2546 25.6
63 2547 25.6
63 2548 25.6
63 2549 25.6
63 2550 25.6
63 2551 25.6
63 2552 25.6
63 2553 25.6
63 2554 25.6
64 2555 25.6
64 2556 25.6
64 2557 25.6
64 2558 25.6
64 2559 25.6
64 2560 25.6
64 2561 25.6
64 2562 25.6
64 2563 25.6
64 2564 25.6
64 2565 25.6
64 2566 25.6
64 2567 25.6
64 2568 25.6
64 2569 25.6
64 2570 25.6
64 2571 25.6
64 2572 25.6
64 2573 25.6
64 2574 25.6
64 2575 25.6
64 2576 25.6
64 2577 25.6
64 2578 25.6
64 2579 25.6
64 2580 25.6
64 2581 25.6
64 2582 25.6
64 2583 25.6
64 2584 25.6
64 2585 25.6
64 2586 25.6
64 2587 25.6
64 2588 25.6
64 2589 25.6
64 2590 25.6
64 2591 25.6
64 2592 25.6
64 2593 25.6
64 2594 25.6
64 2595 25.6
64 2596 25.6
64 2597 25.6
64 2598 25.6
64 2599 25.6
64 2600 25.6
64 2601 25.6
65 2602 25.6
65 2603 25.6
65 2604 25.6
65 2605 25.6
65 2606 25.6
65 2607 25.6
65 2608 25.6
65 2609 25.6
65 2610 25.6
65 2611 25.6
65 2612 25.6
65 2613 25.6
65 2614 25.6
65 2615 25.6
65 2616 25.6
65 2617 25.6
65 2618 25.6
65 2619 25.6
65 2620 25.6
65 2621 25.6
65 2622 25.6
65 2623 25.6
65 2624 25.6
65 2625 25.6
65 2626 25.6
65 2627 25.6
65 2628 25.6
65 2629 25.6
65 2630 25.6
65 2631 25.6
65 2632 25.6
65 2633 25.6
65 2634 25.6
65 2635 25.6
65 2636 25.6
65 2637 25.6
65 2638 25.6
65 2639 25.6
65 2640 25.6
65 2641 25.6
65 2642 25.6
65 2643 25.6
65 2644 25.6
65 2645 25.6
65 2646 25.6
65 2647 25.6
65 2648 25.6
65 2649 25.6
66 2650 25.6
66 2651 25.6
66 2652 25.6
66 2653 25.6
66 2654 25.6
66 2655 25.6
66 2656 25.6
66 2657 25.6
66 2658 25.6
66 2659 25.6
66 2660 25.6
66 2661 25.6
66 2662 25.6
66 2663 25.6
66 2664 25.6
66 2665 25.6
66 2666 25.6
66 2667 25.6
66 2668 25.6
66 2669 25.6
66 2670 25.6
66 2671 25.6
66 2672 25.6
66 2673 25.6
66 2674 25.6
66 2675 25.6
66 2676 25.6
66 2677 25.6
66 2678 25.6
66 2679 25.6
66 2680 25.6
66 2681 25.6
66 2682 25.6
66 2683 25.6
66 2684 25.6
66 2685 25.6
66 2686 25.6
66 2687 25.6
66 2688 25.6
66 2689 25.6
66 2690 25.6
66 2691 25.6
66 2692 25.6
66 2693 25.6
66 2694 25.6
66 2695 25.6
66 2696 25.6
66 2697 25.6
67 2698 25.6
67 2699 25.6
67 2700 25.6
67 2701 25.6
67 2702 25.6
67 2703 25.6
67 2704 25.6
67 2705 25.6
67 2706 25.6
67 2707 25.6
67 2708 25.6
67 2709 25.6
67 2710 25.6
67 2711 25.6
67 2712 25.6
67 2713 25.6
67 2714 25.6
67 2715 25.6
67 2716 25.6
67 2717 25.6
67 2718 25.6
67 2719 25.6
67 2720 25.6
67 2721 25.6
67 2722 25.6
67 2723 25.6
67 2724 25.6
67 2725 25.6
67 2726 25.6
67 2727 25.6
67 2728 25.6
67 2729 25.6
67 2730 25.6
67 2731 25.6
67 2732 25.6
67 2733 25.6
67 2734 25.6
67 2735 25.6
67 2736 25.6
67 2737 25.6
67 2738 25.6
67 2739 25.6
67 2740 25.6
67 2741 25.6
67 2742 25.6
67 2743 25.6
68 2744 25.6
68 2745 25.6
68 2746 25.6
68 2747 25.6
68 2748 25.6
68 2749 25.6
68 2750 25.6
68 2751 25.6
68 2752 25.6
68 2753 25.6
68 2754 25.6
68 2755 25.6
68 2756 25.6
68 2757 25.6
68 2758 25.6
68 2759 25.6
68 2760 25.6
68 2761 25.6
68 2762 25.6
68 2763 25.6
68 2764 25.6
68 2765 25.6
68 2766 25.6
68 2767 25.6
68 2768 25.6
68 2769 25.6
68 2770 25.6
68 2771 25.6
68 2772 25.6
68 2773 25.6
68 2774 25.6
68 2775 25.6
68 2776 25.6
68 2777 25.6
68 2778 25.6
68 2779 25.6
68 2780 25.6
68 2781 25.6
68 2782 25.6
68 2783 25.6
68 2784 25.6
69 2785 25.6
69 2786 25.6
69 2787 25.6
69 2788 25.6
69 2789 25.6
69 2790 25.6
69 2791 25.6
69 2792 25.6
69 2793 25.6
69 2794 25.6
69 2795 25.6
69 2796 25.6
69 2797 25.6
69 2798 25.6
69 2799 25.6
69 2800 25.6
69 2801 25.6
69 2802 25.6
69 2803 25.6
69 2804 25.6
69 2805 25.6
69 2806 25.6
69 2807 25.6
69 2808 25.6
69 2809 25.6
69 2810 25.6
69 2811 25.6
69 2812 25.6
69 2813 25.6
69 2814 25.6
69 2815 25.6
69 2816 25.6
69 2817 25.6
69 2818 25.6
69 2819 25.6
69 2820 25.6
69 2821 25.6
69 2822 25.6
69 2823 25.6
69 2824 25.6
69 2825 25.6
69 2826 25.6
69 2827 25.6
69 2828 25.6
69 2829 25.6
69 2830 25.6
70 2831 25.6
70 2832 25.6
70 2833 25.6
70 2834 25.6
70 2835 25.6
70 2836 25.6
70 2837 25.6
70 2838 25.6
70 2839 25.6
70 2840 25.6
70 2841 25.6
70 2842 25.6
70 2843 25.6
70 2844 25.6
70 2845 25.6
70 2846 25.6
70 2847 25.6
70 2848 25.6
70 2849 25.6
70 2850 25.6
70 2851 25.6
70 2852 25.6
70 2853 25.6
70 2854 25.6
70 2855 25.6
70 2856 25.6
70 2857 25.6
70 2858 25.6
70 2859 25.6
70 2860 25.6
70 2861 25.6
70 2862 25.6
70 2863 25.6
70 2864 25.6
70 2865 25.6
70 2866 25.6
70 2867 25.6
70 2868 25.6
70 2869 25.6
71 2870 25.6
71 2871 25.6
71 2872 25.6
71 2873 25.6
71 2874 25.6
71 2875 25.6
71 2876 25.6
71 2877 25.6
71 2878 25.6
71 2879 25.6
71 2880 25.6
71 2881 25.6
71 2882 25.6
71 2883 25.6
71 2884 25.6
71 2885 25.6
71 2886 25.6
71 2887 25.6
71 2888 25.6
71 2889 25.6
71 2890 25.6
71 2891 25.6
71 2892 25.6
71 2893 25.6
71 2894 25.6
71 2895 25.6
71 2896 25.6
71 2897 25.6
71 2898 25.6
71 2899 25.6
71 2900 25.6
71 2901 25.6
71 2902 25.6
71 2903 25.6
71 2904 25.6
71 2905 25.6
71 2906 25.6
71 2907 25.6
71 2908 25.6
71 2909 25.6
71 2910 25.6
71 2911 25.6
71 2912 25.6
71 2913 25.6
72 2914 25.6
72 2915 25.6
72 2916 25.6
72 2917 25.6
72 2918 25.6
72 2919 25.6
72 2920 25.6
72 2921 25.6
72 2922 25.6
72 2923 25.6
72 2924 25.6
72 2925 25.6
72 2926 25.6
72 2927 25.6
72 2928 25.6
72 2929 25.6
72 2930 25.6
72 2931 25.6
72 2932 25.6
72 2933 25.6
72 2934 25.6
72 2935 25.6
72 2936 25.6
72 2937 25.6
72 2938 25.6
72 2939 25.6
72 2940 25.6
72 2941 25.6
72 2942 25.6
72 2943 25.6
72 2944 25.6
72 2945 25.6
72 2946 25.6
72 2947 25.6
72 2948 25.6
72 2949 25.6
72 2950 25.6
72 2951 25.6
72 2952 25.6
72 2953 25.6
72 2954 25.6
72 2955 25.6
72 2956 25.6
72 2957 25.6
72 2958 25.6
72 2959 25.6
72 2960 25.6
73 2961 25.6
73 2962 25.6
73 2963 25.6
73 2964 25.6
73 2965 25.6
73 2966 25.6
73 2967 25.6
73 2968 25.6
73 2969 25.6
73 2970 25.6
73 2971 25.6
73 2972 25.6
73 2973 25.6
73 2974 25.6
73 2975 25.6
73 2976 25.6
73 2977 25.6
73 2978 25.6
73 2979 25.6
73 2980 25.6
73 2981 25.6
73 2982 25.6
73 2983 25.6
73 2984 25.6
73 2985 25.6
73 2986 25.6
73 2987 25.6
73 2988 25.6
73 2989 25.6
73 2990 25.6
73 2991 25.6
73 2992 25.6
73 2993 25.6
73 2994 25.6
73 2995 25.6
73 2996 25.6
73 2997 25.6
73 2998 25.6
73 2999 25.6
73 3000 25.6
73 3001 25.6
73 3002 25.6
73 3003 25.6
73 3004 25.6
73 3005 25.6
73 3006 25.6
73 3007 25.6
74 3008 25.6
74 3009 25.6
74 3010 25.6
74 3011 25.6
74 3012 25.6
74 3013 25.6
74 3014 25.6
74 3015 25.6
74 3016 25.6
74 3017 25.6
74 3018 25.6
74 3019 25.6
74 3020 25.6
74 3021 25.6
74 3022 25.6
74 3023 25.6
74 3024 25.6
74 3025 25.6
74 3026 25.6
74 3027 25.6
74 3028 25.6
74 3029 25.6
74 3030 25.6
74 3031 25.6
74 3032 25.6
74 3033 25.6
74 3034 25.6
74 3035 25.6
74 3036 25.6
74 3037 25.6
74 3038 25.6
74 3039 25.6
74 3040 25.6
74 3041 25.6
74 3042 25.6
74 3043 25.6
74 3044 25.6
74 3045 25.6
74 3046 25.6
74 3047 25.6
74 3048 25.6
74 3049 25.6
74 3050 25.6
74 3051 25.6
74 3052 25.6
74 3053 25.6
75 3054 25.6
75 3055 25.6
75 3056 25.6
75 3057 25.6
75 3058 25.6
75 3059 25.6
75 3060 25.6
75 3061 25.6
75 3062 25.6
75 3063 25.6
75 3064 25.6
75 3065 25.6
75 3066 25.6
75 3067 25.6
75 3068 25.6
75 3069 25.6
75 3070 25.6
75 3071 25.6
75 3072 25.6
75 3073 25.6
75 3074 25.6
75 3075 25.6
75 3076 25.6
75 3077 25.6
75 3078 25.6
75 3079 25.6
75 3080 25.6
75 3081 25.6
75 3082 25.6
75 3083 25.6
75 3084 25.6
75 3085 25.6
75 3086 25.6
75 3087 25.6
75 3088 25.6
75 3089 25.6
75 3090 25.6
75 3091 25.6
75 3092 25.6
75 3093 25.6
75 3094 25.6
75 3095 25.6
75 3096 25.6
75 3097 25.6
76 3098 25.6
76 3099 25.6
76 3100 25.6
76 3101 25.6
76 3102 25.6
76 3103 25.6
76 3104 25.6
76 3105 25.6
76 3106 25.6
76 3107 25.6
76 3108 25.6
76 3109 25.6
76 3110 25.6
76 3111 25.6
76 3112 25.6
76 3113 25.6
76 3114 25.6
76 3115 25.6
76 3116 25.6
76 3117 25.6
76 3118 25.6
76 3119 25.6
76 3120 25.6
76 3121 25.6
76 3122 25.6
76 3123 25.6
76 3124 25.6
76 3125 25.6
76 3126 25.6
76 3127 25.6
76 3128 25.6
76 3129 25.6
76 3130 25.6
76 3131 25.6
76 3132 25.6
76 3133 25.6
76 3134 25.6
76 3135 25.6
77 3136 25.6
77 3137 25.6
77 3138 25.6
77 3139 25.6
77 3140 25.6
77 3141 25.6
77 3142 25.6
77 3143 25.6
77 3144 25.6
77 3145 25.6
77 3146 25.6
77 3147 25.6
77 3148 25.6
77 3149 25.6
77 3150 25.6
77 3151 25.6
77 3152 25.6
77 3153 25.6
77 3154 25.6
77 3155 25.6
77 3156 25.6
77 3157 25.6
77 3158 25.6
77 3159 25.6
77 3160 25.6
77 3161 25.6
77 3162 25.6
77 3163 25.6
77 3164 25.6
77 3165 25.6
77 3166 25.6
77 3167 25.6
77 3168 25.6
77 3169 25.6
77 3170 25.6
77 3171 25.6
77 3172 25.6
77 3173 25.6
77 3174 25.6
77 3175 25.6
77 3176 25.6
77 3177 25.6
77 3178 25.6
77 3179 25.6
78 3180 25.6
78 3181 25.6
78 3182 25.6
78 3183 25.2
78 3184 25.0
78 3185 25.0
78 3186 25.0
78 3187 24.7
78 3188 24.7
78 3189 24.7
78 3190 24.7
78 3191 24.7
78 3192 24.7
78 3193 24.7
78 3194 24.7
78 3195 24.7
78 3196 24.7
78 3197 24.7
78 3198 24.7
78 3199 24.7
78 3200 24.7
78 3201 24.3
78 3202 24.3
78 3203 24.3
78 3204 24.3
78 3205 24.3
78 3206 24.3
78 3207 24.3
78 3208 24.3
78 3209 24.3
78 3210 24.3
78 3211 24.3
78 3212 24.3
78 3213 24.3
78 3214 24.3
78 3215 24.3
78 3216 24.3
78 3217 24.3
78 3218 24.3
78 3219 24.3
78 3220 24.3
78 3221 24.3
78 3222 24.3
79 3223 24.3
79 3224 24.3
79 3225 24.3
79 3226 24.3
79 3227 24.3
79 3228 24.3
79 3229 24.3
79 3230 24.3
79 3231 24.3
79 3232 24.3
79 3233 24.3
79 3234 24.3
79 3235 24.3
79 3236 24.3
79 3237 24.3
79 3238 24.3
79 3239 24.3
79 3240 24.3
79 3241 24.3
79 3242 24.3
79 3243 24.3
79 3244 24.3
79 3245 24.3
79 3246 24.3
79 3247 24.3
79 3248 24.3
79 3249 24.3
79 3250 24.3
79 3251 24.3
79 3252 24.3
79 3253 24.3
79 3254 24.3
79 3255 24.3
79 3256 24.3
79 3257 24.3
79 3258 24.3
79 3259 24.3
79 3260 24.3
79 3261 24.3
79 3262 24.3
79 3263 24.3
79 3264 24.3
80 3265 24.3
80 3266 24.3
80 3267 24.3
80 3268 24.3
80 3269 24.3
80 3270 24.3
80 3271 24.3
80 3272 24.3
80 3273 24.3
80 3274 24.3
80 3275 24.3
80 3276 24.3
80 3277 24.3
80 3278 24.3
80 3279 24.3
80 3280 24.3
80 3281 24.3
80 3282 24.3
80 3283 24.3
80 3284 24.3
80 3285 24.3
80 3286 24.3
80 3287 24.3
80 3288 24.3
80 3289 24.3
80 3290 24.3
80 3291 24.3
80 3292 24.3
80 3293 24.3
80 3294 24.3
80 3295 24.3
80 3296 24.3
80 3297 24.3
80 3298 24.3
80 3299 24.3
80 3300 24.3
80 3301 24.3
80 3302 24.1
80 3303 24.1
80 3304 24.1
80 3305 24.1
80 3306 24.1
81 3307 24.1
81 3308 24.1
81 3309 24.1
81 3310 24.1
81 3311 24.1
81 3312 24.1
81 3313 24.1
81 3314 24.1
81 3315 24.1
81 3316 24.1
81 3317 24.1
81 3318 24.1
81 3319 24.1
81 3320 24.1
81 3321 24.1
81 3322 24.1
81 3323 24.1
81 3324 24.1
81 3325 24.1
81 3326 24.1
81 3327 23.6
81 3328 23.6
81 3329 23.6
81 3330 23.6
81 3331 23.6
81 3332 23.6
81 3333 23.6
81 3334 23.0
81 3335 23.0
81 3336 23.0
81 3337 23.0
81 3338 23.0
81 3339 22.7
81 3340 22.6
81 3341 22.6
81 3342 21.9
81 3343 21.9
81 3344 21.9
81 3345 21.8
81 3346 21.8
81 3347 21.8
82 3348 21.6
82 3349 21.6
82 3350 21.6
82 3351 21.6
82 3352 21.6
82 3353 20.9
82 3354 20.9
82 3355 20.9
82 3356 20.9
82 3357 20.9
82 3358 20.9
82 3359 20.9
82 3360 20.9
82 3361 20.9
82 3362 20.9
82 3363 20.9
82 3364 20.9
82 3365 20.9
82 3366 20.9
82 3367 20.9
82 3368 20.9
82 3369 20.9
82 3370 20.9
82 3371 20.9
82 3372 20.9
82 3373 20.9
82 3374 20.9
82 3375 20.9
82 3376 20.9
82 3377 20.9
82 3378 20.9
82 3379 20.8
82 3380 20.4
82 3381 20.4
82 3382 20.4
82 3383 20.4
82 3384 20.4
82 3385 20.4
82 3386 20.4
83 3387 20.4
83 3388 20.4
83 3389 20.4
83 3390 20.4
83 3391 20.4
83 3392 20.4
83 3393 20.4
83 3394 20.4
83 3395 20.4
83 3396 20.4
83 3397 20.4
83 3398 20.4
83 3399 20.4
83 3400 20.4
83 3401 20.4
83 3402 20.4
83 3403 20.4
83 3404 20.2
83 3405 20.2
83 3406 20.2
83 3407 20.2
83 3408 20.2
83 3409 20.2
83 3410 20.2
83 3411 20.2
83 3412 20.2
83 3413 20.2
83 3414 20.2
83 3415 20.2
83 3416 20.2
83 3417 20.2
83 3418 20.2
84 3419 20.2
84 3420 20.2
84 3421 20.2
84 3422 20.2
84 3423 20.2
84 3424 20.2
84 3425 20.2
84 3426 20.2
84 3427 20.2
84 3428 20.2
84 3429 20.2
84 3430 20.2
84 3431 20.2
84 3432 20.2
84 3433 20.2
84 3434 20.2
84 3435 20.2
84 3436 20.2
84 3437 20.2
84 3438 20.2
84 3439 20.2
84 3440 20.2
84 3441 20.2
84 3442 20.2
84 3443 20.2
84 3444 20.2
84 3445 20.2
84 3446 20.2
84 3447 20.2
84 3448 20.2
84 3449 20.2
84 3450 20.2
84 3451 20.2
84 3452 20.2
84 3453 20.2
84 3454 20.2
84 3455 20.2
84 3456 20.2
84 3457 20.2
84 3458 20.2
84 3459 20.2
84 3460 20.2
84 3461 20.2
85 3462 20.2
85 3463 20.2
85 3464 20.2
85 3465 20.2
85 3466 20.2
85 3467 20.2
85 3468 20.2
85 3469 20.2
85 3470 20.2
85 3471 20.2
85 3472 20.2
85 3473 20.2
85 3474 20.2
85 3475 20.2
85 3476 20.2
85 3477 20.2
85 3478 20.2
85 3479 20.2
85 3480 20.2
85 3481 20.2
85 3482 20.2
85 3483 20.2
85 3484 20.2
85 3485 20.2
85 3486 20.2
85 3487 20.2
85 3488 20.2
85 3489 20.2
85 3490 20.2
85 3491 20.2
85 3492 20.2
85 3493 20.2
85 3494 20.2
85 3495 20.2
85 3496 20.2
85 3497 20.2
85 3498 20.2
85 3499 20.2
85 3500 20.2
85 3501 20.2
85 3502 20.2
85 3503 20.2
85 3504 20.2
85 3505 20.2
85 3506 20.2
85 3507 20.2
86 3508 20.2
86 3509 20.2
86 3510 20.2
86 3511 20.2
86 3512 20.2
86 3513 20.2
86 3514 20.2
86 3515 20.2
86 3516 20.2
86 3517 20.2
86 3518 20.2
86 3519 20.2
86 3520 20.2
86 3521 20.2
86 3522 20.2
86 3523 20.2
86 3524 20.2
86 3525 20.2
86 3526 20.2
86 3527 20.2
86 3528 20.2
86 3529 20.2
86 3530 20.2
86 3531 20.2
86 3532 20.2
86 3533 20.2
86 3534 20.2
86 3535 20.2
86 3536 20.2
86 3537 20.2
86 3538 20.2
86 3539 20.2
86 3540 20.2
86 3541 20.2
86 3542 20.2
86 3543 20.2
86 3544 20.2
86 3545 20.2
86 3546 20.2
86 3547 20.2
86 3548 20.2
86 3549 20.2
86 3550 20.2
86 3551 20.2
86 3552 20.2
86 3553 20.2
86 3554 20.2
87 3555 20.2
87 3556 20.2
87 3557 20.2
87 3558 20.2
87 3559 20.2
87 3560 20.2
87 3561 20.2
87 3562 20.2
87 3563 20.2
87 3564 20.0
87 3565 20.0
87 3566 20.0
87 3567 20.0
87 3568 20.0
87 3569 20.0
87 3570 20.0
87 3571 20.0
87 3572 20.0
87 3573 20.0
87 3574 20.0
87 3575 20.0
87 3576 20.0
87 3577 20.0
87 3578 20.0
87 3579 20.0
87 3580 20.0
87 3581 20.0
87 3582 20.0
87 3583 20.0
87 3584 20.0
87 3585 20.0
87 3586 20.0
87 3587 20.0
87 3588 20.0
87 3589 20.0
87 3590 20.0
87 3591 20.0
87 3592 20.0
87 3593 20.0
87 3594 20.0
87 3595 20.0
87 3596 20.0
87 3597 20.0
87 3598 20.0
88 3599 20.0
88 3600 20.0
88 3601 20.0
88 3602 20.0
88 3603 20.0
88 3604 20.0
88 3605 20.0
88 3606 20.0
88 3607 20.0
88 3608 20.0
88 3609 20.0
88 3610 20.0
88 3611 20.0
88 3612 20.0
88 3613 20.0
88 3614 20.0
88 3615 20.0
88 3616 20.0
88 3617 20.0
88 3618 20.0
88 3619 20.0
88 3620 20.0
88 3621 20.0
88 3622 20.0
88 3623 20.0
88 3624 20.0
88 3625 20.0
88 3626 20.0
88 3627 20.0
88 3628 20.0
88 3629 20.0
88 3630 20.0
88 3631 20.0
88 3632 20.0
88 3633 20.0
88 3634 20.0
88 3635 20.0
88 3636 20.0
88 3637 20.0
88 3638 20.0
88 3639 20.0
88 3640 20.0
89 3641 20.0
89 3642 20.0
89 3643 20.0
89 3644 20.0
89 3645 20.0
89 3646 20.0
89 3647 20.0
89 3648 20.0
89 3649 20.0
89 3650 20.0
89 3651 20.0
89 3652 20.0
89 3653 20.0
89 3654 20.0
89 3655 20.0
89 3656 20.0
89 3657 20.0
89 3658 20.0
89 3659 20.0
89 3660 20.0
89 3661 20.0
89 3662 20.0
89 3663 20.0
89 3664 20.0
89 3665 20.0
89 3666 20.0
89 3667 20.0
89 3668 20.0
89 3669 20.0
89 3670 20.0
89 3671 20.0
89 3672 20.0
89 3673 20.0
89 3674 20.0
89 3675 20.0
89 3676 20.0
89 3677 20.0
89 3678 20.0
89 3679 20.0
89 3680 20.0
89 3681 20.0
89 3682 20.0
89 3683 20.0
89 3684 20.0
89 3685 20.0
89 3686 20.0
89 3687 20.0
89 3688 20.0
89 3689 20.0
89 3690 20.0
89 3691 20.0
90 3692 20.0
90 3693 20.0
90 3694 20.0
90 3695 20.0
90 3696 20.0
90 3697 20.0
90 3698 20.0
90 3699 20.0
90 3700 20.0
90 3701 20.0
90 3702 20.0
90 3703 20.0
90 3704 20.0
90 3705 20.0
90 3706 20.0
90 3707 20.0
90 3708 20.0
90 3709 20.0
90 3710 20.0
90 3711 20.0
90 3712 20.0
90 3713 20.0
90 3714 20.0
90 3715 20.0
90 3716 20.0
90 3717 20.0
90 3718 20.0
90 3719 20.0
90 3720 20.0
90 3721 20.0
90 3722 20.0
90 3723 20.0
90 3724 20.0
90 3725 20.0
90 3726 20.0
90 3727 20.0
90 3728 20.0
90 3729 20.0
90 3730 20.0
90 3731 20.0
90 3732 20.0
90 3733 20.0
90 3734 20.0
90 3735 20.0
90 3736 20.0
90 3737 20.0
90 3738 20.0
90 3739 20.0
90 3740 20.0
90 3741 20.0
90 3742 20.0
90 3743 20.0
90 3744 20.0
91 3745 20.0
91 3746 20.0
91 3747 20.0
91 3748 20.0
91 3749 20.0
91 3750 20.0
91 3751 20.0
91 3752 20.0
91 3753 20.0
91 3754 20.0
91 3755 20.0
91 3756 20.0
91 3757 20.0
91 3758 20.0
91 3759 20.0
91 3760 20.0
91 3761 20.0
91 3762 20.0
91 3763 20.0
91 3764 20.0
91 3765 20.0
91 3766 20.0
91 3767 20.0
91 3768 20.0
91 3769 20.0
91 3770 20.0
91 3771 20.0
91 3772 20.0
91 3773 20.0
91 3774 20.0
91 3775 20.0
91 3776 20.0
91 3777 20.0
91 3778 20.0
91 3779 20.0
91 3780 20.0
91 3781 20.0
91 3782 20.0
91 3783 20.0
91 3784 20.0
91 3785 20.0
91 3786 20.0
91 3787 20.0
91 3788 20.0
91 3789 20.0
91 3790 20.0
91 3791 20.0
92 3792 20.0
92 3793 20.0
92 3794 20.0
92 3795 20.0
92 3796 20.0
92 3797 20.0
92 3798 20.0
92 3799 20.0
92 3800 20.0
92 3801 20.0
92 3802 20.0
92 3803 20.0
92 3804 20.0
92 3805 20.0
92 3806 20.0
92 3807 20.0
92 3808 20.0
92 3809 20.0
92 3810 20.0
92 3811 20.0
92 3812 20.0
92 3813 20.0
92 3814 20.0
92 3815 20.0
92 3816 20.0
92 3817 20.0
92 3818 20.0
92 3819 20.0
92 3820 20.0
92 3821 20.0
92 3822 20.0
92 3823 20.0
92 3824 20.0
92 3825 20.0
92 3826 20.0
92 3827 20.0
92 3828 20.0
92 3829 20.0
92 3830 20.0
92 3831 20.0
92 3832 20.0
92 3833 20.0
92 3834 20.0
92 3835 20.0
92 3836 20.0
92 3837 20.0
92 3838 20.0
92 3839 20.0
93 3840 20.0
93 3841 20.0
93 3842 20.0
93 3843 20.0
93 3844 20.0
93 3845 20.0
93 3846 20.0
93 3847 20.0
93 3848 20.0
93 3849 20.0
93 3850 20.0
93 3851 20.0
93 3852 20.0
93 3853 20.0
93 3854 20.0
93 3855 20.0
93 3856 20.0
93 3857 20.0
93 3858 20.0
93 3859 20.0
93 3860 20.0
93 3861 20.0
93 3862 20.0
93 3863 20.0
93 3864 20.0
93 3865 20.0
93 3866 20.0
93 3867 20.0
93 3868 20.0
93 3869 20.0
93 3870 20.0
93 3871 20.0
93 3872 20.0
93 3873 20.0
93 3874 20.0
93 3875 20.0
93 3876 20.0
93 3877 20.0
93 3878 20.0
93 3879 20.0
93 3880 20.0
93 3881 20.0
93 3882 20.0
93 3883 20.0
93 3884 20.0
94 3885 20.0
94 3886 20.0
94 3887 20.0
94 3888 20.0
94 3889 20.0
94 3890 20.0
94 3891 20.0
94 3892 20.0
94 3893 20.0
94 3894 20.0
94 3895 20.0
94 3896 20.0
94 3897 20.0
94 3898 20.0
94 3899 20.0
94 3900 20.0
94 3901 20.0
94 3902 20.0
94 3903 20.0
94 3904 20.0
94 3905 20.0
94 3906 20.0
94 3907 20.0
94 3908 20.0
94 3909 20.0
94 3910 20.0
94 3911 20.0
94 3912 20.0
94 3913 20.0
94 3914 20.0
94 3915 20.0
94 3916 20.0
94 3917 20.0
94 3918 20.0
94 3919 20.0
94 3920 20.0
94 3921 20.0
94 3922 20.0
94 3923 20.0
94 3924 20.0
94 3925 20.0
94 3926 20.0
94 3927 20.0
94 3928 20.0
94 3929 20.0
94 3930 20.0
94 3931 20.0
94 3932 20.0
94 3933 20.0
94 3934 20.0
95 3935 20.0
95 3936 20.0
95 3937 20.0
95 3938 20.0
95 3939 20.0
95 3940 20.0
95 3941 20.0
95 3942 20.0
95 3943 20.0
95 3944 20.0
95 3945 20.0
95 3946 20.0
95 3947 20.0
95 3948 20.0
95 3949 20.0
95 3950 20.0
95 3951 20.0
95 3952 20.0
95 3953 20.0
95 3954 20.0
95 3955 20.0
95 3956 20.0
95 3957 20.0
95 3958 20.0
95 3959 20.0
95 3960 20.0
95 3961 20.0
95 3962 20.0
95 3963 20.0
95 3964 20.0
95 3965 20.0
95 3966 20.0
95 3967 20.0
95 3968 20.0
95 3969 20.0
95 3970 20.0
95 3971 20.0
95 3972 20.0
95 3973 20.0
95 3974 20.0
95 3975 20.0
95 3976 20.0
95 3977 20.0
95 3978 20.0
95 3979 20.0
95 3980 20.0
96 3981 20.0
96 3982 20.0
96 3983 20.0
96 3984 20.0
96 3985 20.0
96 3986 20.0
96 3987 20.0
96 3988 20.0
96 3989 20.0
96 3990 20.0
96 3991 20.0
96 3992 20.0
96 3993 20.0
96 3994 20.0
96 3995 20.0
96 3996 20.0
96 3997 20.0
96 3998 20.0
96 3999 20.0
96 4000 20.0
96 4001 20.0
96 4002 20.0
96 4003 20.0
96 4004 20.0
96 4005 20.0
96 4006 20.0
96 4007 20.0
96 4008 20.0
96 4009 20.0
96 4010 20.0
96 4011 20.0
96 4012 20.0
96 4013 20.0
96 4014 20.0
96 4015 20.0
96 4016 20.0
96 4017 20.0
96 4018 20.0
96 4019 20.0
97 4020 20.0
97 4021 20.0
97 4022 20.0
97 4023 20.0
97 4024 20.0
97 4025 20.0
97 4026 20.0
97 4027 20.0
97 4028 20.0
97 4029 20.0
97 4030 20.0
97 4031 20.0
97 4032 20.0
97 4033 20.0
97 4034 20.0
97 4035 20.0
97 4036 20.0
97 4037 20.0
97 4038 20.0
97 4039 20.0
97 4040 20.0
97 4041 20.0
97 4042 20.0
97 4043 20.0
97 4044 20.0
97 4045 20.0
97 4046 20.0
97 4047 20.0
97 4048 20.0
97 4049 20.0
97 4050 20.0
97 4051 20.0
97 4052 20.0
97 4053 20.0
97 4054 20.0
97 4055 20.0
97 4056 20.0
97 4057 20.0
97 4058 20.0
97 4059 20.0
97 4060 20.0
97 4061 20.0
97 4062 20.0
97 4063 20.0
97 4064 20.0
98 4065 20.0
98 4066 20.0
98 4067 20.0
98 4068 20.0
98 4069 20.0
98 4070 20.0
98 4071 20.0
98 4072 20.0
98 4073 20.0
98 4074 20.0
98 4075 20.0
98 4076 20.0
98 4077 20.0
98 4078 20.0
98 4079 20.0
98 4080 20.0
98 4081 20.0
98 4082 20.0
98 4083 20.0
98 4084 20.0
98 4085 20.0
98 4086 20.0
98 4087 20.0
98 4088 20.0
98 4089 20.0
98 4090 20.0
98 4091 20.0
98 4092 20.0
98 4093 20.0
98 4094 20.0
98 4095 20.0
98 4096 20.0
98 4097 20.0
98 4098 20.0
98 4099 20.0
98 4100 20.0
98 4101 20.0
98 4102 20.0
98 4103 20.0
98 4104 20.0
98 4105 20.0
98 4106 20.0
99 4107 20.0
99 4108 20.0
99 4109 20.0
99 4110 20.0
99 4111 20.0
99 4112 20.0
99 4113 20.0
99 4114 20.0
99 4115 20.0
99 4116 20.0
99 4117 20.0
99 4118 20.0
99 4119 20.0
99 4120 20.0
99 4121 20.0
99 4122 20.0
99 4123 20.0
99 4124 20.0
99 4125 20.0
99 4126 20.0
99 4127 20.0
99 4128 20.0
99 4129 20.0
99 4130 20.0
99 4131 20.0
99 4132 20.0
99 4133 20.0
99 4134 20.0
99 4135 20.0
99 4136 20.0
99 4137 20.0
99 4138 20.0
99 4139 20.0
99 4140 20.0
99 4141 20.0
100 4142 20.0
100 4143 20.0
100 4144 20.0
100 4145 20.0
100 4146 20.0
100 4147 20.0
100 4148 20.0
100 4149 20.0
100 4150 20.0
100 4151 20.0
100 4152 20.0
100 4153 20.0
100 4154 20.0
100 4155 20.0
100 4156 20.0
100 4157 20.0
100 4158 20.0
100 4159 20.0
100 4160 20.0
100 4161 20.0
100 4162 20.0
100 4163 20.0
100 4164 20.0
100 4165 20.0
100 4166 20.0
100 4167 20.0
100 4168 20.0
100 4169 20.0
100 4170 20.0
100 4171 20.0
100 4172 20.0
100 4173 20.0
100 4174 20.0
100 4175 20.0
100 4176 20.0
100 4177 20.0
100 4178 20.0
100 4179 20.0
100 4180 20.0
100 4181 20.0
101 4182 20.0
101 4183 20.0
101 4184 20.0
101 4185 20.0
101 4186 20.0
101 4187 20.0
101 4188 20.0
101 4189 20.0
101 4190 20.0
101 4191 20.0
101 4192 20.0
101 4193 19.6
101 4194 19.6
101 4195 19.6
101 4196 19.6
101 4197 19.6
101 4198 19.6
101 4199 19.6
101 4200 19.6
101 4201 19.6
101 4202 19.6
101 4203 19.6
101 4204 19.6
101 4205 19.6
101 4206 19.6
101 4207 19.6
101 4208 19.6
101 4209 19.6
101 4210 19.6
101 4211 19.6
101 4212 19.6
101 4213 19.6
101 4214 19.6
101 4215 19.6
101 4216 19.6
101 4217 19.6
101 4218 19.6
101 4219 19.6
101 4220 19.6
101 4221 19.6
101 4222 19.6
101 4223 19.6
101 4224 19.6
101 4225 19.6
102 4226 19.6
102 4227 19.6
102 4228 19.6
102 4229 19.6
102 4230 19.6
102 4231 19.6
102 4232 19.6
102 4233 19.6
102 4234 19.6
102 4235 19.6
102 4236 19.6
102 4237 19.6
102 4238 19.6
102 4239 19.6
102 4240 19.6
102 4241 19.6
102 4242 19.6
102 4243 19.6
102 4244 19.6
102 4245 19.6
102 4246 19.6
102 4247 19.6
102 4248 19.6
102 4249 19.6
102 4250 19.6
102 4251 19.6
102 4252 19.6
102 4253 19.6
102 4254 19.6
102 4255 19.6
102 4256 19.6
102 4257 19.6
103 4258 19.6
103 4259 19.6
103 4260 19.6
103 4261 19.6
103 4262 19.6
103 4263 19.6
103 4264 19.6
103 4265 19.6
103 4266 19.6
103 4267 19.6
103 4268 19.6
103 4269 19.6
103 4270 19.6
103 4271 19.6
103 4272 19.6
103 4273 19.6
103 4274 19.6
103 4275 19.6
103 4276 19.6
103 4277 19.6
103 4278 19.6
103 4279 19.6
103 4280 19.6
103 4281 19.6
103 4282 19.6
103 4283 19.6
103 4284 19.6
103 4285 19.6
103 4286 19.6
103 4287 19.6
103 4288 19.6
103 4289 19.6
103 4290 19.6
103 4291 19.6
103 4292 19.6
103 4293 19.6
103 4294 19.6
103 4295 19.6
103 4296 19.6
104 4297 19.6
104 4298 19.6
104 4299 19.6
104 4300 19.6
104 4301 19.6
104 4302 19.6
104 4303 19.6
104 4304 19.6
104 4305 19.6
104 4306 19.6
104 4307 19.6
104 4308 19.6
104 4309 19.6
104 4310 19.6
104 4311 19.6
104 4312 19.6
104 4313 19.6
104 4314 19.6
104 4315 19.6
104 4316 19.6
104 4317 19.6
104 4318 19.6
104 4319 19.6
104 4320 19.6
104 4321 19.6
104 4322 19.6
104 4323 19.6
104 4324 19.6
104 4325 19.6
104 4326 19.6
104 4327 19.6
104 4328 19.6
104 4329 19.6
104 4330 19.6
104 4331 19.6
104 4332 19.6
104 4333 19.6
104 4334 19.6
104 4335 19.6
104 4336 19.6
105 4337 19.6
105 4338 19.6
105 4339 19.6
105 4340 19.6
105 4341 19.6
105 4342 19.6
105 4343 19.6
105 4344 19.6
105 4345 19.6
105 4346 19.6
105 4347 19.6
105 4348 19.6
105 4349 19.6
105 4350 19.6
105 4351 19.6
105 4352 19.3
105 4353 19.3
105 4354 19.3
105 4355 19.3
105 4356 19.3
105 4357 19.3
105 4358 19.3
105 4359 19.3
105 4360 19.3
105 4361 19.3
105 4362 19.3
105 4363 19.3
105 4364 19.3
105 4365 19.3
105 4366 19.3
105 4367 19.3
105 4368 19.3
105 4369 19.3
105 4370 19.3
105 4371 19.3
105 4372 19.2
105 4373 19.2
105 4374 19.2
105 4375 19.2
105 4376 19.2
105 4377 19.2
105 4378 19.2
105 4379 19.2
105 4380 19.2
105 4381 19.2
105 4382 19.2
105 4383 19.2
106 4384 18.6
106 4385 18.6
106 4386 18.6
106 4387 18.6
106 4388 18.4
106 4389 18.4
106 4390 18.3
106 4391 18.3
106 4392 18.3
106 4393 18.3
106 4394 18.3
106 4395 18.3
106 4396 18.3
106 4397 18.3
106 4398 18.3
106 4399 18.3
106 4400 18.3
106 4401 18.3
106 4402 18.3
106 4403 17.9
106 4404 17.9
106 4405 17.8
106 4406 17.8
106 4407 16.8
106 4408 16.8
106 4409 16.8
106 4410 16.8
106 4411 16.4
106 4412 16.4
106 4413 16.4
106 4414 16.4
106 4415 16.4
106 4416 16.4
106 4417 16.4
106 4418 16.4
106 4419 16.4
106 4420 16.4
106 4421 16.4
106 4422 16.4
106 4423 16.4
106 4424 16.4
106 4425 16.4
106 4426 16.4
106 4427 16.4
107 4428 16.4
107 4429 16.4
107 4430 16.4
107 4431 16.4
107 4432 16.4
107 4433 16.4
107 4434 16.4
107 4435 16.4
107 4436 16.4
107 4437 16.2
107 4438 16.2
107 4439 16.2
107 4440 16.2
107 4441 16.2
107 4442 16.2
107 4443 16.2
107 4444 16.2
107 4445 16.2
107 4446 16.2
107 4447 16.2
107 4448 16.2
107 4449 16.2
107 4450 16.2
107 4451 16.2
107 4452 16.2
107 4453 16.2
107 4454 16.2
107 4455 16.2
107 4456 16.2
107 4457 16.2
107 4458 16.2
107 4459 16.2
107 4460 16.2
107 4461 16.2
107 4462 16.2
107 4463 16.2
107 4464 16.2
107 4465 16.2
107 4466 16.2
107 4467 16.2
108 4468 16.2
108 4469 16.2
108 4470 16.2
108 4471 16.2
108 4472 16.2
108 4473 16.2
108 4474 16.2
108 4475 16.2
108 4476 16.2
108 4477 16.2
108 4478 16.2
108 4479 16.2
108 4480 16.2
108 4481 16.2
108 4482 16.2
108 4483 16.2
108 4484 16.2
108 4485 16.2
108 4486 16.2
108 4487 16.2
108 4488 16.2
108 4489 16.2
108 4490 16.2
108 4491 16.2
108 4492 16.2
108 4493 16.2
108 4494 16.2
108 4495 16.2
108 4496 16.2
108 4497 16.2
108 4498 16.2
108 4499 16.2
108 4500 16.2
108 4501 16.2
108 4502 16.2
108 4503 16.2
109 4504 16.2
109 4505 16.2
109 4506 16.2
109 4507 16.2
109 4508 16.2
109 4509 16.2
109 4510 16.2
109 4511 16.2
109 4512 16.2
109 4513 16.2
109 4514 16.2
109 4515 16.2
109 4516 16.2
109 4517 16.2
109 4518 16.2
109 4519 16.2
109 4520 16.2
109 4521 16.2
109 4522 16.2
109 4523 16.2
109 4524 16.2
109 4525 16.2
109 4526 16.2
109 4527 16.2
109 4528 16.2
109 4529 16.2
109 4530 16.2
109 4531 16.2
109 4532 16.2
109 4533 16.2
109 4534 16.2
109 4535 16.2
109 4536 16.2
109 4537 16.2
109 4538 16.2
109 4539 16.2
109 4540 16.2
109 4541 16.2
109 4542 16.2
109 4543 16.2
109 4544 16.2
109 4545 16.2
109 4546 16.2
110 4547 16.2
110 4548 16.2
110 4549 16.2
110 4550 16.2
110 4551 16.2
110 4552 16.2
110 4553 16.2
110 4554 16.2
110 4555 16.2
110 4556 16.2
110 4557 16.2
110 4558 16.2
110 4559 16.2
110 4560 16.2
110 4561 16.2
110 4562 16.2
110 4563 16.2
110 4564 16.2
110 4565 16.2
110 4566 16.2
110 4567 16.2
110 4568 16.2
110 4569 16.2
110 4570 16.2
110 4571 16.2
110 4572 16.2
110 4573 16.2
110 4574 16.2
110 4575 16.2
110 4576 16.2
110 4577 16.2
110 4578 16.2
110 4579 16.2
110 4580 16.2
110 4581 16.2
110 4582 16.2
110 4583 16.2
110 4584 16.2
110 4585 16.2
110 4586 16.2
110 4587 16.2
110 4588 16.2
111 4589 16.2
111 4590 16.2
111 4591 16.2
111 4592 16.2
111 4593 16.2
111 4594 16.2
111 4595 16.2
111 4596 16.2
111 4597 16.2
111 4598 16.2
111 4599 16.2
111 4600 16.2
111 4601 16.2
111 4602 16.2
111 4603 16.2
111 4604 16.2
111 4605 16.2
111 4606 16.2
111 4607 16.2
111 4608 16.2
111 4609 16.2
111 4610 16.2
111 4611 16.2
111 4612 16.2
111 4613 16.2
111 4614 16.2
111 4615 16.2
111 4616 16.2
111 4617 16.2
111 4618 16.2
111 4619 16.2
111 4620 16.2
111 4621 16.2
111 4622 16.2
111 4623 16.2
111 4624 16.2
111 4625 16.2
111 4626 16.2
111 4627 16.2
111 4628 16.2
111 4629 16.2
111 4630 16.2
111 4631 16.2
111 4632 16.2
111 4633 16.2
112 4634 16.2
112 4635 16.2
112 4636 16.2
112 4637 16.2
112 4638 16.2
112 4639 16.2
112 4640 16.2
112 4641 16.2
112 4642 16.2
112 4643 16.2
112 4644 16.2
112 4645 16.2
112 4646 16.2
112 4647 16.2
112 4648 16.2
112 4649 16.2
112 4650 16.2
112 4651 16.2
112 4652 16.2
112 4653 16.2
112 4654 16.2
112 4655 16.2
112 4656 16.2
112 4657 16.2
112 4658 16.2
112 4659 16.2
112 4660 16.2
112 4661 16.2
112 4662 16.2
112 4663 16.2
112 4664 16.2
112 4665 16.2
112 4666 16.2
112 4667 16.2
112 4668 16.2
112 4669 16.2
112 4670 16.2
112 4671 16.2
112 4672 16.2
112 4673 16.2
112 4674 16.2
112 4675 16.2
112 4676 16.2
113 4677 16.2
113 4678 16.2
113 4679 16.2
113 4680 16.2
113 4681 16.2
113 4682 16.2
113 4683 16.2
113 4684 16.2
113 4685 16.2
113 4686 16.2
113 4687 16.2
113 4688 16.2
113 4689 16.2
113 4690 16.2
113 4691 16.2
113 4692 16.2
113 4693 16.2
113 4694 16.2
113 4695 16.2
113 4696 16.2
113 4697 16.2
113 4698 16.2
113 4699 16.2
113 4700 16.2
113 4701 16.2
113 4702 16.2
113 4703 16.2
113 4704 16.2
113 4705 16.2
113 4706 16.2
113 4707 16.2
113 4708 16.2
113 4709 16.2
113 4710 16.2
113 4711 16.2
113 4712 16.2
113 4713 16.2
113 4714 16.2
113 4715 16.2
113 4716 16.2
114 4717 16.2
114 4718 16.2
114 4719 16.2
114 4720 16.2
114 4721 16.2
114 4722 16.2
114 4723 16.2
114 4724 16.2
114 4725 16.2
114 4726 16.2
114 4727 16.2
114 4728 16.2
114 4729 16.2
114 4730 16.2
114 4731 16.2
114 4732 16.2
114 4733 16.2
114 4734 16.2
114 4735 16.2
114 4736 16.2
114 4737 16.2
114 4738 16.2
114 4739 16.2
114 4740 16.2
114 4741 16.2
114 4742 16.2
114 4743 16.2
114 4744 16.2
114 4745 16.2
114 4746 16.2
114 4747 16.2
114 4748 16.2
114 4749 16.2
114 4750 16.2
114 4751 16.2
114 4752 16.2
114 4753 16.2
114 4754 16.2
114 4755 16.2
114 4756 16.2
114 4757 16.2
114 4758 16.2
115 4759 16.2
115 4760 16.2
115 4761 16.2
115 4762 16.2
115 4763 16.2
115 4764 16.2
115 4765 16.2
115 4766 16.2
115 4767 16.2
115 4768 16.2
115 4769 16.2
115 4770 16.2
115 4771 16.2
115 4772 16.2
115 4773 16.2
115 4774 16.2
115 4775 16.2
115 4776 16.2
115 4777 16.2
115 4778 16.2
115 4779 16.2
115 4780 16.2
115 4781 16.2
115 4782 16.2
115 4783 16.2
115 4784 16.2
115 4785 16.2
115 4786 16.2
115 4787 16.2
115 4788 16.2
115 4789 16.2
115 4790 16.2
115 4791 16.2
115 4792 16.2
115 4793 16.2
115 4794 16.2
115 4795 16.2
115 4796 16.2
115 4797 16.2
116 4798 16.2
116 4799 16.2
116 4800 16.2
116 4801 16.2
116 4802 16.2
116 4803 16.2
116 4804 16.2
116 4805 16.2
116 4806 16.2
116 4807 16.2
116 4808 16.2
116 4809 16.2
116 4810 16.2
116 4811 16.2
116 4812 16.2
116 4813 16.2
116 4814 16.2
116 4815 16.2
116 4816 16.2
116 4817 16.2
116 4818 16.2
116 4819 16.2
116 4820 16.2
116 4821 16.2
116 4822 16.2
116 4823 16.2
116 4824 16.2
116 4825 16.2
116 4826 16.2
116 4827 16.2
116 4828 16.2
116 4829 16.2
116 4830 16.2
116 4831 16.2
116 4832 16.2
116 4833 16.2
116 4834 16.2
116 4835 16.2
116 4836 16.2
116 4837 16.2
116 4838 16.2
116 4839 16.2
117 4840 16.2
117 4841 16.2
117 4842 16.2
117 4843 16.2
117 4844 16.2
117 4845 16.2
117 4846 16.2
117 4847 16.2
117 4848 16.2
117 4849 16.2
117 4850 16.2
117 4851 16.2
117 4852 16.2
117 4853 16.2
117 4854 16.2
117 4855 16.2
117 4856 16.2
117 4857 16.2
117 4858 16.2
117 4859 16.2
117 4860 16.2
117 4861 16.2
117 4862 16.2
117 4863 16.2
117 4864 16.2
117 4865 16.2
117 4866 16.2
117 4867 16.2
117 4868 16.2
117 4869 16.2
117 4870 16.2
117 4871 16.2
117 4872 16.2
117 4873 16.2
117 4874 16.2
117 4875 16.2
117 4876 16.2
117 4877 16.2
117 4878 16.2
117 4879 16.2
118 4880 16.2
118 4881 16.2
118 4882 16.2
118 4883 16.2
118 4884 16.2
118 4885 16.2
118 4886 16.2
118 4887 16.2
118 4888 16.2
118 4889 16.2
118 4890 16.2
118 4891 16.2
118 4892 16.2
118 4893 16.2
118 4894 16.2
118 4895 16.2
118 4896 16.2
118 4897 16.2
118 4898 16.2
118 4899 16.2
118 4900 16.2
118 4901 16.2
118 4902 16.2
118 4903 16.2
118 4904 16.2
118 4905 16.2
118 4906 16.2
118 4907 16.2
118 4908 16.2
118 4909 16.2
118 4910 16.2
118 4911 16.2
118 4912 16.2
118 4913 16.2
118 4914 16.2
118 4915 16.2
118 4916 16.2
118 4917 16.2
118 4918 16.2
118 4919 16.2
119 4920 16.2
119 4921 16.2
119 4922 16.2
119 4923 16.2
119 4924 16.2
119 4925 16.2
119 4926 16.2
119 4927 16.2
119 4928 16.2
119 4929 16.2
119 4930 16.2
119 4931 16.2
119 4932 16.2
119 4933 16.2
119 4934 16.2
119 4935 16.2
119 4936 16.2
119 4937 16.2
119 4938 16.2
119 4939 16.2
119 4940 16.2
119 4941 16.2
119 4942 16.2
119 4943 16.2
119 4944 16.2
119 4945 16.2
119 4946 16.2
119 4947 16.2
119 4948 16.2
119 4949 16.2
119 4950 16.2
119 4951 16.2
119 4952 16.2
119 4953 16.2
119 4954 16.2
119 4955 16.2
119 4956 16.2
119 4957 16.2
119 4958 16.2
119 4959 16.2
119 4960 16.2
119 4961 16.2
120 4962 16.2
120 4963 16.2
120 4964 16.2
120 4965 16.2
120 4966 16.2
120 4967 16.2
120 4968 16.2
120 4969 16.2
120 4970 16.2
120 4971 16.2
120 4972 16.2
120 4973 16.2
120 4974 16.2
120 4975 16.2
120 4976 16.2
120 4977 16.2
120 4978 16.2
120 4979 16.2
120 4980 16.2
120 4981 16.2
120 4982 16.2
120 4983 16.2
120 4984 16.2
120 4985 16.2
120 4986 16.2
120 4987 16.2
120 4988 16.2
120 4989 16.2
120 4990 16.2
120 4991 16.2
120 4992 16.2
120 4993 16.2
120 4994 16.2
120 4995 16.2
120 4996 16.2
120 4997 16.2
120 4998 16.2
120 4999 16.2
120 5000 16.2
120 5001 16.2
120 5002 16.2
120 5003 16.2
120 5004 16.2
121 5005 16.2
