1 1 49.5
1 2 49.5
1 3 49.5
1 4 47.8
1 5 47.8
1 6 46.9
1 7 46.9
1 8 46.4
1 9 46.4
1 10 46.4
1 11 46.4
1 12 45.6
1 13 45.6
1 14 45.6
1 15 45.6
1 16 45.6
1 17 45.6
1 18 45.6
1 19 45.6
1 20 44.8
1 21 44.8
1 22 44.8
1 23 44.8
1 24 44.8
1 25 44.8
1 26 44.8
1 27 44.8
1 28 44.8
1 29 44.8
1 30 44.8
1 31 44.8
1 32 44.8
1 33 44.8
1 34 44.8
1 35 44.8
1 36 44.8
1 37 44.8
2 38 44.8
2 39 44.8
2 40 44.8
2 41 44.8
2 42 44.8
2 43 44.8
2 44 44.8
2 45 44.8
2 46 44.8
2 47 44.5
2 48 44.5
2 49 44.5
2 50 43.7
2 51 43.7
2 52 43.7
2 53 43.7
2 54 43.7
2 55 43.7
2 56 43.7
2 57 43.7
2 58 43.7
2 59 43.7
2 60 43.7
2 61 43.7
2 62 43.7
2 63 43.7
2 64 41.2
2 65 41.2
2 66 41.0
2 67 41.0
2 68 41.0
2 69 40.8
2 70 40.8
2 71 40.8
2 72 40.8
2 73 40.8
2 74 40.8
2 75 40.8
3 76 40.8
3 77 40.8
3 78 40.0
3 79 40.0
3 80 40.0
3 81 40.0
3 82 40.0
3 83 40.0
3 84 40.0
3 85 40.0
3 86 40.0
3 87 39.8
3 88 39.8
3 89 39.7
3 90 39.7
3 91 39.6
3 92 39.6
3 93 39.6
3 94 39.6
3 95 39.6
3 96 39.6
3 97 39.6
3 98 39.6
3 99 39.6
3 100 39.6
3 101 39.6
3 102 39.6
3 103 39.6
3 104 39.6
3 105 39.6
3 106 39.6
3 107 39.6
3 108 39.6
3 109 39.6
3 110 39.6
3 111 39.6
3 112 39.6
3 113 39.6
3 114 39.6
3 115 39.6
3 116 39.6
3 117 39.6
4 118 39.6
4 119 39.6
4 120 39.6
4 121 39.6
4 122 39.6
4 123 39.6
4 124 39.6
4 125 39.6
4 126 39.6
4 127 39.6
4 128 39.6
4 129 39.6
4 130 39.6
4 131 39.6
4 132 39.6
4 133 39.6
4 134 39.6
4 135 39.6
4 136 39.6
4 137 39.6
4 138 39.6
4 139 39.6
4 140 39.6
4 141 39.6
4 142 39.6
4 143 39.6
4 144 39.6
4 145 39.6
4 146 39.6
4 147 39.6
4 148 39.6
4 149 39.6
4 150 39.6
4 151 39.6
4 152 39.6
4 153 39.6
4 154 39.6
4 155 39.6
4 156 39.6
4 157 39.6
4 158 39.6
4 159 39.6
4 160 39.6
4 161 39.6
4 162 39.6
4 163 39.6
4 164 39.6
4 165 39.6
4 166 39.6
4 167 39.6
4 168 39.6
5 169 39.6
5 170 39.6
5 171 39.6
5 172 39.6
5 173 39.6
5 174 39.6
5 175 39.6
5 176 39.6
5 177 39.6
5 178 39.6
5 179 39.6
5 180 39.6
5 181 39.6
5 182 39.6
5 183 39.6
5 184 39.6
5 185 39.6
5 186 39.6
5 187 39.6
5 188 39.6
5 189 38.2
5 190 38.2
5 191 38.2
5 192 38.2
5 193 38.2
5 194 38.2
5 195 38.2
5 196 38.2
5 197 38.2
5 198 38.2
5 199 38.2
5 200 38.2
5 201 38.2
5 202 38.2
5 203 38.2
5 204 38.2
5 205 38.2
5 206 38.2
5 207 38.2
5 208 38.2
5 209 38.2
5 210 38.2
5 211 38.2
5 212 38.2
5 213 38.2
5 214 38.0
5 215 38.0
5 216 38.0
6 217 37.8
6 218 37.8
6 219 37.8
6 220 37.8
6 221 37.2
6 222 37.2
6 223 37.2
6 224 36.6
6 225 36.6
6 226 36.6
6 227 36.6
6 228 36.6
6 229 36.6
6 230 36.6
6 231 36.6
6 232 36.6
6 233 36.6
6 234 36.4
6 235 36.4
6 236 36.4
6 237 36.4
6 238 36.4
6 239 36.4
6 240 36.4
6 241 36.4
6 242 36.4
6 243 36.4
6 244 36.4
6 245 36.4
6 246 36.4
6 247 36.4
6 248 36.4
6 249 36.4
6 250 36.4
6 251 36.4
6 252 36.4
6 253 36.4
6 254 36.4
6 255 36.4
6 256 36.0
6 257 36.0
6 258 36.0
6 259 36.0
6 260 35.2
6 261 34.4
6 262 34.4
6 263 34.4
6 264 34.4
6 265 34.4
7 266 34.4
7 267 34.4
7 268 34.4
7 269 34.4
7 270 34.4
7 271 34.4
7 272 34.4
7 273 34.4
7 274 34.4
7 275 34.4
7 276 34.4
7 277 34.4
7 278 34.4
7 279 34.2
7 280 34.2
7 281 34.2
7 282 34.2
7 283 34.2
7 284 34.2
7 285 34.2
7 286 34.2
7 287 34.2
7 288 34.2
7 289 34.2
7 290 34.2
7 291 34.2
7 292 34.2
7 293 34.2
7 294 34.2
7 295 34.2
7 296 34.2
7 297 34.2
7 298 34.2
7 299 34.2
7 300 34.2
7 301 34.2
7 302 34.0
7 303 34.0
7 304 34.0
7 305 34.0
7 306 34.0
7 307 34.0
7 308 34.0
7 309 34.0
7 310 34.0
7 311 34.0
7 312 34.0
7 313 34.0
8 314 34.0
8 315 34.0
8 316 34.0
8 317 34.0
8 318 34.0
8 319 34.0
8 320 34.0
8 321 34.0
8 322 34.0
8 323 34.0
8 324 34.0
8 325 34.0
8 326 34.0
8 327 34.0
8 328 34.0
8 329 34.0
8 330 34.0
8 331 33.8
8 332 33.8
8 333 33.8
8 334 33.8
8 335 33.8
8 336 33.8
8 337 33.8
8 338 33.8
8 339 33.8
8 340 33.8
8 341 33.8
8 342 33.8
8 343 33.8
8 344 33.6
8 345 33.6
8 346 33.6
8 347 33.6
8 348 33.6
8 349 33.6
8 350 33.6
8 351 33.6
8 352 33.6
8 353 33.6
8 354 33.6
8 355 33.6
8 356 33.6
8 357 33.6
8 358 33.6
8 359 33.6
8 360 33.6
9 361 33.6
9 362 33.4
9 363 33.4
9 364 33.4
9 365 33.4
9 366 33.4
9 367 33.4
9 368 33.4
9 369 33.4
9 370 33.4
9 371 33.4
9 372 33.4
9 373 33.4
9 374 33.4
9 375 33.4
9 376 33.4
9 377 33.4
9 378 33.4
9 379 33.4
9 380 33.4
9 381 33.4
9 382 33.4
9 383 33.4
9 384 33.4
9 385 33.4
9 386 33.4
9 387 33.4
9 388 33.4
9 389 33.4
9 390 33.4
9 391 33.4
9 392 33.4
9 393 33.4
9 394 33.4
9 395 33.4
9 396 33.4
9 397 33.4
9 398 33.4
9 399 33.4
9 400 33.4
9 401 33.4
9 402 33.4
9 403 33.4
9 404 33.4
9 405 33.4
9 406 33.4
9 407 33.4
9 408 33.4
9 409 33.4
10 410 33.4
10 411 33.4
10 412 33.4
10 413 33.4
10 414 33.4
10 415 33.4
10 416 33.4
10 417 33.4
10 418 33.4
10 419 33.4
10 420 33.4
10 421 33.4
10 422 33.4
10 423 33.4
10 424 33.4
10 425 33.4
10 426 33.4
10 427 33.4
10 428 33.4
10 429 33.4
10 430 33.4
10 431 33.4
10 432 33.4
10 433 33.4
10 434 33.4
10 435 33.4
10 436 33.4
10 437 33.4
10 438 33.4
10 439 33.4
10 440 33.4
10 441 33.4
10 442 33.4
10 443 33.4
10 444 33.4
10 445 33.4
10 446 33.4
10 447 33.4
10 448 33.4
10 449 33.4
10 450 33.4
10 451 33.4
10 452 33.4
10 453 33.4
10 454 33.4
10 455 33.4
10 456 33.4
11 457 33.4
11 458 33.4
11 459 33.4
11 460 33.4
11 461 33.4
11 462 33.4
11 463 33.4
11 464 33.4
11 465 33.4
11 466 33.4
11 467 33.4
11 468 33.4
11 469 33.4
11 470 33.4
11 471 33.4
11 472 33.4
11 473 33.4
11 474 33.4
11 475 33.4
11 476 33.4
11 477 33.4
11 478 33.4
11 479 33.4
11 480 33.4
11 481 33.4
11 482 33.4
11 483 33.4
11 484 33.4
11 485 33.4
11 486 33.4
11 487 33.4
11 488 33.4
11 489 33.4
11 490 33.4
11 491 33.4
11 492 33.4
11 493 33.4
11 494 33.4
11 495 33.4
11 496 33.4
11 497 33.4
11 498 33.4
11 499 33.4
11 500 33.4
11 501 33.4
11 502 33.4
11 503 33.4
11 504 33.4
11 505 33.4
11 506 33.4
11 507 33.4
12 508 33.4
12 509 33.4
12 510 33.4
12 511 33.4
12 512 33.4
12 513 33.4
12 514 33.4
12 515 33.4
12 516 33.4
12 517 33.4
12 518 33.4
12 519 33.4
12 520 33.4
12 521 33.4
12 522 33.4
12 523 33.4
12 524 33.4
12 525 33.4
12 526 33.4
12 527 33.4
12 528 33.4
12 529 33.4
12 530 33.4
12 531 33.4
12 532 33.4
12 533 33.4
12 534 33.4
12 535 33.4
12 536 33.4
12 537 33.4
12 538 33.4
12 539 33.4
12 540 33.4
12 541 33.4
12 542 33.4
12 543 33.4
12 544 33.4
12 545 33.4
12 546 33.4
12 547 33.4
12 548 33.4
12 549 33.4
12 550 33.4
12 551 33.2
12 552 33.2
12 553 33.2
12 554 33.2
12 555 32.6
12 556 32.6
12 557 32.6
12 558 32.6
12 559 32.6
13 560 32.6
13 561 32.6
13 562 32.6
13 563 32.6
13 564 32.6
13 565 32.6
13 566 32.6
13 567 32.6
13 568 32.6
13 569 32.5
13 570 32.5
13 571 32.5
13 572 32.5
13 573 32.5
13 574 32.5
13 575 32.5
13 576 32.5
13 577 32.5
13 578 32.5
13 579 32.5
13 580 32.5
13 581 32.5
13 582 32.5
13 583 32.5
13 584 32.5
13 585 32.5
13 586 32.5
13 587 32.5
13 588 32.5
13 589 32.5
13 590 32.5
13 591 32.5
13 592 32.5
13 593 32.5
13 594 32.5
13 595 32.5
13 596 32.5
13 597 32.5
13 598 32.5
13 599 32.5
13 600 32.5
13 601 32.5
13 602 32.5
13 603 32.5
13 604 32.5
13 605 32.5
13 606 32.5
13 607 32.5
13 608 32.5
13 609 32.5
14 610 32.5
14 611 32.5
14 612 32.5
14 613 32.5
14 614 32.5
14 615 32.5
14 616 32.5
14 617 32.5
14 618 32.5
14 619 32.5
14 620 32.5
14 621 32.5
14 622 32.5
14 623 32.5
14 624 32.5
14 625 32.5
14 626 32.5
14 627 32.5
14 628 32.5
14 629 32.5
14 630 32.5
14 631 32.5
14 632 32.5
14 633 32.5
14 634 32.5
14 635 32.5
14 636 32.5
14 637 32.5
14 638 32.5
14 639 32.5
14 640 32.5
14 641 32.5
14 642 32.5
14 643 32.5
14 644 32.5
14 645 32.5
14 646 32.5
14 647 32.5
14 648 32.5
14 649 32.5
14 650 32.5
14 651 32.5
14 652 32.5
14 653 32.5
14 654 32.5
14 655 32.5
14 656 32.5
14 657 32.5
15 658 32.5
15 659 32.5
15 660 32.5
15 661 32.5
15 662 32.5
15 663 32.5
15 664 32.5
15 665 32.5
15 666 32.5
15 667 32.5
15 668 32.5
15 669 32.5
15 670 32.5
15 671 32.5
15 672 32.5
15 673 32.5
15 674 32.5
15 675 32.5
15 676 32.5
15 677 32.5
15 678 32.5
15 679 32.5
15 680 32.5
15 681 32.5
15 682 32.5
15 683 32.5
15 684 32.5
15 685 32.5
15 686 32.5
15 687 32.5
15 688 32.5
15 689 32.5
15 690 32.5
15 691 32.5
15 692 32.5
15 693 32.5
15 694 32.5
15 695 32.5
15 696 32.5
15 697 32.5
15 698 32.5
15 699 32.5
15 700 32.5
15 701 32.5
15 702 32.1
15 703 32.1
15 704 32.1
15 705 32.1
15 706 32.1
16 707 32.1
16 708 32.1
16 709 32.1
16 710 32.1
16 711 32.1
16 712 31.9
16 713 31.9
16 714 31.9
16 715 31.9
16 716 31.9
16 717 31.9
16 718 31.9
16 719 31.9
16 720 31.9
16 721 31.9
16 722 31.9
16 723 31.9
16 724 31.9
16 725 31.9
16 726 31.9
16 727 31.9
16 728 31.9
16 729 31.9
16 730 31.7
16 731 31.7
16 732 31.7
16 733 31.7
16 734 31.7
16 735 31.7
16 736 31.7
16 737 31.7
16 738 31.7
16 739 31.7
16 740 31.6
16 741 31.6
16 742 31.6
16 743 31.5
16 744 31.5
16 745 31.5
16 746 31.3
16 747 31.3
16 748 31.3
16 749 31.2
16 750 31.2
16 751 31.2
16 752 31.2
16 753 31.1
16 754 31.1
16 755 31.1
16 756 31.1
16 757 31.1
16 758 30.7
17 759 30.7
17 760 30.7
17 761 30.7
17 762 30.7
17 763 30.6
17 764 30.6
17 765 30.6
17 766 30.6
17 767 30.6
17 768 30.6
17 769 30.6
17 770 30.4
17 771 30.4
17 772 30.4
17 773 30.4
17 774 30.4
17 775 30.4
17 776 30.4
17 777 30.4
17 778 30.4
17 779 30.4
17 780 30.4
17 781 30.4
17 782 30.4
17 783 30.4
17 784 30.4
17 785 30.4
17 786 30.4
17 787 30.4
17 788 30.4
17 789 30.4
17 790 30.4
17 791 30.4
17 792 30.4
17 793 30.4
17 794 30.4
17 795 30.4
17 796 30.4
17 797 30.4
17 798 30.4
17 799 30.4
17 800 30.4
17 801 30.4
17 802 30.4
17 803 30.4
17 804 30.4
17 805 30.4
17 806 30.4
17 807 30.4
17 808 30.4
17 809 30.4
18 810 30.4
18 811 30.4
18 812 30.4
18 813 30.4
18 814 30.4
18 815 30.4
18 816 30.4
18 817 30.4
18 818 30.4
18 819 30.4
18 820 30.4
18 821 30.4
18 822 30.4
18 823 30.4
18 824 30.4
18 825 30.4
18 826 30.4
18 827 30.4
18 828 30.4
18 829 30.4
18 830 30.4
18 831 30.4
18 832 30.4
18 833 30.4
18 834 30.4
18 835 30.4
18 836 30.4
18 837 30.4
18 838 30.4
18 839 30.4
18 840 30.4
18 841 30.4
18 842 30.4
18 843 30.4
18 844 30.4
18 845 30.4
18 846 30.4
18 847 30.4
18 848 30.4
18 849 30.4
18 850 30.4
18 851 30.4
18 852 30.4
18 853 30.4
18 854 30.4
18 855 30.4
18 856 30.4
18 857 30.4
18 858 30.4
18 859 30.4
18 860 30.4
19 861 30.4
19 862 30.4
19 863 30.4
19 864 30.4
19 865 30.4
19 866 30.4
19 867 30.4
19 868 30.4
19 869 30.4
19 870 30.4
19 871 30.4
19 872 30.4
19 873 30.4
19 874 30.4
19 875 30.4
19 876 30.4
19 877 30.4
19 878 30.4
19 879 30.4
19 880 30.4
19 881 30.4
19 882 30.4
19 883 30.4
19 884 30.4
19 885 30.4
19 886 30.4
19 887 30.4
19 888 30.4
19 889 30.4
19 890 30.4
19 891 30.4
19 892 30.4
19 893 30.4
19 894 30.4
19 895 30.4
19 896 30.4
19 897 30.4
19 898 30.4
19 899 30.4
19 900 30.4
19 901 29.4
19 902 29.4
19 903 29.4
19 904 29.4
19 905 29.4
19 906 29.4
19 907 29.4
19 908 29.4
19 909 29.4
19 910 29.4
19 911 29.4
19 912 29.4
19 913 29.4
20 914 29.4
20 915 29.4
20 916 29.4
20 917 29.4
20 918 28.8
20 919 28.8
20 920 28.8
20 921 28.8
20 922 28.8
20 923 28.8
20 924 28.8
20 925 28.8
20 926 28.8
20 927 28.8
20 928 28.8
20 929 28.8
20 930 28.8
20 931 28.8
20 932 28.8
20 933 28.8
20 934 28.7
20 935 28.7
20 936 28.7
20 937 28.7
20 938 28.7
20 939 28.7
20 940 28.7
20 941 28.7
20 942 28.7
20 943 28.7
20 944 28.7
20 945 28.6
20 946 28.6
20 947 28.6
20 948 28.6
20 949 28.6
20 950 28.3
20 951 28.3
20 952 28.3
20 953 28.3
20 954 28.3
20 955 28.3
20 956 28.3
20 957 28.3
20 958 28.3
20 959 28.3
20 960 28.3
20 961 28.3
20 962 28.3
20 963 28.3
20 964 28.2
20 965 28.2
20 966 28.0
20 967 28.0
20 968 28.0
21 969 28.0
21 970 28.0
21 971 27.7
21 972 27.7
21 973 27.7
21 974 27.7
21 975 27.7
21 976 27.7
21 977 27.7
21 978 27.7
21 979 27.7
21 980 27.7
21 981 27.7
21 982 27.7
21 983 27.7
21 984 27.7
21 985 27.7
21 986 27.7
21 987 27.7
21 988 27.7
21 989 27.7
21 990 27.7
21 991 27.7
21 992 27.7
21 993 27.6
21 994 27.6
21 995 27.6
21 996 27.6
21 997 27.6
21 998 27.6
21 999 27.6
21 1000 27.6
21 1001 27.6
21 1002 27.6
21 1003 27.6
21 1004 27.6
21 1005 27.6
21 1006 27.6
21 1007 27.6
21 1008 27.6
21 1009 27.6
21 1010 27.6
21 1011 27.6
21 1012 27.6
21 1013 27.6
21 1014 27.6
21 1015 27.6
21 1016 27.6
21 1017 27.6
21 1018 27.6
21 1019 27.6
21 1020 27.6
22 1021 27.6
22 1022 27.6
22 1023 27.6
22 1024 27.6
22 1025 27.6
22 1026 27.6
22 1027 27.6
22 1028 27.6
22 1029 27.6
22 1030 27.6
22 1031 27.6
22 1032 27.6
22 1033 27.6
22 1034 27.6
22 1035 27.6
22 1036 27.6
22 1037 27.6
22 1038 27.6
22 1039 27.6
22 1040 27.6
22 1041 27.6
22 1042 27.6
22 1043 27.6
22 1044 27.6
22 1045 27.6
22 1046 27.6
22 1047 27.6
22 1048 27.6
22 1049 27.6
22 1050 27.6
22 1051 27.6
22 1052 27.6
22 1053 27.6
22 1054 27.6
22 1055 27.6
22 1056 27.6
22 1057 27.6
22 1058 27.6
22 1059 27.6
22 1060 27.6
22 1061 27.6
22 1062 27.6
22 1063 27.6
22 1064 27.6
22 1065 27.6
22 1066 27.6
22 1067 27.6
22 1068 27.6
22 1069 27.6
22 1070 27.6
22 1071 27.6
22 1072 27.6
23 1073 27.6
23 1074 27.6
23 1075 27.6
23 1076 27.6
23 1077 27.6
23 1078 27.6
23 1079 27.6
23 1080 27.6
23 1081 27.6
23 1082 27.6
23 1083 27.6
23 1084 27.6
23 1085 27.6
23 1086 27.6
23 1087 27.6
23 1088 27.6
23 1089 27.6
23 1090 27.6
23 1091 27.6
23 1092 27.6
23 1093 27.6
23 1094 27.6
23 1095 27.6
23 1096 27.6
23 1097 27.6
23 1098 27.6
23 1099 27.6
23 1100 27.6
23 1101 27.6
23 1102 27.6
23 1103 27.6
23 1104 27.6
23 1105 27.6
23 1106 27.6
23 1107 27.6
23 1108 27.6
23 1109 27.6
23 1110 27.6
23 1111 27.6
23 1112 27.6
23 1113 27.6
23 1114 27.6
23 1115 27.6
23 1116 27.6
23 1117 27.6
23 1118 27.6
23 1119 27.6
24 1120 27.6
24 1121 27.6
24 1122 27.6
24 1123 27.6
24 1124 27.6
24 1125 27.6
24 1126 27.6
24 1127 27.6
24 1128 27.6
24 1129 27.6
24 1130 27.6
24 1131 27.6
24 1132 27.6
24 1133 27.6
24 1134 27.6
24 1135 27.6
24 1136 27.6
24 1137 27.6
24 1138 27.6
24 1139 27.6
24 1140 27.6
24 1141 27.6
24 1142 27.6
24 1143 27.6
24 1144 27.6
24 1145 27.6
24 1146 27.6
24 1147 27.6
24 1148 27.6
24 1149 27.6
24 1150 27.6
24 1151 27.6
24 1152 27.6
24 1153 27.6
24 1154 27.6
24 1155 27.6
24 1156 27.6
24 1157 27.6
24 1158 27.6
24 1159 27.6
24 1160 27.6
24 1161 27.6
24 1162 27.6
24 1163 27.6
24 1164 27.6
24 1165 27.6
24 1166 27.6
24 1167 27.6
24 1168 27.6
24 1169 27.6
24 1170 27.6
24 1171 27.6
24 1172 27.6
24 1173 27.6
25 1174 27.6
25 1175 27.6
25 1176 27.6
25 1177 27.6
25 1178 27.6
25 1179 27.6
25 1180 27.6
25 1181 27.6
25 1182 27.6
25 1183 27.6
25 1184 27.6
25 1185 27.6
25 1186 27.6
25 1187 27.6
25 1188 27.6
25 1189 27.6
25 1190 27.6
25 1191 27.6
25 1192 27.6
25 1193 27.6
25 1194 27.6
25 1195 27.6
25 1196 27.6
25 1197 27.6
25 1198 27.6
25 1199 27.6
25 1200 27.6
25 1201 27.6
25 1202 27.6
25 1203 27.6
25 1204 27.6
25 1205 27.6
25 1206 27.6
25 1207 27.6
25 1208 27.6
25 1209 27.6
25 1210 27.6
25 1211 27.6
25 1212 27.6
25 1213 27.6
25 1214 27.6
25 1215 27.6
25 1216 27.6
25 1217 27.6
25 1218 27.6
25 1219 27.6
25 1220 27.6
25 1221 27.6
25 1222 27.6
25 1223 27.6
25 1224 27.6
25 1225 27.6
25 1226 27.6
26 1227 27.6
26 1228 27.6
26 1229 27.6
26 1230 27.6
26 1231 27.6
26 1232 27.6
26 1233 27.6
26 1234 27.6
26 1235 27.6
26 1236 27.6
26 1237 27.6
26 1238 27.6
26 1239 27.6
26 1240 27.6
26 1241 27.6
26 1242 27.6
26 1243 27.6
26 1244 27.6
26 1245 27.6
26 1246 27.6
26 1247 27.6
26 1248 27.6
26 1249 27.6
26 1250 27.6
26 1251 27.6
26 1252 27.6
26 1253 27.6
26 1254 27.6
26 1255 27.6
26 1256 27.6
26 1257 27.6
26 1258 27.6
26 1259 27.6
26 1260 27.6
26 1261 27.6
26 1262 27.6
26 1263 27.6
26 1264 27.6
26 1265 27.6
26 1266 27.6
26 1267 27.6
26 1268 27.6
26 1269 27.6
26 1270 27.6
26 1271 27.6
26 1272 27.6
26 1273 27.6
26 1274 27.6
26 1275 27.6
26 1276 27.6
27 1277 27.6
27 1278 27.6
27 1279 27.6
27 1280 27.6
27 1281 27.6
27 1282 27.6
27 1283 27.6
27 1284 27.6
27 1285 27.6
27 1286 27.6
27 1287 27.6
27 1288 27.6
27 1289 27.6
27 1290 27.6
27 1291 27.6
27 1292 27.6
27 1293 27.6
27 1294 27.5
27 1295 27.5
27 1296 27.5
27 1297 27.5
27 1298 27.5
27 1299 27.5
27 1300 27.5
27 1301 27.5
27 1302 27.5
27 1303 27.5
27 1304 27.5
27 1305 27.5
27 1306 27.5
27 1307 27.5
27 1308 27.5
27 1309 27.5
27 1310 27.5
27 1311 27.5
27 1312 27.5
27 1313 27.5
27 1314 27.5
27 1315 27.5
27 1316 27.4
27 1317 27.4
27 1318 27.4
27 1319 27.4
27 1320 27.4
27 1321 27.4
27 1322 27.4
27 1323 27.4
27 1324 27.4
27 1325 27.4
27 1326 27.4
28 1327 27.4
28 1328 27.4
28 1329 27.4
28 1330 27.4
28 1331 27.4
28 1332 27.4
28 1333 27.4
28 1334 27.4
28 1335 27.4
28 1336 27.4
28 1337 27.4
28 1338 27.4
28 1339 27.4
28 1340 27.4
28 1341 27.4
28 1342 27.4
28 1343 27.4
28 1344 27.4
28 1345 27.4
28 1346 27.4
28 1347 27.4
28 1348 27.4
28 1349 27.4
28 1350 27.4
28 1351 27.4
28 1352 27.4
28 1353 27.4
28 1354 27.4
28 1355 27.4
28 1356 27.4
28 1357 27.4
28 1358 27.4
28 1359 27.4
28 1360 27.4
28 1361 27.4
28 1362 27.4
28 1363 27.4
28 1364 27.4
28 1365 27.4
28 1366 27.4
28 1367 27.4
28 1368 27.4
28 1369 27.4
28 1370 27.4
28 1371 27.4
28 1372 27.4
28 1373 27.4
28 1374 27.4
29 1375 27.4
29 1376 27.4
29 1377 27.4
29 1378 27.4
29 1379 27.4
29 1380 27.4
29 1381 27.4
29 1382 27.4
29 1383 27.4
29 1384 27.4
29 1385 27.4
29 1386 27.4
29 1387 27.4
29 1388 27.4
29 1389 27.4
29 1390 27.4
29 1391 27.4
29 1392 27.4
29 1393 27.4
29 1394 27.4
29 1395 27.4
29 1396 27.4
29 1397 27.4
29 1398 27.4
29 1399 27.4
29 1400 27.4
29 1401 27.4
29 1402 27.4
29 1403 27.4
29 1404 27.4
29 1405 27.4
29 1406 27.4
29 1407 27.4
29 1408 27.4
29 1409 27.4
29 1410 27.4
29 1411 27.4
29 1412 27.4
29 1413 27.4
29 1414 27.4
29 1415 27.4
29 1416 27.4
29 1417 27.4
29 1418 27.4
29 1419 27.4
29 1420 27.4
29 1421 27.4
29 1422 27.4
29 1423 27.4
30 1424 27.4
30 1425 27.4
30 1426 27.4
30 1427 27.4
30 1428 27.4
30 1429 27.4
30 1430 27.4
30 1431 27.4
30 1432 27.4
30 1433 27.4
30 1434 27.4
30 1435 27.4
30 1436 27.4
30 1437 27.4
30 1438 27.4
30 1439 27.4
30 1440 27.4
30 1441 27.4
30 1442 27.4
30 1443 27.4
30 1444 27.4
30 1445 27.4
30 1446 27.4
30 1447 27.4
30 1448 27.4
30 1449 27.4
30 1450 27.4
30 1451 27.4
30 1452 27.4
30 1453 27.4
30 1454 27.4
30 1455 27.4
30 1456 27.4
30 1457 27.4
30 1458 27.4
30 1459 27.4
30 1460 27.4
30 1461 27.4
30 1462 27.4
30 1463 27.4
30 1464 27.4
30 1465 27.4
30 1466 27.4
30 1467 27.4
30 1468 27.4
30 1469 27.4
30 1470 27.4
31 1471 27.4
31 1472 27.4
31 1473 27.4
31 1474 27.4
31 1475 27.4
31 1476 27.4
31 1477 27.4
31 1478 27.4
31 1479 27.4
31 1480 27.4
31 1481 27.4
31 1482 27.4
31 1483 27.4
31 1484 27.4
31 1485 27.4
31 1486 27.4
31 1487 27.4
31 1488 27.4
31 1489 27.4
31 1490 27.4
31 1491 27.4
31 1492 27.4
31 1493 27.4
31 1494 27.4
31 1495 27.4
31 1496 27.4
31 1497 27.4
31 1498 27.4
31 1499 27.4
31 1500 27.4
31 1501 27.4
31 1502 27.4
31 1503 27.4
31 1504 27.4
31 1505 27.4
31 1506 27.4
31 1507 27.3
31 1508 27.3
31 1509 27.3
31 1510 27.3
31 1511 27.3
31 1512 27.3
31 1513 27.3
31 1514 27.3
31 1515 27.3
31 1516 27.3
31 1517 27.3
31 1518 27.3
31 1519 27.3
31 1520 27.3
31 1521 27.3
31 1522 27.3
32 1523 27.3
32 1524 27.3
32 1525 27.3
32 1526 27.3
32 1527 27.3
32 1528 27.3
32 1529 27.3
32 1530 27.3
32 1531 27.3
32 1532 27.3
32 1533 27.3
32 1534 27.3
32 1535 27.3
32 1536 27.3
32 1537 27.3
32 1538 27.3
32 1539 27.3
32 1540 27.3
32 1541 27.3
32 1542 27.3
32 1543 27.3
32 1544 27.3
32 1545 27.3
32 1546 27.3
32 1547 27.3
32 1548 27.3
32 1549 27.3
32 1550 27.3
32 1551 27.3
32 1552 27.3
32 1553 27.3
32 1554 27.3
32 1555 27.3
32 1556 27.3
32 1557 27.3
32 1558 27.2
32 1559 27.2
32 1560 27.2
32 1561 27.2
32 1562 27.2
32 1563 27.2
32 1564 27.2
32 1565 27.2
32 1566 27.2
32 1567 27.2
32 1568 27.2
32 1569 27.2
32 1570 27.2
32 1571 27.2
33 1572 27.2
33 1573 27.2
33 1574 27.2
33 1575 27.2
33 1576 27.2
33 1577 27.2
33 1578 27.2
33 1579 27.2
33 1580 27.2
33 1581 27.2
33 1582 27.2
33 1583 27.2
33 1584 27.2
33 1585 27.2
33 1586 27.2
33 1587 27.2
33 1588 27.2
33 1589 27.2
33 1590 27.2
33 1591 27.2
33 1592 27.2
33 1593 27.2
33 1594 27.2
33 1595 27.2
33 1596 27.2
33 1597 27.2
33 1598 27.2
33 1599 27.2
33 1600 27.2
33 1601 27.2
33 1602 27.2
33 1603 27.2
33 1604 27.2
33 1605 27.2
33 1606 27.2
33 1607 27.2
33 1608 27.2
33 1609 27.2
33 1610 27.2
33 1611 27.2
33 1612 27.2
33 1613 27.2
33 1614 27.2
33 1615 27.2
33 1616 27.2
33 1617 27.2
33 1618 27.2
33 1619 27.2
33 1620 27.2
34 1621 27.2
34 1622 27.2
34 1623 27.2
34 1624 27.2
34 1625 27.2
34 1626 27.2
34 1627 27.2
34 1628 27.2
34 1629 27.2
34 1630 27.2
34 1631 27.2
34 1632 27.2
34 1633 27.2
34 1634 27.2
34 1635 27.2
34 1636 27.2
34 1637 27.2
34 1638 27.2
34 1639 27.2
34 1640 27.2
34 1641 27.2
34 1642 27.2
34 1643 27.2
34 1644 27.2
34 1645 27.2
34 1646 27.2
34 1647 27.2
34 1648 27.2
34 1649 27.2
34 1650 27.2
34 1651 27.2
34 1652 27.2
34 1653 27.2
34 1654 27.2
34 1655 27.2
34 1656 27.2
34 1657 27.2
34 1658 27.2
34 1659 27.2
34 1660 27.2
34 1661 27.2
34 1662 27.2
34 1663 27.2
34 1664 27.2
34 1665 27.2
34 1666 27.2
34 1667 27.2
34 1668 27.2
35 1669 27.2
35 1670 27.2
35 1671 27.2
35 1672 27.2
35 1673 27.2
35 1674 27.2
35 1675 27.2
35 1676 27.2
35 1677 27.2
35 1678 27.2
35 1679 27.2
35 1680 27.2
35 1681 27.2
35 1682 27.2
35 1683 27.2
35 1684 27.2
35 1685 27.2
35 1686 27.2
35 1687 27.2
35 1688 27.2
35 1689 27.2
35 1690 27.2
35 1691 27.2
35 1692 26.9
35 1693 26.9
35 1694 26.9
35 1695 26.9
35 1696 26.9
35 1697 26.9
35 1698 26.9
35 1699 26.9
35 1700 26.9
35 1701 26.9
35 1702 26.9
35 1703 26.8
35 1704 26.8
35 1705 26.8
35 1706 26.8
35 1707 26.8
35 1708 26.8
35 1709 26.5
35 1710 26.5
35 1711 26.5
35 1712 26.5
35 1713 26.5
35 1714 26.5
35 1715 26.4
35 1716 26.4
35 1717 26.4
35 1718 26.4
36 1719 26.4
36 1720 26.4
36 1721 26.2
36 1722 26.2
36 1723 26.2
36 1724 26.1
36 1725 26.1
36 1726 26.1
36 1727 26.1
36 1728 26.1
36 1729 26.1
36 1730 26.1
36 1731 26.1
36 1732 26.1
36 1733 26.1
36 1734 26.1
36 1735 26.1
36 1736 26.1
36 1737 26.0
36 1738 26.0
36 1739 26.0
36 1740 26.0
36 1741 26.0
36 1742 25.8
36 1743 25.8
36 1744 25.8
36 1745 25.8
36 1746 25.8
36 1747 25.8
36 1748 25.7
36 1749 25.7
36 1750 25.7
36 1751 25.7
36 1752 25.7
36 1753 25.7
36 1754 25.7
36 1755 25.7
36 1756 25.7
36 1757 25.7
36 1758 25.7
36 1759 25.6
36 1760 25.6
36 1761 25.6
36 1762 25.6
36 1763 25.6
36 1764 25.6
36 1765 25.6
36 1766 25.6
36 1767 25.6
36 1768 25.6
36 1769 25.6
36 1770 25.6
36 1771 25.6
37 1772 25.6
37 1773 25.6
37 1774 25.6
37 1775 25.6
37 1776 25.6
37 1777 25.6
37 1778 25.6
37 1779 25.6
37 1780 25.6
37 1781 25.6
37 1782 25.6
37 1783 25.6
37 1784 25.6
37 1785 25.6
37 1786 25.6
37 1787 25.6
37 1788 25.6
37 1789 25.6
37 1790 25.6
37 1791 25.6
37 1792 25.6
37 1793 25.6
37 1794 25.6
37 1795 25.6
37 1796 25.6
37 1797 25.6
37 1798 25.6
37 1799 25.6
37 1800 25.6
37 1801 25.6
37 1802 25.6
37 1803 25.6
37 1804 25.6
37 1805 25.6
37 1806 25.6
37 1807 25.6
37 1808 25.6
37 1809 25.6
37 1810 25.6
37 1811 25.6
37 1812 25.6
37 1813 25.6
37 1814 25.6
37 1815 25.6
37 1816 25.6
37 1817 25.6
37 1818 25.6
37 1819 25.6
37 1820 25.6
38 1821 25.6
38 1822 25.6
38 1823 25.6
38 1824 25.6
38 1825 25.6
38 1826 25.6
38 1827 25.6
38 1828 25.6
38 1829 25.6
38 1830 25.6
38 1831 25.6
38 1832 25.6
38 1833 25.6
38 1834 25.6
38 1835 25.6
38 1836 25.6
38 1837 25.6
38 1838 25.6
38 1839 25.6
38 1840 25.6
38 1841 25.6
38 1842 25.6
38 1843 25.6
38 1844 25.6
38 1845 25.6
38 1846 25.6
38 1847 25.6
38 1848 25.6
38 1849 25.6
38 1850 25.6
38 1851 25.6
38 1852 25.6
38 1853 25.6
38 1854 25.6
38 1855 25.6
38 1856 25.6
38 1857 25.6
38 1858 25.6
38 1859 25.6
38 1860 25.6
38 1861 25.6
38 1862 25.6
38 1863 25.6
38 1864 25.6
38 1865 25.6
38 1866 25.6
38 1867 25.6
38 1868 25.6
38 1869 25.6
38 1870 25.6
39 1871 25.6
39 1872 25.6
39 1873 25.6
39 1874 25.6
39 1875 25.6
39 1876 25.6
39 1877 25.6
39 1878 25.6
39 1879 25.6
39 1880 25.6
39 1881 25.6
39 1882 25.6
39 1883 25.6
39 1884 25.6
39 1885 25.6
39 1886 25.6
39 1887 25.6
39 1888 25.6
39 1889 25.6
39 1890 25.6
39 1891 25.6
39 1892 25.6
39 1893 25.6
39 1894 25.6
39 1895 25.6
39 1896 25.6
39 1897 25.6
39 1898 25.6
39 1899 25.6
39 1900 25.6
39 1901 25.6
39 1902 25.6
39 1903 25.6
39 1904 25.6
39 1905 25.6
39 1906 25.6
39 1907 25.6
39 1908 25.6
39 1909 25.6
39 1910 25.6
39 1911 25.6
39 1912 25.6
39 1913 25.6
39 1914 25.6
39 1915 25.6
39 1916 25.6
39 1917 25.6
39 1918 25.6
39 1919 25.6
39 1920 25.6
40 1921 25.6
40 1922 25.6
40 1923 25.6
40 1924 25.6
40 1925 25.6
40 1926 25.6
40 1927 25.6
40 1928 25.6
40 1929 25.6
40 1930 25.6
40 1931 25.6
40 1932 25.6
40 1933 25.6
40 1934 25.6
40 1935 25.6
40 1936 25.6
40 1937 25.6
40 1938 25.6
40 1939 25.6
40 1940 25.6
40 1941 25.6
40 1942 25.6
40 1943 25.6
40 1944 25.6
40 1945 25.6
40 1946 25.6
40 1947 25.6
40 1948 25.6
40 1949 25.6
40 1950 25.6
40 1951 25.6
40 1952 25.6
40 1953 25.6
40 1954 25.6
40 1955 25.6
40 1956 25.6
40 1957 25.6
40 1958 25.6
40 1959 25.6
40 1960 25.6
40 1961 25.6
40 1962 25.6
40 1963 25.6
40 1964 25.6
40 1965 25.6
40 1966 25.6
40 1967 25.6
40 1968 25.6
40 1969 25.6
40 1970 25.6
41 1971 25.6
41 1972 25.6
41 1973 25.6
41 1974 25.6
41 1975 25.6
41 1976 25.6
41 1977 25.6
41 1978 25.6
41 1979 25.6
41 1980 25.6
41 1981 25.6
41 1982 25.6
41 1983 25.6
41 1984 25.6
41 1985 25.6
41 1986 25.6
41 1987 25.6
41 1988 25.6
41 1989 25.6
41 1990 25.6
41 1991 25.6
41 1992 25.6
41 1993 25.6
41 1994 25.6
41 1995 25.6
41 1996 25.6
41 1997 25.6
41 1998 25.6
41 1999 25.6
41 2000 25.6
41 2001 25.6
41 2002 25.6
41 2003 25.6
41 2004 25.6
41 2005 25.6
41 2006 25.6
41 2007 25.6
41 2008 25.6
41 2009 25.6
41 2010 25.6
41 2011 25.6
41 2012 25.6
41 2013 25.6
41 2014 25.6
41 2015 25.6
41 2016 25.6
41 2017 25.6
42 2018 25.6
42 2019 25.6
42 2020 25.6
42 2021 25.6
42 2022 25.6
42 2023 25.6
42 2024 25.6
42 2025 25.6
42 2026 25.6
42 2027 25.6
42 2028 25.6
42 2029 25.6
42 2030 25.6
42 2031 25.6
42 2032 25.6
42 2033 25.6
42 2034 25.6
42 2035 25.6
42 2036 25.6
42 2037 25.6
42 2038 25.6
42 2039 25.6
42 2040 25.6
42 2041 25.6
42 2042 25.6
42 2043 25.6
42 2044 25.6
42 2045 25.6
42 2046 25.6
42 2047 25.6
42 2048 25.6
42 2049 25.6
42 2050 25.6
42 2051 25.6
42 2052 25.6
42 2053 25.6
42 2054 25.6
42 2055 25.6
42 2056 25.6
42 2057 25.6
42 2058 25.6
42 2059 25.6
42 2060 25.6
42 2061 25.6
42 2062 25.6
42 2063 25.6
42 2064 25.6
42 2065 25.6
42 2066 25.6
42 2067 25.6
42 2068 25.6
42 2069 25.6
43 2070 25.6
43 2071 25.6
43 2072 25.6
43 2073 25.6
43 2074 25.6
43 2075 24.0
43 2076 24.0
43 2077 24.0
43 2078 24.0
43 2079 24.0
43 2080 24.0
43 2081 24.0
43 2082 24.0
43 2083 24.0
43 2084 24.0
43 2085 24.0
43 2086 24.0
43 2087 24.0
43 2088 24.0
43 2089 24.0
43 2090 24.0
43 2091 24.0
43 2092 24.0
43 2093 24.0
43 2094 24.0
43 2095 24.0
43 2096 24.0
43 2097 24.0
43 2098 24.0
43 2099 24.0
43 2100 24.0
43 2101 24.0
43 2102 24.0
43 2103 24.0
43 2104 24.0
43 2105 24.0
43 2106 24.0
43 2107 24.0
43 2108 24.0
43 2109 24.0
43 2110 24.0
43 2111 24.0
43 2112 24.0
43 2113 24.0
43 2114 24.0
43 2115 24.0
43 2116 24.0
43 2117 24.0
43 2118 24.0
43 2119 24.0
44 2120 24.0
44 2121 24.0
44 2122 24.0
44 2123 24.0
44 2124 24.0
44 2125 24.0
44 2126 24.0
44 2127 24.0
44 2128 24.0
44 2129 24.0
44 2130 24.0
44 2131 24.0
44 2132 24.0
44 2133 24.0
44 2134 24.0
44 2135 24.0
44 2136 24.0
44 2137 24.0
44 2138 24.0
44 2139 24.0
44 2140 24.0
44 2141 24.0
44 2142 24.0
44 2143 24.0
44 2144 24.0
44 2145 24.0
44 2146 24.0
44 2147 24.0
44 2148 24.0
44 2149 24.0
44 2150 24.0
44 2151 24.0
44 2152 24.0
44 2153 24.0
44 2154 24.0
44 2155 24.0
44 2156 24.0
44 2157 24.0
44 2158 24.0
44 2159 24.0
44 2160 24.0
44 2161 24.0
44 2162 24.0
44 2163 24.0
44 2164 24.0
44 2165 24.0
44 2166 24.0
44 2167 24.0
44 2168 24.0
44 2169 24.0
45 2170 24.0
45 2171 24.0
45 2172 24.0
45 2173 24.0
45 2174 24.0
45 2175 24.0
45 2176 24.0
45 2177 24.0
45 2178 24.0
45 2179 24.0
45 2180 24.0
45 2181 24.0
45 2182 24.0
45 2183 24.0
45 2184 24.0
45 2185 24.0
45 2186 24.0
45 2187 24.0
45 2188 24.0
45 2189 24.0
45 2190 24.0
45 2191 24.0
45 2192 24.0
45 2193 24.0
45 2194 24.0
45 2195 24.0
45 2196 24.0
45 2197 24.0
45 2198 24.0
45 2199 24.0
45 2200 24.0
45 2201 24.0
45 2202 24.0
45 2203 24.0
45 2204 24.0
45 2205 24.0
45 2206 24.0
45 2207 24.0
45 2208 24.0
45 2209 24.0
45 2210 24.0
45 2211 24.0
45 2212 24.0
45 2213 24.0
45 2214 24.0
45 2215 24.0
45 2216 24.0
45 2217 24.0
45 2218 24.0
45 2219 24.0
45 2220 24.0
45 2221 24.0
46 2222 24.0
46 2223 24.0
46 2224 24.0
46 2225 24.0
46 2226 24.0
46 2227 24.0
46 2228 24.0
46 2229 24.0
46 2230 24.0
46 2231 24.0
46 2232 24.0
46 2233 24.0
46 2234 24.0
46 2235 24.0
46 2236 24.0
46 2237 24.0
46 2238 24.0
46 2239 24.0
46 2240 24.0
46 2241 24.0
46 2242 24.0
46 2243 24.0
46 2244 24.0
46 2245 24.0
46 2246 24.0
46 2247 24.0
46 2248 24.0
46 2249 24.0
46 2250 24.0
46 2251 24.0
46 2252 24.0
46 2253 24.0
46 2254 24.0
46 2255 24.0
46 2256 24.0
46 2257 24.0
46 2258 24.0
46 2259 24.0
46 2260 24.0
46 2261 24.0
46 2262 24.0
46 2263 24.0
46 2264 24.0
46 2265 24.0
46 2266 24.0
46 2267 24.0
46 2268 24.0
46 2269 24.0
47 2270 24.0
47 2271 24.0
47 2272 24.0
47 2273 24.0
47 2274 24.0
47 2275 24.0
47 2276 24.0
47 2277 24.0
47 2278 24.0
47 2279 24.0
47 2280 24.0
47 2281 24.0
47 2282 24.0
47 2283 24.0
47 2284 24.0
47 2285 24.0
47 2286 24.0
47 2287 24.0
47 2288 24.0
47 2289 24.0
47 2290 24.0
47 2291 24.0
47 2292 24.0
47 2293 24.0
47 2294 24.0
47 2295 24.0
47 2296 24.0
47 2297 24.0
47 2298 24.0
47 2299 24.0
47 2300 24.0
47 2301 24.0
47 2302 24.0
47 2303 24.0
47 2304 24.0
47 2305 24.0
47 2306 24.0
47 2307 24.0
47 2308 24.0
47 2309 24.0
47 2310 24.0
47 2311 24.0
47 2312 24.0
47 2313 24.0
47 2314 24.0
47 2315 24.0
47 2316 24.0
47 2317 24.0
48 2318 24.0
48 2319 24.0
48 2320 24.0
48 2321 24.0
48 2322 24.0
48 2323 24.0
48 2324 24.0
48 2325 24.0
48 2326 24.0
48 2327 24.0
48 2328 24.0
48 2329 24.0
48 2330 24.0
48 2331 24.0
48 2332 24.0
48 2333 24.0
48 2334 24.0
48 2335 24.0
48 2336 24.0
48 2337 24.0
48 2338 24.0
48 2339 24.0
48 2340 24.0
48 2341 24.0
48 2342 24.0
48 2343 24.0
48 2344 24.0
48 2345 24.0
48 2346 24.0
48 2347 24.0
48 2348 24.0
48 2349 24.0
48 2350 24.0
48 2351 24.0
48 2352 24.0
48 2353 24.0
48 2354 24.0
48 2355 24.0
48 2356 24.0
48 2357 24.0
48 2358 24.0
48 2359 24.0
48 2360 24.0
48 2361 24.0
48 2362 24.0
48 2363 24.0
48 2364 24.0
48 2365 24.0
48 2366 24.0
48 2367 24.0
49 2368 24.0
49 2369 24.0
49 2370 24.0
49 2371 24.0
49 2372 24.0
49 2373 24.0
49 2374 24.0
49 2375 24.0
49 2376 24.0
49 2377 24.0
49 2378 24.0
49 2379 24.0
49 2380 24.0
49 2381 24.0
49 2382 24.0
49 2383 22.9
49 2384 22.9
49 2385 22.9
49 2386 22.9
49 2387 22.9
49 2388 22.9
49 2389 22.9
49 2390 22.9
49 2391 22.7
49 2392 22.7
49 2393 22.7
49 2394 22.7
49 2395 22.7
49 2396 22.7
49 2397 22.7
49 2398 22.7
49 2399 22.7
49 2400 22.7
49 2401 22.7
49 2402 22.7
49 2403 22.7
49 2404 22.7
49 2405 22.7
49 2406 22.7
49 2407 22.7
49 2408 22.7
49 2409 22.7
49 2410 22.7
49 2411 22.7
49 2412 22.7
49 2413 21.2
49 2414 21.2
49 2415 21.2
49 2416 21.2
49 2417 21.2
49 2418 21.2
50 2419 21.2
50 2420 21.2
50 2421 21.2
50 2422 21.2
50 2423 21.2
50 2424 21.2
50 2425 21.2
50 2426 21.2
50 2427 21.2
50 2428 21.2
50 2429 21.2
50 2430 21.2
50 2431 21.1
50 2432 21.1
50 2433 21.1
50 2434 21.1
50 2435 21.1
50 2436 21.1
50 2437 21.1
50 2438 21.1
50 2439 21.1
50 2440 21.1
50 2441 21.1
50 2442 21.1
50 2443 21.1
50 2444 21.1
50 2445 21.1
50 2446 21.1
50 2447 21.1
50 2448 21.1
50 2449 21.1
50 2450 21.1
50 2451 21.1
50 2452 20.9
50 2453 20.9
50 2454 20.9
50 2455 20.9
50 2456 20.9
50 2457 20.9
50 2458 20.9
50 2459 20.9
50 2460 20.9
50 2461 20.9
50 2462 20.9
51 2463 20.9
51 2464 20.9
51 2465 20.9
51 2466 20.9
51 2467 20.9
51 2468 20.9
51 2469 20.9
51 2470 20.9
51 2471 20.9
51 2472 20.9
51 2473 20.9
51 2474 20.9
51 2475 20.9
51 2476 20.9
51 2477 20.9
51 2478 20.9
51 2479 20.9
51 2480 20.9
51 2481 20.9
51 2482 20.9
51 2483 20.9
51 2484 20.9
51 2485 20.9
51 2486 20.9
51 2487 20.9
51 2488 20.9
51 2489 20.9
51 2490 20.9
51 2491 20.9
51 2492 20.9
51 2493 20.9
51 2494 20.9
51 2495 20.9
51 2496 20.9
51 2497 20.9
51 2498 20.9
51 2499 20.9
51 2500 20.9
51 2501 20.9
51 2502 20.9
51 2503 20.9
51 2504 20.9
51 2505 20.9
51 2506 20.9
51 2507 20.9
52 2508 20.9
52 2509 20.9
52 2510 20.9
52 2511 20.9
52 2512 20.9
52 2513 20.9
52 2514 20.9
52 2515 20.9
52 2516 20.9
52 2517 20.9
52 2518 20.9
52 2519 20.9
52 2520 20.9
52 2521 20.9
52 2522 20.9
52 2523 20.9
52 2524 20.9
52 2525 20.9
52 2526 20.9
52 2527 20.9
52 2528 20.9
52 2529 20.9
52 2530 20.9
52 2531 20.9
52 2532 20.9
52 2533 20.9
52 2534 20.9
52 2535 20.9
52 2536 20.9
52 2537 20.9
52 2538 20.9
52 2539 20.9
52 2540 20.9
52 2541 20.9
52 2542 20.9
52 2543 20.9
52 2544 20.9
52 2545 20.9
52 2546 20.9
52 2547 20.9
52 2548 20.9
52 2549 20.9
52 2550 20.9
52 2551 20.9
52 2552 20.9
52 2553 20.9
53 2554 20.9
53 2555 20.9
53 2556 20.9
53 2557 20.9
53 2558 20.9
53 2559 20.9
53 2560 20.9
53 2561 20.9
53 2562 20.9
53 2563 20.9
53 2564 20.9
53 2565 20.9
53 2566 20.9
53 2567 20.9
53 2568 20.9
53 2569 20.9
53 2570 20.9
53 2571 20.9
53 2572 20.9
53 2573 20.9
53 2574 20.9
53 2575 20.9
53 2576 20.9
53 2577 20.9
53 2578 20.9
53 2579 20.9
53 2580 20.9
53 2581 20.9
53 2582 20.9
53 2583 20.9
53 2584 20.9
53 2585 20.9
53 2586 20.9
53 2587 20.9
53 2588 20.9
53 2589 20.9
53 2590 20.9
53 2591 20.9
53 2592 20.9
53 2593 20.9
53 2594 20.9
53 2595 20.9
53 2596 20.9
53 2597 20.9
53 2598 20.9
53 2599 20.9
53 2600 20.9
53 2601 20.9
53 2602 20.9
54 2603 20.9
54 2604 20.9
54 2605 20.9
54 2606 20.9
54 2607 20.9
54 2608 20.9
54 2609 20.9
54 2610 20.9
54 2611 20.9
54 2612 20.9
54 2613 20.9
54 2614 20.9
54 2615 20.9
54 2616 20.9
54 2617 20.9
54 2618 20.9
54 2619 20.9
54 2620 20.9
54 2621 20.9
54 2622 20.9
54 2623 20.9
54 2624 20.9
54 2625 20.9
54 2626 20.9
54 2627 20.9
54 2628 20.9
54 2629 20.9
54 2630 20.9
54 2631 20.9
54 2632 20.9
54 2633 20.9
54 2634 20.9
54 2635 20.9
54 2636 20.9
54 2637 20.9
54 2638 20.9
54 2639 20.9
54 2640 20.9
54 2641 20.9
54 2642 20.9
54 2643 20.9
54 2644 20.9
54 2645 20.9
54 2646 20.9
54 2647 20.9
54 2648 20.9
54 2649 20.9
54 2650 20.9
54 2651 20.9
54 2652 20.9
54 2653 20.9
54 2654 20.9
55 2655 20.9
55 2656 20.9
55 2657 20.9
55 2658 20.9
55 2659 20.9
55 2660 20.9
55 2661 20.9
55 2662 20.9
55 2663 20.9
55 2664 20.9
55 2665 20.9
55 2666 20.9
55 2667 20.9
55 2668 20.9
55 2669 20.9
55 2670 20.9
55 2671 20.9
55 2672 20.9
55 2673 20.9
55 2674 20.9
55 2675 20.9
55 2676 20.9
55 2677 20.9
55 2678 20.9
55 2679 20.9
55 2680 20.9
55 2681 20.9
55 2682 20.9
55 2683 20.9
55 2684 20.9
55 2685 20.9
55 2686 20.9
55 2687 20.9
55 2688 20.9
55 2689 20.9
55 2690 20.9
55 2691 20.9
55 2692 20.9
55 2693 20.9
55 2694 20.9
55 2695 20.9
55 2696 20.9
55 2697 20.9
55 2698 20.9
55 2699 20.9
55 2700 20.9
55 2701 20.9
55 2702 20.9
55 2703 20.9
55 2704 20.9
55 2705 20.9
55 2706 20.9
56 2707 20.9
56 2708 20.9
56 2709 20.9
56 2710 20.9
56 2711 20.9
56 2712 20.9
56 2713 20.9
56 2714 20.9
56 2715 20.9
56 2716 20.9
56 2717 20.9
56 2718 20.9
56 2719 20.9
56 2720 20.9
56 2721 20.9
56 2722 20.9
56 2723 20.9
56 2724 20.9
56 2725 20.9
56 2726 20.9
56 2727 20.9
56 2728 20.9
56 2729 20.9
56 2730 20.9
56 2731 20.9
56 2732 20.9
56 2733 20.9
56 2734 20.9
56 2735 20.9
56 2736 20.9
56 2737 20.9
56 2738 20.9
56 2739 20.9
56 2740 20.9
56 2741 20.9
56 2742 20.9
56 2743 20.9
56 2744 20.9
56 2745 20.9
56 2746 20.9
56 2747 20.9
56 2748 20.9
56 2749 20.9
56 2750 20.9
56 2751 20.9
56 2752 20.9
56 2753 20.9
56 2754 20.9
56 2755 20.9
56 2756 20.9
56 2757 20.9
57 2758 20.9
57 2759 20.9
57 2760 20.9
57 2761 20.9
57 2762 20.9
57 2763 20.9
57 2764 20.9
57 2765 20.9
57 2766 20.9
57 2767 20.9
57 2768 20.9
57 2769 20.9
57 2770 20.9
57 2771 20.9
57 2772 20.9
57 2773 20.9
57 2774 20.9
57 2775 20.9
57 2776 20.9
57 2777 20.9
57 2778 20.9
57 2779 20.9
57 2780 20.9
57 2781 20.9
57 2782 20.9
57 2783 20.9
57 2784 20.9
57 2785 20.9
57 2786 20.9
57 2787 20.9
57 2788 20.9
57 2789 20.9
57 2790 20.9
57 2791 20.9
57 2792 20.9
57 2793 20.9
57 2794 20.9
57 2795 20.9
57 2796 20.9
57 2797 20.9
57 2798 20.9
57 2799 20.9
57 2800 20.9
57 2801 20.9
57 2802 20.9
57 2803 20.9
57 2804 20.9
57 2805 20.9
57 2806 20.9
57 2807 20.9
57 2808 20.9
58 2809 20.9
58 2810 20.9
58 2811 20.9
58 2812 20.9
58 2813 20.9
58 2814 20.9
58 2815 20.9
58 2816 20.9
58 2817 20.9
58 2818 20.9
58 2819 20.9
58 2820 20.9
58 2821 20.9
58 2822 20.9
58 2823 20.9
58 2824 20.9
58 2825 20.9
58 2826 20.9
58 2827 20.9
58 2828 20.9
58 2829 20.9
58 2830 20.9
58 2831 20.9
58 2832 20.9
58 2833 20.9
58 2834 20.9
58 2835 20.9
58 2836 20.9
58 2837 20.9
58 2838 20.9
58 2839 20.9
58 2840 20.9
58 2841 20.9
58 2842 20.9
58 2843 20.9
58 2844 20.9
58 2845 20.9
58 2846 20.9
58 2847 20.9
58 2848 20.9
58 2849 20.9
58 2850 20.9
58 2851 20.9
58 2852 20.9
58 2853 20.9
58 2854 20.9
58 2855 20.9
58 2856 20.9
58 2857 20.9
58 2858 20.9
58 2859 20.9
58 2860 20.9
58 2861 20.9
59 2862 20.9
59 2863 20.9
59 2864 20.9
59 2865 20.9
59 2866 20.9
59 2867 20.9
59 2868 20.9
59 2869 20.9
59 2870 20.9
59 2871 20.9
59 2872 20.9
59 2873 20.9
59 2874 20.9
59 2875 20.9
59 2876 20.9
59 2877 20.9
59 2878 20.9
59 2879 20.9
59 2880 20.9
59 2881 20.9
59 2882 20.9
59 2883 20.9
59 2884 20.9
59 2885 20.9
59 2886 20.9
59 2887 20.9
59 2888 20.9
59 2889 20.9
59 2890 20.9
59 2891 20.9
59 2892 20.9
59 2893 20.9
59 2894 20.9
59 2895 20.9
59 2896 20.9
59 2897 20.9
59 2898 20.9
59 2899 20.9
59 2900 20.9
59 2901 20.9
59 2902 20.9
59 2903 20.9
59 2904 20.9
59 2905 20.9
59 2906 20.9
59 2907 20.9
59 2908 20.9
59 2909 20.9
60 2910 20.9
60 2911 20.9
60 2912 20.9
60 2913 20.9
60 2914 20.9
60 2915 20.9
60 2916 20.9
60 2917 20.9
60 2918 20.9
60 2919 20.9
60 2920 20.9
60 2921 20.9
60 2922 20.9
60 2923 20.9
60 2924 20.9
60 2925 20.9
60 2926 20.9
60 2927 20.9
60 2928 20.9
60 2929 20.9
60 2930 20.9
60 2931 20.9
60 2932 20.9
60 2933 20.9
60 2934 20.9
60 2935 20.9
60 2936 20.9
60 2937 20.9
60 2938 20.9
60 2939 20.9
60 2940 20.9
60 2941 20.9
60 2942 20.9
60 2943 20.9
60 2944 20.9
60 2945 20.9
60 2946 20.9
60 2947 20.9
60 2948 20.9
60 2949 20.9
60 2950 20.9
60 2951 20.9
60 2952 20.9
60 2953 20.9
60 2954 20.9
60 2955 20.9
60 2956 20.9
60 2957 20.9
60 2958 20.9
60 2959 20.9
61 2960 20.9
61 2961 20.9
61 2962 20.9
61 2963 20.9
61 2964 20.9
61 2965 20.9
61 2966 20.9
61 2967 20.9
61 2968 20.9
61 2969 20.9
61 2970 20.9
61 2971 20.9
61 2972 20.9
61 2973 20.9
61 2974 20.9
61 2975 20.9
61 2976 20.9
61 2977 20.9
61 2978 20.9
61 2979 20.9
61 2980 20.9
61 2981 20.9
61 2982 20.9
61 2983 20.9
61 2984 20.9
61 2985 20.9
61 2986 20.9
61 2987 20.9
61 2988 20.9
61 2989 20.9
61 2990 20.9
61 2991 20.9
61 2992 20.9
61 2993 20.9
61 2994 20.9
61 2995 20.9
61 2996 20.9
61 2997 20.9
61 2998 20.9
61 2999 20.9
61 3000 20.9
61 3001 20.9
61 3002 20.9
61 3003 20.9
61 3004 20.9
61 3005 20.9
61 3006 20.9
61 3007 20.9
61 3008 20.9
61 3009 20.9
62 3010 20.9
62 3011 20.9
62 3012 20.9
62 3013 20.9
62 3014 20.9
62 3015 20.9
62 3016 20.9
62 3017 20.9
62 3018 20.9
62 3019 20.9
62 3020 20.9
62 3021 20.9
62 3022 20.9
62 3023 20.9
62 3024 20.9
62 3025 20.9
62 3026 20.9
62 3027 20.9
62 3028 20.9
62 3029 20.9
62 3030 20.9
62 3031 20.9
62 3032 20.9
62 3033 20.9
62 3034 20.9
62 3035 20.9
62 3036 20.9
62 3037 20.9
62 3038 20.9
62 3039 20.9
62 3040 20.9
62 3041 20.9
62 3042 20.9
62 3043 20.9
62 3044 20.9
62 3045 20.9
62 3046 20.9
62 3047 20.9
62 3048 20.9
62 3049 20.9
62 3050 20.9
62 3051 20.9
62 3052 20.9
62 3053 20.9
62 3054 20.9
62 3055 20.9
62 3056 20.9
62 3057 20.9
62 3058 20.9
62 3059 20.9
62 3060 20.9
63 3061 20.9
63 3062 20.9
63 3063 20.9
63 3064 20.9
63 3065 20.9
63 3066 20.9
63 3067 20.9
63 3068 20.9
63 3069 20.9
63 3070 20.9
63 3071 20.9
63 3072 20.9
63 3073 20.9
63 3074 20.9
63 3075 20.9
63 3076 20.9
63 3077 20.9
63 3078 20.9
63 3079 20.9
63 3080 20.9
63 3081 20.9
63 3082 20.9
63 3083 20.9
63 3084 20.9
63 3085 20.9
63 3086 20.9
63 3087 20.9
63 3088 20.9
63 3089 20.9
63 3090 20.9
63 3091 20.9
63 3092 20.9
63 3093 20.9
63 3094 20.9
63 3095 20.9
63 3096 20.9
63 3097 20.9
63 3098 20.9
63 3099 20.9
63 3100 20.9
63 3101 20.9
63 3102 20.9
63 3103 20.9
63 3104 20.9
63 3105 20.9
63 3106 20.9
63 3107 20.9
63 3108 20.9
63 3109 20.9
64 3110 20.9
64 3111 20.9
64 3112 20.9
64 3113 20.9
64 3114 20.9
64 3115 20.9
64 3116 20.9
64 3117 20.9
64 3118 20.9
64 3119 20.9
64 3120 20.9
64 3121 20.9
64 3122 20.9
64 3123 20.9
64 3124 20.9
64 3125 20.9
64 3126 20.9
64 3127 20.9
64 3128 20.9
64 3129 20.9
64 3130 20.9
64 3131 20.9
64 3132 20.9
64 3133 20.9
64 3134 20.9
64 3135 20.9
64 3136 20.9
64 3137 20.9
64 3138 20.9
64 3139 20.9
64 3140 20.9
64 3141 20.9
64 3142 20.9
64 3143 20.9
64 3144 20.9
64 3145 20.7
64 3146 20.7
64 3147 20.7
64 3148 20.6
64 3149 20.6
64 3150 20.6
64 3151 20.5
64 3152 20.5
64 3153 20.5
64 3154 20.5
64 3155 20.5
64 3156 20.5
64 3157 20.5
64 3158 20.5
64 3159 20.5
64 3160 20.5
64 3161 20.5
64 3162 20.5
64 3163 20.5
65 3164 20.2
65 3165 20.2
65 3166 20.2
65 3167 20.2
65 3168 20.2
65 3169 20.2
65 3170 20.2
65 3171 20.2
65 3172 20.2
65 3173 20.2
65 3174 20.2
65 3175 20.2
65 3176 20.2
65 3177 20.2
65 3178 20.2
65 3179 20.2
65 3180 20.2
65 3181 20.1
65 3182 20.1
65 3183 20.1
65 3184 20.1
65 3185 20.1
65 3186 20.1
65 3187 20.1
65 3188 20.1
65 3189 20.1
65 3190 20.1
65 3191 20.1
65 3192 20.1
65 3193 20.1
65 3194 20.1
65 3195 20.1
65 3196 20.1
65 3197 20.1
65 3198 20.1
65 3199 20.1
65 3200 20.1
65 3201 20.1
65 3202 20.1
65 3203 20.1
65 3204 20.1
65 3205 20.1
65 3206 20.1
65 3207 20.1
65 3208 20.1
65 3209 20.1
65 3210 20.1
65 3211 20.1
66 3212 20.0
66 3213 20.0
66 3214 20.0
66 3215 20.0
66 3216 20.0
66 3217 20.0
66 3218 20.0
66 3219 20.0
66 3220 20.0
66 3221 20.0
66 3222 20.0
66 3223 20.0
66 3224 20.0
66 3225 20.0
66 3226 20.0
66 3227 20.0
66 3228 20.0
66 3229 20.0
66 3230 20.0
66 3231 20.0
66 3232 20.0
66 3233 20.0
66 3234 20.0
66 3235 20.0
66 3236 20.0
66 3237 20.0
66 3238 20.0
66 3239 20.0
66 3240 20.0
66 3241 20.0
66 3242 20.0
66 3243 20.0
66 3244 20.0
66 3245 20.0
66 3246 20.0
66 3247 20.0
66 3248 20.0
66 3249 20.0
66 3250 20.0
66 3251 20.0
66 3252 20.0
66 3253 20.0
66 3254 20.0
66 3255 20.0
66 3256 20.0
66 3257 20.0
66 3258 20.0
66 3259 20.0
66 3260 20.0
66 3261 20.0
66 3262 20.0
67 3263 20.0
67 3264 20.0
67 3265 20.0
67 3266 20.0
67 3267 20.0
67 3268 20.0
67 3269 20.0
67 3270 20.0
67 3271 20.0
67 3272 20.0
67 3273 20.0
67 3274 20.0
67 3275 20.0
67 3276 20.0
67 3277 20.0
67 3278 20.0
67 3279 20.0
67 3280 20.0
67 3281 20.0
67 3282 20.0
67 3283 20.0
67 3284 20.0
67 3285 20.0
67 3286 20.0
67 3287 20.0
67 3288 20.0
67 3289 20.0
67 3290 20.0
67 3291 20.0
67 3292 20.0
67 3293 20.0
67 3294 20.0
67 3295 20.0
67 3296 20.0
67 3297 20.0
67 3298 20.0
67 3299 20.0
67 3300 20.0
67 3301 20.0
67 3302 20.0
67 3303 20.0
67 3304 20.0
67 3305 20.0
67 3306 20.0
67 3307 20.0
67 3308 20.0
67 3309 20.0
67 3310 20.0
67 3311 20.0
67 3312 20.0
67 3313 20.0
67 3314 20.0
68 3315 20.0
68 3316 20.0
68 3317 20.0
68 3318 20.0
68 3319 20.0
68 3320 20.0
68 3321 20.0
68 3322 20.0
68 3323 20.0
68 3324 20.0
68 3325 20.0
68 3326 20.0
68 3327 20.0
68 3328 20.0
68 3329 20.0
68 3330 20.0
68 3331 20.0
68 3332 20.0
68 3333 20.0
68 3334 20.0
68 3335 20.0
68 3336 20.0
68 3337 20.0
68 3338 20.0
68 3339 20.0
68 3340 20.0
68 3341 20.0
68 3342 20.0
68 3343 20.0
68 3344 20.0
68 3345 20.0
68 3346 20.0
68 3347 20.0
68 3348 20.0
68 3349 20.0
68 3350 20.0
68 3351 20.0
68 3352 20.0
68 3353 20.0
68 3354 20.0
68 3355 20.0
68 3356 20.0
68 3357 20.0
68 3358 20.0
68 3359 20.0
68 3360 20.0
68 3361 20.0
68 3362 20.0
68 3363 20.0
68 3364 20.0
69 3365 20.0
69 3366 20.0
69 3367 20.0
69 3368 20.0
69 3369 20.0
69 3370 20.0
69 3371 20.0
69 3372 20.0
69 3373 20.0
69 3374 20.0
69 3375 20.0
69 3376 20.0
69 3377 20.0
69 3378 20.0
69 3379 20.0
69 3380 20.0
69 3381 20.0
69 3382 20.0
69 3383 20.0
69 3384 20.0
69 3385 20.0
69 3386 20.0
69 3387 20.0
69 3388 20.0
69 3389 20.0
69 3390 20.0
69 3391 20.0
69 3392 20.0
69 3393 20.0
69 3394 20.0
69 3395 20.0
69 3396 20.0
69 3397 20.0
69 3398 20.0
69 3399 20.0
69 3400 20.0
69 3401 20.0
69 3402 20.0
69 3403 20.0
69 3404 20.0
69 3405 20.0
69 3406 20.0
69 3407 20.0
69 3408 20.0
69 3409 20.0
69 3410 20.0
69 3411 20.0
69 3412 20.0
69 3413 20.0
69 3414 20.0
70 3415 20.0
70 3416 20.0
70 3417 20.0
70 3418 20.0
70 3419 20.0
70 3420 20.0
70 3421 20.0
70 3422 20.0
70 3423 20.0
70 3424 20.0
70 3425 20.0
70 3426 20.0
70 3427 20.0
70 3428 20.0
70 3429 20.0
70 3430 20.0
70 3431 20.0
70 3432 20.0
70 3433 20.0
70 3434 20.0
70 3435 20.0
70 3436 20.0
70 3437 20.0
70 3438 20.0
70 3439 20.0
70 3440 20.0
70 3441 20.0
70 3442 20.0
70 3443 20.0
70 3444 20.0
70 3445 20.0
70 3446 20.0
70 3447 20.0
70 3448 20.0
70 3449 20.0
70 3450 20.0
70 3451 20.0
70 3452 20.0
70 3453 20.0
70 3454 20.0
70 3455 20.0
70 3456 20.0
70 3457 20.0
70 3458 20.0
70 3459 20.0
70 3460 20.0
70 3461 20.0
70 3462 20.0
70 3463 20.0
70 3464 20.0
71 3465 20.0
71 3466 20.0
71 3467 20.0
71 3468 20.0
71 3469 20.0
71 3470 20.0
71 3471 20.0
71 3472 20.0
71 3473 20.0
71 3474 20.0
71 3475 20.0
71 3476 20.0
71 3477 20.0
71 3478 20.0
71 3479 20.0
71 3480 20.0
71 3481 20.0
71 3482 20.0
71 3483 20.0
71 3484 20.0
71 3485 20.0
71 3486 20.0
71 3487 20.0
71 3488 20.0
71 3489 20.0
71 3490 20.0
71 3491 20.0
71 3492 20.0
71 3493 20.0
71 3494 20.0
71 3495 20.0
71 3496 20.0
71 3497 20.0
71 3498 20.0
71 3499 20.0
71 3500 20.0
71 3501 20.0
71 3502 20.0
71 3503 20.0
71 3504 20.0
71 3505 20.0
71 3506 20.0
71 3507 20.0
71 3508 20.0
71 3509 20.0
71 3510 20.0
71 3511 20.0
71 3512 20.0
71 3513 20.0
71 3514 20.0
71 3515 20.0
71 3516 20.0
71 3517 20.0
72 3518 20.0
72 3519 20.0
72 3520 20.0
72 3521 20.0
72 3522 20.0
72 3523 20.0
72 3524 20.0
72 3525 20.0
72 3526 20.0
72 3527 20.0
72 3528 20.0
72 3529 20.0
72 3530 20.0
72 3531 20.0
72 3532 20.0
72 3533 20.0
72 3534 20.0
72 3535 20.0
72 3536 20.0
72 3537 20.0
72 3538 20.0
72 3539 20.0
72 3540 20.0
72 3541 20.0
72 3542 20.0
72 3543 20.0
72 3544 20.0
72 3545 20.0
72 3546 20.0
72 3547 20.0
72 3548 20.0
72 3549 19.9
72 3550 19.9
72 3551 19.9
72 3552 19.9
72 3553 19.7
72 3554 19.7
72 3555 19.3
72 3556 19.3
72 3557 19.3
72 3558 19.3
72 3559 19.3
72 3560 19.3
72 3561 19.3
72 3562 19.3
72 3563 19.3
72 3564 19.3
72 3565 19.3
72 3566 19.3
72 3567 19.3
72 3568 19.3
73 3569 19.3
73 3570 19.3
73 3571 19.3
73 3572 19.3
73 3573 19.3
73 3574 19.3
73 3575 19.3
73 3576 19.3
73 3577 19.0
73 3578 19.0
73 3579 19.0
73 3580 19.0
73 3581 19.0
73 3582 19.0
73 3583 19.0
73 3584 19.0
73 3585 19.0
73 3586 19.0
73 3587 19.0
73 3588 19.0
73 3589 19.0
73 3590 19.0
73 3591 19.0
73 3592 19.0
73 3593 19.0
73 3594 19.0
73 3595 19.0
73 3596 19.0
73 3597 19.0
73 3598 19.0
73 3599 19.0
73 3600 19.0
73 3601 19.0
73 3602 19.0
73 3603 19.0
73 3604 19.0
73 3605 19.0
73 3606 19.0
73 3607 19.0
73 3608 19.0
73 3609 19.0
73 3610 19.0
73 3611 19.0
73 3612 19.0
73 3613 19.0
73 3614 19.0
73 3615 19.0
74 3616 19.0
74 3617 19.0
74 3618 19.0
74 3619 19.0
74 3620 19.0
74 3621 19.0
74 3622 19.0
74 3623 19.0
74 3624 19.0
74 3625 19.0
74 3626 19.0
74 3627 19.0
74 3628 19.0
74 3629 19.0
74 3630 19.0
74 3631 19.0
74 3632 19.0
74 3633 19.0
74 3634 19.0
74 3635 19.0
74 3636 19.0
74 3637 19.0
74 3638 19.0
74 3639 19.0
74 3640 19.0
74 3641 19.0
74 3642 19.0
74 3643 19.0
74 3644 19.0
74 3645 19.0
74 3646 19.0
74 3647 19.0
74 3648 19.0
74 3649 19.0
74 3650 19.0
74 3651 19.0
74 3652 19.0
74 3653 19.0
74 3654 19.0
74 3655 19.0
74 3656 19.0
74 3657 19.0
74 3658 19.0
74 3659 19.0
74 3660 19.0
74 3661 19.0
74 3662 19.0
74 3663 19.0
74 3664 19.0
74 3665 19.0
74 3666 19.0
75 3667 19.0
75 3668 19.0
75 3669 19.0
75 3670 19.0
75 3671 19.0
75 3672 19.0
75 3673 19.0
75 3674 19.0
75 3675 19.0
75 3676 19.0
75 3677 19.0
75 3678 19.0
75 3679 19.0
75 3680 19.0
75 3681 19.0
75 3682 19.0
75 3683 19.0
75 3684 19.0
75 3685 19.0
75 3686 19.0
75 3687 19.0
75 3688 19.0
75 3689 19.0
75 3690 18.6
75 3691 18.6
75 3692 18.6
75 3693 18.6
75 3694 18.6
75 3695 18.5
75 3696 18.5
75 3697 18.5
75 3698 18.0
75 3699 18.0
75 3700 18.0
75 3701 18.0
75 3702 18.0
75 3703 18.0
75 3704 18.0
75 3705 18.0
75 3706 18.0
75 3707 18.0
75 3708 18.0
75 3709 18.0
75 3710 18.0
75 3711 18.0
75 3712 18.0
75 3713 18.0
75 3714 18.0
75 3715 18.0
75 3716 18.0
75 3717 18.0
75 3718 18.0
75 3719 18.0
75 3720 18.0
76 3721 17.8
76 3722 17.8
76 3723 17.8
76 3724 17.8
76 3725 17.8
76 3726 17.8
76 3727 17.8
76 3728 17.8
76 3729 17.5
76 3730 17.5
76 3731 17.5
76 3732 17.3
76 3733 17.3
76 3734 17.3
76 3735 17.3
76 3736 17.1
76 3737 17.1
76 3738 17.1
76 3739 17.1
76 3740 17.1
76 3741 17.1
76 3742 17.1
76 3743 17.1
76 3744 17.1
76 3745 17.1
76 3746 17.1
76 3747 17.0
76 3748 17.0
76 3749 17.0
76 3750 17.0
76 3751 17.0
76 3752 17.0
76 3753 17.0
76 3754 17.0
76 3755 17.0
76 3756 17.0
76 3757 17.0
76 3758 17.0
76 3759 17.0
76 3760 17.0
76 3761 17.0
76 3762 17.0
76 3763 17.0
76 3764 17.0
76 3765 17.0
76 3766 17.0
76 3767 17.0
76 3768 17.0
76 3769 17.0
76 3770 17.0
76 3771 17.0
77 3772 17.0
77 3773 17.0
77 3774 17.0
77 3775 17.0
77 3776 17.0
77 3777 17.0
77 3778 17.0
77 3779 17.0
77 3780 17.0
77 3781 17.0
77 3782 17.0
77 3783 17.0
77 3784 17.0
77 3785 17.0
77 3786 17.0
77 3787 17.0
77 3788 17.0
77 3789 17.0
77 3790 17.0
77 3791 17.0
77 3792 17.0
77 3793 17.0
77 3794 17.0
77 3795 17.0
77 3796 17.0
77 3797 17.0
77 3798 17.0
77 3799 17.0
77 3800 17.0
77 3801 17.0
77 3802 17.0
77 3803 17.0
77 3804 17.0
77 3805 17.0
77 3806 17.0
77 3807 17.0
77 3808 17.0
77 3809 17.0
77 3810 17.0
77 3811 17.0
77 3812 17.0
77 3813 17.0
77 3814 17.0
77 3815 17.0
77 3816 17.0
77 3817 17.0
77 3818 17.0
77 3819 17.0
77 3820 17.0
78 3821 17.0
78 3822 17.0
78 3823 17.0
78 3824 17.0
78 3825 17.0
78 3826 17.0
78 3827 17.0
78 3828 17.0
78 3829 17.0
78 3830 17.0
78 3831 17.0
78 3832 17.0
78 3833 17.0
78 3834 17.0
78 3835 17.0
78 3836 17.0
78 3837 17.0
78 3838 17.0
78 3839 17.0
78 3840 17.0
78 3841 17.0
78 3842 17.0
78 3843 17.0
78 3844 17.0
78 3845 17.0
78 3846 17.0
78 3847 17.0
78 3848 17.0
78 3849 17.0
78 3850 17.0
78 3851 17.0
78 3852 17.0
78 3853 17.0
78 3854 17.0
78 3855 17.0
78 3856 17.0
78 3857 17.0
78 3858 17.0
78 3859 17.0
78 3860 17.0
78 3861 17.0
78 3862 17.0
78 3863 17.0
78 3864 17.0
78 3865 17.0
78 3866 17.0
78 3867 17.0
79 3868 17.0
79 3869 17.0
79 3870 17.0
79 3871 17.0
79 3872 17.0
79 3873 17.0
79 3874 17.0
79 3875 17.0
79 3876 17.0
79 3877 17.0
79 3878 17.0
79 3879 17.0
79 3880 17.0
79 3881 17.0
79 3882 17.0
79 3883 17.0
79 3884 17.0
79 3885 17.0
79 3886 17.0
79 3887 17.0
79 3888 17.0
79 3889 17.0
79 3890 17.0
79 3891 17.0
79 3892 17.0
79 3893 17.0
79 3894 17.0
79 3895 17.0
79 3896 17.0
79 3897 17.0
79 3898 17.0
79 3899 17.0
79 3900 17.0
79 3901 17.0
79 3902 17.0
79 3903 17.0
79 3904 17.0
79 3905 17.0
79 3906 17.0
79 3907 17.0
79 3908 17.0
79 3909 17.0
79 3910 17.0
80 3911 17.0
80 3912 17.0
80 3913 17.0
80 3914 17.0
80 3915 17.0
80 3916 17.0
80 3917 17.0
80 3918 17.0
80 3919 17.0
80 3920 17.0
80 3921 17.0
80 3922 17.0
80 3923 17.0
80 3924 17.0
80 3925 17.0
80 3926 17.0
80 3927 17.0
80 3928 17.0
80 3929 17.0
80 3930 17.0
80 3931 17.0
80 3932 17.0
80 3933 17.0
80 3934 17.0
80 3935 17.0
80 3936 17.0
80 3937 17.0
80 3938 17.0
80 3939 17.0
80 3940 17.0
80 3941 17.0
80 3942 17.0
80 3943 17.0
80 3944 17.0
80 3945 17.0
80 3946 17.0
80 3947 17.0
80 3948 17.0
80 3949 17.0
80 3950 17.0
80 3951 17.0
80 3952 17.0
80 3953 17.0
80 3954 17.0
80 3955 17.0
80 3956 17.0
80 3957 17.0
81 3958 17.0
81 3959 17.0
81 3960 17.0
81 3961 17.0
81 3962 17.0
81 3963 17.0
81 3964 17.0
81 3965 17.0
81 3966 17.0
81 3967 17.0
81 3968 17.0
81 3969 17.0
81 3970 17.0
81 3971 17.0
81 3972 17.0
81 3973 17.0
81 3974 17.0
81 3975 17.0
81 3976 17.0
81 3977 17.0
81 3978 17.0
81 3979 17.0
81 3980 17.0
81 3981 17.0
81 3982 17.0
81 3983 17.0
81 3984 17.0
81 3985 17.0
81 3986 17.0
81 3987 17.0
81 3988 17.0
81 3989 17.0
81 3990 17.0
81 3991 17.0
81 3992 17.0
81 3993 17.0
81 3994 17.0
81 3995 17.0
81 3996 17.0
81 3997 17.0
81 3998 17.0
81 3999 17.0
81 4000 17.0
81 4001 17.0
81 4002 17.0
81 4003 17.0
81 4004 17.0
81 4005 17.0
81 4006 17.0
82 4007 17.0
82 4008 17.0
82 4009 17.0
82 4010 17.0
82 4011 17.0
82 4012 17.0
82 4013 17.0
82 4014 17.0
82 4015 17.0
82 4016 17.0
82 4017 17.0
82 4018 17.0
82 4019 17.0
82 4020 17.0
82 4021 17.0
82 4022 17.0
82 4023 17.0
82 4024 17.0
82 4025 17.0
82 4026 17.0
82 4027 17.0
82 4028 17.0
82 4029 17.0
82 4030 17.0
82 4031 17.0
82 4032 17.0
82 4033 17.0
82 4034 17.0
82 4035 17.0
82 4036 17.0
82 4037 17.0
82 4038 17.0
82 4039 17.0
82 4040 17.0
82 4041 17.0
82 4042 17.0
82 4043 17.0
82 4044 17.0
82 4045 17.0
82 4046 17.0
82 4047 17.0
82 4048 17.0
82 4049 17.0
82 4050 17.0
82 4051 17.0
82 4052 17.0
82 4053 17.0
82 4054 17.0
82 4055 17.0
82 4056 17.0
82 4057 17.0
82 4058 17.0
82 4059 17.0
82 4060 17.0
83 4061 17.0
83 4062 17.0
83 4063 17.0
83 4064 17.0
83 4065 17.0
83 4066 17.0
83 4067 17.0
83 4068 17.0
83 4069 17.0
83 4070 17.0
83 4071 17.0
83 4072 17.0
83 4073 17.0
83 4074 17.0
83 4075 17.0
83 4076 17.0
83 4077 17.0
83 4078 17.0
83 4079 17.0
83 4080 17.0
83 4081 17.0
83 4082 17.0
83 4083 17.0
83 4084 17.0
83 4085 17.0
83 4086 17.0
83 4087 17.0
83 4088 17.0
83 4089 17.0
83 4090 17.0
83 4091 17.0
83 4092 17.0
83 4093 17.0
83 4094 17.0
83 4095 17.0
83 4096 17.0
83 4097 17.0
83 4098 17.0
83 4099 17.0
83 4100 17.0
83 4101 17.0
83 4102 17.0
83 4103 17.0
84 4104 17.0
84 4105 17.0
84 4106 17.0
84 4107 17.0
84 4108 17.0
84 4109 17.0
84 4110 17.0
84 4111 17.0
84 4112 17.0
84 4113 17.0
84 4114 17.0
84 4115 17.0
84 4116 17.0
84 4117 17.0
84 4118 17.0
84 4119 17.0
84 4120 17.0
84 4121 17.0
84 4122 17.0
84 4123 17.0
84 4124 17.0
84 4125 17.0
84 4126 17.0
84 4127 17.0
84 4128 17.0
84 4129 17.0
84 4130 17.0
84 4131 17.0
84 4132 17.0
84 4133 17.0
84 4134 17.0
84 4135 17.0
84 4136 17.0
84 4137 17.0
84 4138 17.0
84 4139 17.0
84 4140 17.0
84 4141 17.0
84 4142 17.0
84 4143 17.0
84 4144 17.0
84 4145 17.0
84 4146 17.0
84 4147 17.0
85 4148 17.0
85 4149 17.0
85 4150 17.0
85 4151 17.0
85 4152 17.0
85 4153 17.0
85 4154 17.0
85 4155 17.0
85 4156 17.0
85 4157 17.0
85 4158 17.0
85 4159 17.0
85 4160 17.0
85 4161 17.0
85 4162 17.0
85 4163 17.0
85 4164 17.0
85 4165 17.0
85 4166 17.0
85 4167 17.0
85 4168 17.0
85 4169 17.0
85 4170 17.0
85 4171 17.0
85 4172 17.0
85 4173 17.0
85 4174 17.0
85 4175 17.0
85 4176 17.0
85 4177 17.0
85 4178 17.0
85 4179 17.0
85 4180 17.0
85 4181 17.0
85 4182 17.0
85 4183 17.0
85 4184 17.0
85 4185 17.0
85 4186 17.0
85 4187 17.0
85 4188 17.0
85 4189 17.0
85 4190 17.0
85 4191 17.0
85 4192 17.0
85 4193 17.0
86 4194 17.0
86 4195 17.0
86 4196 17.0
86 4197 17.0
86 4198 17.0
86 4199 17.0
86 4200 17.0
86 4201 17.0
86 4202 17.0
86 4203 17.0
86 4204 17.0
86 4205 17.0
86 4206 17.0
86 4207 17.0
86 4208 17.0
86 4209 17.0
86 4210 17.0
86 4211 17.0
86 4212 17.0
86 4213 17.0
86 4214 17.0
86 4215 17.0
86 4216 17.0
86 4217 17.0
86 4218 17.0
86 4219 17.0
86 4220 17.0
86 4221 17.0
86 4222 17.0
86 4223 17.0
86 4224 17.0
86 4225 17.0
86 4226 17.0
86 4227 17.0
86 4228 17.0
86 4229 17.0
86 4230 17.0
86 4231 17.0
86 4232 17.0
86 4233 17.0
86 4234 17.0
86 4235 17.0
86 4236 17.0
86 4237 17.0
86 4238 17.0
86 4239 17.0
86 4240 17.0
86 4241 17.0
87 4242 17.0
87 4243 17.0
87 4244 17.0
87 4245 17.0
87 4246 17.0
87 4247 17.0
87 4248 17.0
87 4249 17.0
87 4250 17.0
87 4251 17.0
87 4252 17.0
87 4253 17.0
87 4254 17.0
87 4255 17.0
87 4256 17.0
87 4257 17.0
87 4258 17.0
87 4259 17.0
87 4260 17.0
87 4261 17.0
87 4262 17.0
87 4263 17.0
87 4264 17.0
87 4265 17.0
87 4266 17.0
87 4267 17.0
87 4268 17.0
87 4269 17.0
87 4270 17.0
87 4271 17.0
87 4272 17.0
87 4273 17.0
87 4274 17.0
87 4275 17.0
87 4276 17.0
87 4277 17.0
87 4278 17.0
87 4279 17.0
87 4280 17.0
87 4281 17.0
87 4282 17.0
87 4283 17.0
87 4284 17.0
87 4285 17.0
87 4286 17.0
87 4287 17.0
87 4288 17.0
87 4289 17.0
88 4290 17.0
88 4291 17.0
88 4292 17.0
88 4293 17.0
88 4294 17.0
88 4295 17.0
88 4296 17.0
88 4297 17.0
88 4298 17.0
88 4299 17.0
88 4300 17.0
88 4301 17.0
88 4302 17.0
88 4303 17.0
88 4304 17.0
88 4305 17.0
88 4306 17.0
88 4307 17.0
88 4308 17.0
88 4309 17.0
88 4310 17.0
88 4311 17.0
88 4312 17.0
88 4313 17.0
88 4314 17.0
88 4315 17.0
88 4316 17.0
88 4317 17.0
88 4318 17.0
88 4319 17.0
88 4320 17.0
88 4321 17.0
88 4322 17.0
88 4323 17.0
88 4324 17.0
88 4325 17.0
88 4326 17.0
88 4327 17.0
88 4328 17.0
88 4329 17.0
88 4330 17.0
88 4331 17.0
88 4332 17.0
88 4333 17.0
88 4334 17.0
88 4335 17.0
88 4336 17.0
88 4337 17.0
88 4338 17.0
88 4339 17.0
88 4340 17.0
89 4341 17.0
89 4342 17.0
89 4343 17.0
89 4344 17.0
89 4345 17.0
89 4346 17.0
89 4347 17.0
89 4348 17.0
89 4349 17.0
89 4350 17.0
89 4351 17.0
89 4352 17.0
89 4353 17.0
89 4354 17.0
89 4355 17.0
89 4356 17.0
89 4357 17.0
89 4358 17.0
89 4359 17.0
89 4360 17.0
89 4361 17.0
89 4362 17.0
89 4363 17.0
89 4364 17.0
89 4365 17.0
89 4366 17.0
89 4367 17.0
89 4368 17.0
89 4369 17.0
89 4370 17.0
89 4371 17.0
89 4372 17.0
89 4373 17.0
89 4374 17.0
89 4375 16.9
89 4376 16.9
89 4377 16.9
89 4378 16.9
89 4379 16.9
89 4380 16.9
89 4381 16.9
89 4382 16.9
89 4383 16.9
89 4384 16.9
89 4385 16.8
89 4386 16.8
89 4387 16.8
89 4388 16.8
89 4389 16.8
89 4390 16.8
89 4391 16.8
90 4392 16.8
90 4393 16.8
90 4394 16.8
90 4395 16.8
90 4396 16.8
90 4397 16.8
90 4398 16.8
90 4399 16.8
90 4400 16.8
90 4401 16.8
90 4402 16.8
90 4403 16.8
90 4404 16.8
90 4405 16.8
90 4406 16.8
90 4407 16.8
90 4408 16.8
90 4409 16.6
90 4410 16.6
90 4411 16.6
90 4412 16.6
90 4413 16.6
90 4414 16.6
90 4415 16.6
90 4416 16.6
90 4417 16.5
90 4418 16.5
90 4419 16.5
90 4420 16.4
90 4421 16.4
90 4422 16.4
90 4423 16.4
90 4424 16.4
90 4425 16.4
90 4426 16.4
90 4427 16.4
90 4428 16.4
90 4429 16.4
90 4430 16.4
90 4431 16.4
90 4432 16.4
90 4433 16.4
90 4434 16.4
90 4435 16.4
90 4436 16.4
90 4437 16.4
90 4438 16.4
90 4439 16.4
90 4440 16.4
90 4441 16.4
91 4442 16.4
91 4443 16.4
91 4444 16.4
91 4445 16.4
91 4446 16.4
91 4447 16.4
91 4448 16.4
91 4449 16.4
91 4450 16.4
91 4451 16.4
91 4452 16.4
91 4453 16.4
91 4454 16.4
91 4455 16.4
91 4456 16.4
91 4457 16.4
91 4458 16.4
91 4459 16.4
91 4460 16.4
91 4461 16.4
91 4462 16.4
91 4463 16.4
91 4464 16.4
91 4465 16.4
91 4466 16.4
91 4467 16.4
91 4468 16.4
91 4469 16.4
91 4470 16.4
91 4471 16.4
91 4472 16.4
91 4473 16.4
91 4474 16.4
91 4475 16.4
91 4476 16.4
91 4477 16.4
91 4478 16.4
91 4479 16.4
91 4480 16.4
91 4481 16.4
91 4482 16.4
91 4483 16.4
91 4484 16.4
91 4485 16.4
91 4486 16.4
91 4487 16.4
91 4488 16.4
91 4489 16.4
91 4490 16.4
92 4491 16.4
92 4492 16.4
92 4493 16.4
92 4494 16.4
92 4495 16.4
92 4496 16.4
92 4497 16.4
92 4498 16.4
92 4499 16.4
92 4500 16.4
92 4501 16.4
92 4502 16.4
92 4503 16.4
92 4504 16.4
92 4505 16.4
92 4506 16.4
92 4507 16.4
92 4508 16.4
92 4509 16.4
92 4510 16.4
92 4511 16.4
92 4512 16.4
92 4513 16.4
92 4514 16.4
92 4515 16.4
92 4516 16.4
92 4517 16.4
92 4518 16.4
92 4519 16.4
92 4520 16.4
92 4521 16.4
92 4522 16.4
92 4523 16.4
92 4524 16.4
92 4525 16.4
92 4526 16.4
92 4527 16.4
92 4528 16.4
92 4529 16.4
92 4530 16.4
92 4531 16.4
92 4532 16.4
92 4533 16.4
92 4534 16.4
92 4535 16.4
92 4536 16.4
92 4537 16.4
92 4538 16.4
92 4539 16.4
92 4540 16.4
92 4541 16.4
93 4542 16.4
93 4543 16.4
93 4544 16.4
93 4545 16.4
93 4546 16.4
93 4547 16.4
93 4548 16.4
93 4549 16.4
93 4550 16.4
93 4551 16.4
93 4552 16.4
93 4553 16.4
93 4554 16.4
93 4555 16.4
93 4556 16.4
93 4557 16.4
93 4558 16.4
93 4559 16.4
93 4560 16.4
93 4561 16.4
93 4562 16.4
93 4563 16.4
93 4564 16.4
93 4565 16.4
93 4566 16.4
93 4567 16.4
93 4568 16.4
93 4569 16.4
93 4570 16.4
93 4571 16.4
93 4572 16.4
93 4573 16.4
93 4574 16.4
93 4575 16.4
93 4576 16.4
93 4577 16.4
93 4578 16.4
93 4579 16.4
93 4580 16.4
93 4581 16.4
93 4582 16.4
93 4583 16.4
93 4584 16.4
93 4585 16.4
93 4586 16.4
93 4587 16.4
93 4588 16.4
93 4589 16.4
93 4590 16.4
93 4591 16.4
93 4592 16.4
94 4593 16.4
94 4594 16.4
94 4595 16.4
94 4596 16.4
94 4597 16.4
94 4598 16.4
94 4599 16.4
94 4600 16.4
94 4601 16.4
94 4602 16.4
94 4603 16.4
94 4604 16.4
94 4605 16.4
94 4606 16.4
94 4607 16.4
94 4608 16.4
94 4609 16.4
94 4610 16.4
94 4611 16.4
94 4612 16.4
94 4613 16.4
94 4614 16.4
94 4615 16.4
94 4616 16.4
94 4617 16.4
94 4618 16.4
94 4619 16.4
94 4620 16.4
94 4621 16.4
94 4622 16.4
94 4623 16.4
94 4624 16.4
94 4625 16.4
94 4626 16.4
94 4627 16.4
94 4628 16.4
94 4629 16.4
94 4630 16.4
94 4631 16.4
94 4632 16.4
94 4633 16.4
94 4634 16.4
94 4635 16.4
94 4636 16.4
94 4637 16.4
94 4638 16.4
94 4639 16.4
94 4640 16.4
94 4641 16.4
94 4642 16.4
95 4643 16.4
95 4644 16.4
95 4645 16.4
95 4646 16.4
95 4647 16.4
95 4648 16.4
95 4649 16.4
95 4650 16.4
95 4651 16.4
95 4652 16.4
95 4653 16.4
95 4654 16.4
95 4655 16.4
95 4656 16.4
95 4657 16.4
95 4658 16.4
95 4659 16.4
95 4660 16.4
95 4661 16.4
95 4662 16.4
95 4663 16.4
95 4664 16.4
95 4665 16.4
95 4666 16.4
95 4667 16.4
95 4668 16.4
95 4669 16.4
95 4670 16.4
95 4671 16.4
95 4672 16.4
95 4673 16.4
95 4674 16.4
95 4675 16.4
95 4676 16.4
95 4677 16.4
95 4678 16.4
95 4679 16.4
95 4680 16.4
95 4681 16.4
95 4682 16.4
95 4683 16.4
95 4684 16.4
95 4685 16.4
95 4686 16.4
95 4687 16.4
95 4688 16.4
95 4689 16.4
95 4690 16.4
95 4691 16.4
95 4692 16.4
96 4693 16.4
96 4694 16.4
96 4695 16.4
96 4696 16.4
96 4697 16.4
96 4698 16.4
96 4699 16.4
96 4700 16.4
96 4701 16.4
96 4702 16.4
96 4703 16.4
96 4704 16.4
96 4705 16.4
96 4706 16.4
96 4707 16.4
96 4708 16.4
96 4709 16.4
96 4710 16.4
96 4711 16.4
96 4712 16.4
96 4713 16.4
96 4714 16.4
96 4715 16.4
96 4716 16.4
96 4717 16.4
96 4718 16.4
96 4719 16.4
96 4720 16.4
96 4721 16.4
96 4722 16.4
96 4723 16.4
96 4724 16.3
96 4725 16.3
96 4726 16.3
96 4727 16.3
96 4728 16.3
96 4729 16.3
96 4730 16.3
96 4731 16.3
96 4732 16.3
96 4733 16.3
96 4734 16.2
96 4735 16.2
96 4736 16.2
96 4737 16.2
96 4738 16.2
96 4739 16.2
96 4740 16.2
96 4741 16.2
96 4742 16.2
97 4743 16.2
97 4744 16.2
97 4745 16.2
97 4746 16.2
97 4747 16.2
97 4748 16.2
97 4749 16.2
97 4750 16.2
97 4751 16.2
97 4752 16.2
97 4753 16.1
97 4754 16.1
97 4755 16.1
97 4756 16.1
97 4757 16.1
97 4758 16.1
97 4759 16.1
97 4760 16.1
97 4761 16.1
97 4762 16.1
97 4763 16.1
97 4764 16.1
97 4765 16.1
97 4766 16.1
97 4767 16.1
97 4768 16.1
97 4769 16.1
97 4770 16.1
97 4771 16.1
97 4772 16.1
97 4773 16.1
97 4774 16.1
97 4775 16.1
97 4776 16.1
97 4777 16.1
97 4778 16.1
97 4779 16.1
97 4780 16.1
97 4781 16.1
97 4782 16.1
97 4783 16.1
97 4784 16.1
97 4785 16.1
97 4786 16.1
97 4787 16.1
97 4788 16.1
97 4789 16.1
97 4790 16.1
97 4791 16.1
97 4792 16.1
97 4793 16.1
98 4794 16.1
98 4795 16.1
98 4796 16.1
98 4797 16.1
98 4798 16.1
98 4799 16.1
98 4800 16.1
98 4801 16.1
98 4802 16.1
98 4803 16.1
98 4804 16.1
98 4805 16.1
98 4806 16.1
98 4807 16.1
98 4808 16.1
98 4809 16.1
98 4810 16.1
98 4811 16.1
98 4812 16.1
98 4813 16.1
98 4814 16.1
98 4815 16.1
98 4816 16.1
98 4817 16.1
98 4818 16.1
98 4819 16.1
98 4820 16.1
98 4821 16.1
98 4822 16.1
98 4823 16.1
98 4824 16.1
98 4825 16.1
98 4826 16.1
98 4827 16.1
98 4828 16.1
98 4829 16.1
98 4830 16.1
98 4831 16.1
98 4832 16.1
98 4833 16.1
98 4834 16.1
98 4835 16.1
98 4836 16.1
98 4837 16.1
98 4838 16.1
98 4839 16.1
98 4840 16.1
98 4841 16.1
98 4842 16.1
99 4843 16.1
99 4844 16.1
99 4845 16.1
99 4846 16.1
99 4847 16.1
99 4848 16.1
99 4849 16.1
99 4850 16.1
99 4851 16.1
99 4852 16.1
99 4853 16.1
99 4854 16.1
99 4855 16.1
99 4856 16.1
99 4857 16.1
99 4858 16.1
99 4859 16.1
99 4860 16.1
99 4861 16.1
99 4862 16.1
99 4863 16.1
99 4864 16.1
99 4865 16.1
99 4866 16.1
99 4867 16.1
99 4868 16.1
99 4869 16.1
99 4870 16.1
99 4871 16.1
99 4872 16.1
99 4873 16.1
99 4874 16.1
99 4875 16.1
99 4876 16.1
99 4877 16.1
99 4878 16.1
99 4879 16.1
99 4880 16.1
99 4881 16.1
99 4882 16.1
99 4883 16.1
99 4884 16.1
99 4885 16.1
99 4886 16.1
99 4887 16.1
99 4888 16.1
99 4889 16.1
99 4890 16.1
99 4891 16.1
100 4892 16.1
100 4893 16.1
100 4894 16.1
100 4895 16.0
100 4896 16.0
100 4897 16.0
100 4898 16.0
100 4899 16.0
100 4900 16.0
100 4901 16.0
100 4902 16.0
100 4903 16.0
100 4904 16.0
100 4905 16.0
100 4906 16.0
100 4907 16.0
100 4908 16.0
100 4909 16.0
100 4910 16.0
100 4911 16.0
100 4912 16.0
100 4913 16.0
100 4914 16.0
100 4915 16.0
100 4916 16.0
100 4917 16.0
100 4918 16.0
100 4919 16.0
100 4920 16.0
100 4921 16.0
100 4922 16.0
100 4923 16.0
100 4924 16.0
100 4925 16.0
100 4926 16.0
100 4927 16.0
100 4928 16.0
100 4929 16.0
100 4930 16.0
100 4931 16.0
100 4932 16.0
100 4933 16.0
100 4934 16.0
100 4935 16.0
100 4936 16.0
100 4937 16.0
100 4938 16.0
100 4939 16.0
100 4940 16.0
100 4941 16.0
100 4942 16.0
101 4943 16.0
101 4944 16.0
101 4945 16.0
101 4946 16.0
101 4947 16.0
101 4948 16.0
101 4949 16.0
101 4950 16.0
101 4951 16.0
101 4952 16.0
101 4953 16.0
101 4954 16.0
101 4955 16.0
101 4956 16.0
101 4957 16.0
101 4958 16.0
101 4959 16.0
101 4960 16.0
101 4961 16.0
101 4962 16.0
101 4963 16.0
101 4964 16.0
101 4965 16.0
101 4966 16.0
101 4967 16.0
101 4968 16.0
101 4969 16.0
101 4970 16.0
101 4971 16.0
101 4972 16.0
101 4973 16.0
101 4974 16.0
101 4975 16.0
101 4976 16.0
101 4977 16.0
101 4978 16.0
101 4979 16.0
101 4980 16.0
101 4981 16.0
101 4982 16.0
101 4983 16.0
101 4984 16.0
101 4985 16.0
101 4986 16.0
101 4987 16.0
101 4988 16.0
101 4989 16.0
101 4990 16.0
101 4991 16.0
102 4992 16.0
102 4993 16.0
102 4994 16.0
102 4995 16.0
102 4996 16.0
102 4997 16.0
102 4998 16.0
102 4999 16.0
102 5000 16.0
102 5001 16.0
102 5002 16.0
102 5003 16.0
102 5004 16.0
102 5005 16.0
102 5006 16.0
102 5007 16.0
102 5008 16.0
102 5009 16.0
102 5010 16.0
102 5011 16.0
102 5012 16.0
102 5013 16.0
102 5014 16.0
102 5015 16.0
102 5016 16.0
102 5017 16.0
102 5018 16.0
102 5019 16.0
102 5020 16.0
102 5021 16.0
102 5022 16.0
102 5023 16.0
102 5024 16.0
102 5025 16.0
102 5026 16.0
102 5027 16.0
102 5028 16.0
102 5029 16.0
102 5030 16.0
102 5031 16.0
102 5032 16.0
102 5033 16.0
102 5034 16.0
102 5035 16.0
102 5036 16.0
102 5037 16.0
102 5038 16.0
102 5039 16.0
102 5040 16.0
102 5041 16.0
103 5042 16.0
103 5043 16.0
103 5044 16.0
103 5045 16.0
103 5046 16.0
103 5047 16.0
103 5048 16.0
103 5049 16.0
103 5050 16.0
103 5051 16.0
103 5052 16.0
103 5053 16.0
103 5054 16.0
103 5055 16.0
103 5056 16.0
103 5057 16.0
103 5058 16.0
103 5059 16.0
103 5060 16.0
103 5061 16.0
103 5062 16.0
103 5063 16.0
103 5064 16.0
103 5065 16.0
103 5066 16.0
103 5067 16.0
103 5068 16.0
103 5069 16.0
103 5070 16.0
103 5071 16.0
103 5072 16.0
103 5073 16.0
103 5074 16.0
103 5075 16.0
103 5076 16.0
103 5077 16.0
103 5078 16.0
103 5079 16.0
103 5080 16.0
103 5081 16.0
103 5082 16.0
103 5083 16.0
103 5084 16.0
103 5085 16.0
103 5086 16.0
103 5087 16.0
103 5088 16.0
103 5089 16.0
103 5090 16.0
104 5091 16.0
104 5092 16.0
104 5093 16.0
104 5094 16.0
104 5095 16.0
104 5096 16.0
104 5097 16.0
104 5098 16.0
104 5099 16.0
104 5100 16.0
104 5101 16.0
104 5102 16.0
104 5103 16.0
104 5104 16.0
104 5105 16.0
104 5106 16.0
104 5107 16.0
104 5108 16.0
104 5109 16.0
104 5110 16.0
104 5111 16.0
104 5112 16.0
104 5113 16.0
104 5114 16.0
104 5115 16.0
104 5116 16.0
104 5117 16.0
104 5118 16.0
104 5119 16.0
104 5120 16.0
104 5121 16.0
104 5122 16.0
104 5123 16.0
104 5124 16.0
104 5125 16.0
104 5126 16.0
104 5127 16.0
104 5128 16.0
104 5129 16.0
104 5130 16.0
104 5131 16.0
104 5132 16.0
104 5133 16.0
104 5134 16.0
104 5135 16.0
104 5136 16.0
104 5137 16.0
104 5138 16.0
104 5139 16.0
104 5140 16.0
105 5141 16.0
105 5142 16.0
105 5143 16.0
105 5144 16.0
105 5145 16.0
105 5146 16.0
105 5147 16.0
105 5148 16.0
105 5149 16.0
105 5150 16.0
105 5151 16.0
105 5152 16.0
105 5153 16.0
105 5154 16.0
105 5155 16.0
105 5156 16.0
105 5157 16.0
105 5158 16.0
105 5159 16.0
105 5160 16.0
105 5161 16.0
105 5162 16.0
105 5163 16.0
105 5164 16.0
105 5165 16.0
105 5166 16.0
105 5167 16.0
105 5168 16.0
105 5169 16.0
105 5170 16.0
105 5171 16.0
105 5172 16.0
105 5173 16.0
105 5174 16.0
105 5175 16.0
105 5176 16.0
105 5177 16.0
105 5178 16.0
105 5179 16.0
105 5180 16.0
105 5181 16.0
105 5182 16.0
105 5183 16.0
105 5184 16.0
105 5185 16.0
105 5186 16.0
105 5187 16.0
105 5188 16.0
105 5189 16.0
105 5190 16.0
105 5191 16.0
106 5192 16.0
106 5193 16.0
106 5194 16.0
106 5195 16.0
106 5196 16.0
106 5197 16.0
106 5198 16.0
106 5199 16.0
106 5200 16.0
106 5201 16.0
106 5202 16.0
106 5203 16.0
106 5204 15.7
106 5205 15.7
106 5206 15.7
106 5207 15.7
106 5208 15.7
106 5209 15.7
106 5210 15.7
106 5211 15.7
106 5212 15.7
106 5213 15.7
106 5214 15.7
106 5215 15.7
106 5216 15.7
106 5217 15.7
106 5218 15.7
106 5219 15.7
106 5220 15.7
106 5221 15.7
106 5222 15.7
106 5223 15.7
106 5224 15.7
106 5225 15.7
106 5226 15.0
106 5227 15.0
106 5228 15.0
106 5229 15.0
106 5230 15.0
106 5231 15.0
106 5232 14.9
106 5233 14.9
106 5234 14.9
106 5235 14.9
106 5236 14.9
106 5237 14.9
106 5238 14.9
106 5239 14.9
106 5240 14.9
107 5241 14.9
107 5242 14.9
107 5243 14.9
107 5244 14.9
107 5245 14.9
107 5246 14.9
107 5247 14.9
107 5248 14.9
107 5249 14.9
107 5250 14.9
107 5251 14.9
107 5252 14.9
107 5253 14.9
107 5254 14.9
107 5255 14.9
107 5256 14.9
107 5257 14.9
107 5258 14.9
107 5259 14.9
107 5260 14.9
107 5261 14.9
107 5262 14.9
107 5263 14.9
107 5264 14.9
107 5265 14.9
107 5266 14.9
107 5267 14.9
107 5268 14.9
107 5269 14.9
107 5270 14.9
107 5271 14.9
107 5272 14.9
107 5273 14.9
107 5274 14.9
107 5275 14.9
107 5276 14.9
107 5277 14.9
107 5278 14.9
107 5279 14.9
107 5280 14.9
107 5281 14.9
107 5282 14.9
107 5283 14.9
107 5284 14.9
107 5285 14.9
107 5286 14.9
107 5287 14.9
107 5288 14.9
107 5289 14.9
107 5290 14.9
108 5291 14.9
108 5292 14.9
108 5293 14.8
108 5294 14.8
108 5295 14.8
108 5296 14.8
108 5297 14.8
108 5298 14.8
108 5299 14.8
108 5300 14.8
108 5301 14.8
108 5302 14.8
108 5303 14.8
108 5304 14.8
108 5305 14.8
108 5306 14.8
108 5307 14.8
108 5308 14.8
108 5309 14.8
108 5310 14.8
108 5311 14.8
108 5312 14.8
108 5313 14.8
108 5314 14.8
108 5315 14.8
108 5316 14.5
108 5317 14.5
108 5318 14.5
108 5319 14.5
108 5320 14.5
108 5321 14.5
108 5322 14.5
108 5323 14.5
108 5324 14.5
108 5325 14.5
108 5326 14.5
108 5327 14.5
108 5328 14.5
108 5329 14.5
108 5330 14.5
108 5331 14.5
108 5332 14.5
108 5333 14.5
108 5334 14.5
108 5335 14.5
108 5336 14.5
108 5337 14.5
108 5338 14.5
108 5339 14.5
108 5340 14.5
108 5341 14.5
109 5342 14.5
109 5343 14.5
109 5344 14.5
109 5345 14.5
109 5346 14.5
109 5347 14.5
109 5348 14.5
109 5349 14.5
109 5350 14.5
109 5351 14.5
109 5352 14.5
109 5353 14.5
109 5354 14.5
109 5355 14.5
109 5356 14.5
109 5357 14.5
109 5358 14.5
109 5359 14.5
109 5360 14.5
109 5361 14.5
109 5362 14.5
109 5363 14.5
109 5364 14.5
109 5365 14.5
109 5366 14.5
109 5367 14.5
109 5368 14.5
109 5369 14.5
109 5370 14.5
109 5371 14.5
109 5372 14.5
109 5373 14.5
109 5374 14.5
109 5375 14.5
109 5376 14.5
109 5377 14.5
109 5378 14.5
109 5379 14.5
109 5380 14.5
109 5381 14.5
109 5382 14.5
109 5383 14.5
109 5384 14.5
109 5385 14.5
109 5386 14.5
109 5387 14.5
109 5388 14.5
109 5389 14.5
109 5390 14.5
109 5391 14.5
109 5392 14.5
110 5393 14.5
110 5394 14.5
110 5395 14.5
110 5396 14.5
110 5397 14.5
110 5398 14.5
110 5399 14.5
110 5400 14.5
110 5401 14.5
110 5402 14.5
110 5403 14.5
110 5404 14.5
110 5405 14.5
110 5406 14.5
110 5407 14.5
110 5408 14.5
110 5409 14.5
110 5410 14.5
110 5411 14.5
110 5412 14.5
110 5413 14.5
110 5414 14.5
110 5415 14.5
110 5416 14.5
110 5417 14.5
110 5418 14.5
110 5419 14.5
110 5420 14.5
110 5421 14.5
110 5422 14.5
110 5423 14.5
110 5424 14.5
110 5425 14.5
110 5426 14.5
110 5427 14.5
110 5428 14.5
110 5429 14.5
110 5430 14.5
110 5431 14.5
110 5432 14.5
110 5433 14.5
110 5434 14.5
110 5435 14.5
110 5436 14.5
110 5437 14.5
110 5438 14.5
110 5439 14.5
110 5440 14.5
110 5441 14.5
110 5442 14.5
110 5443 14.5
111 5444 14.5
111 5445 14.5
111 5446 14.5
111 5447 14.5
111 5448 14.5
111 5449 14.5
111 5450 14.5
111 5451 14.5
111 5452 14.5
111 5453 14.5
111 5454 14.5
111 5455 14.5
111 5456 14.5
111 5457 14.5
111 5458 14.5
111 5459 14.5
111 5460 14.5
111 5461 14.5
111 5462 14.5
111 5463 14.5
111 5464 14.5
111 5465 14.5
111 5466 14.5
111 5467 14.5
111 5468 14.5
111 5469 14.5
111 5470 14.5
111 5471 14.5
111 5472 14.5
111 5473 14.5
111 5474 14.5
111 5475 14.5
111 5476 14.5
111 5477 14.5
111 5478 14.5
111 5479 14.5
111 5480 14.5
111 5481 14.5
111 5482 14.5
111 5483 14.5
111 5484 14.5
111 5485 14.5
111 5486 14.5
111 5487 14.5
111 5488 14.5
111 5489 14.5
111 5490 14.5
111 5491 14.5
111 5492 14.5
111 5493 14.5
111 5494 14.5
112 5495 14.5
112 5496 14.5
112 5497 14.5
112 5498 14.5
112 5499 14.5
112 5500 14.5
112 5501 14.5
112 5502 14.5
112 5503 14.5
112 5504 14.5
112 5505 14.5
112 5506 14.5
112 5507 14.5
112 5508 14.5
112 5509 14.5
112 5510 14.5
112 5511 14.5
112 5512 14.5
112 5513 14.5
112 5514 14.5
112 5515 14.5
112 5516 14.5
112 5517 14.5
112 5518 14.5
112 5519 14.5
112 5520 14.5
112 5521 14.5
112 5522 14.5
112 5523 14.5
112 5524 14.5
112 5525 14.5
112 5526 14.5
112 5527 14.5
112 5528 14.5
112 5529 14.5
112 5530 14.5
112 5531 14.5
112 5532 14.5
112 5533 14.5
112 5534 14.5
112 5535 14.5
112 5536 14.5
112 5537 14.5
112 5538 14.5
112 5539 14.5
112 5540 14.5
112 5541 14.5
112 5542 14.5
112 5543 14.5
112 5544 14.5
112 5545 14.5
112 5546 14.5
112 5547 14.5
112 5548 14.5
113 5549 14.5
113 5550 14.5
113 5551 14.5
113 5552 14.5
113 5553 14.5
113 5554 14.5
113 5555 14.5
113 5556 14.5
113 5557 14.5
113 5558 14.5
113 5559 14.5
113 5560 14.5
113 5561 14.5
113 5562 14.5
113 5563 14.5
113 5564 14.5
113 5565 14.5
113 5566 14.5
113 5567 14.5
113 5568 14.5
113 5569 14.5
113 5570 14.5
113 5571 14.5
113 5572 14.5
113 5573 14.5
113 5574 14.5
113 5575 14.5
113 5576 14.5
113 5577 14.5
113 5578 14.5
113 5579 14.5
113 5580 14.5
113 5581 14.5
113 5582 14.5
113 5583 14.5
113 5584 14.5
113 5585 14.5
113 5586 14.5
113 5587 14.5
113 5588 14.5
113 5589 14.5
113 5590 14.5
113 5591 14.5
113 5592 14.5
113 5593 14.5
113 5594 14.5
113 5595 14.5
113 5596 14.5
113 5597 14.5
113 5598 14.5
113 5599 14.5
114 5600 14.5
114 5601 14.5
114 5602 14.5
114 5603 14.5
114 5604 14.5
114 5605 14.5
114 5606 14.5
114 5607 14.5
114 5608 14.5
114 5609 14.5
114 5610 14.5
114 5611 14.5
114 5612 14.5
114 5613 14.5
114 5614 14.5
114 5615 14.5
114 5616 14.5
114 5617 14.5
114 5618 14.5
114 5619 14.5
114 5620 14.5
114 5621 14.5
114 5622 14.5
114 5623 14.5
114 5624 14.5
114 5625 14.5
114 5626 14.5
114 5627 14.5
114 5628 14.5
114 5629 14.5
114 5630 14.5
114 5631 14.5
114 5632 14.5
114 5633 14.5
114 5634 14.5
114 5635 14.5
114 5636 14.5
114 5637 14.5
114 5638 14.5
114 5639 14.5
114 5640 14.5
114 5641 14.5
114 5642 14.5
114 5643 14.5
114 5644 14.5
114 5645 14.5
114 5646 14.5
114 5647 14.5
114 5648 14.5
114 5649 14.5
115 5650 14.5
115 5651 14.5
115 5652 14.5
115 5653 14.5
115 5654 14.5
115 5655 14.5
115 5656 14.5
115 5657 14.5
115 5658 14.5
115 5659 14.5
115 5660 14.5
115 5661 14.5
115 5662 14.5
115 5663 14.5
115 5664 14.5
115 5665 14.5
115 5666 14.5
115 5667 14.5
115 5668 14.5
115 5669 14.5
115 5670 14.5
115 5671 14.5
115 5672 14.5
115 5673 14.5
115 5674 14.5
115 5675 14.5
115 5676 14.5
115 5677 14.5
115 5678 14.5
115 5679 14.5
115 5680 14.5
115 5681 14.5
115 5682 14.5
115 5683 14.5
115 5684 14.5
115 5685 14.5
115 5686 14.5
115 5687 14.5
115 5688 14.5
115 5689 14.5
115 5690 14.5
115 5691 14.5
115 5692 14.5
115 5693 14.5
115 5694 14.5
115 5695 14.5
115 5696 14.5
115 5697 14.5
115 5698 14.5
115 5699 14.5
115 5700 14.5
116 5701 14.5
116 5702 14.5
116 5703 14.5
116 5704 14.5
116 5705 14.5
116 5706 14.5
116 5707 14.5
116 5708 14.5
116 5709 14.5
116 5710 14.5
116 5711 14.5
116 5712 14.5
116 5713 14.5
116 5714 14.5
116 5715 14.5
116 5716 14.5
116 5717 14.5
116 5718 14.5
116 5719 14.5
116 5720 14.4
116 5721 14.4
116 5722 14.4
116 5723 14.4
116 5724 14.4
116 5725 14.4
116 5726 14.4
116 5727 14.4
116 5728 14.4
116 5729 14.4
116 5730 14.4
116 5731 14.4
116 5732 14.4
116 5733 14.4
116 5734 14.4
116 5735 14.4
116 5736 14.4
116 5737 14.4
116 5738 14.4
116 5739 14.4
116 5740 14.4
116 5741 14.4
116 5742 14.4
116 5743 14.4
116 5744 14.4
116 5745 14.4
116 5746 14.4
116 5747 14.4
116 5748 14.4
116 5749 14.4
116 5750 14.4
116 5751 14.4
116 5752 14.4
117 5753 14.4
117 5754 14.4
117 5755 14.4
117 5756 14.4
117 5757 14.4
117 5758 14.4
117 5759 14.4
117 5760 14.4
117 5761 14.4
117 5762 14.4
117 5763 14.4
117 5764 14.4
117 5765 14.4
117 5766 14.4
117 5767 14.4
117 5768 14.4
117 5769 14.4
117 5770 14.4
117 5771 14.4
117 5772 14.4
117 5773 14.4
117 5774 14.4
117 5775 14.4
117 5776 14.4
117 5777 14.4
117 5778 14.4
117 5779 14.4
117 5780 14.4
117 5781 14.4
117 5782 14.4
117 5783 14.4
117 5784 14.4
117 5785 14.4
117 5786 14.4
117 5787 14.4
117 5788 14.4
117 5789 14.4
117 5790 14.4
117 5791 14.4
117 5792 14.4
117 5793 14.4
117 5794 14.4
117 5795 14.4
117 5796 14.4
117 5797 14.4
117 5798 14.4
117 5799 14.4
117 5800 14.4
117 5801 14.4
117 5802 14.4
117 5803 14.4
117 5804 14.4
118 5805 14.4
118 5806 14.4
118 5807 14.4
118 5808 14.4
118 5809 14.4
118 5810 14.4
118 5811 14.4
118 5812 14.4
118 5813 14.4
118 5814 14.4
118 5815 14.4
118 5816 14.4
118 5817 14.4
118 5818 14.4
118 5819 14.4
118 5820 14.4
118 5821 14.4
118 5822 14.4
118 5823 14.4
118 5824 14.4
118 5825 14.4
118 5826 14.4
118 5827 14.4
118 5828 14.4
118 5829 14.4
118 5830 14.4
118 5831 14.4
118 5832 14.4
118 5833 14.4
118 5834 14.4
118 5835 14.4
118 5836 14.4
118 5837 14.4
118 5838 14.4
118 5839 14.4
118 5840 14.4
118 5841 14.4
118 5842 14.4
118 5843 14.4
118 5844 14.4
118 5845 14.4
118 5846 14.4
118 5847 14.4
118 5848 14.4
118 5849 14.4
118 5850 14.4
118 5851 14.4
118 5852 14.4
118 5853 14.4
118 5854 14.4
118 5855 14.4
118 5856 14.4
119 5857 14.4
119 5858 14.4
119 5859 14.4
119 5860 14.4
119 5861 14.4
119 5862 14.4
119 5863 14.4
119 5864 14.4
119 5865 14.4
119 5866 14.4
119 5867 14.4
119 5868 14.4
119 5869 14.4
119 5870 14.4
119 5871 14.4
119 5872 14.4
119 5873 14.4
119 5874 14.4
119 5875 14.4
119 5876 14.4
119 5877 14.4
119 5878 14.4
119 5879 14.4
119 5880 14.4
119 5881 14.4
119 5882 14.4
119 5883 14.4
119 5884 14.4
119 5885 14.4
119 5886 14.4
119 5887 14.4
119 5888 14.4
119 5889 14.4
119 5890 14.2
119 5891 14.0
119 5892 14.0
119 5893 14.0
119 5894 14.0
119 5895 14.0
119 5896 14.0
119 5897 14.0
119 5898 14.0
119 5899 14.0
119 5900 14.0
119 5901 14.0
119 5902 14.0
119 5903 14.0
119 5904 14.0
119 5905 14.0
119 5906 14.0
119 5907 14.0
119 5908 14.0
119 5909 14.0
119 5910 14.0
120 5911 14.0
120 5912 14.0
120 5913 14.0
120 5914 14.0
120 5915 14.0
120 5916 14.0
120 5917 14.0
120 5918 14.0
120 5919 14.0
120 5920 14.0
120 5921 14.0
120 5922 14.0
120 5923 14.0
120 5924 14.0
120 5925 14.0
120 5926 14.0
120 5927 14.0
120 5928 14.0
120 5929 14.0
120 5930 14.0
120 5931 14.0
120 5932 14.0
120 5933 14.0
120 5934 14.0
120 5935 14.0
120 5936 14.0
120 5937 14.0
120 5938 14.0
120 5939 14.0
120 5940 14.0
120 5941 14.0
120 5942 14.0
120 5943 14.0
120 5944 14.0
120 5945 14.0
120 5946 14.0
120 5947 14.0
120 5948 14.0
120 5949 14.0
120 5950 14.0
120 5951 14.0
120 5952 14.0
120 5953 14.0
120 5954 14.0
120 5955 14.0
120 5956 14.0
120 5957 14.0
120 5958 14.0
120 5959 14.0
121 5960 14.0
