0 1 49.5
0 2 49.5
0 3 49.5
0 4 49.5
0 5 49.5
1 6 49.5
1 7 49.5
1 8 49.5
1 9 49.5
1 10 49.5
1 11 47.8
1 12 47.8
1 13 47.0
1 14 47.0
1 15 47.0
1 16 47.0
1 17 47.0
1 18 46.9
1 19 46.8
1 20 46.8
1 21 46.4
1 22 46.4
1 23 46.4
1 24 46.4
1 25 46.4
1 26 46.3
1 27 46.3
1 28 46.3
1 29 46.3
1 30 46.3
1 31 46.3
1 32 45.6
1 33 45.6
1 34 45.6
1 35 45.4
1 36 45.4
1 37 45.4
1 38 44.8
1 39 44.8
1 40 44.8
1 41 44.8
1 42 44.8
1 43 44.8
1 44 44.8
1 45 44.8
1 46 44.8
1 47 44.8
1 48 44.8
1 49 44.8
1 50 44.8
1 51 44.8
1 52 44.8
2 53 44.8
2 54 44.8
2 55 44.8
2 56 44.8
2 57 44.8
2 58 44.8
2 59 44.8
2 60 44.8
2 61 44.8
2 62 44.8
2 63 44.8
2 64 44.8
2 65 44.8
2 66 44.8
2 67 44.8
2 68 44.8
2 69 44.8
2 70 44.8
2 71 44.8
2 72 44.8
2 73 44.8
2 74 44.8
2 75 44.8
2 76 44.8
2 77 44.8
2 78 44.8
2 79 44.8
2 80 44.8
2 81 44.8
2 82 44.8
2 83 44.8
2 84 44.8
2 85 44.8
2 86 44.8
2 87 44.8
2 88 44.8
2 89 44.8
2 90 44.8
2 91 44.8
2 92 44.8
2 93 44.8
2 94 44.8
2 95 44.8
2 96 44.8
2 97 44.8
2 98 44.8
2 99 44.8
2 100 44.8
3 101 44.8
3 102 44.8
3 103 44.8
3 104 44.8
3 105 44.8
3 106 44.8
3 107 44.8
3 108 44.8
3 109 44.8
3 110 44.8
3 111 44.8
3 112 44.8
3 113 44.8
3 114 44.8
3 115 44.8
3 116 44.8
3 117 44.8
3 118 44.8
3 119 44.8
3 120 44.8
3 121 44.8
3 122 44.8
3 123 44.8
3 124 44.8
3 125 44.8
3 126 44.8
3 127 44.8
3 128 44.8
3 129 44.8
3 130 44.8
3 131 44.8
3 132 44.8
3 133 44.8
3 134 44.8
3 135 44.8
3 136 44.8
3 137 44.8
3 138 44.8
3 139 44.8
3 140 44.8
3 141 44.8
3 142 44.8
3 143 44.8
3 144 44.8
3 145 44.8
3 146 44.8
3 147 44.8
3 148 44.8
4 149 44.8
4 150 44.8
4 151 44.8
4 152 44.8
4 153 44.8
4 154 44.8
4 155 44.8
4 156 44.8
4 157 44.8
4 158 44.8
4 159 44.8
4 160 44.8
4 161 44.8
4 162 44.8
4 163 44.8
4 164 44.8
4 165 44.8
4 166 44.8
4 167 44.8
4 168 44.8
4 169 44.8
4 170 44.8
4 171 44.8
4 172 44.8
4 173 44.8
4 174 44.8
4 175 44.8
4 176 44.8
4 177 44.8
4 178 44.8
4 179 44.8
4 180 44.8
4 181 44.8
4 182 44.8
4 183 44.8
4 184 44.8
4 185 44.8
4 186 44.8
4 187 44.8
4 188 44.8
5 189 44.8
5 190 44.8
5 191 44.8
5 192 44.8
5 193 44.8
5 194 44.8
5 195 44.8
5 196 44.8
5 197 44.8
5 198 44.8
5 199 44.8
5 200 44.8
5 201 44.8
5 202 44.8
5 203 44.8
5 204 44.8
5 205 44.8
5 206 44.8
5 207 44.8
5 208 44.8
5 209 44.8
5 210 44.8
5 211 44.8
5 212 44.8
5 213 44.8
5 214 44.8
5 215 44.8
5 216 44.8
5 217 44.8
5 218 44.8
5 219 44.8
5 220 44.8
5 221 44.8
5 222 44.8
5 223 44.8
5 224 44.8
5 225 44.8
5 226 44.8
5 227 44.8
5 228 44.8
5 229 44.8
5 230 44.8
5 231 44.8
5 232 44.8
5 233 44.8
5 234 44.8
5 235 44.8
5 236 44.8
6 237 44.8
6 238 44.8
6 239 44.8
6 240 44.8
6 241 44.8
6 242 44.8
6 243 44.8
6 244 44.8
6 245 44.8
6 246 44.8
6 247 44.8
6 248 44.8
6 249 44.8
6 250 44.8
6 251 44.8
6 252 44.8
6 253 44.8
6 254 44.8
6 255 44.8
6 256 44.8
6 257 44.8
6 258 44.8
6 259 44.8
6 260 44.8
6 261 44.8
6 262 44.8
6 263 43.0
6 264 43.0
6 265 43.0
6 266 43.0
6 267 42.6
6 268 42.6
6 269 42.6
6 270 42.6
6 271 42.4
6 272 42.4
6 273 42.4
6 274 42.4
6 275 42.4
6 276 42.3
6 277 42.3
6 278 42.2
6 279 41.3
6 280 41.3
6 281 41.3
6 282 41.3
6 283 41.3
6 284 40.9
6 285 40.9
6 286 40.9
6 287 40.9
7 288 40.9
7 289 40.9
7 290 39.9
7 291 39.9
7 292 39.9
7 293 39.9
7 294 39.7
7 295 39.7
7 296 39.7
7 297 39.7
7 298 39.3
7 299 39.3
7 300 39.3
7 301 39.3
7 302 39.3
7 303 39.3
7 304 39.3
7 305 39.3
7 306 39.3
7 307 39.3
7 308 39.3
7 309 39.3
7 310 39.3
7 311 39.3
7 312 39.3
7 313 39.3
7 314 39.3
7 315 39.3
7 316 39.3
7 317 39.3
7 318 39.3
7 319 39.3
7 320 39.3
7 321 39.3
7 322 39.3
7 323 39.3
7 324 39.3
7 325 39.3
7 326 39.3
7 327 39.3
7 328 39.3
7 329 39.3
7 330 39.3
7 331 39.3
7 332 39.3
7 333 39.3
7 334 39.3
7 335 39.3
7 336 39.3
7 337 39.3
7 338 39.3
8 339 39.3
8 340 39.3
8 341 39.3
8 342 39.3
8 343 39.3
8 344 39.3
8 345 39.3
8 346 39.3
8 347 39.3
8 348 39.3
8 349 39.3
8 350 39.3
8 351 39.3
8 352 39.3
8 353 39.3
8 354 39.3
8 355 39.3
8 356 39.3
8 357 39.3
8 358 39.3
8 359 39.3
8 360 39.3
8 361 39.3
8 362 39.3
8 363 39.3
8 364 39.3
8 365 39.3
8 366 39.3
8 367 39.3
8 368 39.3
8 369 39.3
8 370 39.3
8 371 39.3
8 372 39.3
8 373 39.3
8 374 39.3
8 375 39.3
8 376 39.3
8 377 39.3
8 378 39.3
8 379 39.3
8 380 39.3
8 381 39.3
8 382 39.3
8 383 39.3
8 384 39.3
8 385 39.3
8 386 39.3
8 387 39.3
9 388 39.3
9 389 39.3
9 390 39.3
9 391 39.3
9 392 39.3
9 393 39.3
9 394 39.3
9 395 39.3
9 396 39.3
9 397 39.3
9 398 39.3
9 399 39.3
9 400 39.3
9 401 39.3
9 402 39.3
9 403 39.3
9 404 39.3
9 405 39.3
9 406 39.3
9 407 39.3
9 408 39.3
9 409 39.3
9 410 39.3
9 411 39.3
9 412 39.3
9 413 39.3
9 414 39.3
9 415 39.3
9 416 39.3
9 417 39.3
9 418 39.3
9 419 39.3
9 420 39.3
9 421 39.3
9 422 39.3
9 423 39.3
9 424 39.3
9 425 39.3
9 426 39.3
9 427 39.3
9 428 39.3
9 429 39.3
9 430 39.3
9 431 39.3
9 432 39.3
9 433 39.3
9 434 39.3
9 435 39.3
10 436 39.3
10 437 39.3
10 438 39.3
10 439 39.3
10 440 39.3
10 441 39.3
10 442 39.3
10 443 39.3
10 444 39.3
10 445 39.3
10 446 39.3
10 447 39.3
10 448 39.3
10 449 39.3
10 450 39.3
10 451 39.3
10 452 39.3
10 453 39.3
10 454 39.3
10 455 39.3
10 456 39.3
10 457 39.3
10 458 39.3
10 459 39.3
10 460 39.3
10 461 39.3
10 462 39.3
10 463 39.3
10 464 39.3
10 465 39.3
10 466 39.3
10 467 39.3
10 468 39.3
10 469 39.3
10 470 39.3
10 471 39.3
10 472 39.3
10 473 39.3
10 474 39.3
10 475 39.3
10 476 39.3
10 477 39.3
10 478 39.3
10 479 39.3
10 480 39.3
10 481 39.3
10 482 39.3
11 483 39.3
11 484 39.3
11 485 39.3
11 486 39.3
11 487 39.3
11 488 39.3
11 489 39.3
11 490 39.3
11 491 39.3
11 492 39.3
11 493 39.3
11 494 39.3
11 495 39.3
11 496 39.3
11 497 39.3
11 498 39.3
11 499 39.3
11 500 39.3
11 501 39.3
11 502 39.0
11 503 39.0
11 504 39.0
11 505 38.8
11 506 38.8
11 507 38.8
11 508 38.4
11 509 38.4
11 510 38.4
11 511 38.4
11 512 38.4
11 513 38.4
11 514 38.4
11 515 38.4
11 516 38.4
11 517 38.4
11 518 38.4
11 519 38.4
11 520 38.4
11 521 38.4
11 522 38.4
11 523 38.4
11 524 38.4
11 525 38.4
11 526 38.4
11 527 38.4
11 528 38.4
11 529 37.9
11 530 37.9
11 531 37.9
12 532 37.9
12 533 37.9
12 534 37.9
12 535 37.9
12 536 37.9
12 537 37.9
12 538 37.9
12 539 37.9
12 540 37.9
12 541 37.9
12 542 37.9
12 543 37.7
12 544 37.7
12 545 37.1
12 546 37.1
12 547 37.1
12 548 37.1
12 549 37.0
12 550 36.6
12 551 36.6
12 552 36.6
12 553 36.2
12 554 36.2
12 555 36.2
12 556 36.2
12 557 36.2
12 558 36.2
12 559 36.2
12 560 36.2
12 561 36.2
12 562 36.2
12 563 36.2
12 564 36.0
12 565 36.0
12 566 36.0
12 567 36.0
12 568 36.0
12 569 35.9
12 570 35.9
12 571 35.9
12 572 35.7
12 573 35.7
12 574 35.7
12 575 35.7
12 576 35.7
12 577 35.7
12 578 35.7
12 579 35.7
12 580 35.7
13 581 35.7
13 582 35.4
13 583 35.4
13 584 35.4
13 585 35.4
13 586 35.4
13 587 35.4
13 588 35.4
13 589 35.4
13 590 35.4
13 591 35.4
13 592 35.4
13 593 35.4
13 594 35.4
13 595 35.3
13 596 35.3
13 597 35.3
13 598 35.3
13 599 35.3
13 600 35.3
13 601 35.3
13 602 35.3
13 603 35.3
13 604 35.2
13 605 35.2
13 606 35.0
13 607 35.0
13 608 35.0
13 609 35.0
13 610 35.0
13 611 35.0
13 612 34.0
13 613 32.8
13 614 32.8
13 615 32.8
13 616 32.8
13 617 32.8
13 618 32.8
13 619 32.8
13 620 32.8
13 621 32.8
13 622 32.8
13 623 32.8
13 624 32.8
13 625 32.8
13 626 32.8
13 627 32.8
13 628 32.8
13 629 32.8
13 630 32.8
14 631 32.8
14 632 32.8
14 633 32.8
14 634 32.8
14 635 32.8
14 636 32.8
14 637 32.8
14 638 32.8
14 639 32.8
14 640 32.8
14 641 32.8
14 642 32.8
14 643 32.8
14 644 32.8
14 645 32.8
14 646 32.8
14 647 32.8
14 648 32.8
14 649 32.8
14 650 32.8
14 651 32.8
14 652 32.8
14 653 32.8
14 654 32.8
14 655 32.8
14 656 32.8
14 657 32.8
14 658 32.2
14 659 32.2
14 660 32.2
14 661 32.2
14 662 32.2
14 663 32.2
14 664 32.2
14 665 32.2
14 666 32.2
14 667 32.2
14 668 32.2
14 669 32.2
14 670 32.2
14 671 32.2
14 672 32.2
14 673 32.2
14 674 32.2
14 675 32.2
14 676 32.0
14 677 32.0
14 678 32.0
14 679 32.0
14 680 32.0
14 681 32.0
14 682 32.0
15 683 32.0
15 684 32.0
15 685 32.0
15 686 32.0
15 687 32.0
15 688 32.0
15 689 32.0
15 690 32.0
15 691 32.0
15 692 32.0
15 693 32.0
15 694 32.0
15 695 32.0
15 696 32.0
15 697 32.0
15 698 32.0
15 699 32.0
15 700 32.0
15 701 32.0
15 702 32.0
15 703 32.0
15 704 32.0
15 705 32.0
15 706 32.0
15 707 32.0
15 708 32.0
15 709 32.0
15 710 32.0
15 711 32.0
15 712 32.0
15 713 32.0
15 714 32.0
15 715 32.0
15 716 32.0
15 717 32.0
15 718 32.0
15 719 31.1
15 720 31.1
15 721 31.1
15 722 31.1
15 723 31.1
15 724 30.9
15 725 30.9
15 726 30.9
15 727 30.9
15 728 30.9
15 729 30.9
15 730 30.9
15 731 30.9
16 732 29.9
16 733 29.9
16 734 29.9
16 735 29.9
16 736 29.9
16 737 29.9
16 738 29.9
16 739 29.8
16 740 29.8
16 741 29.8
16 742 29.8
16 743 29.8
16 744 29.8
16 745 29.8
16 746 29.8
16 747 29.3
16 748 29.3
16 749 29.3
16 750 29.3
16 751 29.3
16 752 29.3
16 753 29.3
16 754 29.3
16 755 29.3
16 756 29.3
16 757 29.3
16 758 29.3
16 759 29.3
16 760 29.3
16 761 29.3
16 762 29.3
16 763 29.3
16 764 29.3
16 765 29.3
16 766 29.3
16 767 29.3
16 768 29.3
16 769 29.3
16 770 29.3
16 771 29.3
16 772 29.3
16 773 29.3
16 774 29.3
16 775 29.3
16 776 29.3
16 777 29.3
16 778 29.3
16 779 29.3
16 780 29.0
16 781 29.0
16 782 29.0
17 783 29.0
17 784 29.0
17 785 29.0
17 786 29.0
17 787 29.0
17 788 29.0
17 789 29.0
17 790 29.0
17 791 29.0
17 792 29.0
17 793 29.0
17 794 29.0
17 795 29.0
17 796 29.0
17 797 29.0
17 798 29.0
17 799 29.0
17 800 29.0
17 801 29.0
17 802 29.0
17 803 29.0
17 804 29.0
17 805 29.0
17 806 29.0
17 807 29.0
17 808 29.0
17 809 29.0
17 810 29.0
17 811 29.0
17 812 29.0
17 813 29.0
17 814 29.0
17 815 29.0
17 816 29.0
17 817 29.0
17 818 29.0
17 819 29.0
17 820 29.0
17 821 29.0
17 822 29.0
17 823 29.0
17 824 29.0
17 825 29.0
17 826 29.0
17 827 29.0
17 828 29.0
17 829 29.0
17 830 29.0
17 831 29.0
18 832 29.0
18 833 29.0
18 834 29.0
18 835 29.0
18 836 29.0
18 837 29.0
18 838 29.0
18 839 29.0
18 840 29.0
18 841 29.0
18 842 29.0
18 843 29.0
18 844 29.0
18 845 29.0
18 846 29.0
18 847 29.0
18 848 29.0
18 849 29.0
18 850 29.0
18 851 29.0
18 852 29.0
18 853 29.0
18 854 29.0
18 855 29.0
18 856 29.0
18 857 29.0
18 858 29.0
18 859 29.0
18 860 29.0
18 861 29.0
18 862 29.0
18 863 29.0
18 864 29.0
18 865 29.0
18 866 29.0
18 867 29.0
18 868 29.0
18 869 29.0
18 870 29.0
18 871 29.0
18 872 29.0
18 873 29.0
18 874 29.0
18 875 29.0
18 876 29.0
18 877 29.0
18 878 29.0
18 879 29.0
18 880 29.0
19 881 29.0
19 882 29.0
19 883 29.0
19 884 29.0
19 885 29.0
19 886 29.0
19 887 29.0
19 888 29.0
19 889 29.0
19 890 29.0
19 891 29.0
19 892 29.0
19 893 29.0
19 894 29.0
19 895 29.0
19 896 29.0
19 897 29.0
19 898 29.0
19 899 29.0
19 900 29.0
19 901 29.0
19 902 29.0
19 903 29.0
19 904 29.0
19 905 29.0
19 906 29.0
19 907 29.0
19 908 29.0
19 909 29.0
19 910 29.0
19 911 29.0
19 912 29.0
19 913 29.0
19 914 29.0
19 915 29.0
19 916 29.0
19 917 29.0
19 918 29.0
19 919 29.0
19 920 29.0
19 921 29.0
19 922 29.0
19 923 29.0
19 924 29.0
19 925 29.0
19 926 29.0
19 927 29.0
19 928 29.0
19 929 29.0
19 930 29.0
20 931 29.0
20 932 29.0
20 933 29.0
20 934 29.0
20 935 29.0
20 936 29.0
20 937 29.0
20 938 29.0
20 939 29.0
20 940 29.0
20 941 29.0
20 942 29.0
20 943 29.0
20 944 29.0
20 945 29.0
20 946 29.0
20 947 29.0
20 948 29.0
20 949 29.0
20 950 29.0
20 951 29.0
20 952 29.0
20 953 29.0
20 954 29.0
20 955 29.0
20 956 29.0
20 957 29.0
20 958 29.0
20 959 29.0
20 960 29.0
20 961 29.0
20 962 29.0
20 963 29.0
20 964 29.0
20 965 29.0
20 966 29.0
20 967 29.0
20 968 29.0
20 969 29.0
20 970 29.0
20 971 29.0
20 972 29.0
20 973 29.0
20 974 29.0
20 975 29.0
20 976 29.0
20 977 29.0
20 978 29.0
20 979 29.0
20 980 29.0
20 981 29.0
20 982 29.0
21 983 29.0
21 984 29.0
21 985 29.0
21 986 29.0
21 987 29.0
21 988 29.0
21 989 29.0
21 990 29.0
21 991 29.0
21 992 29.0
21 993 29.0
21 994 29.0
21 995 29.0
21 996 29.0
21 997 29.0
21 998 29.0
21 999 29.0
21 1000 29.0
21 1001 29.0
21 1002 29.0
21 1003 29.0
21 1004 29.0
21 1005 29.0
21 1006 29.0
21 1007 29.0
21 1008 29.0
21 1009 29.0
21 1010 29.0
21 1011 29.0
21 1012 29.0
21 1013 29.0
21 1014 29.0
21 1015 28.8
21 1016 28.8
21 1017 28.8
21 1018 28.8
21 1019 28.8
21 1020 28.8
21 1021 28.8
21 1022 28.8
21 1023 28.8
21 1024 28.8
21 1025 28.8
21 1026 28.8
21 1027 28.8
21 1028 28.8
21 1029 28.8
21 1030 28.8
21 1031 28.8
21 1032 28.8
21 1033 28.8
21 1034 28.8
22 1035 28.8
22 1036 28.8
22 1037 28.8
22 1038 28.8
22 1039 28.8
22 1040 28.8
22 1041 28.8
22 1042 28.8
22 1043 28.8
22 1044 28.8
22 1045 28.8
22 1046 28.8
22 1047 28.8
22 1048 28.8
22 1049 28.8
22 1050 28.8
22 1051 28.8
22 1052 28.8
22 1053 28.8
22 1054 28.8
22 1055 28.8
22 1056 28.8
22 1057 28.8
22 1058 28.8
22 1059 28.8
22 1060 28.8
22 1061 28.8
22 1062 28.8
22 1063 28.8
22 1064 28.8
22 1065 28.8
22 1066 28.8
22 1067 28.8
22 1068 28.8
22 1069 28.8
22 1070 28.8
22 1071 28.8
22 1072 28.8
22 1073 28.8
22 1074 28.8
22 1075 28.8
22 1076 28.8
22 1077 28.8
22 1078 28.8
22 1079 28.8
22 1080 28.8
22 1081 28.8
22 1082 28.8
22 1083 28.8
22 1084 28.8
22 1085 28.8
23 1086 28.8
23 1087 28.8
23 1088 28.8
23 1089 28.8
23 1090 28.8
23 1091 28.8
23 1092 28.8
23 1093 28.8
23 1094 28.8
23 1095 28.8
23 1096 28.8
23 1097 28.8
23 1098 28.8
23 1099 28.8
23 1100 28.8
23 1101 28.8
23 1102 28.8
23 1103 28.8
23 1104 28.8
23 1105 28.8
23 1106 28.8
23 1107 28.8
23 1108 28.8
23 1109 28.8
23 1110 28.8
23 1111 28.8
23 1112 28.8
23 1113 28.8
23 1114 28.4
23 1115 28.4
23 1116 28.4
23 1117 28.4
23 1118 28.4
23 1119 28.4
23 1120 28.4
23 1121 28.4
23 1122 28.4
23 1123 28.4
23 1124 28.4
23 1125 28.4
23 1126 28.4
23 1127 28.4
23 1128 28.4
23 1129 28.4
23 1130 28.4
23 1131 28.4
23 1132 28.4
23 1133 28.4
23 1134 28.4
23 1135 27.6
23 1136 27.6
23 1137 27.6
24 1138 27.6
24 1139 27.6
24 1140 27.6
24 1141 27.6
24 1142 27.6
24 1143 27.6
24 1144 27.6
24 1145 27.2
24 1146 27.2
24 1147 27.2
24 1148 27.1
24 1149 27.1
24 1150 27.1
24 1151 27.1
24 1152 27.1
24 1153 27.1
24 1154 27.0
24 1155 27.0
24 1156 27.0
24 1157 27.0
24 1158 26.9
24 1159 26.9
24 1160 26.5
24 1161 26.5
24 1162 26.5
24 1163 26.5
24 1164 26.5
24 1165 26.5
24 1166 26.5
24 1167 26.5
24 1168 26.5
24 1169 26.5
24 1170 26.5
24 1171 26.5
24 1172 26.5
24 1173 26.5
24 1174 26.2
24 1175 26.2
24 1176 26.2
24 1177 26.2
24 1178 26.2
24 1179 26.2
24 1180 26.2
24 1181 26.2
24 1182 26.1
24 1183 26.1
24 1184 26.1
24 1185 26.1
24 1186 26.1
24 1187 26.1
24 1188 26.1
25 1189 26.1
25 1190 26.1
25 1191 26.1
25 1192 26.1
25 1193 26.1
25 1194 26.1
25 1195 26.1
25 1196 26.1
25 1197 26.1
25 1198 26.1
25 1199 26.1
25 1200 26.1
25 1201 26.1
25 1202 26.1
25 1203 26.1
25 1204 26.1
25 1205 26.1
25 1206 26.1
25 1207 26.1
25 1208 26.1
25 1209 26.1
25 1210 26.1
25 1211 26.1
25 1212 26.1
25 1213 26.1
25 1214 26.1
25 1215 26.1
25 1216 26.1
25 1217 26.1
25 1218 26.1
25 1219 26.1
25 1220 26.1
25 1221 26.1
25 1222 26.1
25 1223 26.1
25 1224 26.1
25 1225 26.1
25 1226 26.1
25 1227 26.1
25 1228 26.1
25 1229 26.1
25 1230 26.1
25 1231 26.1
25 1232 26.1
25 1233 26.1
25 1234 26.1
25 1235 26.1
25 1236 26.1
25 1237 26.1
26 1238 26.1
26 1239 26.1
26 1240 26.1
26 1241 26.1
26 1242 26.1
26 1243 26.1
26 1244 26.1
26 1245 26.1
26 1246 26.1
26 1247 26.1
26 1248 26.1
26 1249 26.1
26 1250 26.1
26 1251 26.1
26 1252 26.1
26 1253 26.1
26 1254 26.1
26 1255 26.1
26 1256 26.1
26 1257 26.1
26 1258 26.1
26 1259 26.1
26 1260 26.1
26 1261 26.1
26 1262 26.1
26 1263 26.1
26 1264 26.1
26 1265 26.1
26 1266 26.1
26 1267 26.1
26 1268 26.1
26 1269 26.1
26 1270 26.1
26 1271 26.0
26 1272 26.0
26 1273 26.0
26 1274 26.0
26 1275 26.0
26 1276 26.0
26 1277 26.0
26 1278 26.0
26 1279 26.0
26 1280 26.0
26 1281 26.0
26 1282 26.0
26 1283 26.0
26 1284 26.0
26 1285 26.0
26 1286 26.0
26 1287 26.0
26 1288 26.0
26 1289 26.0
27 1290 26.0
27 1291 26.0
27 1292 26.0
27 1293 26.0
27 1294 26.0
27 1295 26.0
27 1296 26.0
27 1297 26.0
27 1298 26.0
27 1299 26.0
27 1300 26.0
27 1301 26.0
27 1302 26.0
27 1303 26.0
27 1304 26.0
27 1305 26.0
27 1306 26.0
27 1307 26.0
27 1308 26.0
27 1309 26.0
27 1310 26.0
27 1311 26.0
27 1312 26.0
27 1313 26.0
27 1314 26.0
27 1315 26.0
27 1316 26.0
27 1317 26.0
27 1318 26.0
27 1319 26.0
27 1320 26.0
27 1321 26.0
27 1322 26.0
27 1323 26.0
27 1324 26.0
27 1325 26.0
27 1326 26.0
27 1327 26.0
27 1328 26.0
27 1329 26.0
27 1330 26.0
27 1331 26.0
27 1332 26.0
27 1333 26.0
27 1334 26.0
27 1335 26.0
27 1336 26.0
27 1337 26.0
27 1338 26.0
28 1339 26.0
28 1340 26.0
28 1341 26.0
28 1342 26.0
28 1343 26.0
28 1344 26.0
28 1345 26.0
28 1346 26.0
28 1347 26.0
28 1348 26.0
28 1349 26.0
28 1350 26.0
28 1351 26.0
28 1352 26.0
28 1353 26.0
28 1354 26.0
28 1355 26.0
28 1356 26.0
28 1357 26.0
28 1358 26.0
28 1359 26.0
28 1360 26.0
28 1361 26.0
28 1362 26.0
28 1363 26.0
28 1364 26.0
28 1365 26.0
28 1366 26.0
28 1367 26.0
28 1368 26.0
28 1369 26.0
28 1370 26.0
28 1371 26.0
28 1372 26.0
28 1373 26.0
28 1374 26.0
28 1375 26.0
28 1376 26.0
28 1377 26.0
28 1378 26.0
28 1379 26.0
28 1380 26.0
28 1381 26.0
28 1382 26.0
28 1383 26.0
28 1384 26.0
28 1385 26.0
28 1386 26.0
28 1387 26.0
28 1388 26.0
29 1389 26.0
29 1390 26.0
29 1391 26.0
29 1392 26.0
29 1393 26.0
29 1394 26.0
29 1395 26.0
29 1396 26.0
29 1397 26.0
29 1398 26.0
29 1399 26.0
29 1400 26.0
29 1401 26.0
29 1402 26.0
29 1403 26.0
29 1404 26.0
29 1405 26.0
29 1406 26.0
29 1407 26.0
29 1408 26.0
29 1409 26.0
29 1410 26.0
29 1411 26.0
29 1412 26.0
29 1413 26.0
29 1414 26.0
29 1415 26.0
29 1416 26.0
29 1417 26.0
29 1418 26.0
29 1419 26.0
29 1420 26.0
29 1421 26.0
29 1422 26.0
29 1423 26.0
29 1424 26.0
29 1425 26.0
29 1426 26.0
29 1427 26.0
29 1428 26.0
29 1429 26.0
29 1430 26.0
29 1431 26.0
29 1432 26.0
29 1433 26.0
29 1434 26.0
29 1435 26.0
29 1436 26.0
29 1437 26.0
29 1438 26.0
29 1439 26.0
29 1440 26.0
29 1441 26.0
30 1442 26.0
30 1443 26.0
30 1444 26.0
30 1445 26.0
30 1446 26.0
30 1447 26.0
30 1448 26.0
30 1449 26.0
30 1450 26.0
30 1451 26.0
30 1452 26.0
30 1453 26.0
30 1454 26.0
30 1455 26.0
30 1456 26.0
30 1457 26.0
30 1458 26.0
30 1459 26.0
30 1460 26.0
30 1461 26.0
30 1462 26.0
30 1463 26.0
30 1464 26.0
30 1465 26.0
30 1466 26.0
30 1467 26.0
30 1468 26.0
30 1469 26.0
30 1470 26.0
30 1471 26.0
30 1472 26.0
30 1473 26.0
30 1474 26.0
30 1475 26.0
30 1476 26.0
30 1477 26.0
30 1478 26.0
30 1479 26.0
30 1480 26.0
30 1481 26.0
30 1482 26.0
30 1483 26.0
30 1484 26.0
30 1485 26.0
30 1486 26.0
30 1487 26.0
30 1488 26.0
30 1489 26.0
30 1490 26.0
31 1491 26.0
31 1492 26.0
31 1493 26.0
31 1494 26.0
31 1495 26.0
31 1496 26.0
31 1497 26.0
31 1498 26.0
31 1499 26.0
31 1500 26.0
31 1501 26.0
31 1502 26.0
31 1503 26.0
31 1504 26.0
31 1505 26.0
31 1506 26.0
31 1507 26.0
31 1508 26.0
31 1509 26.0
31 1510 26.0
31 1511 26.0
31 1512 26.0
31 1513 26.0
31 1514 26.0
31 1515 26.0
31 1516 26.0
31 1517 26.0
31 1518 26.0
31 1519 26.0
31 1520 26.0
31 1521 26.0
31 1522 26.0
31 1523 26.0
31 1524 26.0
31 1525 26.0
31 1526 26.0
31 1527 26.0
31 1528 26.0
31 1529 26.0
31 1530 26.0
31 1531 26.0
31 1532 26.0
31 1533 26.0
31 1534 26.0
31 1535 26.0
31 1536 26.0
31 1537 26.0
31 1538 26.0
32 1539 26.0
32 1540 26.0
32 1541 26.0
32 1542 26.0
32 1543 26.0
32 1544 26.0
32 1545 26.0
32 1546 26.0
32 1547 26.0
32 1548 26.0
32 1549 26.0
32 1550 26.0
32 1551 26.0
32 1552 26.0
32 1553 26.0
32 1554 26.0
32 1555 26.0
32 1556 26.0
32 1557 26.0
32 1558 26.0
32 1559 26.0
32 1560 26.0
32 1561 26.0
32 1562 26.0
32 1563 26.0
32 1564 26.0
32 1565 26.0
32 1566 26.0
32 1567 26.0
32 1568 26.0
32 1569 26.0
32 1570 26.0
32 1571 26.0
32 1572 26.0
32 1573 26.0
32 1574 26.0
32 1575 26.0
32 1576 26.0
32 1577 26.0
32 1578 26.0
32 1579 26.0
32 1580 26.0
32 1581 26.0
32 1582 26.0
32 1583 26.0
32 1584 26.0
32 1585 26.0
32 1586 26.0
32 1587 26.0
32 1588 26.0
32 1589 26.0
33 1590 26.0
33 1591 26.0
33 1592 26.0
33 1593 26.0
33 1594 26.0
33 1595 26.0
33 1596 26.0
33 1597 26.0
33 1598 26.0
33 1599 26.0
33 1600 26.0
33 1601 26.0
33 1602 25.8
33 1603 25.8
33 1604 25.8
33 1605 25.8
33 1606 25.8
33 1607 25.8
33 1608 25.8
33 1609 25.8
33 1610 25.8
33 1611 25.8
33 1612 25.8
33 1613 25.8
33 1614 25.8
33 1615 25.8
33 1616 25.8
33 1617 25.8
33 1618 25.8
33 1619 25.8
33 1620 25.8
33 1621 25.8
33 1622 25.8
33 1623 25.8
33 1624 25.8
33 1625 25.8
33 1626 25.8
33 1627 25.8
33 1628 25.8
33 1629 25.8
33 1630 25.8
33 1631 25.8
33 1632 25.8
33 1633 25.8
33 1634 25.8
33 1635 25.8
33 1636 25.8
33 1637 25.8
33 1638 25.7
33 1639 25.7
33 1640 25.7
34 1641 25.7
34 1642 25.7
34 1643 25.7
34 1644 25.7
34 1645 25.7
34 1646 25.7
34 1647 25.7
34 1648 25.7
34 1649 25.7
34 1650 25.7
34 1651 25.7
34 1652 25.7
34 1653 25.7
34 1654 25.7
34 1655 25.7
34 1656 25.7
34 1657 25.7
34 1658 25.7
34 1659 25.6
34 1660 25.6
34 1661 25.6
34 1662 25.6
34 1663 25.6
34 1664 25.6
34 1665 25.6
34 1666 25.6
34 1667 25.6
34 1668 25.6
34 1669 25.6
34 1670 25.6
34 1671 25.6
34 1672 25.6
34 1673 25.6
34 1674 25.6
34 1675 25.6
34 1676 25.6
34 1677 25.6
34 1678 25.6
34 1679 25.6
34 1680 25.6
34 1681 25.6
34 1682 25.6
34 1683 25.6
34 1684 25.6
34 1685 25.6
34 1686 25.6
34 1687 25.6
34 1688 25.6
34 1689 25.6
34 1690 25.6
34 1691 25.6
35 1692 25.6
35 1693 25.6
35 1694 25.6
35 1695 25.6
35 1696 25.6
35 1697 25.6
35 1698 25.6
35 1699 25.6
35 1700 25.6
35 1701 25.6
35 1702 25.6
35 1703 25.6
35 1704 25.6
35 1705 25.6
35 1706 25.6
35 1707 25.6
35 1708 25.6
35 1709 25.6
35 1710 25.6
35 1711 25.6
35 1712 25.6
35 1713 25.6
35 1714 25.6
35 1715 25.6
35 1716 25.6
35 1717 25.6
35 1718 25.6
35 1719 25.6
35 1720 25.6
35 1721 25.6
35 1722 25.6
35 1723 25.6
35 1724 25.6
35 1725 25.6
35 1726 25.6
35 1727 25.6
35 1728 25.6
35 1729 25.6
35 1730 25.6
35 1731 25.6
35 1732 25.6
35 1733 25.6
35 1734 25.6
35 1735 25.6
35 1736 25.6
35 1737 25.6
35 1738 25.6
35 1739 25.6
35 1740 25.6
35 1741 25.6
36 1742 25.6
36 1743 25.6
36 1744 25.6
36 1745 25.6
36 1746 25.6
36 1747 25.6
36 1748 25.6
36 1749 25.6
36 1750 25.6
36 1751 25.6
36 1752 25.6
36 1753 25.6
36 1754 25.6
36 1755 25.6
36 1756 25.6
36 1757 25.6
36 1758 25.6
36 1759 25.6
36 1760 25.6
36 1761 25.6
36 1762 25.6
36 1763 25.6
36 1764 25.6
36 1765 25.6
36 1766 25.6
36 1767 25.6
36 1768 25.6
36 1769 25.6
36 1770 25.6
36 1771 25.6
36 1772 25.6
36 1773 25.6
36 1774 25.6
36 1775 25.6
36 1776 25.6
36 1777 25.6
36 1778 25.6
36 1779 25.6
36 1780 25.6
36 1781 25.6
36 1782 25.6
36 1783 25.6
36 1784 25.6
36 1785 25.6
36 1786 25.6
36 1787 25.6
36 1788 25.6
36 1789 25.6
36 1790 25.6
36 1791 25.6
37 1792 25.6
37 1793 25.6
37 1794 25.6
37 1795 25.6
37 1796 25.6
37 1797 25.6
37 1798 25.6
37 1799 25.6
37 1800 25.6
37 1801 25.6
37 1802 25.6
37 1803 25.6
37 1804 24.2
37 1805 24.2
37 1806 24.2
37 1807 24.2
37 1808 24.2
37 1809 24.2
37 1810 24.2
37 1811 24.2
37 1812 24.2
37 1813 24.2
37 1814 24.2
37 1815 24.2
37 1816 24.2
37 1817 23.5
37 1818 23.5
37 1819 23.5
37 1820 23.4
37 1821 23.2
37 1822 23.2
37 1823 23.2
37 1824 23.2
37 1825 23.2
37 1826 23.2
37 1827 23.2
37 1828 23.2
37 1829 23.2
37 1830 23.2
37 1831 23.2
37 1832 23.2
37 1833 23.2
37 1834 23.2
37 1835 23.2
37 1836 23.2
37 1837 23.2
37 1838 23.2
37 1839 23.2
37 1840 23.2
37 1841 23.2
37 1842 23.2
38 1843 23.0
38 1844 23.0
38 1845 23.0
38 1846 23.0
38 1847 23.0
38 1848 23.0
38 1849 23.0
38 1850 23.0
38 1851 23.0
38 1852 22.4
38 1853 22.4
38 1854 22.4
38 1855 22.4
38 1856 22.4
38 1857 22.4
38 1858 22.4
38 1859 22.0
38 1860 22.0
38 1861 22.0
38 1862 22.0
38 1863 22.0
38 1864 22.0
38 1865 22.0
38 1866 22.0
38 1867 22.0
38 1868 22.0
38 1869 22.0
38 1870 22.0
38 1871 21.6
38 1872 21.6
38 1873 21.6
38 1874 21.6
38 1875 21.6
38 1876 21.6
38 1877 21.6
38 1878 21.6
38 1879 21.6
38 1880 21.6
38 1881 21.3
38 1882 21.3
38 1883 21.3
38 1884 20.0
38 1885 20.0
38 1886 20.0
38 1887 20.0
38 1888 20.0
38 1889 20.0
38 1890 20.0
38 1891 20.0
38 1892 20.0
38 1893 20.0
38 1894 20.0
39 1895 20.0
39 1896 20.0
39 1897 20.0
39 1898 20.0
39 1899 20.0
39 1900 20.0
39 1901 20.0
39 1902 20.0
39 1903 20.0
39 1904 20.0
39 1905 20.0
39 1906 20.0
39 1907 20.0
39 1908 20.0
39 1909 20.0
39 1910 20.0
39 1911 20.0
39 1912 20.0
39 1913 20.0
39 1914 20.0
39 1915 20.0
39 1916 20.0
39 1917 20.0
39 1918 20.0
39 1919 20.0
39 1920 20.0
39 1921 20.0
39 1922 20.0
39 1923 20.0
39 1924 20.0
39 1925 20.0
39 1926 20.0
39 1927 20.0
39 1928 20.0
39 1929 20.0
39 1930 20.0
39 1931 20.0
39 1932 20.0
39 1933 20.0
39 1934 20.0
39 1935 20.0
39 1936 20.0
39 1937 20.0
39 1938 20.0
39 1939 20.0
39 1940 20.0
39 1941 20.0
39 1942 20.0
39 1943 20.0
39 1944 20.0
39 1945 20.0
39 1946 20.0
39 1947 20.0
40 1948 20.0
40 1949 20.0
40 1950 20.0
40 1951 20.0
40 1952 20.0
40 1953 20.0
40 1954 20.0
40 1955 20.0
40 1956 20.0
40 1957 20.0
40 1958 20.0
40 1959 20.0
40 1960 20.0
40 1961 20.0
40 1962 20.0
40 1963 20.0
40 1964 20.0
40 1965 20.0
40 1966 20.0
40 1967 20.0
40 1968 20.0
40 1969 20.0
40 1970 20.0
40 1971 20.0
40 1972 20.0
40 1973 20.0
40 1974 20.0
40 1975 20.0
40 1976 20.0
40 1977 20.0
40 1978 20.0
40 1979 20.0
40 1980 20.0
40 1981 20.0
40 1982 20.0
40 1983 20.0
40 1984 20.0
40 1985 20.0
40 1986 20.0
40 1987 20.0
40 1988 20.0
40 1989 20.0
40 1990 20.0
40 1991 20.0
40 1992 20.0
40 1993 20.0
40 1994 20.0
40 1995 20.0
40 1996 20.0
40 1997 20.0
40 1998 20.0
40 1999 20.0
40 2000 20.0
41 2001 20.0
41 2002 20.0
41 2003 20.0
41 2004 20.0
41 2005 20.0
41 2006 20.0
41 2007 20.0
41 2008 20.0
41 2009 20.0
41 2010 20.0
41 2011 20.0
41 2012 20.0
41 2013 20.0
41 2014 20.0
41 2015 20.0
41 2016 20.0
41 2017 20.0
41 2018 20.0
41 2019 20.0
41 2020 20.0
41 2021 20.0
41 2022 20.0
41 2023 20.0
41 2024 20.0
41 2025 20.0
41 2026 20.0
41 2027 20.0
41 2028 20.0
41 2029 20.0
41 2030 20.0
41 2031 20.0
41 2032 20.0
41 2033 20.0
41 2034 20.0
41 2035 20.0
41 2036 20.0
41 2037 20.0
41 2038 20.0
41 2039 20.0
41 2040 20.0
41 2041 20.0
41 2042 20.0
41 2043 20.0
41 2044 20.0
41 2045 20.0
41 2046 20.0
41 2047 20.0
41 2048 20.0
41 2049 20.0
41 2050 20.0
42 2051 20.0
42 2052 20.0
42 2053 20.0
42 2054 20.0
42 2055 20.0
42 2056 20.0
42 2057 20.0
42 2058 20.0
42 2059 20.0
42 2060 20.0
42 2061 20.0
42 2062 20.0
42 2063 20.0
42 2064 20.0
42 2065 20.0
42 2066 20.0
42 2067 20.0
42 2068 20.0
42 2069 20.0
42 2070 20.0
42 2071 20.0
42 2072 20.0
42 2073 20.0
42 2074 20.0
42 2075 20.0
42 2076 20.0
42 2077 20.0
42 2078 20.0
42 2079 20.0
42 2080 20.0
42 2081 20.0
42 2082 20.0
42 2083 20.0
42 2084 20.0
42 2085 20.0
42 2086 20.0
42 2087 20.0
42 2088 20.0
42 2089 20.0
42 2090 20.0
42 2091 20.0
42 2092 19.9
42 2093 19.9
42 2094 19.7
42 2095 19.7
42 2096 19.3
42 2097 19.3
42 2098 19.3
42 2099 19.3
42 2100 19.3
43 2101 19.3
43 2102 18.4
43 2103 18.4
43 2104 18.4
43 2105 17.9
43 2106 17.9
43 2107 17.9
43 2108 17.9
43 2109 17.9
43 2110 17.9
43 2111 17.5
43 2112 17.5
43 2113 17.5
43 2114 17.5
43 2115 17.5
43 2116 17.5
43 2117 17.4
43 2118 17.4
43 2119 17.4
43 2120 17.4
43 2121 16.3
43 2122 16.3
43 2123 16.3
43 2124 16.3
43 2125 16.3
43 2126 16.2
43 2127 16.2
43 2128 16.2
43 2129 16.2
43 2130 16.2
43 2131 16.2
43 2132 16.2
43 2133 16.2
43 2134 16.2
43 2135 16.2
43 2136 16.2
43 2137 16.0
43 2138 16.0
43 2139 16.0
43 2140 16.0
43 2141 16.0
43 2142 16.0
43 2143 16.0
43 2144 16.0
43 2145 16.0
43 2146 16.0
43 2147 16.0
43 2148 16.0
43 2149 16.0
43 2150 16.0
43 2151 16.0
43 2152 16.0
43 2153 16.0
44 2154 16.0
44 2155 16.0
44 2156 16.0
44 2157 16.0
44 2158 16.0
44 2159 16.0
44 2160 16.0
44 2161 16.0
44 2162 16.0
44 2163 16.0
44 2164 16.0
44 2165 16.0
44 2166 16.0
44 2167 16.0
44 2168 16.0
44 2169 16.0
44 2170 16.0
44 2171 16.0
44 2172 16.0
44 2173 16.0
44 2174 16.0
44 2175 16.0
44 2176 16.0
44 2177 16.0
44 2178 16.0
44 2179 16.0
44 2180 16.0
44 2181 16.0
44 2182 16.0
44 2183 16.0
44 2184 16.0
44 2185 16.0
44 2186 16.0
44 2187 16.0
44 2188 16.0
44 2189 16.0
44 2190 16.0
44 2191 16.0
44 2192 16.0
44 2193 16.0
44 2194 16.0
44 2195 16.0
44 2196 16.0
44 2197 16.0
44 2198 16.0
44 2199 16.0
44 2200 16.0
44 2201 16.0
44 2202 16.0
44 2203 16.0
44 2204 16.0
44 2205 16.0
44 2206 16.0
44 2207 16.0
45 2208 16.0
45 2209 16.0
45 2210 16.0
45 2211 16.0
45 2212 16.0
45 2213 16.0
45 2214 16.0
45 2215 16.0
45 2216 16.0
45 2217 16.0
45 2218 16.0
45 2219 16.0
45 2220 16.0
45 2221 16.0
45 2222 16.0
45 2223 16.0
45 2224 16.0
45 2225 16.0
45 2226 16.0
45 2227 16.0
45 2228 16.0
45 2229 16.0
45 2230 16.0
45 2231 16.0
45 2232 16.0
45 2233 16.0
45 2234 16.0
45 2235 16.0
45 2236 16.0
45 2237 16.0
45 2238 16.0
45 2239 16.0
45 2240 16.0
45 2241 16.0
45 2242 16.0
45 2243 16.0
45 2244 16.0
45 2245 16.0
45 2246 16.0
45 2247 16.0
45 2248 16.0
45 2249 16.0
45 2250 16.0
45 2251 16.0
45 2252 16.0
45 2253 16.0
45 2254 16.0
45 2255 16.0
45 2256 16.0
45 2257 16.0
45 2258 16.0
45 2259 16.0
45 2260 16.0
46 2261 16.0
46 2262 16.0
46 2263 16.0
46 2264 16.0
46 2265 16.0
46 2266 16.0
46 2267 16.0
46 2268 16.0
46 2269 16.0
46 2270 16.0
46 2271 16.0
46 2272 16.0
46 2273 16.0
46 2274 16.0
46 2275 16.0
46 2276 16.0
46 2277 16.0
46 2278 16.0
46 2279 16.0
46 2280 16.0
46 2281 16.0
46 2282 16.0
46 2283 16.0
46 2284 16.0
46 2285 16.0
46 2286 16.0
46 2287 16.0
46 2288 16.0
46 2289 16.0
46 2290 16.0
46 2291 16.0
46 2292 16.0
46 2293 16.0
46 2294 16.0
46 2295 16.0
46 2296 16.0
46 2297 16.0
46 2298 16.0
46 2299 16.0
46 2300 16.0
46 2301 16.0
46 2302 16.0
46 2303 16.0
46 2304 16.0
46 2305 16.0
46 2306 16.0
46 2307 16.0
46 2308 16.0
46 2309 16.0
46 2310 16.0
46 2311 16.0
46 2312 16.0
46 2313 16.0
46 2314 16.0
46 2315 16.0
47 2316 16.0
47 2317 16.0
47 2318 16.0
47 2319 16.0
47 2320 16.0
47 2321 16.0
47 2322 16.0
47 2323 16.0
47 2324 16.0
47 2325 16.0
47 2326 16.0
47 2327 16.0
47 2328 16.0
47 2329 16.0
47 2330 16.0
47 2331 16.0
47 2332 16.0
47 2333 16.0
47 2334 16.0
47 2335 16.0
47 2336 16.0
47 2337 16.0
47 2338 16.0
47 2339 16.0
47 2340 16.0
47 2341 16.0
47 2342 16.0
47 2343 16.0
47 2344 16.0
47 2345 16.0
47 2346 16.0
47 2347 16.0
47 2348 16.0
47 2349 16.0
47 2350 16.0
47 2351 16.0
47 2352 16.0
47 2353 16.0
47 2354 16.0
47 2355 16.0
47 2356 16.0
47 2357 16.0
47 2358 16.0
47 2359 16.0
47 2360 16.0
47 2361 16.0
47 2362 16.0
47 2363 16.0
47 2364 16.0
47 2365 16.0
47 2366 16.0
48 2367 16.0
48 2368 16.0
48 2369 16.0
48 2370 16.0
48 2371 16.0
48 2372 16.0
48 2373 16.0
48 2374 16.0
48 2375 16.0
48 2376 16.0
48 2377 16.0
48 2378 16.0
48 2379 16.0
48 2380 16.0
48 2381 16.0
48 2382 16.0
48 2383 16.0
48 2384 16.0
48 2385 16.0
48 2386 16.0
48 2387 16.0
48 2388 16.0
48 2389 16.0
48 2390 16.0
48 2391 16.0
48 2392 16.0
48 2393 16.0
48 2394 16.0
48 2395 16.0
48 2396 16.0
48 2397 16.0
48 2398 16.0
48 2399 16.0
48 2400 16.0
48 2401 16.0
48 2402 16.0
48 2403 16.0
48 2404 16.0
48 2405 16.0
48 2406 16.0
48 2407 16.0
48 2408 16.0
48 2409 16.0
48 2410 16.0
48 2411 16.0
48 2412 16.0
48 2413 16.0
48 2414 16.0
48 2415 16.0
48 2416 16.0
48 2417 16.0
48 2418 16.0
49 2419 16.0
49 2420 16.0
49 2421 16.0
49 2422 16.0
49 2423 16.0
49 2424 16.0
49 2425 16.0
49 2426 16.0
49 2427 16.0
49 2428 16.0
49 2429 16.0
49 2430 16.0
49 2431 16.0
49 2432 16.0
49 2433 16.0
49 2434 16.0
49 2435 16.0
49 2436 16.0
49 2437 16.0
49 2438 16.0
49 2439 16.0
49 2440 16.0
49 2441 16.0
49 2442 16.0
49 2443 16.0
49 2444 16.0
49 2445 16.0
49 2446 16.0
49 2447 16.0
49 2448 16.0
49 2449 16.0
49 2450 16.0
49 2451 16.0
49 2452 16.0
49 2453 16.0
49 2454 16.0
49 2455 16.0
49 2456 16.0
49 2457 16.0
49 2458 16.0
49 2459 16.0
49 2460 16.0
49 2461 16.0
49 2462 16.0
49 2463 16.0
49 2464 16.0
49 2465 16.0
49 2466 16.0
49 2467 16.0
50 2468 16.0
50 2469 16.0
50 2470 16.0
50 2471 16.0
50 2472 16.0
50 2473 16.0
50 2474 16.0
50 2475 16.0
50 2476 16.0
50 2477 16.0
50 2478 16.0
50 2479 16.0
50 2480 16.0
50 2481 16.0
50 2482 16.0
50 2483 16.0
50 2484 16.0
50 2485 16.0
50 2486 16.0
50 2487 16.0
50 2488 16.0
50 2489 16.0
50 2490 16.0
50 2491 16.0
50 2492 16.0
50 2493 16.0
50 2494 16.0
50 2495 16.0
50 2496 16.0
50 2497 16.0
50 2498 16.0
50 2499 16.0
50 2500 16.0
50 2501 16.0
50 2502 16.0
50 2503 16.0
50 2504 16.0
50 2505 16.0
50 2506 16.0
50 2507 16.0
50 2508 16.0
50 2509 16.0
50 2510 16.0
50 2511 16.0
50 2512 16.0
50 2513 16.0
50 2514 16.0
50 2515 16.0
50 2516 16.0
50 2517 16.0
51 2518 16.0
51 2519 16.0
51 2520 16.0
51 2521 16.0
51 2522 16.0
51 2523 16.0
51 2524 16.0
51 2525 16.0
51 2526 16.0
51 2527 16.0
51 2528 16.0
51 2529 16.0
51 2530 16.0
51 2531 16.0
51 2532 16.0
51 2533 16.0
51 2534 16.0
51 2535 16.0
51 2536 16.0
51 2537 16.0
51 2538 16.0
51 2539 16.0
51 2540 16.0
51 2541 16.0
51 2542 16.0
51 2543 16.0
51 2544 16.0
51 2545 16.0
51 2546 16.0
51 2547 16.0
51 2548 16.0
51 2549 16.0
51 2550 16.0
51 2551 16.0
51 2552 16.0
51 2553 16.0
51 2554 16.0
51 2555 16.0
51 2556 16.0
51 2557 16.0
51 2558 16.0
51 2559 16.0
51 2560 16.0
51 2561 16.0
51 2562 16.0
51 2563 16.0
51 2564 16.0
51 2565 16.0
51 2566 16.0
51 2567 16.0
51 2568 16.0
51 2569 16.0
52 2570 16.0
52 2571 16.0
52 2572 16.0
52 2573 16.0
52 2574 16.0
52 2575 16.0
52 2576 16.0
52 2577 16.0
52 2578 16.0
52 2579 16.0
52 2580 16.0
52 2581 16.0
52 2582 16.0
52 2583 16.0
52 2584 16.0
52 2585 16.0
52 2586 16.0
52 2587 16.0
52 2588 16.0
52 2589 16.0
52 2590 16.0
52 2591 16.0
52 2592 16.0
52 2593 16.0
52 2594 16.0
52 2595 16.0
52 2596 16.0
52 2597 16.0
52 2598 16.0
52 2599 16.0
52 2600 16.0
52 2601 16.0
52 2602 16.0
52 2603 16.0
52 2604 16.0
52 2605 16.0
52 2606 16.0
52 2607 16.0
52 2608 16.0
52 2609 16.0
52 2610 16.0
52 2611 16.0
52 2612 16.0
52 2613 16.0
52 2614 16.0
52 2615 16.0
52 2616 16.0
52 2617 16.0
52 2618 16.0
52 2619 16.0
52 2620 16.0
53 2621 16.0
53 2622 16.0
53 2623 16.0
53 2624 16.0
53 2625 16.0
53 2626 16.0
53 2627 16.0
53 2628 16.0
53 2629 16.0
53 2630 16.0
53 2631 16.0
53 2632 16.0
53 2633 16.0
53 2634 16.0
53 2635 16.0
53 2636 16.0
53 2637 16.0
53 2638 16.0
53 2639 16.0
53 2640 16.0
53 2641 16.0
53 2642 16.0
53 2643 16.0
53 2644 16.0
53 2645 16.0
53 2646 16.0
53 2647 16.0
53 2648 16.0
53 2649 16.0
53 2650 16.0
53 2651 16.0
53 2652 16.0
53 2653 16.0
53 2654 16.0
53 2655 16.0
53 2656 16.0
53 2657 16.0
53 2658 16.0
53 2659 16.0
53 2660 16.0
53 2661 16.0
53 2662 16.0
53 2663 16.0
53 2664 16.0
53 2665 16.0
53 2666 16.0
53 2667 16.0
53 2668 16.0
53 2669 16.0
53 2670 16.0
53 2671 16.0
54 2672 16.0
54 2673 16.0
54 2674 16.0
54 2675 16.0
54 2676 16.0
54 2677 16.0
54 2678 16.0
54 2679 16.0
54 2680 16.0
54 2681 16.0
54 2682 16.0
54 2683 16.0
54 2684 16.0
54 2685 16.0
54 2686 16.0
54 2687 16.0
54 2688 16.0
54 2689 16.0
54 2690 16.0
54 2691 16.0
54 2692 16.0
54 2693 16.0
54 2694 16.0
54 2695 16.0
54 2696 16.0
54 2697 16.0
54 2698 16.0
54 2699 16.0
54 2700 16.0
54 2701 16.0
54 2702 16.0
54 2703 16.0
54 2704 15.9
54 2705 15.9
54 2706 15.9
54 2707 15.9
54 2708 15.8
54 2709 15.8
54 2710 15.8
54 2711 15.8
54 2712 15.8
54 2713 15.8
54 2714 15.8
54 2715 15.8
54 2716 15.8
54 2717 15.8
54 2718 15.2
54 2719 15.2
54 2720 15.2
54 2721 15.2
54 2722 15.2
55 2723 15.2
55 2724 15.2
55 2725 15.2
55 2726 15.2
55 2727 15.0
55 2728 15.0
55 2729 15.0
55 2730 15.0
55 2731 15.0
55 2732 15.0
55 2733 15.0
55 2734 15.0
55 2735 15.0
55 2736 15.0
55 2737 15.0
55 2738 15.0
55 2739 15.0
55 2740 15.0
55 2741 15.0
55 2742 15.0
55 2743 15.0
55 2744 15.0
55 2745 15.0
55 2746 15.0
55 2747 15.0
55 2748 15.0
55 2749 15.0
55 2750 15.0
55 2751 15.0
55 2752 15.0
55 2753 15.0
55 2754 15.0
55 2755 15.0
55 2756 15.0
55 2757 15.0
55 2758 15.0
55 2759 15.0
55 2760 15.0
55 2761 15.0
55 2762 15.0
55 2763 15.0
55 2764 14.9
55 2765 14.9
55 2766 14.9
55 2767 14.9
55 2768 14.9
55 2769 14.9
55 2770 14.9
55 2771 14.9
55 2772 14.9
55 2773 14.9
55 2774 14.9
55 2775 14.9
56 2776 14.8
56 2777 14.8
56 2778 14.8
56 2779 14.8
56 2780 14.8
56 2781 14.8
56 2782 14.8
56 2783 14.7
56 2784 14.7
56 2785 14.7
56 2786 14.6
56 2787 14.6
56 2788 14.6
56 2789 14.6
56 2790 14.6
56 2791 14.6
56 2792 14.6
56 2793 14.6
56 2794 14.6
56 2795 14.6
56 2796 14.6
56 2797 14.6
56 2798 14.6
56 2799 14.6
56 2800 14.6
56 2801 14.6
56 2802 14.6
56 2803 14.6
56 2804 14.6
56 2805 14.6
56 2806 14.6
56 2807 14.6
56 2808 14.6
56 2809 14.6
56 2810 14.6
56 2811 14.6
56 2812 14.6
56 2813 14.6
56 2814 14.6
56 2815 14.6
56 2816 14.6
56 2817 14.6
56 2818 14.6
56 2819 14.6
56 2820 14.6
56 2821 14.6
56 2822 14.6
56 2823 14.6
56 2824 14.6
56 2825 14.6
56 2826 14.6
56 2827 14.6
56 2828 14.6
57 2829 14.6
57 2830 14.6
57 2831 14.6
57 2832 14.6
57 2833 14.6
57 2834 14.6
57 2835 14.6
57 2836 14.6
57 2837 14.6
57 2838 14.6
57 2839 14.6
57 2840 14.6
57 2841 14.6
57 2842 14.6
57 2843 14.6
57 2844 14.6
57 2845 14.6
57 2846 14.6
57 2847 14.6
57 2848 14.6
57 2849 14.6
57 2850 14.6
57 2851 14.6
57 2852 14.6
57 2853 14.6
57 2854 14.6
57 2855 14.6
57 2856 14.6
57 2857 14.6
57 2858 14.6
57 2859 14.6
57 2860 14.6
57 2861 14.6
57 2862 14.6
57 2863 14.6
57 2864 14.6
57 2865 14.6
57 2866 14.6
57 2867 14.6
57 2868 14.6
57 2869 14.6
57 2870 14.6
57 2871 14.6
57 2872 14.6
57 2873 14.6
57 2874 14.6
57 2875 14.6
57 2876 14.6
57 2877 14.6
57 2878 14.6
57 2879 14.6
57 2880 14.6
57 2881 14.6
57 2882 14.6
58 2883 14.6
58 2884 14.6
58 2885 14.6
58 2886 14.6
58 2887 14.6
58 2888 14.6
58 2889 14.6
58 2890 14.6
58 2891 14.6
58 2892 14.6
58 2893 14.6
58 2894 14.6
58 2895 14.6
58 2896 14.6
58 2897 14.6
58 2898 14.6
58 2899 14.6
58 2900 14.6
58 2901 14.6
58 2902 14.6
58 2903 14.6
58 2904 14.6
58 2905 14.6
58 2906 14.6
58 2907 14.6
58 2908 14.6
58 2909 14.6
58 2910 14.6
58 2911 14.6
58 2912 14.6
58 2913 14.6
58 2914 14.6
58 2915 14.6
58 2916 14.6
58 2917 14.6
58 2918 14.6
58 2919 14.6
58 2920 14.6
58 2921 14.6
58 2922 14.6
58 2923 14.6
58 2924 14.6
58 2925 14.6
58 2926 14.6
58 2927 14.6
58 2928 14.6
58 2929 14.6
58 2930 14.6
59 2931 14.6
59 2932 14.6
59 2933 14.6
59 2934 14.6
59 2935 14.6
59 2936 14.6
59 2937 14.6
59 2938 14.6
59 2939 14.6
59 2940 14.6
59 2941 14.6
59 2942 14.6
59 2943 14.6
59 2944 14.6
59 2945 14.6
59 2946 14.6
59 2947 14.6
59 2948 14.6
59 2949 14.6
59 2950 14.6
59 2951 14.6
59 2952 14.6
59 2953 14.6
59 2954 14.6
59 2955 14.6
59 2956 14.6
59 2957 14.6
59 2958 14.5
59 2959 14.5
59 2960 14.5
59 2961 14.5
59 2962 14.5
59 2963 14.5
59 2964 14.5
59 2965 14.5
59 2966 14.5
59 2967 14.5
59 2968 14.5
59 2969 14.5
59 2970 14.5
59 2971 14.5
59 2972 14.5
59 2973 14.5
59 2974 14.5
59 2975 14.5
59 2976 14.5
59 2977 14.5
59 2978 14.5
59 2979 14.5
59 2980 14.5
60 2981 14.5
60 2982 14.5
60 2983 14.5
60 2984 14.5
60 2985 14.5
60 2986 14.5
60 2987 14.5
60 2988 14.5
60 2989 14.5
60 2990 14.5
60 2991 14.5
60 2992 14.5
60 2993 14.5
60 2994 14.5
60 2995 14.5
60 2996 14.5
60 2997 14.5
60 2998 14.5
60 2999 14.5
60 3000 14.5
60 3001 14.5
60 3002 14.5
60 3003 14.5
60 3004 14.5
60 3005 14.5
60 3006 14.5
60 3007 14.5
60 3008 14.5
60 3009 14.5
60 3010 14.5
60 3011 14.5
60 3012 14.5
60 3013 14.5
60 3014 14.5
60 3015 14.5
60 3016 14.5
60 3017 14.5
60 3018 14.5
60 3019 14.5
60 3020 14.5
60 3021 14.5
60 3022 14.5
60 3023 14.5
60 3024 14.5
60 3025 14.5
60 3026 14.5
60 3027 14.5
60 3028 14.5
60 3029 14.5
60 3030 14.5
61 3031 14.5
61 3032 14.5
61 3033 14.5
61 3034 14.5
61 3035 14.5
61 3036 14.5
61 3037 14.5
61 3038 14.5
61 3039 14.5
61 3040 14.5
61 3041 14.5
61 3042 14.5
61 3043 14.5
61 3044 14.5
61 3045 14.5
61 3046 14.5
61 3047 14.5
61 3048 14.5
61 3049 14.5
61 3050 14.5
61 3051 14.5
61 3052 14.5
61 3053 14.5
61 3054 14.5
61 3055 14.5
61 3056 14.5
61 3057 14.5
61 3058 14.5
61 3059 14.5
61 3060 14.5
61 3061 14.5
61 3062 14.5
61 3063 14.5
61 3064 14.5
61 3065 14.5
61 3066 14.5
61 3067 14.5
61 3068 14.5
61 3069 14.5
61 3070 14.5
61 3071 14.5
61 3072 14.5
61 3073 14.5
61 3074 14.5
61 3075 14.4
61 3076 14.4
61 3077 14.4
61 3078 14.4
61 3079 14.4
62 3080 14.4
62 3081 14.4
62 3082 14.4
62 3083 14.4
62 3084 14.4
62 3085 14.4
62 3086 14.4
62 3087 14.4
62 3088 14.4
62 3089 14.4
62 3090 14.4
62 3091 14.4
62 3092 14.4
62 3093 14.4
62 3094 14.4
62 3095 14.4
62 3096 14.4
62 3097 14.4
62 3098 14.4
62 3099 14.4
62 3100 14.4
62 3101 14.4
62 3102 14.4
62 3103 14.4
62 3104 14.4
62 3105 14.4
62 3106 14.4
62 3107 14.4
62 3108 14.4
62 3109 14.4
62 3110 14.4
62 3111 14.4
62 3112 14.4
62 3113 14.4
62 3114 14.4
62 3115 14.4
62 3116 14.4
62 3117 14.4
62 3118 14.4
62 3119 14.4
62 3120 14.4
62 3121 14.4
62 3122 14.4
62 3123 14.4
62 3124 14.4
62 3125 14.4
62 3126 14.4
62 3127 14.4
62 3128 14.4
63 3129 14.4
63 3130 14.4
63 3131 14.4
63 3132 14.4
63 3133 14.4
63 3134 14.4
63 3135 14.4
63 3136 14.4
63 3137 14.4
63 3138 14.4
63 3139 14.4
63 3140 14.4
63 3141 14.4
63 3142 14.4
63 3143 14.4
63 3144 14.4
63 3145 14.4
63 3146 14.4
63 3147 14.4
63 3148 14.4
63 3149 14.4
63 3150 14.4
63 3151 14.4
63 3152 14.4
63 3153 14.4
63 3154 14.4
63 3155 14.4
63 3156 14.4
63 3157 14.4
63 3158 14.4
63 3159 14.4
63 3160 14.4
63 3161 14.4
63 3162 14.4
63 3163 14.4
63 3164 14.4
63 3165 14.4
63 3166 14.4
63 3167 14.4
63 3168 14.4
63 3169 14.4
63 3170 14.4
63 3171 14.4
63 3172 14.4
63 3173 14.4
63 3174 14.4
63 3175 14.4
63 3176 14.4
63 3177 14.4
63 3178 14.4
63 3179 14.4
63 3180 14.4
63 3181 14.4
64 3182 14.4
64 3183 14.4
64 3184 14.4
64 3185 14.4
64 3186 14.4
64 3187 14.4
64 3188 14.4
64 3189 14.4
64 3190 14.4
64 3191 14.4
64 3192 14.4
64 3193 14.4
64 3194 14.4
64 3195 14.4
64 3196 14.4
64 3197 14.4
64 3198 14.4
64 3199 14.4
64 3200 14.4
64 3201 14.4
64 3202 14.4
64 3203 14.4
64 3204 14.4
64 3205 14.4
64 3206 14.4
64 3207 14.4
64 3208 14.4
64 3209 14.4
64 3210 14.4
64 3211 14.4
64 3212 14.4
64 3213 14.4
64 3214 14.4
64 3215 14.4
64 3216 14.4
64 3217 14.4
64 3218 14.4
64 3219 14.4
64 3220 14.4
64 3221 14.4
64 3222 14.4
64 3223 14.4
64 3224 14.4
64 3225 14.4
64 3226 14.4
64 3227 14.4
64 3228 14.4
64 3229 14.4
64 3230 14.4
65 3231 14.4
65 3232 14.4
65 3233 14.4
65 3234 14.4
65 3235 14.4
65 3236 14.4
65 3237 14.4
65 3238 14.4
65 3239 14.4
65 3240 14.4
65 3241 14.4
65 3242 14.4
65 3243 14.4
65 3244 14.4
65 3245 14.4
65 3246 14.4
65 3247 14.4
65 3248 14.4
65 3249 14.4
65 3250 14.4
65 3251 14.4
65 3252 14.4
65 3253 14.4
65 3254 14.4
65 3255 14.4
65 3256 14.4
65 3257 14.4
65 3258 14.4
65 3259 14.4
65 3260 14.4
65 3261 14.4
65 3262 14.4
65 3263 14.4
65 3264 14.4
65 3265 14.4
65 3266 14.4
65 3267 14.4
65 3268 14.4
65 3269 14.4
65 3270 14.4
65 3271 14.4
65 3272 14.4
65 3273 14.4
65 3274 14.4
65 3275 14.4
65 3276 14.4
65 3277 14.4
65 3278 14.4
65 3279 14.4
65 3280 14.4
65 3281 14.4
65 3282 14.4
65 3283 14.4
66 3284 14.4
66 3285 14.4
66 3286 14.4
66 3287 14.4
66 3288 14.4
66 3289 14.4
66 3290 14.4
66 3291 14.4
66 3292 14.4
66 3293 14.4
66 3294 14.4
66 3295 14.4
66 3296 14.4
66 3297 14.4
66 3298 14.4
66 3299 14.4
66 3300 14.4
66 3301 14.4
66 3302 14.4
66 3303 14.4
66 3304 14.4
66 3305 14.4
66 3306 14.4
66 3307 14.4
66 3308 14.4
66 3309 14.4
66 3310 14.4
66 3311 14.4
66 3312 14.4
66 3313 14.4
66 3314 14.4
66 3315 14.4
66 3316 14.4
66 3317 14.4
66 3318 14.4
66 3319 14.4
66 3320 14.4
66 3321 14.4
66 3322 14.4
66 3323 14.4
66 3324 14.4
66 3325 14.4
66 3326 14.4
66 3327 14.4
66 3328 14.4
66 3329 14.4
66 3330 14.4
66 3331 14.4
66 3332 14.4
66 3333 14.4
66 3334 14.4
66 3335 14.4
66 3336 14.4
67 3337 14.4
67 3338 14.4
67 3339 14.4
67 3340 14.4
67 3341 14.4
67 3342 14.4
67 3343 14.4
67 3344 14.4
67 3345 14.4
67 3346 14.4
67 3347 14.4
67 3348 14.4
67 3349 14.4
67 3350 14.4
67 3351 14.4
67 3352 14.4
67 3353 14.4
67 3354 14.4
67 3355 14.4
67 3356 14.4
67 3357 14.4
67 3358 14.4
67 3359 14.4
67 3360 14.4
67 3361 14.4
67 3362 14.4
67 3363 14.4
67 3364 14.4
67 3365 14.4
67 3366 14.4
67 3367 14.4
67 3368 14.4
67 3369 14.4
67 3370 14.4
67 3371 14.4
67 3372 14.4
67 3373 14.4
67 3374 14.4
67 3375 14.4
67 3376 14.4
67 3377 14.4
67 3378 14.4
67 3379 14.4
67 3380 14.4
67 3381 14.4
67 3382 14.4
67 3383 14.4
67 3384 14.4
67 3385 14.4
67 3386 14.4
68 3387 14.4
68 3388 14.4
68 3389 14.4
68 3390 14.4
68 3391 14.4
68 3392 14.4
68 3393 14.4
68 3394 14.4
68 3395 14.4
68 3396 14.4
68 3397 14.4
68 3398 14.4
68 3399 14.4
68 3400 14.4
68 3401 14.4
68 3402 14.4
68 3403 14.4
68 3404 14.4
68 3405 14.4
68 3406 14.4
68 3407 14.4
68 3408 14.4
68 3409 14.4
68 3410 14.4
68 3411 14.4
68 3412 14.4
68 3413 14.4
68 3414 14.4
68 3415 14.4
68 3416 14.4
68 3417 14.4
68 3418 14.4
68 3419 14.4
68 3420 14.4
68 3421 14.4
68 3422 14.4
68 3423 14.4
68 3424 14.4
68 3425 14.4
68 3426 14.4
68 3427 14.4
68 3428 14.4
68 3429 14.4
68 3430 14.4
68 3431 14.4
68 3432 14.4
68 3433 14.4
68 3434 14.4
68 3435 14.4
68 3436 14.4
68 3437 14.4
68 3438 14.4
68 3439 14.4
69 3440 14.4
69 3441 14.4
69 3442 14.4
69 3443 14.4
69 3444 14.4
69 3445 14.4
69 3446 14.4
69 3447 14.4
69 3448 14.4
69 3449 14.4
69 3450 14.4
69 3451 14.4
69 3452 14.4
69 3453 14.4
69 3454 14.4
69 3455 14.4
69 3456 14.4
69 3457 14.4
69 3458 14.4
69 3459 14.4
69 3460 14.4
69 3461 14.4
69 3462 14.4
69 3463 14.4
69 3464 14.4
69 3465 14.3
69 3466 14.3
69 3467 14.3
69 3468 14.3
69 3469 14.3
69 3470 14.2
69 3471 14.2
69 3472 14.2
69 3473 14.2
69 3474 14.2
69 3475 14.2
69 3476 14.2
69 3477 14.2
69 3478 14.2
69 3479 14.2
69 3480 14.2
69 3481 14.2
69 3482 14.2
69 3483 14.2
69 3484 14.2
69 3485 14.2
69 3486 14.2
69 3487 14.2
69 3488 14.2
69 3489 14.2
69 3490 14.2
69 3491 14.2
70 3492 14.2
70 3493 14.2
70 3494 14.2
70 3495 14.2
70 3496 14.2
70 3497 14.2
70 3498 14.2
70 3499 14.2
70 3500 14.2
70 3501 14.2
70 3502 14.2
70 3503 14.2
70 3504 14.2
70 3505 14.2
70 3506 14.2
70 3507 14.2
70 3508 14.2
70 3509 14.2
70 3510 14.2
70 3511 14.2
70 3512 14.2
70 3513 14.2
70 3514 14.2
70 3515 14.2
70 3516 14.2
70 3517 14.2
70 3518 14.2
70 3519 14.2
70 3520 14.2
70 3521 14.2
70 3522 14.2
70 3523 14.2
70 3524 14.2
70 3525 14.2
70 3526 14.2
70 3527 14.2
70 3528 14.2
70 3529 14.2
70 3530 14.2
70 3531 14.2
70 3532 14.2
70 3533 14.2
70 3534 14.2
70 3535 14.2
70 3536 14.2
70 3537 14.2
70 3538 14.2
70 3539 14.2
70 3540 14.2
71 3541 14.2
71 3542 14.2
71 3543 14.2
71 3544 14.2
71 3545 14.2
71 3546 14.2
71 3547 14.2
71 3548 14.2
71 3549 14.2
71 3550 14.2
71 3551 14.2
71 3552 14.2
71 3553 14.2
71 3554 14.2
71 3555 14.2
71 3556 14.2
71 3557 14.2
71 3558 14.2
71 3559 14.2
71 3560 14.2
71 3561 14.2
71 3562 14.2
71 3563 14.2
71 3564 14.2
71 3565 14.2
71 3566 14.2
71 3567 14.2
71 3568 14.2
71 3569 14.2
71 3570 14.2
71 3571 14.2
71 3572 14.2
71 3573 14.2
71 3574 14.2
71 3575 14.2
71 3576 14.2
71 3577 14.2
71 3578 14.2
71 3579 14.2
71 3580 14.2
71 3581 14.2
71 3582 14.2
71 3583 14.2
71 3584 14.2
71 3585 14.2
71 3586 14.2
71 3587 14.2
71 3588 14.2
71 3589 14.2
71 3590 14.2
71 3591 14.2
72 3592 14.2
72 3593 14.2
72 3594 14.2
72 3595 14.2
72 3596 14.2
72 3597 14.2
72 3598 14.2
72 3599 14.2
72 3600 14.2
72 3601 14.2
72 3602 14.2
72 3603 14.2
72 3604 14.2
72 3605 14.2
72 3606 14.2
72 3607 14.2
72 3608 14.2
72 3609 14.2
72 3610 14.2
72 3611 14.2
72 3612 14.2
72 3613 14.2
72 3614 14.2
72 3615 14.2
72 3616 14.2
72 3617 14.2
72 3618 14.2
72 3619 14.2
72 3620 14.2
72 3621 14.2
72 3622 14.2
72 3623 14.2
72 3624 14.2
72 3625 14.2
72 3626 14.2
72 3627 14.2
72 3628 14.2
72 3629 14.2
72 3630 14.2
72 3631 14.2
72 3632 14.2
72 3633 14.2
72 3634 14.2
72 3635 14.2
72 3636 14.2
72 3637 14.2
72 3638 14.2
72 3639 14.2
72 3640 14.2
72 3641 14.2
72 3642 14.2
72 3643 14.2
72 3644 14.2
73 3645 14.2
73 3646 14.2
73 3647 14.2
73 3648 14.2
73 3649 14.2
73 3650 14.2
73 3651 14.2
73 3652 14.2
73 3653 14.2
73 3654 14.2
73 3655 14.2
73 3656 14.2
73 3657 14.2
73 3658 14.2
73 3659 14.2
73 3660 14.2
73 3661 14.2
73 3662 14.2
73 3663 14.2
73 3664 14.2
73 3665 14.2
73 3666 14.2
73 3667 14.2
73 3668 14.2
73 3669 14.2
73 3670 14.2
73 3671 14.2
73 3672 14.2
73 3673 14.2
73 3674 14.2
73 3675 14.2
73 3676 14.2
73 3677 14.2
73 3678 14.2
73 3679 14.2
73 3680 14.2
73 3681 14.2
73 3682 14.2
73 3683 14.2
73 3684 14.2
73 3685 14.2
73 3686 14.2
73 3687 14.2
73 3688 14.2
73 3689 14.2
73 3690 14.2
73 3691 14.2
73 3692 14.2
73 3693 14.2
73 3694 14.2
74 3695 14.2
74 3696 14.2
74 3697 14.2
74 3698 14.2
74 3699 14.2
74 3700 14.2
74 3701 14.2
74 3702 14.2
74 3703 14.2
74 3704 14.2
74 3705 14.2
74 3706 14.2
74 3707 14.2
74 3708 14.2
74 3709 14.2
74 3710 14.2
74 3711 14.2
74 3712 14.2
74 3713 14.2
74 3714 14.2
74 3715 14.2
74 3716 14.2
74 3717 14.2
74 3718 14.2
74 3719 14.2
74 3720 14.2
74 3721 14.2
74 3722 14.2
74 3723 14.2
74 3724 14.2
74 3725 14.2
74 3726 14.2
74 3727 14.2
74 3728 14.2
74 3729 14.2
74 3730 14.2
74 3731 14.2
74 3732 14.2
74 3733 14.2
74 3734 14.2
74 3735 14.2
74 3736 14.2
74 3737 14.2
74 3738 14.2
74 3739 14.2
74 3740 14.2
74 3741 14.2
74 3742 14.2
74 3743 14.2
74 3744 14.2
74 3745 14.2
75 3746 14.2
75 3747 14.2
75 3748 14.2
75 3749 14.2
75 3750 14.2
75 3751 14.2
75 3752 14.2
75 3753 14.2
75 3754 14.2
75 3755 14.2
75 3756 14.2
75 3757 14.2
75 3758 14.2
75 3759 14.2
75 3760 14.2
75 3761 14.2
75 3762 14.2
75 3763 14.2
75 3764 14.2
75 3765 14.2
75 3766 14.2
75 3767 14.2
75 3768 14.2
75 3769 14.2
75 3770 14.2
75 3771 14.2
75 3772 14.2
75 3773 14.2
75 3774 14.2
75 3775 14.2
75 3776 14.2
75 3777 14.2
75 3778 14.2
75 3779 14.2
75 3780 14.2
75 3781 14.2
75 3782 14.2
75 3783 14.2
75 3784 14.2
75 3785 14.2
75 3786 14.2
75 3787 14.2
75 3788 14.2
75 3789 14.2
75 3790 14.2
75 3791 14.2
75 3792 14.2
75 3793 14.2
75 3794 14.2
75 3795 14.2
75 3796 14.2
76 3797 14.2
76 3798 14.2
76 3799 14.2
76 3800 14.2
76 3801 14.2
76 3802 14.2
76 3803 14.2
76 3804 14.2
76 3805 14.2
76 3806 14.2
76 3807 14.2
76 3808 14.2
76 3809 14.2
76 3810 14.2
76 3811 14.2
76 3812 14.2
76 3813 14.2
76 3814 14.2
76 3815 14.2
76 3816 14.2
76 3817 14.2
76 3818 14.2
76 3819 14.2
76 3820 14.2
76 3821 14.2
76 3822 14.2
76 3823 14.2
76 3824 14.2
76 3825 14.2
76 3826 14.2
76 3827 14.2
76 3828 14.2
76 3829 14.2
76 3830 14.2
76 3831 14.2
76 3832 14.2
76 3833 14.2
76 3834 14.2
76 3835 14.2
76 3836 14.2
76 3837 14.2
76 3838 14.2
76 3839 14.2
76 3840 14.2
76 3841 14.2
76 3842 14.2
76 3843 14.2
76 3844 14.2
76 3845 14.2
76 3846 14.2
76 3847 14.2
77 3848 14.2
77 3849 14.2
77 3850 14.2
77 3851 14.2
77 3852 14.2
77 3853 14.2
77 3854 14.2
77 3855 14.2
77 3856 14.2
77 3857 14.2
77 3858 14.2
77 3859 14.2
77 3860 14.2
77 3861 14.2
77 3862 14.2
77 3863 14.2
77 3864 14.2
77 3865 14.2
77 3866 14.2
77 3867 14.2
77 3868 14.2
77 3869 14.2
77 3870 14.2
77 3871 14.2
77 3872 14.2
77 3873 14.2
77 3874 14.2
77 3875 14.2
77 3876 14.2
77 3877 14.2
77 3878 14.2
77 3879 14.2
77 3880 14.2
77 3881 14.2
77 3882 14.2
77 3883 14.2
77 3884 14.2
77 3885 14.2
77 3886 14.2
77 3887 14.2
77 3888 14.2
77 3889 14.2
77 3890 14.2
77 3891 14.2
77 3892 14.2
77 3893 14.2
77 3894 14.2
77 3895 14.2
77 3896 14.2
77 3897 14.1
77 3898 14.1
77 3899 14.1
78 3900 14.1
78 3901 14.1
78 3902 14.1
78 3903 14.0
78 3904 14.0
78 3905 14.0
78 3906 14.0
78 3907 14.0
78 3908 14.0
78 3909 14.0
78 3910 14.0
78 3911 14.0
78 3912 14.0
78 3913 14.0
78 3914 14.0
78 3915 14.0
78 3916 14.0
78 3917 14.0
78 3918 14.0
78 3919 14.0
78 3920 14.0
78 3921 14.0
78 3922 14.0
78 3923 14.0
78 3924 14.0
78 3925 14.0
78 3926 14.0
78 3927 14.0
78 3928 14.0
78 3929 14.0
78 3930 14.0
78 3931 14.0
78 3932 14.0
78 3933 14.0
78 3934 14.0
78 3935 14.0
78 3936 14.0
78 3937 14.0
78 3938 14.0
78 3939 14.0
78 3940 14.0
78 3941 14.0
78 3942 14.0
78 3943 14.0
78 3944 14.0
78 3945 14.0
78 3946 14.0
78 3947 14.0
78 3948 14.0
78 3949 14.0
78 3950 14.0
78 3951 14.0
79 3952 14.0
79 3953 14.0
79 3954 14.0
79 3955 14.0
79 3956 14.0
79 3957 14.0
79 3958 14.0
79 3959 14.0
79 3960 14.0
79 3961 14.0
79 3962 14.0
79 3963 14.0
79 3964 14.0
79 3965 14.0
79 3966 14.0
79 3967 14.0
79 3968 14.0
79 3969 14.0
79 3970 14.0
79 3971 14.0
79 3972 14.0
79 3973 14.0
79 3974 14.0
79 3975 14.0
79 3976 14.0
79 3977 14.0
79 3978 14.0
79 3979 14.0
79 3980 14.0
79 3981 14.0
79 3982 14.0
79 3983 14.0
79 3984 14.0
79 3985 14.0
79 3986 14.0
79 3987 14.0
79 3988 14.0
79 3989 14.0
79 3990 14.0
79 3991 14.0
79 3992 14.0
79 3993 14.0
79 3994 14.0
79 3995 14.0
79 3996 14.0
79 3997 14.0
79 3998 14.0
79 3999 14.0
79 4000 14.0
79 4001 14.0
79 4002 14.0
79 4003 14.0
80 4004 14.0
80 4005 14.0
80 4006 14.0
80 4007 14.0
80 4008 14.0
80 4009 14.0
80 4010 14.0
80 4011 14.0
80 4012 14.0
80 4013 14.0
80 4014 14.0
80 4015 14.0
80 4016 14.0
80 4017 14.0
80 4018 14.0
80 4019 14.0
80 4020 13.9
80 4021 13.9
80 4022 13.9
80 4023 13.9
80 4024 13.9
80 4025 13.8
80 4026 13.8
80 4027 13.8
80 4028 13.8
80 4029 13.8
80 4030 13.8
80 4031 13.8
80 4032 13.8
80 4033 13.8
80 4034 13.8
80 4035 13.8
80 4036 13.8
80 4037 13.8
80 4038 13.6
80 4039 13.6
80 4040 13.6
80 4041 13.6
80 4042 13.6
80 4043 13.6
80 4044 13.6
80 4045 13.6
80 4046 13.6
80 4047 13.6
80 4048 13.6
80 4049 13.6
80 4050 13.6
80 4051 13.6
80 4052 13.6
80 4053 13.6
80 4054 13.6
80 4055 13.6
80 4056 13.6
81 4057 13.6
81 4058 13.6
81 4059 13.6
81 4060 13.6
81 4061 13.6
81 4062 13.6
81 4063 13.6
81 4064 13.5
81 4065 13.5
81 4066 13.5
81 4067 13.5
81 4068 13.5
81 4069 13.5
81 4070 13.5
81 4071 13.5
81 4072 13.5
81 4073 13.5
81 4074 13.5
81 4075 13.5
81 4076 13.5
81 4077 13.5
81 4078 13.5
81 4079 13.5
81 4080 13.5
81 4081 13.5
81 4082 13.5
81 4083 13.5
81 4084 13.5
81 4085 13.5
81 4086 13.5
81 4087 13.5
81 4088 13.5
81 4089 13.5
81 4090 13.5
81 4091 13.5
81 4092 13.5
81 4093 13.5
81 4094 13.5
81 4095 13.5
81 4096 13.5
81 4097 13.5
81 4098 13.5
81 4099 13.5
81 4100 13.5
81 4101 13.5
81 4102 13.5
81 4103 13.5
81 4104 13.5
81 4105 13.5
81 4106 13.5
81 4107 13.5
81 4108 13.5
81 4109 13.5
82 4110 13.5
82 4111 13.5
82 4112 13.5
82 4113 13.5
82 4114 13.5
82 4115 13.5
82 4116 13.5
82 4117 13.5
82 4118 13.5
82 4119 13.5
82 4120 13.5
82 4121 13.5
82 4122 13.5
82 4123 13.5
82 4124 13.5
82 4125 13.5
82 4126 13.5
82 4127 13.5
82 4128 13.5
82 4129 13.5
82 4130 13.5
82 4131 13.5
82 4132 13.5
82 4133 13.5
82 4134 13.5
82 4135 13.5
82 4136 13.5
82 4137 13.5
82 4138 13.5
82 4139 13.5
82 4140 13.5
82 4141 13.5
82 4142 13.5
82 4143 13.5
82 4144 13.5
82 4145 13.5
82 4146 13.5
82 4147 13.5
82 4148 13.5
82 4149 13.5
82 4150 13.5
82 4151 13.5
82 4152 13.5
82 4153 13.5
82 4154 13.5
82 4155 13.5
82 4156 13.5
82 4157 13.5
82 4158 13.5
82 4159 13.5
83 4160 13.5
83 4161 13.5
83 4162 13.5
83 4163 13.5
83 4164 13.5
83 4165 13.4
83 4166 13.4
83 4167 13.3
83 4168 13.3
83 4169 13.3
83 4170 13.3
83 4171 13.3
83 4172 13.3
83 4173 13.3
83 4174 13.3
83 4175 13.3
83 4176 13.3
83 4177 13.3
83 4178 13.3
83 4179 13.3
83 4180 13.3
83 4181 13.3
83 4182 13.3
83 4183 13.3
83 4184 13.3
83 4185 13.3
83 4186 13.3
83 4187 13.3
83 4188 13.3
83 4189 13.3
83 4190 13.3
83 4191 13.3
83 4192 13.3
83 4193 13.3
83 4194 13.3
83 4195 13.3
83 4196 13.3
83 4197 13.3
83 4198 13.3
83 4199 13.3
83 4200 13.3
83 4201 13.3
83 4202 13.3
83 4203 13.3
83 4204 13.3
83 4205 13.3
83 4206 13.3
83 4207 13.3
83 4208 13.3
83 4209 13.3
83 4210 13.3
83 4211 13.3
83 4212 13.3
84 4213 13.3
84 4214 13.3
84 4215 13.3
84 4216 13.3
84 4217 13.3
84 4218 13.3
84 4219 13.3
84 4220 13.3
84 4221 13.3
84 4222 13.3
84 4223 13.3
84 4224 13.3
84 4225 13.3
84 4226 13.3
84 4227 13.3
84 4228 13.3
84 4229 13.3
84 4230 13.3
84 4231 13.3
84 4232 13.3
84 4233 13.3
84 4234 13.3
84 4235 13.3
84 4236 13.3
84 4237 13.3
84 4238 13.3
84 4239 13.3
84 4240 13.3
84 4241 13.3
84 4242 13.3
84 4243 13.3
84 4244 13.3
84 4245 13.3
84 4246 13.3
84 4247 13.3
84 4248 13.3
84 4249 13.3
84 4250 13.3
84 4251 13.3
84 4252 13.3
84 4253 13.3
84 4254 13.3
84 4255 13.3
84 4256 13.3
84 4257 13.3
84 4258 13.3
84 4259 13.3
84 4260 13.3
84 4261 13.3
84 4262 13.3
84 4263 13.3
84 4264 13.3
85 4265 13.3
85 4266 13.3
85 4267 13.3
85 4268 13.3
85 4269 13.3
85 4270 13.3
85 4271 13.3
85 4272 13.3
85 4273 13.3
85 4274 13.3
85 4275 13.3
85 4276 13.3
85 4277 13.3
85 4278 13.3
85 4279 13.3
85 4280 13.3
85 4281 13.3
85 4282 13.3
85 4283 13.3
85 4284 13.3
85 4285 13.3
85 4286 13.3
85 4287 13.3
85 4288 13.3
85 4289 13.3
85 4290 13.3
85 4291 13.3
85 4292 13.3
85 4293 13.3
85 4294 13.3
85 4295 13.3
85 4296 13.3
85 4297 13.3
85 4298 13.3
85 4299 13.3
85 4300 13.3
85 4301 13.3
85 4302 13.3
85 4303 13.3
85 4304 13.3
85 4305 13.3
85 4306 13.3
85 4307 13.3
85 4308 13.3
85 4309 13.3
85 4310 13.3
85 4311 13.3
85 4312 13.3
85 4313 13.3
85 4314 13.3
85 4315 13.3
85 4316 13.3
85 4317 13.3
85 4318 13.3
86 4319 13.3
86 4320 13.3
86 4321 13.3
86 4322 13.3
86 4323 13.3
86 4324 13.3
86 4325 13.3
86 4326 13.3
86 4327 13.3
86 4328 13.3
86 4329 13.3
86 4330 13.3
86 4331 13.3
86 4332 13.3
86 4333 13.3
86 4334 13.3
86 4335 13.3
86 4336 13.3
86 4337 13.3
86 4338 13.3
86 4339 13.3
86 4340 13.3
86 4341 13.3
86 4342 13.3
86 4343 13.3
86 4344 13.3
86 4345 13.3
86 4346 13.3
86 4347 13.3
86 4348 13.3
86 4349 13.3
86 4350 13.3
86 4351 13.3
86 4352 13.3
86 4353 13.3
86 4354 13.3
86 4355 13.3
86 4356 13.3
86 4357 13.3
86 4358 13.3
86 4359 13.3
86 4360 13.3
86 4361 13.3
86 4362 13.3
86 4363 13.3
86 4364 13.3
86 4365 13.3
86 4366 13.3
86 4367 13.3
86 4368 13.3
86 4369 13.3
86 4370 13.3
86 4371 13.3
86 4372 13.3
86 4373 13.3
87 4374 13.3
87 4375 13.3
87 4376 13.3
87 4377 13.3
87 4378 13.3
87 4379 13.3
87 4380 13.3
87 4381 13.3
87 4382 13.3
87 4383 13.3
87 4384 13.3
87 4385 13.3
87 4386 13.3
87 4387 13.3
87 4388 13.3
87 4389 13.3
87 4390 13.3
87 4391 13.3
87 4392 13.3
87 4393 13.3
87 4394 13.3
87 4395 13.3
87 4396 13.3
87 4397 13.3
87 4398 13.3
87 4399 13.3
87 4400 13.3
87 4401 13.3
87 4402 13.3
87 4403 13.3
87 4404 13.3
87 4405 13.3
87 4406 13.3
87 4407 13.3
87 4408 13.3
87 4409 13.3
87 4410 13.3
87 4411 13.3
87 4412 13.3
87 4413 13.3
87 4414 13.3
87 4415 13.3
87 4416 13.3
87 4417 13.3
87 4418 13.3
87 4419 13.3
87 4420 13.3
87 4421 13.3
87 4422 13.3
87 4423 13.3
87 4424 13.3
87 4425 13.3
87 4426 13.3
88 4427 13.3
88 4428 13.3
88 4429 13.3
88 4430 13.3
88 4431 13.3
88 4432 13.3
88 4433 13.3
88 4434 13.3
88 4435 13.3
88 4436 13.3
88 4437 13.3
88 4438 13.3
88 4439 13.3
88 4440 13.3
88 4441 13.3
88 4442 13.3
88 4443 13.3
88 4444 13.3
88 4445 13.3
88 4446 13.3
88 4447 13.3
88 4448 13.3
88 4449 13.3
88 4450 13.3
88 4451 13.3
88 4452 13.3
88 4453 13.3
88 4454 13.3
88 4455 13.3
88 4456 13.3
88 4457 13.3
88 4458 13.3
88 4459 13.3
88 4460 13.3
88 4461 13.3
88 4462 13.3
88 4463 13.3
88 4464 13.3
88 4465 13.3
88 4466 13.3
88 4467 13.3
88 4468 13.3
88 4469 13.3
88 4470 13.3
88 4471 13.3
88 4472 13.3
88 4473 13.3
88 4474 13.3
88 4475 13.3
88 4476 13.3
88 4477 13.3
88 4478 13.3
88 4479 13.3
88 4480 13.3
89 4481 13.3
89 4482 13.3
89 4483 13.3
89 4484 13.3
89 4485 13.3
89 4486 13.3
89 4487 13.3
89 4488 13.3
89 4489 13.3
89 4490 13.3
89 4491 13.3
89 4492 13.3
89 4493 13.3
89 4494 13.3
89 4495 13.3
89 4496 13.3
89 4497 13.3
89 4498 13.3
89 4499 13.3
89 4500 13.3
89 4501 13.3
89 4502 13.3
89 4503 13.3
89 4504 13.3
89 4505 13.3
89 4506 13.3
89 4507 13.3
89 4508 13.3
89 4509 13.3
89 4510 13.3
90 4511 13.3
90 4512 13.3
90 4513 13.3
90 4514 13.3
90 4515 13.3
90 4516 13.3
90 4517 13.3
90 4518 13.3
90 4519 13.3
90 4520 13.3
90 4521 13.3
90 4522 13.3
90 4523 13.3
90 4524 13.3
90 4525 13.3
90 4526 13.3
90 4527 13.3
90 4528 13.3
90 4529 13.3
90 4530 13.3
90 4531 13.3
90 4532 13.3
90 4533 13.3
90 4534 13.3
90 4535 13.3
90 4536 13.3
90 4537 13.3
90 4538 13.3
90 4539 13.3
90 4540 13.3
90 4541 13.3
90 4542 13.3
90 4543 13.3
90 4544 13.3
90 4545 13.3
90 4546 13.3
90 4547 13.3
90 4548 13.3
90 4549 13.3
90 4550 13.3
90 4551 13.3
90 4552 13.3
91 4553 13.3
91 4554 13.3
91 4555 13.3
91 4556 13.3
91 4557 13.3
91 4558 13.3
91 4559 13.3
91 4560 13.3
91 4561 13.3
91 4562 13.3
91 4563 13.3
91 4564 13.3
91 4565 13.3
91 4566 13.3
91 4567 13.3
91 4568 13.3
91 4569 13.3
91 4570 13.3
91 4571 13.3
91 4572 13.3
91 4573 13.3
91 4574 13.3
91 4575 13.3
91 4576 13.3
91 4577 13.3
91 4578 13.3
91 4579 13.3
91 4580 13.3
91 4581 13.3
91 4582 13.3
91 4583 13.3
91 4584 13.3
91 4585 13.3
91 4586 13.3
91 4587 13.3
91 4588 13.3
91 4589 13.3
91 4590 13.3
91 4591 13.3
91 4592 13.3
91 4593 13.3
91 4594 13.3
91 4595 13.3
91 4596 13.3
91 4597 13.3
91 4598 13.3
91 4599 13.3
91 4600 13.3
91 4601 13.3
91 4602 13.3
91 4603 13.3
92 4604 13.3
92 4605 13.3
92 4606 13.3
92 4607 13.3
92 4608 13.3
92 4609 13.3
92 4610 13.3
92 4611 13.3
92 4612 13.3
92 4613 13.3
92 4614 13.3
92 4615 13.3
92 4616 13.3
92 4617 13.3
92 4618 13.3
92 4619 13.3
92 4620 13.3
92 4621 13.3
92 4622 13.3
92 4623 13.3
92 4624 13.3
92 4625 13.3
92 4626 13.3
92 4627 13.3
92 4628 13.3
92 4629 13.3
92 4630 13.3
92 4631 13.3
92 4632 13.3
92 4633 13.3
92 4634 13.3
92 4635 13.3
92 4636 13.3
92 4637 13.3
92 4638 13.3
92 4639 13.3
92 4640 13.3
92 4641 13.3
92 4642 13.3
92 4643 13.3
92 4644 13.3
92 4645 13.3
92 4646 13.3
92 4647 13.3
92 4648 13.3
92 4649 13.3
92 4650 13.3
92 4651 13.3
92 4652 13.3
92 4653 13.3
93 4654 13.3
93 4655 13.3
93 4656 13.3
93 4657 13.3
93 4658 13.3
93 4659 13.3
93 4660 13.3
93 4661 13.3
93 4662 13.3
93 4663 13.3
93 4664 13.3
93 4665 13.3
93 4666 13.3
93 4667 13.3
93 4668 13.3
93 4669 13.3
93 4670 13.3
93 4671 13.3
93 4672 13.3
93 4673 13.3
93 4674 13.3
93 4675 13.3
93 4676 13.3
93 4677 13.3
93 4678 13.3
93 4679 13.3
93 4680 13.3
93 4681 13.3
93 4682 13.3
93 4683 13.3
93 4684 13.3
93 4685 13.3
93 4686 13.3
93 4687 13.3
93 4688 13.3
93 4689 13.3
93 4690 13.3
93 4691 13.3
93 4692 13.3
93 4693 13.3
93 4694 13.3
93 4695 13.3
93 4696 13.3
93 4697 13.3
93 4698 13.3
93 4699 13.3
93 4700 13.3
93 4701 13.3
93 4702 13.3
93 4703 13.3
93 4704 13.3
93 4705 13.3
93 4706 13.3
93 4707 13.3
93 4708 13.3
93 4709 13.3
93 4710 13.3
93 4711 13.3
93 4712 13.3
93 4713 13.3
93 4714 13.3
93 4715 13.3
93 4716 13.3
94 4717 13.3
94 4718 13.3
94 4719 13.3
94 4720 13.3
94 4721 13.3
94 4722 13.3
94 4723 13.3
94 4724 13.3
94 4725 13.3
94 4726 13.3
94 4727 13.3
94 4728 13.3
94 4729 13.3
94 4730 13.3
94 4731 13.3
94 4732 13.3
94 4733 13.3
2032 4734 13.3
