1 1 49.5
1 2 49.5
1 3 47.8
1 4 47.8
1 5 46.9
1 6 46.9
1 7 46.9
1 8 46.9
1 9 46.4
1 10 46.4
1 11 46.4
1 12 46.4
1 13 46.4
1 14 45.6
1 15 45.6
1 16 45.6
1 17 44.8
1 18 44.7
1 19 44.7
1 20 44.7
1 21 44.7
1 22 44.7
1 23 44.4
1 24 44.4
1 25 44.4
1 26 44.4
1 27 44.4
1 28 44.4
1 29 44.4
1 30 44.4
1 31 44.4
1 32 44.4
1 33 44.4
1 34 44.4
2 35 44.4
2 36 42.8
2 37 42.8
2 38 42.8
2 39 42.8
2 40 42.8
2 41 42.0
2 42 42.0
2 43 42.0
2 44 42.0
2 45 41.5
2 46 41.5
2 47 41.5
2 48 41.5
2 49 41.0
2 50 41.0
2 51 41.0
2 52 41.0
2 53 41.0
2 54 41.0
2 55 41.0
2 56 41.0
2 57 41.0
2 58 41.0
2 59 41.0
2 60 41.0
2 61 41.0
2 62 40.5
2 63 40.5
2 64 40.5
2 65 40.5
2 66 40.5
2 67 40.5
2 68 40.5
2 69 40.5
2 70 40.5
2 71 40.5
2 72 40.5
2 73 40.5
3 74 40.4
3 75 40.0
3 76 40.0
3 77 40.0
3 78 40.0
3 79 40.0
3 80 40.0
3 81 39.4
3 82 39.4
3 83 39.4
3 84 39.4
3 85 39.4
3 86 39.4
3 87 39.4
3 88 39.4
3 89 39.4
3 90 39.4
3 91 39.4
3 92 39.4
3 93 39.4
3 94 39.4
3 95 39.4
3 96 39.4
3 97 39.4
3 98 39.4
3 99 39.4
3 100 39.4
3 101 39.4
3 102 39.4
3 103 39.4
3 104 39.2
3 105 39.2
3 106 39.2
3 107 39.2
3 108 39.2
3 109 39.2
3 110 39.2
3 111 39.2
3 112 39.2
3 113 39.2
3 114 39.2
3 115 39.2
3 116 39.2
3 117 38.6
4 118 38.6
4 119 38.6
4 120 38.6
4 121 38.6
4 122 38.6
4 123 38.6
4 124 38.4
4 125 38.4
4 126 38.4
4 127 38.4
4 128 38.4
4 129 38.4
4 130 38.4
4 131 38.4
4 132 38.4
4 133 38.4
4 134 38.4
4 135 38.4
4 136 38.4
4 137 38.4
4 138 38.4
4 139 38.4
4 140 38.4
4 141 38.4
4 142 38.4
4 143 38.4
4 144 38.4
4 145 38.4
4 146 38.4
4 147 38.4
4 148 38.4
4 149 38.4
4 150 38.4
4 151 38.4
4 152 38.4
4 153 38.4
4 154 38.4
4 155 36.7
4 156 36.7
4 157 36.7
4 158 36.7
4 159 36.7
4 160 36.2
4 161 36.2
4 162 36.2
5 163 36.2
5 164 36.2
5 165 35.9
5 166 35.9
5 167 35.9
5 168 35.9
5 169 35.7
5 170 35.7
5 171 35.7
5 172 35.7
5 173 35.7
5 174 35.7
5 175 35.7
5 176 35.5
5 177 35.5
5 178 35.5
5 179 35.5
5 180 35.5
5 181 35.5
5 182 35.5
5 183 35.5
5 184 35.5
5 185 35.5
5 186 35.5
5 187 34.0
5 188 34.0
5 189 34.0
5 190 32.1
5 191 32.1
5 192 32.1
5 193 32.1
5 194 32.0
5 195 32.0
5 196 32.0
5 197 32.0
5 198 32.0
5 199 32.0
5 200 32.0
5 201 32.0
5 202 32.0
5 203 32.0
5 204 32.0
5 205 32.0
5 206 32.0
5 207 32.0
5 208 32.0
5 209 32.0
5 210 32.0
5 211 32.0
5 212 32.0
6 213 32.0
6 214 32.0
6 215 32.0
6 216 32.0
6 217 32.0
6 218 32.0
6 219 32.0
6 220 32.0
6 221 32.0
6 222 32.0
6 223 32.0
6 224 32.0
6 225 32.0
6 226 32.0
6 227 32.0
6 228 32.0
6 229 32.0
6 230 32.0
6 231 32.0
6 232 32.0
6 233 32.0
6 234 32.0
6 235 32.0
6 236 32.0
6 237 32.0
6 238 32.0
6 239 32.0
6 240 32.0
6 241 32.0
6 242 32.0
6 243 32.0
6 244 32.0
6 245 32.0
6 246 32.0
6 247 32.0
6 248 32.0
6 249 32.0
6 250 32.0
6 251 32.0
6 252 32.0
6 253 32.0
6 254 32.0
6 255 32.0
6 256 32.0
6 257 32.0
6 258 32.0
6 259 32.0
6 260 32.0
6 261 32.0
6 262 32.0
7 263 32.0
7 264 32.0
7 265 32.0
7 266 32.0
7 267 32.0
7 268 32.0
7 269 32.0
7 270 32.0
7 271 32.0
7 272 32.0
7 273 32.0
7 274 32.0
7 275 32.0
7 276 32.0
7 277 32.0
7 278 32.0
7 279 32.0
7 280 32.0
7 281 32.0
7 282 32.0
7 283 32.0
7 284 32.0
7 285 32.0
7 286 32.0
7 287 32.0
7 288 32.0
7 289 32.0
7 290 32.0
7 291 32.0
7 292 32.0
7 293 32.0
7 294 32.0
7 295 32.0
7 296 32.0
7 297 32.0
7 298 32.0
7 299 32.0
7 300 32.0
7 301 32.0
7 302 32.0
7 303 31.7
7 304 31.7
7 305 31.7
7 306 31.7
7 307 31.7
7 308 31.6
7 309 31.6
7 310 31.5
7 311 31.5
8 312 31.5
8 313 31.5
8 314 31.5
8 315 30.7
8 316 30.7
8 317 30.7
8 318 30.1
8 319 30.1
8 320 30.1
8 321 30.1
8 322 30.1
8 323 29.8
8 324 29.8
8 325 29.8
8 326 29.8
8 327 29.8
8 328 29.8
8 329 29.6
8 330 29.6
8 331 29.6
8 332 29.6
8 333 29.6
8 334 29.6
8 335 29.6
8 336 29.6
8 337 29.6
8 338 29.6
8 339 29.6
8 340 29.6
8 341 29.6
8 342 29.6
8 343 29.6
8 344 29.6
8 345 29.6
8 346 29.5
8 347 29.5
8 348 29.5
8 349 29.3
8 350 29.3
8 351 29.3
8 352 29.3
8 353 29.3
8 354 29.3
8 355 29.3
8 356 29.3
8 357 29.3
8 358 29.3
8 359 29.3
8 360 29.3
8 361 29.3
9 362 29.3
9 363 29.3
9 364 29.3
9 365 29.3
9 366 29.3
9 367 29.3
9 368 29.3
9 369 29.3
9 370 29.3
9 371 29.3
9 372 29.3
9 373 29.3
9 374 29.3
9 375 29.3
9 376 29.3
9 377 29.3
9 378 29.3
9 379 29.3
9 380 29.3
9 381 29.3
9 382 29.3
9 383 29.3
9 384 29.3
9 385 29.3
9 386 29.3
9 387 29.3
9 388 29.3
9 389 29.3
9 390 29.3
9 391 29.3
9 392 29.3
9 393 29.3
9 394 29.2
9 395 29.2
9 396 29.2
9 397 29.2
9 398 29.2
9 399 29.2
9 400 29.2
9 401 29.2
9 402 29.2
9 403 29.2
9 404 29.2
9 405 29.2
9 406 29.2
9 407 29.2
9 408 29.2
9 409 29.2
10 410 29.2
10 411 29.2
10 412 29.2
10 413 29.2
10 414 29.2
10 415 29.2
10 416 29.2
10 417 29.2
10 418 29.2
10 419 29.2
10 420 29.2
10 421 29.2
10 422 29.2
10 423 29.2
10 424 29.2
10 425 28.9
10 426 28.9
10 427 28.9
10 428 28.9
10 429 28.9
10 430 28.9
10 431 28.9
10 432 28.9
10 433 28.9
10 434 28.9
10 435 28.9
10 436 28.9
10 437 28.9
10 438 28.9
10 439 28.9
10 440 28.9
10 441 28.9
10 442 28.9
10 443 28.9
10 444 28.9
10 445 28.9
10 446 28.9
10 447 28.9
10 448 28.9
10 449 28.9
10 450 28.9
10 451 28.9
10 452 28.9
10 453 28.9
10 454 28.9
10 455 28.9
10 456 28.9
10 457 28.9
10 458 28.9
11 459 28.9
11 460 28.9
11 461 28.9
11 462 28.9
11 463 28.9
11 464 28.9
11 465 28.9
11 466 28.9
11 467 28.9
11 468 28.9
11 469 28.9
11 470 28.9
11 471 28.9
11 472 28.9
11 473 28.9
11 474 28.9
11 475 28.9
11 476 28.9
11 477 28.9
11 478 28.9
11 479 28.9
11 480 28.9
11 481 28.9
11 482 28.9
11 483 28.9
11 484 28.9
11 485 28.9
11 486 28.9
11 487 28.9
11 488 28.9
11 489 28.9
11 490 28.9
11 491 28.9
11 492 28.9
11 493 28.9
11 494 28.9
11 495 28.9
11 496 28.9
11 497 28.9
11 498 28.9
11 499 28.9
11 500 28.9
11 501 28.9
11 502 28.9
11 503 28.9
11 504 28.9
11 505 28.9
11 506 28.9
11 507 28.9
12 508 28.9
12 509 28.9
12 510 28.9
12 511 28.9
12 512 28.9
12 513 28.9
12 514 28.9
12 515 28.9
12 516 28.9
12 517 28.9
12 518 28.9
12 519 28.9
12 520 28.9
12 521 28.9
12 522 28.9
12 523 28.9
12 524 28.9
12 525 28.9
12 526 28.9
12 527 28.9
12 528 28.9
12 529 28.9
12 530 28.9
12 531 28.9
12 532 28.9
12 533 28.9
12 534 28.9
12 535 28.9
12 536 28.9
12 537 28.9
12 538 28.9
12 539 28.9
12 540 28.9
12 541 28.9
12 542 28.9
12 543 28.9
12 544 28.9
12 545 28.9
12 546 28.9
12 547 28.9
12 548 28.9
12 549 28.9
12 550 28.9
12 551 28.9
12 552 28.9
12 553 28.9
12 554 28.9
12 555 28.9
12 556 28.9
12 557 28.9
13 558 28.9
13 559 28.9
13 560 28.9
13 561 28.9
13 562 28.9
13 563 28.9
13 564 28.9
13 565 28.9
13 566 28.9
13 567 28.9
13 568 28.9
13 569 28.9
13 570 28.9
13 571 28.9
13 572 28.9
13 573 28.9
13 574 28.9
13 575 28.9
13 576 28.9
13 577 28.9
13 578 28.9
13 579 28.9
13 580 28.9
13 581 28.9
13 582 28.9
13 583 28.9
13 584 28.9
13 585 28.9
13 586 28.9
13 587 28.9
13 588 28.9
13 589 28.9
13 590 28.9
13 591 28.9
13 592 28.9
13 593 28.9
13 594 28.9
13 595 28.9
13 596 28.9
13 597 28.9
13 598 28.9
13 599 28.9
13 600 28.9
13 601 28.9
13 602 28.9
13 603 28.9
13 604 28.9
13 605 28.9
13 606 28.9
13 607 28.9
13 608 28.9
14 609 28.9
14 610 28.9
14 611 28.9
14 612 28.9
14 613 28.9
14 614 28.9
14 615 28.9
14 616 28.9
14 617 28.9
14 618 28.9
14 619 28.9
14 620 28.9
14 621 28.9
14 622 28.9
14 623 28.9
14 624 28.9
14 625 28.9
14 626 28.9
14 627 28.9
14 628 28.9
14 629 28.9
14 630 28.9
14 631 28.9
14 632 28.9
14 633 28.9
14 634 28.9
14 635 28.9
14 636 28.9
14 637 28.9
14 638 28.9
14 639 28.9
14 640 28.9
14 641 28.9
14 642 28.9
14 643 28.9
14 644 28.9
14 645 28.9
14 646 28.9
14 647 28.9
14 648 28.9
14 649 28.9
14 650 28.9
14 651 28.9
14 652 28.9
14 653 28.9
14 654 28.9
14 655 28.9
14 656 28.9
14 657 28.9
14 658 28.9
14 659 28.9
15 660 28.9
15 661 28.9
15 662 28.9
15 663 28.9
15 664 28.9
15 665 28.9
15 666 28.9
15 667 28.9
15 668 28.9
15 669 28.9
15 670 28.9
15 671 28.9
15 672 28.9
15 673 28.9
15 674 28.9
15 675 28.9
15 676 28.9
15 677 28.9
15 678 28.9
15 679 28.9
15 680 28.9
15 681 28.9
15 682 28.9
15 683 28.9
15 684 28.9
15 685 28.9
15 686 28.9
15 687 28.9
15 688 28.9
15 689 28.9
15 690 28.9
15 691 28.9
15 692 28.9
15 693 28.9
15 694 28.9
15 695 28.9
15 696 28.9
15 697 28.9
15 698 28.9
15 699 28.9
15 700 28.9
15 701 28.9
15 702 28.9
15 703 28.9
15 704 28.9
15 705 28.9
15 706 28.9
15 707 28.9
15 708 28.9
15 709 28.9
16 710 28.9
16 711 28.9
16 712 28.9
16 713 28.9
16 714 28.9
16 715 28.9
16 716 28.9
16 717 28.9
16 718 28.9
16 719 28.9
16 720 28.9
16 721 28.9
16 722 28.9
16 723 28.9
16 724 28.9
16 725 28.9
16 726 28.9
16 727 28.9
16 728 28.9
16 729 28.9
16 730 28.9
16 731 28.9
16 732 28.9
16 733 28.9
16 734 28.9
16 735 28.9
16 736 28.9
16 737 28.9
16 738 28.9
16 739 28.9
16 740 28.9
16 741 28.9
16 742 28.9
16 743 28.9
16 744 28.9
16 745 28.9
16 746 28.9
16 747 28.9
16 748 28.9
16 749 28.9
16 750 28.9
16 751 28.9
16 752 28.9
16 753 28.9
16 754 28.9
16 755 28.9
16 756 28.9
16 757 28.9
16 758 28.9
16 759 28.9
16 760 28.9
16 761 28.9
17 762 28.9
17 763 28.9
17 764 28.9
17 765 28.9
17 766 28.9
17 767 28.9
17 768 28.9
17 769 28.9
17 770 28.9
17 771 28.9
17 772 28.9
17 773 28.9
17 774 28.9
17 775 28.9
17 776 28.9
17 777 28.9
17 778 28.9
17 779 28.9
17 780 28.9
17 781 28.9
17 782 28.9
17 783 28.9
17 784 28.9
17 785 28.9
17 786 28.9
17 787 28.9
17 788 28.9
17 789 28.9
17 790 28.9
17 791 28.9
17 792 28.9
17 793 28.9
17 794 28.9
17 795 28.9
17 796 28.9
17 797 28.9
17 798 28.9
17 799 28.9
17 800 28.9
17 801 28.9
17 802 28.9
17 803 28.9
17 804 28.9
17 805 28.9
17 806 28.9
17 807 28.9
17 808 28.9
17 809 28.9
17 810 28.9
17 811 28.9
17 812 28.9
18 813 28.9
18 814 28.9
18 815 28.9
18 816 28.9
18 817 28.9
18 818 28.9
18 819 28.9
18 820 28.9
18 821 28.9
18 822 28.9
18 823 28.9
18 824 28.9
18 825 28.9
18 826 28.9
18 827 28.9
18 828 28.9
18 829 28.9
18 830 28.9
18 831 28.9
18 832 28.9
18 833 28.9
18 834 28.9
18 835 28.9
18 836 28.9
18 837 28.9
18 838 28.9
18 839 28.9
18 840 28.9
18 841 28.9
18 842 28.9
18 843 28.9
18 844 28.9
18 845 28.9
18 846 28.9
18 847 28.9
18 848 28.9
18 849 28.9
18 850 28.9
18 851 28.9
18 852 28.9
18 853 28.9
18 854 28.9
18 855 28.9
18 856 28.9
18 857 28.9
18 858 28.9
18 859 28.9
18 860 28.9
18 861 28.9
18 862 28.9
19 863 28.9
19 864 28.9
19 865 28.9
19 866 28.9
19 867 28.9
19 868 28.9
19 869 28.9
19 870 28.9
19 871 28.9
19 872 28.9
19 873 28.9
19 874 28.9
19 875 28.9
19 876 28.9
19 877 28.9
19 878 28.9
19 879 28.9
19 880 28.9
19 881 28.9
19 882 28.9
19 883 28.9
19 884 28.9
19 885 28.9
19 886 28.9
19 887 28.9
19 888 28.9
19 889 28.9
19 890 28.9
19 891 28.9
19 892 28.9
19 893 28.9
19 894 28.9
19 895 28.9
19 896 28.9
19 897 28.9
19 898 28.9
19 899 28.9
19 900 28.9
19 901 28.9
19 902 28.9
19 903 28.9
19 904 28.9
19 905 28.9
19 906 28.9
19 907 28.9
19 908 28.9
19 909 28.9
19 910 28.9
19 911 28.9
20 912 28.9
20 913 28.9
20 914 28.9
20 915 28.9
20 916 28.9
20 917 28.9
20 918 28.9
20 919 28.9
20 920 28.9
20 921 28.9
20 922 28.9
20 923 28.9
20 924 28.9
20 925 28.9
20 926 28.9
20 927 28.9
20 928 28.9
20 929 28.9
20 930 28.9
20 931 28.9
20 932 28.9
20 933 28.9
20 934 28.9
20 935 28.9
20 936 28.9
20 937 28.9
20 938 28.9
20 939 28.9
20 940 28.9
20 941 28.9
20 942 28.9
20 943 28.9
20 944 28.9
20 945 28.9
20 946 28.9
20 947 28.9
20 948 28.9
20 949 28.9
20 950 28.9
20 951 28.9
20 952 28.9
20 953 28.9
20 954 28.9
20 955 28.9
20 956 28.9
20 957 28.9
20 958 28.9
20 959 28.9
20 960 28.9
20 961 28.9
20 962 28.9
20 963 28.9
21 964 28.9
21 965 28.9
21 966 28.9
21 967 28.9
21 968 28.9
21 969 28.9
21 970 28.9
21 971 28.9
21 972 28.9
21 973 28.9
21 974 28.9
21 975 28.9
21 976 28.9
21 977 28.9
21 978 28.9
21 979 28.9
21 980 28.9
21 981 28.9
21 982 28.9
21 983 28.9
21 984 28.9
21 985 28.9
21 986 28.9
21 987 28.9
21 988 28.9
21 989 28.9
21 990 28.9
21 991 28.9
21 992 28.9
21 993 28.9
21 994 28.9
21 995 28.9
21 996 28.9
21 997 28.9
21 998 28.9
21 999 28.9
21 1000 28.9
21 1001 28.9
21 1002 28.9
21 1003 28.9
21 1004 28.9
21 1005 28.9
21 1006 28.9
21 1007 28.9
21 1008 28.9
21 1009 28.9
21 1010 28.9
21 1011 28.9
21 1012 28.9
21 1013 28.9
22 1014 28.9
22 1015 28.9
22 1016 28.9
22 1017 28.9
22 1018 28.9
22 1019 28.9
22 1020 28.9
22 1021 28.9
22 1022 28.9
22 1023 28.9
22 1024 28.9
22 1025 28.9
22 1026 28.9
22 1027 28.9
22 1028 28.9
22 1029 28.9
22 1030 28.9
22 1031 28.9
22 1032 28.9
22 1033 28.9
22 1034 28.9
22 1035 28.9
22 1036 28.9
22 1037 28.9
22 1038 28.9
22 1039 28.9
22 1040 28.9
22 1041 28.9
22 1042 28.9
22 1043 28.9
22 1044 28.9
22 1045 28.9
22 1046 28.9
22 1047 28.9
22 1048 28.9
22 1049 28.9
22 1050 28.9
22 1051 28.9
22 1052 28.9
22 1053 28.9
22 1054 28.9
22 1055 28.9
22 1056 28.9
22 1057 28.9
22 1058 28.9
22 1059 28.9
22 1060 28.9
23 1061 28.9
23 1062 28.9
23 1063 28.9
23 1064 28.9
23 1065 28.9
23 1066 28.9
23 1067 28.9
23 1068 28.9
23 1069 28.9
23 1070 28.9
23 1071 28.9
23 1072 28.9
23 1073 28.9
23 1074 28.9
23 1075 28.9
23 1076 28.9
23 1077 28.9
23 1078 28.9
23 1079 28.9
23 1080 28.9
23 1081 28.9
23 1082 28.9
23 1083 28.9
23 1084 28.9
23 1085 28.9
23 1086 28.9
23 1087 28.9
23 1088 28.9
23 1089 28.9
23 1090 28.9
23 1091 28.9
23 1092 28.9
23 1093 28.9
23 1094 28.9
23 1095 28.9
23 1096 28.9
23 1097 28.9
23 1098 28.9
23 1099 28.9
23 1100 28.9
23 1101 28.9
23 1102 28.9
23 1103 28.9
23 1104 28.9
23 1105 28.9
23 1106 28.9
23 1107 28.9
23 1108 28.9
23 1109 28.9
23 1110 28.9
23 1111 28.9
24 1112 28.9
24 1113 28.9
24 1114 28.9
24 1115 28.9
24 1116 28.9
24 1117 28.9
24 1118 28.9
24 1119 28.9
24 1120 28.9
24 1121 28.9
24 1122 28.9
24 1123 28.9
24 1124 28.9
24 1125 28.9
24 1126 28.9
24 1127 28.9
24 1128 28.9
24 1129 28.9
24 1130 28.9
24 1131 28.9
24 1132 28.9
24 1133 28.9
24 1134 28.9
24 1135 28.9
24 1136 28.9
24 1137 28.9
24 1138 28.9
24 1139 28.9
24 1140 28.9
24 1141 28.9
24 1142 28.9
24 1143 28.9
24 1144 28.9
24 1145 28.9
24 1146 28.9
24 1147 28.9
24 1148 28.9
24 1149 28.9
24 1150 28.9
24 1151 28.9
24 1152 28.9
24 1153 28.9
24 1154 28.9
24 1155 28.9
24 1156 28.9
24 1157 28.9
24 1158 28.9
24 1159 28.9
24 1160 28.9
25 1161 28.9
25 1162 28.9
25 1163 28.9
25 1164 28.9
25 1165 28.9
25 1166 28.9
25 1167 28.9
25 1168 28.9
25 1169 28.9
25 1170 28.9
25 1171 28.9
25 1172 28.9
25 1173 28.9
25 1174 28.9
25 1175 28.9
25 1176 28.9
25 1177 28.9
25 1178 28.9
25 1179 28.9
25 1180 28.9
25 1181 28.9
25 1182 28.9
25 1183 28.9
25 1184 28.9
25 1185 28.9
25 1186 28.9
25 1187 28.9
25 1188 28.9
25 1189 28.9
25 1190 28.9
25 1191 28.9
25 1192 28.9
25 1193 28.9
25 1194 28.9
25 1195 28.9
25 1196 28.9
25 1197 28.9
25 1198 28.9
25 1199 28.9
25 1200 28.9
25 1201 28.9
25 1202 28.9
25 1203 28.9
25 1204 28.9
25 1205 28.9
25 1206 28.9
25 1207 28.9
25 1208 28.9
25 1209 28.9
25 1210 28.9
26 1211 28.9
26 1212 28.9
26 1213 28.9
26 1214 28.9
26 1215 28.9
26 1216 28.9
26 1217 28.9
26 1218 28.9
26 1219 28.9
26 1220 28.9
26 1221 28.9
26 1222 28.9
26 1223 28.9
26 1224 28.9
26 1225 28.9
26 1226 28.9
26 1227 28.9
26 1228 28.9
26 1229 28.9
26 1230 28.9
26 1231 28.9
26 1232 28.9
26 1233 28.9
26 1234 28.9
26 1235 28.9
26 1236 28.9
26 1237 28.9
26 1238 28.9
26 1239 28.9
26 1240 28.9
26 1241 28.9
26 1242 28.9
26 1243 28.9
26 1244 28.9
26 1245 28.9
26 1246 28.9
26 1247 28.9
26 1248 28.9
26 1249 28.9
26 1250 28.9
26 1251 28.9
26 1252 28.9
26 1253 28.9
26 1254 28.9
26 1255 28.9
26 1256 28.9
26 1257 28.9
26 1258 28.9
26 1259 28.9
26 1260 28.9
26 1261 28.9
27 1262 28.9
27 1263 28.9
27 1264 28.9
27 1265 28.9
27 1266 28.9
27 1267 28.9
27 1268 28.9
27 1269 28.9
27 1270 28.9
27 1271 28.9
27 1272 28.9
27 1273 28.9
27 1274 28.9
27 1275 28.9
27 1276 28.9
27 1277 28.9
27 1278 28.9
27 1279 28.9
27 1280 28.9
27 1281 28.9
27 1282 28.9
27 1283 28.9
27 1284 28.9
27 1285 28.9
27 1286 28.9
27 1287 28.9
27 1288 28.9
27 1289 28.9
27 1290 28.9
27 1291 28.9
27 1292 28.9
27 1293 28.9
27 1294 28.9
27 1295 28.9
27 1296 28.9
27 1297 28.9
27 1298 28.9
27 1299 28.9
27 1300 28.9
27 1301 28.9
27 1302 28.9
27 1303 28.9
27 1304 28.9
27 1305 28.9
27 1306 28.9
27 1307 28.9
27 1308 28.9
27 1309 28.9
27 1310 28.9
27 1311 28.9
27 1312 28.9
27 1313 28.9
28 1314 28.9
28 1315 28.9
28 1316 28.9
28 1317 28.9
28 1318 28.9
28 1319 28.9
28 1320 28.9
28 1321 28.9
28 1322 28.9
28 1323 28.9
28 1324 28.9
28 1325 28.9
28 1326 28.9
28 1327 28.9
28 1328 28.9
28 1329 28.9
28 1330 28.9
28 1331 28.9
28 1332 28.9
28 1333 28.9
28 1334 28.9
28 1335 28.9
28 1336 28.9
28 1337 28.9
28 1338 28.9
28 1339 28.9
28 1340 28.9
28 1341 28.9
28 1342 28.9
28 1343 28.9
28 1344 28.9
28 1345 28.9
28 1346 28.9
28 1347 28.9
28 1348 28.9
28 1349 28.9
28 1350 28.9
28 1351 28.9
28 1352 28.9
28 1353 28.9
28 1354 28.9
28 1355 28.9
28 1356 28.9
28 1357 28.9
28 1358 28.9
28 1359 28.9
28 1360 28.9
28 1361 28.9
28 1362 28.9
28 1363 28.9
29 1364 28.9
29 1365 28.9
29 1366 28.8
29 1367 28.8
29 1368 28.8
29 1369 28.8
29 1370 28.8
29 1371 28.8
29 1372 28.8
29 1373 28.8
29 1374 28.8
29 1375 28.8
29 1376 28.8
29 1377 28.8
29 1378 28.8
29 1379 28.8
29 1380 28.8
29 1381 28.8
29 1382 28.8
29 1383 28.8
29 1384 28.8
29 1385 28.8
29 1386 28.8
29 1387 28.8
29 1388 28.8
29 1389 28.8
29 1390 28.8
29 1391 28.8
29 1392 28.8
29 1393 28.8
29 1394 28.8
29 1395 28.8
29 1396 28.8
29 1397 28.8
29 1398 28.8
29 1399 28.8
29 1400 28.8
29 1401 28.8
29 1402 28.8
29 1403 28.8
29 1404 28.8
29 1405 28.8
29 1406 28.8
29 1407 28.8
29 1408 28.8
29 1409 28.8
29 1410 28.8
29 1411 28.8
29 1412 28.8
29 1413 28.8
29 1414 28.8
29 1415 28.8
30 1416 28.8
30 1417 28.8
30 1418 28.8
30 1419 28.8
30 1420 28.8
30 1421 28.8
30 1422 28.8
30 1423 28.8
30 1424 28.8
30 1425 28.8
30 1426 28.8
30 1427 28.8
30 1428 28.8
30 1429 28.8
30 1430 28.8
30 1431 28.8
30 1432 28.8
30 1433 28.8
30 1434 28.8
30 1435 28.8
30 1436 28.8
30 1437 28.8
30 1438 28.8
30 1439 28.8
30 1440 28.8
30 1441 28.8
30 1442 28.8
30 1443 28.8
30 1444 28.8
30 1445 28.8
30 1446 28.8
30 1447 28.8
30 1448 28.8
30 1449 28.8
30 1450 28.8
30 1451 28.8
30 1452 28.8
30 1453 28.8
30 1454 28.8
30 1455 28.8
30 1456 28.8
30 1457 28.8
30 1458 28.8
30 1459 28.8
30 1460 28.8
30 1461 28.8
30 1462 28.8
30 1463 28.8
30 1464 28.8
31 1465 28.8
31 1466 28.8
31 1467 28.8
31 1468 28.8
31 1469 28.8
31 1470 28.8
31 1471 28.8
31 1472 28.8
31 1473 28.8
31 1474 28.8
31 1475 28.8
31 1476 28.8
31 1477 28.8
31 1478 28.8
31 1479 28.8
31 1480 28.8
31 1481 28.8
31 1482 28.8
31 1483 28.8
31 1484 28.8
31 1485 28.8
31 1486 28.8
31 1487 28.8
31 1488 28.8
31 1489 28.8
31 1490 28.8
31 1491 28.8
31 1492 28.8
31 1493 28.8
31 1494 28.8
31 1495 28.8
31 1496 28.8
31 1497 28.8
31 1498 28.8
31 1499 28.8
31 1500 28.8
31 1501 28.8
31 1502 28.8
31 1503 28.8
31 1504 28.8
31 1505 28.8
31 1506 28.8
31 1507 28.8
31 1508 28.8
31 1509 28.8
31 1510 28.8
31 1511 28.8
31 1512 28.8
31 1513 28.8
31 1514 28.8
32 1515 28.8
32 1516 28.8
32 1517 28.8
32 1518 28.8
32 1519 28.8
32 1520 28.8
32 1521 28.8
32 1522 28.8
32 1523 28.8
32 1524 28.8
32 1525 28.8
32 1526 28.8
32 1527 28.8
32 1528 28.8
32 1529 28.8
32 1530 28.8
32 1531 28.8
32 1532 28.8
32 1533 28.8
32 1534 28.8
32 1535 28.8
32 1536 28.8
32 1537 28.8
32 1538 28.8
32 1539 28.8
32 1540 28.8
32 1541 28.8
32 1542 28.8
32 1543 28.8
32 1544 28.8
32 1545 28.8
32 1546 28.8
32 1547 28.8
32 1548 28.8
32 1549 28.8
32 1550 28.8
32 1551 28.8
32 1552 28.8
32 1553 28.8
32 1554 28.8
32 1555 28.8
32 1556 28.8
32 1557 28.8
32 1558 28.8
32 1559 28.8
32 1560 28.8
32 1561 28.8
32 1562 28.8
32 1563 28.8
32 1564 28.8
32 1565 28.8
32 1566 28.8
32 1567 28.8
33 1568 28.8
33 1569 28.8
33 1570 28.8
33 1571 28.8
33 1572 28.8
33 1573 28.8
33 1574 28.8
33 1575 28.8
33 1576 28.8
33 1577 28.8
33 1578 28.8
33 1579 28.8
33 1580 28.8
33 1581 28.8
33 1582 28.8
33 1583 28.8
33 1584 28.8
33 1585 28.8
33 1586 28.8
33 1587 28.8
33 1588 28.8
33 1589 28.8
33 1590 28.8
33 1591 28.8
33 1592 28.8
33 1593 28.8
33 1594 28.8
33 1595 28.8
33 1596 28.8
33 1597 28.8
33 1598 28.8
33 1599 28.8
33 1600 28.8
33 1601 28.8
33 1602 28.8
33 1603 28.8
33 1604 28.8
33 1605 28.8
33 1606 28.8
33 1607 28.8
33 1608 28.8
33 1609 28.8
33 1610 28.8
33 1611 28.8
33 1612 28.8
33 1613 28.8
33 1614 28.8
33 1615 28.8
33 1616 28.8
34 1617 28.8
34 1618 28.8
34 1619 28.8
34 1620 28.8
34 1621 28.8
34 1622 28.8
34 1623 28.8
34 1624 28.8
34 1625 28.8
34 1626 28.8
34 1627 28.8
34 1628 28.8
34 1629 28.8
34 1630 28.8
34 1631 28.8
34 1632 28.8
34 1633 28.8
34 1634 28.8
34 1635 28.8
34 1636 28.8
34 1637 28.8
34 1638 28.8
34 1639 28.8
34 1640 28.8
34 1641 28.8
34 1642 28.8
34 1643 28.8
34 1644 28.8
34 1645 28.8
34 1646 28.8
34 1647 28.8
34 1648 28.8
34 1649 28.8
34 1650 28.8
34 1651 28.8
34 1652 28.8
34 1653 28.8
34 1654 28.8
34 1655 28.8
34 1656 28.8
34 1657 28.8
34 1658 28.8
34 1659 28.8
34 1660 28.8
34 1661 28.8
34 1662 28.8
34 1663 28.8
34 1664 28.8
34 1665 28.8
34 1666 28.8
34 1667 28.8
35 1668 28.8
35 1669 28.8
35 1670 28.8
35 1671 28.8
35 1672 28.8
35 1673 28.8
35 1674 28.8
35 1675 28.8
35 1676 28.8
35 1677 28.8
35 1678 28.8
35 1679 28.8
35 1680 28.8
35 1681 28.8
35 1682 28.8
35 1683 28.8
35 1684 28.8
35 1685 28.8
35 1686 28.8
35 1687 28.8
35 1688 28.8
35 1689 28.8
35 1690 28.8
35 1691 28.8
35 1692 28.8
35 1693 28.8
35 1694 28.8
35 1695 28.8
35 1696 28.8
35 1697 28.8
35 1698 28.8
35 1699 28.8
35 1700 28.8
35 1701 28.8
35 1702 28.8
35 1703 28.8
35 1704 28.8
35 1705 28.8
35 1706 28.8
35 1707 28.8
35 1708 28.8
35 1709 28.8
35 1710 28.8
35 1711 28.8
35 1712 28.8
35 1713 28.8
35 1714 28.8
35 1715 28.8
36 1716 28.8
36 1717 28.8
36 1718 28.8
36 1719 28.8
36 1720 28.8
36 1721 28.8
36 1722 28.8
36 1723 28.8
36 1724 28.8
36 1725 28.8
36 1726 28.8
36 1727 28.8
36 1728 28.8
36 1729 28.8
36 1730 28.8
36 1731 28.8
36 1732 28.8
36 1733 28.8
36 1734 28.8
36 1735 28.8
36 1736 28.8
36 1737 28.8
36 1738 28.8
36 1739 28.8
36 1740 28.8
36 1741 28.8
36 1742 28.8
36 1743 28.8
36 1744 28.8
36 1745 28.8
36 1746 28.8
36 1747 28.8
36 1748 28.8
36 1749 28.8
36 1750 28.8
36 1751 28.8
36 1752 28.8
36 1753 28.8
36 1754 28.8
36 1755 28.8
36 1756 28.8
36 1757 28.8
36 1758 28.8
36 1759 28.8
36 1760 28.8
36 1761 28.8
36 1762 28.8
36 1763 28.8
36 1764 28.8
36 1765 28.8
36 1766 28.8
36 1767 28.8
36 1768 28.8
37 1769 28.8
37 1770 28.8
37 1771 28.8
37 1772 28.8
37 1773 28.8
37 1774 28.8
37 1775 28.8
37 1776 28.8
37 1777 28.8
37 1778 28.8
37 1779 28.8
37 1780 28.8
37 1781 28.8
37 1782 28.8
37 1783 28.8
37 1784 28.8
37 1785 28.8
37 1786 28.8
37 1787 28.8
37 1788 28.8
37 1789 28.8
37 1790 28.8
37 1791 28.8
37 1792 28.8
37 1793 28.8
37 1794 28.8
37 1795 28.8
37 1796 28.8
37 1797 28.8
37 1798 28.8
37 1799 28.8
37 1800 28.8
37 1801 28.8
37 1802 28.8
37 1803 28.8
37 1804 28.8
37 1805 28.8
37 1806 28.8
37 1807 28.8
37 1808 28.8
37 1809 28.8
37 1810 28.8
37 1811 28.8
37 1812 28.8
37 1813 28.8
37 1814 28.8
37 1815 28.8
37 1816 28.8
37 1817 28.8
37 1818 28.8
37 1819 28.8
38 1820 28.8
38 1821 28.8
38 1822 28.8
38 1823 28.6
38 1824 28.6
38 1825 28.6
38 1826 28.6
38 1827 28.6
38 1828 28.6
38 1829 28.6
38 1830 28.6
38 1831 28.6
38 1832 28.6
38 1833 28.6
38 1834 28.6
38 1835 28.6
38 1836 28.6
38 1837 28.6
38 1838 28.6
38 1839 28.6
38 1840 28.6
38 1841 28.6
38 1842 28.6
38 1843 28.6
38 1844 28.6
38 1845 28.6
38 1846 28.6
38 1847 28.6
38 1848 28.6
38 1849 28.6
38 1850 28.6
38 1851 28.6
38 1852 28.6
38 1853 27.7
38 1854 27.7
38 1855 27.5
38 1856 27.5
38 1857 27.5
38 1858 27.5
38 1859 27.4
38 1860 27.4
38 1861 27.4
38 1862 27.4
38 1863 27.4
38 1864 27.2
38 1865 27.2
38 1866 27.2
38 1867 27.2
38 1868 27.2
38 1869 27.2
38 1870 27.2
38 1871 27.2
39 1872 27.2
39 1873 27.2
39 1874 27.2
39 1875 27.2
39 1876 27.2
39 1877 27.2
39 1878 27.2
39 1879 26.9
39 1880 26.9
39 1881 26.9
39 1882 26.9
39 1883 26.9
39 1884 26.9
39 1885 26.9
39 1886 26.7
39 1887 26.7
39 1888 26.7
39 1889 26.7
39 1890 26.7
39 1891 26.7
39 1892 26.7
39 1893 26.7
39 1894 26.7
39 1895 26.7
39 1896 26.7
39 1897 26.7
39 1898 26.7
39 1899 26.7
39 1900 26.7
39 1901 26.7
39 1902 26.7
39 1903 26.7
39 1904 26.7
39 1905 26.7
39 1906 26.7
39 1907 26.7
39 1908 26.7
39 1909 26.7
39 1910 26.7
39 1911 26.7
39 1912 26.7
39 1913 26.7
39 1914 26.7
39 1915 26.7
39 1916 26.7
39 1917 26.7
39 1918 26.7
39 1919 26.7
39 1920 26.7
39 1921 26.7
39 1922 26.7
40 1923 26.7
40 1924 26.7
40 1925 26.7
40 1926 26.7
40 1927 26.7
40 1928 26.7
40 1929 26.7
40 1930 26.7
40 1931 26.7
40 1932 26.7
40 1933 26.7
40 1934 26.7
40 1935 26.7
40 1936 26.7
40 1937 26.7
40 1938 26.7
40 1939 26.7
40 1940 26.7
40 1941 26.7
40 1942 26.7
40 1943 26.7
40 1944 26.7
40 1945 26.7
40 1946 26.7
40 1947 26.7
40 1948 26.7
40 1949 26.7
40 1950 26.7
40 1951 26.7
40 1952 26.7
40 1953 26.7
40 1954 26.7
40 1955 26.7
40 1956 26.7
40 1957 26.7
40 1958 26.7
40 1959 26.7
40 1960 26.7
40 1961 26.7
40 1962 26.7
40 1963 26.7
40 1964 26.7
40 1965 26.7
40 1966 26.7
40 1967 26.7
40 1968 26.7
40 1969 26.7
40 1970 26.7
40 1971 26.7
40 1972 26.7
40 1973 26.7
40 1974 26.7
41 1975 26.7
41 1976 26.7
41 1977 26.7
41 1978 26.7
41 1979 26.7
41 1980 26.7
41 1981 26.7
41 1982 26.7
41 1983 26.7
41 1984 26.7
41 1985 26.7
41 1986 26.7
41 1987 26.7
41 1988 26.7
41 1989 26.7
41 1990 26.7
41 1991 26.7
41 1992 26.7
41 1993 26.7
41 1994 26.7
41 1995 26.7
41 1996 26.7
41 1997 26.7
41 1998 26.7
41 1999 26.7
41 2000 26.7
41 2001 26.7
41 2002 26.7
41 2003 26.7
41 2004 26.7
41 2005 26.7
41 2006 26.7
41 2007 26.7
41 2008 26.7
41 2009 26.7
41 2010 26.7
41 2011 26.7
41 2012 26.7
41 2013 26.7
41 2014 26.7
41 2015 26.6
41 2016 26.6
41 2017 26.0
41 2018 26.0
41 2019 26.0
41 2020 25.6
41 2021 25.6
41 2022 25.6
41 2023 25.6
41 2024 25.6
41 2025 25.6
41 2026 25.6
41 2027 25.6
42 2028 25.6
42 2029 25.6
42 2030 25.6
42 2031 25.6
42 2032 25.6
42 2033 25.6
42 2034 25.6
42 2035 25.6
42 2036 25.6
42 2037 25.6
42 2038 25.6
42 2039 25.6
42 2040 25.6
42 2041 25.6
42 2042 25.6
42 2043 25.6
42 2044 25.6
42 2045 25.6
42 2046 25.6
42 2047 25.6
42 2048 25.6
42 2049 25.6
42 2050 25.6
42 2051 25.6
42 2052 25.6
42 2053 25.6
42 2054 25.6
42 2055 25.6
42 2056 25.6
42 2057 25.6
42 2058 25.6
42 2059 25.6
42 2060 25.6
42 2061 25.6
42 2062 25.6
42 2063 25.6
42 2064 25.6
42 2065 25.6
42 2066 25.6
42 2067 25.6
42 2068 25.6
42 2069 25.6
42 2070 25.6
42 2071 25.6
42 2072 25.6
42 2073 25.6
42 2074 25.6
42 2075 25.6
42 2076 25.6
42 2077 25.6
42 2078 25.6
43 2079 25.6
43 2080 25.6
43 2081 25.6
43 2082 25.6
43 2083 25.6
43 2084 25.6
43 2085 25.6
43 2086 25.6
43 2087 25.6
43 2088 25.6
43 2089 25.6
43 2090 25.6
43 2091 25.6
43 2092 25.6
43 2093 25.6
43 2094 25.6
43 2095 25.6
43 2096 25.6
43 2097 25.6
43 2098 25.6
43 2099 25.6
43 2100 25.6
43 2101 25.6
43 2102 25.6
43 2103 25.6
43 2104 25.6
43 2105 25.6
43 2106 25.6
43 2107 25.6
43 2108 25.6
43 2109 25.6
43 2110 25.6
43 2111 25.6
43 2112 25.6
43 2113 25.6
43 2114 25.6
43 2115 25.6
43 2116 25.6
43 2117 25.6
43 2118 25.6
43 2119 25.6
43 2120 25.6
43 2121 25.6
43 2122 25.6
43 2123 25.6
43 2124 25.6
43 2125 25.6
43 2126 25.6
43 2127 25.6
43 2128 25.6
43 2129 25.6
44 2130 25.6
44 2131 25.6
44 2132 25.6
44 2133 25.6
44 2134 25.6
44 2135 25.6
44 2136 25.6
44 2137 25.6
44 2138 25.6
44 2139 25.6
44 2140 25.6
44 2141 25.6
44 2142 25.6
44 2143 25.6
44 2144 25.6
44 2145 25.6
44 2146 25.6
44 2147 25.6
44 2148 25.6
44 2149 25.6
44 2150 25.6
44 2151 25.6
44 2152 25.6
44 2153 25.6
44 2154 25.6
44 2155 25.6
44 2156 25.6
44 2157 25.6
44 2158 25.6
44 2159 25.6
44 2160 25.6
44 2161 25.6
44 2162 25.6
44 2163 25.6
44 2164 25.6
44 2165 25.6
44 2166 25.6
44 2167 25.6
44 2168 25.6
44 2169 25.6
44 2170 25.6
44 2171 25.6
44 2172 25.6
44 2173 25.6
44 2174 25.6
44 2175 25.6
44 2176 25.6
44 2177 25.6
44 2178 25.6
44 2179 25.6
44 2180 25.6
44 2181 25.6
45 2182 25.6
45 2183 25.6
45 2184 25.6
45 2185 25.6
45 2186 25.6
45 2187 25.6
45 2188 25.6
45 2189 25.6
45 2190 25.6
45 2191 25.6
45 2192 25.6
45 2193 25.6
45 2194 25.6
45 2195 25.6
45 2196 25.6
45 2197 25.6
45 2198 25.6
45 2199 25.6
45 2200 25.6
45 2201 25.6
45 2202 25.6
45 2203 25.6
45 2204 25.6
45 2205 25.6
45 2206 25.6
45 2207 25.6
45 2208 25.6
45 2209 25.6
45 2210 25.6
45 2211 25.6
45 2212 25.6
45 2213 25.6
45 2214 25.6
45 2215 25.6
45 2216 25.6
45 2217 25.6
45 2218 25.6
45 2219 25.6
45 2220 25.6
45 2221 25.6
45 2222 25.6
45 2223 25.6
45 2224 25.6
45 2225 25.6
45 2226 25.6
45 2227 25.6
45 2228 25.6
45 2229 25.6
45 2230 25.6
45 2231 25.6
45 2232 25.6
45 2233 25.6
46 2234 25.6
46 2235 25.6
46 2236 25.6
46 2237 25.6
46 2238 25.6
46 2239 25.6
46 2240 25.6
46 2241 25.6
46 2242 25.6
46 2243 25.6
46 2244 25.6
46 2245 25.6
46 2246 25.6
46 2247 25.6
46 2248 25.6
46 2249 25.6
46 2250 25.6
46 2251 25.6
46 2252 25.6
46 2253 25.6
46 2254 25.6
46 2255 25.6
46 2256 25.6
46 2257 25.6
46 2258 25.6
46 2259 25.6
46 2260 25.6
46 2261 25.6
46 2262 25.6
46 2263 25.6
46 2264 25.6
46 2265 25.6
46 2266 25.6
46 2267 25.6
46 2268 25.6
46 2269 25.6
46 2270 25.6
46 2271 25.6
46 2272 25.6
46 2273 25.6
46 2274 25.6
46 2275 25.6
46 2276 25.6
46 2277 25.6
46 2278 25.6
46 2279 25.6
46 2280 25.6
46 2281 25.6
47 2282 25.6
47 2283 25.6
47 2284 25.6
47 2285 25.6
47 2286 25.6
47 2287 25.6
47 2288 25.6
47 2289 25.6
47 2290 25.6
47 2291 25.6
47 2292 25.6
47 2293 25.6
47 2294 25.6
47 2295 25.6
47 2296 25.6
47 2297 25.6
47 2298 25.6
47 2299 25.6
47 2300 25.6
47 2301 25.6
47 2302 25.6
47 2303 25.6
47 2304 25.6
47 2305 25.6
47 2306 25.6
47 2307 25.6
47 2308 25.6
47 2309 25.6
47 2310 25.6
47 2311 25.6
47 2312 25.6
47 2313 25.6
47 2314 25.6
47 2315 25.6
47 2316 25.6
47 2317 25.6
47 2318 25.6
47 2319 25.6
47 2320 25.6
47 2321 25.6
47 2322 25.6
47 2323 25.6
47 2324 25.6
47 2325 25.6
47 2326 25.6
47 2327 25.6
47 2328 25.6
47 2329 25.6
47 2330 25.6
47 2331 25.6
48 2332 25.6
48 2333 25.6
48 2334 25.6
48 2335 25.6
48 2336 25.6
48 2337 25.6
48 2338 25.6
48 2339 25.6
48 2340 25.6
48 2341 25.6
48 2342 25.6
48 2343 25.6
48 2344 25.6
48 2345 25.6
48 2346 25.6
48 2347 25.6
48 2348 25.6
48 2349 25.6
48 2350 25.6
48 2351 25.6
48 2352 25.6
48 2353 25.6
48 2354 25.6
48 2355 25.6
48 2356 25.6
48 2357 25.6
48 2358 25.6
48 2359 25.6
48 2360 25.6
48 2361 25.6
48 2362 25.6
48 2363 25.6
48 2364 25.6
48 2365 25.6
48 2366 25.6
48 2367 25.6
48 2368 25.6
48 2369 25.6
48 2370 25.6
48 2371 25.6
48 2372 25.6
48 2373 25.6
48 2374 25.6
48 2375 25.6
48 2376 25.6
48 2377 25.6
48 2378 25.6
48 2379 25.6
48 2380 25.6
48 2381 25.6
49 2382 25.6
49 2383 25.6
49 2384 25.6
49 2385 25.6
49 2386 25.6
49 2387 25.6
49 2388 25.6
49 2389 25.6
49 2390 25.6
49 2391 25.6
49 2392 25.6
49 2393 25.6
49 2394 25.6
49 2395 25.6
49 2396 25.6
49 2397 25.6
49 2398 25.6
49 2399 25.6
49 2400 25.6
49 2401 25.6
49 2402 25.6
49 2403 25.6
49 2404 25.6
49 2405 25.6
49 2406 25.6
49 2407 25.6
49 2408 25.6
49 2409 25.6
49 2410 25.6
49 2411 25.6
49 2412 25.6
49 2413 25.6
49 2414 25.6
49 2415 25.6
49 2416 25.6
49 2417 25.6
49 2418 25.6
49 2419 25.6
49 2420 25.6
49 2421 25.6
49 2422 25.6
49 2423 25.6
49 2424 25.6
49 2425 25.6
49 2426 25.6
49 2427 25.6
49 2428 25.6
49 2429 25.6
49 2430 25.6
49 2431 25.6
49 2432 25.6
49 2433 25.6
50 2434 25.6
50 2435 25.6
50 2436 25.6
50 2437 25.6
50 2438 25.6
50 2439 25.6
50 2440 25.6
50 2441 25.6
50 2442 25.6
50 2443 25.6
50 2444 25.6
50 2445 25.6
50 2446 25.6
50 2447 25.6
50 2448 25.6
50 2449 25.6
50 2450 25.6
50 2451 25.6
50 2452 25.6
50 2453 25.6
50 2454 25.6
50 2455 25.6
50 2456 25.6
50 2457 25.6
50 2458 25.6
50 2459 25.6
50 2460 25.6
50 2461 25.6
50 2462 25.6
50 2463 25.6
50 2464 25.6
50 2465 25.6
50 2466 25.6
50 2467 25.6
50 2468 25.6
50 2469 25.6
50 2470 25.6
50 2471 25.6
50 2472 25.6
50 2473 25.6
50 2474 25.6
50 2475 25.6
50 2476 25.6
50 2477 25.6
50 2478 25.6
50 2479 25.6
50 2480 25.6
50 2481 25.6
50 2482 25.6
50 2483 25.6
50 2484 25.6
51 2485 25.6
51 2486 25.6
51 2487 25.6
51 2488 25.6
51 2489 25.6
51 2490 25.6
51 2491 25.6
51 2492 25.6
51 2493 25.6
51 2494 25.6
51 2495 25.6
51 2496 25.6
51 2497 25.6
51 2498 25.6
51 2499 25.6
51 2500 25.6
51 2501 25.6
51 2502 25.6
51 2503 25.6
51 2504 25.6
51 2505 25.6
51 2506 25.6
51 2507 25.6
51 2508 25.6
51 2509 25.6
51 2510 25.6
51 2511 25.6
51 2512 25.6
51 2513 25.6
51 2514 25.6
51 2515 25.6
51 2516 25.6
51 2517 25.6
51 2518 25.6
51 2519 25.6
51 2520 25.6
51 2521 25.6
51 2522 25.6
51 2523 25.6
51 2524 25.6
51 2525 25.6
51 2526 25.6
51 2527 25.6
51 2528 25.6
51 2529 25.6
51 2530 25.6
51 2531 25.6
51 2532 25.6
51 2533 25.6
51 2534 25.6
52 2535 25.6
52 2536 25.6
52 2537 25.6
52 2538 25.6
52 2539 25.6
52 2540 25.6
52 2541 25.6
52 2542 25.6
52 2543 25.6
52 2544 25.6
52 2545 25.6
52 2546 25.6
52 2547 25.6
52 2548 25.6
52 2549 25.6
52 2550 25.6
52 2551 25.6
52 2552 25.6
52 2553 25.6
52 2554 25.6
52 2555 25.6
52 2556 25.6
52 2557 25.6
52 2558 25.6
52 2559 25.6
52 2560 25.6
52 2561 25.6
52 2562 25.6
52 2563 25.6
52 2564 25.6
52 2565 25.6
52 2566 25.6
52 2567 25.6
52 2568 25.6
52 2569 25.6
52 2570 25.6
52 2571 25.6
52 2572 25.6
52 2573 25.6
52 2574 25.6
52 2575 25.6
52 2576 25.6
52 2577 25.6
52 2578 25.6
52 2579 25.6
52 2580 25.6
52 2581 25.6
52 2582 25.6
52 2583 25.6
52 2584 25.6
52 2585 25.6
53 2586 25.6
53 2587 25.6
53 2588 25.6
53 2589 25.6
53 2590 25.6
53 2591 25.6
53 2592 25.6
53 2593 25.6
53 2594 25.6
53 2595 25.6
53 2596 25.6
53 2597 25.6
53 2598 25.6
53 2599 25.6
53 2600 25.6
53 2601 25.6
53 2602 25.6
53 2603 25.6
53 2604 25.6
53 2605 25.6
53 2606 25.6
53 2607 25.6
53 2608 25.6
53 2609 25.6
53 2610 25.6
53 2611 25.6
53 2612 25.6
53 2613 25.6
53 2614 25.6
53 2615 25.6
53 2616 25.6
53 2617 25.6
53 2618 25.6
53 2619 25.6
53 2620 25.6
53 2621 25.6
53 2622 25.6
53 2623 25.6
53 2624 25.6
53 2625 25.6
53 2626 25.6
53 2627 25.6
53 2628 25.6
53 2629 25.6
53 2630 25.6
53 2631 25.6
53 2632 25.6
53 2633 25.6
53 2634 25.6
53 2635 25.6
54 2636 25.6
54 2637 25.6
54 2638 25.6
54 2639 25.6
54 2640 25.6
54 2641 25.6
54 2642 25.6
54 2643 25.6
54 2644 25.6
54 2645 25.6
54 2646 25.6
54 2647 25.6
54 2648 25.6
54 2649 25.6
54 2650 25.6
54 2651 25.6
54 2652 25.6
54 2653 25.6
54 2654 25.6
54 2655 25.6
54 2656 25.6
54 2657 25.6
54 2658 25.6
54 2659 25.6
54 2660 25.6
54 2661 25.6
54 2662 25.6
54 2663 25.6
54 2664 25.6
54 2665 25.6
54 2666 25.6
54 2667 25.6
54 2668 25.6
54 2669 25.6
54 2670 25.6
54 2671 25.6
54 2672 25.6
54 2673 25.6
54 2674 25.6
54 2675 25.6
54 2676 25.6
54 2677 25.6
54 2678 25.6
54 2679 25.6
54 2680 25.6
54 2681 25.6
54 2682 25.6
54 2683 25.6
54 2684 25.6
54 2685 25.6
55 2686 25.6
55 2687 25.6
55 2688 25.6
55 2689 25.6
55 2690 25.6
55 2691 25.6
55 2692 25.6
55 2693 25.6
55 2694 25.6
55 2695 25.6
55 2696 25.6
55 2697 25.6
55 2698 25.6
55 2699 25.6
55 2700 25.6
55 2701 25.6
55 2702 25.6
55 2703 25.6
55 2704 25.6
55 2705 25.6
55 2706 25.6
55 2707 25.6
55 2708 25.6
55 2709 25.6
55 2710 25.6
55 2711 25.6
55 2712 25.6
55 2713 25.6
55 2714 25.6
55 2715 25.6
55 2716 25.6
55 2717 25.6
55 2718 25.6
55 2719 25.6
55 2720 25.6
55 2721 25.6
55 2722 25.6
55 2723 25.6
55 2724 25.6
55 2725 25.6
55 2726 25.6
55 2727 25.6
55 2728 25.6
55 2729 25.6
55 2730 25.6
55 2731 25.6
55 2732 25.6
55 2733 25.6
55 2734 25.6
55 2735 25.6
56 2736 25.6
56 2737 25.6
56 2738 25.6
56 2739 25.6
56 2740 25.6
56 2741 25.6
56 2742 25.6
56 2743 25.6
56 2744 25.6
56 2745 25.6
56 2746 25.6
56 2747 25.6
56 2748 25.6
56 2749 25.6
56 2750 25.6
56 2751 25.6
56 2752 25.6
56 2753 25.6
56 2754 25.6
56 2755 25.6
56 2756 25.6
56 2757 25.6
56 2758 25.6
56 2759 25.6
56 2760 25.6
56 2761 25.6
56 2762 25.6
56 2763 25.6
56 2764 25.6
56 2765 25.6
56 2766 25.6
56 2767 25.6
56 2768 25.6
56 2769 25.6
56 2770 25.6
56 2771 25.6
56 2772 25.6
56 2773 25.6
56 2774 25.6
56 2775 25.6
56 2776 25.6
56 2777 25.6
56 2778 25.6
56 2779 25.6
56 2780 25.6
56 2781 25.6
56 2782 25.6
56 2783 25.6
56 2784 25.6
56 2785 25.6
56 2786 25.6
56 2787 25.6
57 2788 25.6
57 2789 25.6
57 2790 25.6
57 2791 25.6
57 2792 25.6
57 2793 25.6
57 2794 25.6
57 2795 25.6
57 2796 25.6
57 2797 25.6
57 2798 25.6
57 2799 25.6
57 2800 25.6
57 2801 25.6
57 2802 25.6
57 2803 25.6
57 2804 25.6
57 2805 25.6
57 2806 25.6
57 2807 25.6
57 2808 25.6
57 2809 25.6
57 2810 25.6
57 2811 25.6
57 2812 25.6
57 2813 25.6
57 2814 25.6
57 2815 25.6
57 2816 25.6
57 2817 25.6
57 2818 25.6
57 2819 25.6
57 2820 25.6
57 2821 25.6
57 2822 25.6
57 2823 25.6
57 2824 25.6
57 2825 25.6
57 2826 25.6
57 2827 25.6
57 2828 25.6
57 2829 25.6
57 2830 25.6
57 2831 25.6
57 2832 25.6
57 2833 25.6
57 2834 25.6
57 2835 25.6
57 2836 25.6
57 2837 25.6
58 2838 25.6
58 2839 25.6
58 2840 25.6
58 2841 25.6
58 2842 25.6
58 2843 25.6
58 2844 25.6
58 2845 25.6
58 2846 25.6
58 2847 25.6
58 2848 25.6
58 2849 25.6
58 2850 25.6
58 2851 25.6
58 2852 25.6
58 2853 25.6
58 2854 25.6
58 2855 25.6
58 2856 25.6
58 2857 25.6
58 2858 25.6
58 2859 25.6
58 2860 25.6
58 2861 25.6
58 2862 25.6
58 2863 25.6
58 2864 25.6
58 2865 25.6
58 2866 25.6
58 2867 25.6
58 2868 25.6
58 2869 25.6
58 2870 25.6
58 2871 25.6
58 2872 25.6
58 2873 25.6
58 2874 25.6
58 2875 25.6
58 2876 25.6
58 2877 25.6
58 2878 25.6
58 2879 25.6
58 2880 25.6
58 2881 25.6
58 2882 25.6
58 2883 25.6
58 2884 25.6
58 2885 25.6
58 2886 25.6
58 2887 25.6
59 2888 25.6
59 2889 25.6
59 2890 25.6
59 2891 25.6
59 2892 25.6
59 2893 25.6
59 2894 25.6
59 2895 25.6
59 2896 25.6
59 2897 25.6
59 2898 25.6
59 2899 25.6
59 2900 25.6
59 2901 25.6
59 2902 25.6
59 2903 25.6
59 2904 25.6
59 2905 25.6
59 2906 25.6
59 2907 25.6
59 2908 25.6
59 2909 25.6
59 2910 25.6
59 2911 25.6
59 2912 25.6
59 2913 25.6
59 2914 25.6
59 2915 25.6
59 2916 25.6
59 2917 25.6
59 2918 25.6
59 2919 25.6
59 2920 25.6
59 2921 25.6
59 2922 25.6
59 2923 25.6
59 2924 25.6
59 2925 25.6
59 2926 25.6
59 2927 25.6
59 2928 25.6
59 2929 25.6
59 2930 25.6
59 2931 25.6
59 2932 25.6
59 2933 25.6
59 2934 25.6
59 2935 25.6
59 2936 25.6
59 2937 25.6
60 2938 25.6
60 2939 25.6
60 2940 25.6
60 2941 25.6
60 2942 25.6
60 2943 25.6
60 2944 25.6
60 2945 25.6
60 2946 25.6
60 2947 25.6
60 2948 25.6
60 2949 25.6
60 2950 25.6
60 2951 25.6
60 2952 25.6
60 2953 25.6
60 2954 25.6
60 2955 25.6
60 2956 25.6
60 2957 25.6
60 2958 25.6
60 2959 25.6
60 2960 25.6
60 2961 25.6
60 2962 25.6
60 2963 25.6
60 2964 25.6
60 2965 25.6
60 2966 25.6
60 2967 25.6
60 2968 25.6
60 2969 25.6
60 2970 25.6
60 2971 25.6
60 2972 25.6
60 2973 25.6
60 2974 25.6
60 2975 25.6
60 2976 25.6
60 2977 25.6
60 2978 25.6
60 2979 25.6
60 2980 25.6
60 2981 25.6
60 2982 25.6
60 2983 25.6
60 2984 25.6
60 2985 25.6
60 2986 25.6
60 2987 25.6
60 2988 25.6
61 2989 25.6
61 2990 25.6
61 2991 25.6
61 2992 25.6
61 2993 25.6
61 2994 25.6
61 2995 25.6
61 2996 25.6
61 2997 25.6
61 2998 25.6
61 2999 25.6
61 3000 25.6
61 3001 25.6
61 3002 25.6
61 3003 25.6
61 3004 25.6
61 3005 25.6
61 3006 25.0
61 3007 25.0
61 3008 25.0
61 3009 25.0
61 3010 25.0
61 3011 25.0
61 3012 25.0
61 3013 25.0
61 3014 25.0
61 3015 24.5
61 3016 24.5
61 3017 24.5
61 3018 24.5
61 3019 24.3
61 3020 24.3
61 3021 24.3
61 3022 24.1
61 3023 24.1
61 3024 24.1
61 3025 24.1
61 3026 24.1
61 3027 24.1
61 3028 24.1
61 3029 24.1
61 3030 24.0
61 3031 24.0
61 3032 24.0
61 3033 24.0
61 3034 24.0
61 3035 24.0
61 3036 24.0
61 3037 24.0
61 3038 24.0
61 3039 24.0
62 3040 23.2
62 3041 23.2
62 3042 23.2
62 3043 23.2
62 3044 23.2
62 3045 23.0
62 3046 23.0
62 3047 23.0
62 3048 23.0
62 3049 23.0
62 3050 23.0
62 3051 23.0
62 3052 23.0
62 3053 23.0
62 3054 23.0
62 3055 23.0
62 3056 23.0
62 3057 23.0
62 3058 23.0
62 3059 23.0
62 3060 23.0
62 3061 21.6
62 3062 21.6
62 3063 21.6
62 3064 21.6
62 3065 21.6
62 3066 21.5
62 3067 21.5
62 3068 21.5
62 3069 21.5
62 3070 21.5
62 3071 21.5
62 3072 21.5
62 3073 21.0
62 3074 21.0
62 3075 21.0
62 3076 21.0
62 3077 21.0
62 3078 21.0
62 3079 20.0
62 3080 20.0
62 3081 20.0
62 3082 20.0
62 3083 20.0
62 3084 19.2
62 3085 19.2
62 3086 19.2
62 3087 19.2
62 3088 19.2
62 3089 19.2
62 3090 19.2
62 3091 19.2
62 3092 19.2
63 3093 19.2
63 3094 19.2
63 3095 19.2
63 3096 19.2
63 3097 19.2
63 3098 19.2
63 3099 19.2
63 3100 19.2
63 3101 19.2
63 3102 19.2
63 3103 19.2
63 3104 19.2
63 3105 19.2
63 3106 19.2
63 3107 19.2
63 3108 19.2
63 3109 19.2
63 3110 19.2
63 3111 19.2
63 3112 19.2
63 3113 19.2
63 3114 19.2
63 3115 19.2
63 3116 19.2
63 3117 19.2
63 3118 19.2
63 3119 19.2
63 3120 19.2
63 3121 19.2
63 3122 19.2
63 3123 19.2
63 3124 19.2
63 3125 19.2
63 3126 19.2
63 3127 19.2
63 3128 19.2
63 3129 19.2
63 3130 19.2
63 3131 19.2
63 3132 19.2
63 3133 19.2
63 3134 19.2
63 3135 19.2
63 3136 19.2
63 3137 19.2
63 3138 19.2
63 3139 19.2
63 3140 19.2
63 3141 19.2
63 3142 19.2
63 3143 19.2
63 3144 19.2
63 3145 19.2
64 3146 19.2
64 3147 19.2
64 3148 19.2
64 3149 19.2
64 3150 19.2
64 3151 19.2
64 3152 19.2
64 3153 19.2
64 3154 19.2
64 3155 19.2
64 3156 19.2
64 3157 19.2
64 3158 19.2
64 3159 19.2
64 3160 19.2
64 3161 19.2
64 3162 19.2
64 3163 19.2
64 3164 19.2
64 3165 19.2
64 3166 19.2
64 3167 19.2
64 3168 19.2
64 3169 19.2
64 3170 19.2
64 3171 19.2
64 3172 19.2
64 3173 19.2
64 3174 19.2
64 3175 19.2
64 3176 19.2
64 3177 19.2
64 3178 19.2
64 3179 19.2
64 3180 19.2
64 3181 19.2
64 3182 19.2
64 3183 19.2
64 3184 19.2
64 3185 19.2
64 3186 19.2
64 3187 19.2
64 3188 19.2
64 3189 19.2
64 3190 19.2
64 3191 19.2
64 3192 19.2
64 3193 19.2
64 3194 19.2
64 3195 19.2
65 3196 19.2
65 3197 19.2
65 3198 19.2
65 3199 19.2
65 3200 19.2
65 3201 19.2
65 3202 19.2
65 3203 19.2
65 3204 19.2
65 3205 19.2
65 3206 19.2
65 3207 19.2
65 3208 19.2
65 3209 19.2
65 3210 19.2
65 3211 19.2
65 3212 19.2
65 3213 19.2
65 3214 19.2
65 3215 19.2
65 3216 19.2
65 3217 19.2
65 3218 19.2
65 3219 19.2
65 3220 19.2
65 3221 19.2
65 3222 19.2
65 3223 19.2
65 3224 19.2
65 3225 19.2
65 3226 19.2
65 3227 19.2
65 3228 19.2
65 3229 19.2
65 3230 19.2
65 3231 19.2
65 3232 19.2
65 3233 19.2
65 3234 19.2
65 3235 19.2
65 3236 19.2
65 3237 19.2
65 3238 19.2
65 3239 19.2
65 3240 19.2
65 3241 19.2
65 3242 19.2
65 3243 19.2
65 3244 19.2
65 3245 19.2
65 3246 19.2
65 3247 19.2
66 3248 19.2
66 3249 19.2
66 3250 19.2
66 3251 19.2
66 3252 19.2
66 3253 19.2
66 3254 19.2
66 3255 19.2
66 3256 19.2
66 3257 19.2
66 3258 19.2
66 3259 19.2
66 3260 19.2
66 3261 19.2
66 3262 19.2
66 3263 19.2
66 3264 19.2
66 3265 19.2
66 3266 19.2
66 3267 19.2
66 3268 19.2
66 3269 19.2
66 3270 19.2
66 3271 19.2
66 3272 19.2
66 3273 19.2
66 3274 19.2
66 3275 19.2
66 3276 19.2
66 3277 19.2
66 3278 19.2
66 3279 19.2
66 3280 19.2
66 3281 19.2
66 3282 19.2
66 3283 19.2
66 3284 19.2
66 3285 19.2
66 3286 19.2
66 3287 19.2
66 3288 19.2
66 3289 19.2
66 3290 19.2
66 3291 19.2
66 3292 19.2
66 3293 19.2
66 3294 19.2
66 3295 19.2
66 3296 19.2
66 3297 19.2
66 3298 19.2
66 3299 19.2
67 3300 19.2
67 3301 19.2
67 3302 19.2
67 3303 19.2
67 3304 19.2
67 3305 19.2
67 3306 19.2
67 3307 19.2
67 3308 19.2
67 3309 19.2
67 3310 19.2
67 3311 19.2
67 3312 19.2
67 3313 19.2
67 3314 19.2
67 3315 19.2
67 3316 19.2
67 3317 19.2
67 3318 19.2
67 3319 19.2
67 3320 19.2
67 3321 19.2
67 3322 19.2
67 3323 19.2
67 3324 19.2
67 3325 19.2
67 3326 19.2
67 3327 19.2
67 3328 19.2
67 3329 19.2
67 3330 19.2
67 3331 19.2
67 3332 19.2
67 3333 19.2
67 3334 19.2
67 3335 19.2
67 3336 19.2
67 3337 19.2
67 3338 19.2
67 3339 19.2
67 3340 19.2
67 3341 19.2
67 3342 19.2
67 3343 19.2
67 3344 19.2
67 3345 19.2
67 3346 19.2
67 3347 19.2
67 3348 19.2
67 3349 19.2
68 3350 19.2
68 3351 19.2
68 3352 19.2
68 3353 19.2
68 3354 19.2
68 3355 19.2
68 3356 19.2
68 3357 19.2
68 3358 19.2
68 3359 19.2
68 3360 19.2
68 3361 19.2
68 3362 19.2
68 3363 19.2
68 3364 19.2
68 3365 19.2
68 3366 19.2
68 3367 19.2
68 3368 19.2
68 3369 19.2
68 3370 19.2
68 3371 19.2
68 3372 19.2
68 3373 19.2
68 3374 19.2
68 3375 19.2
68 3376 19.2
68 3377 19.2
68 3378 19.2
68 3379 19.2
68 3380 19.2
68 3381 19.2
68 3382 19.2
68 3383 19.2
68 3384 19.2
68 3385 19.2
68 3386 19.2
68 3387 19.2
68 3388 19.2
68 3389 19.2
68 3390 19.2
68 3391 19.2
68 3392 19.2
68 3393 19.2
68 3394 19.2
68 3395 19.2
68 3396 19.2
68 3397 19.2
68 3398 19.2
68 3399 19.2
68 3400 19.2
69 3401 19.2
69 3402 19.2
69 3403 19.2
69 3404 19.2
69 3405 19.2
69 3406 19.2
69 3407 19.2
69 3408 19.2
69 3409 19.2
69 3410 19.2
69 3411 19.2
69 3412 19.2
69 3413 19.2
69 3414 19.2
69 3415 19.2
69 3416 19.2
69 3417 19.2
69 3418 19.2
69 3419 19.2
69 3420 19.2
69 3421 19.2
69 3422 19.2
69 3423 19.2
69 3424 19.2
69 3425 19.2
69 3426 19.2
69 3427 19.2
69 3428 19.2
69 3429 19.2
69 3430 19.2
69 3431 19.2
69 3432 19.2
69 3433 19.2
69 3434 19.2
69 3435 19.2
69 3436 19.2
69 3437 19.2
69 3438 19.2
69 3439 19.2
69 3440 19.2
69 3441 19.2
69 3442 19.2
69 3443 19.2
69 3444 19.2
69 3445 19.2
69 3446 19.2
69 3447 19.2
69 3448 19.2
69 3449 19.2
69 3450 19.2
69 3451 19.2
69 3452 19.2
69 3453 19.2
70 3454 19.2
70 3455 19.2
70 3456 19.2
70 3457 19.2
70 3458 19.2
70 3459 19.2
70 3460 19.2
70 3461 19.2
70 3462 19.2
70 3463 19.2
70 3464 19.2
70 3465 19.2
70 3466 19.2
70 3467 19.2
70 3468 19.2
70 3469 19.2
70 3470 19.2
70 3471 19.2
70 3472 19.2
70 3473 19.2
70 3474 19.2
70 3475 19.2
70 3476 19.2
70 3477 19.2
70 3478 19.2
70 3479 19.2
70 3480 19.2
70 3481 19.2
70 3482 19.2
70 3483 19.2
70 3484 19.2
70 3485 19.2
70 3486 19.2
70 3487 19.2
70 3488 19.2
70 3489 19.2
70 3490 19.2
70 3491 19.2
70 3492 19.2
70 3493 19.2
70 3494 19.2
70 3495 19.2
70 3496 19.2
70 3497 19.2
70 3498 19.2
70 3499 19.2
70 3500 19.2
70 3501 19.2
70 3502 19.2
70 3503 19.2
71 3504 19.2
71 3505 19.2
71 3506 19.2
71 3507 19.2
71 3508 19.2
71 3509 19.2
71 3510 19.2
71 3511 19.2
71 3512 19.2
71 3513 19.2
71 3514 19.2
71 3515 19.2
71 3516 19.2
71 3517 19.2
71 3518 19.2
71 3519 19.2
71 3520 19.2
71 3521 19.2
71 3522 19.2
71 3523 19.2
71 3524 19.2
71 3525 19.2
71 3526 19.2
71 3527 19.2
71 3528 19.2
71 3529 19.2
71 3530 19.2
71 3531 19.2
71 3532 19.2
71 3533 19.2
71 3534 19.2
71 3535 19.2
71 3536 19.2
71 3537 19.2
71 3538 19.2
71 3539 19.2
71 3540 19.2
71 3541 19.2
71 3542 19.2
71 3543 19.2
71 3544 19.2
71 3545 19.2
71 3546 19.2
71 3547 19.2
71 3548 19.2
71 3549 19.2
71 3550 19.2
71 3551 19.2
71 3552 19.2
71 3553 19.2
72 3554 19.2
72 3555 19.2
72 3556 19.2
72 3557 19.2
72 3558 19.2
72 3559 19.2
72 3560 19.2
72 3561 19.2
72 3562 19.2
72 3563 19.2
72 3564 19.2
72 3565 19.2
72 3566 19.2
72 3567 19.2
72 3568 19.2
72 3569 19.2
72 3570 19.2
72 3571 19.2
72 3572 19.2
72 3573 19.2
72 3574 19.2
72 3575 19.2
72 3576 19.2
72 3577 19.2
72 3578 19.2
72 3579 19.2
72 3580 19.2
72 3581 19.2
72 3582 19.2
72 3583 19.2
72 3584 19.2
72 3585 19.2
72 3586 19.2
72 3587 19.2
72 3588 19.2
72 3589 19.2
72 3590 19.2
72 3591 19.2
72 3592 19.2
72 3593 19.2
72 3594 19.2
72 3595 19.2
72 3596 19.2
72 3597 19.2
72 3598 19.2
72 3599 19.2
72 3600 19.2
72 3601 19.2
72 3602 19.2
72 3603 19.2
73 3604 19.2
73 3605 19.2
73 3606 19.2
73 3607 19.2
73 3608 19.2
73 3609 19.2
73 3610 19.2
73 3611 19.2
73 3612 19.2
73 3613 19.2
73 3614 19.2
73 3615 19.2
73 3616 19.2
73 3617 19.2
73 3618 19.2
73 3619 19.2
73 3620 19.2
73 3621 19.2
73 3622 19.2
73 3623 19.2
73 3624 19.2
73 3625 19.2
73 3626 19.2
73 3627 19.2
73 3628 19.2
73 3629 19.2
73 3630 19.2
73 3631 19.2
73 3632 19.2
73 3633 19.2
73 3634 19.2
73 3635 19.2
73 3636 19.2
73 3637 19.2
73 3638 19.2
73 3639 19.2
73 3640 19.2
73 3641 19.2
73 3642 19.2
73 3643 19.2
73 3644 19.2
73 3645 19.2
73 3646 19.2
73 3647 19.2
73 3648 19.2
73 3649 19.2
73 3650 19.2
73 3651 19.2
73 3652 19.2
73 3653 19.2
73 3654 19.2
74 3655 19.2
74 3656 19.2
74 3657 19.2
74 3658 19.2
74 3659 19.2
74 3660 19.2
74 3661 19.2
74 3662 19.2
74 3663 19.2
74 3664 19.2
74 3665 19.2
74 3666 19.2
74 3667 19.2
74 3668 19.2
74 3669 19.2
74 3670 19.2
74 3671 19.2
74 3672 19.2
74 3673 19.2
74 3674 19.2
74 3675 19.2
74 3676 19.2
74 3677 19.2
74 3678 19.2
74 3679 19.2
74 3680 19.2
74 3681 19.2
74 3682 19.2
74 3683 19.2
74 3684 19.2
74 3685 19.2
74 3686 19.2
74 3687 19.2
74 3688 19.2
74 3689 19.2
74 3690 19.2
74 3691 19.2
74 3692 19.2
74 3693 19.2
74 3694 19.2
74 3695 19.2
74 3696 19.2
74 3697 19.2
74 3698 19.2
74 3699 19.2
74 3700 19.2
74 3701 19.2
74 3702 19.2
74 3703 19.2
74 3704 19.2
74 3705 19.2
75 3706 19.2
75 3707 19.2
75 3708 19.2
75 3709 19.2
75 3710 19.2
75 3711 19.2
75 3712 19.2
75 3713 19.2
75 3714 19.2
75 3715 19.2
75 3716 19.2
75 3717 19.2
75 3718 19.2
75 3719 19.2
75 3720 19.2
75 3721 19.2
75 3722 19.2
75 3723 19.2
75 3724 19.2
75 3725 19.2
75 3726 19.2
75 3727 19.2
75 3728 19.2
75 3729 19.2
75 3730 19.2
75 3731 19.2
75 3732 19.2
75 3733 19.2
75 3734 19.2
75 3735 19.2
75 3736 19.2
75 3737 19.2
75 3738 19.2
75 3739 19.2
75 3740 19.2
75 3741 19.2
75 3742 19.2
75 3743 19.2
75 3744 19.2
75 3745 19.2
75 3746 19.2
75 3747 19.2
75 3748 19.2
75 3749 19.2
75 3750 19.2
75 3751 19.2
75 3752 19.2
75 3753 19.2
75 3754 19.2
75 3755 19.2
76 3756 19.2
76 3757 19.2
76 3758 19.2
76 3759 19.2
76 3760 19.2
76 3761 19.2
76 3762 19.2
76 3763 19.2
76 3764 19.2
76 3765 19.2
76 3766 19.2
76 3767 19.2
76 3768 19.2
76 3769 19.2
76 3770 19.2
76 3771 19.2
76 3772 19.2
76 3773 19.2
76 3774 19.2
76 3775 19.2
76 3776 19.2
76 3777 19.2
76 3778 19.2
76 3779 19.2
76 3780 19.2
76 3781 19.2
76 3782 19.2
76 3783 19.2
76 3784 19.2
76 3785 19.2
76 3786 19.2
76 3787 19.2
76 3788 19.2
76 3789 19.2
76 3790 19.2
76 3791 19.2
76 3792 19.2
76 3793 19.2
76 3794 19.2
76 3795 19.2
76 3796 19.2
76 3797 19.2
76 3798 19.2
76 3799 19.2
76 3800 19.2
76 3801 19.2
76 3802 19.2
76 3803 19.2
76 3804 19.2
76 3805 19.2
76 3806 19.2
77 3807 19.2
77 3808 19.2
77 3809 19.2
77 3810 19.2
77 3811 19.2
77 3812 19.2
77 3813 19.2
77 3814 19.2
77 3815 19.2
77 3816 19.2
77 3817 19.2
77 3818 19.2
77 3819 19.2
77 3820 19.2
77 3821 19.2
77 3822 19.2
77 3823 19.2
77 3824 19.2
77 3825 19.2
77 3826 19.2
77 3827 19.2
77 3828 19.2
77 3829 19.2
77 3830 19.2
77 3831 19.2
77 3832 19.2
77 3833 19.2
77 3834 19.2
77 3835 19.2
77 3836 19.2
77 3837 19.2
77 3838 19.2
77 3839 19.2
77 3840 19.2
77 3841 19.2
77 3842 19.2
77 3843 19.2
77 3844 19.1
77 3845 19.1
77 3846 19.1
77 3847 19.1
77 3848 19.1
77 3849 19.1
77 3850 19.0
77 3851 19.0
77 3852 19.0
77 3853 19.0
77 3854 19.0
77 3855 18.9
78 3856 18.9
78 3857 18.7
78 3858 18.7
78 3859 18.7
78 3860 18.7
78 3861 18.7
78 3862 18.7
78 3863 18.7
78 3864 18.7
78 3865 18.7
78 3866 18.7
78 3867 18.7
78 3868 18.7
78 3869 18.7
78 3870 18.7
78 3871 18.7
78 3872 18.7
78 3873 18.7
78 3874 18.7
78 3875 18.7
78 3876 18.7
78 3877 18.7
78 3878 18.7
78 3879 18.7
78 3880 18.7
78 3881 18.7
78 3882 18.7
78 3883 18.7
78 3884 18.7
78 3885 18.7
78 3886 18.7
78 3887 18.7
78 3888 18.7
78 3889 18.7
78 3890 18.7
78 3891 18.7
78 3892 18.7
78 3893 18.7
78 3894 18.7
78 3895 18.7
78 3896 18.7
78 3897 18.7
78 3898 18.7
78 3899 18.7
78 3900 18.7
78 3901 18.7
78 3902 18.7
78 3903 18.7
78 3904 18.7
78 3905 18.7
78 3906 18.7
78 3907 18.7
78 3908 18.7
79 3909 18.7
79 3910 18.7
79 3911 18.7
79 3912 18.7
79 3913 18.7
79 3914 18.7
79 3915 18.7
79 3916 18.7
79 3917 18.7
79 3918 18.7
79 3919 18.7
79 3920 18.7
79 3921 18.7
79 3922 18.7
79 3923 18.7
79 3924 18.7
79 3925 18.7
79 3926 18.7
79 3927 18.7
79 3928 18.7
79 3929 18.7
79 3930 18.7
79 3931 18.7
79 3932 18.7
79 3933 18.7
79 3934 18.7
79 3935 18.7
79 3936 18.7
79 3937 18.7
79 3938 18.7
79 3939 18.7
79 3940 18.7
79 3941 18.7
79 3942 18.7
79 3943 18.7
79 3944 18.7
79 3945 18.7
79 3946 18.7
79 3947 18.7
79 3948 18.7
79 3949 18.7
79 3950 18.6
79 3951 18.5
79 3952 18.5
79 3953 18.4
79 3954 18.4
79 3955 18.4
79 3956 18.4
79 3957 18.4
79 3958 18.4
79 3959 18.4
79 3960 18.4
80 3961 18.4
80 3962 18.4
80 3963 17.7
80 3964 17.7
80 3965 17.7
80 3966 17.7
80 3967 17.7
80 3968 17.7
80 3969 17.7
80 3970 17.7
80 3971 17.6
80 3972 17.6
80 3973 17.6
80 3974 17.6
80 3975 17.6
80 3976 17.6
80 3977 17.6
80 3978 17.4
80 3979 17.4
80 3980 17.4
80 3981 17.4
80 3982 17.4
80 3983 17.4
80 3984 17.4
80 3985 17.4
80 3986 17.4
80 3987 17.4
80 3988 17.4
80 3989 17.4
80 3990 17.4
80 3991 17.4
80 3992 17.4
80 3993 17.4
80 3994 17.4
80 3995 17.4
80 3996 17.4
80 3997 17.4
80 3998 17.4
80 3999 17.4
80 4000 17.4
80 4001 17.4
80 4002 17.4
80 4003 17.4
80 4004 17.4
80 4005 17.4
80 4006 17.4
80 4007 17.4
80 4008 17.4
80 4009 17.4
80 4010 17.4
80 4011 17.4
80 4012 17.4
81 4013 17.4
81 4014 17.4
81 4015 17.4
81 4016 17.4
81 4017 17.4
81 4018 17.4
81 4019 17.4
81 4020 17.4
81 4021 17.4
81 4022 17.4
81 4023 17.4
81 4024 17.4
81 4025 17.4
81 4026 17.4
81 4027 17.4
81 4028 17.4
81 4029 17.4
81 4030 17.4
81 4031 17.4
81 4032 17.4
81 4033 17.4
81 4034 17.4
81 4035 17.4
81 4036 17.4
81 4037 17.4
81 4038 17.4
81 4039 17.4
81 4040 17.4
81 4041 17.4
81 4042 17.4
81 4043 17.4
81 4044 17.4
81 4045 17.4
81 4046 17.4
81 4047 17.4
81 4048 17.4
81 4049 17.4
81 4050 17.4
81 4051 17.4
81 4052 17.4
81 4053 17.4
81 4054 17.4
81 4055 17.4
81 4056 17.4
81 4057 17.4
81 4058 17.4
81 4059 17.4
81 4060 17.4
81 4061 17.4
81 4062 17.4
81 4063 17.4
81 4064 17.4
81 4065 17.4
82 4066 17.4
82 4067 17.4
82 4068 17.4
82 4069 17.4
82 4070 17.4
82 4071 17.4
82 4072 17.4
82 4073 17.4
82 4074 17.4
82 4075 17.4
82 4076 17.4
82 4077 17.4
82 4078 17.4
82 4079 17.4
82 4080 17.4
82 4081 17.4
82 4082 17.4
82 4083 17.4
82 4084 17.4
82 4085 17.4
82 4086 17.4
82 4087 17.4
82 4088 17.4
82 4089 17.4
82 4090 17.4
82 4091 17.4
82 4092 17.4
82 4093 17.4
82 4094 17.4
82 4095 17.4
82 4096 17.4
82 4097 17.4
82 4098 17.4
82 4099 17.4
82 4100 17.4
82 4101 17.4
82 4102 17.4
82 4103 17.4
82 4104 17.4
82 4105 17.4
82 4106 17.4
82 4107 17.4
82 4108 17.4
82 4109 17.4
82 4110 17.4
82 4111 17.4
82 4112 17.4
82 4113 17.4
82 4114 17.4
83 4115 17.4
83 4116 17.4
83 4117 17.4
83 4118 17.4
83 4119 17.4
83 4120 17.4
83 4121 17.4
83 4122 17.4
83 4123 17.4
83 4124 17.4
83 4125 17.4
83 4126 17.4
83 4127 17.4
83 4128 17.4
83 4129 17.4
83 4130 17.4
83 4131 17.4
83 4132 17.4
83 4133 17.4
83 4134 17.4
83 4135 17.4
83 4136 17.4
83 4137 17.4
83 4138 17.4
83 4139 17.4
83 4140 17.4
83 4141 17.4
83 4142 17.4
83 4143 17.4
83 4144 17.4
83 4145 17.4
83 4146 17.4
83 4147 17.4
83 4148 17.4
83 4149 17.4
83 4150 17.4
83 4151 17.4
83 4152 17.4
83 4153 17.4
83 4154 17.4
83 4155 17.4
83 4156 17.4
83 4157 17.2
83 4158 17.2
83 4159 17.2
83 4160 17.2
83 4161 17.2
83 4162 17.2
83 4163 17.2
83 4164 17.2
83 4165 17.2
83 4166 17.2
84 4167 17.2
84 4168 17.2
84 4169 17.2
84 4170 17.2
84 4171 17.2
84 4172 17.2
84 4173 17.2
84 4174 17.2
84 4175 17.2
84 4176 17.2
84 4177 17.2
84 4178 17.2
84 4179 16.9
84 4180 16.9
84 4181 16.9
84 4182 16.9
84 4183 16.9
84 4184 16.9
84 4185 16.9
84 4186 16.9
84 4187 16.9
84 4188 16.9
84 4189 16.8
84 4190 16.8
84 4191 16.8
84 4192 16.8
84 4193 16.8
84 4194 16.6
84 4195 16.6
84 4196 16.6
84 4197 16.6
84 4198 16.6
84 4199 16.5
84 4200 16.5
84 4201 16.5
84 4202 16.5
84 4203 16.5
84 4204 16.5
84 4205 16.5
84 4206 16.5
84 4207 16.5
84 4208 16.5
84 4209 16.5
84 4210 16.5
84 4211 16.5
84 4212 16.5
84 4213 16.5
84 4214 16.5
84 4215 16.5
84 4216 16.5
84 4217 16.5
84 4218 16.5
85 4219 16.5
85 4220 16.5
85 4221 16.5
85 4222 16.5
85 4223 16.5
85 4224 16.5
85 4225 16.5
85 4226 16.5
85 4227 16.5
85 4228 16.5
85 4229 16.5
85 4230 16.5
85 4231 16.5
85 4232 16.5
85 4233 16.5
85 4234 16.5
85 4235 16.5
85 4236 16.5
85 4237 16.5
85 4238 16.5
85 4239 16.5
85 4240 16.5
85 4241 16.5
85 4242 16.5
85 4243 16.5
85 4244 16.5
85 4245 16.5
85 4246 16.5
85 4247 16.5
85 4248 16.5
85 4249 16.5
85 4250 16.5
85 4251 16.5
85 4252 16.5
85 4253 16.5
85 4254 16.5
85 4255 16.5
85 4256 16.5
85 4257 16.5
85 4258 16.5
85 4259 16.5
85 4260 16.5
85 4261 16.5
85 4262 16.5
85 4263 16.5
85 4264 16.5
85 4265 16.5
85 4266 16.5
85 4267 16.5
85 4268 16.5
85 4269 16.5
86 4270 16.5
86 4271 16.5
86 4272 16.5
86 4273 16.5
86 4274 16.5
86 4275 16.5
86 4276 16.5
86 4277 16.5
86 4278 16.5
86 4279 16.5
86 4280 16.5
86 4281 16.5
86 4282 16.5
86 4283 16.5
86 4284 16.5
86 4285 16.5
86 4286 16.5
86 4287 16.5
86 4288 16.5
86 4289 16.5
86 4290 16.5
86 4291 16.5
86 4292 16.5
86 4293 16.5
86 4294 16.5
86 4295 16.5
86 4296 16.5
86 4297 16.5
86 4298 16.5
86 4299 16.5
86 4300 16.5
86 4301 16.5
86 4302 16.5
86 4303 16.5
86 4304 16.5
86 4305 16.5
86 4306 16.5
86 4307 16.5
86 4308 16.5
86 4309 16.5
86 4310 16.5
86 4311 16.5
86 4312 16.5
86 4313 16.5
86 4314 16.5
86 4315 16.5
86 4316 16.5
86 4317 16.5
86 4318 16.5
86 4319 16.5
86 4320 16.5
86 4321 16.5
86 4322 16.5
87 4323 16.5
87 4324 16.5
87 4325 16.5
87 4326 16.5
87 4327 16.5
87 4328 16.5
87 4329 16.5
87 4330 16.5
87 4331 16.5
87 4332 16.5
87 4333 16.5
87 4334 16.5
87 4335 16.5
87 4336 16.5
87 4337 16.5
87 4338 16.5
87 4339 16.5
87 4340 16.5
87 4341 16.5
87 4342 16.5
87 4343 16.5
87 4344 16.5
87 4345 16.5
87 4346 16.5
87 4347 16.5
87 4348 16.5
87 4349 16.5
87 4350 16.5
87 4351 16.5
87 4352 16.5
87 4353 16.5
87 4354 16.5
87 4355 16.5
87 4356 16.5
87 4357 16.5
87 4358 16.5
87 4359 16.5
87 4360 16.5
87 4361 16.5
87 4362 16.5
87 4363 16.5
87 4364 16.5
87 4365 16.5
87 4366 16.5
87 4367 16.5
87 4368 16.5
87 4369 16.5
87 4370 16.5
87 4371 16.5
87 4372 16.5
87 4373 16.5
87 4374 16.5
87 4375 16.5
88 4376 16.5
88 4377 16.5
88 4378 16.5
88 4379 16.5
88 4380 16.5
88 4381 16.4
88 4382 16.4
88 4383 16.4
88 4384 16.4
88 4385 16.4
88 4386 16.4
88 4387 16.4
88 4388 16.4
88 4389 16.4
88 4390 16.4
88 4391 16.4
88 4392 16.4
88 4393 16.4
88 4394 16.4
88 4395 16.4
88 4396 16.4
88 4397 16.4
88 4398 16.4
88 4399 16.4
88 4400 16.4
88 4401 16.4
88 4402 16.2
88 4403 16.2
88 4404 16.2
88 4405 16.1
88 4406 16.1
88 4407 16.1
88 4408 16.1
88 4409 16.1
88 4410 16.1
88 4411 16.1
88 4412 16.1
88 4413 16.1
88 4414 16.1
88 4415 16.1
88 4416 16.1
88 4417 16.1
88 4418 16.1
88 4419 16.1
88 4420 16.1
88 4421 16.1
88 4422 16.1
88 4423 16.1
88 4424 16.1
88 4425 16.1
88 4426 16.1
88 4427 16.1
89 4428 16.1
89 4429 16.1
89 4430 16.1
89 4431 16.1
89 4432 16.0
89 4433 16.0
89 4434 16.0
89 4435 16.0
89 4436 16.0
89 4437 16.0
89 4438 16.0
89 4439 16.0
89 4440 16.0
89 4441 16.0
89 4442 16.0
89 4443 16.0
89 4444 16.0
89 4445 15.8
89 4446 15.8
89 4447 15.8
89 4448 15.8
89 4449 15.4
89 4450 15.4
89 4451 15.4
89 4452 15.4
89 4453 15.4
89 4454 15.4
89 4455 15.4
89 4456 15.4
89 4457 15.4
89 4458 15.4
89 4459 15.4
89 4460 15.4
89 4461 15.4
89 4462 15.4
89 4463 15.4
89 4464 15.4
89 4465 15.4
89 4466 15.4
89 4467 15.4
89 4468 15.4
89 4469 15.4
89 4470 15.4
89 4471 15.4
89 4472 15.4
89 4473 15.4
89 4474 15.4
89 4475 15.4
89 4476 15.4
89 4477 15.4
89 4478 15.4
89 4479 15.4
89 4480 15.4
90 4481 15.4
90 4482 15.4
90 4483 15.4
90 4484 15.4
90 4485 15.4
90 4486 15.4
90 4487 15.4
90 4488 15.4
90 4489 15.4
90 4490 15.4
90 4491 15.4
90 4492 15.4
90 4493 15.4
90 4494 15.4
90 4495 15.4
90 4496 15.4
90 4497 15.4
90 4498 15.4
90 4499 15.4
90 4500 15.4
90 4501 15.4
90 4502 15.4
90 4503 15.4
90 4504 15.4
90 4505 15.4
90 4506 15.4
90 4507 15.4
90 4508 15.4
90 4509 15.4
90 4510 15.4
90 4511 15.4
90 4512 15.4
90 4513 15.4
90 4514 15.4
90 4515 15.4
90 4516 15.4
90 4517 15.4
90 4518 15.4
90 4519 15.4
90 4520 15.4
90 4521 15.4
90 4522 15.4
90 4523 15.4
90 4524 15.4
90 4525 15.4
90 4526 15.4
90 4527 15.4
90 4528 15.4
90 4529 15.4
90 4530 15.4
91 4531 15.4
91 4532 15.4
91 4533 15.4
91 4534 15.4
91 4535 15.4
91 4536 15.4
91 4537 15.4
91 4538 15.4
91 4539 15.4
91 4540 15.4
91 4541 15.4
91 4542 15.4
91 4543 15.4
91 4544 15.4
91 4545 15.4
91 4546 15.4
91 4547 15.4
91 4548 15.4
91 4549 15.4
91 4550 15.4
91 4551 15.4
91 4552 15.4
91 4553 15.4
91 4554 15.4
91 4555 15.4
91 4556 15.4
91 4557 15.4
91 4558 15.4
91 4559 15.4
91 4560 15.4
91 4561 15.4
91 4562 15.4
91 4563 15.4
91 4564 15.4
91 4565 15.4
91 4566 15.4
91 4567 15.4
91 4568 15.4
91 4569 15.4
91 4570 15.4
91 4571 15.4
91 4572 15.4
91 4573 15.4
91 4574 15.4
91 4575 15.4
91 4576 15.4
91 4577 15.4
91 4578 15.4
91 4579 15.4
91 4580 15.4
91 4581 15.4
92 4582 15.4
92 4583 15.4
92 4584 15.3
92 4585 15.3
92 4586 15.3
92 4587 15.3
92 4588 15.3
92 4589 15.3
92 4590 15.3
92 4591 15.3
92 4592 15.3
92 4593 15.3
92 4594 15.3
92 4595 15.3
92 4596 15.3
92 4597 15.3
92 4598 15.3
92 4599 15.3
92 4600 15.3
92 4601 15.2
92 4602 15.2
92 4603 15.2
92 4604 15.2
92 4605 15.2
92 4606 15.2
92 4607 15.2
92 4608 15.2
92 4609 15.2
92 4610 15.2
92 4611 15.2
92 4612 15.2
92 4613 15.2
92 4614 15.2
92 4615 15.2
92 4616 15.2
92 4617 15.2
92 4618 15.2
92 4619 15.2
92 4620 15.2
92 4621 15.2
92 4622 15.2
92 4623 15.2
92 4624 15.2
92 4625 15.2
92 4626 15.2
92 4627 15.2
92 4628 15.2
92 4629 15.2
92 4630 15.2
92 4631 15.2
92 4632 15.2
93 4633 15.2
93 4634 15.2
93 4635 15.2
93 4636 15.2
93 4637 15.2
93 4638 15.2
93 4639 15.2
93 4640 15.2
93 4641 15.2
93 4642 15.2
93 4643 15.2
93 4644 15.2
93 4645 15.2
93 4646 15.2
93 4647 15.2
93 4648 15.2
93 4649 15.2
93 4650 15.2
93 4651 15.2
93 4652 15.2
93 4653 15.2
93 4654 15.2
93 4655 15.2
93 4656 15.2
93 4657 15.2
93 4658 15.2
93 4659 15.2
93 4660 15.2
93 4661 15.2
93 4662 15.2
93 4663 15.2
93 4664 15.2
93 4665 15.2
93 4666 15.2
93 4667 15.2
93 4668 15.2
93 4669 15.2
93 4670 15.2
93 4671 15.2
93 4672 15.2
93 4673 15.2
93 4674 15.2
93 4675 15.2
93 4676 15.2
93 4677 15.2
93 4678 15.2
93 4679 15.2
93 4680 15.2
93 4681 15.2
93 4682 15.2
94 4683 15.2
94 4684 15.2
94 4685 15.2
94 4686 15.2
94 4687 15.2
94 4688 15.2
94 4689 15.2
94 4690 15.2
94 4691 15.2
94 4692 15.2
94 4693 15.2
94 4694 15.2
94 4695 15.2
94 4696 15.2
94 4697 15.2
94 4698 15.2
94 4699 15.2
94 4700 15.2
94 4701 15.2
94 4702 15.2
94 4703 15.2
94 4704 15.2
94 4705 15.2
94 4706 15.2
94 4707 15.2
94 4708 15.2
94 4709 15.2
94 4710 15.2
94 4711 15.2
94 4712 15.2
94 4713 15.2
94 4714 15.2
94 4715 15.2
94 4716 15.2
94 4717 15.2
94 4718 15.2
94 4719 15.2
94 4720 15.2
94 4721 15.2
94 4722 15.2
94 4723 15.2
94 4724 15.2
94 4725 15.2
94 4726 15.2
94 4727 15.2
94 4728 15.2
94 4729 15.2
94 4730 15.2
94 4731 15.2
94 4732 15.2
94 4733 15.2
95 4734 15.2
95 4735 15.2
95 4736 15.2
95 4737 15.2
95 4738 15.2
95 4739 15.2
95 4740 15.2
95 4741 15.2
95 4742 15.2
95 4743 15.2
95 4744 15.2
95 4745 15.2
95 4746 15.2
95 4747 15.2
95 4748 15.2
95 4749 15.2
95 4750 15.2
95 4751 15.2
95 4752 15.2
95 4753 15.2
95 4754 15.2
95 4755 15.2
95 4756 15.2
95 4757 15.2
95 4758 15.2
95 4759 15.2
95 4760 15.2
95 4761 14.8
95 4762 14.8
95 4763 14.8
95 4764 14.8
95 4765 14.8
95 4766 14.8
95 4767 14.8
95 4768 14.8
95 4769 14.8
95 4770 14.8
95 4771 14.8
95 4772 14.8
95 4773 14.8
95 4774 14.8
95 4775 14.8
95 4776 14.8
95 4777 14.8
95 4778 14.8
95 4779 14.8
95 4780 14.8
95 4781 14.8
95 4782 14.8
95 4783 14.8
95 4784 14.7
95 4785 14.7
95 4786 14.6
96 4787 14.6
96 4788 14.6
96 4789 14.6
96 4790 14.6
96 4791 14.6
96 4792 14.6
96 4793 14.6
96 4794 14.6
96 4795 14.6
96 4796 14.6
96 4797 14.5
96 4798 14.4
96 4799 14.4
96 4800 14.4
96 4801 14.4
96 4802 14.4
96 4803 14.4
96 4804 14.4
96 4805 14.4
96 4806 14.4
96 4807 14.4
96 4808 14.4
96 4809 14.4
96 4810 14.4
96 4811 14.4
96 4812 14.4
96 4813 14.4
96 4814 14.4
96 4815 14.4
96 4816 14.4
96 4817 14.4
96 4818 14.4
96 4819 14.4
96 4820 14.4
96 4821 14.4
96 4822 14.4
96 4823 14.4
96 4824 14.4
96 4825 14.4
96 4826 14.4
96 4827 14.4
96 4828 14.4
96 4829 14.4
96 4830 14.4
96 4831 14.4
96 4832 14.4
96 4833 14.4
96 4834 14.4
96 4835 14.4
96 4836 14.4
96 4837 14.4
97 4838 14.4
97 4839 14.4
97 4840 14.4
97 4841 14.4
97 4842 14.4
97 4843 14.4
97 4844 14.4
97 4845 14.4
97 4846 14.4
97 4847 14.4
97 4848 14.4
97 4849 14.4
97 4850 14.4
97 4851 14.4
97 4852 14.4
97 4853 14.4
97 4854 14.4
97 4855 14.4
97 4856 14.4
97 4857 14.4
97 4858 14.4
97 4859 14.4
97 4860 14.4
97 4861 14.4
97 4862 14.4
97 4863 14.4
97 4864 14.4
97 4865 14.4
97 4866 14.4
97 4867 14.4
97 4868 14.4
97 4869 14.4
97 4870 14.4
97 4871 14.4
97 4872 14.4
97 4873 14.4
97 4874 14.4
97 4875 14.4
97 4876 14.4
97 4877 14.4
97 4878 14.4
97 4879 14.4
97 4880 14.4
97 4881 14.4
97 4882 14.4
97 4883 14.4
97 4884 14.4
97 4885 14.4
97 4886 14.4
97 4887 14.4
97 4888 14.4
98 4889 14.4
98 4890 14.4
98 4891 14.4
98 4892 14.4
98 4893 14.4
98 4894 14.4
98 4895 14.4
98 4896 14.4
98 4897 14.4
98 4898 14.4
98 4899 14.4
98 4900 14.4
98 4901 14.4
98 4902 14.4
98 4903 14.4
98 4904 14.4
98 4905 14.4
98 4906 14.4
98 4907 14.4
98 4908 14.4
98 4909 14.4
98 4910 14.4
98 4911 14.4
98 4912 14.4
98 4913 14.4
98 4914 14.4
98 4915 14.4
98 4916 14.4
98 4917 14.4
98 4918 14.4
98 4919 14.4
98 4920 14.4
98 4921 14.4
98 4922 14.4
98 4923 14.4
98 4924 14.4
98 4925 14.4
98 4926 14.4
98 4927 14.4
98 4928 14.4
98 4929 14.4
98 4930 14.4
98 4931 14.4
98 4932 14.4
98 4933 14.4
98 4934 14.4
98 4935 14.4
98 4936 14.4
98 4937 14.4
98 4938 14.4
98 4939 14.4
99 4940 14.4
99 4941 14.4
99 4942 14.4
99 4943 14.4
99 4944 14.4
99 4945 14.4
99 4946 14.4
99 4947 14.4
99 4948 14.4
99 4949 14.4
99 4950 14.4
99 4951 14.4
99 4952 14.4
99 4953 14.4
99 4954 14.4
99 4955 14.4
99 4956 14.4
99 4957 14.4
99 4958 14.4
99 4959 14.4
99 4960 14.4
99 4961 14.4
99 4962 14.4
99 4963 14.4
99 4964 14.4
99 4965 14.4
99 4966 14.4
99 4967 14.4
99 4968 14.4
99 4969 14.4
99 4970 14.4
99 4971 14.4
99 4972 14.4
99 4973 14.4
99 4974 14.4
99 4975 14.4
99 4976 14.4
99 4977 14.4
99 4978 14.4
99 4979 14.4
99 4980 14.4
99 4981 14.4
99 4982 14.4
99 4983 14.4
99 4984 14.4
99 4985 14.4
99 4986 14.4
99 4987 14.4
99 4988 14.4
99 4989 14.4
99 4990 14.4
99 4991 14.4
100 4992 14.4
100 4993 14.4
100 4994 14.4
100 4995 14.4
100 4996 14.4
100 4997 14.4
100 4998 14.4
100 4999 14.4
100 5000 14.4
100 5001 14.4
100 5002 14.4
100 5003 14.4
100 5004 14.4
100 5005 14.4
100 5006 14.4
100 5007 14.4
100 5008 14.4
100 5009 14.4
100 5010 14.4
100 5011 14.4
100 5012 14.4
100 5013 14.4
100 5014 14.4
100 5015 14.4
100 5016 14.4
100 5017 14.4
100 5018 14.4
100 5019 14.4
100 5020 14.4
100 5021 14.4
100 5022 14.4
100 5023 14.4
100 5024 14.4
100 5025 14.4
100 5026 14.4
100 5027 14.4
100 5028 14.4
100 5029 14.4
100 5030 14.4
100 5031 14.4
100 5032 14.4
100 5033 14.4
100 5034 14.4
100 5035 14.4
100 5036 14.4
100 5037 14.4
100 5038 14.4
100 5039 14.4
100 5040 14.4
100 5041 14.4
100 5042 14.4
100 5043 14.4
100 5044 14.4
101 5045 14.4
101 5046 14.4
101 5047 14.4
101 5048 14.4
101 5049 14.4
101 5050 14.4
101 5051 14.4
101 5052 14.4
101 5053 14.4
101 5054 14.4
101 5055 14.4
101 5056 14.4
101 5057 14.4
101 5058 14.4
101 5059 14.4
101 5060 14.4
101 5061 14.4
101 5062 14.4
101 5063 14.4
101 5064 14.4
101 5065 14.4
101 5066 14.4
101 5067 14.4
101 5068 14.4
101 5069 14.4
101 5070 14.4
101 5071 14.4
101 5072 14.4
101 5073 14.4
101 5074 14.4
101 5075 14.4
101 5076 14.4
101 5077 14.4
101 5078 14.4
101 5079 14.4
101 5080 14.4
101 5081 14.4
101 5082 14.4
101 5083 14.4
101 5084 14.4
101 5085 14.4
101 5086 14.4
101 5087 14.4
101 5088 14.4
101 5089 14.4
101 5090 14.4
101 5091 14.4
101 5092 14.4
101 5093 14.4
101 5094 14.4
101 5095 14.4
101 5096 14.4
102 5097 14.4
102 5098 14.4
102 5099 14.4
102 5100 14.4
102 5101 14.4
102 5102 14.4
102 5103 14.4
102 5104 14.4
102 5105 14.4
102 5106 14.4
102 5107 14.4
102 5108 14.4
102 5109 14.4
102 5110 14.4
102 5111 14.4
102 5112 14.4
102 5113 14.4
102 5114 14.4
102 5115 14.4
102 5116 14.4
102 5117 14.4
102 5118 14.4
102 5119 14.4
102 5120 14.4
102 5121 14.4
102 5122 14.4
102 5123 14.4
102 5124 14.4
102 5125 14.4
102 5126 14.4
102 5127 14.4
102 5128 14.4
102 5129 14.4
102 5130 14.4
102 5131 14.4
102 5132 14.4
102 5133 14.4
102 5134 14.4
102 5135 14.4
102 5136 14.4
102 5137 14.4
102 5138 14.4
102 5139 14.4
102 5140 14.4
102 5141 14.4
102 5142 14.4
102 5143 14.4
102 5144 14.4
102 5145 14.4
102 5146 14.4
102 5147 14.4
102 5148 14.4
102 5149 14.4
102 5150 14.4
103 5151 14.4
103 5152 14.4
103 5153 14.4
103 5154 14.4
103 5155 14.4
103 5156 14.4
103 5157 14.4
103 5158 14.4
103 5159 14.4
103 5160 14.4
103 5161 14.4
103 5162 14.4
103 5163 14.4
103 5164 14.4
103 5165 14.4
103 5166 14.4
103 5167 14.4
103 5168 14.4
103 5169 14.4
103 5170 14.4
103 5171 14.4
103 5172 14.4
103 5173 14.4
103 5174 14.4
103 5175 14.4
103 5176 14.4
103 5177 14.4
103 5178 14.4
103 5179 14.4
103 5180 14.4
103 5181 14.4
103 5182 14.4
103 5183 14.4
103 5184 14.4
103 5185 14.4
103 5186 14.4
103 5187 14.4
103 5188 14.4
103 5189 14.4
103 5190 14.4
103 5191 14.4
103 5192 14.4
103 5193 14.4
103 5194 14.4
103 5195 14.4
103 5196 14.4
103 5197 14.4
103 5198 14.4
103 5199 14.4
103 5200 14.4
103 5201 14.4
103 5202 14.4
104 5203 14.4
104 5204 14.4
104 5205 14.4
104 5206 14.4
104 5207 14.4
104 5208 14.4
104 5209 14.4
104 5210 14.4
104 5211 14.4
104 5212 14.4
104 5213 14.4
104 5214 14.4
104 5215 14.4
104 5216 14.4
104 5217 14.4
104 5218 14.4
104 5219 14.4
104 5220 14.4
104 5221 14.4
104 5222 14.4
104 5223 14.4
104 5224 14.4
104 5225 14.4
104 5226 14.4
104 5227 14.4
104 5228 14.4
104 5229 14.4
104 5230 14.4
104 5231 14.4
104 5232 14.4
104 5233 14.4
104 5234 14.4
104 5235 14.4
104 5236 14.4
104 5237 14.4
104 5238 14.4
104 5239 14.4
104 5240 14.4
104 5241 14.4
104 5242 14.4
104 5243 14.4
104 5244 14.4
104 5245 14.4
104 5246 14.4
104 5247 14.4
104 5248 14.4
104 5249 14.4
104 5250 14.4
104 5251 14.4
104 5252 14.4
104 5253 14.4
104 5254 14.4
105 5255 14.4
105 5256 14.4
105 5257 14.4
105 5258 14.4
105 5259 14.4
105 5260 14.4
105 5261 14.4
105 5262 14.4
105 5263 14.4
105 5264 14.4
105 5265 14.4
105 5266 14.4
105 5267 14.4
105 5268 14.4
105 5269 14.4
105 5270 14.4
105 5271 14.4
105 5272 14.4
105 5273 14.4
105 5274 14.4
105 5275 14.4
105 5276 14.4
105 5277 14.4
105 5278 14.4
105 5279 14.4
105 5280 14.4
105 5281 14.4
105 5282 14.4
105 5283 14.4
105 5284 14.4
105 5285 14.4
105 5286 14.4
105 5287 14.4
105 5288 14.4
105 5289 14.4
105 5290 14.4
105 5291 14.4
105 5292 14.4
105 5293 14.4
105 5294 14.4
105 5295 14.4
105 5296 14.4
105 5297 14.4
105 5298 14.4
105 5299 14.4
105 5300 14.4
105 5301 14.4
105 5302 14.4
105 5303 14.4
105 5304 14.4
105 5305 14.4
105 5306 14.4
105 5307 14.4
106 5308 14.4
106 5309 14.4
106 5310 14.4
106 5311 14.4
106 5312 14.4
106 5313 14.4
106 5314 14.4
106 5315 14.4
106 5316 14.4
106 5317 14.4
106 5318 14.4
106 5319 14.4
106 5320 14.4
106 5321 14.4
106 5322 14.4
106 5323 14.4
106 5324 14.4
106 5325 14.4
106 5326 14.4
106 5327 14.4
106 5328 14.4
106 5329 14.4
106 5330 14.4
106 5331 14.4
106 5332 14.4
106 5333 14.4
106 5334 14.4
106 5335 14.4
106 5336 14.4
106 5337 14.4
106 5338 14.4
106 5339 14.4
106 5340 14.4
106 5341 14.4
106 5342 14.4
106 5343 14.4
106 5344 14.4
106 5345 14.4
106 5346 14.4
106 5347 14.4
106 5348 14.4
106 5349 14.4
106 5350 14.4
106 5351 14.4
106 5352 14.4
106 5353 14.4
106 5354 14.4
106 5355 14.4
106 5356 14.4
106 5357 14.4
106 5358 14.4
106 5359 14.4
107 5360 14.4
107 5361 14.4
107 5362 14.4
107 5363 14.4
107 5364 14.4
107 5365 14.4
107 5366 14.4
107 5367 14.4
107 5368 14.4
107 5369 14.4
107 5370 14.4
107 5371 14.4
107 5372 14.4
107 5373 14.4
107 5374 14.4
107 5375 14.4
107 5376 14.4
107 5377 14.4
107 5378 14.4
107 5379 14.4
107 5380 14.4
107 5381 14.4
107 5382 14.4
107 5383 14.4
107 5384 14.4
107 5385 14.4
107 5386 14.4
107 5387 14.4
107 5388 14.4
107 5389 14.4
107 5390 14.4
107 5391 14.4
107 5392 14.4
107 5393 14.4
107 5394 14.4
107 5395 14.4
107 5396 14.4
107 5397 14.4
107 5398 14.4
107 5399 14.4
107 5400 14.4
107 5401 14.4
107 5402 14.4
107 5403 14.4
107 5404 14.4
107 5405 14.4
107 5406 14.4
107 5407 14.4
107 5408 14.4
107 5409 14.4
107 5410 14.4
107 5411 14.4
107 5412 14.4
108 5413 14.4
108 5414 14.4
108 5415 14.4
108 5416 14.4
108 5417 14.4
108 5418 14.4
108 5419 14.4
108 5420 14.4
108 5421 14.4
108 5422 14.4
108 5423 14.4
108 5424 14.4
108 5425 14.4
108 5426 14.4
108 5427 14.4
108 5428 14.4
108 5429 14.4
108 5430 14.4
108 5431 14.4
108 5432 14.4
108 5433 14.4
108 5434 14.4
108 5435 14.4
108 5436 14.4
108 5437 14.4
108 5438 14.4
108 5439 14.4
108 5440 14.4
108 5441 14.4
108 5442 14.4
108 5443 14.4
108 5444 14.4
108 5445 14.4
108 5446 14.4
108 5447 14.4
108 5448 14.4
108 5449 14.4
108 5450 14.4
108 5451 14.4
108 5452 14.4
108 5453 14.4
108 5454 14.4
108 5455 14.4
108 5456 14.4
108 5457 14.4
108 5458 14.4
108 5459 14.4
108 5460 14.4
108 5461 14.4
108 5462 14.4
109 5463 14.4
109 5464 14.4
109 5465 14.4
109 5466 14.4
109 5467 14.4
109 5468 14.4
109 5469 14.4
109 5470 14.4
109 5471 14.4
109 5472 14.4
109 5473 14.4
109 5474 14.4
109 5475 14.4
109 5476 14.4
109 5477 14.4
109 5478 14.4
109 5479 14.4
109 5480 14.4
109 5481 14.4
109 5482 14.4
109 5483 14.4
109 5484 14.4
109 5485 14.4
109 5486 14.4
109 5487 14.4
109 5488 14.4
109 5489 14.4
109 5490 14.4
109 5491 14.4
109 5492 14.4
109 5493 14.4
109 5494 14.4
109 5495 14.4
109 5496 14.4
109 5497 14.4
109 5498 14.4
109 5499 14.4
109 5500 14.4
109 5501 14.4
109 5502 14.4
109 5503 14.4
109 5504 14.4
109 5505 14.4
109 5506 14.4
109 5507 14.4
109 5508 14.4
109 5509 14.4
109 5510 14.4
109 5511 14.4
109 5512 14.4
109 5513 14.4
109 5514 14.4
110 5515 14.4
110 5516 14.4
110 5517 14.4
110 5518 14.4
110 5519 14.4
110 5520 14.4
110 5521 14.4
110 5522 14.4
110 5523 14.4
110 5524 14.4
110 5525 14.4
110 5526 14.4
110 5527 14.4
110 5528 14.4
110 5529 14.4
110 5530 14.4
110 5531 14.4
110 5532 14.4
110 5533 14.4
110 5534 14.4
110 5535 14.4
110 5536 14.4
110 5537 14.4
110 5538 14.4
110 5539 14.4
110 5540 14.4
110 5541 14.4
110 5542 14.4
110 5543 14.4
110 5544 14.4
110 5545 14.4
110 5546 14.4
110 5547 14.4
110 5548 14.4
110 5549 14.4
110 5550 14.4
110 5551 14.4
110 5552 14.4
110 5553 14.4
110 5554 14.4
110 5555 14.4
110 5556 14.4
110 5557 14.4
110 5558 14.4
110 5559 14.4
110 5560 14.4
110 5561 14.4
110 5562 14.4
110 5563 14.4
110 5564 14.4
110 5565 14.4
110 5566 14.4
110 5567 14.4
110 5568 14.4
111 5569 14.4
111 5570 14.4
111 5571 14.4
111 5572 14.4
111 5573 14.4
111 5574 14.4
111 5575 14.4
111 5576 14.4
111 5577 14.4
111 5578 14.4
111 5579 14.4
111 5580 14.4
111 5581 14.4
111 5582 14.4
111 5583 14.4
111 5584 14.4
111 5585 14.4
111 5586 14.4
111 5587 14.4
111 5588 14.4
111 5589 14.4
111 5590 14.4
111 5591 14.4
111 5592 14.4
111 5593 14.4
111 5594 14.4
111 5595 14.4
111 5596 14.4
111 5597 14.4
111 5598 14.4
111 5599 14.4
111 5600 14.4
111 5601 14.4
111 5602 14.4
111 5603 14.4
111 5604 14.4
111 5605 14.4
111 5606 14.4
111 5607 14.4
111 5608 14.4
111 5609 14.4
111 5610 14.4
111 5611 14.4
111 5612 14.4
111 5613 14.4
111 5614 14.4
111 5615 14.4
111 5616 14.4
111 5617 14.4
111 5618 14.4
111 5619 14.4
111 5620 14.4
112 5621 14.4
112 5622 14.4
112 5623 14.4
112 5624 14.4
112 5625 14.4
112 5626 14.4
112 5627 14.4
112 5628 14.4
112 5629 14.4
112 5630 14.4
112 5631 14.4
112 5632 14.4
112 5633 14.4
112 5634 14.4
112 5635 14.4
112 5636 14.4
112 5637 14.4
112 5638 14.4
112 5639 14.4
112 5640 14.4
112 5641 14.4
112 5642 14.4
112 5643 14.4
112 5644 14.4
112 5645 14.4
112 5646 14.4
112 5647 14.4
112 5648 14.4
112 5649 14.4
112 5650 14.4
112 5651 14.4
112 5652 14.4
112 5653 14.4
112 5654 14.4
112 5655 14.4
112 5656 14.4
112 5657 14.4
112 5658 14.4
112 5659 14.4
112 5660 14.4
112 5661 14.4
112 5662 14.4
112 5663 14.4
112 5664 14.4
112 5665 14.4
112 5666 14.4
112 5667 14.4
112 5668 14.4
112 5669 14.4
112 5670 14.4
112 5671 14.4
112 5672 14.4
112 5673 14.4
112 5674 14.4
113 5675 14.4
113 5676 14.4
113 5677 14.4
113 5678 14.4
113 5679 14.4
113 5680 14.4
113 5681 14.4
113 5682 14.4
113 5683 14.4
113 5684 14.4
113 5685 14.4
113 5686 14.4
113 5687 14.4
113 5688 14.4
113 5689 14.4
113 5690 14.4
113 5691 14.4
113 5692 14.4
113 5693 14.4
113 5694 14.4
113 5695 14.4
113 5696 14.4
113 5697 14.4
113 5698 14.4
113 5699 14.4
113 5700 14.4
113 5701 14.4
113 5702 14.4
113 5703 14.4
113 5704 14.4
113 5705 14.4
113 5706 14.4
113 5707 14.4
113 5708 14.4
113 5709 14.4
113 5710 14.4
113 5711 14.4
113 5712 14.4
113 5713 14.4
113 5714 14.4
113 5715 14.4
113 5716 14.4
113 5717 14.4
113 5718 14.4
113 5719 14.4
113 5720 14.4
113 5721 14.4
113 5722 14.4
113 5723 14.4
113 5724 14.4
113 5725 14.4
113 5726 14.4
114 5727 14.4
114 5728 14.4
114 5729 14.4
114 5730 14.4
114 5731 14.4
114 5732 14.4
114 5733 14.4
114 5734 14.4
114 5735 14.4
114 5736 14.4
114 5737 14.4
114 5738 14.4
114 5739 14.4
114 5740 14.4
114 5741 14.4
114 5742 14.4
114 5743 14.4
114 5744 14.4
114 5745 14.4
114 5746 14.4
114 5747 14.4
114 5748 14.4
114 5749 14.4
114 5750 14.4
114 5751 14.4
114 5752 14.4
114 5753 14.4
114 5754 14.4
114 5755 14.4
114 5756 14.4
114 5757 14.4
114 5758 14.4
114 5759 14.4
114 5760 14.4
114 5761 14.4
114 5762 14.4
114 5763 14.4
114 5764 14.4
114 5765 14.4
114 5766 14.4
114 5767 14.4
114 5768 14.4
114 5769 14.4
114 5770 14.4
114 5771 14.4
114 5772 14.4
114 5773 14.4
114 5774 14.4
114 5775 14.4
114 5776 14.4
114 5777 14.4
114 5778 14.4
115 5779 14.4
115 5780 14.4
115 5781 14.4
115 5782 14.4
115 5783 14.4
115 5784 14.4
115 5785 14.4
115 5786 14.4
115 5787 14.4
115 5788 14.4
115 5789 14.4
115 5790 14.4
115 5791 14.4
115 5792 14.4
115 5793 14.4
115 5794 14.4
115 5795 14.4
115 5796 14.4
115 5797 14.4
115 5798 14.4
115 5799 14.4
115 5800 14.4
115 5801 14.4
115 5802 14.4
115 5803 14.4
115 5804 14.4
115 5805 14.4
115 5806 14.4
115 5807 14.4
115 5808 14.4
115 5809 14.4
115 5810 14.4
115 5811 14.4
115 5812 14.4
115 5813 14.4
115 5814 14.4
115 5815 14.4
115 5816 14.4
115 5817 14.4
115 5818 14.4
115 5819 14.4
115 5820 14.4
115 5821 14.4
115 5822 14.4
116 5823 14.4
116 5824 14.4
116 5825 14.4
116 5826 14.4
116 5827 14.4
116 5828 14.4
116 5829 14.4
116 5830 14.4
116 5831 14.4
116 5832 14.4
116 5833 14.4
116 5834 14.4
116 5835 14.4
116 5836 14.4
116 5837 14.4
116 5838 14.4
116 5839 14.4
116 5840 14.4
116 5841 14.4
116 5842 14.4
116 5843 14.4
116 5844 14.4
116 5845 14.4
116 5846 14.4
116 5847 14.4
116 5848 14.4
116 5849 14.4
116 5850 14.4
116 5851 14.4
116 5852 14.4
116 5853 14.4
116 5854 14.4
116 5855 14.4
116 5856 14.4
116 5857 14.4
116 5858 14.4
116 5859 14.4
116 5860 14.4
116 5861 14.4
116 5862 14.4
116 5863 14.4
116 5864 14.4
116 5865 14.4
116 5866 14.4
116 5867 14.4
116 5868 14.4
117 5869 14.4
117 5870 14.4
117 5871 14.4
117 5872 14.4
117 5873 14.4
117 5874 14.4
117 5875 14.4
117 5876 14.4
117 5877 14.4
117 5878 14.4
117 5879 14.4
117 5880 14.4
117 5881 14.4
117 5882 14.4
117 5883 14.4
117 5884 14.4
117 5885 14.4
117 5886 14.4
117 5887 14.4
117 5888 14.4
117 5889 14.4
117 5890 14.4
117 5891 14.4
117 5892 14.4
117 5893 14.4
117 5894 14.4
117 5895 14.4
117 5896 14.4
117 5897 14.4
117 5898 14.4
117 5899 14.4
117 5900 14.4
117 5901 14.4
117 5902 14.4
117 5903 14.4
117 5904 14.4
117 5905 14.4
117 5906 14.4
117 5907 14.4
117 5908 14.4
117 5909 14.4
117 5910 14.4
117 5911 14.4
117 5912 14.4
117 5913 14.4
118 5914 14.4
118 5915 14.4
118 5916 14.4
118 5917 14.4
118 5918 14.4
118 5919 14.4
118 5920 14.4
118 5921 14.4
118 5922 14.4
118 5923 14.4
118 5924 14.4
118 5925 14.4
118 5926 14.4
118 5927 14.4
118 5928 14.4
118 5929 14.4
118 5930 14.4
118 5931 14.4
118 5932 14.4
118 5933 14.4
118 5934 14.4
118 5935 14.4
118 5936 14.4
118 5937 14.4
118 5938 14.4
118 5939 14.4
118 5940 14.4
118 5941 14.4
118 5942 14.4
118 5943 14.4
118 5944 14.4
118 5945 14.4
118 5946 14.4
118 5947 14.4
118 5948 14.4
118 5949 14.4
118 5950 14.4
118 5951 14.4
118 5952 14.4
118 5953 14.4
118 5954 14.4
118 5955 14.4
118 5956 14.4
118 5957 14.4
118 5958 14.4
118 5959 14.4
118 5960 14.4
118 5961 14.4
118 5962 14.4
118 5963 14.4
119 5964 14.4
119 5965 14.4
119 5966 14.4
119 5967 14.4
119 5968 14.4
119 5969 14.4
119 5970 14.4
119 5971 14.4
119 5972 14.4
119 5973 14.4
119 5974 14.4
119 5975 14.4
119 5976 14.4
119 5977 14.4
119 5978 14.4
119 5979 14.4
119 5980 14.4
119 5981 14.4
119 5982 14.4
119 5983 14.4
119 5984 14.4
119 5985 14.4
119 5986 14.4
119 5987 14.4
119 5988 14.4
119 5989 14.4
119 5990 14.4
119 5991 14.4
119 5992 14.4
119 5993 14.4
119 5994 14.4
119 5995 14.4
119 5996 14.4
119 5997 14.4
119 5998 14.4
119 5999 14.4
119 6000 14.4
119 6001 14.4
119 6002 14.4
119 6003 14.4
119 6004 14.4
119 6005 14.4
119 6006 14.4
119 6007 14.4
119 6008 14.4
119 6009 14.4
119 6010 14.4
119 6011 14.4
119 6012 14.4
119 6013 14.4
120 6014 14.4
120 6015 14.4
120 6016 14.4
120 6017 14.4
120 6018 14.4
120 6019 14.4
120 6020 14.4
120 6021 14.4
120 6022 14.4
120 6023 14.4
120 6024 14.4
120 6025 14.4
120 6026 14.4
120 6027 14.4
120 6028 14.4
120 6029 14.4
120 6030 14.4
120 6031 14.4
120 6032 14.4
120 6033 14.4
120 6034 14.4
120 6035 14.4
120 6036 14.4
120 6037 14.4
120 6038 14.4
120 6039 14.4
120 6040 14.4
120 6041 14.4
120 6042 14.4
120 6043 14.4
120 6044 14.4
120 6045 14.4
120 6046 14.4
120 6047 14.4
120 6048 14.4
120 6049 14.4
120 6050 14.4
120 6051 14.4
120 6052 14.4
120 6053 14.4
120 6054 14.4
120 6055 14.4
120 6056 14.4
120 6057 14.4
120 6058 14.4
120 6059 14.4
120 6060 14.4
120 6061 14.4
120 6062 14.4
120 6063 14.4
120 6064 14.4
120 6065 14.4
120 6066 14.4
121 6067 14.4
